20150620163646 8.762179 -18.685547 15.849017 -0.9691377 1.0830641 -0.2874121 1002.74 
20150620163646 4.501099 -18.092384 16.579847 -1.5619824 -0.15057829 0.6609562 1002.74 
20150620163646 -0.0053869537 -5.561132 9.150639 -0.74220127 -1.6798794 0.89552844 1002.74 
20150620163646 -1.5747862 -3.9857473 0.11133038 0.44409904 -0.95356065 0.027794369 1002.69 
20150620163646 -5.2079873 -10.748769 -2.5779567 0.54244834 0.77549344 -0.86742866 1002.69 
20150620163646 -3.8385038 -19.608511 -9.406818 -0.014966198 1.5891659 -0.8353582 1002.69 
20150620163646 -1.7106571 -17.782335 1.2425907 -1.5076154 0.09132435 0.17898351 1002.69 
20150620163646 1.039682 -5.7975593 -4.295198 -2.8386908 -1.1606439 2.2971587 1002.69 
20150620163646 2.7509377 -6.7947445 -1.7914615 -1.8295414 -1.6951511 2.141999 1002.69 
20150620163646 4.8147397 -8.699332 -2.814384 -0.59589905 -2.4678955 -0.93859446 1002.69 
20150620163646 4.9039235 -7.872135 -3.976769 -1.3390167 -1.4999796 -0.64568454 1002.69 
20150620163646 -0.47105917 -9.504981 0.19273324 -1.9908098 -2.4248295 1.5274686 1002.69 
20150620163646 0.50637364 -10.455479 1.1312603 -2.5045476 -3.1111367 2.196977 1002.5 
20150620163646 6.1902084 -7.438186 -1.0534488 -2.384207 -3.4959817 1.7537941 1002.5 
20150620163646 4.8428717 -6.671443 -1.2665327 -1.536937 -2.769663 0.8597928 1002.5 
20150620163646 1.7004818 -6.8773446 -0.14844051 -1.3069462 -1.5515977 0.39706242 1002.5 
20150620163646 1.4939818 -8.4347725 1.3503298 -1.6218473 -1.6615535 0.7128797 1002.5 
20150620163646 3.3943794 -10.329185 4.968567 -1.3347405 -1.9083431 1.2092078 1002.5 
20150620163646 6.306926 -10.295666 1.2791022 -1.1246029 -1.8664987 1.02717 1002.5 
20150620163646 5.7466826 -8.13849 -0.7032967 -0.68630713 -1.8145752 0.5143485 1002.5 
20150620163646 1.2401965 -10.067019 2.4223335 -0.3304781 -1.8515326 0.39706242 1002.5 
20150620163646 4.1240125 -12.023681 7.0006456 -0.71929383 -1.7098118 0.35369098 1002.47 
20150620163646 9.221268 -12.834118 3.2345665 -0.90377516 -1.674687 0.6392705 1002.47 
20150620163646 8.269572 -11.453861 1.5280992 -0.42913285 -1.1560625 0.8927795 1002.47 
20150620163646 6.554127 -10.742783 2.4019828 0.1966986 -0.5580254 0.7761043 1002.47 
20150620163646 4.831499 -10.5841675 1.5819688 0.35430184 -0.16157386 0.39736784 1002.47 
20150620163646 5.7646394 -15.1696615 3.7116113 0.6536258 -0.44715336 0.028405234 1002.47 
20150620163646 8.304887 -18.129494 -3.8402996 1.2614367 -0.077579886 -0.29749137 1002.47 
20150620163646 -0.6015432 -19.10154 -8.081029 1.9049833 0.48258355 -0.76083267 1002.47 
20150620163646 -5.74369 -19.608511 -5.8639984 2.2739458 2.0949624 -1.6432275 1002.47 
20150620163646 -5.799355 -19.41578 -1.4341269 1.1887437 3.860363 -1.738828 1002.52 
20150620163646 -4.7494974 -15.632341 -0.29388827 1.5283848 4.554306 -0.3118467 1002.52 
20150620163646 -1.6998832 -10.498574 -0.83258367 2.977968 3.614795 -0.9297369 1002.52 
20150620163646 -1.2186487 -8.330027 0.05267244 3.4477234 3.0024028 -1.6371188 1002.52 
20150620163646 1.3545196 -5.7628436 -1.1480197 3.5081992 2.4694228 -0.915687 1002.52 
20150620163646 -1.1366472 -3.1501708 0.13587095 3.0586023 1.5097535 -0.22296582 1002.52 
20150620163646 3.020884 -0.9247604 -0.84575176 2.801428 0.49754974 -0.07941248 1002.52 
20150620163647 3.2363622 -0.705691 -1.6370354 2.8588493 0.49663344 0.49327368 1002.52 
20150620163647 1.2366052 -1.508347 -0.09636662 2.8365529 0.47036624 0.41080686 1002.52 
20150620163647 0.99179804 -1.3293805 0.76554596 2.454762 0.97127575 -0.226631 1002.62 
20150620163647 -2.1386206 -0.545878 -0.7248446 2.0546453 1.5357152 -0.86193085 1002.62 
20150620163647 -4.080917 -3.799598 -0.47644615 1.3771957 1.6771306 -1.3381003 1002.62 
20150620163647 -0.24480712 -8.690353 -1.371279 -0.172264 1.8777997 -1.1575897 1002.62 
20150620163647 1.477821 -13.910312 7.8452005 -1.2760975 1.9614882 -0.71776664 1002.62 
20150620163647 8.425795 -19.608511 19.608511 -2.6514606 0.8341365 -0.22968534 1002.62 
20150620163647 2.48578 -16.305113 12.615048 -2.4248295 -1.5909985 0.33078352 1002.62 
20150620163647 -1.4389153 -1.9578584 8.201338 -0.08246681 -2.7119362 0.014966198 1002.62 
20150620163647 -8.182184 -12.603078 -2.8119898 0.98807454 -0.37018433 -1.5192219 1002.62 
20150620163647 -3.1986535 -19.608511 -16.444574 0.8668178 1.0424415 -1.7571539 1002.68 
20150620163647 -1.70946 -12.1128645 2.5007436 -0.7742717 0.8188649 -0.31948254 1002.68 
20150620163647 2.8173769 -0.19692309 -5.4324436 -2.565634 -0.4792238 2.5631905 1002.68 
20150620163647 4.832696 -2.2403743 -4.951209 -0.8026769 -0.52870387 1.3335189 1002.68 
20150620163647 4.9853263 -6.0064535 -1.9913772 0.08032878 -1.96271 -1.4089607 1002.68 
20150620163647 7.067683 -8.598177 -3.4404678 -0.6102544 -0.711658 -1.183246 1002.68 
20150620163647 2.3666685 -13.167511 1.364695 -1.8429805 -2.77455 1.2932017 1002.68 
20150620163647 -1.946486 -13.615825 0.10115502 -2.758362 -3.655723 2.8139508 1002.68 
20150620163647 2.724003 -5.2247467 -0.86610246 -2.6096163 -3.5298848 1.5757269 1002.68 
20150620163647 3.6122518 -4.405331 -1.3317747 -1.5635096 -2.3930645 0.45265114 1002.46 
20150620163647 -0.58418524 -5.695207 -0.60693014 -1.1640037 -0.8921687 0.31031954 1002.46 
20150620163647 -0.23942018 -8.723274 0.61411273 -1.7009543 -1.176221 0.46273044 1002.46 
20150620163647 2.7329812 -11.467628 2.9281087 -1.9636264 -1.4746287 1.2098186 1002.46 
20150620163647 5.627571 -10.010756 3.0921116 -1.357648 -1.3051136 1.2296717 1002.46 
20150620163647 6.2345014 -9.044097 0.4997896 -0.9605856 -0.9410379 0.52534413 1002.46 
20150620163647 1.4640543 -10.938509 2.0967221 -0.8332202 -1.2544118 0.47158796 1002.46 
20150620163647 4.417302 -12.211626 5.9837084 -0.80481493 -1.7357736 0.43860126 1002.46 
20150620163647 7.2987237 -11.617864 1.7250223 -0.71837753 -1.6255124 0.5702427 1002.46 
20150620163647 6.8121023 -12.326548 1.644218 -0.21685717 -0.8717047 0.7644979 1002.59 
20150620163647 6.3524156 -11.98298 2.6426 0.0729984 -0.048563786 0.593761 1002.59 
20150620163647 6.959346 -14.742297 2.8993783 0.26206118 -0.3811799 0.34238997 1002.59 
20150620163647 8.602965 -18.136677 -0.50278234 0.7675522 -0.65179324 -0.025961773 1002.59 
20150620163647 3.7606924 -16.154877 -5.490503 1.7192802 -0.37751472 -0.57787853 1002.59 
20150620163647 -10.00477 -18.066048 -5.9920883 2.4898868 1.0323622 -1.4715744 1002.59 
20150620163647 -7.539341 -18.23424 -2.0901382 1.8707749 2.9843822 -1.9419407 1002.59 
20150620163647 -4.0378213 -18.380287 -1.0528502 1.3738359 4.0005565 -0.8445212 1002.59 
20150620163647 -0.58897364 -13.43626 0.40102878 2.4373524 4.1990876 0.09468412 1002.59 
20150620163647 1.6837224 -9.613318 -0.29628247 3.484681 3.1719177 -0.94989544 1002.44 
20150620163647 1.110311 -7.8853035 -0.8643068 3.624569 1.6701056 -1.3793337 1002.44 
20150620163647 -1.6867151 -6.4643445 -1.5831659 3.546989 0.95539325 -1.1209377 1002.44 
20150620163647 1.4161704 -2.0003555 0.075417355 3.145956 0.50426924 -0.77549344 1002.44 
20150620163647 2.60968 -1.2904748 -0.362123 2.7146852 0.2950479 -0.55833083 1002.44 
20150620163647 1.1180922 -0.8475474 -1.1091139 2.2855523 0.5170974 -0.18509217 1002.44 
20150620163647 -0.17717093 -0.5057751 0.27832595 1.8738291 0.64751714 -0.5552765 1002.44 
20150620163647 -0.7966706 0.12988544 0.7835025 1.6206255 1.3826935 -0.9288206 1002.44 
20150620163647 -2.4378958 -0.31483752 0.581791 1.3332134 1.6355917 -1.1643091 1002.44 
20150620163647 -1.5664065 -5.1277814 2.0141222 0.64751714 1.4871514 -1.244638 1002.54 
20150620163647 0.56323594 -13.252505 4.220978 -0.40591997 1.6560557 -0.8744536 1002.54 
20150620163647 8.942942 -19.525911 14.185046 -1.3814718 1.4627168 -0.36193767 1002.54 
20150620163648 3.9683893 -19.394232 14.442423 -1.9199494 0.6533204 0.54825157 1002.54 
20150620163648 -1.8064252 -6.615179 10.0748005 -1.6936239 -0.6835582 0.8002335 1002.54 
20150620163648 -7.423821 -0.7715315 -4.07553 0.4456262 -1.010982 -0.43279803 1002.54 
20150620163648 -7.7626004 -16.698957 3.3865983 1.1081096 0.398895 -1.5109752 1002.54 
20150620163648 0.350152 -19.608511 -14.46876 0.014660766 1.0503827 -1.2953397 1002.54 
20150620163648 2.569577 -10.180145 3.7948096 -1.6166549 -0.13775012 0.75533485 1002.54 
20150620163648 4.4633904 -1.8046296 -5.240309 -3.0042353 -0.18600847 3.1768048 1002.53 
20150620163648 3.0759506 1.3934253 -2.131438 0.22602014 -1.0180069 -0.2846632 1002.53 
20150620163648 2.5234885 -3.1004913 -3.321955 -0.15088372 -1.3344351 -2.4346035 1002.53 
20150620163648 -0.17058687 -10.505757 -2.3732524 -1.1722504 -1.5045611 0.09285152 1002.53 
20150620163648 -2.2619221 -18.218079 2.3427265 -2.0980167 -2.869845 2.316401 1002.53 
20150620163648 2.7036524 -12.393585 -3.0346506 -3.0833423 -3.225674 2.7302623 1002.53 
20150620163648 7.4268136 -4.459201 -1.4802152 -2.1297817 -3.2818735 1.6013832 1002.53 
20150620163648 4.1784806 -4.924873 -1.5676036 -0.8732319 -2.291661 0.6224717 1002.53 
20150620163648 -0.3226187 -6.315904 -0.026934769 -1.344209 -1.7712038 0.09193522 1002.53 
20150620163648 -1.1510124 -9.118916 2.5264814 -1.7760907 -1.7540996 0.6637051 1002.52 
20150620163648 2.0626047 -10.676943 3.5817258 -1.8298469 -1.7455474 1.1710287 1002.52 
20150620163648 5.3528366 -9.136273 0.7990648 -1.4563028 -1.3316863 0.9822713 1002.52 
20150620163648 4.929063 -8.573636 0.13467385 -0.6609562 -0.8240572 0.3726278 1002.52 
20150620163648 1.8219875 -11.177929 1.8387469 -0.57726765 -1.2733486 0.4654793 1002.52 
20150620163648 3.0370448 -12.03625 6.4302273 -0.70371675 -2.07572 0.514654 1002.52 
20150620163648 7.6069775 -12.154763 2.72939 -0.9166033 -1.7815884 0.677755 1002.52 
20150620163648 9.167398 -12.100295 0.30047232 -0.52778757 -1.205848 0.9624182 1002.52 
20150620163648 7.1945763 -12.492945 2.3391352 -0.015882496 -0.6441574 0.88086766 1002.52 
20150620163648 5.355231 -11.625645 2.2266076 0.0720821 -0.2012801 0.4783075 1002.6 
20150620163648 5.934029 -13.747506 2.4271219 0.24037547 -0.44043383 0.08979719 1002.6 
20150620163648 6.675633 -17.976864 0.29987377 0.90041536 -0.21563543 -0.118202426 1002.6 
20150620163648 1.2940661 -17.671602 -4.8895583 1.8176296 0.05589417 -0.6542367 1002.6 
20150620163648 -7.965509 -17.876905 -6.241085 2.32984 1.2999213 -1.5693128 1002.6 
20150620163648 -3.4123359 -17.429789 -2.6210523 1.7418822 2.9071076 -1.6398678 1002.6 
20150620163648 -0.997185 -18.947712 -1.3335704 1.3921618 4.050953 -0.3643811 1002.6 
20150620163648 -0.8158242 -12.051214 0.635062 2.3726006 4.477337 -0.0033597588 1002.6 
20150620163648 0.09636662 -8.157643 0.19931729 3.821573 3.4159584 -1.119716 1002.6 
20150620163648 0.6440403 -6.6175733 -0.8750807 3.7140608 2.320677 -1.1911873 1002.46 
20150620163648 -2.743755 -4.944625 -0.770933 3.2507193 1.425454 -0.80909103 1002.46 
20150620163648 2.0913353 -1.6124948 0.2633622 2.892447 0.97005403 -0.43249258 1002.46 
20150620163648 3.3494883 -1.6292542 -1.3670892 2.5677722 0.7483099 -0.2742785 1002.46 
20150620163648 1.2551602 -2.0913353 -1.216853 2.4538457 0.8735373 -0.015577064 1002.46 
20150620163648 0.29568392 -1.5897499 -0.0712275 2.1203132 1.029308 -0.4981606 1002.46 
20150620163648 -1.198298 -0.7140707 -0.3597288 1.8011361 1.7556267 -0.96974856 1002.46 
20150620163648 -3.2315738 -1.417966 -0.38965634 1.5601498 1.8445076 -1.3411547 1002.46 
20150620163648 -2.6090813 -7.311892 0.545878 0.7819075 1.6545285 -1.3927728 1002.46 
20150620163648 -0.6655881 -11.386824 2.492364 -0.39003745 1.6352862 -1.0873401 1002.54 
20150620163648 5.9543796 -19.206884 15.788563 -1.598329 1.1175779 -0.48624873 1002.54 
20150620163648 4.072537 -19.608511 16.743849 -2.6181684 -0.27000242 0.34055737 1002.54 
20150620163648 -0.24779987 -13.682264 10.882844 -2.2375994 -2.0045543 0.59498274 1002.54 
20150620163648 -3.8175547 -0.5590461 -1.8207904 0.42241332 -1.505172 -0.3866777 1002.54 
20150620163648 -12.101493 1.6932992 -1.6418238 1.1270463 0.25259277 -1.3631458 1002.54 
20150620163648 1.7393875 -19.206884 -18.693928 0.45906523 0.8949176 -0.98868537 1002.54 
20150620163648 8.740632 -19.608511 5.8292828 -1.7498235 -0.18997909 0.66156703 1002.54 
20150620163649 4.3580456 -4.8739963 -5.732916 -3.8298197 -1.3405437 4.102876 1002.54 
20150620163649 0.78529817 -1.6603789 -1.6196774 -0.70249504 -1.1508701 0.9850202 1002.49 
20150620163649 0.41599256 5.1547165 -5.0266266 0.2782491 -1.3982705 -3.8835757 1002.49 
20150620163649 -6.691195 -3.457826 -1.2551602 -1.0855075 -1.3665055 -0.2938262 1002.49 
20150620163649 -6.8049197 -13.453618 1.3850456 -1.990199 -3.2925637 2.346639 1002.49 
20150620163649 0.5422867 -19.062035 -5.595249 -3.2446108 -4.3069053 3.4385605 1002.49 
20150620163649 12.687473 -8.267777 -4.1042604 -1.7794504 -3.093727 2.3365595 1002.49 
20150620163649 9.743204 -5.2085857 2.8173769 -0.42760566 -1.7736472 1.3582588 1002.49 
20150620163649 3.3327289 -5.023035 3.5098996 -1.568091 -1.4440855 0.36835176 1002.49 
20150620163649 2.9981391 -6.342839 2.8939912 -1.5995506 -1.2880094 0.3707952 1002.49 
20150620163649 1.7932571 -10.0748005 2.211644 -1.53205 -1.4181237 0.08246681 1002.48 
20150620163649 2.8658595 -10.845734 -0.17118542 -0.9639453 -0.9211848 -0.38973203 1002.48 
20150620163649 0.47644615 -9.865907 0.43394905 -0.6936375 -1.5470163 -0.38453966 1002.48 
20150620163649 -2.8832173 -10.3453455 2.9514523 -0.83291477 -1.924531 0.15027285 1002.48 
20150620163649 3.976769 -11.3551 3.0669725 -0.6881397 -1.1817188 0.9447031 1002.48 
20150620163649 9.701904 -11.13244 -0.64463884 -0.31948254 -1.2867876 1.4694363 1002.48 
20150620163649 9.354745 -12.115259 0.40222588 0.064446285 -0.7770206 1.3130548 1002.48 
20150620163649 5.993285 -13.150751 2.7515364 -0.3145956 -0.2574797 0.754724 1002.48 
20150620163649 4.7261543 -11.230003 3.86903 -0.41630468 -0.40530908 0.24740042 1002.48 
20150620163649 5.5138464 -11.567586 2.1386206 0.12583824 -0.5849035 0.07696902 1002.57 
20150620163649 5.643732 -17.721283 1.87047 0.72173727 -0.269697 9.162979E-4 1002.57 
20150620163649 3.4093432 -17.547104 -1.6466122 1.45783 0.18509217 -0.38820487 1002.57 
20150620163649 -3.0585926 -14.800955 -5.9519854 2.2482896 1.0403035 -1.2794572 1002.57 
20150620163649 -3.6954503 -16.122555 -3.6607344 1.9388863 1.9355265 -1.4312572 1002.57 
20150620163649 -2.9897594 -19.570204 -1.0402806 1.7437148 3.612657 -0.5479461 1002.57 
20150620163649 -2.0620062 -15.463551 0.06284779 2.482251 4.4550405 -0.3848451 1002.57 
20150620163649 -0.7763199 -10.081984 0.4830302 3.3105843 3.200934 -1.0751228 1002.57 
20150620163649 -0.021547815 -7.7847466 -0.5943606 3.545462 2.2153027 -1.6148223 1002.57 
20150620163649 0.6973112 -6.7522473 -0.66498953 3.4422257 1.6102408 -1.2275337 1002.56 
20150620163649 -2.273893 -5.6461263 -0.45729253 2.7953193 1.1450669 -0.7476991 1002.56 
20150620163649 2.5264814 -2.0787656 0.049081136 2.4648414 0.73975784 -0.61361414 1002.56 
20150620163649 2.6192567 -1.5759833 -0.8451532 2.3441954 1.1258247 -0.1414153 1002.56 
20150620163649 0.05686229 -0.75836337 -0.5177461 2.1569653 1.0464121 -0.3539964 1002.56 
20150620163649 -0.7248446 -0.0724246 0.0035913025 1.7321084 1.4248432 -0.7867944 1002.56 
20150620163649 -2.4073699 0.4345476 -0.089782566 1.2513574 1.4996742 -1.1997393 1002.56 
20150620163649 -3.7786489 -1.2366052 0.18195933 0.64934975 1.3338243 -1.4453071 1002.56 
20150620163649 -1.3772645 -9.552865 2.6431987 -0.43463063 1.3435981 -1.235475 1002.56 
20150620163649 5.3462524 -17.920599 9.401431 -1.3008375 1.2968669 -0.63438356 1002.54 
20150620163649 10.2896805 -19.608511 19.139847 -1.8741345 0.46639562 0.5357288 1002.54 
20150620163649 -0.002992752 -12.893973 12.401965 -1.323745 -0.7654142 1.0067059 1002.54 
20150620163649 -1.5999253 0.25079262 5.7604494 0.49510628 -1.0005972 -0.56107974 1002.54 
20150620163649 -6.6229606 3.3632548 -10.076596 1.484708 0.3659083 -1.4526376 1002.54 
20150620163649 -14.141353 -8.856153 -0.8182184 0.61391956 1.6624697 -1.5338826 1002.54 
20150620163649 3.5913026 -19.608511 -10.157999 -1.7504344 0.77579886 -0.7254025 1002.54 
20150620163649 12.717401 -12.855666 -6.2626333 -4.120897 -1.488984 2.8728993 1002.54 
20150620163649 -2.7647045 1.7022774 -1.1168951 -2.636189 -0.90102625 1.7788396 1002.54 
20150620163649 -3.281852 5.0703206 -0.2112883 1.3170254 -1.3814718 -4.1221185 1002.52 
20150620163649 -1.6118963 0.54887074 -7.3202715 -0.4392121 -1.8671097 -1.7846428 1002.52 
20150620163649 -2.847903 -8.552687 -1.8249803 -0.9569204 -2.1276436 1.743104 1002.52 
20150620163649 1.4927847 -19.608511 1.4155718 -2.9064968 -3.037833 3.530801 1002.52 
20150620163650 12.619239 -14.331692 -7.0012445 -2.8377745 -3.211013 2.6871963 1002.52 
20150620163650 10.870275 -2.8694508 -2.3546975 -0.5531385 -2.5854871 1.3255776 1002.52 
20150620163650 3.5224693 -1.9440918 -0.15083471 -1.5115861 -2.1093178 -0.26328292 1002.52 
20150620163650 -1.4155718 -5.9304376 2.1817162 -2.0210476 -2.3860397 -0.099265605 1002.52 
20150620163650 -3.1759086 -10.180744 2.8048072 -2.1077905 -2.3475552 0.88331115 1002.52 
20150620163650 0.40641573 -10.699687 3.6373909 -2.0967948 -1.6013832 1.1823297 1002.56 
20150620163650 5.801749 -9.062054 -1.4862007 -0.93584555 -0.91538155 0.5867361 1002.56 
20150620163650 5.6126075 -10.65719 -0.30107087 -0.28160888 -0.96761054 0.35094208 1002.56 
20150620163650 0.38367084 -11.160571 1.5059528 -0.5751296 -1.0421361 0.31642818 1002.56 
20150620163650 0.533907 -11.562798 5.903503 -0.70616025 -2.129171 0.41141775 1002.56 
20150620163650 7.5207863 -11.386824 1.9363106 -0.6282749 -2.137723 0.86529064 1002.56 
20150620163650 10.811018 -11.599309 -0.34955344 0.014966198 -1.7272215 1.1954633 1002.56 
20150620163650 7.685986 -13.104663 2.9747956 0.30695978 -0.9074403 0.84635377 1002.56 
20150620163650 5.4964886 -12.4785795 5.08289 0.1414153 -0.5186246 0.23090707 1002.56 
20150620163650 5.3767786 -9.741408 2.3864205 0.40775254 -0.88208944 -0.07696902 1002.55 
20150620163650 5.756858 -13.42788 4.8344917 0.99265605 -0.6200282 -0.10445796 1002.55 
20150620163650 6.6504936 -19.30445 -0.7272388 1.779145 -0.124311075 -0.2565634 1002.55 
20150620163650 -3.1830912 -19.388844 -9.2865095 2.5057693 0.7449502 -0.9465357 1002.55 
20150620163650 -4.343082 -18.239628 -7.358579 1.9434677 2.9956832 -1.378112 1002.55 
20150620163650 -2.1865046 -17.331627 -0.24181437 1.1441506 5.021312 -0.057726767 1002.55 
20150620163650 -2.0644004 -15.480908 1.460463 2.2354615 4.5958447 -0.084910266 1002.55 
20150620163650 -0.9900024 -10.571598 1.9847932 3.830736 2.9578094 -1.4092661 1002.55 
20150620163650 -0.2160767 -7.727286 -0.85473 3.6667187 1.9770653 -1.6084082 1002.55 
20150620163650 2.4145525 -6.401497 -0.7104794 3.2876768 1.4410311 -0.9101892 1002.53 
20150620163650 -0.3309984 -4.8620253 0.5201403 2.641992 1.2266175 -0.61178154 1002.53 
20150620163650 2.7090392 -2.4666264 -0.31244332 2.4535403 0.7067711 -0.6606508 1002.53 
20150620163650 2.0201077 -1.9572599 -2.1380222 2.4071145 0.9260717 -0.26816985 1002.53 
20150620163650 -0.770933 -1.1976994 -1.1953052 2.1716259 1.1178834 -0.573297 1002.53 
20150620163650 -1.6705543 -0.47105917 0.039504327 1.7626517 1.7944167 -0.90285885 1002.53 
20150620163650 -3.0789435 0.39205053 -0.46507367 1.4019357 1.7363845 -1.1826351 1002.53 
20150620163650 -3.667917 -0.7428011 -0.075417355 0.86376345 1.210124 -1.2638801 1002.53 
20150620163650 -1.6986861 -7.781754 2.0649989 -0.24007004 1.3029755 -1.0045679 1002.53 
20150620163650 1.9081788 -13.949218 6.8731546 -1.1398746 1.3530666 -0.5198463 1002.61 
20150620163650 9.858724 -19.608511 19.492393 -1.8726074 0.29901853 0.3555236 1002.61 
20150620163650 1.0468647 -16.106394 13.872603 -1.8796324 -1.106277 0.947452 1002.61 
20150620163650 -1.103727 -2.9604304 8.640674 -0.23579398 -1.3762794 -0.19181168 1002.61 
20150620163650 -7.1610575 -3.9803603 -5.8304796 1.1994339 0.29535335 -0.9944886 1002.61 
20150620163650 -0.82480246 -19.608511 -2.7323828 0.627664 1.3720033 -1.2904528 1002.61 
20150620163650 2.3307555 -19.608511 -9.233239 -1.162782 1.0290025 -0.24556783 1002.61 
20150620163650 0.4854244 -4.0539823 -0.94810385 -2.798679 -0.40744713 2.1972823 1002.61 
20150620163650 -0.04070143 -1.9895816 -0.96067345 -1.4492778 -0.59986967 1.5683966 1002.61 
20150620163650 0.56323594 -1.2282255 -2.5600002 0.11301007 -2.4233024 -2.32984 1002.52 
20150620163650 1.2306197 -4.759074 -4.187459 -0.7663304 -1.1426234 -1.258077 1002.52 
20150620163650 0.6344634 -10.535685 -3.4111388 -1.5784758 -1.6053538 1.4318681 1002.52 
20150620163650 1.477821 -18.868704 2.3780408 -2.5689938 -2.770274 2.9712486 1002.52 
20150620163650 5.78918 -12.336124 -2.1296425 -2.652377 -3.0769281 2.6908615 1002.52 
20150620163650 8.74961 -3.5625722 -0.5758055 -1.221425 -2.8961122 0.7834347 1002.52 
20150620163650 3.1352072 -2.9502552 -0.6087258 -1.0299188 -1.7733418 -0.34025195 1002.52 
20150620163650 -2.0153193 -5.4725466 -0.729633 -1.8048013 -1.6560557 -0.29077184 1002.52 
20150620163651 -2.8760347 -9.873688 0.16639702 -2.108096 -1.7253889 0.66248333 1002.52 
20150620163651 -0.4973954 -12.093711 2.4432828 -2.0039434 -1.8429805 1.2394456 1002.6 
20150620163651 3.9953241 -11.098322 1.5610195 -1.4306464 -1.6410894 1.1071932 1002.6 
20150620163651 5.74369 -9.575011 0.7661445 -0.9245446 -1.1716396 1.0421361 1002.6 
20150620163651 3.3518825 -9.431359 2.996942 -0.79290307 -1.2858714 1.0577132 1002.6 
20150620163651 5.5725045 -10.92594 5.7281275 -0.6921103 -1.8069394 0.7828238 1002.6 
20150620163651 8.370728 -11.199477 2.630629 -0.5546656 -1.8487836 0.6640105 1002.6 
20150620163651 8.499416 -12.038046 1.982399 -0.13622294 -1.3839152 0.5900958 1002.6 
20150620163651 7.4992385 -12.001534 2.8095956 0.07666359 -0.70554936 0.3659083 1002.6 
20150620163651 5.1547165 -10.997167 3.3464954 0.2519819 -0.636827 0.124311075 1002.6 
20150620163651 5.1900306 -13.884574 3.6254199 0.7067711 -0.36682457 -0.16737708 1002.56 
20150620163651 6.611588 -19.413385 -0.31244332 1.2165382 -0.4175264 -0.41080686 1002.56 
20150620163651 0.19033903 -17.535732 -6.885724 2.0931299 -0.24281894 -1.1948525 1002.56 
20150620163651 -5.928642 -17.704523 -4.634576 2.2849414 1.8802432 -1.7540996 1002.56 
20150620163651 -2.0991163 -19.608511 -1.5807717 1.4391985 3.703676 -1.1071932 1002.56 
20150620163651 -1.2521675 -18.100763 -1.5059528 2.237294 4.4929137 -0.096516706 1002.56 
20150620163651 -1.9255368 -11.90457 0.8595184 3.1499267 4.099517 -0.8045095 1002.56 
20150620163651 -1.2156559 -9.058462 -0.8726865 3.0790663 2.8072312 -1.7208074 1002.56 
20150620163651 -1.3922282 -7.052121 -1.371279 3.284317 1.4202617 -1.3631458 1002.56 
20150620163651 -1.8297687 -5.9244523 -1.5460558 2.978579 1.3891076 -0.8188649 1002.7 
20150620163651 1.5532384 -2.3475149 -0.02633622 2.4758368 0.78801614 -0.6236934 1002.7 
20150620163651 2.7431567 -1.2515689 -0.58897364 2.2467623 0.8717047 -0.54458636 1002.7 
20150620163651 0.8242039 -0.6039374 -0.66020113 2.2595906 1.131017 -0.38087448 1002.7 
20150620163651 0.15382746 -0.53091425 0.3429694 2.0766363 1.201572 -0.66614854 1002.7 
20150620163651 -0.17058687 -0.59855044 0.54767364 1.8454239 1.4327844 -0.8888089 1002.7 
20150620163651 -2.3050177 -1.033098 0.0712275 1.3286319 1.461495 -1.1459832 1002.7 
20150620163651 -2.2463598 -6.0704985 0.866701 0.50671273 1.3784174 -1.2186762 1002.7 
20150620163651 0.15741876 -11.665748 2.1260512 -0.7699956 1.5054774 -0.84513205 1002.7 
20150620163651 7.626131 -18.431763 15.330073 -1.7058412 1.0735956 -0.13316862 1002.56 
20150620163651 5.544971 -19.608511 17.938557 -2.0873265 -0.2510656 0.8533788 1002.56 
20150620163651 -0.82121116 -7.4058642 11.303026 -0.70280045 -1.7486018 0.5513059 1002.56 
20150620163651 -4.210802 -2.2571337 0.96306765 0.5815437 -0.22021692 -0.61758476 1002.56 
20150620163651 -6.6720414 -16.250645 -0.6087258 0.81092364 1.1081096 -1.3704761 1002.56 
20150620163651 -1.7316064 -19.608511 -15.693993 -0.16982053 1.3826935 -0.9618073 1002.56 
20150620163651 -1.4580688 -10.703877 3.6044707 -2.0576997 -0.301462 1.2406673 1002.56 
20150620163651 3.8486793 -2.1631613 -2.621651 -2.1810944 -0.1386664 2.1224513 1002.56 
20150620163651 1.9446903 -3.6206315 0.08439561 -0.4260785 -2.506991 -1.0543534 1002.56 
20150620163651 3.3728316 -6.0836663 -3.0603883 -0.5729916 -1.1154399 -1.8371773 1002.46 
20150620163651 1.75076 -8.607155 -4.9907136 -1.1884383 -1.9013181 0.838718 1002.46 
20150620163651 -1.3263878 -13.456611 0.11791443 -2.3307564 -2.6542094 2.7656925 1002.46 
20150620163651 2.8892028 -12.386402 -3.180697 -2.9428434 -2.8872545 2.2391264 1002.46 
20150620163651 7.635708 -6.1770406 -0.97982705 -2.1658227 -2.8973339 1.1236867 1002.46 
20150620163651 4.048595 -5.7975593 -1.1121067 -1.3481796 -2.0696115 0.10842858 1002.46 
20150620163651 -1.1174936 -6.6044054 0.16998832 -1.6533068 -1.8325957 0.0729984 1002.46 
20150620163651 -2.6791117 -9.294291 1.6519991 -1.8509218 -1.953547 0.9300423 1002.46 
20150620163651 0.7787141 -10.484808 3.4021606 -1.6151277 -2.0222695 1.452943 1002.46 
20150620163651 5.4964886 -9.989806 0.7230489 -1.1392636 -1.6942347 1.0913107 1002.58 
20150620163651 6.4260373 -8.423999 -0.56563014 -0.45112398 -1.3771957 0.6087272 1002.58 
20150620163651 2.2583308 -10.462662 1.2306197 -0.52748215 -1.5500705 0.5030475 1002.58 
20150620163651 2.2385786 -10.879252 6.155493 -0.70707655 -2.336865 0.45540005 1002.58 
20150620163652 8.04751 -12.220604 4.1635165 -0.71685034 -2.3881776 0.6780604 1002.58 
20150620163652 10.490793 -10.884041 0.96306765 -0.23090707 -1.559539 0.91813046 1002.58 
20150620163652 8.411429 -11.8339405 2.1631613 0.29016098 -0.9831876 0.8173377 1002.58 
20150620163652 5.3288946 -11.874043 2.0398598 0.3622431 -0.4728097 0.36896262 1002.58 
20150620163652 5.2241483 -14.53879 4.0258503 0.5897904 -0.5635232 0.046120327 1002.58 
20150620163652 6.6534867 -19.413385 -0.2908955 1.3445144 -0.4279111 -0.24617869 1002.53 
20150620163652 0.11192893 -17.147871 -6.6564794 2.0650299 0.26511553 -0.87109387 1002.53 
20150620163652 -6.137536 -17.578228 -5.474941 2.3057108 2.0109684 -1.6331482 1002.53 
20150620163652 -4.2598834 -19.288288 -1.9315223 1.4569136 3.5662313 -1.2391402 1002.53 
20150620163652 -3.0250738 -17.963097 -0.95349085 1.9938642 4.583322 -0.26206118 1002.53 
20150620163652 -2.178125 -11.899182 -0.049679685 2.9449813 3.6813793 -1.0384709 1002.53 
20150620163652 -0.7966706 -8.690952 -1.0205284 3.2571335 2.1755965 -1.5015068 1002.53 
20150620163652 -0.57520694 -7.0634937 -1.1450269 3.4257324 1.6948457 -1.1209377 1002.53 
20150620163652 -2.156577 -6.136339 -1.4389153 3.094338 1.38025 -0.75900006 1002.53 
20150620163652 1.8734628 -2.665345 0.12150574 2.6126707 0.743423 -0.63224554 1002.71 
20150620163652 3.5470097 -1.9865888 -1.3090298 2.3356433 0.65179324 -0.21991149 1002.71 
20150620163652 1.079785 -1.258153 -1.5735891 2.3310618 0.7825184 -0.19028452 1002.71 
20150620163652 0.020949265 -0.20649989 -0.4225766 2.1261165 1.1612549 -0.550695 1002.71 
20150620163652 -1.3664906 0.89423436 -0.7392098 1.8768835 1.8069394 -0.90133166 1002.71 
20150620163652 -3.6433764 0.19572599 -0.480636 1.2803736 1.9172006 -1.2880094 1002.71 
20150620163652 -2.7736826 -6.1650696 1.4203602 -0.055588737 1.7354681 -1.2730432 1002.71 
20150620163652 0.492607 -11.793239 3.7104142 -1.0601566 1.6255124 -0.94959 1002.71 
20150620163652 9.478644 -19.595942 16.509218 -2.044566 0.87017757 -0.36071593 1002.71 
20150620163652 4.5561657 -19.52711 16.428413 -2.3780985 -0.5564982 0.4990769 1002.5 
20150620163652 -1.4077905 -5.493496 10.205883 -0.46883908 -1.8176296 0.22876903 1002.5 
20150620163652 -3.5811272 0.8511387 0.61291564 1.3924674 -0.52931476 -1.0815369 1002.5 
20150620163652 -7.0467343 -13.542802 0.038905777 1.0558805 1.0228939 -1.3261884 1002.5 
20150620163652 0.8655039 -19.608511 -19.103334 -0.17745635 1.4220943 -0.84482664 1002.5 
20150620163652 -1.7363948 -13.5930805 5.0002904 -1.9004018 -0.2144137 1.3322971 1002.5 
20150620163652 1.0971429 -2.5450363 -1.3533225 -2.8747318 -0.48747048 2.7592783 1002.5 
20150620163652 0.94930094 -1.9476831 -0.5835867 0.26847526 -2.7543914 -1.9724839 1002.5 
20150620163652 1.8237832 -2.2523453 -3.9145198 -0.005192355 -0.8561276 -2.499355 1002.5 
20150620163652 1.8351556 -5.707777 -5.7395 -0.82650065 -1.1991285 0.52442783 1002.4 
20150620163652 0.59855044 -15.4880905 -1.2132617 -1.9165897 -2.9852984 2.797152 1002.4 
20150620163652 5.134964 -15.336059 -3.104681 -2.9578094 -3.4807103 2.8258626 1002.4 
20150620163652 9.272743 -6.6002154 -0.47465047 -1.9981402 -2.9483411 1.1527027 1002.4 
20150620163652 3.0502129 -3.9240966 0.57400984 -1.2867876 -1.8649716 0.21685717 1002.4 
20150620163652 -1.9201498 -4.4460325 1.3820529 -1.5283848 -1.5809193 0.029321533 1002.4 
20150620163652 -1.7699136 -8.312668 1.845331 -1.8423696 -1.6276505 0.7443393 1002.4 
20150620163652 1.7669208 -11.258135 3.977966 -1.6511687 -1.7101172 1.1945469 1002.4 
20150620163652 5.805939 -9.549872 0.31483752 -0.89858276 -1.2363913 0.52320606 1002.4 
20150620163652 5.6419363 -8.052299 -1.7591397 -0.40469822 -1.1808025 0.3915646 1002.58 
20150620163652 0.6835446 -10.997766 1.4754268 -0.3549127 -1.5085317 0.40103304 1002.58 
20150620163652 0.712275 -10.831967 5.3558292 -0.7153232 -1.9785925 0.51007247 1002.58 
20150620163652 8.317456 -12.152967 3.8696284 -0.8558222 -1.8509218 1.0247264 1002.58 
20150620163652 11.325771 -11.704055 -0.3752911 -0.13347405 -1.3994923 1.2794572 1002.58 
20150620163652 7.9595237 -11.554418 2.417545 0.1853976 -0.5879578 1.0118983 1002.58 
20150620163652 5.146935 -11.835736 3.4691982 0.1142318 -0.1386664 0.40408736 1002.58 
20150620163652 5.140351 -11.136629 1.9351135 0.24709499 -0.64873886 -0.022602014 1002.58 
20150620163652 5.4144874 -17.692553 2.6270378 0.88789266 -0.33536503 -0.17806722 1002.58 
20150620163653 3.454833 -18.701109 -4.7159786 1.7076738 0.16432275 -0.66675943 1002.5 
20150620163653 -7.716512 -17.865534 -6.1123967 2.32984 1.6307048 -1.2843442 1002.5 
20150620163653 -4.270657 -18.039711 -2.7569232 1.8759671 2.6108382 -1.6300939 1002.5 
20150620163653 -2.4833858 -19.608511 -1.246182 1.4975362 3.1337388 -0.32650748 1002.5 
20150620163653 -1.6585833 -15.501858 0.9115923 2.8884764 4.198477 -0.3231477 1002.5 
20150620163653 -0.02873042 -10.949283 0.44831428 3.207959 2.903137 -1.6050484 1002.5 
20150620163653 0.0688333 -8.765771 -0.87567925 3.2275066 1.4110987 -1.7977765 1002.5 
20150620163653 1.0899603 -6.7067575 -0.44891283 3.3896914 1.4679092 -1.3591752 1002.5 
20150620163653 -2.3122003 -5.1343656 -0.2825158 2.8490756 1.2620476 -0.9086621 1002.5 
20150620163653 1.4209588 -2.043451 -0.22744916 2.2299635 0.8371908 -0.7663304 1002.71 
20150620163653 1.6382325 -0.7170634 -1.2539631 2.1090124 1.3338243 -0.13439035 1002.71 
20150620163653 -0.24660277 0.5734113 -0.9516952 2.058616 1.3561208 -0.29718593 1002.71 
20150620163653 -0.16579847 0.85891986 -0.29927522 1.8075503 1.7345519 -0.6200282 1002.71 
20150620163653 -0.8643068 0.9463082 -1.6394296 1.5375478 2.0347922 -0.9129381 1002.71 
20150620163653 -2.842516 -0.2220622 -0.61890113 0.94959 1.9926424 -1.1594223 1002.71 
20150620163653 -1.2940661 -8.65863 2.373851 -0.2312125 2.039679 -1.0451905 1002.71 
20150620163653 2.2505496 -17.551893 6.627749 -0.9950995 1.8002199 -0.7910705 1002.71 
20150620163653 7.815273 -19.608511 17.18139 -1.8032742 1.0647382 -0.1994475 1002.71 
20150620163653 -0.6811504 -17.50341 14.198215 -2.1459696 -0.1777618 0.5348125 1002.58 
20150620163653 -2.111686 -0.11492168 8.488044 0.13652839 -1.6801848 -0.23335053 1002.58 
20150620163653 -5.7137623 3.7511156 -8.724471 1.7623463 -0.42424592 -1.5515977 1002.58 
20150620163653 -10.980408 -2.2499511 -6.0944405 1.2800682 1.0580186 -1.6255124 1002.58 
20150620163653 -6.0507464 -19.608511 -9.123106 -0.91507614 1.1542299 -0.7150178 1002.58 
20150620163653 16.79353 -19.448698 -7.53156 -3.137404 -0.8249735 1.4193454 1002.58 
20150620163653 2.8335378 -6.147113 -1.678934 -3.5466835 -1.2751812 4.5503354 1002.58 
20150620163653 -2.6617537 0.9684546 4.853047 0.25442538 -1.5497651 -3.1703906 1002.58 
20150620163653 -2.3798366 2.2008698 -3.9803603 -0.4905248 -2.2342396 -3.3762522 1002.58 
20150620163653 -3.7600937 -2.4714148 -5.2205567 -0.6942484 -2.3936756 0.18234327 1002.49 
20150620163653 -0.66139823 -14.953586 1.3880384 -1.9883664 -2.264172 2.6755898 1002.49 
20150620163653 7.1622543 -17.880497 -5.381567 -3.0827315 -3.3014212 3.3215797 1002.49 
20150620163653 12.85387 -8.321048 -4.621408 -1.3310753 -3.0537155 1.6502525 1002.49 
20150620163653 4.410718 -3.6942532 1.6831238 -0.872621 -1.813048 0.39278635 1002.49 
20150620163653 -0.6332663 -3.876811 1.661576 -1.9178114 -1.4947872 -0.5345071 1002.49 
20150620163653 -0.741604 -7.860164 3.1429882 -1.6881261 -1.7773124 0.3924809 1002.49 
20150620163653 0.08499416 -13.754689 5.9005103 -1.8142698 -2.021964 0.9120218 1002.49 
20150620163653 5.5802855 -10.611102 -1.3611037 -1.0549643 -1.5769486 0.50671273 1002.49 
20150620163653 4.1946416 -7.9990277 -0.700304 -0.591623 -1.7400496 0.41630468 1002.63 
20150620163653 -0.82001406 -11.360487 2.7216089 -0.6224717 -1.2724323 0.5036584 1002.63 
20150620163653 4.3939586 -12.761694 6.1770406 -0.76083267 -1.5592335 0.7284568 1002.63 
20150620163653 10.400413 -11.787852 0.74878657 -0.5928447 -1.8261817 1.0803152 1002.63 
20150620163653 9.986216 -12.193669 1.3874398 0.14538592 -1.1545353 1.0259482 1002.63 
20150620163653 7.0952168 -12.800599 4.5621514 0.10323623 -0.26450464 0.63621616 1002.63 
20150620163653 5.6898203 -11.306618 2.7323828 0.065973446 -0.45631635 0.13347405 1002.63 
20150620163653 6.9796963 -16.104 3.311181 0.61361414 -0.71593404 -0.10903945 1002.63 
20150620163653 7.113772 -18.272547 -2.705448 1.5818355 -0.33567044 -0.43371433 1002.63 
20150620163653 -1.8902222 -17.210121 -7.1353197 2.4718661 0.69974613 -1.3503176 1002.47 
20150620163653 -6.127361 -17.898453 -4.751293 2.2797492 2.8182268 -1.8319849 1002.47 
20150620163653 -4.490924 -19.608511 -1.7405846 1.4633276 3.9446623 -1.0671816 1002.47 
20150620163653 -4.0378213 -16.856377 -0.23343466 2.1740694 4.863709 0.18967366 1002.47 
20150620163653 -1.5729905 -10.835558 -0.017956512 3.588528 4.1990876 -0.7049385 1002.47 
20150620163654 -1.2348095 -8.420407 -1.4167689 3.6871827 2.3026567 -1.6044376 1002.47 
20150620163654 1.0714053 -6.143522 -1.4323312 3.6545014 1.6801848 -1.2238685 1002.47 
20150620163654 -1.2497733 -3.9258924 0.03172317 3.309057 1.3881912 -0.57818395 1002.47 
20150620163654 2.4157495 -2.1045034 -0.2837129 2.9184086 0.47494772 -0.4147775 1002.47 
20150620163654 2.806603 -1.5783775 -1.6921021 2.7727172 0.3109304 0.059253927 1002.76 
20150620163654 0.44771573 -1.5993267 -0.4830302 2.4501805 0.5103779 -0.30176744 1002.76 
20150620163654 -0.13587095 -0.89662856 0.6135142 2.1288655 1.3732251 -0.70738196 1002.76 
20150620163654 -1.3670892 0.61650693 0.3477578 1.8692477 1.6520851 -1.0684034 1002.76 
20150620163654 -3.4165258 -0.39384618 0.38726214 1.3402383 1.5460999 -1.1896601 1002.76 
20150620163654 -1.1815386 -6.5684924 2.1098902 0.041233405 1.6884315 -0.9877691 1002.76 
20150620163654 0.320823 -11.5951185 6.609194 -1.3518448 1.8310685 -0.6420194 1002.76 
20150620163654 9.020155 -18.768147 19.038094 -2.2171354 0.6908886 -0.15271631 1002.76 
20150620163654 3.5164838 -18.040909 11.832145 -2.4107797 -0.8219192 0.6753115 1002.76 
20150620163654 -1.5448587 -6.6295447 8.826823 -0.65484756 -2.1820107 0.33414328 1002.66 
20150620163654 -11.185112 -12.304999 -2.4833858 0.636827 3.0543262E-4 -1.1511755 1002.66 
20150620163654 -0.4405331 -19.608511 -9.438541 0.7067711 1.2608259 -1.6740762 1002.66 
20150620163654 -1.0384849 -15.640721 -0.088585466 -0.96883225 0.13408493 -0.5323691 1002.66 
20150620163654 0.45190558 4.530428 -5.255273 -2.5259278 -0.46975538 1.9730947 1002.66 
20150620163654 1.4047978 -0.5710171 -4.711789 0.034208454 -0.74067414 -0.2489276 1002.66 
20150620163654 3.9228995 -5.6551046 -4.1533413 -0.4615087 -2.0015 -1.6960673 1002.66 
20150620163654 7.627927 -10.811616 -6.7199254 -1.0100657 -1.6432275 0.26816985 1002.66 
20150620163654 3.2998085 -15.847221 1.2138603 -2.0314324 -3.12763 2.2241604 1002.66 
20150620163654 -3.196858 -15.741278 2.8449101 -3.461468 -3.5845573 3.3863316 1002.64 
20150620163654 3.4488475 -6.156091 -0.3878607 -2.9538388 -3.6297612 1.649947 1002.64 
20150620163654 3.7187939 -1.6843209 -0.50517654 -1.0684034 -2.5185974 0.2996294 1002.64 
20150620163654 -0.20829555 -2.8592753 -2.3199813 -1.2144 -1.035722 -0.15088372 1002.64 
20150620163654 -0.022744916 -7.9876556 -0.8367735 -1.6927075 -1.5103643 0.3408628 1002.64 
20150620163654 0.825401 -12.604874 3.7499185 -1.9859229 -2.2314909 1.4376713 1002.64 
20150620163654 5.5880666 -11.085154 4.040814 -1.5635096 -2.4135287 1.4682146 1002.64 
20150620163654 7.0048356 -8.098388 0.4770447 -1.073901 -2.4678955 1.0015136 1002.64 
20150620163654 3.4368765 -9.144653 0.98461545 -0.75716746 -2.0158553 0.8155051 1002.64 
20150620163654 3.2848446 -12.121843 3.115455 -0.5723807 -1.4828753 0.6936375 1002.49 
20150620163654 5.637148 -13.600263 4.270657 -0.799928 -1.5271631 0.7339546 1002.49 
20150620163654 7.2622123 -12.655151 2.779668 -0.6612616 -1.001819 0.8509353 1002.49 
20150620163654 6.443395 -12.915521 2.8724434 -0.16890424 -0.8219192 0.77121735 1002.49 
20150620163654 3.9839516 -11.983578 2.6755204 0.1826487 -0.41172317 0.44898596 1002.49 
20150620163654 4.2419267 -11.622053 2.3319526 0.46822822 -0.344528 0.19211712 1002.49 
20150620163654 7.7159133 -19.408596 2.405574 1.0815369 -0.27580565 -0.03268129 1002.49 
20150620163654 6.1620765 -18.343775 -6.209362 2.1688771 -0.35002577 -0.6951646 1002.49 
20150620163654 -3.527856 -16.621746 -8.911818 2.7052166 1.1267409 -1.6789632 1002.49 
20150620163654 -4.6124296 -19.608511 -2.3385365 1.6264287 3.5659258 -1.8564194 1002.55 
20150620163654 -4.152743 -18.672977 -2.2571337 1.7647897 5.4733524 -0.84482664 1002.55 
20150620163654 -2.8652608 -13.4739685 1.1085154 2.9260445 4.6770897 -0.17928895 1002.55 
20150620163654 -1.2324153 -8.503007 -1.4311341 3.6092973 3.4703255 -1.5161675 1002.55 
20150620163654 -1.283292 -7.2424603 -1.423353 3.8453968 1.8154916 -1.4584408 1002.55 
20150620163654 2.1529858 -5.0757074 -0.9415198 3.169169 1.629483 -0.97524637 1002.55 
20150620163654 3.0986955 -1.4089876 0.6332663 2.7256808 0.68691796 -0.77824235 1002.55 
20150620163654 3.9175124 -1.2485762 -0.41180268 2.4162774 0.56291234 -0.6417139 1002.55 
20150620163654 1.3880384 -1.8118122 -1.0851719 2.3356433 0.9993755 -0.17287487 1002.55 
20150620163655 0.54049104 -1.4227544 0.010773907 2.021964 1.1395692 -0.6001751 1002.72 
20150620163655 -1.210269 -0.03232172 -1.2976574 1.8423696 1.8881844 -1.0005972 1002.72 
20150620163655 -3.627814 0.74399817 -2.385822 1.6554449 2.2336287 -1.3081679 1002.72 
20150620163655 -3.8163576 -4.6255975 -1.6831238 0.75228053 2.2418754 -1.3060299 1002.72 
20150620163655 -0.85652566 -10.499173 2.2152352 -0.47494772 2.6181684 -0.8857546 1002.72 
20150620163655 5.4444146 -18.60175 16.021399 -1.7562376 1.7293595 -0.32498032 1002.72 
20150620163655 7.6369047 -19.608511 19.354128 -2.5079072 -0.54061574 0.559858 1002.72 
20150620163655 0.87927055 -6.5505357 10.520123 -1.6218473 -2.3762658 0.89949906 1002.72 
20150620163655 -1.7812861 2.983774 1.0301052 1.314582 -1.7999145 -0.559858 1002.72 
20150620163655 -10.861296 -2.9897594 -6.3218894 1.738828 1.0345002 -1.4135422 1002.68 
20150620163655 -1.4975731 -19.608511 -9.575011 0.6032294 1.8823812 -1.1563679 1002.68 
20150620163655 7.77517 -17.596785 -3.685275 -1.9758437 -0.105068825 0.462425 1002.68 
20150620163655 -1.6555905 5.185242 -2.5001452 -3.0998356 -0.36468655 3.680463 1002.68 
20150620163655 -1.1258733 2.979584 -1.7208325 0.45112398 -0.074830994 -0.89980453 1002.68 
20150620163655 1.1593921 -1.4718355 -4.2664676 -0.8567385 -1.9101756 -3.8395934 1002.68 
20150620163655 3.6182373 -7.5704656 -7.306505 -1.0122037 -1.3264939 -0.45570546 1002.68 
20150620163655 1.043872 -18.434755 1.5286977 -2.7742445 -3.0546317 2.8298333 1002.68 
20150620163655 -0.6464345 -19.420567 0.33399114 -3.8670824 -3.7501018 3.8041632 1002.68 
20150620163655 5.2139726 -7.5052238 0.22505496 -2.803566 -3.8466184 2.7473664 1002.46 
20150620163655 7.5004354 0.6619968 -3.7098155 -0.4877759 -2.6007588 0.58246 1002.46 
20150620163655 1.1665748 -1.5089456 -2.5623944 -1.0464121 -1.3423764 -0.32253686 1002.46 
20150620163655 -2.12246 -5.589264 0.17836803 -2.3301454 -0.95356065 -0.18784106 1002.46 
20150620163655 -1.5652094 -13.085509 3.78643 -2.4309382 -1.5986344 0.8417723 1002.46 
20150620163655 2.7371712 -13.728353 4.3598413 -1.8753563 -1.9349157 1.3460416 1002.46 
20150620163655 4.4119153 -8.771158 0.20829555 -1.2718215 -1.9083431 0.6743952 1002.46 
20150620163655 1.5442601 -9.817424 0.29628247 -0.9275989 -1.7708983 0.7687739 1002.46 
20150620163655 3.7912183 -12.780848 4.983531 -0.505491 -1.6743816 0.7816021 1002.46 
20150620163655 8.182184 -10.986393 2.4181437 -0.5360342 -1.5253305 0.64721173 1002.51 
20150620163655 8.885481 -11.386225 2.3301568 -0.08582657 -1.4450017 0.7742717 1002.51 
20150620163655 8.807071 -12.17272 2.1290438 0.13530666 -1.2336423 0.625526 1002.51 
20150620163655 6.4781113 -12.551602 1.9249382 0.25992316 -1.0290025 0.35185838 1002.51 
20150620163655 7.2262993 -18.829199 2.4899697 0.7819075 -0.7556403 0.014660766 1002.51 
20150620163655 5.234922 -19.178753 -5.1158104 1.5170839 -0.48166725 -0.3304781 1002.51 
20150620163655 -8.142081 -18.830397 -6.803124 2.3719897 0.5030475 -1.2788464 1002.51 
20150620163655 -8.217499 -17.96549 -2.8125885 1.8442022 2.92299 -1.8228219 1002.51 
20150620163655 -6.567295 -18.722658 -2.1787236 1.6701056 4.009414 -0.38545597 1002.51 
20150620163655 -2.9484594 -15.487493 0.9552865 2.9138272 4.439158 0.2751948 1002.44 
20150620163655 0.047884032 -10.721235 0.19093758 3.33227 2.9471195 -0.8546005 1002.44 
20150620163655 0.39564183 -8.459313 -1.685518 3.343571 1.102001 -1.5943583 1002.44 
20150620163655 3.117849 -5.4091 -0.6775591 3.5811975 0.46089783 -1.2620476 1002.44 
20150620163655 -0.7308301 -3.0597897 -0.024540568 3.2174273 0.49877146 -0.8344419 1002.44 
20150620163655 1.6244658 -1.3994108 -0.38606504 2.7003298 0.24220806 -0.73639804 1002.44 
20150620163655 1.5544355 -1.1468226 -1.5520413 2.2791383 0.79381937 -0.30298916 1002.44 
20150620163655 0.008379706 -0.25977087 -1.1695676 1.953547 1.0012082 -0.60231316 1002.44 
20150620163655 -0.7517793 0.49081135 0.25498247 1.7510452 1.4926492 -0.8729264 1002.44 
20150620163655 -1.0342951 0.5955577 0.17896658 1.577254 2.0894647 -1.0662653 1002.6 
20150620163655 -3.2375593 -1.690905 1.1150994 0.9062186 1.9947804 -1.1264355 1002.6 
20150620163655 -1.436521 -8.617929 3.555988 0.0018325958 1.9107865 -1.0479393 1002.6 
20150620163655 1.3533225 -15.318701 5.9531827 -1.0876455 1.7449366 -0.71685034 1002.6 
20150620163655 7.3962874 -19.608511 16.1866 -1.8380935 0.8546005 -0.19700404 1002.6 
20150620163655 0.18734628 -16.77677 13.153146 -1.8564194 -0.36835176 0.4175264 1002.6 
20150620163656 -1.6047137 -0.350152 10.603919 0.1386664 -1.6340646 -0.27275133 1002.6 
20150620163656 -8.417415 -1.2072762 -7.2849574 1.239751 -0.23060162 -1.0687088 1002.6 
20150620163656 -2.1697452 -19.608511 0.6865373 0.9761627 0.850019 -1.2846496 1002.6 
20150620163656 2.0632033 -19.608511 -6.751649 -0.73273283 1.0668762 -0.3136793 1002.61 
20150620163656 1.596334 -1.4838065 -7.006033 -2.748588 -0.6383542 2.598926 1002.61 
20150620163656 -0.27832595 1.560421 -2.795829 -0.70524395 0.54550266 0.8323039 1002.61 
20150620163656 0.23762453 0.01616086 -2.5845408 0.11301007 -2.2009475 -3.202461 1002.61 
20150620163656 0.30406362 -6.1938 -4.1653123 -0.8381071 -1.17897 -1.988061 1002.61 
20150620163656 -1.87047 -13.426683 -2.143409 -1.6276505 -2.0931299 1.3390167 1002.61 
20150620163656 -2.6970682 -19.608511 1.6992847 -3.1257975 -3.6080756 3.407101 1002.61 
20150620163656 5.493496 -11.147403 -3.8307228 -3.089451 -4.188092 2.8835895 1002.61 
20150620163656 7.8188643 -2.9221232 -2.1440077 -1.2928963 -3.7299433 1.5097535 1002.61 
20150620163656 2.779668 -3.551798 -2.9400797 -0.72601336 -2.3600779 0.18570304 1002.52 
20150620163656 -0.4405331 -4.7866077 0.18614918 -1.6056592 -2.7116308 0.54733527 1002.52 
20150620163656 0.4357447 -8.186973 2.6797101 -1.7183639 -2.4468207 1.1844677 1002.52 
20150620163656 4.1772833 -8.799889 3.2734723 -1.4743233 -1.9025398 1.518611 1002.52 
20150620163656 6.9264255 -8.817246 -0.6596026 -1.104139 -1.1325442 0.71593404 1002.52 
20150620163656 4.056975 -10.120291 -0.3645172 -0.66706485 -1.1246029 0.09437868 1002.52 
20150620163656 -1.532289 -12.504915 2.540248 -0.93187493 -1.3997977 0.0290161 1002.52 
20150620163656 0.9331401 -13.444639 7.067085 -1.1685852 -1.9529362 0.3454443 1002.52 
20150620163656 8.464102 -13.961188 3.1346085 -1.0143417 -1.46852 0.883922 1002.52 
20150620163656 10.202292 -13.767259 0.5446809 -0.32711834 -0.90285885 1.31672 1002.65 
20150620163656 6.8288617 -13.420697 3.25372 0.22999077 -0.33536503 1.099252 1002.65 
20150620163656 4.2299557 -11.41735 3.2016463 0.24770586 0.03268129 0.5006041 1002.65 
20150620163656 3.5865142 -10.103531 2.9119477 0.5858198 -0.4083634 0.086437434 1002.65 
20150620163656 6.1620765 -18.2923 5.5042696 1.3277156 -0.27458394 -0.20922135 1002.65 
20150620163656 4.6405616 -18.821419 -9.746197 2.0390682 -0.021380283 -0.56596667 1002.65 
20150620163656 -5.007473 -19.608511 -7.6841903 2.966056 1.0201449 -1.248914 1002.65 
20150620163656 -3.0951042 -19.591753 -3.774459 1.5012014 3.4263432 -1.7183639 1002.65 
20150620163656 -4.56275 -16.16984 -2.5731683 1.6804903 4.886006 -0.30604348 1002.65 
20150620163656 -3.9641995 -11.971008 0.8218097 3.3417382 4.298964 -0.3753767 1002.34 
20150620163656 -2.742558 -7.78355 -0.26755205 3.6868773 2.8258626 -1.2260065 1002.34 
20150620163656 -0.6560113 -5.759252 -0.6440403 3.5863898 1.7938058 -1.0629056 1002.34 
20150620163656 -2.1667526 -4.996699 -0.5303157 3.1783319 1.294118 -0.38056904 1002.34 
20150620163656 4.1066546 -2.7102363 -0.36750996 2.7910433 0.33383787 -0.30268374 1002.34 
20150620163656 5.1756654 -1.7938557 -2.255338 2.928488 0.13072516 0.20769419 1002.34 
20150620163656 1.8052281 -0.8810662 -2.4313118 2.7574458 0.19608775 -0.1133155 1002.34 
20150620163656 0.07182605 -0.581791 -0.80564886 2.3127358 1.0021244 -0.7153232 1002.34 
20150620163656 -2.360683 0.5722142 -0.6799533 2.0570886 2.137723 -1.1676689 1002.34 
20150620163656 -4.1916485 -1.163582 1.4502877 1.5922203 2.2864685 -1.4782939 1002.48 
20150620163656 -3.6050692 -8.091804 2.8072014 0.17440203 1.9401081 -1.452943 1002.48 
20150620163656 -1.0654198 -10.003573 2.355296 -1.0317514 1.4645494 -1.2947289 1002.48 
20150620163656 8.4234 -19.484013 18.024748 -2.137723 0.84604836 -0.7312057 1002.48 
20150620163656 2.9532478 -19.461866 15.899894 -2.4126122 -0.40500367 0.022602014 1002.48 
20150620163656 -0.5638345 -5.0374002 10.569802 -0.2593123 -2.7348437 0.038179077 1002.48 
20150620163656 -5.647323 -2.2092497 -3.6134489 1.5855007 -0.8020661 -0.8573494 1002.48 
20150620163656 -2.1625626 -19.358318 2.6192567 1.2281445 1.7525724 -1.2186762 1002.48 
20150620163656 -1.0067618 -19.608511 -12.241553 -0.31398472 1.8380935 -0.8145888 1002.48 
20150620163656 -1.0456676 -5.6940103 -3.2531216 -1.9150625 -0.06780604 1.2403619 1002.62 
20150620163656 0.43754035 -0.9391256 -1.0372878 -1.6713274 0.90469146 2.115121 1002.62 
20150620163657 1.8926164 -1.5155296 -3.0651767 -0.26939157 -2.6117544 -1.9498819 1002.62 
20150620163657 3.6469676 -5.0158525 -2.8496985 -0.77640975 -1.8533652 -1.9040669 1002.62 
20150620163657 3.582923 -9.036914 -6.084265 -1.208597 -1.6481144 0.5696318 1002.62 
20150620163657 1.1079168 -15.476718 0.79726917 -2.5592198 -2.7601945 2.784629 1002.62 
20150620163657 0.5374983 -14.925453 -0.4297592 -3.4278703 -2.563496 3.0017917 1002.62 
20150620163657 3.679888 -6.8103065 0.8702923 -2.133447 -2.7522533 1.20371 1002.62 
20150620163657 3.2519245 -1.8261774 -1.9734207 -1.1588113 -1.9468275 0.16035213 1002.62 
20150620163657 -0.8882488 -4.3448777 -2.0578163 -1.2666291 -1.7379116 -0.17715092 1002.44 
20150620163657 -1.2204443 -9.379884 0.28491 -2.078469 -1.8267925 0.32834008 1002.44 
20150620163657 1.0761937 -12.090718 3.0490158 -2.0525072 -1.9798143 1.319469 1002.44 
20150620163657 4.6285906 -10.556634 3.405752 -1.4422529 -1.6957619 1.3399329 1002.44 
20150620163657 5.8388596 -8.916007 -0.34596214 -1.0268645 -1.1114693 0.82527894 1002.44 
20150620163657 3.5942953 -9.7958765 -0.26515785 -0.6930266 -1.2012665 0.77671516 1002.44 
20150620163657 2.018312 -12.391191 5.8466406 -0.5842926 -1.8063285 0.61941737 1002.44 
20150620163657 5.504868 -12.166136 4.0922894 -0.72295904 -1.8674151 0.48655418 1002.44 
20150620163657 7.5285673 -13.315352 1.9434932 -0.44501534 -1.0873401 0.64965516 1002.44 
20150620163657 8.076241 -12.780848 2.3630772 -0.08307768 -0.49418998 0.6603453 1002.63 
20150620163657 7.2047515 -12.597093 2.5959132 0.25228736 -0.49754974 0.5326745 1002.63 
20150620163657 7.5291657 -17.064074 2.1511903 0.6389651 -0.54092115 0.23090707 1002.63 
20150620163657 7.180211 -17.20653 -3.4691982 1.459357 -0.45906523 -0.32070425 1002.63 
20150620163657 -3.4662056 -17.452534 -5.997475 2.334727 0.3735441 -1.2843442 1002.63 
20150620163657 -8.316259 -18.485632 -4.7668557 2.2418754 2.4556782 -1.817935 1002.63 
20150620163657 -7.9236107 -19.13027 -2.15957 1.5250251 3.513086 -1.0326678 1002.63 
20150620163657 -4.7937903 -15.831658 -1.2348095 2.0641136 4.836831 0.56199604 1002.63 
20150620163657 -1.0480618 -10.824784 -0.7224504 3.1392365 4.057367 -0.07666359 1002.63 
20150620163657 -0.017956512 -8.082825 -0.48602295 3.3872478 1.9672915 -1.0445796 1002.45 
20150620163657 0.17238252 -6.5086374 -1.0474633 3.4040465 1.0467176 -0.8588765 1002.45 
20150620163657 -3.3806129 -5.4300494 -0.8391677 3.1957414 0.713796 -0.5842926 1002.45 
20150620163657 2.0081367 -1.6962919 -0.42317516 2.8658743 0.4251622 -0.4908302 1002.45 
20150620163657 2.3558946 -1.323395 -0.5506664 2.4034493 0.32925636 -0.17165314 1002.45 
20150620163657 1.2276269 -0.5907693 -1.2228385 2.1804836 0.6282749 -0.43310347 1002.45 
20150620163657 1.2611457 -0.86969376 -0.23642741 2.014939 1.2599095 -0.8145888 1002.45 
20150620163657 0.6428431 -0.5823896 -0.8487445 1.8344283 1.7724255 -1.1701124 1002.45 
20150620163657 -1.8632874 -2.195483 -0.3250129 1.4957036 2.0760255 -1.5809193 1002.45 
20150620163657 -1.2802993 -9.936536 2.0925324 0.5186246 2.0140228 -1.625207 1002.49 
20150620163657 -0.35434186 -14.237121 3.5338416 -0.6227771 2.1975877 -1.317331 1002.49 
20150620163657 4.221576 -19.608511 15.049952 -1.5326608 1.5091426 -0.8744536 1002.49 
20150620163657 -0.59615624 -18.592772 14.853627 -2.330451 0.4550946 -0.047036625 1002.49 
20150620163657 -1.9177556 -2.7970262 8.904634 -0.7305948 -1.72264 0.08032878 1002.49 
20150620163657 -4.8859673 2.3259668 -3.0609868 1.3976597 -1.5164729 -1.1731668 1002.49 
20150620163657 -11.595717 -9.202713 -1.4640543 0.98715824 0.6053675 -1.4288138 1002.49 
20150620163657 -0.5327099 -19.608511 -15.243882 0.048563786 1.3613132 -0.8686504 1002.49 
20150620163657 6.427833 -17.642273 -0.66259533 -2.0861049 0.2501493 0.9984592 1002.49 
20150620163657 2.3139958 -3.0998926 -2.7162218 -3.5277467 -0.5348125 3.92542 1002.52 
20150620163657 0.41240123 1.4790181 1.6627731 0.355829 -1.894904 -2.146275 1002.52 
20150620163657 1.3904326 0.7703344 -3.764882 -0.6814202 -1.9291124 -2.7818804 1002.52 
20150620163657 -1.395221 -3.517681 -5.051167 -0.9230174 -1.9230038 -0.18234327 1002.52 
20150620163657 -1.7561469 -14.993689 0.770933 -2.1688771 -2.4284947 2.4584272 1002.52 
20150620163657 2.3343468 -18.171392 -2.9005754 -3.5647042 -2.7669141 3.225063 1002.52 
20150620163657 10.21546 -7.5453267 -2.7281928 -2.2696698 -2.95109 1.7687603 1002.52 
20150620163658 3.876811 -4.545392 -0.8762778 -0.929126 -2.1077905 0.30543262 1002.52 
20150620163658 -1.1779473 -4.699219 0.34356794 -1.3775011 -1.6255124 -0.36285394 1002.52 
20150620163658 -1.3605051 -7.5944076 2.920926 -2.0179935 -1.2296717 0.14630222 1002.54 
20150620163658 0.6051345 -12.035053 5.7095723 -1.7256943 -1.3573426 0.93615097 1002.54 
20150620163658 4.8859673 -11.021708 0.3309984 -1.102001 -1.3344351 0.70738196 1002.54 
20150620163658 4.23235 -8.356961 -1.5939398 -0.46700647 -1.5464053 0.19333886 1002.54 
20150620163658 -0.9103952 -10.398018 1.8608932 -0.5925393 -2.1875083 0.26206118 1002.54 
20150620163658 2.5677812 -12.492346 7.9427643 -0.7519751 -2.0635028 0.51068336 1002.54 
20150620163658 9.698313 -12.603676 2.1152773 -0.8918633 -2.0482311 1.0485502 1002.54 
20150620163658 9.500791 -11.481394 0.46567222 -0.01160644 -1.4749341 1.1936307 1002.54 
20150620163658 6.761824 -12.887389 3.1615434 0.31429017 -0.38087448 0.7706065 1002.54 
20150620163658 4.0863037 -11.118672 2.8365304 0.22052236 -0.54244834 0.34055737 1002.58 
20150620163658 4.3089647 -12.282255 3.733159 0.43004912 -0.84299403 -0.013744468 1002.58 
20150620163658 7.4286094 -19.608511 -0.22505496 1.1829406 -0.48533243 -0.14508049 1002.58 
20150620163658 0.78769237 -18.97285 -9.471462 2.2898283 0.021685716 -0.689056 1002.58 
20150620163658 -6.130952 -19.535488 -4.8428717 2.5967882 1.9886718 -1.5601498 1002.58 
20150620163658 -5.021838 -19.608511 -2.2104468 1.3023647 3.6661077 -1.6377298 1002.58 
20150620163658 -4.9781437 -16.43859 -1.3814543 1.6013832 4.200615 -0.14446963 1002.58 
20150620163658 -2.8981812 -11.074979 -0.8750807 3.1557298 4.1529675 -0.7489208 1002.58 
20150620163658 -1.6496049 -8.8328085 -1.2785037 3.2507193 2.7574458 -1.6807957 1002.58 
20150620163658 -1.4520833 -7.125743 -1.6915035 3.364035 1.7037032 -1.1307116 1002.46 
20150620163658 -0.97982705 -5.319318 -1.2234371 3.245527 1.20371 -0.71868294 1002.46 
20150620163658 2.432509 -1.6136919 -0.088585466 2.8029552 0.60139686 -0.4972443 1002.46 
20150620163658 3.5236664 -0.5482722 -1.0666169 2.5445592 0.4804455 -0.43951756 1002.46 
20150620163658 1.1671734 0.012569559 -1.5682021 2.6224444 0.9166033 -0.121256754 1002.46 
20150620163658 0.45070848 -0.20590134 -0.51475334 2.4346035 1.1801916 -0.54367006 1002.46 
20150620163658 -1.0139444 -0.43873745 -0.81163436 2.2424862 1.7186694 -0.7837401 1002.46 
20150620163658 -3.6098576 -0.8391677 -1.316811 1.6875153 2.042428 -1.3121386 1002.46 
20150620163658 -1.7435774 -9.005191 -0.05626374 0.4709771 1.8399261 -1.4242324 1002.46 
20150620163658 -0.57760113 -14.152725 3.8085763 -0.7165449 1.9278907 -1.0534371 1002.56 
20150620163658 9.170391 -19.608511 19.348742 -1.7507398 1.1475104 -0.5012149 1002.56 
20150620163658 3.803788 -18.17618 15.964537 -2.264172 -0.70646566 0.29993483 1002.56 
20150620163658 -0.29508537 0.34117374 8.388085 -0.45204028 -2.4904976 0.46822822 1002.56 
20150620163658 -2.504335 3.630807 -2.2068555 1.7956384 -1.3182472 -0.91874135 1002.56 
20150620163658 -8.879496 -0.4177882 -8.539519 0.98440933 1.2794572 -1.1230757 1002.56 
20150620163658 -9.872491 -19.608511 -10.333375 -0.48349985 1.6594155 -0.77366084 1002.56 
20150620163658 11.847109 -19.608511 9.625289 -2.2317963 -0.3381139 -0.087659165 1002.56 
20150620163658 3.799598 -3.9875429 -3.6332011 -4.353026 -1.6371188 3.8078284 1002.56 
20150620163658 -1.785476 1.5879543 2.4037786 0.18509217 -1.2479976 -0.52412236 1002.5 
20150620163658 -0.1604115 2.7419596 -2.285864 0.093767814 -1.4129313 -3.7754526 1002.5 
20150620163658 -2.178125 0.18734628 -7.3178773 -0.6261369 -1.3640621 -0.090713486 1002.5 
20150620163658 -1.0324994 -10.596737 -0.6290765 -1.2131784 -2.014939 2.0821342 1002.5 
20150620163658 2.1799207 -19.608511 -2.2038627 -2.9825497 -2.493552 3.4999523 1002.5 
20150620163658 10.113707 -11.75972 -2.5959132 -2.8655689 -2.8182268 2.4510968 1002.5 
20150620163658 9.400234 -1.4526819 -0.94451255 -0.9275989 -2.166739 0.5714644 1002.5 
20150620163658 0.46627077 -2.3983915 0.3716998 -1.1749994 -1.6530013 -0.61453044 1002.5 
20150620163658 -3.5823243 -6.8348475 0.7182605 -1.7928895 -1.6936239 -0.79534656 1002.5 
20150620163658 -4.9428296 -12.0967045 2.694674 -2.1481075 -1.6334536 0.34330627 1002.53 
20150620163658 -1.271321 -12.838906 3.1184478 -2.0696115 -1.5763378 1.2302825 1002.53 
20150620163658 3.4865563 -9.21229 -0.82480246 -1.1429288 -1.1346822 1.0961977 1002.53 
20150620163659 4.758476 -9.464878 1.5340848 -0.6942484 -1.0647382 1.0173961 1002.53 
20150620163659 4.5543704 -11.149199 4.1533413 -0.6542367 -1.2815952 1.0684034 1002.53 
20150620163659 8.755595 -11.186908 2.8514943 -0.6301075 -2.042428 1.0534371 1002.53 
20150620163659 9.041702 -11.250953 0.7769185 -0.2932153 -2.172237 0.86345804 1002.53 
20150620163659 6.2434793 -12.543821 3.1489737 0.0036651916 -1.1346822 0.64476824 1002.53 
20150620163659 4.56275 -11.898584 3.228581 -0.09468412 -0.43890667 0.29016098 1002.53 
20150620163659 4.035427 -10.909779 2.0817583 0.15577064 -0.5390886 0.13775012 1002.64 
20150620163659 4.5675383 -17.82962 4.2664676 0.766025 -0.44959682 0.05497787 1002.64 
20150620163659 4.1581297 -19.518131 -6.23091 1.543351 -0.5326745 -0.2452624 1002.64 
20150620163659 -6.105214 -18.251598 -7.1844006 2.5442538 0.258396 -1.1233811 1002.64 
20150620163659 -3.7858315 -18.53112 -2.8550856 1.8750509 2.4611762 -1.6844609 1002.64 
20150620163659 -3.5212722 -19.401413 -2.5252843 1.3567317 3.6007452 -0.95447695 1002.64 
20150620163659 -2.52289 -14.919468 1.5987282 2.7146852 4.070806 -0.25137106 1002.64 
20150620163659 -2.2571337 -9.762956 -1.2425907 3.3713653 3.0243938 -1.7537941 1002.64 
20150620163659 -1.1264719 -7.3567834 -0.961272 3.3719761 1.9135354 -2.1138992 1002.64 
20150620163659 0.1436521 -5.9424086 -0.9528923 3.361897 1.8319849 -1.0952814 1002.58 
20150620163659 -2.223615 -3.5930982 0.31304187 2.7605 0.9636399 -0.65026605 1002.58 
20150620163659 1.2791022 -0.7930793 0.2801216 2.4593434 0.6533204 -0.50243664 1002.58 
20150620163659 1.7549498 -0.5770026 -1.0959458 2.4889705 0.9624182 -0.09132435 1002.58 
20150620163659 0.46926352 -0.5093664 -0.7906851 2.6099217 1.061073 0.004886922 1002.58 
20150620163659 0.93134445 -1.3724761 -0.42437226 2.5097399 1.2302825 -0.34574974 1002.58 
20150620163659 -1.5059528 -1.1563994 -1.508347 2.2427917 1.491733 -0.6966918 1002.58 
20150620163659 -4.4993033 -2.6898856 -1.8405426 1.4498887 1.7321084 -1.402852 1002.58 
20150620163659 -1.0546459 -9.934141 -1.3467385 0.02687807 1.9278907 -1.4340062 1002.58 
20150620163659 2.055422 -15.046959 8.409634 -1.2498302 1.9703459 -0.8564331 1002.51 
20150620163659 9.18715 -19.608511 19.608511 -2.538756 0.55863625 0.10873401 1002.51 
20150620163659 1.7441759 -15.669452 15.26962 -2.670703 -1.8054122 0.80756384 1002.51 
20150620163659 -1.0696096 0.5351041 7.7464395 -0.37720928 -2.7635543 0.28191432 1002.51 
20150620163659 -5.644929 0.41359833 -7.491457 1.1414018 -0.312763 -1.4126259 1002.51 
20150620163659 -10.159795 -15.943587 -0.22325931 0.50640726 1.5558738 -1.534799 1002.51 
20150620163659 -0.66379243 -19.608511 -11.98657 -0.90377516 1.3756685 -0.6618725 1002.51 
20150620163659 4.110844 -12.52766 2.011728 -2.2305744 -0.8762862 1.2675453 1002.51 
20150620163659 2.9107506 -5.519832 -3.7008374 -3.2769866 -0.559858 3.6343427 1002.51 
20150620163659 0.29508537 -1.3335704 1.5783775 0.27122417 -1.8716911 -2.5008824 1002.51 
20150620163659 -1.1587936 -2.022502 -2.1416135 -0.8793405 -1.1404854 -2.5179865 1002.51 
20150620163659 -3.933075 -3.602675 -4.507085 -1.2098186 -2.4480424 0.8579602 1002.51 
20150620163659 -2.5169046 -14.759056 1.0690111 -1.8894062 -3.0805933 2.6606236 1002.51 
20150620163659 5.1343656 -16.3099 -4.5016975 -3.196658 -2.898861 3.20521 1002.51 
20150620163659 12.744934 -6.464943 -4.0916905 -1.9275852 -2.4468207 2.046704 1002.51 
20150620163659 4.1042604 -5.4288526 -0.05207389 -0.83108217 -1.5845845 0.7809912 1002.51 
20150620163659 -1.958457 -4.717176 0.98341835 -1.9593502 -1.6450601 -0.34391713 1002.51 
20150620163659 -2.498948 -7.397485 2.867655 -2.3139575 -1.2977833 0.06505715 1002.51 
20150620163659 -0.75237787 -11.450869 5.1002483 -1.856114 -1.4953982 0.9560041 1002.56 
20150620163659 4.7979803 -11.612476 -0.16460137 -1.3026701 -1.3075571 0.93218035 1002.56 
20150620163659 5.740697 -9.088389 -1.4335283 -0.7305948 -1.4046847 0.34605515 1002.56 
20150620163659 1.1851299 -10.475829 3.1681273 -0.68386364 -2.0693061 0.37659842 1002.56 
20150620163659 4.2491093 -11.909358 5.957971 -0.634689 -1.9883664 0.44348818 1002.56 
20150620163659 9.440337 -11.693281 1.22224 -0.6808093 -1.9630154 0.7309003 1002.56 
20150620163659 9.053674 -12.5743475 0.492607 0.07727446 -1.398576 0.97524637 1002.56 
20150620163700 5.6150017 -13.357251 4.1060557 0.27947086 -0.54153204 0.6737844 1002.56 
20150620163700 4.2521024 -11.325172 2.710835 0.17562376 -0.31795537 0.12705997 1002.56 
20150620163700 4.6273932 -16.782156 4.8781857 0.45998153 -0.6618725 -0.06261369 1002.55 
20150620163700 4.739322 -19.608511 -4.4484267 1.348485 -0.7128797 -0.21013765 1002.55 
20150620163700 -6.275801 -18.810644 -8.202535 2.5546384 0.038789943 -0.97341377 1002.55 
20150620163700 -4.799177 -17.560871 -5.351041 2.4630086 2.223244 -1.6978999 1002.55 
20150620163700 -4.148553 -19.608511 -1.2838906 1.557401 3.4593298 -0.5858198 1002.55 
20150620163700 -3.6254199 -16.089035 0.3812766 2.5415049 4.503604 0.24678956 1002.55 
20150620163700 -2.658761 -10.105327 0.06284779 3.644422 3.3224962 -1.2654073 1002.55 
20150620163700 -1.9877859 -7.6003933 -1.4323312 3.5436292 1.8869628 -2.0094411 1002.55 
20150620163700 0.89782566 -6.0944405 -1.0654198 3.62182 1.3365731 -1.1704178 1002.55 
20150620163700 -1.9614497 -3.7343562 0.56922144 2.908635 0.9086621 -0.7171558 1002.75 
20150620163700 2.1745336 -1.1779473 0.30226797 2.6328292 0.5458081 -0.68203104 1002.75 
20150620163700 1.2970588 -0.6715736 -0.9648633 2.5051584 0.6038403 -0.15118915 1002.75 
20150620163700 0.5434838 -0.29867667 -0.16340427 2.3527474 0.5558874 -0.24037547 1002.75 
20150620163700 0.14425065 -0.3172317 0.9840169 2.1432207 1.135904 -0.5360342 1002.75 
20150620163700 -1.01574 0.12449849 -0.9720459 1.9724839 1.5690074 -0.9309586 1002.75 
20150620163700 -3.9546227 -0.9379285 -1.4550761 1.5234979 1.6927075 -1.2525792 1002.75 
20150620163700 -0.7230489 -7.387908 -0.10414778 0.21930063 1.8811595 -1.1734722 1002.75 
20150620163700 1.5065514 -12.0488205 5.4737434 -1.1398746 2.212554 -0.59956425 1002.75 
20150620163700 8.289924 -19.581577 19.220652 -2.2348504 0.98563105 0.040011674 1002.59 
20150620163700 2.0428526 -18.707693 13.897742 -2.5228734 -0.94134337 0.7858781 1002.59 
20150620163700 -1.359308 -3.3913867 10.654198 -1.1792754 -1.8918496 0.5888741 1002.59 
20150620163700 -8.925584 -5.1523223 -6.724714 0.7791586 -0.40622538 -1.0491611 1002.59 
20150620163700 -1.8722657 -19.608511 -9.849746 0.8359691 1.17897 -1.5885551 1002.59 
20150620163700 1.0115502 -18.829199 -4.043208 -0.5308419 1.2528846 -0.6563747 1002.59 
20150620163700 1.1378443 -0.4961983 -4.0683475 -2.6481009 -0.45173484 2.0158553 1002.59 
20150620163700 -0.018555064 -1.8447324 -2.3092074 -1.779756 -0.15790866 1.3060299 1002.59 
20150620163700 -0.007182605 -4.669292 -2.926313 -0.48258355 -2.2898283 -2.6945267 1002.59 
20150620163700 -0.4914099 -6.6391215 -4.797382 -1.0296134 -1.1695015 -1.1792754 1002.49 
20150620163700 -2.3523033 -11.129447 -1.9315223 -1.7889189 -2.5118778 1.8976529 1002.49 
20150620163700 -1.0480618 -18.768745 -0.06703765 -2.9431489 -3.5228598 3.2895093 1002.49 
20150620163700 6.1866174 -10.092757 -3.2800562 -3.098614 -3.3802228 2.7687466 1002.49 
20150620163700 8.89805 -2.8688521 -1.6484078 -1.4987578 -2.706744 1.2223413 1002.49 
20150620163700 2.034473 -4.3754034 -0.42197806 -1.2125676 -1.7760907 0.08552113 1002.49 
20150620163700 -0.9840169 -6.2105594 1.9692309 -1.8643607 -2.2156084 0.0870483 1002.49 
20150620163700 0.16639702 -9.795278 2.9634233 -1.96271 -1.9721785 0.9370673 1002.49 
20150620163700 3.2782607 -11.632828 3.690662 -1.5968018 -1.4584408 1.4114041 1002.49 
20150620163700 6.0208187 -9.810242 -0.9235633 -1.1123856 -0.86834496 0.552833 1002.63 
20150620163700 2.8951883 -10.119692 -0.4950012 -0.64660084 -1.1255192 0.048563786 1002.63 
20150620163700 -1.6136919 -10.866683 3.0711622 -0.6423248 -2.058005 0.22296582 1002.63 
20150620163700 3.2465374 -11.748347 6.853402 -0.9077458 -2.097406 0.5204572 1002.63 
20150620163700 9.305663 -12.877812 0.84814596 -0.89858276 -1.3038919 0.97341377 1002.63 
20150620163700 9.187749 -12.429498 0.30585927 -0.0015271631 -1.1160508 1.2522738 1002.63 
20150620163700 4.791396 -12.64737 2.9352913 0.27305678 -0.4636467 0.82833326 1002.63 
20150620163700 2.754529 -11.015722 1.2210429 0.17959438 -0.20861048 0.17623462 1002.63 
20150620163700 2.8927941 -16.769587 4.044405 0.6056729 -0.6032294 -0.13255776 1002.63 
20150620163700 4.8045645 -19.592949 -3.5930982 1.2513574 -0.43279803 -0.24404067 1002.51 
20150620163700 -4.8733974 -17.665617 -7.5950065 2.400395 0.019547688 -0.6973027 1002.51 
20150620163700 -5.616797 -16.81807 -4.336498 2.496301 1.7440202 -1.3432927 1002.51 
20150620163700 -3.4685998 -18.756176 -0.7739257 1.5851953 3.121216 -0.79901177 1002.51 
20150620163701 -2.315193 -16.007633 0.7787141 2.7867672 4.1346416 0.20769419 1002.51 
20150620163701 -1.5616181 -11.155783 0.8403648 3.7137554 3.1401527 -0.6963864 1002.51 
20150620163701 -0.48722005 -8.971074 -1.22224 3.4642167 1.6258179 -1.625207 1002.51 
20150620163701 -0.3597288 -6.9587474 -1.0013748 3.3017266 0.7849618 -1.5033394 1002.51 
20150620163701 -2.8987796 -4.796783 -0.4902128 2.9049697 0.7134906 -1.1530081 1002.51 
20150620163701 1.471237 -1.4030021 -0.28790274 2.5567765 0.6310238 -0.6826419 1002.85 
20150620163701 2.5133133 -1.0193313 -0.6266823 2.346028 1.0216721 -0.32253686 1002.85 
20150620163701 1.2018893 -0.3489549 -0.80684596 2.349693 1.3634512 -0.08979719 1002.85 
20150620163701 0.66618663 -0.23283611 0.4297592 2.158187 1.348485 -0.24831672 1002.85 
20150620163701 -0.92895025 -0.24420857 -1.003769 1.7870862 1.7443258 -0.66920286 1002.85 
20150620163701 -2.883816 -1.1791444 -1.2473791 1.1355985 1.8579466 -1.1548407 1002.85 
20150620163701 -2.1655555 -8.183381 1.4221559 0.35063666 2.0683897 -1.2284501 1002.85 
20150620163701 0.31304187 -13.454815 3.503914 -0.7318166 2.0619757 -0.95478237 1002.85 
20150620163701 5.3516393 -19.607315 15.089457 -1.707063 1.3313808 -0.44043383 1002.85 
20150620163701 1.7405846 -18.92796 15.247474 -2.6331346 0.047647487 0.29046643 1002.59 
20150620163701 -1.30484 -3.5727475 8.851364 -0.88056225 -1.6548339 0.009773844 1002.59 
20150620163701 -4.955399 2.082357 -2.544438 1.2333369 -0.6722572 -1.2666291 1002.59 
20150620163701 -14.828488 -13.882778 4.824915 1.284955 0.9755518 -1.9126191 1002.59 
20150620163701 -2.520496 -19.608511 -15.865776 0.20922135 1.1768318 -1.1371256 1002.59 
20150620163701 5.8879404 -8.7538 0.039504327 -1.7318029 -0.1872302 1.1863003 1002.59 
20150620163701 4.3526587 0.62847793 -4.1299977 -2.0992384 0.06078109 4.4098363 1002.59 
20150620163701 2.782661 1.3736732 -4.449025 1.6465873 -1.4361442 -0.9486737 1002.59 
20150620163701 3.6882677 -3.9013517 -3.259107 -0.42149702 -1.5836681 -3.6383133 1002.59 
20150620163701 -0.6985083 -12.010512 -4.173692 -1.629483 -1.3997977 -0.16371189 1002.5 
20150620163701 -6.884527 -19.608511 1.4389153 -2.9434543 -2.8130345 2.5146267 1002.5 
20150620163701 0.9223662 -11.660361 -2.0727801 -3.515224 -3.4180965 2.9761355 1002.5 
20150620163701 5.459977 -4.5232453 -1.9692309 -2.2953262 -3.4746015 2.0103576 1002.5 
20150620163701 3.6140475 -3.6445735 -2.9801826 -0.8353582 -2.2495112 0.83077675 1002.5 
20150620163701 0.2813187 -6.393117 0.623091 -1.5537357 -2.0726657 0.21044308 1002.5 
20150620163701 1.9578584 -9.134478 1.9249382 -1.8390098 -2.25562 0.9923506 1002.5 
20150620163701 5.932832 -10.418368 3.8001966 -1.3768903 -2.0824397 1.5583172 1002.5 
20150620163701 7.045537 -8.218696 0.7026982 -0.9828822 -0.5842926 0.8668178 1002.5 
20150620163701 6.1728506 -7.6081743 0.6703765 -0.42302418 -0.37415496 -0.45845437 1002.56 
20150620163701 0.06943185 -10.958859 2.6437972 -0.46273044 -1.6545285 -0.46761733 1002.56 
20150620163701 -2.461838 -9.9550905 4.699219 -0.7690793 -2.7699685 -0.24801129 1002.56 
20150620163701 3.8061821 -10.875661 4.3927617 -0.9642508 -1.8753563 0.38759398 1002.56 
20150620163701 9.010578 -12.45344 -0.9564836 -0.72051555 -0.7675522 1.1560625 1002.56 
20150620163701 7.457938 -11.742961 0.6859388 0.04642576 -0.7874053 1.5329664 1002.56 
20150620163701 3.7349546 -11.20247 2.2481554 0.20616703 -0.21471913 1.1866057 1002.56 
20150620163701 3.828927 -13.154942 2.3612814 0.10262536 -0.19730948 0.5183192 1002.56 
20150620163701 4.156933 -18.054674 0.3321955 0.5934556 -0.64843345 0.14263703 1002.56 
20150620163701 2.3469162 -15.750256 -3.726575 1.4013249 -0.20555615 -0.022296581 1002.5 
20150620163701 -11.535264 -18.332403 -3.107674 2.1978931 0.7819075 -0.58062744 1002.5 
20150620163701 -9.3978405 -15.811308 -4.695628 2.0503693 2.307849 -1.3942999 1002.5 
20150620163701 -3.9641995 -15.270817 -2.2679076 1.7098118 1.847562 -0.39706242 1002.5 
20150620163701 -0.8182184 -14.739305 0.40940848 2.3032675 2.7617218 0.3390302 1002.5 
20150620163701 -0.6063316 -11.930905 2.047641 2.8903089 2.7382035 -0.5983425 1002.5 
20150620163701 1.1731589 -10.29387 2.4522612 3.0537155 0.35369098 -1.2819008 1002.5 
20150620163701 2.2529438 -8.89805 0.557849 2.8631253 -0.2773328 -1.4117095 1002.5 
20150620163701 4.0066967 -6.5655 0.04309563 2.8707612 -0.35643986 -1.3775011 1002.5 
20150620163702 -0.4866215 -5.0984526 0.44831428 2.733011 0.4092797 -1.0711522 1002.74 
20150620163702 1.1647792 -4.204817 -0.6266823 2.2602015 1.119716 -1.0537425 1002.74 
20150620163702 -0.06284779 -2.678513 0.39923313 1.8121318 1.9178114 -0.61361414 1002.74 
20150620163702 -0.80684596 -2.4319103 0.2100912 1.6358972 2.3576343 -0.78954333 1002.74 
20150620163702 -0.8571242 -3.2561142 0.07062895 1.196685 2.2198844 -0.79045963 1002.74 
20150620163702 -0.84216046 -3.1202433 -0.97264445 0.7021896 2.03693 -1.0079277 1002.74 
20150620163702 -1.6753427 -3.6511576 -0.9175778 0.27397305 1.6581937 -1.1206323 1002.74 
20150620163702 -2.6617537 -4.796783 0.0796072 -0.39614612 1.642922 -1.1301007 1002.74 
20150620163702 -1.9357121 -7.7081323 1.6699557 -1.1911873 1.5619824 -0.98440933 1002.74 
20150620163702 0.26396075 -11.967417 8.461109 -1.9416351 0.80848014 -0.38637227 1002.58 
20150620163702 3.7379475 -19.608511 15.200787 -2.042428 -0.20861048 0.3475823 1002.58 
20150620163702 4.6178164 -15.689802 10.123882 -1.4343116 -1.1771374 0.6270532 1002.58 
