20150620163547 -9.31943 -3.520075 -4.5418005 -0.089491755 0.36193767 0.053145275 1002.01 
20150620163547 -6.7163343 -2.4863784 -1.7830818 -0.10262536 -0.2648101 0.06352998 1002.01 
20150620163547 -5.173271 -0.30226797 -0.45310268 -0.017104227 -0.68783426 0.01740966 1002.01 
20150620163547 -5.659893 1.2982559 -0.8122329 0.13683382 -0.64721173 -0.18570304 1002.01 
20150620163547 -6.344036 2.3391352 -2.271499 0.24556783 -0.09407325 -0.3933972 1002.01 
20150620163548 -6.3242836 2.8963854 -3.5362358 0.3313944 0.2501493 -0.50823987 1002.01 
20150620163548 -5.6760535 2.292448 -3.7726634 0.2846632 0.34574974 -0.4813618 1002.01 
20150620163548 -4.9643774 0.56682724 -2.9861681 0.22235495 0.14355333 -0.46120325 1002.01 
20150620163548 -4.860828 -1.8381484 -1.7004818 0.10048734 -0.12370021 -0.46670106 1002.01 
20150620163548 -5.7496753 -2.392406 -0.95827925 -0.09743301 -0.17654006 -0.4016439 1002.05 
20150620163548 -6.7444663 -2.3582888 -0.38726214 -0.36743546 -0.0033597588 -0.3295618 1002.05 
20150620163548 -8.152855 -1.6310499 -0.57879823 -0.50579643 0.19730948 -0.22785273 1002.05 
20150620163548 -10.649409 -0.48482585 -1.5969325 -0.44348818 0.2761111 -0.14202617 1002.05 
20150620163548 -14.049175 0.6619968 -2.445677 -0.24831672 0.32498032 -0.029932396 1002.05 
20150620163548 -16.375742 0.760159 -2.408567 -0.086132 0.48502702 0.011911872 1002.05 
20150620163548 -16.342821 -0.8858546 -2.2134395 -0.0106901415 0.5363397 -0.0290161 1002.05 
20150620163548 -14.3694 -2.9999347 -0.6751649 0.056199603 0.33292156 -0.13408493 1002.05 
20150620163548 -12.735956 -2.883816 1.0414777 0.099265605 -0.18692477 -0.057421334 1002.05 
20150620163548 -11.568783 -2.8658595 0.13946225 0.030543262 -0.82253003 0.12675454 1002.09 
20150620163548 -9.968858 -3.016694 -3.5733461 0.06658431 -0.9025534 0.18509217 1002.09 
20150620163548 -9.324817 -1.7531542 -7.6333137 0.3585779 -0.7538077 0.22266038 1002.09 
20150620163548 -11.484985 0.44831428 -11.247959 0.77640975 -0.32925636 0.086132 1002.09 
20150620163548 -10.62427 3.8546648 -10.177752 0.9639453 0.29077184 -0.21288654 1002.09 
20150620163548 -9.322423 5.3462524 -5.691616 0.7473936 0.15699236 -0.03145956 1002.09 
20150620163548 -6.238691 4.6046486 0.26755205 0.48288897 -0.7348709 0.092240654 1002.09 
20150620163548 -4.698621 1.525705 1.5634137 0.42271876 -1.5381587 0.013744468 1002.09 
20150620163548 -6.306926 -0.36750996 0.85473 0.34238997 -1.4844025 0.03634648 1002.09 
20150620163548 -7.599795 -1.1073183 -1.1528081 0.02443461 -0.6747007 0.129198 1001.99 
20150620163548 -7.0832458 -1.0336965 -4.1742907 -0.1001819 0.48258355 0.39095375 1001.99 
20150620163548 -5.4324436 -0.682946 -5.5623293 -0.025961773 0.9398162 0.5561928 1001.99 
20150620163548 -4.4280763 0.032920275 -4.1144357 0.09193522 0.643852 0.55833083 1001.99 
20150620163548 -4.2945995 0.1921347 -1.6130934 0.22479841 0.2507602 0.44806966 1001.99 
20150620163548 -5.16968 0.15442601 0.47225627 0.31856623 -0.16493362 0.3032946 1001.99 
20150620163548 -6.8240733 2.0530279 1.9021933 0.38026363 -0.3576616 0.22113322 1001.99 
20150620163548 -8.933964 3.1992521 1.3335704 0.3680463 -0.3200934 0.12186762 1001.99 
20150620163548 -11.848905 2.939481 0.17298107 0.4089743 -0.12583824 -0.045814894 1001.99 
20150620163548 -14.930242 1.3449428 -1.4957775 0.52931476 0.10170906 -0.13561209 1002.15 
20150620163548 -15.78557 -0.36272156 -1.5939398 0.5045747 0.30726522 -0.14385876 1002.15 
20150620163548 -16.39669 0.6973112 -0.59615624 0.3036 0.37323865 0.0021380284 1002.15 
20150620163548 -15.815498 2.0685902 0.17537527 0.1777618 0.44715336 0.1337795 1002.15 
20150620163548 -13.043013 2.9233203 -0.688333 0.09193522 0.20097467 0.016493361 1002.15 
20150620163548 -10.059837 2.7419596 -3.3273418 -0.086132 -0.4392121 -0.13775012 1002.15 
20150620163548 -8.537724 3.1663318 -6.752846 -0.19425514 -0.77304995 -0.20799962 1002.15 
20150620163548 -8.473679 3.3931823 -11.100717 -0.103847094 -0.89980453 0.16065755 1002.15 
20150620163548 -9.201516 1.608305 -9.69532 -0.19730948 -0.37507126 0.64965516 1002.15 
20150620163548 -11.397597 -2.8520927 -6.6367273 -0.6264423 0.31642818 0.8961393 1002.04 
20150620163548 -8.866926 -4.541202 -2.72939 -0.6612616 0.691194 0.26450464 1002.04 
20150620163548 -5.9358244 -3.2022448 0.75836337 -0.63316184 -0.04795292 -0.35735616 1002.04 
20150620163548 -5.6778493 -0.90021986 1.8980033 -0.42577308 -0.8863655 -0.5757405 1002.04 
20150620163548 -6.120178 0.4902128 0.34955344 0.026572637 -0.8188649 -0.6976081 1002.04 
20150620163548 -6.729502 1.6250644 -2.8449101 0.3640757 0.100792766 -0.6658431 1002.04 
20150620163548 -6.821679 2.0871453 -5.1547165 0.38240165 0.7266242 -0.59498274 1002.04 
20150620163548 -5.5641246 1.6101006 -4.9039235 0.26847526 0.7128797 -0.47403142 1002.04 
20150620163548 -3.3117795 0.7422025 -2.208651 0.09560041 0.13927728 -0.4111123 1002.04 
20150620163548 -2.421735 -0.32441434 0.12449849 -0.07696902 -0.58459806 -0.30634892 1002.1 
20150620163549 -4.1557355 -1.5215151 1.1569979 -0.1853976 -0.71593404 -0.21044308 1002.1 
20150620163549 -7.3549876 -2.1152773 1.6047137 -0.39064834 -0.28680122 -0.11056661 1002.1 
20150620163549 -11.101913 -2.3678656 1.376666 -0.5739079 0.47433686 -0.034208454 1002.1 
20150620163549 -14.446014 -1.6406267 -1.6765398 -0.6462954 0.9379836 -0.02107485 1002.1 
20150620163549 -16.197372 -0.6811504 -3.4093432 -0.51343226 0.9728029 0.01985312 1002.1 
20150620163549 -14.982914 -1.7250223 -2.622848 -0.12217305 0.72051555 0.070249505 1002.1 
20150620163549 -13.358448 -2.3930047 -1.2437878 0.26633725 0.36713 0.049785517 1002.1 
20150620163549 -10.490194 -2.0566192 -1.1575965 0.3912592 0.084910266 -0.013439035 1002.1 
20150620163549 -7.131728 -0.7404069 -2.0081367 0.3023783 -0.19272798 -0.08857546 1002.02 
20150620163549 -5.3037553 -0.24480712 -6.6085954 0.20066923 -0.7125743 -0.050396383 1002.02 
20150620163549 -8.166023 0.54049104 -11.192893 0.27275133 -0.98807454 -0.061391957 1002.02 
20150620163549 -19.508554 0.3477578 -12.035652 0.36010507 -0.029932396 -0.32589662 1002.02 
20150620163549 -17.991228 6.531382 -8.059482 0.593761 0.9611965 -0.9825767 1002.02 
20150620163549 -10.668563 5.3594203 -2.1392193 0.5360342 0.86132 -0.41722095 1002.02 
20150620163549 -6.3703723 1.3958195 -0.16879122 0.6542367 -0.48624873 -0.04795292 1002.02 
20150620163549 -5.707178 -2.4959552 0.17836803 0.5027421 -1.2311989 0.35888332 1002.02 
20150620163549 -3.8097734 -2.8401217 -0.039504327 -0.113926366 -0.8793405 0.39003745 1002.02 
20150620163549 -3.4356794 -2.160767 -1.003769 -0.5170974 0.061086524 0.47800204 1002.07 
20150620163549 -4.5537715 -1.5951369 -2.802413 -0.46303585 0.18570304 0.4025602 1002.07 
20150620163549 -5.1864395 -1.6519991 -3.2890346 0.14660765 0.24648413 0.3390302 1002.07 
20150620163549 -4.462792 -1.4293385 -2.0632033 0.70952 0.19914207 0.3286455 1002.07 
20150620163549 -4.2760444 -0.2669535 0.1364695 0.75228053 -0.02321288 0.29840767 1002.07 
20150620163549 -4.9919105 1.7220296 1.5275006 0.6160576 -0.15149458 0.32986724 1002.07 
20150620163549 -6.6624646 3.481768 1.5682021 0.4456262 -0.16035213 0.47708577 1002.07 
20150620163549 -9.800066 4.238934 0.29867667 0.4120286 0.057726767 0.462425 1002.07 
20150620163549 -13.338098 2.8161798 -1.2916719 0.4615087 0.4025602 0.28893927 1002.07 
20150620163549 -16.130934 2.0847511 -2.8790276 0.49449542 0.45478916 0.01160644 1002.05 
20150620163549 -18.438345 2.8652608 -2.7820623 0.34666604 0.25473082 -0.08552113 1002.05 
20150620163549 -16.993444 3.54282 -1.1599907 -0.12156218 0.25809056 0.110872045 1002.05 
20150620163549 -10.278907 0.7577648 -2.1021092 -0.54611355 0.047647487 0.27122417 1002.05 
20150620163549 -7.778163 1.899799 -6.4685345 -0.7993172 -0.39828414 0.18997909 1002.05 
20150620163549 -8.940548 2.9466639 -11.475409 -0.5494733 -1.1716396 0.22785273 1002.05 
20150620163549 -10.075399 3.9031472 -12.219407 -0.47952923 -1.0442741 0.70066243 1002.05 
20150620163549 -14.722545 -2.3768437 -9.791088 -0.8356637 0.06536258 1.4950926 1002.05 
20150620163549 -10.674548 -4.5435963 -5.0781016 -0.79351395 1.3017539 0.65118235 1002.05 
20150620163549 -7.6135616 -3.53863 -0.2220622 -0.9117164 0.52015173 -0.2443461 1002.02 
20150620163549 -7.0742674 0.18614918 1.0181342 -0.89858276 -0.8530733 -0.7147123 1002.02 
20150620163549 -6.585252 1.3946224 0.9959879 -0.58276546 -0.9932669 -0.8549059 1002.02 
20150620163549 -5.189432 0.7032967 -1.1504139 -0.1563815 0.12705997 -0.8246681 1002.02 
20150620163549 -4.9781437 -0.05805939 -3.7086184 0.03268129 0.535118 -0.75961095 1002.02 
20150620163549 -4.216788 -0.1340753 -4.231153 -0.0027488936 0.40591997 -0.70005155 1002.02 
20150620163549 -2.5151088 -0.23942018 -2.6725276 -0.16126843 0.17256944 -0.52106804 1002.02 
20150620163549 -0.6631939 -0.5823896 -0.6835446 -0.22907446 -0.26511553 -0.3979787 1002.02 
20150620163549 -1.335366 -0.6961141 0.6751649 -0.14996742 -0.46120325 -0.35705075 1002.02 
20150620163549 -5.243302 -1.0767922 0.76075757 0.02321288 -0.24190263 -0.32589662 1002.02 
20150620163549 -10.100538 -1.3515269 0.6332663 0.0067195175 0.3313944 -0.24404067 1002.02 
20150620163549 -14.885949 -2.2667105 -0.52732295 -0.38026363 0.9651671 -0.19394971 1002.02 
20150620163549 -16.935387 -2.8419175 -2.0524294 -0.74067414 1.0965031 -0.13316862 1002.02 
20150620163549 -16.714521 -2.6192567 -1.6597804 -0.7357872 0.788627 0.13255776 1002.02 
20150620163549 -15.295358 -2.8550856 -1.3066356 0.044593163 0.2049453 0.33536503 1002.02 
20150620163550 -13.752893 -3.6272156 -0.18136078 0.70921457 -0.13775012 0.17867808 1002.02 
20150620163550 -12.441469 -2.7856536 -0.48841715 0.90285885 -0.17654006 -0.074830994 1002.02 
20150620163550 -8.842385 0.25498247 -3.0771477 0.8151997 -0.59986967 -0.08582657 1002.02 
20150620163550 -3.875614 1.8764555 -6.244078 0.7987063 -1.056186 0.16890424 1002.04 
20150620163550 -12.10269 0.31064767 -11.845313 0.9755518 -0.98563105 0.2929099 1002.04 
20150620163550 -19.60911 1.6561891 -12.8053875 1.2281445 -0.21777347 -0.17470746 1002.04 
20150620163550 -16.728287 4.8500543 -8.81605 1.2464706 1.1447614 -0.8671232 1002.04 
20150620163550 -9.669582 1.0253168 -1.6011224 0.74128497 0.73364913 -0.2302962 1002.04 
20150620163550 -7.1065893 0.7344214 0.81343 0.5555819 -0.8732319 0.07422013 1002.04 
20150620163550 -5.242703 0.36032736 1.7770962 0.21624629 -1.6264287 0.473726 1002.04 
20150620163550 -2.0901382 0.3429694 1.3198037 0.21624629 -0.8246681 0.6261369 1002.04 
20150620163550 -0.26276365 -0.46627077 -0.3657143 0.09315695 -0.14385876 0.69058317 1002.04 
20150620163550 -1.3587095 -1.1150994 -2.5396495 0.46181414 -0.084910266 0.6988298 1002.09 
20150620163550 -3.4261026 -1.9728222 -2.8820202 0.80573124 -0.082161374 0.5934556 1002.09 
20150620163550 -4.3197384 -2.018312 -1.6759412 0.8188649 0.20738874 0.3830125 1002.09 
20150620163550 -4.9308586 -0.6679823 -0.10534488 0.70188415 0.37965274 0.27977628 1002.09 
20150620163550 -6.196194 1.2174516 0.7092823 0.5644395 0.29626966 0.25320363 1002.09 
20150620163550 -8.032547 2.7162218 0.8523358 0.5290093 0.12675454 0.25289822 1002.09 
20150620163550 -11.164762 4.061165 0.3184288 0.54641896 0.16768251 0.23548855 1002.09 
20150620163550 -16.429611 4.3059716 -0.74519527 0.677755 0.2950479 0.09896017 1002.09 
20150620163550 -19.60911 3.8145618 -3.7493198 0.81153446 0.43799037 -0.093462385 1002.09 
20150620163550 -17.146673 4.2275615 -4.595072 0.6930266 0.5140431 0.032986723 1002.07 
20150620163550 -12.450447 3.2076318 -0.40701428 0.20463985 0.47036624 0.19120082 1002.07 
20150620163550 -9.122507 2.6515784 -1.002572 -0.36987892 -0.12156218 0.08399397 1002.07 
20150620163550 -6.907272 2.420538 -4.917092 -0.48991394 -0.9975429 0.004886922 1002.07 
20150620163550 -7.8463974 1.5933412 -8.265383 -0.5864306 -1.1969905 0.19181168 1002.07 
20150620163550 -12.698247 0.059855044 -11.821969 -0.8491027 -0.26908615 0.52626044 1002.07 
20150620163550 -19.420567 -3.3758245 -11.436503 -0.88606006 0.95478237 1.1276573 1002.07 
20150620163550 -15.029601 -6.1938 -8.534731 -0.46944994 2.0653355 0.35185838 1002.07 
20150620163550 -4.2263646 -5.357026 0.9463082 -0.1563815 0.5696318 -0.19303341 1002.07 
20150620163550 -3.6762967 2.1140802 2.0949266 0.08857546 -1.246776 -0.62949663 1002.03 
20150620163550 -4.4113164 2.8095956 0.95947635 0.01985312 -1.8451185 -0.7284568 1002.03 
20150620163550 -4.538808 2.7910407 -1.3413515 0.07544186 -0.36010507 -0.6719518 1002.03 
20150620163550 -3.7750576 3.0268695 -3.6954503 -0.014660766 0.5448918 -0.571159 1002.03 
20150620163550 -3.494936 2.2667105 -4.122815 -0.29138273 0.59773165 -0.44226643 1002.03 
20150620163550 -2.8413188 0.5105635 -2.6515784 -0.57971114 0.21044308 -0.3494149 1002.03 
20150620163550 -2.771887 -0.79607207 -0.6159084 -0.7538077 -0.15424347 -0.28863382 1002.03 
20150620163550 -4.0827127 -1.882441 0.5883751 -0.7883216 -0.09682214 -0.28069258 1002.03 
20150620163550 -6.3907228 -3.1465795 0.6135142 -0.57451874 0.2125811 -0.31581733 1002.03 
20150620163550 -9.700109 -3.9564183 0.6003461 -0.39492437 0.47433686 -0.29993483 1002.0 
20150620163550 -12.633604 -3.9151182 0.41599256 -0.42943826 0.6597345 -0.2773328 1002.0 
20150620163550 -13.811551 -2.0027497 -1.0199299 -0.6236934 0.6053675 -0.14569137 1002.0 
20150620163550 -16.178818 -0.17836803 -0.92057055 -0.50701815 0.3903429 0.23854288 1002.0 
20150620163550 -18.010382 -0.48722005 -0.7308301 -0.17073683 0.4175264 0.35643986 1002.0 
20150620163550 -15.999253 -1.7489643 -3.0238767 0.17104226 0.56382865 0.099571034 1002.0 
20150620163550 -9.821015 -2.510919 -5.8041434 0.4728097 0.2275473 -0.092240654 1002.0 
20150620163550 -6.692991 -4.4196963 -9.152434 0.49968776 -0.87109387 0.21074851 1002.0 
20150620163550 -14.058752 -2.878429 -15.131953 0.68019843 -0.8765916 0.08735373 1002.0 
20150620163550 -19.459473 2.8526914 -10.190321 1.2290609 0.28099802 -0.97066486 1002.06 
20150620163550 -14.2383175 6.7827735 -5.3642087 0.81336707 0.98563105 -0.63407815 1002.06 
20150620163551 -7.117363 5.28939 -1.0432734 1.0274754 -0.32711834 0.06994407 1002.06 
20150620163551 -5.312135 2.914342 -0.25917232 1.244027 -1.7925841 0.34666604 1002.06 
20150620163551 -5.579687 -0.91578215 0.760159 0.71837753 -1.8115209 0.43463063 1002.06 
20150620163551 -5.060744 -2.2319946 -0.38067806 -0.005192355 -0.42088616 0.5006041 1002.06 
20150620163551 -4.8859673 -2.1523874 -2.7521348 -0.22021692 0.5320636 0.50518554 1002.06 
20150620163551 -4.437054 -1.6759412 -3.6948519 0.064446285 0.7461719 0.4147775 1002.06 
20150620163551 -3.566762 -1.9231426 -2.4061728 0.6750061 0.44623706 0.44135013 1002.06 
20150620163551 -2.730587 -1.1264719 -0.39803603 0.98349303 -0.18478674 0.5045747 1002.06 
20150620163551 -3.4398694 0.7302315 1.3569138 0.9224065 -0.4447099 0.5571091 1002.06 
20150620163551 -4.970961 2.296638 1.8118122 0.7031059 -0.40530908 0.5882632 1002.06 
20150620163551 -6.7983356 3.6685154 0.9959879 0.5684101 -0.08093964 0.4831944 1002.06 
20150620163551 -9.329007 3.6529531 -0.682946 0.573297 0.22876903 0.22602014 1002.06 
20150620163551 -13.833697 2.0033484 -0.4961983 0.6414085 0.35246924 0.019547688 1002.06 
20150620163551 -19.421764 1.4939818 -1.6633717 0.8231409 0.41233405 -0.15699236 1002.06 
20150620163551 -19.404406 3.8115692 -3.6846764 0.9309586 0.46273044 -0.06047566 1002.06 
20150620163551 -14.899715 4.158728 -1.1049241 0.6123924 0.5500842 0.1826487 1002.06 
20150620163551 -9.962274 2.4307132 -2.7970262 -0.047647487 0.47433686 0.17623462 1002.04 
20150620163551 -6.643311 3.0765493 -8.01459 -0.27977628 -0.58093286 -0.054061573 1002.04 
20150620163551 -9.3104515 3.5332432 -11.4837885 -0.37201694 -1.2638801 0.11178834 1002.04 
20150620163551 -11.237784 4.000711 -12.666524 -0.6789767 -0.5687156 0.57787853 1002.04 
20150620163551 -16.918028 -2.8329391 -10.068815 -1.0598512 0.591623 1.5442673 1002.04 
20150620163551 -12.691663 -6.944382 -5.6700683 -0.7351763 1.8799378 0.39522982 1002.04 
20150620163551 -7.32506 -5.461174 -0.12030864 -0.68019843 0.53786683 -0.47861293 1002.04 
20150620163551 -5.616797 -0.6835446 2.7736826 -0.6206391 -1.3567317 -0.8362745 1002.04 
20150620163551 -5.6335564 0.6877344 2.765303 -0.37293324 -1.604743 -0.97035944 1002.04 
20150620163551 -5.073313 1.1827357 -0.50876784 0.077579886 -0.45204028 -0.77182823 1002.04 
20150620163551 -5.245097 1.8297687 -4.0898952 0.23273966 0.5204572 -0.5626069 1002.04 
20150620163551 -4.581305 2.6366146 -5.722142 0.05375614 0.65484756 -0.32253686 1002.04 
20150620163551 -2.8820202 2.9741971 -4.2066126 -0.4156938 0.25961772 -0.12675454 1002.04 
20150620163551 -1.4706384 1.822586 -1.2419921 -0.86009824 -0.35094208 -0.1328632 1002.04 
20150620163551 -2.570774 -0.57760113 1.1019313 -0.94225967 -0.4569272 -0.23273966 1002.04 
20150620163551 -6.5726824 -2.681506 1.4203602 -0.7461719 -0.12614368 -0.35185838 1002.04 
20150620163551 -10.336966 -4.032434 0.5710171 -0.559858 0.37232238 -0.36346483 1002.04 
20150620163551 -13.538013 -4.5232453 -1.027711 -0.5925393 0.6948592 -0.35185838 1002.04 
20150620163551 -14.781801 -2.6599581 -2.2290018 -0.7654142 0.79534656 -0.23060162 1002.02 
20150620163551 -16.109985 -0.7445967 -1.6903064 -0.65209866 0.59742624 0.06719518 1002.02 
20150620163551 -16.737864 -1.4341269 -0.4758476 -0.2883284 0.24740042 0.17867808 1002.02 
20150620163551 -14.680048 -1.6478093 -0.45310268 0.004581489 0.2510656 0.053450707 1002.02 
20150620163551 -10.682329 -1.5263035 -1.4460979 0.3408628 0.099571034 -0.029626964 1002.02 
20150620163551 -5.397129 -1.1563994 -6.5864487 0.3484986 -0.7452556 0.009162978 1002.02 
20150620163551 -6.0405707 -2.373851 -10.9025955 0.39278635 -1.2605205 0.063224554 1002.02 
20150620163551 -18.747198 -0.90021986 -11.872248 0.6017023 -0.2003638 -0.40133846 1002.02 
20150620163551 -19.430143 6.1117983 -11.312004 1.2009611 1.0714576 -1.2073752 1002.02 
20150620163551 -13.412318 6.141726 -4.4723687 1.047023 0.65576386 -0.36254853 1001.95 
20150620163551 -6.0956373 2.3762453 0.21308395 1.1184943 -0.5702427 0.058337633 1001.95 
20150620163551 -5.943606 -0.48243165 1.448492 1.1475104 -1.6719382 0.3753767 1001.95 
20150620163551 -5.4288526 -1.5622166 1.9794062 0.44409904 -1.2131784 0.44257188 1001.95 
20150620163551 -4.009091 -1.6950948 0.21308395 -0.018325957 0.08827003 0.48349985 1001.95 
20150620163551 -3.0131028 -2.3229742 -2.8377275 -0.009468411 0.37782016 0.3857614 1001.95 
20150620163551 -3.2004492 -1.9021933 -4.3658266 0.41416663 0.26206118 0.2507602 1001.95 
20150620163552 -4.1264067 -1.1683705 -3.5470097 1.031446 0.06841691 0.33322698 1001.95 
20150620163552 -4.7800236 -0.23762453 -1.3958195 1.2425 -0.050701816 0.37293324 1001.95 
20150620163552 -4.8482585 1.3976152 0.36032736 1.1297953 0.007330383 0.40653083 1002.09 
20150620163552 -5.1002483 3.1010897 1.3257892 0.77304995 -0.02687807 0.46578476 1002.09 
20150620163552 -5.899313 4.6351743 1.270124 0.36865717 -0.103847094 0.3820962 1002.09 
20150620163552 -8.143278 3.7696705 1.0875661 0.2489276 -0.0290161 0.23426682 1002.09 
20150620163552 -14.7315235 0.3705027 -0.5446809 0.3640757 0.18448131 -0.030543262 1002.09 
20150620163552 -19.475035 0.026934769 -3.0322564 0.6921103 0.4089743 -0.17134771 1002.09 
20150620163552 -19.054853 2.384625 -4.301782 0.8231409 0.58551437 0.028710667 1002.09 
20150620163552 -13.891158 3.776853 -1.246182 0.5375614 0.698219 0.28160888 1002.09 
20150620163552 -9.479841 3.2531216 -1.4718355 -0.19792034 0.29168814 0.3454443 1002.09 
20150620163552 -7.693767 4.525041 -7.8607626 -0.40103304 -0.9071349 0.1740966 1002.05 
20150620163552 -11.699865 3.769072 -12.418724 -0.28955013 -1.462106 0.2312125 1002.05 
20150620163552 -13.434464 2.1571758 -12.318767 -0.50671273 -0.7012733 0.7770206 1002.05 
20150620163552 -16.436195 -4.2197804 -10.491392 -0.8371908 1.0680978 1.5543466 1002.05 
20150620163552 -12.340913 -6.739678 -5.943007 -0.59528816 1.6459764 0.48747048 1002.05 
20150620163552 -6.579266 -4.0438066 -0.27473465 -0.70524395 0.056505036 -0.16035213 1002.05 
20150620163552 -4.675277 0.7374141 2.8886044 -0.89369583 -1.2226468 -0.850019 1002.05 
20150620163552 -5.468955 1.9542671 3.4943373 -0.5910121 -1.5332718 -0.98624194 1002.05 
20150620163552 -5.365406 1.4257472 0.6889315 -0.043066 -0.28008172 -0.8872818 1002.05 
20150620163552 -4.6698904 1.5292963 -3.6721067 0.59986967 0.4184427 -0.70829827 1002.08 
20150620163552 -3.6349967 1.8381484 -5.222951 0.56382865 0.5830709 -0.49388456 1002.08 
20150620163552 -2.5288756 1.4221559 -4.1533413 -0.0061086523 0.30818152 -0.3222314 1002.08 
20150620163552 -1.7477672 0.81522566 -1.7549498 -0.51923543 -0.14569137 -0.28588495 1002.08 
20150620163552 -3.0639796 0.013766659 0.16579847 -0.98837996 -0.15118915 -0.28955013 1002.08 
20150620163552 -5.434838 -1.5520413 0.88525605 -1.0256428 0.16523905 -0.36163223 1002.08 
20150620163552 -7.945757 -2.8694508 0.25318682 -0.8228355 0.52687126 -0.40622538 1002.08 
20150620163552 -11.413159 -4.1802764 -0.20590134 -0.7199047 0.6963864 -0.3830125 1002.08 
20150620163552 -14.496293 -4.143166 -0.4369418 -0.83199847 0.7101309 -0.24984388 1002.08 
20150620163552 -15.756242 -1.7717092 -1.3227965 -0.906524 0.50854534 0.05131268 1002.09 
20150620163552 -14.599842 0.219668 -1.18094 -0.6178902 0.14569137 0.36102137 1002.09 
20150620163552 -15.267225 -1.7118542 0.4938041 -0.13805555 -0.009773844 0.42577308 1002.09 
20150620163552 -13.838486 -3.117849 -0.89184016 0.25289822 0.03390302 0.0033597588 1002.09 
20150620163552 -8.744822 -1.3868413 -4.4047327 0.3662137 -0.2312125 -0.17531833 1002.09 
20150620163552 -4.238934 -0.6404489 -8.977059 0.40103304 -0.9315695 -0.024129177 1002.09 
20150620163552 -9.541492 -0.93613285 -13.245921 0.4465425 -1.2299771 0.22266038 1002.09 
20150620163552 -19.60911 2.8724434 -10.712257 0.7272351 -0.33841935 -0.4343252 1002.09 
20150620163552 -18.249205 7.3819222 -8.090008 0.93462384 1.1093313 -0.9651671 1002.09 
20150620163552 -10.615292 3.5051112 -1.7070658 0.8524625 0.71868294 -0.3368922 1002.07 
20150620163552 -5.8747725 0.6769605 -0.012569559 1.1010846 -0.593761 0.005497787 1002.07 
20150620163552 -5.6736593 -1.282095 1.0199299 0.8417723 -1.790446 0.43035457 1002.07 
20150620163552 -4.180875 -1.5155296 1.0899603 0.3145956 -1.0076222 0.4529566 1002.07 
20150620163552 -2.8748376 -1.5640123 -0.51235914 -0.08246681 -0.20189096 0.5170974 1002.07 
20150620163552 -2.5851393 -0.95229375 -2.9484594 -0.03023783 0.15363261 0.50793445 1002.07 
20150620163552 -3.6589386 -0.35793316 -3.217807 0.45998153 0.18448131 0.4886922 1002.07 
20150620163552 -3.5889084 -0.5315128 -2.119467 0.77488256 0.09865474 0.4297437 1002.07 
20150620163552 -3.2136173 -0.29747957 -0.17597382 0.93767816 -0.014049901 0.28038713 1002.07 
20150620163552 -3.9546227 1.2826935 0.88944596 0.8671232 -0.17440203 0.21013765 1002.05 
20150620163552 -5.5707088 2.7072437 1.110311 0.70249504 -0.21319197 0.21227567 1002.05 
20150620163552 -7.89907 3.7750576 1.5215151 0.528093 -0.04153884 0.18081611 1002.05 
20150620163553 -12.498331 3.2393548 0.88405895 0.5103779 0.30940324 0.12522738 1002.05 
20150620163553 -17.62312 1.1240777 -0.20051439 0.66706485 0.5708536 -0.011911872 1002.05 
20150620163553 -19.60911 0.3597288 -3.3249476 0.7644979 0.61208695 -0.04184427 1002.05 
20150620163553 -18.153437 3.0412347 -3.3728316 0.6740898 0.5366451 0.113926366 1002.05 
20150620163553 -13.846267 3.70383 0.60693014 0.052839845 0.39492437 0.21594086 1002.05 
20150620163553 -9.422979 3.615843 0.7745243 -0.2593123 -0.40133846 0.073303826 1002.05 
20150620163553 -5.93762 1.7932571 -5.29358 -0.24709499 -0.9272934 -0.051618114 1002.08 
20150620163553 -8.280945 1.5310919 -9.128492 -0.096516706 -1.0910053 0.0036651916 1002.08 
20150620163553 -11.893796 1.3652935 -11.887212 -0.01863139 -0.40958515 0.45356745 1002.08 
20150620163553 -17.18558 -2.5151088 -11.023503 -0.31581733 0.88453287 1.0519099 1002.08 
20150620163553 -15.415068 -5.2145715 -8.215703 -0.56138515 1.7941113 0.88147855 1002.08 
20150620163553 -8.957906 -1.958457 -1.5412674 -0.5103779 1.2269229 -0.050396383 1002.08 
20150620163553 -5.3594203 1.3413515 1.774702 -0.47678033 -0.54702985 -0.6612616 1002.08 
20150620163553 -4.1341877 2.0045455 2.6144683 -0.39187005 -1.5305228 -0.8188649 1002.08 
20150620163553 -2.9897594 1.417966 0.37708676 -0.27305678 -0.87781334 -0.7959574 1002.08 
20150620163553 -2.9179332 1.2575544 -2.204461 -0.09407325 0.111177474 -0.70402217 1002.03 
20150620163553 -2.9071593 1.429937 -4.192846 -0.10903945 0.47342056 -0.5742133 1002.03 
20150620163553 -3.1441853 0.9600749 -3.8175547 -0.2574797 0.38148534 -0.3387248 1002.03 
20150620163553 -3.4799721 0.7350199 -1.8698715 -0.573297 0.1001819 -0.22449298 1002.03 
20150620163553 -4.4885297 0.4381389 0.19572599 -0.7696902 -0.04795292 -0.18051068 1002.03 
20150620163553 -6.835446 -1.6932992 1.1905168 -0.8051204 0.10903945 -0.20250183 1002.03 
20150620163553 -9.623494 -3.539827 0.7015011 -0.7458665 0.32284227 -0.26908615 1002.03 
20150620163553 -12.628217 -4.5902834 0.12689269 -0.72234815 0.59559363 -0.26542094 1002.03 
20150620163553 -13.868413 -3.9618053 -0.4818331 -0.8258898 0.68416905 -0.22113322 1002.03 
20150620163553 -13.395558 -1.4227544 -0.623091 -0.79626286 0.52198434 -0.06505715 1002.06 
20150620163553 -14.86081 -1.067814 -0.39324763 -0.37812558 0.2593123 0.10903945 1002.06 
20150620163553 -16.516998 -1.0366893 -0.78050977 0.18967366 0.25625798 0.10842858 1002.06 
20150620163553 -15.297153 -1.8022354 -1.2934675 0.40469822 0.30024028 0.018325957 1002.06 
20150620163553 -11.322779 -1.0265139 -2.7461493 0.37232238 -0.06811147 -0.10323623 1002.06 
20150620163553 -6.1542954 -0.2669535 -6.577471 0.34330627 -0.77763146 -0.03726278 1002.06 
20150620163553 -5.120599 -0.5033809 -9.200318 0.20769419 -1.1071932 0.11056661 1002.06 
20150620163553 -14.36102 -0.60453594 -9.032724 0.13469578 -0.14721853 -0.06811147 1002.06 
20150620163553 -16.915035 5.8747725 -6.931214 0.4016439 0.6933321 -0.8426886 1002.06 
20150620163553 -10.939108 4.1383777 -2.6677392 0.7623598 0.6093381 -0.4578435 1002.07 
20150620163553 -6.9707184 0.2813187 -1.3850456 1.0891727 -0.71593404 -0.23548855 1002.07 
20150620163553 -6.8001313 -1.6992847 -0.41838676 1.1377366 -1.409877 0.087964594 1002.07 
20150620163553 -5.1182046 -1.151611 0.219668 0.25045475 -0.9611965 0.35277468 1002.07 
20150620163553 -3.4087446 -0.5009867 -0.28072014 -0.40378192 0.09162979 0.5910121 1002.07 
20150620163553 -2.7455509 -0.3333926 -1.9620483 -0.50488013 0.3286455 0.6133087 1002.07 
20150620163553 -3.3452983 -0.3453636 -2.3157916 -9.162979E-4 0.23640485 0.5308419 1002.07 
20150620163553 -3.5895069 -0.7954735 -1.6112977 0.6569856 0.10293079 0.4541783 1002.07 
20150620163553 -3.8606503 -0.6392518 -0.30585927 0.87995136 -0.0030543262 0.32803464 1002.07 
20150620163553 -4.68665 0.43275195 0.91099375 0.81092364 0.04734206 0.25259277 1002.04 
20150620163553 -6.3709707 2.2337902 1.4383167 0.5537493 0.10629055 0.2171626 1002.04 
20150620163553 -9.346964 3.7235823 0.6865373 0.34025195 0.1740966 0.26419923 1002.04 
20150620163553 -12.5025215 3.0083144 0.31244332 0.3744604 0.37843102 0.24740042 1002.04 
20150620163553 -15.258846 1.5089456 -0.8822633 0.54550266 0.4615087 0.13713925 1002.04 
20150620163553 -18.942326 1.6106992 -2.2750902 0.68294734 0.21624629 -0.065973446 1002.04 
20150620163553 -17.430986 3.478775 -2.1278467 0.5183192 0.16615535 -0.026572637 1002.04 
20150620163554 -12.838308 4.220379 -0.52852005 0.07880162 0.17287487 0.18875736 1002.04 
20150620163554 -9.0842 2.7748797 -2.7712884 -0.38026363 -0.14813483 0.22876903 1002.04 
20150620163554 -7.759608 4.0839095 -9.907805 -0.35521814 -0.84879726 0.21838433 1002.03 
20150620163554 -11.7303915 2.03148 -12.606669 -0.46273044 -0.83199847 0.4156938 1002.03 
20150620163554 -14.610018 -1.3210008 -11.25215 -1.0925325 0.18417588 1.1884383 1002.03 
20150620163554 -16.590023 -6.5619082 -9.768942 -0.9682214 1.7263051 1.0458013 1002.03 
20150620163554 -10.333375 -6.827066 -2.629432 -0.63285637 1.103528 0.11728613 1002.03 
20150620163554 -5.233126 -3.481768 1.9387048 -0.50885075 -0.88056225 -0.37048978 1002.03 
20150620163554 -5.0787005 1.508347 2.8778305 -0.35979962 -1.779145 -0.7315111 1002.03 
20150620163554 -4.4143095 2.1284454 0.45250413 -9.162979E-4 -0.9764681 -0.73945236 1002.03 
20150620163554 -4.03004 1.8112136 -3.3824084 0.3744604 0.21074851 -0.66645396 1002.03 
20150620163554 -4.1695023 2.0392613 -6.1357403 0.6383542 0.6597345 -0.5119051 1002.05 
20150620163554 -4.006098 1.3335704 -4.699219 0.38240165 0.6365216 -0.22571471 1002.05 
20150620163554 -2.5312698 0.5177461 -1.4951789 -0.21013765 0.23335053 -0.106901415 1002.05 
20150620163554 -2.4702177 0.1316811 1.0307038 -0.50518554 -0.15668693 -0.04550946 1002.05 
20150620163554 -4.9781437 -1.4341269 1.846528 -0.54367006 -0.2593123 -0.026572637 1002.05 
20150620163554 -8.37013 -3.0424318 1.4281414 -0.45173484 -0.008552114 -0.18570304 1002.05 
20150620163554 -11.975199 -4.1054573 0.51475334 -0.4334089 0.5549711 -0.3313944 1002.05 
20150620163554 -14.769831 -3.2435448 -0.80684596 -0.5384777 0.7959574 -0.3726278 1002.05 
20150620163554 -15.468937 -0.6242881 -1.661576 -0.63591075 0.627664 -0.24801129 1002.05 
20150620163554 -15.546749 0.28790274 -1.6819267 -0.29138273 0.24312437 0.13225232 1002.07 
20150620163554 -16.238672 -1.4736311 -1.5071499 0.06627888 0.0143553335 0.36774087 1002.07 
20150620163554 -14.830284 -2.9017725 -1.5340848 0.33444872 0.086437434 0.19883664 1002.07 
20150620163554 -9.999383 -1.8686744 -1.863886 0.1282817 -0.094989546 0.08124508 1002.07 
20150620163554 -5.0637364 -1.8130093 -7.144298 0.014660766 -0.82772243 0.30757064 1002.07 
20150620163554 -9.944916 -1.7824832 -12.203246 0.17715092 -1.1026118 0.37507126 1002.07 
20150620163554 -19.60911 1.4838065 -14.267048 1.1685852 0.07452556 -0.820392 1002.07 
20150620163554 -17.722479 5.81791 -9.113529 1.5063937 1.2195925 -1.1194105 1002.07 
20150620163554 -9.133281 1.5975311 -1.3066356 1.2226468 -0.056505036 -0.16340645 1002.07 
20150620163554 -2.9813797 0.23822308 1.9764135 1.4217888 -1.9318613 0.16646078 1002.06 
20150620163554 -5.6940103 -0.65900403 1.721431 1.0772609 -2.4419339 0.56413406 1002.06 
20150620163554 -5.769428 -0.7332243 1.6585833 0.376293 -0.9401216 0.43463063 1002.06 
20150620163554 -4.2239704 -0.47764325 -1.0564415 0.27763826 0.47769663 0.5009095 1002.06 
20150620163554 -4.1425676 0.99299514 -5.1876364 0.59528816 0.5983425 0.54641896 1002.06 
20150620163554 -5.5910597 0.23642741 -3.8833952 1.0812315 0.37384954 0.5357288 1002.06 
20150620163554 -5.1648917 -0.98940384 -1.4580688 1.1954633 0.17348573 0.38728857 1002.06 
20150620163554 -3.9480386 -0.6619968 0.9935937 1.073901 0.07544186 0.28802297 1002.06 
20150620163554 -4.1054573 1.0265139 1.9458874 0.8866709 -0.11575896 0.36346483 1002.06 
20150620163554 -5.494693 2.6461914 1.1498153 0.75655663 -0.2843578 0.46609017 1002.02 
20150620163554 -7.095815 3.6008794 0.9816227 0.7244862 -0.15699236 0.42088616 1002.02 
20150620163554 -10.339958 3.9624038 0.24540567 0.67103547 0.05681047 0.35002577 1002.02 
20150620163554 -14.258668 3.7894228 -0.97264445 0.6243043 0.27458394 0.16798794 1002.02 
20150620163554 -18.20551 3.816956 -3.1022868 0.61636305 0.441961 -0.19456059 1002.02 
20150620163554 -18.510172 3.2393548 -2.2948422 0.5354234 0.46395215 -0.36468655 1002.02 
20150620163554 -14.542979 2.006341 -0.076614454 0.009773844 0.52106804 -0.204029 1002.02 
20150620163554 -9.591172 1.5993267 -1.292869 -0.50488013 0.1777618 0.03268129 1002.02 
20150620163554 -5.383961 1.5251064 -5.0362034 -0.6133087 -0.66920286 0.14782938 1002.02 
20150620163554 -5.187038 1.7878702 -8.1343 -0.61208695 -1.1887437 0.22296582 1002.02 
20150620163554 -12.625823 0.93493575 -11.951257 -0.698219 -0.8249735 0.42577308 1002.02 
20150620163554 -19.354128 -1.2958617 -11.192893 -1.0552697 0.64660084 1.1707232 1002.02 
20150620163554 -19.120693 -6.0716953 -11.241376 -1.0238101 2.4636195 1.1988231 1002.02 
20150620163555 -10.858902 -3.2674868 -2.9975405 -0.54550266 2.0653355 0.0290161 1002.02 
20150620163555 -4.5256395 1.377863 1.6400281 -0.183565 -0.2406809 -0.6765333 1002.02 
20150620163555 -2.9999347 2.2780828 2.930503 -0.15882497 -2.1719313 -0.9440922 1002.02 
20150620163555 -2.404377 2.0231004 2.3451207 -0.16890424 -1.357648 -0.9056077 1002.02 
20150620163555 -2.5061307 2.0817583 -0.092775315 -0.057421334 -0.37568212 -0.8405506 1002.02 
20150620163555 -2.666542 2.1350293 -3.3141737 -0.006414085 0.41386122 -0.675617 1002.01 
20150620163555 -3.008913 0.56323594 -4.3640313 -0.10873401 0.47403142 -0.45234573 1002.01 
20150620163555 -3.317765 -0.59256494 -2.1230583 -0.37568212 0.29657507 -0.26847526 1002.01 
20150620163555 -5.069722 -0.94930094 0.22804771 -0.6441574 0.13530666 -0.15943582 1002.01 
20150620163555 -8.191162 -1.6956934 1.6053122 -0.77732605 0.23915374 -0.16157386 1002.01 
20150620163555 -11.758523 -2.7910407 0.9008184 -0.72173727 0.44868052 -0.16493362 1002.01 
20150620163555 -14.191032 -3.157952 -0.4866215 -0.61666846 0.6575964 -0.1731803 1002.01 
20150620163555 -13.801375 -2.1703439 -0.8888474 -0.68691796 0.79168135 -0.15699236 1002.01 
20150620163555 -12.656349 -1.3736732 -0.87687635 -0.59406644 0.56321776 -0.057726767 1002.01 
20150620163555 -13.68406 -2.3989902 0.16519992 -0.3210097 0.12186762 0.09407325 1002.03 
20150620163555 -14.712968 -3.0364463 0.16220717 0.0842994 0.06383542 0.1432479 1002.03 
20150620163555 -13.920487 -3.1016884 -0.85173726 0.27855456 0.113926366 0.076358154 1002.03 
20150620163555 -10.647015 -1.2318168 -3.5404258 0.26267207 -0.14630222 0.03023783 1002.03 
20150620163555 -6.1381345 0.15382746 -9.126697 0.3717115 -0.5571091 0.14813483 1002.03 
20150620163555 -9.043498 0.7320272 -13.874997 0.56077427 -0.88270026 0.39187005 1002.03 
20150620163555 -19.519327 3.4153287 -10.325593 0.59040123 0.19303341 -0.39645153 1002.03 
20150620163555 -17.26399 8.476072 -7.2526355 0.54367006 1.0781772 -0.83260936 1002.03 
20150620163555 -9.260772 5.0002904 -0.4441244 0.7098254 0.11209377 -0.398895 1002.03 
20150620163555 -4.96318 1.0690111 1.1264719 1.1472049 -1.4376713 -0.12217305 1002.0 
20150620163555 -6.8587894 -2.1787236 1.3239936 1.0198395 -2.1600194 0.13408493 1002.0 
20150620163555 -5.8226986 -2.0991163 -0.5626374 0.20097467 -1.0302242 0.3359759 1002.0 
20150620163555 -5.234922 -1.460463 -2.271499 -0.4266894 0.52870387 0.6618725 1002.0 
20150620163555 -4.2521024 -1.2575544 -4.0587707 -0.43066 0.9633345 0.56046885 1002.0 
20150620163555 -3.6314054 -0.6811504 -3.5847185 0.1414153 0.6933321 0.5112942 1002.0 
20150620163555 -3.3063924 -0.8870517 -1.5376761 0.9263771 0.19425514 0.49388456 1002.0 
20150620163555 -3.3117795 -0.47764325 1.003769 1.135904 -0.23487769 0.37293324 1002.0 
20150620163555 -4.0719385 0.8523358 1.9093759 1.0396926 -0.14538592 0.364992 1002.0 
20150620163555 -5.353435 2.2511482 1.1480197 0.92057395 0.14966199 0.40439278 1002.09 
20150620163555 -8.024167 3.5835214 0.30765492 0.7770206 0.3390302 0.32498032 1002.09 
20150620163555 -11.985972 2.1122844 -0.97743285 0.766025 0.43157628 0.055283304 1002.09 
20150620163555 -17.075447 0.28431144 -1.7776948 0.81581056 0.42485678 -0.2098322 1002.09 
20150620163555 -19.60911 1.0600328 -2.2493525 0.8353582 0.3933972 -0.3549127 1002.09 
20150620163555 -16.109386 4.4478283 -0.7236475 0.66248333 0.41080686 0.0290161 1002.09 
20150620163555 -11.596316 4.212598 -1.4814123 0.122783914 0.49846604 0.41691554 1002.09 
20150620163555 -8.836999 4.570531 -7.3657618 -0.13316862 -0.1863139 0.29229903 1002.09 
20150620163555 -8.555679 4.687248 -13.1950445 -0.13683382 -0.7892379 0.11911872 1002.09 
20150620163555 -12.349891 3.9312792 -15.4641485 -0.38973203 -0.6808093 0.4370741 1002.02 
20150620163555 -16.318878 -0.7098808 -11.711836 -1.033584 0.5543602 0.92057395 1002.02 
20150620163555 -14.368203 -7.265804 -6.933608 -0.91751957 1.6933185 0.95569867 1002.02 
20150620163555 -8.421006 -6.7348895 0.022146367 -0.84604836 1.0815369 -0.22388211 1002.02 
20150620163555 -5.4725466 -1.9333179 3.079542 -0.64934975 -0.77640975 -0.61727935 1002.02 
20150620163555 -5.858013 0.24241292 3.0735564 -0.30634892 -1.5296066 -0.6236934 1002.02 
20150620163555 -5.0236335 1.8267759 0.14425065 0.23243423 -0.7696902 -0.7125743 1002.02 
20150620163555 -3.728969 2.5540147 -4.302979 0.5910121 0.26053402 -0.5537493 1002.02 
20150620163556 -3.2489316 3.1387985 -6.2105594 0.46792278 0.6637051 -0.39706242 1002.02 
20150620163556 -2.96881 2.6180596 -4.6657004 0.16340645 0.4092797 -0.39858958 1002.02 
20150620163556 -1.8154035 0.82779527 -1.7441759 -0.2855795 -0.036651913 -0.4147775 1002.02 
20150620163556 -2.1894975 -0.48482585 -0.12808979 -0.42180246 -0.3481932 -0.3659083 1002.02 
20150620163556 -4.410718 -1.614889 0.8038532 -0.36102137 -0.2828306 -0.30115658 1002.02 
20150620163556 -8.2169 -2.7449522 1.3257892 -0.42271876 0.03726278 -0.23518312 1002.02 
20150620163556 -12.376227 -3.5565867 0.7625532 -0.6649268 0.50885075 -0.20005837 1002.02 
20150620163556 -15.130157 -3.3488896 -0.47046062 -0.9786061 0.6588182 -0.16646078 1002.02 
20150620163556 -14.797363 -1.8752584 -1.1839328 -0.99204516 0.26389378 -0.07574729 1002.02 
20150620163556 -15.881338 -3.0268695 -0.047285482 -0.41386122 -0.08582657 0.10293079 1002.02 
20150620163556 -15.245678 -4.6279917 0.43394905 0.33200526 -0.06811147 0.032070424 1002.06 
20150620163556 -12.369643 -2.544438 -0.023942016 0.70371675 0.21197024 -0.03756821 1002.06 
20150620163556 -8.07265 0.027533319 -2.5851393 0.7806858 -0.122783914 0.074830994 1002.06 
20150620163556 -3.715801 2.3211784 -8.681973 0.6420194 -0.8772025 0.119729586 1002.06 
20150620163556 -6.071097 1.2030864 -11.153389 0.5128214 -1.3060299 0.19639318 1002.06 
20150620163556 -19.60911 2.271499 -14.685434 0.39950588 -0.3494149 -0.027488936 1002.06 
20150620163556 -19.60911 8.540716 -10.901998 0.8594874 0.97097033 -0.9972375 1002.06 
20150620163556 -13.4260845 2.7988217 -3.1370027 1.0473285 1.2632693 -0.63346726 1002.06 
20150620163556 -6.597223 -1.3210008 -0.3693056 1.1808025 -0.5021312 -0.19425514 1002.06 
20150620163556 -5.9681463 -1.0636241 0.6751649 1.1026118 -1.9193386 0.29229903 1002.09 
20150620163556 -4.2305546 -0.9768343 1.0582372 0.2874121 -1.570229 0.4596761 1002.09 
20150620163556 -1.951873 -0.88286185 -0.2837129 -0.13530666 -0.29840767 0.63224554 1002.09 
20150620163556 -1.3850456 -0.5722142 -2.712032 -0.160963 0.024129177 0.72295904 1002.09 
20150620163556 -3.117849 0.3681085 -3.590704 0.15821409 0.06536258 0.6417139 1002.09 
20150620163556 -4.4244847 -0.17776948 -2.4899697 0.65026605 0.13194689 0.41874814 1002.09 
20150620163556 -4.3305125 -0.39863458 0.20470424 0.9288206 0.070249505 0.17898351 1002.09 
20150620163556 -4.5483847 0.60094464 1.809418 0.93615097 -0.11728613 0.14019357 1002.09 
20150620163556 -5.4019175 2.337938 1.6795325 0.8136725 -0.26358834 0.21380283 1002.09 
20150620163556 -6.8641763 4.301782 0.6500258 0.5580254 -0.22235495 0.31429017 1002.04 
20150620163556 -9.856929 4.3239284 0.24181437 0.40744713 0.129198 0.31398472 1002.04 
20150620163556 -14.416087 2.2254105 -0.16819267 0.35277468 0.44593164 0.18387043 1002.04 
20150620163556 -18.68794 0.28909984 -1.6190789 0.49174652 0.5919284 -0.049785517 1002.04 
20150620163556 -19.567211 1.5275006 -3.6104562 0.5363397 0.5345071 -0.06841691 1002.04 
20150620163556 -15.805323 3.1094694 -0.7541735 0.29352075 0.50915617 0.096516706 1002.04 
20150620163556 -9.108741 2.0644004 -0.5554548 -0.21135938 0.16432275 0.18570304 1002.04 
20150620163556 -6.3338604 2.7491422 -5.3408656 -0.19272798 -0.768163 0.13927728 1002.04 
20150620163556 -7.6470804 2.4905684 -9.243414 -0.099265605 -1.2269229 0.2602286 1002.04 
20150620163556 -11.672332 2.1039047 -11.273099 -0.16157386 -0.4804455 0.52626044 1002.05 
20150620163556 -17.022175 -1.7579426 -10.240001 -0.42455134 0.5348125 1.1646146 1002.05 
20150620163556 -15.094245 -5.93762 -7.602189 -0.45112398 1.736079 0.73456544 1002.05 
20150620163556 -8.815451 -4.768651 -1.5855601 -0.37048978 1.0320568 0.004276057 1002.05 
20150620163556 -4.9021277 0.077213004 1.5448587 -0.23151793 -0.33200526 -0.550695 1002.05 
20150620163556 -4.899135 1.70946 1.584363 -0.004886922 -1.5027285 -0.56596667 1002.05 
20150620163556 -4.581305 2.5252843 -0.49320555 0.16523905 -0.61483586 -0.5403103 1002.05 
20150620163556 -4.043208 3.4991257 -2.782661 0.16646078 0.48380527 -0.48624873 1002.05 
20150620163556 -2.8395233 4.248511 -4.1078515 -0.11881329 0.72326446 -0.4569272 1002.05 
20150620163556 -2.2655134 3.210026 -3.9588125 -0.4709771 0.46517387 -0.46273044 1002.09 
20150620163556 -2.7138276 1.5873557 -2.3014264 -0.6945538 -0.06536258 -0.51159966 1002.09 
20150620163556 -4.4597993 -0.24839842 -0.6039374 -0.89919364 -0.2012801 -0.52839845 1002.09 
20150620163556 -6.4026937 -2.0590134 0.5351041 -0.91782504 0.076052725 -0.5131268 1002.09 
20150620163556 -8.901642 -4.2580876 0.21308395 -0.79412484 0.41325033 -0.3885103 1002.09 
20150620163557 -11.672931 -5.5030727 -0.4417302 -0.70188415 0.5983425 -0.24678956 1002.09 
20150620163557 -13.344083 -4.4143095 -0.3824737 -0.81214535 0.7141015 -0.081855945 1002.09 
20150620163557 -14.207192 -1.1755531 -0.8882488 -1.0030408 0.6087272 -0.024740042 1002.09 
20150620163557 -14.542979 0.54527944 -0.6123171 -0.7425067 0.38423425 -0.03481932 1002.09 
20150620163557 -14.995483 0.04369418 -0.04369418 -0.35369098 0.19181168 -0.028405234 1001.99 
20150620163557 -14.389153 -1.347337 -0.9307459 0.17531833 0.070554934 0.0693332 1001.99 
20150620163557 -11.564592 -2.991555 -2.345719 0.35735616 -0.33628133 0.1133155 1001.99 
20150620163557 -7.356185 -3.0585926 -7.4830775 0.3494149 -0.9016371 0.18142697 1001.99 
20150620163557 -15.5258 -2.5067291 -14.2383175 0.1563815 -0.9651671 0.21105394 1001.99 
20150620163557 -19.60911 3.6996403 -10.988189 0.4718934 0.37018433 -0.79412484 1001.99 
20150620163557 -15.415667 7.03596 -6.811504 0.9083566 1.3469579 -0.8258898 1001.99 
20150620163557 -7.104195 3.9576154 -1.0522517 1.2055426 -0.18997909 -0.204029 1001.99 
20150620163557 -3.7792473 1.407192 0.5482722 1.6643023 -1.4932601 0.16707164 1001.99 
20150620163557 -5.7909756 -1.365892 -0.17058687 1.2837334 -2.2516494 0.45723262 1002.07 
20150620163557 -5.2905874 -1.3084313 0.06284779 0.4831944 -0.74464476 0.49938235 1002.07 
20150620163557 -4.5777135 -1.2611457 -1.6837224 -0.398895 0.46578476 0.56382865 1002.07 
20150620163557 -3.3506854 -1.2282255 -2.7934349 -0.5012149 0.54458636 0.39950588 1002.07 
20150620163557 -2.8574798 -1.0384849 -2.7389667 0.15057829 0.3539964 0.38087448 1002.07 
20150620163557 -2.9520507 -1.055843 -1.9363106 0.68966687 -0.14202617 0.4550946 1002.07 
20150620163557 -4.2491093 -0.07062895 -0.94570965 1.0571023 -0.13988814 0.5027421 1002.07 
20150620163557 -5.7760115 1.7872716 0.62488663 1.0995574 0.15302174 0.5537493 1002.07 
20150620163557 -7.258621 3.555988 2.1978772 0.91904676 0.37751472 0.5885687 1002.07 
20150620163557 -8.642469 5.2480903 2.1859062 0.77091193 0.34574974 0.46578476 1002.06 
20150620163557 -10.146626 4.629189 0.43394905 0.7849618 0.18906279 0.17623462 1002.06 
20150620163557 -13.373412 2.3942018 -1.3449428 0.92179567 0.06658431 -0.19700404 1002.06 
20150620163557 -16.66125 -0.110731825 -0.8912416 0.850019 0.058643065 -0.4364632 1002.06 
20150620163557 -16.986263 0.7194576 -1.1569979 0.5186246 0.090713486 -0.44043383 1002.06 
20150620163557 -14.180258 2.11827 -0.48243165 0.17989981 0.20922135 0.25900686 1002.06 
20150620163557 -11.323976 1.7914615 -1.0247183 -0.15302174 0.2574797 0.33841935 1002.06 
20150620163557 -8.166622 1.941099 -3.840898 -0.33414328 -0.57940567 0.122478485 1002.06 
20150620163557 -8.225879 1.2575544 -9.80665 -0.2938262 -1.0415252 -0.007330383 1002.06 
20150620163557 -15.040375 1.7226281 -18.566435 -9.162979E-4 -0.5626069 0.21502456 1002.05 
20150620163557 -17.797298 1.0821792 -13.830106 -0.26175576 0.8362745 1.317331 1002.05 
20150620163557 -12.955026 -3.6924577 -1.1540052 -0.97219205 1.9956968 1.2110404 1002.05 
20150620163557 -2.5366566 -2.3942018 3.7576995 -0.8417723 0.7733554 -0.12095132 1002.05 
20150620163557 -3.3596635 1.6053122 2.3139958 -0.50335294 -1.3839152 -0.50885075 1002.05 
20150620163557 -4.831499 2.633622 -0.1448492 -0.2950479 -1.3622295 -0.5897904 1002.05 
20150620163557 -5.1122193 2.825158 -2.8054059 -0.064751714 -0.030848695 -0.81183994 1002.05 
20150620163557 -5.6281695 1.9315223 -5.393538 -0.094989546 1.0161743 -0.677755 1002.05 
20150620163557 -4.458602 0.9056068 -5.437232 -0.21991149 0.8552113 -0.5170974 1002.05 
20150620163557 -2.4654293 0.5793968 -3.4410665 -0.37782016 0.45937067 -0.4382958 1002.1 
20150620163557 -1.4407109 -0.27234045 -0.94451255 -0.70280045 -0.06261369 -0.38331795 1002.1 
20150620163557 -2.574964 -1.3491327 0.45250413 -0.86590147 -0.23579398 -0.34697145 1002.1 
20150620163557 -5.450999 -2.4768016 0.7356185 -0.8738427 0.22815818 -0.33841935 1002.1 
20150620163557 -9.499594 -3.1477766 0.8463503 -0.8875872 0.6377433 -0.35796702 1002.1 
20150620163557 -14.912285 -3.3943794 -0.2753332 -0.95386606 0.8784242 -0.33628133 1002.1 
20150620163557 -18.438944 -2.767697 -1.875857 -0.8772025 0.86376345 -0.1695151 1002.1 
20150620163557 -16.815077 -0.60333884 -2.203264 -0.6630942 0.593761 0.04795292 1002.1 
20150620163557 -14.038402 -0.90620536 -0.9780314 -0.16187929 0.28099802 0.16157386 1002.1 
20150620163557 -12.416928 -2.72939 0.39444473 0.2284636 -0.09621128 0.028099801 1002.1 
20150620163558 -11.707047 -3.6092591 -0.009576807 0.27183503 -0.3100141 0.052839845 1002.1 
20150620163558 -9.72824 -2.166154 -3.3512838 0.17287487 -0.58123827 0.020158553 1002.1 
20150620163558 -6.1979895 -0.7338228 -8.082227 0.30909783 -0.70157874 0.04062254 1002.1 
20150620163558 -9.94312 0.36511576 -15.248072 0.8359691 -0.5403103 0.15088372 1002.1 
20150620163558 -19.60911 4.185065 -15.437214 1.3613132 0.4541783 -0.61941737 1002.1 
20150620163558 -16.716915 9.026739 -9.849746 1.3646729 1.3487904 -1.1117748 1002.1 
20150620163558 -7.9912467 4.6100354 -0.95349085 1.073901 0.08460484 -0.30879238 1002.1 
20150620163558 -3.5913026 2.9358897 1.2360066 0.9660834 -1.8301523 0.31490102 1002.1 
20150620163558 -5.861006 -0.5835867 1.168969 0.5296202 -2.2278256 0.5412266 1002.04 
20150620163558 -4.689044 -0.9103952 -0.53450555 -0.38698313 -0.9450085 0.5497787 1002.04 
20150620163558 -4.2969937 -0.5141548 -2.4756045 -0.96669424 0.49388456 0.64751714 1002.04 
20150620163558 -4.96737 -0.4878186 -4.23654 -0.75961095 0.6731735 0.52412236 1002.04 
20150620163558 -5.707178 -1.7435774 -3.752911 0.18509217 0.462425 0.30634892 1002.04 
20150620163558 -4.755483 -1.7040731 -1.5801731 0.8686504 0.12980886 0.124005646 1002.04 
20150620163558 -4.1533413 -0.45489833 1.2749124 0.86651236 -0.07696902 0.13225232 1002.04 
20150620163558 -4.4298716 1.6651673 2.5390508 0.6068946 -0.2003638 0.22937989 1002.04 
20150620163558 -5.111022 3.6134489 2.4408886 0.3359759 -0.19303341 0.44440445 1002.04 
20150620163558 -6.4817023 4.1479545 0.8451532 0.29077184 -0.03390302 0.52198434 1002.03 
20150620163558 -8.300098 2.5372553 -1.376666 0.44104472 0.16187929 0.31887165 1002.03 
20150620163558 -13.891158 0.26755205 -1.6142905 0.5842926 0.24129178 0.049480084 1002.03 
20150620163558 -19.60911 -1.1378443 -1.9267339 0.7470882 0.24495697 -0.26450464 1002.03 
20150620163558 -19.591154 0.8002619 -4.24073 0.8588765 0.6249151 -0.2489276 1002.03 
20150620163558 -14.591462 2.3918076 -1.9590555 0.6227771 0.6658431 0.063224554 1002.03 
20150620163558 -8.797494 2.3648727 -2.5959132 0.10293079 0.26206118 0.18142697 1002.03 
20150620163558 -5.985504 4.8787847 -9.456498 0.19822577 -0.94714653 -0.029932396 1002.03 
20150620163558 -8.92738 5.2444987 -13.163321 0.3930918 -1.393689 0.18692477 1002.03 
20150620163558 -10.933122 4.6399627 -11.294646 -0.32834008 -0.22876903 0.98654735 1002.06 
20150620163558 -17.48665 -2.2385786 -10.634445 -0.95905846 1.2131784 1.50731 1002.06 
20150620163558 -13.271659 -2.6198552 -5.931036 -0.9935723 1.8133535 0.3109304 1002.06 
20150620163558 -10.020332 -2.670732 -2.231396 -0.9419542 0.30787608 -0.35155296 1002.06 
20150620163558 -7.2382703 -1.7447745 0.7769185 -0.63285637 -0.96486163 -1.1847731 1002.06 
20150620163558 -4.540005 -0.41958386 1.18094 -0.39095375 -0.8472701 -1.0296134 1002.06 
20150620163558 -3.2573113 0.55485624 -0.19692309 -0.22449298 -0.13591751 -0.9120218 1002.06 
20150620163558 -3.2519245 1.8980033 -2.4504654 -0.13958271 0.19456059 -0.8185594 1002.06 
20150620163558 -1.5520413 3.0454245 -4.248511 -0.09712757 0.25778514 -0.45875978 1002.06 
20150620163558 -0.4309563 3.1334114 -3.1507695 -0.4474588 0.093767814 -0.22143865 1002.05 
20150620163558 -0.7990648 1.7914615 -1.4239515 -0.8949176 -0.23609942 -0.21563543 1002.05 
20150620163558 -3.539827 -1.1498153 -0.05686229 -1.1691961 -0.16920967 -0.32620203 1002.05 
20150620163558 -6.4870896 -3.554791 0.545878 -1.2822062 0.19333886 -0.5665775 1002.05 
20150620163558 -11.621455 -6.2362967 0.11851298 -1.1236867 0.68019843 -0.69974613 1002.05 
20150620163558 -17.372328 -8.855554 -0.9355343 -0.9993755 0.86070913 -0.68844515 1002.05 
20150620163558 -16.847998 -6.331466 -1.6831238 -0.8912524 0.8872818 -0.41722095 1002.05 
20150620163558 -13.301586 -0.86729956 -1.8477252 -0.5384777 0.56199604 0.20922135 1002.05 
20150620163558 -12.712612 1.8004397 -0.3226187 0.0571159 -0.051618114 0.54641896 1002.05 
20150620163558 -14.586075 0.6901286 1.0630256 0.33414328 -0.31612277 0.40500367 1002.07 
20150620163558 -15.210962 -1.8363527 0.31783026 0.40683624 -0.2406809 0.1020145 1002.07 
20150620163558 -11.95784 -1.4514848 -2.9418752 0.4175264 -0.34269542 0.01740966 1002.07 
20150620163558 -5.9986725 -0.96306765 -7.1873937 0.5186246 -0.6789767 0.14508049 1002.07 
20150620163558 -2.7964275 -3.0998926 -7.4962454 0.63346726 -0.97341377 0.4382958 1002.07 
20150620163559 -16.844406 -5.157709 -14.430452 1.0622946 -0.7147123 0.13713925 1002.07 
20150620163559 -19.599533 2.956839 -13.315951 1.8897116 0.6218608 -1.1468995 1002.07 
20150620163559 -15.690999 5.9202623 -8.895058 1.6475036 0.81336707 -0.5852089 1002.07 
20150620163559 -8.5299425 5.0559554 -1.3796587 1.3616186 -0.028099801 0.11362094 1002.07 
20150620163559 -6.4643445 3.3518825 0.6667852 1.1979067 -1.3655893 0.61666846 1002.02 
20150620163559 -5.521029 1.5933412 1.4137762 0.65209866 -1.1640037 0.7696902 1002.02 
20150620163559 -3.4392707 0.3716998 0.4345476 0.2733622 -0.17989981 0.77457714 1002.02 
20150620163559 -1.4305356 -1.0301052 -1.8495208 0.13500121 -0.062002823 0.6930266 1002.02 
20150620163559 -1.0845734 -1.7280151 -3.4739866 0.3005457 -0.19547687 0.51251596 1002.02 
20150620163559 -1.596334 -2.4905684 -3.0909145 0.5225952 -0.1740966 0.41508293 1002.02 
20150620163559 -2.2182279 -2.7383683 -0.7062895 0.7498371 -0.09285152 0.31581733 1002.02 
20150620163559 -3.8337154 -0.40761283 0.077811554 0.8011498 0.03848451 0.23945917 1002.02 
20150620163559 -5.61979 1.9548657 0.4321534 0.7669413 0.09682214 0.32589662 1002.02 
20150620163559 -9.623494 4.871003 1.2479776 0.70280045 0.26847526 0.4260785 1002.04 
20150620163559 -16.670826 8.265383 -0.623091 0.66828656 0.52564955 0.42180246 1002.04 
20150620163559 -19.60911 7.4322004 -4.060566 0.8176431 0.8035932 0.15699236 1002.04 
20150620163559 -17.399261 3.608062 -4.0096893 0.7965683 0.75991637 -0.112399206 1002.04 
20150620163559 -13.995905 1.276708 -1.3138182 0.23671028 0.37843102 -0.04428773 1002.04 
20150620163559 -11.426927 -0.109534726 0.61890113 -0.3381139 -0.10781772 0.1133155 1002.04 
20150620163559 -9.880272 -0.11492168 0.7966706 -0.57818395 -0.5140431 0.15515977 1002.04 
20150620163559 -8.79929 0.7733272 -3.5781345 -0.675617 -0.88208944 0.09621128 1002.04 
20150620163559 -9.880272 1.2455834 -8.82802 -0.550695 -0.9306532 0.0070249503 1002.04 
20150620163559 -13.944429 2.5366566 -13.336901 -0.3313944 -0.44073927 0.21319197 1002.0 
20150620163559 -15.241488 1.2413936 -10.718243 -0.41355577 0.59895337 1.0552697 1002.0 
20150620163559 -12.132018 -3.532046 -8.316259 -0.49205196 1.3081679 1.1001683 1002.0 
20150620163559 -6.241085 -4.346673 -2.2140381 -0.23335053 0.75594574 0.17531833 1002.0 
20150620163559 -2.473809 -0.15682021 2.2559366 -0.4529566 -0.9447031 -0.5036584 1002.0 
20150620163559 -3.9240966 2.0165164 3.305794 -0.600786 -1.668273 -0.67256266 1002.0 
20150620163559 -4.71957 2.136825 0.58777654 -0.3155119 -0.7452556 -0.86467975 1002.0 
20150620163559 -5.023035 1.7274165 -2.7299886 0.09010262 0.7791586 -0.7849618 1002.0 
20150620163559 -4.956596 1.5149311 -5.73112 0.113926366 1.1707232 -0.6731735 1002.0 
20150620163559 -4.2760444 0.8367735 -5.6604915 -0.009468411 0.8258898 -0.5326745 1002.06 
20150620163559 -3.2842462 0.18495208 -3.3387144 -0.43127087 0.37782016 -0.38820487 1002.06 
20150620163559 -3.3979707 -0.10175357 -0.770933 -0.77763146 -0.093462385 -0.28252518 1002.06 
20150620163559 -5.4378304 -1.3425486 0.86370826 -0.82558435 0.025350908 -0.24648413 1002.06 
20150620163559 -8.744822 -3.1381998 0.760159 -0.6921103 0.30085114 -0.24098633 1002.06 
20150620163559 -13.93186 -4.634576 -1.1019313 -0.59620446 0.7602218 -0.20647246 1002.06 
20150620163559 -15.7987385 -3.0125043 -1.6597804 -0.79351395 0.93523467 -0.14752395 1002.06 
20150620163559 -14.873978 -0.3429694 -1.3018472 -0.8915578 0.6939429 -0.04062254 1002.06 
20150620163559 -12.864644 0.40761283 -0.4914099 -0.4868596 0.28496864 0.16768251 1002.06 
20150620163559 -12.248137 -1.3437457 0.38606504 0.2855795 -0.29932398 0.20219639 1002.04 
20150620163559 -12.149377 -3.080739 0.21188685 0.5503896 -0.5519168 0.06505715 1002.04 
20150620163559 -9.711481 -2.4187422 -2.5139117 0.44318274 -0.5842926 -0.04886922 1002.04 
20150620163559 -4.4657845 -0.39264908 -8.734048 0.33200526 -0.80939645 -0.069027774 1002.04 
20150620163559 -7.9966335 -0.6721721 -12.398374 0.2773328 -1.0684034 0.30695978 1002.04 
20150620163559 -19.60911 2.107496 -15.828068 0.5222898 0.038789943 -0.07696902 1002.04 
20150620163559 -19.60911 8.919599 -12.120048 1.2040154 1.3329079 -1.1859949 1002.04 
20150620163559 -11.253346 5.5000796 -2.4061728 1.0235047 1.0320568 -0.32742378 1002.04 
20150620163559 -5.175067 0.53809685 -0.4441244 1.0925325 -0.8854492 0.02687807 1002.04 
20150620163559 -6.1129956 -1.34195 0.7044938 0.91751957 -2.1142046 0.2144137 1002.13 
20150620163559 -5.7095723 -2.006341 0.93852705 0.028099801 -1.4929546 0.3576616 1002.13 
20150620163600 -3.9677908 -2.5635915 -0.5967548 -0.26297748 -0.17470746 0.49205196 1002.13 
20150620163600 -3.05141 -2.1458032 -2.8921957 -0.15974127 0.29168814 0.52931476 1002.13 
20150620163600 -3.8672342 -1.0187328 -3.5476084 0.38698313 0.22540927 0.535118 1002.13 
20150620163600 -4.0019083 -0.36032736 -2.379238 0.91629785 0.12858713 0.5366451 1002.13 
20150620163600 -3.1112652 -0.025737667 -0.25198972 1.0387764 0.023518313 0.46303585 1002.13 
20150620163600 -3.192668 0.6781576 1.6460136 0.9602802 -0.2049453 0.44868052 1002.13 
20150620163600 -4.687847 2.2331917 2.5252843 0.8011498 -0.3567453 0.43279803 1002.13 
20150620163600 -6.699575 3.9151182 1.3790601 0.6936375 -0.22540927 0.3323107 1002.08 
20150620163600 -8.6334915 4.0773253 -0.3417723 0.7874053 0.09590584 0.14905111 1002.08 
20150620163600 -11.253945 2.8574798 -1.6717514 0.90010995 0.23457226 -0.016798794 1002.08 
20150620163600 -17.433979 1.3024458 -2.5157075 0.93401295 0.21868975 -0.27580565 1002.08 
20150620163600 -18.890251 2.1679497 -0.93493575 0.70249504 0.21105394 -0.36285394 1002.08 
20150620163600 -15.030798 3.9893386 0.4914099 0.3222314 0.33261612 -0.18142697 1002.08 
20150620163600 -10.527904 3.5924997 -1.0444705 -0.13103059 0.24129178 0.116675265 1002.08 
20150620163600 -7.6147585 4.670489 -7.359776 -0.4288274 -0.4447099 0.112399206 1002.08 
20150620163600 -10.4488945 4.449624 -11.558607 -0.61391956 -1.0793989 0.19914207 1002.08 
20150620163600 -13.429077 3.7481227 -13.532626 -1.0173961 -0.3885103 0.48991394 1002.04 
20150620163600 -17.549498 -1.8602947 -11.325771 -1.5418239 0.79168135 1.4144585 1002.04 
20150620163600 -12.625224 -6.242881 -6.9012866 -1.0705414 2.0350976 0.60903263 1002.04 
20150620163600 -6.2261214 -6.1279593 -0.090381116 -0.72326446 0.68203104 -0.56046885 1002.04 
20150620163600 -4.1216183 -1.4030021 2.8628666 -0.61666846 -1.4453071 -1.0158689 1002.04 
20150620163600 -5.2037973 0.21188685 2.7724855 -0.4092797 -1.8362609 -0.8762862 1002.04 
20150620163600 -5.089474 1.4508862 -0.12868834 0.02107485 -0.7611381 -0.7449502 1002.04 
20150620163600 -5.035006 2.5845408 -3.465607 0.21166481 0.49754974 -0.59131753 1002.04 
20150620163600 -4.525041 3.875614 -5.445013 0.015882496 0.8927795 -0.3943135 1002.04 
20150620163600 -3.2800562 3.8109705 -4.6034513 -0.42149702 0.69974613 -0.2443461 1002.08 
20150620163600 -2.0272903 1.5167267 -2.094328 -0.9114109 0.13958271 -0.30268374 1002.08 
20150620163600 -2.8473043 -1.0336965 -0.3788824 -1.1178834 -0.15974127 -0.4156938 1002.08 
20150620163600 -4.96318 -2.705448 0.78290397 -1.028697 -0.0711658 -0.50823987 1002.08 
20150620163600 -8.01878 -4.147356 1.0726024 -0.73731434 0.20708331 -0.45356745 1002.08 
20150620163600 -11.823167 -5.522825 0.59256494 -0.57726765 0.45937067 -0.3313944 1002.08 
20150620163600 -14.077906 -4.747103 -0.46746787 -0.59437186 0.6627888 -0.099265605 1002.08 
20150620163600 -14.740501 -1.5352819 -1.7226281 -0.7828238 0.6826419 0.07941248 1002.08 
20150620163600 -15.219341 0.57520694 -1.3449428 -0.6411031 0.41691554 0.1441642 1002.08 
20150620163600 -15.623961 -0.7667431 -0.26755205 -0.2742785 0.14569137 0.087964594 1002.03 
20150620163600 -14.3574295 -2.666542 -0.80086046 0.24037547 0.07971791 -0.08032878 1002.03 
20150620163600 -9.545682 -1.8393455 -2.9771898 0.3491095 -0.3100141 -0.129198 1002.03 
20150620163600 -5.490503 -0.94930094 -8.154053 0.3387248 -0.93828905 -0.0076358155 1002.03 
20150620163600 -7.503428 -0.02633622 -12.448053 0.40317106 -1.1505647 0.22235495 1002.03 
20150620163600 -19.60911 1.2671312 -12.519879 0.5510005 -0.31887165 -0.06047566 1002.03 
20150620163600 -19.06024 6.201581 -11.051635 1.0323622 1.2235631 -1.1429288 1002.03 
20150620163600 -9.86471 4.735731 -1.1755531 1.1826351 0.6835582 -0.72418076 1002.03 
20150620163600 -5.046977 2.6270378 1.7645266 1.2159272 -0.625526 -0.084910266 1002.03 
20150620163600 -6.019622 -0.23942018 2.2284033 1.0604621 -2.2064452 0.3323107 1002.03 
20150620163600 -5.1636944 -0.8798691 1.2509704 0.28863382 -1.2382239 0.47861293 1002.03 
20150620163600 -3.582923 -1.2916719 -0.9540894 -0.13988814 0.30298916 0.600786 1002.03 
20150620163600 -2.5552118 -1.3389573 -4.143166 -0.18234327 0.6075055 0.6252206 1002.03 
20150620163600 -3.6074634 -1.411382 -5.0080714 0.38056904 0.24740042 0.5488624 1002.03 
20150620163600 -4.1042604 -1.5915456 -3.544017 0.79443026 6.1086525E-4 0.49205196 1002.03 
20150620163600 -4.2197804 -1.0079589 -0.6793547 0.93462384 0.016798794 0.36957347 1002.03 
20150620163601 -4.4741645 1.3090298 1.4131776 0.7272351 0.10445796 0.33200526 1002.03 
20150620163601 -5.1888337 3.0059202 2.6982653 0.37720928 -0.0021380284 0.410196 1002.03 
20150620163601 -6.659472 4.675876 2.31639 0.23793201 0.027794369 0.40103304 1002.02 
20150620163601 -8.881291 3.7128084 0.7469909 0.32803464 0.11178834 0.34483343 1002.02 
20150620163601 -12.843695 0.9995792 -0.7068881 0.589485 0.36193767 0.12767084 1002.02 
20150620163601 -18.391659 -0.19871874 -2.9053638 0.752586 0.50946164 -0.22204952 1002.02 
20150620163601 -19.60911 0.9103952 -3.9085343 0.77732605 0.70829827 -0.33200526 1002.02 
20150620163601 -17.208923 2.4582467 -1.1641805 0.37690386 0.90010995 -0.09101892 1002.02 
20150620163601 -11.496358 2.822764 0.42556936 -0.18142697 0.3371976 0.13072516 1002.02 
20150620163601 -7.2149267 2.7150247 -2.510919 -0.23426682 -0.87598073 0.12064589 1002.02 
20150620163601 -5.7843914 3.6421793 -7.961319 -0.12889257 -1.421178 0.10170906 1002.02 
20150620163601 -10.310031 4.2185836 -13.971364 -0.069027774 -1.094976 0.41355577 1002.02 
20150620163601 -16.656462 0.06344634 -11.397597 -0.5021312 0.54702985 1.1328496 1002.02 
20150620163601 -15.9417925 -6.317101 -9.48882 -0.66798115 2.0112739 1.0137309 1002.02 
20150620163601 -9.080608 -5.631162 -2.6036944 -0.6554584 1.5928311 -0.046120327 1002.02 
20150620163601 -4.482544 -0.5117606 1.7621324 -1.0381655 -0.11301007 -0.6224717 1002.02 
20150620163601 -3.716998 1.3359646 3.4500446 -0.97127575 -1.5439619 -0.72784597 1002.02 
20150620163601 -3.4680011 0.89423436 1.6633717 -0.42332962 -1.244638 -0.75625116 1002.02 
20150620163601 -4.0982747 0.74878657 -1.7160441 0.18295415 -0.17104226 -0.7690793 1002.02 
20150620163601 -3.7894228 1.9387048 -4.8464627 0.36163223 0.45753807 -0.6533204 1002.02 
20150620163601 -3.7600937 1.5855601 -4.6980224 0.18692477 0.54428095 -0.46395215 1002.0 
20150620163601 -3.3093853 1.1773487 -2.552219 -0.3313944 0.2556471 -0.3387248 1002.0 
20150620163601 -3.6236243 0.74758947 -0.7469909 -0.6612616 -0.18967366 -0.2049453 1002.0 
20150620163601 -6.0064535 -1.5592239 0.25677812 -0.66248333 -0.17989981 -0.1826487 1002.0 
20150620163601 -8.843582 -3.401562 0.5770026 -0.60048056 0.21410827 -0.25259277 1002.0 
20150620163601 -12.268488 -4.9559975 0.17417817 -0.589485 0.56046885 -0.23335053 1002.0 
20150620163601 -14.592659 -4.420295 -0.3776853 -0.8546005 0.8151997 -0.21410827 1002.0 
20150620163601 -15.0715 -1.7950528 -1.0690111 -0.98532563 0.70738196 -0.16432275 1002.0 
20150620163601 -13.48594 0.20290859 -0.52852005 -0.6444628 0.3903429 0.105068825 1002.0 
20150620163601 -13.139379 -0.87208796 0.12808979 0.02107485 -0.03940081 0.30665436 1002.04 
20150620163601 -13.527838 -2.8269536 0.2813187 0.42363504 -0.24190263 0.17715092 1002.04 
20150620163601 -12.731168 -2.463035 -1.2300211 0.40194935 -0.2660318 0.07422013 1002.04 
20150620163601 -8.528745 -0.8690952 -4.5501804 0.33017266 -0.37048978 0.053450707 1002.04 
20150620163601 -4.587889 -0.24899697 -9.31105 0.34025195 -0.7809912 0.258396 1002.04 
20150620163601 -14.277224 -1.1013328 -15.71554 0.40011674 -0.40622538 0.21563543 1002.04 
20150620163601 -19.60911 4.7483006 -13.654132 1.0183123 0.7816021 -0.9605856 1002.04 
20150620163601 -11.684901 5.482722 -3.5422213 1.2681563 1.0360274 -0.591623 1002.04 
20150620163601 -5.048773 0.9624691 0.12030864 1.1786644 -0.38728857 -0.16187929 1002.04 
20150620163601 -5.5102553 -0.5363012 1.0923545 1.1618657 -1.8350391 0.1459968 1002.0 
20150620163601 -5.689222 -1.389834 1.6232687 0.4343252 -1.8005253 0.44104472 1002.0 
20150620163601 -3.840898 -1.4359225 0.30825347 -0.19425514 -0.3817908 0.516792 1002.0 
20150620163601 -2.4007857 -1.532289 -2.1290438 -0.32528573 0.28221974 0.6169739 1002.0 
20150620163601 -2.9508536 -0.57400984 -3.8432922 -0.07147124 0.30085114 0.56077427 1002.0 
20150620163601 -3.6721067 -0.36511576 -3.4093432 0.6420194 0.23823744 0.48624873 1002.0 
20150620163601 -3.8145618 -0.52073884 -1.5562311 1.0830641 0.13775012 0.3210097 1002.0 
20150620163601 -4.2718544 0.09876082 0.42078096 1.1236867 0.03359759 0.19272798 1002.0 
20150620163601 -5.5030727 1.9859903 1.395221 0.92149025 -0.089186326 0.1441642 1002.0 
20150620163601 -7.7266874 4.630985 0.6871359 0.59681535 -0.11575896 0.1826487 1001.99 
20150620163601 -11.555016 5.5886655 0.504578 0.38545597 0.12095132 0.14721853 1001.99 
20150620163601 -15.732898 3.9743748 -0.97862995 0.36987892 0.4465425 0.08002335 1001.99 
20150620163602 -16.926407 1.7735049 -3.2722752 0.4092797 0.49296826 -0.0290161 1001.99 
20150620163602 -17.384897 0.6655881 -3.0735564 0.34697145 0.35705075 -0.043676864 1001.99 
20150620163602 -15.79395 0.50757074 0.019752163 0.22021692 0.3295618 -0.017104227 1001.99 
20150620163602 -12.885593 1.067814 1.2330139 -0.01038471 0.19883664 0.04428773 1001.99 
20150620163602 -8.947132 0.9487024 -1.8567034 -0.1328632 -0.47555858 0.08857546 1001.99 
20150620163602 -6.256049 2.3175871 -7.3220673 -0.10842858 -0.93187493 0.07696902 1001.99 
20150620163602 -8.259995 3.4314895 -11.401787 -0.14569137 -0.86437434 0.23640485 1002.14 
20150620163602 -12.102091 3.0238767 -11.942278 -0.30787608 -0.025961773 0.74067414 1002.14 
20150620163602 -15.457564 -1.9033904 -8.909423 -0.643852 1.1007792 0.98471475 1002.14 
20150620163602 -11.662755 -4.291008 -4.4220905 -0.6783658 1.4202617 0.17806722 1002.14 
20150620163602 -7.7201033 -3.3901896 -0.29269117 -0.6768387 0.07544186 -0.2171626 1002.14 
20150620163602 -5.5551467 0.037708677 1.7004818 -0.46914452 -0.97585726 -0.56107974 1002.14 
20150620163602 -4.8500543 0.98461545 0.22804771 -0.23884831 -1.0192287 -0.73914695 1002.14 
20150620163602 -4.630386 1.6777369 -2.31639 -0.09010262 -0.021380283 -0.7693848 1002.14 
20150620163602 -4.8985367 2.2331917 -4.073136 -0.10629055 0.52870387 -0.6817256 1002.14 
20150620163602 -4.6255975 1.4915876 -3.9749734 -0.23060162 0.6389651 -0.6010914 1002.0 
20150620163602 -3.8043866 0.47884035 -2.3517046 -0.41905355 0.18753563 -0.5323691 1002.0 
20150620163602 -3.457826 -0.28072014 -0.76434886 -0.5833763 -0.3231477 -0.47586402 1002.0 
20150620163602 -4.350863 -1.7052702 0.30047232 -0.745561 -0.4196644 -0.35185838 1002.0 
20150620163602 -6.218939 -2.9251158 0.1933318 -0.81031275 -0.099571034 -0.25259277 1002.0 
20150620163602 -9.082404 -3.1310172 -0.34237084 -0.7791586 0.4098906 -0.17898351 1002.0 
20150620163602 -12.5982895 -2.9496565 -0.31603462 -0.8213083 0.75808376 -0.11636983 1002.0 
20150620163602 -15.355811 -2.1218612 -1.264737 -0.91874135 0.9868528 -0.105374254 1002.0 
20150620163602 -15.67005 -1.4041992 -1.8740613 -0.72112644 0.70707655 -0.0571159 1002.0 
20150620163602 -15.155895 -1.6208745 -0.38187516 -0.35460728 0.2941316 0.032986723 1002.08 
20150620163602 -14.367006 -2.2888567 0.12569559 0.11148291 0.09712757 0.09101892 1002.08 
20150620163602 -12.78384 -2.1577742 -1.9231426 0.35185838 -0.093767814 0.09285152 1002.08 
20150620163602 -8.081029 -1.0307038 -6.685808 0.3857614 -0.4908302 0.14049901 1002.08 
20150620163602 -5.8364654 -0.78170687 -10.699687 0.3830125 -0.9419542 0.29749137 1002.08 
20150620163602 -16.277578 -0.7320272 -13.140576 0.34697145 -0.689056 0.12767084 1002.08 
20150620163602 -19.191322 4.938041 -9.882666 0.66614854 0.63071835 -0.9786061 1002.08 
20150620163602 -14.253282 7.1047935 -4.5447936 0.8191703 0.593761 -0.7351763 1002.08 
20150620163602 -6.576872 3.2626984 0.3609259 1.0827587 -0.68539083 -0.28802297 1002.08 
20150620163602 -5.591658 -0.14784196 0.8738836 1.1572843 -1.7974709 0.20708331 1002.1 
20150620163602 -5.470751 -2.2457612 0.9768343 0.35216382 -1.4440855 0.45662177 1002.1 
20150620163602 -3.638588 -2.058415 -0.53091425 -0.18692477 -0.015271631 0.6429357 1002.1 
20150620163602 -3.2519245 -1.8866309 -2.6964695 -0.47311515 0.43768495 0.7031059 1002.1 
20150620163602 -4.733337 -0.5979519 -3.66672 0.006414085 0.47739118 0.62888575 1002.1 
20150620163602 -4.633379 -0.75596917 -2.191293 0.58093286 0.28955013 0.56291234 1002.1 
20150620163602 -3.793014 -0.6368576 0.10414778 0.9828822 0.061391957 0.3979787 1002.1 
20150620163602 -3.9396589 0.56203884 1.726818 0.93554014 -0.18478674 0.2666427 1002.1 
20150620163602 -5.2385135 2.31639 1.827973 0.65148777 -0.35613444 0.28130344 1002.1 
20150620163602 -7.679402 3.103484 1.4012065 0.42058071 -0.30390546 0.2968805 1002.15 
20150620163602 -11.656171 2.3535004 1.6938977 0.33078352 -0.0015271631 0.23151793 1002.15 
20150620163602 -18.362928 1.6406267 -0.40641573 0.61208695 0.4089743 0.056505036 1002.15 
20150620163602 -19.60911 2.3906105 -5.0745106 1.1462886 0.5195409 -0.08368854 1002.15 
20150620163602 -17.320852 4.2676644 -4.1904516 1.2125676 0.5888741 0.06872234 1002.15 
20150620163602 -11.361684 2.8526914 0.0023942017 0.32986724 0.4364632 0.35308012 1002.15 
20150620163602 -7.9595237 2.6862943 -2.3157916 -0.46395215 -0.45204028 0.22296582 1002.15 
20150620163603 -7.1526775 4.1599255 -9.118318 -0.47616947 -1.2712106 0.15882497 1002.15 
20150620163603 -10.842142 2.7072437 -11.171345 -0.29840767 -1.174083 0.35735616 1002.15 
20150620163603 -14.269443 0.4961983 -10.363302 -0.30787608 0.23976462 1.0308352 1002.09 
20150620163603 -15.992669 -5.3504424 -9.803658 -0.3866777 1.5531249 0.9059132 1002.09 
20150620163603 -10.429143 -6.0166287 -3.5248635 -0.44012842 1.1673635 0.2125811 1002.09 
20150620163603 -5.8065376 -2.9777884 0.9331401 -0.67164636 -0.12980886 -0.2180789 1002.09 
20150620163603 -4.9045224 0.427365 2.6737247 -0.5729916 -1.6865989 -0.5635232 1002.09 
20150620163603 -5.0876784 1.4030021 1.9099745 -0.28130344 -1.0671816 -0.64996064 1002.09 
20150620163603 -4.8165355 1.2545617 -1.7591397 0.26847526 0.160963 -0.68752885 1002.09 
20150620163603 -4.622605 1.7363948 -4.950012 0.49968776 0.5696318 -0.6533204 1002.09 
20150620163603 -4.413112 2.0967221 -5.358822 0.21685717 0.5458081 -0.4868596 1002.09 
20150620163603 -3.2638955 1.9907787 -3.2734723 -0.13072516 0.020158553 -0.37323865 1002.05 
20150620163603 -2.3295584 2.349909 -0.8690952 -0.5119051 -0.2947425 -0.21594086 1002.05 
20150620163603 -5.4061074 -1.1935096 0.5231331 -0.71685034 -0.3857614 -0.15271631 1002.05 
20150620163603 -8.244433 -3.180697 0.82001406 -0.8903361 -0.040317107 -0.24495697 1002.05 
20150620163603 -11.800422 -4.4927197 0.7398083 -0.9923506 0.5555819 -0.31581733 1002.05 
20150620163603 -14.520833 -4.722563 0.6775591 -1.1585059 0.75655663 -0.40225476 1002.05 
20150620163603 -14.451402 -3.2626984 0.56802434 -1.0338894 0.63194007 -0.2779437 1002.05 
20150620163603 -14.590265 -2.8748376 0.02813187 -0.55833083 0.21960606 0.0030543262 1002.05 
20150620163603 -14.971541 -2.6898856 0.0077811554 0.14508049 0.010079277 0.2773328 1002.05 
20150620163603 -13.002311 -1.5424645 -0.15741876 0.47525316 0.09468412 0.25289822 1002.08 
20150620163603 -10.1699705 -0.28311434 -2.0440497 0.5702427 -0.09315695 0.19761491 1002.08 
20150620163603 -7.6285253 -0.19093758 -8.356961 0.6053675 -0.5861252 0.16432275 1002.08 
20150620163603 -8.797494 0.30226797 -11.880029 0.6563747 -0.786489 0.12644911 1002.08 
20150620163603 -19.594746 0.98102415 -11.923124 0.49205196 -0.011911872 -0.34483343 1002.08 
20150620163603 -18.602348 6.9120603 -9.430161 0.7134906 1.0329732 -0.9807441 1002.08 
20150620163603 -12.08174 4.8518496 -3.4877534 0.7910705 0.19639318 -0.5235115 1002.08 
20150620163603 -4.9703627 -0.3172317 1.7902644 1.0036516 -0.9242391 -0.101098195 1002.08 
20150620163603 -4.51726 -2.006341 1.3676877 0.91446525 -2.234545 0.38240165 1002.08 
20150620163603 -4.6040497 -2.5079262 1.62686 0.46700647 -1.5732834 0.54458636 1002.06 
20150620163603 -3.7110126 -1.8273745 -0.0017956513 -0.0720821 -0.376293 0.6068946 1002.06 
20150620163603 -3.151368 -0.9091981 -3.1040826 -0.052534413 0.27855456 0.61269784 1002.06 
20150620163603 -3.4542346 0.6159084 -3.9558198 0.4605924 0.43218717 0.59803706 1002.06 
20150620163603 -3.809175 0.6410475 -2.6581624 0.85918194 0.21533 0.5458081 1002.06 
20150620163603 -4.010288 -0.11971009 -0.18914193 1.0070114 0.0125227375 0.30879238 1002.06 
20150620163603 -4.2904096 0.28311434 2.184709 0.90010995 -0.07696902 0.1908954 1002.06 
20150620163603 -5.683835 1.6525977 3.3602622 0.73639804 -0.19425514 0.22388211 1002.06 
20150620163603 -8.004415 1.7585411 2.7269957 0.57848936 -0.13988814 0.19486602 1002.06 
20150620163603 -12.546215 0.32621 0.5267244 0.643852 0.2751948 0.061391957 1002.04 
20150620163603 -16.898275 0.31483752 -1.3509283 0.8151997 0.64996064 -0.07452556 1002.04 
20150620163603 -18.935143 3.5452142 -5.481525 0.98807454 0.77732605 0.018325957 1002.04 
20150620163603 -15.5042515 5.6670756 -3.763685 1.0830641 0.86620694 0.37720928 1002.04 
20150620163603 -10.028712 4.096479 -0.38486794 0.42638394 0.81581056 0.398895 1002.04 
20150620163603 -8.433576 3.2836475 -2.9921536 -0.23884831 -0.3210097 0.09132435 1002.04 
20150620163603 -9.810242 3.6445735 -10.339958 -0.26236662 -1.2012665 -0.03023783 1002.04 
20150620163603 -12.9005575 0.8451532 -13.2034235 0.003970624 -0.96944314 0.40011674 1002.04 
20150620163603 -15.641918 -2.6030958 -10.90499 0.052534413 0.3191771 1.2137892 1002.04 
20150620163603 -13.969568 -6.223129 -8.716091 -0.021991149 1.4364496 1.2336423 1002.05 
20150620163603 -9.888652 -6.531382 -1.7711107 -0.26389378 1.0161743 0.31948254 1002.05 
20150620163603 -6.362591 0.42078096 2.8329391 -0.6096435 -0.59223384 -0.46028697 1002.05 
20150620163603 -6.7546415 4.538808 3.3315318 -0.48747048 -1.6096299 -0.68539083 1002.05 
20150620163604 -7.0605006 4.7698483 -0.38486794 0.007330383 -0.4841107 -0.75319684 1002.05 
20150620163604 -6.4302273 3.9600096 -4.5142674 0.5867361 0.45631635 -0.71868294 1002.05 
20150620163604 -4.405331 3.7499185 -6.7546415 0.5751296 0.8258898 -0.52839845 1002.05 
20150620163604 -2.4666264 2.7521348 -5.1379566 0.057726767 0.39187005 -0.41233405 1002.05 
20150620163604 -1.1306617 1.3742718 -2.179322 -0.85154617 -0.17745635 -0.43279803 1002.05 
20150620163604 -2.202067 -0.14784196 0.1364695 -1.3530666 -0.5699373 -0.49296826 1002.04 
20150620163604 -4.881179 -2.4265234 0.9600749 -1.4208726 -0.2751948 -0.571159 1002.04 
20150620163604 -7.4735007 -4.6722846 0.5847838 -1.320996 0.26939157 -0.5589417 1002.04 
20150620163604 -9.834782 -5.8628016 -0.52073884 -1.1585059 0.600786 -0.4034765 1002.04 
20150620163604 -11.859079 -4.7668557 -0.62608373 -1.069625 0.7263188 -0.1881465 1002.04 
20150620163604 -13.408727 -2.7623103 -0.37708676 -0.98807454 0.6246097 0.016798794 1002.04 
20150620163604 -13.085509 -1.2671312 -0.094570965 -0.6649268 0.2874121 0.10598512 1002.04 
20150620163604 -11.278485 -1.9045875 0.05805939 -0.040317107 -0.06841691 0.06780604 1002.04 
20150620163604 -11.097723 -2.1787236 -0.350152 0.36285394 -0.38606682 -0.01863139 1002.04 
20150620163604 -10.650606 -2.0763714 -1.4742297 0.40591997 -0.46211955 -0.020463986 1002.03 
20150620163604 -8.9040365 -1.3257892 -6.625953 0.3717115 -0.5467244 0.005192355 1002.03 
20150620163604 -8.098986 0.98820674 -8.485649 0.2761111 -0.7620544 0.090713486 1002.03 
20150620163604 -16.78874 2.1799207 -12.465411 0.23762658 -0.559858 -0.07880162 1002.03 
20150620163604 -17.647062 8.451532 -10.415376 0.6429357 0.43676865 -1.0729848 1002.03 
20150620163604 -16.147694 7.747637 -3.550601 1.3002267 1.0308352 -1.2076806 1002.03 
20150620163604 -10.636241 1.9686323 -1.8596961 1.1371256 -0.2687807 -0.63529986 1002.03 
20150620163604 -8.308478 -1.4065934 -1.5442601 1.0647382 -0.90133166 0.04428773 1002.03 
20150620163604 -6.8743515 -2.7844565 -1.0618285 0.57635134 -0.9211848 0.5882632 1002.03 
20150620163604 -6.447585 -3.1477766 -1.8555063 -0.0580322 -0.40958515 0.6093381 1002.02 
20150620163604 -6.8025255 -1.7830818 -3.2333694 -0.3753767 0.25686884 0.54275376 1002.02 
20150620163604 -7.902063 -0.82899237 -3.489549 -0.24801129 0.53786683 0.4605924 1002.02 
20150620163604 -7.1383123 -0.74758947 -2.4025815 0.1863139 0.51893 0.3268129 1002.02 
20150620163604 -4.5579615 -0.6290765 -0.20410569 0.6979135 0.19028452 0.34422258 1002.02 
20150620163604 -3.1615434 -0.65541273 1.6023195 1.1365148 -0.4196644 0.4196644 1002.02 
20150620163604 -4.162918 0.048482586 1.1522095 1.3494014 -0.82558435 0.48563787 1002.02 
20150620163604 -5.403115 1.0923545 0.25258827 1.4172074 -0.6914995 0.5384777 1002.02 
20150620163604 -6.4062853 1.9907787 0.012569559 1.2125676 -0.09010262 0.47647488 1002.02 
20150620163604 -7.8823104 2.961029 -0.5979519 1.0369438 0.13744467 0.42119157 1002.04 
20150620163604 -9.563639 3.2255883 -1.3706805 0.9560041 0.08674286 0.3023783 1002.04 
20150620163604 -10.059837 2.6701334 -0.8870517 0.9007208 0.07391469 0.12492194 1002.04 
20150620163604 -10.409989 2.0841527 0.5626374 0.66339964 -0.050396383 -0.022602014 1002.04 
20150620163604 -12.1523695 2.308609 1.9381063 0.5366451 -0.12064589 -0.015882496 1002.04 
20150620163604 -13.058575 3.4751837 -0.19273324 0.5900958 0.015577064 0.08735373 1002.04 
20150620163604 -11.930905 3.5093012 -4.4400473 0.6230826 0.21685717 0.20189096 1002.04 
20150620163604 -14.616003 3.2202013 -8.9040365 0.4877759 0.057421334 0.20891592 1002.04 
20150620163604 -16.402077 0.2813187 -12.3355255 0.13500121 -0.124005646 0.23671028 1002.04 
20150620163604 -11.600506 -1.5454572 -10.863091 -0.59040123 0.04795292 0.7309003 1001.99 
20150620163604 -10.196905 -4.982932 -8.220491 -1.0345002 0.79412484 1.2391402 1001.99 
20150620163604 -8.570643 -6.6349316 -3.2136173 -0.5644395 0.9095783 0.6585127 1001.99 
20150620163604 -6.269217 -5.691616 0.28550854 0.11789699 0.16615535 -0.14966199 1001.99 
20150620163604 -5.4408236 -1.5065514 1.1168951 0.52442783 -0.79290307 -0.45570546 1001.99 
20150620163604 -6.704962 0.4369418 0.5279215 0.74189585 -0.904386 -0.419359 1001.99 
20150620163604 -7.8906903 1.5646108 -2.2260091 0.9596693 -0.3036 -0.41813725 1001.99 
20150620163604 -8.486847 2.6833014 -4.941034 1.1071932 0.20586158 -0.2519819 1001.99 
