20150706143756 -3.9193082 -4.6046486 2.6078842 0.57910025 0.47219884 -0.124005646 1003.73 
20150706143756 -8.349778 -7.1227503 -0.17417817 1.4483615 2.0864103 0.14721853 1003.67 
20150706143756 -6.4906807 -10.284892 -6.642114 1.1206323 1.8784106 -0.16920967 1003.67 
20150706143756 -3.9175124 -12.3989725 -6.8893156 -0.040927973 1.0775663 -0.1255328 1003.67 
20150706143756 -3.590704 -8.432977 -4.245518 -1.1499538 1.4563028 0.07696902 1003.67 
20150706143756 -4.694431 -6.871359 3.6685154 -1.103528 0.17134771 0.070249505 1003.67 
20150706143757 -4.88058 -5.6658783 -3.9558198 -0.19456059 -1.6688838 0.05497787 1003.67 
20150706143757 -2.508525 -7.2508397 -6.132149 -0.40622538 -2.3793201 0.16340645 1003.67 
20150706143757 0.108337626 -8.921394 -8.573038 -1.0106765 -1.5540411 0.09101892 1003.67 
20150706143757 1.6897079 -9.139266 -8.012196 -1.815186 -0.6579019 0.08582657 1003.67 
20150706143757 -0.03172317 -12.499529 -6.1010246 -2.4929411 -1.1945469 0.3100141 1003.7 
20150706143757 2.3139958 -19.608511 1.6490064 -3.1160235 -2.6551259 0.04917465 1003.7 
20150706143757 3.1172507 -14.092271 6.5924344 -3.8166862 -3.9287798 0.021991149 1003.7 
20150706143757 2.2080526 -8.133701 4.2275615 -3.2409456 -4.183816 0.048258353 1003.7 
20150706143757 2.0021513 -7.439982 0.27593175 -1.1337659 -3.88663 -0.17837265 1003.7 
20150706143757 1.174356 -7.07726 -3.093907 -1.4630222 -3.5775323 0.03634648 1003.7 
20150706143757 -0.7745243 -8.704121 -1.7968484 -1.2229522 -1.368949 0.011301007 1003.7 
20150706143757 -1.3676877 -8.902839 0.2717419 -0.6844745 0.96852684 -0.37140608 1003.7 
20150706143757 -1.2012907 -9.183559 1.0049661 -0.7519751 1.1896601 -0.5128214 1003.7 
20150706143757 -0.43035775 -9.144054 -0.4333505 -0.872621 0.79045963 -0.5045747 1003.64 
20150706143757 0.21667525 -9.043498 -1.3760674 -0.73884153 0.57360244 -0.45570546 1003.64 
20150706143757 -0.020350715 -9.269751 -1.1312603 -0.45173484 0.27885997 -0.36163223 1003.64 
20150706143757 -0.4309563 -9.165004 -1.3215994 -0.35827246 -0.17806722 -0.39064834 1003.64 
20150706143757 -2.059612 -10.065224 -3.1854854 -0.3998113 -0.6630942 -0.36774087 1003.64 
20150706143757 -3.5817258 -10.653001 -4.4161053 -0.7153232 -0.80481493 -0.35705075 1003.64 
20150706143757 -5.0637364 -12.764687 3.2124202 -1.0858129 -0.57696223 -0.28160888 1003.64 
20150706143757 -5.461174 -13.338098 7.547721 -1.8545868 -0.700357 -0.013439035 1003.64 
20150706143757 -1.3718776 -13.729549 0.81881696 -2.5244007 -1.647809 -0.082161374 1003.64 
20150706143757 3.1202433 -13.815741 -1.602918 -0.77396625 -1.0800097 0.42546764 1003.72 
20150706143757 5.427655 -13.412916 -2.5049336 1.185384 1.4883732 1.5216653 1003.72 
20150706143757 3.6733038 -12.379818 3.0370448 1.3133603 1.5876387 1.5647314 1003.72 
20150706143757 -0.46806642 -13.912706 4.5316253 0.2180789 1.6166549 0.5647449 1003.72 
20150706143757 -0.01436521 -11.396998 0.8110358 0.050701816 1.6093245 -0.19761491 1003.72 
20150706143757 1.1408371 -9.081207 0.7966706 1.6740762 0.90224797 -0.12186762 1003.72 
20150706143757 0.23523031 -8.742428 -3.2615013 2.6316075 -0.53786683 0.27550024 1003.72 
20150706143757 -1.5221137 -11.927315 -4.7524905 2.8643472 -2.0665572 -0.02321288 1003.72 
20150706143757 -6.1890116 -17.802685 -4.3281183 2.5399778 -2.176513 -0.46273044 1003.72 
20150706143757 -10.616488 -19.524117 -1.6579847 2.3081543 -0.52534413 -0.9960158 1003.71 
20150706143757 -8.79091 -15.155296 3.7630866 2.626415 -0.5766568 -1.2867876 1003.71 
20150706143757 -6.7731967 -10.524911 -1.2862848 2.9709432 -1.4862351 -0.38912117 1003.71 
20150706143757 -2.9251158 -7.8835077 0.7224504 3.2943962 -1.5668694 -0.041233405 1003.71 
20150706143757 0.30047232 -9.24521 4.2012253 2.9788845 0.22235495 0.122478485 1003.71 
20150706143757 4.647744 -10.185533 -1.5089456 2.0668626 2.7464502 0.4025602 1003.71 
20150706143757 6.213552 -9.554062 -3.490746 3.037833 4.92785 0.5723807 1003.71 
20150706143757 1.9213469 -8.9124155 -1.5334862 3.7589593 5.7577105 0.57757306 1003.71 
20150706143757 -0.8631097 -7.1155677 -2.2379801 2.9321532 3.3377676 0.058643065 1003.71 
20150706143757 -3.3782187 -4.653131 -4.856638 1.820073 1.38025 -0.4981606 1003.72 
20150706143757 -4.619014 -3.0496144 -4.095282 1.930945 1.4379768 -0.45570546 1003.72 
20150706143757 -4.979341 -2.5917234 -3.3638535 2.2247713 2.25562 -0.30482176 1003.72 
20150706143757 -3.9983168 -2.2541409 -1.702876 1.7580702 2.2171354 -0.4636467 1003.72 
20150706143757 -2.8874073 -3.0190883 -0.81043726 1.0760391 1.785559 -0.59559363 1003.72 
20150706143757 -2.3373394 -4.2419267 -0.5686229 0.26358834 1.4920384 -0.68539083 1003.72 
20150706143757 -3.0639796 -5.613206 1.8776526 -0.38331795 0.6365216 -0.8775079 1003.72 
20150706143757 -4.6160207 -8.645462 6.081871 -1.183246 0.08124508 -1.1487321 1003.72 
20150706143757 -7.1233487 -13.712192 17.11974 -2.0146337 -0.1704314 -1.269378 1003.72 
20150706143757 -3.3141737 -19.608511 19.608511 -2.4550674 -0.516792 -1.2165382 1003.71 
20150706143758 -0.350152 -18.769344 7.0365586 -2.2736404 -1.3286319 -0.7290677 1003.71 
20150706143758 0.2621651 -7.435792 0.44592008 0.31398472 -1.402852 -0.09682214 1003.71 
20150706143758 -8.403049 -7.247847 1.6412252 1.8509218 2.2131648 0.4251622 1003.71 
20150706143758 -9.941324 -7.9289975 -6.455965 1.1939361 2.4736989 -0.19883664 1003.71 
20150706143758 -9.01417 -10.457873 -11.0857525 0.31795537 0.16218472 -0.4538729 1003.71 
20150706143758 -5.668871 -7.611766 -5.581483 -0.98868537 0.105374254 -0.27152961 1003.71 
20150706143758 -3.591901 -6.6864066 0.3309984 -0.63285637 0.3378085 0.25381452 1003.71 
20150706143758 -1.5275006 -6.949769 -2.1308396 0.62980205 -2.2385156 0.6267477 1003.71 
20150706143758 -0.18375498 -8.859145 -9.862315 -0.66614854 -2.6258042 0.7254025 1003.62 
20150706143758 1.447295 -8.817844 -9.234436 -1.7660115 0.33444872 0.5195409 1003.62 
20150706143758 -0.022146367 -11.191696 -7.7201033 -2.110234 1.2617421 0.07574729 1003.62 
20150706143758 -0.66618663 -14.485518 -4.201824 -2.7104092 -2.44285 -0.12644911 1003.62 
20150706143758 2.2816741 -19.571402 3.1022868 -3.50881 -4.920825 -0.093767814 1003.62 
20150706143758 3.1675289 -10.620679 4.6058455 -3.7736201 -5.479156 0.1872302 1003.62 
20150706143758 2.5198972 -7.145495 0.2896984 -2.9181032 -5.0362787 -0.027794369 1003.62 
20150706143758 2.1428106 -7.6147585 -2.1308396 -1.2027937 -4.154189 -0.18936823 1003.62 
20150706143758 0.97503865 -7.896077 -1.578976 -1.4318681 -3.2983668 0.019547688 1003.62 
20150706143758 -0.52133745 -9.156625 0.19991584 -1.3548992 -1.7079792 -0.09101892 1003.69 
20150706143758 -0.9271546 -10.274716 1.4790181 -1.2073752 -0.8570439 -0.2764165 1003.69 
20150706143758 -0.9888053 -10.225636 1.6262615 -1.2321151 -0.31764993 -0.30451632 1003.69 
20150706143758 -0.34596214 -9.223662 2.35769 -1.153619 0.022907447 -0.25137106 1003.69 
20150706143758 0.40222588 -9.396045 -0.09816227 -0.9410379 0.2415972 -0.0106901415 1003.69 
20150706143758 0.6847417 -9.327211 -1.3281834 -0.6291912 0.16982053 0.0580322 1003.69 
20150706143758 0.5374983 -9.28232 -1.002572 -0.47891834 -0.031154128 0.064446285 1003.69 
20150706143758 -0.4369418 -10.470443 -1.1282675 -0.38545597 -0.32467487 0.124005646 1003.69 
20150706143758 -0.97743285 -12.357074 -2.4450784 -0.38453966 -0.66553766 0.065973446 1003.69 
20150706143758 -0.30406362 -11.442489 -0.2801216 -0.9334021 -0.7984009 -0.03726278 1003.71 
20150706143758 -1.4197617 -12.625224 1.7962499 -1.097114 -0.31887165 0.2302962 1003.71 
20150706143758 0.30466217 -12.636597 0.4938041 -0.7819075 -0.74097955 0.056199603 1003.71 
20150706143758 1.210269 -12.771271 1.775899 -0.58459806 -1.0461067 0.13500121 1003.71 
20150706143758 -0.29568392 -13.549386 2.2397757 0.2919936 -0.2782491 0.40958515 1003.71 
20150706143758 -2.4690206 -13.44883 6.7330937 0.44959682 -0.12370021 0.039095376 1003.71 
20150706143758 -1.7675194 -12.847286 2.9418752 0.65484756 0.745561 -0.3191771 1003.71 
20150706143758 0.35553896 -10.694301 0.076015905 1.9019289 1.0436633 -0.1414153 1003.71 
20150706143758 2.0518308 -9.696517 -3.968988 2.7601945 0.81061816 0.28893927 1003.71 
20150706143758 -0.029927522 -12.665926 -4.32333 3.2302554 0.18325958 0.37934732 1003.8 
20150706143758 -3.6248214 -16.428413 -5.8903346 2.6633725 -0.441961 -0.111177474 1003.8 
20150706143758 -7.086837 -17.715298 -5.9561753 2.581822 0.30909783 -0.37384954 1003.8 
20150706143758 -9.882666 -15.972917 6.1076083 2.9162707 0.16371189 -0.3924809 1003.8 
20150706143758 -6.979098 -11.250354 3.7283707 3.009733 -1.4110987 -0.23701571 1003.8 
20150706143758 -3.9881415 -8.08462 -1.5580268 3.1083877 -2.8619037 0.096516706 1003.8 
20150706143758 -0.95947635 -8.215703 3.5248635 3.6706893 -1.6465873 0.38087448 1003.8 
20150706143758 3.0561984 -9.928755 -0.7152678 2.9584203 3.7669005 0.7696902 1003.8 
20150706143758 6.1728506 -9.781511 -3.2836475 3.00057 4.590347 0.9935723 1003.8 
20150706143758 2.983774 -8.8088665 -1.003769 3.2565227 5.3221636 0.9764681 1003.77 
20150706143758 -0.27473465 -5.7119665 -2.5570073 2.6007588 4.065308 0.18112154 1003.77 
20150706143758 -2.9430726 -3.4207156 -4.638766 1.9978348 1.2858714 -0.34116822 1003.77 
20150706143758 -4.496909 -2.3774424 -4.3478703 1.9385809 1.4031575 -0.26206118 1003.77 
20150706143758 -4.1557355 -2.2104468 -3.29502 1.7672331 1.964848 -0.33444872 1003.77 
20150706143758 -2.6599581 -2.7102363 -1.7274165 1.3976597 1.7809776 -0.5705481 1003.77 
20150706143759 -1.9482816 -3.3153708 -0.641646 0.7449502 1.5662584 -0.7244862 1003.77 
20150706143759 -2.1380222 -4.1359835 0.7733272 0.10842858 1.2284501 -0.8151997 1003.77 
20150706143759 -2.6671407 -5.3923407 3.7882257 -0.62888575 0.59681535 -1.0577132 1003.77 
20150706143759 -6.3805475 -10.583569 11.447875 -1.4526376 0.17379116 -1.3542882 1003.7 
20150706143759 -9.196728 -19.24639 19.608511 -2.1038198 -0.045814894 -1.5919148 1003.7 
20150706143759 -7.9116397 -19.608511 17.517178 -2.6267207 -0.38331795 -1.4059063 1003.7 
20150706143759 -3.032855 -10.539874 4.2042184 -0.5546656 -1.4034629 -0.5140431 1003.7 
20150706143759 -6.683414 -1.7369933 -0.25378537 1.6930131 0.057726767 0.39614612 1003.7 
20150706143759 -11.047445 -4.32333 -2.666542 1.5406022 2.2565362 0.22540927 1003.7 
20150706143759 -7.1371155 -9.701305 -11.008539 0.9914343 1.2293663 -0.2284636 1003.7 
20150706143759 -3.0370448 -11.848306 -9.2069025 -0.54611355 0.9624182 0.25442538 1003.7 
20150706143759 -2.7383683 -9.0842 -0.20709845 -1.3203852 1.5018122 0.70554936 1003.7 
20150706143759 -0.27114335 -10.414778 2.6192567 -0.45814893 -0.711658 0.66798115 1003.56 
20150706143759 -0.5518635 -8.747216 -8.65025 -0.29749137 -2.9294043 0.56688297 1003.56 
20150706143759 -0.44352585 -8.089409 -8.143877 -1.0748174 -1.5723672 0.47525316 1003.56 
20150706143759 0.0700304 -9.339182 -7.7093296 -1.600467 -0.54092115 -0.21135938 1003.56 
20150706143759 -0.6332663 -10.757148 -6.6965823 -1.9526308 -2.7406468 -0.32834008 1003.56 
20150706143759 0.05626374 -13.1555395 -1.38325 -3.1835241 -4.1099014 -0.22815818 1003.56 
20150706143759 3.064578 -19.608511 6.3524156 -3.8515053 -3.1462615 -0.055588737 1003.56 
20150706143759 2.2691047 -11.709442 3.5212722 -3.717115 -3.5204165 0.028710667 1003.56 
20150706143759 1.5771804 -6.201581 1.1216835 -2.3176227 -3.8701367 -0.13561209 1003.56 
20150706143759 1.5783775 -6.2243257 -1.8351556 -1.6319265 -4.26781 -0.14080444 1003.66 
20150706143759 -0.090381116 -7.7081323 -0.8924387 -1.5451837 -2.7339275 -0.048563786 1003.66 
20150706143759 -1.376666 -9.062652 1.4047978 -1.1768318 -0.68019843 -0.3662137 1003.66 
20150706143759 -1.5568297 -9.94312 1.6436194 -1.0861185 0.48197266 -0.5204572 1003.66 
20150706143759 -0.8702923 -10.038888 1.7753005 -1.112691 0.86498517 -0.44532076 1003.66 
20150706143759 0.55126494 -10.107122 1.5047557 -0.8668178 0.96944314 -0.21288654 1003.66 
20150706143759 1.1593921 -10.483012 -0.08379706 -0.5140431 0.49510628 -0.025350908 1003.66 
20150706143759 0.9816227 -9.877877 -1.086369 -0.28313604 -0.3744604 -0.03023783 1003.66 
20150706143759 0.6314707 -9.414001 -2.0655975 -0.3173445 -1.0461067 -0.024740042 1003.66 
20150706143759 0.23882163 -9.208698 -2.6384103 -0.42302418 -1.2034045 0.13133603 1003.72 
20150706143759 -0.3752911 -10.152613 -2.3259668 -0.59956425 -1.2473868 0.30757064 1003.72 
20150706143759 -1.7591397 -11.340137 -0.46686932 -0.8426886 -1.5790867 0.35185838 1003.72 
20150706143759 -2.4594438 -12.862848 2.1039047 -1.2483032 -2.1426098 0.1255328 1003.72 
20150706143759 -1.0199299 -13.216592 3.705027 -1.4553864 -2.3124304 -0.092240654 1003.72 
20150706143759 0.5907693 -14.287398 0.53450555 -0.7425067 -1.6505579 0.35155296 1003.72 
20150706143759 1.2401965 -14.716559 6.215946 0.44165558 -0.2706133 0.50732356 1003.72 
20150706143759 -0.5201403 -13.979744 3.2249897 0.21044308 2.7714956 0.20005837 1003.72 
20150706143759 0.9044097 -11.108498 0.9223662 1.0836749 4.50788 -0.057421334 1003.72 
20150706143759 0.41240123 -10.038888 -0.9056068 2.4294112 3.9736784 0.32834008 1003.74 
20150706143759 1.1180922 -9.7863 -3.3028011 2.7586675 1.348485 0.43004912 1003.74 
20150706143759 -1.7112557 -13.956999 -4.2957964 2.6551259 -2.1386392 -0.08735373 1003.74 
20150706143759 -6.3045316 -17.25561 -5.2008047 2.1526892 -2.3316727 -0.6020077 1003.74 
20150706143759 -10.388441 -18.467674 -1.769315 2.5595255 -1.3051136 -1.0180069 1003.74 
20150706143759 -9.941922 -14.66688 3.5452142 2.869845 -1.5329664 -0.99387777 1003.74 
20150706143759 -6.303933 -10.478823 3.8025908 3.1196887 -2.2702806 -0.37018433 1003.74 
20150706143759 -3.9384618 -8.334815 -1.5927427 3.3014212 -2.204002 -0.048563786 1003.74 
20150706143759 0.5141548 -8.610147 4.6040497 3.0384438 0.44684792 0.22388211 1003.74 
20150706143759 4.38917 -10.553042 -1.122282 2.4217753 4.6831985 0.79198676 1003.67 
20150706143800 7.586028 -9.316438 -4.724957 2.803566 5.88813 0.98807454 1003.67 
20150706143800 3.503914 -8.770559 -1.3162124 3.6031888 6.444323 0.99204516 1003.67 
20150706143800 -0.3172317 -6.5008564 -3.4685998 2.4174993 3.8227947 0.10476339 1003.67 
20150706143800 -2.469619 -3.4554317 -5.0864816 1.6713274 0.6588182 -0.48716503 1003.67 
20150706143800 -3.1717186 -1.9213469 -4.31914 1.9795089 1.525636 -0.28619036 1003.67 
20150706143800 -3.3889925 -1.2437878 -3.1663318 1.9058995 2.1206186 -0.34513888 1003.67 
20150706143800 -2.9867666 -1.9189527 -1.5370775 1.3793337 1.8484782 -0.7134906 1003.67 
20150706143800 -2.1410148 -3.1956608 -0.26396075 0.5714644 1.7211128 -0.9783007 1003.67 
20150706143800 -2.6635494 -4.563947 1.8495208 -0.1908954 1.3738359 -1.0735956 1003.73 
20150706143800 -3.788824 -7.5333557 4.5005007 -0.93370754 0.84207773 -1.3014483 1003.73 
20150706143800 -6.8970966 -13.220183 13.2273655 -1.5027285 0.5494733 -1.4996742 1003.73 
20150706143800 -8.8777 -19.608511 19.608511 -2.0760255 0.33108896 -1.5143349 1003.73 
20150706143800 -4.022857 -19.546862 13.120824 -1.9101756 -0.6017023 -0.8979719 1003.73 
20150706143800 -0.85891986 -7.2951326 2.0566192 1.1258247 -0.89552844 -0.09315695 1003.73 
20150706143800 -7.1712327 -0.83258367 0.5398925 2.1175644 1.8307631 0.5326745 1003.73 
20150706143800 -10.269928 -4.036624 -3.5972881 1.3924674 2.535396 0.032070424 1003.73 
20150706143800 -7.875128 -10.761936 -11.020511 0.54183745 0.91965765 -0.52503866 1003.73 
20150706143800 -4.3143516 -12.992734 -8.737639 -0.8472701 1.1129965 0.048258353 1003.87 
20150706143800 -2.979584 -9.26556 -2.3636756 -1.5015068 1.2253957 0.5720753 1003.87 
20150706143800 -0.54767364 -8.919599 3.039439 -0.44104472 -1.4526376 0.6646214 1003.87 
20150706143800 0.16759412 -7.7949224 -7.331644 -0.40530908 -2.885422 0.68966687 1003.87 
20150706143800 -0.023343466 -8.790312 -8.575432 -1.4419475 -1.8869628 0.33078352 1003.87 
20150706143800 -0.05925649 -9.808446 -7.61416 -1.9294178 -0.66798115 -0.33933565 1003.87 
20150706143800 -1.2731167 -11.475409 -5.471948 -2.7953193 -2.207667 -0.29229903 1003.87 
20150706143800 -0.5351041 -17.051504 -1.4161704 -3.5494325 -3.5195 -0.015271631 1003.87 
20150706143800 1.7603368 -16.93838 3.3997664 -3.7265835 -3.9364157 0.26725355 1003.87 
20150706143800 2.5905263 -6.871359 5.2983685 -3.0094275 -3.9187005 0.38728857 1003.64 
20150706143800 2.3139958 -6.8809357 0.48123455 -1.3326025 -3.3722816 -0.03359759 1003.64 
20150706143800 2.0081367 -7.189788 -3.578733 -1.7174476 -2.240043 -0.08093964 1003.64 
20150706143800 -0.56323594 -9.105149 -1.6603789 -1.2003502 -0.1685988 -0.21135938 1003.64 
20150706143800 -2.0524294 -10.143036 2.9712043 -1.0073168 0.47128254 -0.5491679 1003.64 
20150706143800 -2.837129 -10.704475 5.769428 -1.1676689 0.073303826 -0.6771441 1003.64 
20150706143800 0.260968 -10.499173 1.6944963 -1.1264355 -0.50671273 -0.46578476 1003.64 
20150706143800 1.7471687 -10.573992 -0.75118077 -0.40042216 -0.39370266 -0.015882496 1003.64 
20150706143800 1.4526819 -10.158598 -0.90141696 0.08582657 -0.47525316 0.029932396 1003.64 
20150706143800 1.1540052 -9.449914 -1.4059949 0.064751714 -1.2464706 -0.052839845 1003.71 
20150706143800 0.9935937 -8.532935 -1.9979613 -0.12675454 -1.4825699 0.021380283 1003.71 
20150706143800 -0.1436521 -9.0016 -2.718616 -0.33414328 -1.2705997 0.12034045 1003.71 
20150706143800 -2.60968 -10.927136 -3.655946 -0.42546764 -1.0943651 -0.023518313 1003.71 
20150706143800 -3.5972881 -11.789049 -2.5605986 -0.7852673 -1.3768903 -0.11911872 1003.71 
20150706143800 -4.735731 -12.381016 6.2769985 -1.3243558 -1.724778 0.032375857 1003.71 
20150706143800 -2.4833858 -12.867637 4.502895 -1.7983873 -1.8741345 -0.118507855 1003.71 
20150706143800 1.0241197 -13.364434 4.0587707 -1.3154984 -1.6749926 0.09315695 1003.71 
20150706143800 2.5617957 -14.097658 2.521693 0.5170974 2.0415115 0.79137594 1003.71 
20150706143800 0.62967503 -13.902531 2.8682537 1.0125091 4.425108 0.88270026 1003.74 
20150706143800 1.0265139 -12.392986 1.3323733 1.1343768 5.7198367 0.5458081 1003.74 
20150706143800 1.4107834 -10.463859 -0.7637503 2.209805 4.704884 0.52412236 1003.74 
20150706143800 1.1695676 -9.393052 -3.6296098 2.7214046 0.35643986 0.5488624 1003.74 
20150706143800 -1.8956091 -12.067974 -4.833295 2.6163359 -2.6584857 -0.06688975 1003.74 
20150706143800 -6.4128695 -16.726492 -4.675876 2.1813998 -2.3741279 -0.65087694 1003.74 
20150706143800 -10.445902 -18.594568 -1.4856021 2.2595906 -1.0986412 -1.0326678 1003.74 
20150706143801 -9.365519 -14.705786 3.3632548 2.6007588 -1.3274102 -1.181108 1003.74 
20150706143801 -6.8557963 -11.071986 1.7340006 2.9205468 -2.1276436 -0.473726 1003.74 
20150706143801 -5.34326 -9.490616 -1.5394717 3.227201 -1.564426 0.025961773 1003.63 
20150706143801 -2.0655975 -9.157822 3.228581 3.0750957 0.9914343 0.31703907 1003.63 
20150706143801 3.0585926 -9.850345 -0.045489833 2.488054 3.218038 0.62796944 1003.63 
20150706143801 6.242881 -9.750985 -3.8067808 2.4465153 3.9507709 0.86284715 1003.63 
20150706143801 4.1216183 -9.715072 -0.14305355 2.8270843 5.0793447 0.54458636 1003.63 
20150706143801 0.6811504 -6.839636 -1.9722236 2.0451767 3.1716123 -0.2706133 1003.63 
20150706143801 -1.8818425 -3.7152026 -4.460996 1.6462818 0.26633725 -0.50518554 1003.63 
20150706143801 -3.3602622 -2.4558525 -4.8542438 1.9727893 1.5980235 -0.32528573 1003.63 
20150706143801 -3.608062 -1.198298 -3.7205894 2.0204368 2.3811526 -0.28160888 1003.63 
20150706143801 -3.3650506 -1.7848774 -2.166154 1.4181237 2.1190915 -0.47555858 1003.68 
20150706143801 -2.2984335 -3.0615854 -0.7356185 0.6621779 1.6878207 -0.7150178 1003.68 
20150706143801 -1.7298107 -4.1252093 0.12689269 0.053450707 1.319469 -0.8503244 1003.68 
20150706143801 -2.7485435 -5.9926867 3.2632968 -0.37201694 1.1539245 -0.9761627 1003.68 
20150706143801 -5.9322333 -10.62008 8.909423 -1.0543534 1.0677924 -1.2690725 1003.68 
20150706143801 -9.859921 -18.363527 19.608511 -1.6288722 0.74372846 -1.4731015 1003.68 
20150706143801 -5.4845176 -19.608511 18.186954 -1.6936239 0.09162979 -1.1304061 1003.68 
20150706143801 -1.4341269 -12.653356 5.1146135 0.28252518 -0.88117313 -0.19517145 1003.68 
20150706143801 -4.4436383 -4.2904096 1.8842367 1.5741998 0.75228053 0.19975294 1003.68 
20150706143801 -9.632472 -3.7433343 -0.56443304 1.5543466 2.200642 0.16920967 1003.78 
20150706143801 -8.613141 -8.772954 -4.098873 0.8729264 1.3319917 -0.16157386 1003.78 
20150706143801 -6.005256 -12.83352 -7.347805 -0.49235737 0.9941832 0.18661933 1003.78 
20150706143801 -2.1272483 -9.548077 -4.5675383 -1.1661417 1.1429288 0.43310347 1003.78 
20150706143801 0.12449849 -7.3807254 1.1300632 -0.8512407 -0.61422503 0.55680364 1003.78 
20150706143801 -0.21428105 -6.3967085 -3.445855 -0.2837469 -2.0137172 0.48930305 1003.78 
20150706143801 -0.83018947 -8.144476 -5.673061 -0.7284568 -1.4819591 0.3484986 1003.78 
20150706143801 -0.51235914 -8.567052 -7.5806413 -1.2104294 -0.9440922 -0.09590584 1003.78 
20150706143801 -0.9516952 -9.883863 -6.0663085 -2.081218 -1.7968601 -0.23060162 1003.78 
20150706143801 -0.9828198 -11.5633955 -3.9211037 -2.8429668 -2.754086 -0.16401732 1003.67 
20150706143801 1.5735891 -18.039711 3.8666358 -3.37106 -3.5146132 -0.010079277 1003.67 
20150706143801 2.6090813 -16.867151 3.7445314 -3.4831536 -3.8802161 0.29840767 1003.67 
20150706143801 1.8405426 -7.7224975 0.8571242 -2.1459696 -3.7174203 0.105068825 1003.67 
20150706143801 2.0560207 -6.075287 -1.596334 -1.2443326 -3.3625078 -0.18295415 1003.67 
20150706143801 1.2617443 -7.2065473 -3.0388405 -1.5167783 -1.8185458 0.022602014 1003.67 
20150706143801 -0.39504328 -8.520964 -0.5177461 -1.2247849 -0.2761111 -0.10170906 1003.67 
20150706143801 -1.2964603 -9.113529 0.7038953 -1.0629056 0.6575964 -0.4334089 1003.67 
20150706143801 -1.4628572 -9.449316 0.38726214 -1.3381003 0.7113526 -0.52931476 1003.67 
20150706143801 -1.1049241 -9.279327 0.2136825 -1.359786 1.2012665 -0.43890667 1003.64 
20150706143801 -0.9911995 -9.782708 0.81283146 -1.0980303 1.2336423 -0.34422258 1003.64 
20150706143801 -0.6584055 -10.00896 -0.39384618 -0.76083267 0.8750645 -0.3191771 1003.64 
20150706143801 -0.9331401 -10.228029 -3.0178912 -0.72509706 0.24770586 -0.2724459 1003.64 
20150706143801 -1.3688848 -10.488997 -3.1465795 -0.80573124 -0.0036651916 -0.15851954 1003.64 
20150706143801 -2.5647886 -11.478401 1.246182 -0.8943067 -0.27183503 0.047647487 1003.64 
20150706143801 -3.8127663 -13.1950445 4.8733974 -1.201572 -1.455081 0.0580322 1003.64 
20150706143801 -2.3319526 -13.023859 -0.51475334 -1.6249015 -2.191479 -0.10262536 1003.64 
20150706143801 1.903989 -12.96161 -1.9075803 -0.43218717 -1.3640621 0.34238997 1003.64 
20150706143801 4.2676644 -12.602479 -1.3204023 0.8680395 -0.1133155 1.1276573 1003.69 
20150706143801 2.802413 -12.500127 -0.09935937 1.0051788 -0.63071835 0.8885035 1003.69 
20150706143801 -2.5462334 -11.987169 8.040926 0.32162055 -0.59895337 0.21013765 1003.69 
20150706143802 -3.608062 -12.083536 3.8684313 -0.116980694 0.33200526 -0.5012149 1003.69 
20150706143802 0.4213795 -10.800244 -0.65660983 1.5115861 0.9804387 -0.26450464 1003.69 
20150706143802 2.9520507 -9.0315275 -3.3315318 3.1047225 1.4422529 0.66645396 1003.69 
20150706143802 1.7711107 -11.388618 -4.4101195 3.277292 0.5180137 0.3381139 1003.69 
20150706143802 -2.7102363 -17.504606 -5.3103395 2.7580566 -0.56230146 -0.28405234 1003.69 
20150706143802 -8.961497 -19.608511 -6.1902084 2.44621 -0.20463985 -0.92057395 1003.69 
20150706143802 -11.371261 -17.850569 6.0226145 2.5897632 -0.44715336 -1.162782 1003.62 
20150706143802 -8.698134 -12.152967 3.0777464 2.5744915 -1.6606371 -0.61300325 1003.62 
20150706143802 -4.771045 -8.099585 -1.7381904 3.1468723 -3.0204232 -0.24495697 1003.62 
20150706143802 -0.7350199 -7.563283 4.224569 3.2345314 0.31337386 -0.004581489 1003.62 
20150706143802 4.1922474 -8.599973 -0.16460137 2.3377812 3.008206 0.47861293 1003.62 
20150706143802 6.025607 -9.250597 -4.408922 2.837469 4.7171016 0.72418076 1003.62 
20150706143802 3.728969 -9.821015 -0.6326678 3.196658 5.464495 0.54367006 1003.62 
20150706143802 0.4189853 -7.674015 -1.4443022 2.146275 2.912911 -0.124311075 1003.62 
20150706143802 -1.9512744 -5.069722 -4.086902 1.6814066 0.46700647 -0.3903429 1003.62 
20150706143802 -3.7104142 -3.2261868 -4.396353 2.0769417 1.4150693 -0.24007004 1003.87 
20150706143802 -4.519056 -1.7687165 -3.0933087 2.3677137 2.4489589 -0.21471913 1003.87 
20150706143802 -3.952827 -1.6142905 -1.8590976 1.7427986 2.1423044 -0.6001751 1003.87 
20150706143802 -2.4492683 -2.896984 -1.1492168 0.78893244 1.7654005 -0.8228355 1003.87 
20150706143802 -1.5358804 -4.187459 0.02813187 0.21502456 1.5445728 -0.82650065 1003.87 
20150706143802 -2.7419596 -5.559336 1.6597804 -0.45142943 1.1575897 -0.9819659 1003.87 
20150706143802 -4.361038 -7.480085 5.4061074 -1.1246029 0.5342017 -1.3414601 1003.87 
20150706143802 -7.252037 -13.089699 14.45619 -1.7592919 0.301462 -1.4724907 1003.87 
20150706143802 -6.654085 -19.608511 19.608511 -2.115121 0.004886922 -1.2690725 1003.87 
20150706143802 -3.7618895 -19.285295 12.971785 -1.6496416 -0.7519751 -0.72784597 1003.73 
20150706143802 -1.6017209 -6.1740475 2.2337902 0.93309665 -0.4465425 -0.05467244 1003.73 
20150706143802 -8.815451 -5.217564 -1.0905589 1.7489072 1.9694295 0.38881573 1003.73 
20150706143802 -10.609306 -9.475053 -9.905411 1.1059716 1.7519615 -0.2611449 1003.73 
20150706143802 -6.184223 -13.27944 -9.320028 -0.22174409 0.45051312 0.10323623 1003.73 
20150706143802 -2.9454668 -8.294712 -4.9883194 -1.2855659 0.9669997 0.52320606 1003.73 
20150706143802 -0.46567222 -5.5778913 3.4003649 -0.5644395 -0.38881573 0.6038403 1003.73 
20150706143802 -0.44891283 -5.9262476 -4.618415 0.1459968 -2.497828 0.5305365 1003.73 
20150706143802 -1.0953473 -9.269751 -9.473258 -0.9801333 -1.958434 0.29138273 1003.73 
20150706143802 0.41240123 -9.192537 -8.847773 -1.7901406 -0.72692966 -0.15760323 1003.51 
20150706143802 -0.5315128 -10.958859 -7.1191587 -2.223244 -1.8686367 -0.035430185 1003.51 
20150706143802 -0.56563014 -12.072164 -4.320337 -3.0069842 -3.5451565 0.025961773 1003.51 
20150706143802 2.0925324 -18.753782 5.2648497 -3.6816847 -4.1474695 0.23487769 1003.51 
20150706143802 2.7210102 -14.526819 4.586692 -3.5763106 -4.2168026 0.33658674 1003.51 
20150706143802 1.4413095 -8.26658 0.39863458 -1.8212948 -4.100433 -0.009468411 1003.51 
20150706143802 1.6118963 -6.679823 -2.208651 -1.4135422 -3.885103 -0.086132 1003.51 
20150706143802 0.03172317 -7.3885064 -2.0147207 -1.6691893 -2.2446244 0.092240654 1003.51 
20150706143802 -1.134253 -8.59698 0.9379285 -1.3130548 -0.13408493 -0.23976462 1003.51 
20150706143802 -1.590947 -9.855731 1.1504139 -1.1600331 0.16401732 -0.38820487 1003.7 
20150706143802 -0.9516952 -10.02572 0.46267948 -1.1542299 0.22357668 -0.31703907 1003.7 
20150706143802 0.09696517 -9.977237 0.9684546 -1.078788 0.3491095 -0.1572978 1003.7 
20150706143802 0.6793547 -10.214263 0.83258367 -0.80848014 -0.02565634 -0.01282817 1003.7 
20150706143802 0.7170634 -10.275315 -0.09756372 -0.5439755 -0.8555168 0.005192355 1003.7 
20150706143802 0.6434417 -9.953894 -0.57041854 -0.5458081 -1.17897 0.037873644 1003.7 
20150706143802 0.045489833 -10.392631 -1.4772224 -0.59712076 -0.92271197 0.14630222 1003.7 
20150706143803 -0.492607 -11.134833 -2.4372973 -0.6963864 -0.5564982 0.13836098 1003.7 
20150706143803 -0.6374562 -10.727221 2.6150668 -0.9224065 -0.31520647 0.15851954 1003.7 
20150706143803 -2.0608091 -12.537836 1.2826935 -0.9673051 -0.35460728 0.14294247 1003.65 
20150706143803 0.29328972 -12.635998 1.9626468 -1.1560625 -0.9761627 -0.13713925 1003.65 
20150706143803 0.7763199 -12.896367 0.42556936 -0.09254608 -0.0852157 0.3817908 1003.65 
20150706143803 -0.06284779 -14.186842 3.9707835 0.8151997 0.098043874 0.61391956 1003.65 
20150706143803 -0.75237787 -13.289017 3.7283707 0.5439755 -0.14263703 0.03268129 1003.65 
20150706143803 0.38845924 -11.049241 1.7136499 0.9407325 0.9975429 -0.28527406 1003.65 
20150706143803 1.762731 -9.179369 -2.7688942 2.2773056 0.47494772 -0.028099801 1003.65 
20150706143803 0.44951138 -11.470022 -4.0342298 3.0634892 -0.17837265 0.07147124 1003.65 
20150706143803 -3.933075 -16.733076 -6.238691 3.0476067 -0.5555819 -0.1777618 1003.65 
20150706143803 -8.851364 -19.230827 -6.3224883 2.6053402 -0.051923547 -0.6963864 1003.74 
20150706143803 -11.196485 -16.815676 1.3012487 2.777299 0.46211955 -0.97341377 1003.74 
20150706143803 -7.8146744 -12.008119 8.629301 2.8072312 -0.6114761 -0.7086037 1003.74 
20150706143803 -6.30513 -9.015965 -2.9173348 2.9174924 -2.6429086 -0.20799962 1003.74 
20150706143803 -2.5432408 -7.443573 1.8327614 3.4730744 -2.2956316 -0.105374254 1003.74 
20150706143803 1.5382746 -8.362348 3.1040826 3.3664784 1.3552046 0.38026363 1003.74 
20150706143803 7.2143283 -10.242993 -4.4047327 2.8166997 4.2821655 0.9550878 1003.74 
20150706143803 6.181829 -10.406996 -2.348712 2.9911017 4.7574186 1.1630874 1003.74 
20150706143803 0.9768343 -7.976283 -1.2659341 2.8570168 5.645922 0.5320636 1003.74 
20150706143803 -1.8177977 -3.7193923 -4.4843397 2.1875083 2.4419339 -0.15241088 1003.67 
20150706143803 -3.1052797 -2.0679917 -5.2905874 1.9098701 0.39064834 -0.37323865 1003.67 
20150706143803 -3.3345244 -0.66858083 -3.762488 1.992337 1.4031575 -0.057726767 1003.67 
20150706143803 -3.1346085 -1.3389573 -2.1703439 1.5418239 1.6933185 -0.28069258 1003.67 
20150706143803 -1.95307 -2.528277 -1.2725182 0.8588765 1.387275 -0.689056 1003.67 
20150706143803 -1.7735049 -3.3650506 -0.24121583 0.38728857 1.2043208 -0.8753699 1003.67 
20150706143803 -2.7856536 -4.621408 2.7670987 -0.31642818 1.181108 -1.0024298 1003.67 
20150706143803 -4.844667 -10.912173 7.740454 -1.144456 0.8698721 -1.3368785 1003.67 
20150706143803 -9.925761 -19.608511 19.608511 -2.080607 0.4868596 -1.7107282 1003.67 
20150706143803 -6.0621185 -19.608511 18.921375 -2.8182268 0.20525073 -1.7763962 1003.7 
20150706143803 -1.2485762 -11.313202 2.598906 -1.7058412 -0.57971114 -0.99387777 1003.7 
20150706143803 -5.1223946 0.29508537 -1.9752164 2.1655173 -0.8344419 0.25289822 1003.7 
20150706143803 -11.361684 -0.31483752 -4.630386 2.1346686 2.20278 0.453262 1003.7 
20150706143803 -8.608353 -6.645107 -13.224972 1.2748758 2.2208006 -0.643852 1003.7 
20150706143803 -4.361038 -11.562798 -11.209652 -0.13927728 0.94042706 -0.3921755 1003.7 
20150706143803 -4.3688197 -9.931747 -3.008913 -1.675298 1.1841623 0.1881465 1003.7 
20150706143803 -1.8273745 -14.809335 14.052168 -1.6917913 -0.13836098 0.7535023 1003.7 
20150706143803 2.2852654 -7.849989 -12.279262 -0.39370266 -3.2104023 0.8347474 1003.7 
20150706143803 1.9734207 -7.0928226 -10.87207 -0.7693848 -3.3154712 1.0002918 1003.51 
20150706143803 0.87807345 -9.454104 -7.5806413 -1.4844025 0.37598756 0.23915374 1003.51 
20150706143803 -0.7835025 -11.494562 -5.975329 -2.2742512 -1.8493946 -0.31490102 1003.51 
20150706143803 -0.4345476 -15.915456 -2.1529858 -3.215289 -3.6587775 -0.43096542 1003.51 
20150706143803 2.528277 -16.713923 6.4416 -4.01705 -3.832874 -0.10842858 1003.51 
20150706143803 1.8309658 -8.003817 4.450821 -3.5888333 -3.3719761 0.25870144 1003.51 
20150706143803 1.4664485 -6.8426285 -1.3605051 -1.9453003 -3.422678 -0.22266038 1003.51 
20150706143803 1.0295067 -6.343437 -3.2154129 -1.056186 -3.2030718 -0.2012801 1003.51 
20150706143803 -1.228824 -8.494628 -2.3427265 -1.8866574 -1.8231273 -0.061391957 1003.51 
20150706143803 -1.8896236 -9.909601 2.1667526 -1.3322971 0.17195857 -0.42271876 1003.71 
20150706143803 -2.2038627 -10.989386 2.903568 -1.0479393 -0.07269296 -0.4615087 1003.71 
20150706143803 -0.15861586 -10.643424 2.7808652 -1.0635164 -0.79198676 -0.4465425 1003.71 
20150706143804 0.9451111 -10.451289 1.4065934 -1.3344351 -0.8145888 -0.23579398 1003.71 
20150706143804 1.1378443 -9.828198 -0.14425065 -0.7110472 -0.44776422 0.098043874 1003.71 
20150706143804 1.0055647 -9.23264 -1.4628572 -0.064446285 -0.7483099 0.16829337 1003.71 
20150706143804 0.27952304 -9.545084 -3.0364463 -0.25320363 -0.95294976 0.1554652 1003.71 
20150706143804 -0.16280572 -10.562021 -3.8013937 -0.45356745 -0.5360342 0.20861048 1003.71 
20150706143804 -0.45789108 -11.839328 -0.25139117 -0.6206391 -0.43127087 0.23945917 1003.71 
20150706143804 -2.598906 -13.321937 2.8574798 -0.88147855 -0.80664754 0.2751948 1003.67 
20150706143804 -2.1092918 -14.226347 6.517017 -1.4239268 -2.0103576 -0.27091873 1003.67 
20150706143804 0.641646 -13.6649065 4.478953 -1.5491543 -1.8845193 -0.29168814 1003.67 
20150706143804 1.2779051 -14.68723 -0.52732295 -0.25534168 -0.022602014 0.48380527 1003.67 
20150706143804 0.1604115 -12.791022 4.746505 1.4782939 1.5745052 0.74067414 1003.67 
20150706143804 -0.7266402 -11.216835 2.1601684 1.2660183 2.7885997 0.26236662 1003.67 
20150706143804 2.1254525 -9.185355 -2.5785553 2.0430388 2.7904325 -0.003970624 1003.67 
20150706143804 2.2697031 -9.8916445 -3.0232782 3.163671 0.43310347 0.35246924 1003.67 
20150706143804 -0.9600749 -15.251065 -4.197036 3.2082644 -1.5436565 0.053145275 1003.67 
20150706143804 -6.5068417 -19.608511 -5.4863133 2.644741 -1.5311338 -0.49480084 1003.86 
20150706143804 -10.68652 -19.478027 -2.5222914 2.755613 -0.8536842 -0.95569867 1003.86 
20150706143804 -9.009979 -13.784616 5.5707088 2.9804115 -0.6398814 -1.0106765 1003.86 
20150706143804 -5.827487 -9.681553 1.8968062 2.9691105 -1.6930131 -0.34605515 1003.86 
20150706143804 -2.2457612 -7.97748 1.8237832 2.9019153 -2.3790147 -0.14172074 1003.86 
20150706143804 0.78888947 -9.871892 3.9683893 2.734233 -0.7086037 -0.11178834 1003.86 
20150706143804 6.3584013 -10.034698 -4.155137 2.5692992 4.5738535 0.4550946 1003.86 
20150706143804 6.6427126 -8.438962 -3.5045128 3.7836993 6.073528 0.8142834 1003.86 
20150706143804 2.071583 -7.4208283 -1.6053122 3.7048976 6.010303 0.7107417 1003.86 
20150706143804 -0.8331822 -4.1276035 -4.6393642 2.4614816 2.8991663 -0.42149702 1003.71 
20150706143804 -3.494936 -2.690484 -5.407903 1.6801848 1.1001683 -0.7669413 1003.71 
20150706143804 -4.184466 -1.401805 -4.9518075 1.9981402 1.6481144 -0.61636305 1003.71 
20150706143804 -4.489128 -0.8643068 -3.5332432 1.7745636 2.266921 -0.61361414 1003.71 
20150706143804 -3.8762126 -1.8513165 -1.8297687 1.03786 1.8258762 -0.7464773 1003.71 
20150706143804 -2.9753942 -2.6240451 -1.1180922 0.52687126 1.7183639 -0.8790351 1003.71 
20150706143804 -3.7654808 -4.2293572 1.8052281 -0.16371189 1.3585643 -0.8866709 1003.71 
20150706143804 -3.6924577 -8.69993 5.881955 -1.103528 0.75502944 -1.0024298 1003.71 
20150706143804 -9.920375 -18.772337 19.091364 -2.072971 -0.06780604 -1.2623531 1003.71 
20150706143804 -5.8586116 -19.608511 19.608511 -2.71102 -0.3481932 -1.5769486 1003.74 
20150706143804 -0.2621651 -17.058088 4.346673 -2.5427265 -0.79717916 -0.7519751 1003.74 
20150706143804 -0.7493851 -3.1878796 -1.6831238 1.0409144 -1.3634512 0.20158553 1003.74 
20150706143804 -9.22067 -3.2064347 -2.0566192 2.5540276 1.738828 0.68416905 1003.74 
20150706143804 -9.545682 -8.048708 -8.199542 1.215011 3.3588426 -0.37812558 1003.74 
20150706143804 -5.019444 -12.076353 -10.858902 -0.47403142 0.30604348 -0.49877146 1003.74 
20150706143804 -3.2620997 -7.1790137 -5.8622026 -1.466382 1.1734722 -0.07696902 1003.74 
20150706143804 -2.8724434 -8.496424 3.4153287 -1.1249083 0.9434814 0.5589417 1003.74 
20150706143804 -1.5029601 -6.9449806 -4.3676224 0.37690386 -2.0766363 0.56077427 1003.74 
20150706143804 0.52852005 -9.394249 -10.040684 -0.8335256 -2.8243356 0.63713247 1003.56 
20150706143804 1.0414777 -9.850943 -8.752603 -1.9749273 -0.6603453 0.06627888 1003.56 
20150706143804 -0.037708677 -11.472416 -5.9723363 -2.3909266 -0.16798794 -0.24190263 1003.56 
20150706143804 -0.20649989 -15.421053 -2.6659436 -3.0778446 -2.5082128 -0.1740966 1003.56 
20150706143804 1.9183542 -18.00679 2.2691047 -3.6654968 -4.427246 0.05589417 1003.56 
20150706143804 2.546832 -7.49445 4.168904 -3.573867 -4.543921 0.34513888 1003.56 
20150706143804 2.0548236 -6.8210807 0.712275 -1.9587394 -3.678936 -0.18906279 1003.56 
20150706143804 1.7663223 -7.2729864 -1.9339164 -1.4004086 -2.795014 -0.19272798 1003.56 
20150706143805 -0.7248446 -8.808268 -1.1911154 -1.7702875 -2.3209825 -0.094989546 1003.56 
20150706143805 -1.7699136 -9.848549 1.614889 -1.3139712 -0.98868537 -0.2941316 1003.68 
20150706143805 -2.705448 -10.714651 2.3630772 -1.3307699 -0.1414153 -0.52534413 1003.68 
20150706143805 -0.61530983 -9.830592 2.4528596 -1.2886202 0.24862215 -0.47983465 1003.68 
20150706143805 1.0833763 -10.183737 1.0785879 -1.207986 0.29901853 -0.2284636 1003.68 
20150706143805 1.2258313 -10.432734 0.30406362 -0.5873469 -0.013439035 0.09162979 1003.68 
20150706143805 1.0486604 -10.275913 -0.7182605 -0.06719518 -0.97249746 0.064446285 1003.68 
20150706143805 0.9498995 -9.499594 -1.9357121 -0.24617869 -1.4465289 0.09437868 1003.68 
20150706143805 0.44592008 -9.85633 -2.3529017 -0.42577308 -0.99021256 0.2144137 1003.68 
20150706143805 -0.9864111 -11.191097 -2.2254105 -0.40469822 -0.5213735 0.18325958 1003.68 
20150706143805 -2.6719291 -12.479177 0.09995792 -0.57787853 -0.6432411 -0.015577064 1003.67 
20150706143805 -3.2004492 -14.161104 6.9988503 -1.1707232 -1.1276573 -0.3662137 1003.67 
20150706143805 -0.25079262 -13.933057 4.5513773 -1.4724907 -1.1206323 -0.3998113 1003.67 
20150706143805 1.9602526 -14.141951 1.1438298 -0.17501289 -0.7281514 0.24312437 1003.67 
20150706143805 1.1252748 -12.980165 4.4418426 1.1847731 0.9447031 0.71868294 1003.67 
20150706143805 -0.9091981 -12.206239 4.768651 1.3570372 2.2272146 0.40103304 1003.67 
20150706143805 2.5923219 -9.755175 -1.3928268 1.7971655 2.6426032 0.004581489 1003.67 
20150706143805 2.9406781 -8.932767 -4.3239284 3.029586 0.9914343 0.40683624 1003.67 
20150706143805 -0.14664486 -13.734937 -4.606444 3.1016684 -0.5861252 0.081855945 1003.67 
20150706143805 -5.2702365 -19.608511 -6.172252 2.6578746 -0.56230146 -0.48441613 1003.82 
20150706143805 -10.873865 -19.608511 -3.520075 2.5231788 -0.29535335 -0.9575313 1003.82 
20150706143805 -9.622296 -14.711172 11.060614 2.682004 -0.48716503 -1.1930199 1003.82 
20150706143805 -7.235876 -10.445902 -0.51595044 2.7577512 -1.7922786 -0.5671884 1003.82 
20150706143805 -2.7641058 -7.157466 0.4309563 3.2510247 -2.7953193 -0.13225232 1003.82 
20150706143805 0.5566519 -8.257003 4.8243165 3.2534683 0.88270026 -0.05009095 1003.82 
20150706143805 4.972757 -8.8806925 -4.211401 2.6639833 4.4748936 0.42760566 1003.82 
20150706143805 5.486912 -7.587225 -6.3524156 3.4223726 5.371949 0.66339964 1003.82 
20150706143805 2.9652188 -6.7684083 1.1001357 3.6016614 6.081469 0.79259765 1003.82 
20150706143805 0.62608373 -4.578911 -1.0133458 2.1297817 3.7140608 0.005497787 1003.73 
20150706143805 -3.371036 -4.0934863 -6.5738792 1.3979651 -0.18325958 -0.40378192 1003.73 
20150706143805 -4.382586 -2.6803088 -4.6441526 1.8069394 0.86162543 -0.4636467 1003.73 
20150706143805 -4.7417164 -1.9853917 -3.0478187 1.9251418 2.905275 -0.47067168 1003.73 
20150706143805 -3.6086605 -2.7102363 -1.9021933 1.3472633 2.1371121 -0.6957755 1003.73 
20150706143805 -2.130241 -3.3854012 -1.0181342 0.605062 1.6410894 -0.9896017 1003.73 
20150706143805 -2.3612814 -4.3394904 0.24420857 0.09162979 1.2137892 -0.9633345 1003.73 
20150706143805 -3.306991 -6.6642604 4.3041763 -0.7134906 0.63499445 -1.0806206 1003.73 
20150706143805 -7.2526355 -15.485098 16.994043 -1.8014416 -0.09560041 -1.4382823 1003.73 
20150706143805 -6.4667387 -19.608511 19.608511 -2.9434543 -0.5543602 -1.7684549 1003.76 
20150706143805 -4.812944 -19.574993 12.035652 -2.4040601 -0.8875872 -1.0143417 1003.76 
20150706143805 -2.6737247 -5.6203885 0.009576807 0.2996294 -1.2220359 -0.15974127 1003.76 
20150706143805 -9.9790325 -2.7617116 -0.035314474 2.024102 0.70921457 0.78954333 1003.76 
20150706143805 -9.932944 -4.630985 -6.5361705 1.3472633 3.4849863 0.122478485 1003.76 
20150706143805 -6.227319 -9.90601 -13.664308 0.14172074 1.3087788 -0.16065755 1003.76 
20150706143805 -2.2397757 -9.12131 -7.760206 -1.1136073 0.8481864 0.4266894 1003.76 
20150706143805 -1.0348936 -10.283695 5.0517654 -1.3060299 0.42730024 0.6979135 1003.76 
20150706143805 1.4951789 -10.26933 -2.405574 -0.5036584 -1.6548339 0.7635816 1003.76 
20150706143805 1.6783354 -8.39886 -8.99322 -0.54305923 -2.8667905 0.88422745 1003.58 
20150706143805 1.0941502 -8.35337 -7.957728 -1.5448782 -1.4315627 0.37720928 1003.58 
20150706143805 -0.20290859 -10.217256 -6.7845693 -1.9871446 -1.1111639 -0.30970868 1003.58 
20150706143805 -1.086369 -12.072164 -4.981735 -2.460565 -3.6694674 -0.3930918 1003.58 
20150706143806 1.9500773 -18.319235 4.4837413 -3.2666018 -4.1932845 -0.13836098 1003.58 
20150706143806 2.6443958 -13.484742 5.8041434 -3.8023307 -3.6407568 0.12675454 1003.58 
20150706143806 1.578976 -7.2310877 1.3024458 -2.8151724 -3.7030652 0.040011674 1003.58 
20150706143806 0.93254155 -6.38354 -1.4796166 -1.3026701 -3.594331 -0.3381139 1003.58 
20150706143806 -0.58298814 -7.6967597 -3.596091 -1.6423112 -2.5454755 -0.20189096 1003.58 
20150706143806 -1.4089876 -8.479664 0.22445641 -1.4987578 -1.0580186 -0.3894266 1003.7 
20150706143806 -2.6886885 -9.526528 2.778471 -1.2932017 -0.08155051 -0.4560109 1003.7 
20150706143806 -2.2463598 -9.804854 3.317765 -1.3454307 -0.35094208 -0.4605924 1003.7 
20150706143806 -0.45549688 -10.05445 1.1671734 -1.5882497 -0.32498032 -0.30298916 1003.7 
20150706143806 0.40102878 -10.272323 -0.3453636 -1.1432343 0.4370741 -0.06383542 1003.7 
20150706143806 0.28670564 -10.374675 -1.234211 -0.29168814 0.3707952 0.17837265 1003.7 
20150706143806 0.025139118 -10.618284 -1.7292122 -0.15974127 -0.41447207 0.21105394 1003.7 
20150706143806 0.016759412 -10.506954 -2.3421278 -0.5213735 -0.9272934 0.19761491 1003.7 
20150706143806 0.37110126 -10.808623 -1.5113398 -0.8023715 -0.999681 0.31642818 1003.7 
20150706143806 -0.5781997 -11.286267 3.0460231 -0.9245446 -1.1777482 0.32895094 1003.71 
20150706143806 -1.122282 -13.112444 3.767875 -1.0384709 -1.5234979 0.1600467 1003.71 
20150706143806 1.1563994 -13.304579 4.0384197 -1.3448198 -1.9950858 -0.17684549 1003.71 
20150706143806 1.6879122 -14.465767 3.6619315 -0.25809056 -0.58368176 0.19517145 1003.71 
20150706143806 1.1133038 -14.762648 3.153762 1.1120802 0.45937067 0.61636305 1003.71 
20150706143806 -0.22685061 -13.721169 5.231331 1.210124 0.81581056 0.2770274 1003.71 
20150706143806 1.6136919 -10.903793 -1.0067618 1.6627752 1.7550159 0.017715093 1003.71 
20150706143806 2.6150668 -8.926781 -3.6020765 2.987742 0.7593055 0.10262536 1003.71 
20150706143806 0.4201824 -12.248735 -3.4769795 3.1816916 -0.35888332 -0.019242255 1003.71 
20150706143806 -3.6607344 -18.949509 -5.5042696 2.6215281 -0.6218608 -0.52778757 1003.86 
20150706143806 -8.868722 -19.608511 -6.1117983 2.6300802 -0.22449298 -0.7699956 1003.86 
20150706143806 -10.816404 -17.27596 -0.42676646 2.9996538 -0.12950343 -0.9761627 1003.86 
20150706143806 -5.864597 -9.916783 8.540117 3.1138856 -1.0790935 -0.6178902 1003.86 
20150706143806 -3.982156 -8.643068 0.57520694 2.5827382 -2.5757134 0.024740042 1003.86 
20150706143806 0.014963761 -9.2787285 3.763685 2.3490822 -1.1032226 -0.1328632 1003.86 
20150706143806 4.64535 -10.277111 -1.8070238 2.7913487 4.3741007 0.21868975 1003.86 
20150706143806 5.7867856 -7.3178773 -5.711368 3.8069122 6.1178155 0.6649268 1003.86 
20150706143806 2.3247697 -6.241085 -2.392406 4.5259004 6.6523223 0.84116143 1003.86 
20150706143806 -0.18734628 -4.4675803 -2.9861681 2.9205468 4.9397616 0.062002823 1003.74 
20150706143806 -2.391209 -2.331354 -5.1439424 1.5632042 1.4877623 -0.52534413 1003.74 
20150706143806 -4.830302 -2.492364 -4.409521 1.6279559 1.3109168 -0.4083634 1003.74 
20150706143806 -4.647744 -1.927931 -3.7487214 1.6163495 2.0069978 -0.44501534 1003.74 
20150706143806 -3.5595794 -2.4678235 -2.147599 1.0473285 1.4996742 -0.63163465 1003.74 
20150706143806 -2.4983494 -2.9161377 -1.2360066 0.45448375 1.3891076 -0.78984874 1003.74 
20150706143806 -2.765303 -3.3010056 -0.073023155 -0.18997909 1.1643091 -0.8564331 1003.74 
20150706143806 -2.4768016 -5.3103395 4.0623617 -0.732122 0.3933972 -0.9392053 1003.74 
20150706143806 -5.846042 -14.501081 14.331692 -1.6966782 -0.1020145 -1.2318097 1003.74 
20150706143806 -7.964312 -19.608511 19.608511 -2.7198775 -0.43127087 -1.7061466 1003.75 
20150706143806 -4.092888 -19.608511 13.755287 -2.6181684 -0.5174029 -1.3057245 1003.75 
20150706143806 -1.834557 -6.3458314 -2.1936872 0.9279043 -1.0760391 0.08277224 1003.75 
20150706143806 -11.661558 -6.7372837 1.1061212 2.1438315 1.5082263 0.6814202 1003.75 
20150706143806 -10.876859 -7.258621 -8.090606 1.1148291 3.4987307 -0.08277224 1003.75 
20150706143806 -5.6748567 -10.355521 -10.710462 0.06566802 0.9798279 -0.105068825 1003.75 
20150706143806 -2.5701754 -7.1371155 -6.6971807 -1.0195341 0.7724391 0.42180246 1003.75 
20150706143806 -1.4311341 -6.8360443 0.3441665 -0.47647488 0.6236934 0.7626653 1003.75 
20150706143806 0.093972415 -8.052299 -1.7645266 0.24404067 -2.2204952 0.72509706 1003.75 
20150706143807 1.6316484 -8.981848 -10.717046 -0.7791586 -2.5146267 0.64934975 1003.53 
20150706143807 1.7543513 -8.941745 -9.279925 -2.0796907 -0.64996064 0.2660318 1003.53 
20150706143807 0.38067806 -11.171944 -6.988076 -2.581211 -0.18570304 -0.23335053 1003.53 
20150706143807 -0.5482722 -15.145122 -3.8606503 -3.1477885 -3.7748418 -0.28893927 1003.53 
20150706143807 2.0380642 -19.191322 3.645172 -3.7507126 -5.2048774 -0.15057829 1003.53 
20150706143807 2.9293058 -9.012972 5.704784 -3.9336667 -4.9803843 0.1695151 1003.53 
20150706143807 2.348712 -7.4926543 1.4341269 -2.2470677 -4.0695844 -0.21135938 1003.53 
20150706143807 1.9177556 -6.927623 -1.8567034 -1.289842 -3.374725 -0.19425514 1003.53 
20150706143807 0.5823896 -7.595605 -2.7084408 -1.6612481 -2.7837129 -0.14294247 1003.53 
20150706143807 -0.7032967 -8.935161 -0.7272388 -1.2733486 -1.1820242 -0.30451632 1003.76 
20150706143807 -1.2791022 -9.862914 0.5823896 -1.1249083 -0.5320636 -0.5027421 1003.76 
20150706143807 -1.9991584 -10.457274 4.295198 -1.3603969 -0.16768251 -0.47983465 1003.76 
20150706143807 -1.1264719 -9.945514 3.6553473 -1.6920967 0.22418754 -0.35246924 1003.76 
20150706143807 0.60333884 -9.844358 -0.47644615 -1.2568552 0.57910025 -0.045814894 1003.76 
20150706143807 0.8750807 -9.681553 -1.917157 -0.41813725 0.7788532 0.16493362 1003.76 
20150706143807 0.5722142 -10.225636 -2.0620062 -0.15515977 0.5699373 0.18478674 1003.76 
20150706143807 -0.3597288 -11.48738 -2.7090392 -0.355829 0.010995574 0.18478674 1003.76 
20150706143807 -0.36990416 -11.8339405 -2.208651 -0.45753807 -0.5183192 0.1731803 1003.76 
20150706143807 -1.4437037 -11.464036 2.3397336 -0.8344419 -1.0726794 0.2144137 1003.67 
20150706143807 -2.6611552 -12.500127 3.163339 -1.2043208 -1.5274686 0.0571159 1003.67 
20150706143807 -0.10534488 -12.376825 -0.019153614 -1.3564262 -1.6694947 -0.35430184 1003.67 
20150706143807 2.280477 -12.841899 2.4247277 -0.18600847 -0.7449502 0.19486602 1003.67 
20150706143807 1.846528 -14.636952 0.3489549 1.1771374 0.40286562 0.8399397 1003.67 
20150706143807 -0.50038815 -13.288418 7.3669586 0.9578367 -0.0290161 0.23793201 1003.67 
20150706143807 -1.1306617 -12.481572 1.5436616 0.81061816 1.4220943 -0.13744467 1003.67 
20150706143807 1.654992 -9.23264 -2.967613 2.0390682 1.5012014 -0.21288654 1003.67 
20150706143807 1.1510124 -9.652225 -4.1904516 3.4193182 0.94042706 0.23823744 1003.67 
20150706143807 -1.6424223 -14.924855 -4.753089 2.9938505 -0.16829337 -0.19242255 1003.88 
20150706143807 -7.235876 -19.08897 -5.954978 2.5402832 -0.38545597 -0.61575216 1003.88 
20150706143807 -11.464036 -19.191322 -0.80205756 2.6422975 -0.56291234 -0.8927795 1003.88 
20150706143807 -8.020576 -13.267468 10.056246 2.903748 -1.1508701 -0.8906415 1003.88 
20150706143807 -5.295376 -9.06744 -2.2720973 3.0433307 -2.6535985 -0.1685988 1003.88 
20150706143807 -2.1254525 -7.8009076 1.6597804 3.4626896 -2.3716843 0.04550946 1003.88 
20150706143807 1.2144588 -9.485229 3.4440591 2.8985555 2.7076602 0.43799037 1003.88 
20150706143807 6.0627174 -9.664794 -3.572149 2.8475482 5.1859403 0.73456544 1003.88 
20150706143807 5.4288526 -9.183559 -2.9317 3.4691038 5.4620514 0.9401216 1003.88 
20150706143807 1.3036429 -7.7350674 -1.1336545 3.095865 5.6880717 0.4990769 1003.67 
20150706143807 -1.5113398 -4.722563 -3.9354692 1.9242256 2.4113905 -0.3494149 1003.67 
20150706143807 -3.6260185 -3.151368 -4.982932 1.7898352 0.7892379 -0.47861293 1003.67 
20150706143807 -4.4436383 -1.7310078 -4.5423994 1.9801197 1.7779233 -0.41386122 1003.67 
20150706143807 -3.9552212 -1.5939398 -3.1262288 1.5900823 1.9456058 -0.47739118 1003.67 
20150706143807 -2.8431146 -2.585738 -1.7836803 0.8906415 1.5577064 -0.75900006 1003.67 
20150706143807 -1.8189948 -3.2740707 -1.0097545 0.2565634 1.4080443 -0.87109387 1003.67 
20150706143807 -2.392406 -4.088698 0.59855044 -0.36285394 0.9682214 -0.91751957 1003.67 
20150706143807 -3.2393548 -7.7727757 6.3344593 -0.94806284 0.40591997 -1.1154399 1003.67 
20150706143807 -7.0527196 -18.810644 19.367296 -1.9321668 -3.0543262E-4 -1.466382 1003.71 
20150706143807 -6.9904704 -19.608511 19.608511 -2.794403 -0.38453966 -1.6865989 1003.71 
20150706143807 -3.9318779 -16.139912 7.617751 -1.2479976 -0.5323691 -0.86009824 1003.71 
20150706143807 -4.661511 -1.6041151 -0.34237084 2.0861049 -0.38056904 0.37782016 1003.71 
20150706143807 -10.739192 -0.7787141 -3.1717186 2.0708332 1.8698585 0.36193767 1003.71 
20150706143808 -7.9170265 -5.927445 -8.92319 1.1771374 2.110234 -0.43279803 1003.71 
20150706143808 -3.2142158 -10.758346 -12.583325 -0.22724187 1.6169603 -0.06383542 1003.71 
20150706143808 -3.359065 -10.073604 -5.056554 -1.3393221 1.7486018 0.5739079 1003.71 
20150706143808 -0.82121116 -12.619837 16.484676 -1.0601566 0.095294975 0.7333437 1003.71 
20150706143808 1.638831 -10.320805 -9.814431 -0.46853364 -2.9019153 0.57787853 1003.6 
20150706143808 1.6849195 -8.000824 -10.927735 -1.1667526 -2.9880474 0.6365216 1003.6 
20150706143808 -0.0047884034 -8.926781 -7.215525 -1.4541647 0.14630222 0.043066 1003.6 
20150706143808 -1.4862007 -10.052056 -6.1088057 -2.017077 -2.2470677 -0.6603453 1003.6 
20150706143808 -1.5119383 -10.969634 -2.64679 -3.015231 -3.8704422 -0.42485678 1003.6 
20150706143808 1.0714053 -16.476297 5.9585695 -3.3731978 -2.8108964 -0.15607607 1003.6 
20150706143808 1.6160861 -14.560936 3.2435448 -3.2033772 -2.7913487 0.059864793 1003.6 
20150706143808 1.6160861 -6.7522473 -0.46327803 -2.3252585 -3.517973 0.15577064 1003.6 
20150706143808 1.6681601 -5.5725045 -2.2266076 -1.7531832 -3.9455786 -0.15577064 1003.6 
20150706143808 0.5434838 -7.8266454 -2.7455509 -1.4654657 -2.5772405 -0.17592919 1003.69 
20150706143808 -0.3788824 -9.428965 0.5907693 -1.1071932 -1.6887369 -0.24190263 1003.69 
20150706143808 -1.3706805 -11.161768 3.2477345 -1.0363328 -1.3930782 -0.33841935 1003.69 
20150706143808 -1.3251907 -10.791864 6.4697313 -1.6105462 -0.9428705 -0.44868052 1003.69 
20150706143808 0.6326678 -10.281899 0.9463082 -1.6957619 0.34208453 -0.2602286 1003.69 
20150706143808 1.2473791 -10.635642 -0.37469256 -0.27183503 1.3170254 0.1020145 1003.69 
20150706143808 1.0516531 -9.405622 -0.760159 0.18570304 0.23732115 0.12675454 1003.69 
20150706143808 0.65660983 -8.6813755 -1.292869 -0.18142697 -0.94959 0.018325957 1003.69 
20150706143808 -0.020350715 -8.936956 -2.348712 -0.27580565 -1.2544118 0.10445796 1003.69 
20150706143808 -0.9660604 -10.588956 -3.3842041 -0.2843578 -1.1841623 0.21197024 1003.68 
20150706143808 -0.93852705 -11.23539 -2.3708582 -0.66767573 -1.2476922 0.21410827 1003.68 
20150706143808 -2.7102363 -11.9374895 0.8110358 -1.0961977 -1.5238034 0.22968534 1003.68 
20150706143808 -1.5436616 -12.926893 3.8792052 -1.3466524 -1.9459113 -0.04337143 1003.68 
20150706143808 -0.38845924 -13.11005 3.6984432 -1.3185526 -2.378404 -0.09987647 1003.68 
20150706143808 0.52073884 -15.486894 0.89782566 -0.033292156 -1.0882565 0.42455134 1003.68 
20150706143808 1.5370775 -14.247894 7.9876556 0.8176431 1.1710287 0.44409904 1003.68 
20150706143808 -0.95468795 -13.9994955 1.4909891 0.82619524 3.764457 0.22968534 1003.68 
20150706143808 0.10354923 -10.755951 -0.33638534 1.750129 4.4593163 -0.06414085 1003.68 
20150706143808 1.6873137 -8.765172 -3.6774938 3.0967813 3.7858374 0.42210788 1003.73 
20150706143808 0.39743748 -11.821371 -2.992752 2.971554 0.099265605 0.3231477 1003.73 
20150706143808 -2.854487 -15.931018 -4.2700586 2.2644775 -2.0552561 -0.22418754 1003.73 
20150706143808 -7.052121 -17.593193 -5.04159 2.2085834 -1.5448782 -0.5002986 1003.73 
20150706143808 -9.247604 -15.931617 -0.42078096 2.8435776 -1.1560625 -0.7504479 1003.73 
20150706143808 -5.5084596 -10.600328 6.949769 3.211013 -1.5851953 -0.40561453 1003.73 
20150706143808 -3.9653966 -8.817844 0.8230068 2.948952 -2.5702155 0.13041973 1003.73 
20150706143808 -0.6452374 -8.918402 3.834314 2.7324002 -0.81031275 0.16493362 1003.73 
20150706143808 3.4392707 -10.740389 0.107739076 2.8875601 4.301102 0.4905248 1003.73 
20150706143808 5.6826377 -10.196306 -4.371214 3.524998 5.638592 0.9477574 1003.62 
20150706143808 3.5087025 -8.571242 -1.9452889 3.9064832 6.1877594 0.8604037 1003.62 
20150706143808 0.27114335 -6.528988 -2.5821466 2.7882943 4.353331 0.02107485 1003.62 
20150706143808 -2.4145525 -4.4993033 -5.094861 1.8891008 1.3771957 -0.59650993 1003.62 
20150706143808 -3.6780925 -2.4624364 -4.602853 1.8897116 1.5726726 -0.54611355 1003.62 
20150706143808 -3.9438488 -1.8189948 -3.6990416 1.7006488 2.064419 -0.47616947 1003.62 
20150706143808 -3.2728736 -1.8980033 -2.202067 1.1297953 1.668273 -0.7089091 1003.62 
20150706143808 -2.6354175 -2.2523453 -1.7226281 0.5021312 1.4737124 -0.8549059 1003.62 
20150706143808 -3.7349546 -2.5767596 -0.24600422 -0.1881465 1.2293663 -0.9221011 1003.62 
20150706143809 -2.8909986 -4.853047 3.4261026 -0.7651087 0.77091193 -1.0586295 1003.77 
20150706143809 -4.235343 -11.856087 7.469909 -1.6612481 0.21838433 -1.2110404 1003.77 
20150706143809 -9.765948 -19.608511 19.608511 -2.4700336 -0.2507602 -1.6074919 1003.77 
20150706143809 -5.5192337 -19.608511 19.487604 -2.840218 -0.11636983 -1.432479 1003.77 
20150706143809 -0.3333926 -9.740809 0.09756372 0.36041048 -0.9370673 -0.20219639 1003.77 
20150706143809 -6.6965823 -4.577115 -0.7404069 2.6902506 0.48380527 0.5476407 1003.77 
20150706143809 -9.753379 -4.4777555 -5.66947 1.9062049 3.3625078 0.23548855 1003.77 
20150706143809 -7.732673 -11.083957 -10.135853 0.35521814 1.5690074 -0.33078352 1003.77 
20150706143809 -2.3439236 -10.998962 -7.0503254 -1.2366967 0.9801333 -0.021991149 1003.77 
20150706143809 -1.9752164 -7.663241 -1.9554642 -1.1554517 1.0977248 0.59559363 1003.77 
20150706143809 -1.067814 -5.1020436 -0.12868834 -0.10415252 -1.5787812 0.64843345 1003.77 
20150706143809 -0.050876785 -6.4906807 -8.41921 -0.21746802 -2.463925 0.44929138 1003.77 
20150706143809 -0.5805939 -9.444528 -9.1350765 -1.4618006 -1.8451185 0.09468412 1003.77 
20150706143809 -0.2220622 -10.547656 -7.495647 -2.1533 -0.34788775 -0.29840767 1003.77 
20150706143809 -0.51355624 -12.634801 -4.805163 -2.973081 -2.1835377 -0.04734206 1003.77 
20150706143809 0.21188685 -18.292898 -0.020350715 -3.339295 -4.4275513 0.05497787 1003.77 
20150706143809 3.0041246 -14.912285 7.422025 -3.733914 -5.016731 0.21991149 1003.77 
20150706143809 2.4821887 -7.6692266 1.7681179 -2.8722885 -4.370741 0.14110987 1003.77 
20150706143809 2.3546975 -6.8809357 -1.192911 -1.3038919 -3.2174273 -0.14263703 1003.67 
20150706143809 1.4395138 -7.2610154 -2.1894975 -1.4996742 -2.378404 -0.06627888 1003.67 
20150706143809 -0.9780314 -9.001001 -0.4758476 -1.2678508 -1.0103711 -0.18325958 1003.67 
20150706143809 -2.168548 -10.059837 2.4133554 -0.9654725 -0.3481932 -0.49877146 1003.67 
20150706143809 -1.9057846 -10.584765 2.5420437 -1.1398746 0.18173242 -0.5164866 1003.67 
20150706143809 -1.9057846 -10.296863 0.48362875 -1.1242975 0.6010914 -0.28008172 1003.67 
20150706143809 1.2330139 -9.97604 -0.374094 -0.45540005 0.453262 0.011301007 1003.67 
20150706143809 1.3060371 -9.643246 -0.4201824 -0.10781772 -0.60048056 0.0571159 1003.67 
20150706143809 0.98820674 -8.966286 -0.91219085 -0.18203785 -1.3164146 -0.036651913 1003.67 
20150706143809 0.64942724 -8.926183 -1.5711949 -0.5180137 -1.5460999 0.010995574 1003.77 
20150706143809 -0.694917 -9.786898 -2.007538 -0.5311473 -1.1261301 0.14110987 1003.77 
20150706143809 -2.2828712 -11.398794 -3.596091 -0.6948592 -0.9877691 0.0018325958 1003.77 
20150706143809 -4.0821137 -11.179127 2.0931308 -1.0855075 -0.9896017 -0.11209377 1003.77 
20150706143809 -3.520075 -12.786833 4.8255134 -1.5308284 -0.86132 -0.15424347 1003.77 
20150706143809 -0.040102877 -13.554773 3.1591492 -1.7131716 -1.348485 -0.20769419 1003.77 
20150706143809 3.4979286 -14.771028 0.52732295 -0.07391469 0.07819075 0.66614854 1003.77 
20150706143809 3.0711622 -15.945982 0.80325466 1.4596626 1.7354681 1.094976 1003.77 
20150706143809 0.7248446 -13.86542 5.651513 1.0491611 2.5809057 0.52595496 1003.77 
20150706143809 -0.7134721 -11.399393 0.19273324 0.9077458 3.363424 -0.21135938 1003.73 
20150706143809 0.7074866 -8.826224 -1.1653777 2.4431555 1.7947221 -0.05955936 1003.73 
20150706143809 -0.06943185 -9.238626 -4.072537 2.9791899 -0.2950479 0.13805555 1003.73 
20150706143809 -2.7455509 -13.532028 -4.1934443 2.5867088 -1.9257526 -0.31887165 1003.73 
20150706143809 -6.9808936 -17.782932 -4.0043025 2.2797492 -0.8765916 -0.6444628 1003.73 
20150706143809 -10.134656 -18.356344 0.032920275 2.558609 -0.59437186 -0.94225967 1003.73 
20150706143809 -8.193557 -13.53562 4.4885297 2.9944615 -1.35551 -0.6872234 1003.73 
20150706143809 -4.6513352 -9.105747 -0.74998367 3.2549953 -2.2708917 -0.01282817 1003.73 
20150706143809 -1.7172412 -8.091205 3.2375593 2.9513955 -1.0616838 0.16768251 1003.73 
20150706143809 2.1021092 -9.024943 2.919729 2.6090055 3.2760704 0.36163223 1003.69 
20150706143809 6.983288 -9.3343935 -3.3243492 3.1077769 5.120578 0.83199847 1003.69 
20150706143809 4.7022123 -9.308656 -2.943671 3.8169916 5.7268615 0.95172805 1003.69 
20150706143809 1.3012487 -7.921815 -0.6679823 2.9639182 5.1175237 0.18051068 1003.69 
20150706143809 -1.8531121 -5.6042275 -3.9983168 1.7599027 1.8872682 -0.42730024 1003.69 
20150706143809 -3.8361096 -3.8307228 -4.9548006 1.7531832 0.91446525 -0.53786683 1003.69 
20150706143810 -4.280833 -2.018312 -4.0665517 1.9795089 1.806634 -0.5186246 1003.69 
20150706143810 -4.2131963 -1.8046296 -2.867655 1.5170839 1.8863518 -0.6087272 1003.69 
20150706143810 -3.5565867 -2.5647886 -1.287482 0.72234815 1.5253305 -0.8454375 1003.69 
20150706143810 -2.8682537 -3.2004492 -0.87089086 -0.015271631 1.323745 -0.90194255 1003.81 
20150706143810 -3.4584243 -4.2904096 0.985214 -0.5552765 0.7449502 -0.91690874 1003.81 
20150706143810 -3.233968 -8.026561 4.322731 -1.3084733 0.3203988 -1.0827587 1003.81 
20150706143810 -6.5762734 -17.311874 17.374123 -2.0900755 -0.19242255 -1.2962561 1003.81 
20150706143810 -5.393538 -19.608511 19.608511 -2.6902506 -0.2519819 -1.4953982 1003.81 
20150706143810 -0.4309563 -17.909826 6.3206925 -1.2226468 -0.93126404 -0.5375614 1003.81 
20150706143810 -0.86251116 -4.198831 -1.1438298 2.171015 -0.6637051 0.3191771 1003.81 
20150706143810 -9.604341 -3.9282866 -2.3439236 2.3835962 2.4565945 0.55833083 1003.81 
20150706143810 -9.147048 -7.098808 -7.6985555 0.977079 2.4810293 -0.43493605 1003.81 
20150706143810 -4.8398786 -10.926538 -11.309011 -0.6337727 0.49205196 -0.27091873 1003.96 
20150706143810 -3.494936 -8.260594 -5.903503 -1.3524556 1.6221527 0.22357668 1003.96 
20150706143810 -2.996942 -8.904634 2.0332758 -0.6469063 -0.051923547 0.54336464 1003.96 
20150706143810 -1.2557588 -7.1784153 -3.5093012 0.51923543 -2.4217753 0.473726 1003.96 
20150706143810 -0.30286652 -8.611345 -9.494206 -1.421178 -2.7931814 0.43493605 1003.96 
20150706143810 -0.17178397 -9.113529 -7.89907 -2.1545217 0.07574729 -0.14477506 1003.96 
20150706143810 -0.40761283 -10.769718 -5.2720323 -2.3118196 -0.93584555 -0.16798794 1003.96 
20150706143810 -0.65242 -14.511256 -3.3243492 -2.7094927 -4.072944 0.015271631 1003.96 
20150706143810 2.7886465 -19.13506 4.4316673 -3.4089334 -5.0347514 0.25442538 1003.96 
20150706143810 3.2495303 -9.55885 3.430891 -3.4025195 -4.2653666 0.26908615 1003.64 
20150706143810 2.7988217 -6.2805896 0.04189853 -1.9749273 -3.2155948 -0.15088372 1003.64 
20150706143810 1.9434932 -7.4351935 0.02932897 -1.5170839 -2.6032023 -0.1441642 1003.64 
20150706143810 0.47524905 -8.377312 -1.8046296 -1.3387111 -2.1658227 -0.20219639 1003.64 
20150706143810 -0.7116765 -9.4696665 0.23044191 -1.01312 -1.7266107 -0.40683624 1003.64 
20150706143810 -1.1486182 -10.031705 1.0570401 -1.464244 -0.6075055 -0.57787853 1003.64 
20150706143810 -1.1695676 -9.8198185 1.0109516 -1.5121969 0.5149594 -0.49327368 1003.64 
20150706143810 -0.61890113 -9.467871 2.2391772 -1.1050552 0.6078109 -0.32742378 1003.64 
20150706143810 0.091578215 -9.613917 0.7703344 -0.7849618 -0.04337143 -0.19914207 1003.64 
20150706143810 0.587178 -9.147646 -1.5975311 -0.52106804 -0.63529986 -0.09040806 1003.78 
20150706143810 -0.19572599 -9.768343 -2.5396495 -0.45570546 -0.8338311 0.08399397 1003.78 
20150706143810 -0.7781156 -10.548254 -1.988983 -0.5345071 -0.68233645 0.19058995 1003.78 
20150706143810 -0.97144735 -11.968615 0.76554596 -1.0045679 -1.0323622 0.26145032 1003.78 
20150706143810 -2.1015105 -12.140398 3.0550013 -1.3429873 -1.4104879 0.26816985 1003.78 
20150706143810 -0.6781576 -13.365032 -0.46567222 -1.056186 -1.4553864 0.15149458 1003.78 
20150706143810 3.1884782 -12.114062 0.40880993 -0.14569137 -0.8940013 0.45570546 1003.78 
20150706143810 2.6282349 -14.360422 0.15203181 0.7733554 0.3118467 0.9086621 1003.78 
20150706143810 -0.008978256 -13.381193 4.1659107 0.58184916 0.25473082 0.31520647 1003.78 
20150706143810 -3.3560722 -14.05995 6.4182563 0.19028452 1.6056592 -0.20372356 1003.83 
20150706143810 -0.6159084 -11.626244 0.86011696 1.0503827 2.293188 -0.48747048 1003.83 
20150706143810 1.3640964 -9.060258 -1.8764555 2.8371637 1.5494597 0.1328632 1003.83 
20150706143810 1.122282 -9.679757 -4.307169 3.2803464 -0.1001819 0.076358154 1003.83 
20150706143810 -2.0626047 -15.024214 -5.1984105 2.679255 -1.4083499 -0.44715336 1003.83 
20150706143810 -7.7201033 -19.160797 -6.0489507 2.4572055 -0.5161811 -0.77213365 1003.83 
20150706143810 -11.657368 -19.211075 0.87927055 2.7360654 -0.5549711 -1.1456778 1003.83 
20150706143810 -7.2819643 -12.716204 8.541913 2.9254336 -1.582141 -0.72234815 1003.83 
20150706143810 -4.9398365 -8.545505 -3.846285 3.3356297 -3.1483996 0.054367006 1003.83 
20150706143810 -0.7320272 -7.2867527 3.9223008 3.4052682 -0.8014552 0.14996742 1003.67 
20150706143810 1.83336 -9.639654 2.496554 2.6569583 4.678006 0.5751296 1003.67 
20150706143811 5.876568 -9.558251 -4.220978 2.8588493 5.295896 0.8436049 1003.67 
20150706143811 4.088698 -9.681553 -2.0428526 3.5769215 6.0032783 1.067487 1003.67 
20150706143811 0.7009025 -8.202535 -0.57400984 2.4544566 4.2827764 0.40530908 1003.67 
20150706143811 -1.6406267 -5.2660465 -3.7014358 1.5714508 1.1236867 -0.28710666 1003.67 
20150706143811 -3.352481 -3.353678 -4.9865236 1.781283 1.0503827 -0.4007276 1003.67 
20150706143811 -3.875614 -1.785476 -4.019266 2.019826 2.0140228 -0.38881573 1003.67 
20150706143811 -3.763685 -1.804031 -2.7365725 1.4706581 2.0619757 -0.50946164 1003.67 
20150706143811 -2.7365725 -2.645593 -1.5161282 0.73761976 1.45783 -0.79320854 1003.82 
20150706143811 -1.5634137 -3.1028855 -0.8242039 0.1142318 1.0360274 -0.8723156 1003.82 
20150706143811 -2.3828292 -3.316568 0.17238252 -0.35460728 0.7809912 -0.89766645 1003.82 
20150706143811 -2.271499 -5.7095723 3.4051533 -1.1203269 0.49021935 -1.1496484 1003.82 
20150706143811 -5.4940944 -14.833277 13.007698 -2.2052236 0.0015271631 -1.4453071 1003.82 
20150706143811 -7.4669166 -19.608511 19.608511 -3.179859 -0.23945917 -1.6459764 1003.82 
20150706143811 -4.26946 -19.608511 11.499351 -1.9098701 -0.5222898 -0.9053023 1003.82 
20150706143811 -3.0585926 -5.321113 -0.48482585 1.464244 -1.2614367 0.015577064 1003.82 
20150706143811 -10.842741 -2.8089972 -2.724003 2.022575 1.0458013 0.42760566 1003.82 
20150706143811 -10.327988 -5.3259015 -11.310209 0.99021256 2.4452937 -0.7415904 1003.89 
20150706143811 -6.1004257 -11.15279 -8.307879 -0.34238997 1.5439619 -0.1591304 1003.89 
20150706143811 -2.5264814 -9.570223 6.563704 -1.2165382 1.6807957 0.5815437 1003.89 
20150706143811 2.2840683 -10.232818 -1.4556746 -0.9016371 -0.99021256 0.8723156 1003.89 
20150706143811 1.9033904 -7.3083005 -10.931327 -0.55924714 -2.656042 0.78893244 1003.89 
20150706143811 0.90021986 -8.479664 -9.370307 -1.0186177 -2.103209 0.6646214 1003.89 
20150706143811 -1.4634558 -10.361506 -7.339425 -1.5845845 -0.46609017 -0.16523905 1003.89 
20150706143811 -1.7764976 -11.298238 -5.761048 -2.320677 -2.5955665 -0.45448375 1003.89 
20150706143811 -0.035913024 -15.848418 1.769315 -2.823419 -3.4229834 -0.16890424 1003.89 
20150706143811 2.9670146 -15.165472 8.634688 -3.0219505 -3.109915 -0.021380283 1003.6 
20150706143811 2.15538 -8.672397 1.1109096 -2.9477303 -3.9406917 0.03145956 1003.6 
20150706143811 2.1649568 -6.284181 -2.0362685 -1.8356501 -3.998113 -0.076052725 1003.6 
20150706143811 0.5883751 -7.5920134 -2.6833014 -1.4034629 -3.0439415 -0.20158553 1003.6 
20150706143811 -1.1270704 -8.622718 -0.93014735 -1.1896601 -1.6835446 -0.2855795 1003.6 
20150706143811 -1.3617022 -9.776723 0.79607207 -0.84299403 -1.1795808 -0.4841107 1003.6 
20150706143811 -1.7082629 -10.149021 2.0727801 -1.1707232 -0.89736104 -0.49327368 1003.6 
20150706143811 -1.186327 -9.82341 2.9029696 -1.5415184 -0.03970624 -0.44104472 1003.6 
20150706143811 0.089782566 -10.013748 1.0163386 -1.1117748 0.6805039 -0.22052236 1003.6 
20150706143811 0.7811083 -10.056246 -0.5907693 -0.6035349 0.46670106 -0.03604105 1003.71 
20150706143811 0.57520694 -9.58818 -1.9997569 -0.19792034 0.20341812 0.099265605 1003.71 
20150706143811 0.10055647 -9.530719 -2.4241292 -0.30482176 -0.1160644 0.09437868 1003.71 
20150706143811 -0.7015011 -9.8677025 -3.0292637 -0.44440445 -0.2828306 0.15485434 1003.71 
20150706143811 -0.6679823 -10.939706 -1.2078748 -0.6609562 -0.6637051 0.17195857 1003.71 
20150706143811 -1.7812861 -11.597513 3.7816415 -1.0210613 -1.2605205 0.13927728 1003.71 
20150706143811 -2.344522 -13.025655 1.3401544 -1.5198327 -1.7024814 0.06627888 1003.71 
20150706143811 0.45908818 -12.644977 0.66618663 -1.350623 -2.107485 -0.15302174 1003.71 
20150706143811 2.5312698 -13.42788 -0.1448492 -0.08002335 -1.1074986 0.36987892 1003.71 
20150706143811 1.4508862 -14.464569 0.17836803 1.040609 0.052839845 0.82253003 1003.75 
20150706143811 -1.4389153 -13.27944 9.55885 0.75502944 0.1966986 0.36560285 1003.75 
20150706143811 -1.7770962 -12.86644 1.5197195 0.2593123 1.455081 -0.19700404 1003.75 
20150706143811 0.11252748 -9.27394 -1.8495208 1.4844025 1.7305813 -0.3735441 1003.75 
20150706143811 1.0043676 -8.608353 -3.7762547 3.093727 1.4636332 0.20066923 1003.75 
20150706143811 -0.5363012 -12.573151 -3.726575 2.9571986 0.35460728 0.18753563 1003.75 
20150706143811 -3.6697125 -16.742054 -4.5579615 2.4706445 -0.70646566 -0.121256754 1003.75 
20150706143812 -8.118738 -18.89085 -4.7375264 2.293188 -0.36957347 -0.410196 1003.75 
20150706143812 -8.770559 -16.33085 6.9000893 2.9663615 -0.55833083 -0.6533204 1003.75 
20150706143812 -4.7375264 -9.710882 0.47405192 3.3826663 -1.7162259 -0.35338554 1003.58 
20150706143812 -1.6400281 -7.9966335 1.9428947 3.094338 -3.2085698 0.22907446 1003.58 
20150706143812 0.31184477 -9.7007065 2.6180596 2.607173 -0.47983465 0.3100141 1003.58 
20150706143812 3.6768951 -9.613318 -3.0238767 2.5030203 4.471228 0.68233645 1003.58 
20150706143812 3.8654387 -9.454104 -3.098097 3.6031888 5.6770763 1.02717 1003.58 
20150706143812 1.3850456 -8.430583 -0.9415198 3.4944546 5.10775 0.8713993 1003.58 
20150706143812 -0.7092823 -6.7025676 -1.8315643 2.1368067 2.9138272 0.002443461 1003.58 
20150706143812 -2.879626 -4.413711 -4.0827127 1.5815301 0.9584476 -0.46028697 1003.58 
20150706143812 -3.952827 -2.9137435 -4.547188 1.8756617 0.9370673 -0.65087694 1003.58 
20150706143812 -4.0174704 -1.9117701 -3.5751417 1.949271 2.1248949 -0.56505036 1003.75 
20150706143812 -3.728969 -2.516306 -1.9081788 1.2290609 1.9504927 -0.5821546 1003.75 
20150706143812 -2.8574798 -3.4272997 -0.7757214 0.44226643 1.3307699 -0.7852673 1003.75 
20150706143812 -2.8401217 -3.7660792 -0.30047232 -0.057421334 0.82924956 -0.83291477 1003.75 
20150706143812 -3.3087866 -4.7189717 1.4401124 -0.68691796 0.5103779 -0.84635377 1003.75 
20150706143812 -2.5582044 -8.50181 4.96318 -1.3509285 0.24740042 -0.9651671 1003.75 
20150706143812 -4.557363 -18.230051 17.828423 -2.0677788 -0.09040806 -1.0308352 1003.75 
20150706143812 -4.932654 -19.608511 19.608511 -2.595872 -0.30085114 -1.2370021 1003.75 
20150706143812 -1.4867992 -16.759413 6.5445504 -2.460565 -0.6423248 -1.0968086 1003.75 
20150706143812 -3.0119057 -2.3008277 -0.6937199 1.350623 -1.01312 -0.09407325 1003.67 
20150706143812 -10.8948145 -1.1480197 -3.153762 2.3353379 1.3329079 0.40469822 1003.67 
20150706143812 -10.226234 -6.613384 -8.372523 1.4227052 2.8973339 -0.4569272 1003.67 
20150706143812 -6.541558 -12.436082 -9.574412 0.0070249503 1.2315043 -0.3115413 1003.67 
20150706143812 -2.2655134 -9.801263 -5.9448028 -1.0250319 1.3713925 0.16890424 1003.67 
20150706143812 -0.42437226 -9.382876 8.290522 -1.3350459 1.0485502 0.66248333 1003.67 
20150706143812 -0.04309563 -9.226056 -4.1479545 -0.41630468 -1.1484267 0.6774496 1003.67 
20150706143812 0.5093664 -9.02614 -9.892242 -0.77946407 -1.9501873 0.5137377 1003.67 
20150706143812 0.19153613 -8.834005 -8.269572 -1.4715744 -0.99387777 0.08307768 1003.67 
20150706143812 -1.1162965 -9.448118 -6.3871317 -1.7482964 -1.0384709 -0.31306845 1003.52 
20150706143812 -1.6729485 -11.112088 -4.348469 -2.435825 -2.5277603 -0.3640757 1003.52 
20150706143812 1.9740193 -16.50862 5.448006 -2.8087585 -3.3121114 -0.09773844 1003.52 
20150706143812 2.3187842 -13.761871 4.220379 -2.96178 -3.2693508 -0.099265605 1003.52 
20150706143812 1.8423382 -7.45315 -0.12808979 -2.7339275 -3.8896844 -0.10751228 1003.52 
20150706143812 1.6944963 -6.7450647 -1.9668367 -1.9898936 -3.8545597 -0.28069258 1003.52 
20150706143812 0.39624038 -8.486248 -1.9764135 -1.4410311 -3.2794302 -0.28008172 1003.52 
20150706143812 -0.45429978 -9.610924 0.1448492 -0.98654735 -2.3283129 -0.2782491 1003.52 
20150706143812 -0.34476504 -10.2735195 1.6519991 -0.6704246 -1.6255124 -0.3652974 1003.52 
20150706143812 -1.1246762 -10.579977 2.7431567 -1.2137892 -0.9746355 -0.29626966 1003.67 
20150706143812 -0.36152446 -10.358514 1.3634979 -1.4144585 0.7367035 -0.31581733 1003.67 
20150706143812 1.2096704 -9.631873 -0.682946 -0.9080512 1.5323554 -0.18570304 1003.67 
20150706143812 1.441908 -8.853758 -0.866701 -0.23884831 1.3338243 0.077579886 1003.67 
20150706143812 0.5129577 -8.799889 -1.3808558 -0.1872302 0.13255776 0.010079277 1003.67 
20150706143812 -0.20231004 -9.223662 -2.3277626 -0.30940324 -0.7486154 -0.11881329 1003.67 
20150706143812 -1.1988965 -10.157999 -3.318962 -0.30970868 -1.061073 -0.043676864 1003.67 
20150706143812 -1.3467385 -11.835736 -2.111686 -0.5580254 -1.1426234 0.060170226 1003.67 
20150706143812 -2.484583 -11.954249 4.8578353 -1.1997393 -1.3921618 0.04337143 1003.67 
20150706143812 -3.4284968 -12.877812 2.0398598 -1.5485435 -1.8054122 -0.011301007 1003.74 
20150706143812 -0.16579847 -12.387001 0.8996213 -1.3686435 -2.211332 -0.23426682 1003.74 
20150706143812 2.634819 -13.974956 0.31543607 -0.31887165 -0.4746423 0.23640485 1003.74 
20150706143813 2.9179332 -15.108011 0.51595044 1.0613784 1.0888673 0.9230174 1003.74 
20150706143813 1.5771804 -13.581109 5.592855 0.83199847 1.1395692 0.5510005 1003.74 
20150706143813 -0.40222588 -12.468404 1.3245921 0.58368176 2.5610526 -0.027183503 1003.74 
20150706143813 -0.9187749 -9.166202 -0.78050977 1.3662001 2.5002716 -0.21624629 1003.74 
20150706143813 -0.18255788 -8.577228 -4.347272 2.613587 1.4853189 -0.018936822 1003.74 
20150706143813 -1.6358383 -11.750143 -4.747103 2.7974575 0.34391713 0.010079277 1003.74 
20150706143813 -5.070919 -15.470733 -4.2395325 2.3735168 -0.53023106 -0.16920967 1003.9 
20150706143813 -9.551667 -18.100763 1.4544775 2.2269092 -0.5222898 -0.5644395 1003.9 
20150706143813 -8.317456 -14.84405 4.433463 2.5964828 -1.3860532 -0.79473567 1003.9 
20150706143813 -6.2446766 -9.879673 -4.4262805 3.1074715 -2.6493225 -0.33353242 1003.9 
20150706143813 -2.96881 -7.868544 1.9476831 3.7207801 -2.68628 0.23060162 1003.9 
20150706143813 -0.6404489 -9.243414 3.2752678 2.7046058 1.0742066 0.46303585 1003.9 
20150706143813 2.8832173 -9.980828 -1.4203602 2.3066273 3.4895678 0.7910705 1003.9 
20150706143813 5.1822495 -10.441113 -2.131438 2.9959886 4.263534 1.1368202 1003.9 
20150706143813 2.693477 -9.96347 -0.52612585 3.2262847 4.298048 1.1038336 1003.9 
20150706143813 -0.009576807 -7.802105 -0.86610246 2.2953262 3.2403347 0.41172317 1003.7 
20150706143813 -2.6910827 -5.48332 -3.6613328 1.7116444 1.2360858 -0.21471913 1003.7 
20150706143813 -3.5817258 -4.3718123 -4.4879313 1.9468275 0.9334021 -0.43157628 1003.7 
20150706143813 -3.572149 -2.5067291 -3.6984432 2.0115793 2.039679 -0.4718934 1003.7 
20150706143813 -3.6493618 -2.235586 -2.1763294 1.4627168 2.0711386 -0.5180137 1003.7 
20150706143813 -2.758719 -2.866458 -0.78649527 0.7959574 1.7379116 -0.7425067 1003.7 
20150706143813 -2.0518308 -3.1585505 -0.044292733 0.057421334 1.2333369 -0.8872818 1003.7 
20150706143813 -2.5061307 -4.0138793 1.4652514 -0.6545421 0.6453791 -0.96761054 1003.7 
20150706143813 -2.098518 -7.2203135 4.44304 -1.1453724 0.31215215 -1.138042 1003.7 
20150706143813 -5.7454853 -15.077485 14.203003 -1.8176296 0.20341812 -1.2208142 1003.77 
20150706143813 -6.6923923 -19.608511 19.608511 -2.490803 0.17928895 -1.4434745 1003.77 
20150706143813 -2.2254105 -19.303251 8.644265 -2.5638015 -0.23273966 -1.1291844 1003.77 
20150706143813 -1.7040731 -4.646547 1.3431472 0.9828822 -0.9101892 -0.2782491 1003.77 
20150706143813 -9.229049 -1.7818847 -2.7018566 2.5867088 1.1603385 0.5558874 1003.77 
20150706143813 -9.546879 -4.7381253 -9.637859 1.8851302 2.2553146 -0.18448131 1003.77 
20150706143813 -7.4345946 -12.564771 -12.188282 0.43676865 0.9728029 -0.625526 1003.77 
20150706143813 -4.7901993 -12.500127 -5.734113 -1.1456778 1.9572122 -0.03481932 1003.77 
20150706143813 -0.41838676 -12.217012 18.321629 -0.9810496 0.7272351 0.69913524 1003.77 
20150706143813 3.120842 -5.6664767 -8.1343 -0.15424347 -2.3787093 0.82894415 1003.63 
20150706143813 2.4720132 -4.8147397 -11.514315 -0.30634892 -2.659402 0.7959574 1003.63 
20150706143813 -0.45549688 -8.410232 -7.654263 -0.8549059 0.051923547 0.37934732 1003.63 
20150706143813 -1.6280571 -11.5077305 -6.247669 -1.4019357 -0.27550024 -0.4642576 1003.63 
20150706143813 -1.3018472 -15.877748 -3.5500026 -2.1801782 -2.7983737 -0.30848694 1003.63 
20150706143813 3.7816415 -18.710087 8.200739 -2.5912905 -3.5256088 0.037873644 1003.63 
20150706143813 2.3235726 -9.785102 3.244742 -2.9651399 -3.3307428 -0.06383542 1003.63 
20150706143813 1.1767502 -6.9689226 -0.5674258 -2.6502388 -3.5903604 -0.44593164 1003.63 
20150706143813 0.38307226 -7.3753386 -1.8698715 -1.7464638 -3.4422257 -0.54061574 1003.63 
20150706143813 -0.7697359 -7.6829934 -0.97982705 -1.4147639 -3.1969633 -0.44043383 1003.75 
20150706143813 -1.5185224 -8.944139 0.8283938 -1.0219775 -2.6887233 -0.41905355 1003.75 
20150706143813 -1.1127052 -9.402629 0.5506664 -0.9254609 -2.2751677 -0.36713 1003.75 
20150706143813 -1.1121067 -9.658808 0.25737667 -1.385137 -1.41904 -0.26450464 1003.75 
20150706143813 -0.92775315 -9.558251 0.9127894 -1.1554517 0.70066243 -0.16340645 1003.75 
20150706143813 -0.5291186 -9.852738 1.472434 -0.7742717 1.5274686 -0.038789943 1003.75 
20150706143813 0.014963761 -10.097546 -0.30166942 -0.6795876 1.3243558 0.035124753 1003.75 
20150706143813 0.23463176 -9.77373 -2.0745757 -0.6059783 1.1273518 0.09285152 1003.75 
20150706143814 -0.022146367 -9.835979 -2.4223335 -0.3839288 0.8399397 0.2098322 1003.75 
20150706143814 -0.55006784 -10.279505 -2.19668 -0.34972036 0.3472769 0.30176744 1003.71 
20150706143814 -0.3890578 -10.944494 -0.7589619 -0.50579643 -0.47678033 0.24617869 1003.71 
20150706143814 -0.2896984 -10.299856 2.4756045 -0.7874053 -1.2993103 0.22143865 1003.71 
20150706143814 -2.0135236 -11.640609 1.5747862 -1.1594223 -1.6716328 0.23304509 1003.71 
20150706143814 -0.20649989 -12.574945 -0.61112 -0.956615 -1.7373008 -0.031154128 1003.71 
20150706143814 2.0614076 -12.330737 -0.008978256 -0.17654006 -0.93370754 0.105374254 1003.71 
20150706143814 1.6460136 -14.546571 -0.87448215 0.93401295 -3.0543262E-4 0.627664 1003.71 
20150706143814 1.0414777 -13.354857 5.380968 1.0360274 -0.4297437 0.37812558 1003.71 
20150706143814 -2.6300306 -13.356054 6.716933 0.35796702 0.20525073 -0.14782938 1003.71 
20150706143814 -2.557606 -11.025299 0.76434886 0.77366084 1.3845261 -0.5626069 1003.76 
20150706143814 -0.20350714 -8.425196 -2.8078 2.5720482 1.6157386 -0.15699236 1003.76 
20150706143814 -0.9211691 -9.323022 -5.4282537 3.111442 1.2153164 0.35338554 1003.76 
20150706143814 -2.6539726 -13.81215 -5.5617304 2.8539624 0.47250426 0.3182608 1003.76 
20150706143814 -7.2849574 -18.383877 0.14604631 2.314874 0.3827071 0.079107046 1003.76 
20150706143814 -10.14543 -18.842966 3.1346085 2.189341 -0.3857614 -0.2910773 1003.76 
20150706143814 -5.9890957 -12.161946 -1.2629414 2.960253 -2.0103576 -0.4437936 1003.76 
20150706143814 -2.1404164 -7.8787193 -1.204882 3.7391062 -2.9831605 0.4541783 1003.76 
20150706143814 -0.17477672 -8.616732 3.4560301 3.1493158 -0.9761627 0.5699373 1003.76 
20150706143814 2.2469583 -8.752005 0.29568392 1.6814066 1.344209 0.5543602 1003.69 
20150706143814 3.3530796 -9.093777 -2.0518308 2.4611762 4.057367 0.6939429 1003.69 
20150706143814 1.9877859 -8.707113 -1.3575124 3.4177911 4.639216 0.89858276 1003.69 
20150706143814 -0.2741361 -7.7290816 0.581791 2.7262917 3.2119296 0.68203104 1003.69 
20150706143814 -2.360683 -6.59004 -2.223615 1.7479908 1.1527027 0.29657507 1003.69 
20150706143814 -2.6072857 -4.9278655 -3.3686419 1.2721269 0.52626044 -0.29718593 1003.69 
20150706143814 -3.2716765 -3.791817 -3.1794999 1.6930131 1.4584408 -0.464563 1003.69 
20150706143814 -3.316568 -3.6583402 -3.0101101 1.4865406 2.3976462 -0.49571714 1003.69 
20150706143814 -3.3153708 -4.482544 -2.1392193 0.78954333 1.9416351 -0.5897904 1003.69 
20150706143814 -2.8078 -5.020641 -0.7433996 0.25900686 1.3093897 -0.7287622 1003.75 
20150706143814 -2.8353333 -5.1140146 0.45729253 -0.38453966 0.85918194 -0.84665924 1003.75 
20150706143814 -3.6463692 -4.794389 0.15682021 -0.93279123 0.12003502 -0.9059132 1003.75 
20150706143814 -1.9405005 -8.045116 2.2164323 -1.3429873 -0.2733622 -0.95417154 1003.75 
20150706143814 -1.299453 -15.661671 9.552865 -2.0525072 -0.3036 -0.8552113 1003.75 
20150706143814 -4.7740383 -19.608511 19.608511 -2.751337 -0.89827734 -0.88514376 1003.75 
20150706143814 -3.755904 -19.524117 16.222511 -2.8612928 -1.2910637 -1.0607675 1003.75 
20150706143814 -2.468422 -5.1265845 5.000889 -0.044593163 -1.8032742 -0.7031059 1003.75 
20150706143814 -4.6938324 -0.581791 -2.8772318 2.9165761 0.12492194 0.204029 1003.75 
20150706143814 -4.835689 -2.9939492 -4.881179 2.4303274 1.7446312 -0.12583824 1003.72 
