20150706143253 -1.067814 -8.65863 -0.23582886 -1.169807 0.74281216 -0.15607607 1003.76 
20150706143253 -1.3892355 -9.426571 0.62249243 -1.0186177 1.1792754 -0.6722572 1003.76 
20150706143253 -1.1593921 -9.993997 0.04249708 -0.9456194 0.50579643 -0.6188065 1003.76 
20150706143253 -0.82360536 -10.429741 0.41299978 -0.8970556 -0.6239988 -0.43463063 1003.76 
20150706143253 -0.46507367 -10.986393 -0.54887074 -0.8185594 -0.9691377 -0.34116822 1003.76 
20150706143253 -0.36631286 -11.276092 -1.3922282 -0.786489 -1.2098186 -0.30787608 1003.74 
20150706143253 -0.87089086 -10.907384 -1.7950528 -0.7892379 -1.0940597 -0.19822577 1003.74 
20150706143253 -1.8746599 -9.227852 -0.19572599 -0.8374963 -0.7452556 -0.07147124 1003.74 
20150706143253 -5.070919 -10.2406 7.789535 -1.2696834 -0.68203104 -0.0030543262 1003.74 
20150706143253 -5.370793 -11.301829 1.3640964 -1.9688187 -0.5174029 -0.13897185 1003.74 
20150706143253 1.3587095 -12.191874 -0.7966706 -1.4074335 0.40622538 -0.17928895 1003.74 
20150706143253 5.525219 -14.513651 -1.8668787 0.62125 1.9883664 0.8940013 1003.74 
20150706143253 4.2521024 -13.9564 -0.19991584 1.3008375 1.8793269 1.5546521 1003.74 
20150706143253 0.2765303 -14.450204 4.2544966 0.63804877 0.16035213 0.5015204 1003.74 
20150706143253 -1.5676036 -13.29141 3.247136 0.25289822 -0.122478485 -0.50488013 1003.81 
20150706143253 -0.7799112 -10.742783 1.3934253 1.1111639 -0.40561453 -0.7351763 1003.81 
20150706143253 -0.9247604 -9.024943 -5.3881507 2.719572 -0.9966267 -0.20708331 1003.81 
20150706143253 -3.2291796 -12.278065 -6.9168487 3.374725 -1.2733486 -0.24037547 1003.81 
20150706143253 -11.951257 -19.58457 -1.0109516 2.7962356 -0.80970186 -0.6270532 1003.81 
20150706143253 -14.184448 -19.559431 3.1615434 2.0726657 -0.19181168 -1.525636 1003.81 
20150706143253 -10.823587 -13.800777 -1.5185224 2.0674734 -1.6187929 -1.5158621 1003.81 
20150706143253 -6.453571 -10.073604 2.4331074 2.984993 -1.577254 -0.15699236 1003.81 
20150706143253 -3.4967315 -9.15842 1.6687586 3.386637 0.84299403 0.24556783 1003.81 
20150706143253 2.5372553 -8.605958 1.8662802 3.4596353 1.6749926 0.83658 1003.66 
20150706143253 9.507375 -7.925406 -3.845088 3.0757065 2.5876253 1.3793337 1003.66 
20150706143253 7.092224 -9.977836 -2.4426842 3.069598 4.6135597 1.4822645 1003.66 
20150706143253 2.4187422 -8.524555 -1.9273324 2.8041768 4.6859474 0.528093 1003.66 
20150706143253 0.24480712 -5.367202 -5.207389 2.0775528 1.6264287 -0.36743546 1003.66 
20150706143253 -1.9153614 -3.0059202 -5.9160724 1.9834795 0.41050145 0.01160644 1003.66 
20150706143253 -4.606444 -1.4850036 -3.6236243 2.1832323 1.7006488 0.22266038 1003.66 
20150706143253 -4.061165 -0.15382746 -2.5438392 1.9990565 1.8139644 -0.22388211 1003.66 
20150706143253 -2.2409728 -1.6591818 -1.7208325 1.3903292 1.280679 -0.72326446 1003.66 
20150706143253 -0.6697779 -3.1896753 -0.75237787 0.6114761 1.3148874 -0.9569204 1003.76 
20150706143253 -1.5275006 -4.396353 0.78529817 -0.083383106 1.4184291 -1.0210613 1003.76 
20150706143253 -3.8869865 -6.5565214 4.607043 -0.9098838 0.92485 -1.3411547 1003.76 
20150706143253 -8.786121 -15.049952 15.486295 -1.6756034 0.5858198 -1.6584991 1003.76 
20150706143253 -9.402629 -19.608511 19.608511 -2.654515 0.23732115 -1.958434 1003.76 
20150706143253 -3.7229836 -19.560627 11.34253 -2.529593 -0.6753115 -1.5167783 1003.76 
20150706143253 -0.75357497 -4.875193 1.2144588 0.9950995 -1.4358387 -0.2501493 1003.76 
20150706143253 -8.275558 0.88645315 -2.806603 2.4382687 1.4840971 0.66889745 1003.76 
20150706143253 -11.129447 -3.5990837 -6.2979474 2.05434 2.392759 -0.09682214 1003.76 
20150706143253 -7.499837 -9.992201 -14.654908 0.6062838 1.2308935 -0.66675943 1003.95 
20150706143253 -5.353435 -12.89517 -9.442133 -1.3035865 1.2373075 0.031154128 1003.95 
20150706143253 -4.0414124 -13.611635 2.7820623 -1.7168368 0.91232723 0.8078693 1003.95 
20150706143253 1.477821 -11.230003 0.9708488 -0.6401868 -2.3979516 1.0064005 1003.95 
20150706143253 3.1316159 -5.2205567 -12.680291 -0.7079928 -4.0054436 0.84757555 1003.95 
20150706143253 -0.089184016 -7.9433627 -9.226056 -1.6823229 -2.4538457 0.29535335 1003.95 
20150706143253 -1.9428947 -10.205285 -7.1700354 -2.0528126 -0.31978795 -0.54367006 1003.95 
20150706143254 -1.5783775 -10.5045595 -4.1401734 -2.6154196 -2.9013045 -0.6053675 1003.95 
20150706143254 2.1068976 -17.243639 5.5964465 -3.3625078 -3.7678168 0.102319926 1003.95 
20150706143254 2.5258827 -14.173076 3.0178912 -3.5188892 -4.2055016 0.33414328 1003.49 
20150706143254 1.9405005 -8.162432 -1.483208 -2.866485 -4.4150286 0.16401732 1003.49 
20150706143254 2.0907366 -5.747281 -1.1426327 -1.890628 -4.1728206 -0.2593123 1003.49 
20150706143254 0.6452374 -8.63828 0.9923966 -1.6053538 -3.0161471 0.022296581 1003.49 
20150706143254 -0.1316811 -10.221446 1.9644425 -1.1661417 -2.0100522 -0.07147124 1003.49 
20150706143254 -0.23463176 -11.07438 2.5007436 -1.0784826 -1.2263119 -0.23640485 1003.49 
20150706143254 0.52971715 -11.082161 1.3305776 -1.1777482 0.024129177 -0.22907446 1003.49 
20150706143254 1.3036429 -9.909601 0.17298107 -0.84116143 1.1038336 -0.070249505 1003.49 
20150706143254 1.3940239 -8.316259 -0.08559271 -0.40591997 0.59742624 0.06536258 1003.49 
20150706143254 0.7146692 -8.292317 -1.2605472 -0.31337386 -0.40408736 0.053450707 1003.81 
20150706143254 -0.23343466 -8.619126 -2.391209 -0.4034765 -0.7742717 0.004886922 1003.81 
20150706143254 -1.216853 -9.721656 -3.004723 -0.6010914 -0.56688297 -0.01160644 1003.81 
20150706143254 -2.1230583 -12.109274 0.99299514 -0.9080512 -0.47158796 0.052839845 1003.81 
20150706143254 -4.052785 -12.609662 5.542577 -1.459357 -0.8680395 0.0067195175 1003.81 
20150706143254 -1.7585411 -13.908516 1.0767922 -1.6084082 -1.4300356 -0.13469578 1003.81 
20150706143254 2.010531 -13.379996 2.03567 -0.73273283 -0.95294976 0.08002335 1003.81 
20150706143254 2.7156234 -15.650298 1.6561891 0.9062186 0.23609942 0.9272934 1003.81 
20150706143254 0.92775315 -13.906122 5.971139 1.1285735 0.355829 0.7840455 1003.81 
20150706143254 -1.7525556 -12.835914 4.298789 0.7101309 1.4129313 0.093767814 1003.82 
20150706143254 0.7332243 -9.591172 -0.38726214 2.1740694 2.2409592 -0.077579886 1003.82 
20150706143254 1.5945383 -8.734048 -4.1293993 3.2311716 0.82436264 0.26236662 1003.82 
20150706143254 -0.81343 -13.041217 -3.8474822 3.378085 -0.61819565 -0.05497787 1003.82 
20150706143254 -6.278794 -19.464859 -6.213552 2.6942213 -0.88789266 -0.63346726 1003.82 
20150706143254 -12.417527 -19.608511 -3.5817258 2.563496 -0.57971114 -0.98868537 1003.82 
20150706143254 -9.689334 -16.21533 13.474567 2.7507262 -0.8167268 -1.0629056 1003.82 
20150706143254 -5.9118824 -10.222643 -1.3874398 2.812118 -2.4007003 -0.35094208 1003.82 
20150706143254 -0.7691373 -7.712322 3.5224693 3.5057557 -3.2760704 0.26816985 1003.82 
20150706143254 4.4753613 -8.430583 1.1378443 3.3423493 1.6719382 0.70188415 1003.66 
20150706143254 9.117719 -8.82802 -3.9378633 3.5057557 5.370422 1.1548407 1003.66 
20150706143254 4.5382094 -9.4535055 -1.2844892 3.7470474 5.742744 1.0317514 1003.66 
20150706143254 0.47884035 -7.0168066 -2.6162639 2.9168816 4.1163154 0.2275473 1003.66 
20150706143254 -1.7968484 -3.5098996 -5.6886234 1.9446895 1.7534887 -0.4071417 1003.66 
20150706143254 -3.767875 -1.9195513 -4.753089 2.1868975 1.3564262 -0.11056661 1003.66 
20150706143254 -4.3179426 -0.8643068 -3.8522706 2.1282544 2.2119431 -0.15118915 1003.66 
20150706143254 -3.957017 -1.198298 -2.5725696 1.5066991 1.7547104 -0.52626044 1003.66 
20150706143254 -2.634819 -2.5905263 -1.3916297 0.9095783 1.6551393 -0.7883216 1003.66 
20150706143254 -1.614889 -3.2363622 -0.6087258 0.12186762 1.5964963 -1.054048 1003.79 
20150706143254 -2.7269957 -3.7469256 0.53450555 -0.57848936 1.1078042 -1.1630874 1003.79 
20150706143254 -3.4674027 -5.9705405 4.6381674 -1.287704 0.5128214 -1.450805 1003.79 
20150706143254 -6.6828156 -16.346413 15.711948 -2.2382102 0.056505036 -1.6062702 1003.79 
20150706143254 -9.482835 -19.608511 19.608511 -2.9611692 -0.34269542 -1.668273 1003.79 
20150706143254 -4.210802 -19.348742 12.088325 -2.7021625 -0.7107417 -1.2544118 1003.79 
20150706143254 -4.0001125 -3.8349125 -0.83856916 0.84574294 -1.2605205 -0.10903945 1003.79 
20150706143254 -11.049241 -2.1296425 -4.474763 2.3371704 1.3170254 0.5589417 1003.79 
20150706143254 -10.4010105 -7.141305 -14.829685 1.597718 3.1490104 -0.21960606 1003.79 
20150706143254 -5.2863975 -12.178107 -9.8994255 0.13652839 1.5296066 0.047036625 1004.01 
20150706143254 -2.9317 -10.059238 -4.1814733 -1.4624114 1.5824465 0.61850107 1004.01 
20150706143254 0.89902276 -10.242394 9.163807 -1.1643091 -0.6236934 0.956615 1004.01 
20150706143255 2.6850972 -5.0200424 -7.6584525 -0.20189096 -2.5610526 0.98715824 1004.01 
20150706143255 1.2240356 -6.35062 -9.226655 -0.81061816 -2.322204 0.71868294 1004.01 
20150706143255 -0.9576807 -10.059837 -7.844003 -1.7684549 -0.6310238 0.09193522 1004.01 
20150706143255 -1.0516531 -11.984776 -5.779603 -2.1380284 -1.039998 -0.4260785 1004.01 
20150706143255 0.073023155 -15.828666 -2.9789855 -2.7088819 -3.4465017 -0.1966986 1004.01 
20150706143255 2.1721394 -16.830639 8.790312 -3.3524284 -4.1444154 0.13958271 1004.01 
20150706143255 0.4973954 -10.024523 5.2127757 -3.4874296 -3.9205332 -0.13164146 1003.57 
20150706143255 1.0253168 -8.512584 -0.6039374 -2.165212 -2.928488 -0.5500842 1003.57 
20150706143255 0.91697925 -8.336611 -1.9578584 -1.3628404 -2.348166 -0.2660318 1003.57 
20150706143255 0.20290859 -8.178593 -3.0358477 -1.6316211 -1.1389582 -0.1908954 1003.57 
20150706143255 -0.55485624 -8.664018 0.10414778 -1.1447614 -0.7272351 -0.33658674 1003.57 
20150706143255 -1.049259 -9.329605 1.763928 -0.98746365 -0.9166033 -0.36346483 1003.57 
20150706143255 -1.1450269 -9.279327 2.504335 -1.1655309 -1.0555751 -0.37812558 1003.57 
20150706143255 -0.6392518 -9.368511 0.62249243 -1.3585643 -0.75594574 -0.34697145 1003.57 
20150706143255 0.16101007 -9.148843 -1.2982559 -0.9425651 -0.092240654 -0.21685717 1003.57 
20150706143255 0.051475335 -9.143456 -1.0348936 -0.44440445 -0.06261369 -0.03573562 1003.69 
20150706143255 -0.44891283 -9.539697 -0.5021838 -0.3567453 -0.4981606 0.052534413 1003.69 
20150706143255 -0.79726917 -10.2896805 -1.3132197 -0.47067168 -1.0268645 0.084910266 1003.69 
20150706143255 -0.75357497 -10.910975 -1.2186487 -0.93676186 -1.1328496 0.15577064 1003.69 
20150706143255 -1.1755531 -11.320384 2.3708582 -1.2434162 -0.6401868 0.2910773 1003.69 
20150706143255 -1.7328035 -12.722189 2.3223755 -1.1148291 -0.41080686 0.32467487 1003.69 
20150706143255 0.027533319 -12.365453 -0.19931729 -0.9764681 -0.71685034 0.16401732 1003.69 
20150706143255 0.76075757 -12.892178 1.70946 -0.39370266 0.3921755 0.4071417 1003.69 
20150706143255 -1.0289081 -14.677055 4.043208 0.6728681 1.1377366 0.68294734 1003.69 
20150706143255 -2.8083985 -13.113641 4.7441106 0.5448918 0.65148777 0.03481932 1003.76 
20150706143255 -1.5113398 -11.703457 3.3752258 0.9972375 1.1157454 -0.23304509 1003.76 
20150706143255 1.2054806 -11.369465 -1.2665327 2.4724772 1.1695015 0.0852157 1003.76 
20150706143255 2.6090813 -11.1096945 -3.6978445 3.0387492 0.09315695 0.3567453 1003.76 
20150706143255 0.24121583 -14.8272915 -3.4662056 3.068987 -0.310625 0.20952678 1003.76 
20150706143255 -4.2945995 -18.215685 -6.213552 2.6175575 -0.34269542 -0.18967366 1003.76 
20150706143255 -6.909666 -18.06964 -5.094861 2.7867672 -0.40194935 -0.39614612 1003.76 
20150706143255 -7.5722613 -14.411299 5.9519854 2.9880474 -0.5137377 -0.33353242 1003.76 
20150706143255 -5.653309 -10.392033 3.457826 2.9984322 -2.025629 -0.24984388 1003.76 
20150706143255 -2.1769278 -8.886678 1.2192472 2.7232373 -3.2204816 -0.07880162 1003.66 
20150706143255 3.393781 -9.614515 1.3784616 2.6096163 -1.0375546 0.19425514 1003.66 
20150706143255 7.2203135 -10.406996 -3.7708676 2.695443 4.5888195 0.5161811 1003.66 
20150706143255 4.258686 -10.333973 -1.6334441 3.5720346 5.572618 0.25534168 1003.66 
20150706143255 1.6956934 -8.305486 -1.543063 3.4208453 4.3337836 -0.419359 1003.66 
20150706143255 -0.6607997 -5.6569 -5.795165 2.525317 2.1792617 -0.7984009 1003.66 
20150706143255 -3.4440591 -3.5362358 -5.8005524 2.475226 1.9135354 -0.44226643 1003.66 
20150706143255 -5.2205567 -0.961272 -4.6950297 2.4623978 3.0821207 -0.3680463 1003.66 
20150706143255 -5.663484 0.17956513 -3.2495303 1.9007072 2.4691174 -0.6554584 1003.66 
20150706143255 -3.5763388 -1.5969325 -2.0805612 1.3332134 2.0237966 -0.8765916 1003.75 
20150706143255 -1.9967642 -3.0101101 -1.4700398 0.46944994 1.9874501 -0.94806284 1003.75 
20150706143255 -3.4302924 -3.669114 0.42317516 -0.4352415 1.6609426 -0.9896017 1003.75 
20150706143255 -4.109049 -5.668871 3.9665937 -1.0919216 0.98807454 -1.1814134 1003.75 
20150706143255 -5.8604074 -13.053786 9.536105 -1.7547104 0.20463985 -1.1982121 1003.75 
20150706143255 -9.822811 -19.608511 19.608511 -2.2629502 -0.108123146 -1.3662001 1003.75 
20150706143255 -4.0414124 -19.608511 17.101185 -2.769663 -0.14508049 -1.2681563 1003.75 
20150706143256 -0.49200845 -8.464102 1.809418 -0.17165314 -0.5656612 -0.25503623 1003.75 
20150706143256 -7.349601 -5.398925 -2.9945478 2.5561657 1.0412198 0.48747048 1003.75 
20150706143256 -9.2494 -8.304887 -9.041104 1.6114625 2.2782218 -0.020463986 1003.74 
20150706143256 -4.8362875 -12.048222 -8.1756 0.419359 0.5140431 -0.19975294 1003.74 
20150706143256 -2.5354595 -6.7887588 -7.1754227 -1.2880094 1.3127494 0.11881329 1003.74 
20150706143256 -3.292626 -6.039374 1.3383588 -0.6936375 0.47983465 0.3036 1003.74 
20150706143256 -4.3993454 -5.245696 -2.9334955 0.20250183 -2.0576997 0.16920967 1003.74 
20150706143256 -2.178125 -8.582016 -6.6367273 -0.9254609 -2.778826 0.14049901 1003.74 
20150706143256 -0.23104046 -8.6257105 -7.559692 -1.5824465 -0.75228053 0.10567969 1003.74 
20150706143256 0.40880993 -9.483433 -7.0886326 -2.1591032 -0.10995574 0.22602014 1003.74 
20150706143256 -0.12030864 -11.674128 -5.501277 -2.7962356 -2.2727242 0.2864958 1003.74 
20150706143256 2.7090392 -19.19611 3.3883939 -3.3399057 -4.134947 0.11453723 1003.77 
20150706143256 3.6481647 -16.047735 6.1746464 -3.8050797 -4.87501 0.39767328 1003.77 
20150706143256 2.046444 -8.552687 3.153762 -3.2501085 -4.7143526 0.2770274 1003.77 
20150706143256 1.5915456 -6.8444242 -0.26755205 -1.9022343 -4.4608436 -0.16249016 1003.77 
20150706143256 0.95229375 -7.3807254 -2.8281507 -1.5115861 -2.7165177 0.13713925 1003.77 
20150706143256 -0.03172317 -8.343194 -2.2637177 -0.9282097 -0.06963864 0.055283304 1003.77 
20150706143256 -0.6356605 -9.437345 0.06284779 -0.73975784 0.93554014 -0.21624629 1003.77 
20150706143256 -0.9804256 -10.335769 1.7010803 -0.9184359 0.7486154 -0.3023783 1003.77 
20150706143256 -0.55605334 -10.0341 1.4718355 -1.1527027 0.41263947 -0.30085114 1003.77 
20150706143256 -0.272939 -9.7084875 0.219668 -1.0073168 -0.096516706 -0.22266038 1003.66 
20150706143256 -0.17836803 -8.985439 -0.6805518 -0.7849618 -0.40622538 -0.20005837 1003.66 
20150706143256 -0.4429273 -8.750807 -0.89423436 -0.64660084 -0.47891834 -0.17073683 1003.66 
20150706143256 -1.6861166 -9.48882 -2.055422 -0.5109888 -0.43890667 -0.118507855 1003.66 
20150706143256 -2.0398598 -10.398018 -2.5139117 -0.45875978 -0.5174029 -0.09193522 1003.66 
20150706143256 -1.733402 -11.182717 0.2861071 -0.9279043 -0.54275376 -0.022907447 1003.66 
20150706143256 -2.2631192 -12.022484 3.098097 -1.4095715 -0.53786683 0.15974127 1003.66 
20150706143256 -0.80086046 -13.054385 -0.50757074 -1.0482447 -1.0189233 0.13591751 1003.66 
20150706143256 1.9901801 -13.019071 -0.37229836 -0.3912592 -1.1863003 0.29718593 1003.66 
20150706143256 0.98581254 -15.374366 0.23044191 0.5739079 -0.42088616 0.7870999 1003.74 
20150706143256 -0.62967503 -14.346655 7.1742253 0.6075055 -0.35705075 0.30665436 1003.74 
20150706143256 -0.86849666 -13.892954 2.9388826 0.31673363 0.23060162 -0.24129178 1003.74 
20150706143256 0.44711718 -11.559206 0.22864626 1.641395 1.0134255 -0.27152961 1003.74 
20150706143256 1.4478935 -9.41879 -3.3153708 2.801428 1.5781704 0.14935656 1003.74 
20150706143256 -0.5835867 -11.42094 -4.76087 3.356399 1.2324207 0.17562376 1003.74 
20150706143256 -4.4304705 -16.205753 -6.156091 2.9028316 0.33475417 -0.27947086 1003.74 
20150706143256 -8.018182 -18.058865 -5.33069 2.5320365 0.6411031 -0.51343226 1003.74 
20150706143256 -9.167398 -16.766594 11.3323555 2.5925121 -0.07696902 -0.5717699 1003.74 
20150706143256 -7.498041 -11.926716 -0.39085343 2.6713138 -2.0384574 -0.3304781 1003.62 
20150706143256 -2.9101522 -8.479664 -0.34356794 3.3560936 -3.360675 0.027794369 1003.62 
20150706143256 2.2176294 -9.200917 3.0969 3.3961053 -0.7370089 0.61208695 1003.62 
20150706143256 6.755839 -10.704475 -1.6849195 2.7849348 3.0451632 0.9737192 1003.62 
20150706143256 4.9853263 -10.779295 -2.7766755 3.1462615 4.270559 0.7626653 1003.62 
20150706143256 2.043451 -8.342596 -1.3892355 3.395189 4.9971833 0.24190263 1003.62 
20150706143256 -0.6194997 -5.86759 -4.3646297 2.6731462 3.0466905 -0.4636467 1003.62 
20150706143256 -2.0829554 -4.51726 -5.929839 2.2953262 1.0329732 -0.45265114 1003.62 
20150706143256 -3.916914 -1.6783354 -4.9374423 2.5066855 2.1502457 -0.25961772 1003.62 
20150706143256 -5.3396683 -0.789488 -3.0478187 2.1792617 2.3203716 -0.37507126 1003.61 
20150706143256 -4.626795 -1.1432313 -1.7208325 1.7137824 1.6975945 -0.7171558 1003.61 
20150706143256 -2.60549 -2.0787656 -1.1935096 0.7855727 1.5784758 -1.0845913 1003.61 
20150706143257 -2.9622262 -2.8137856 -0.5009867 -0.112704635 1.5512923 -0.99387777 1003.61 
20150706143257 -3.2387564 -3.86484 2.255338 -0.8472701 1.0790935 -1.0589349 1003.61 
20150706143257 -4.1838675 -8.893262 6.2285156 -1.6029104 0.30634892 -1.1664472 1003.61 
20150706143257 -7.7224975 -18.96507 19.586964 -2.13925 -0.21563543 -1.2959507 1003.61 
20150706143257 -4.024653 -19.608511 19.608511 -2.7345383 -0.26511553 -1.434617 1003.61 
20150706143257 -1.2677298 -15.203181 5.6359506 -1.255328 -0.602924 -0.6432411 1003.61 
20150706143257 -5.6359506 -3.3794158 0.004189853 2.5298984 0.29565877 0.40530908 1003.68 
20150706143257 -10.8182 -3.3213563 -6.7803793 2.261423 2.681393 0.39950588 1003.68 
20150706143257 -10.849325 -9.620501 -12.97777 1.4627168 1.4584408 -0.160963 1003.68 
20150706143257 -3.903746 -10.845135 -6.339846 -0.6200282 0.5849035 0.090713486 1003.68 
20150706143257 -0.96905315 -8.834604 -0.032920275 -1.5488489 1.0396926 0.22907446 1003.68 
20150706143257 -0.21667525 -6.621165 1.3497312 -0.5671884 -1.38025 0.56107974 1003.68 
20150706143257 -0.76315176 -6.187216 -7.875128 -0.124311075 -2.1704042 0.6087272 1003.68 
20150706143257 -0.59855044 -8.003817 -8.328231 -1.0088439 -1.9807305 0.40225476 1003.68 
20150706143257 -0.6123171 -9.105149 -7.0527196 -1.7562376 -0.5873469 -0.06169739 1003.68 
20150706143257 -1.1384429 -11.119271 -5.7347116 -2.6120598 -1.5543466 -3.0543262E-4 1003.63 
20150706143257 -0.90261406 -15.14153 -3.530849 -3.3396003 -3.4767396 0.09773844 1003.63 
20150706143257 2.059612 -19.153015 5.346851 -3.8563924 -3.9364157 0.31031954 1003.63 
20150706143257 1.7010803 -9.594165 6.8198833 -3.8948767 -3.8206568 0.30207285 1003.63 
20150706143257 1.3521254 -7.3909006 1.5981296 -2.356718 -3.5048394 -0.28588495 1003.63 
20150706143257 1.2976574 -7.924209 -1.0618285 -1.5726726 -2.528066 -0.09865474 1003.63 
20150706143257 0.26635495 -8.666411 -2.5480292 -1.6261233 -0.6713409 -0.058948494 1003.63 
20150706143257 -0.79726917 -9.326612 -0.08020575 -1.0057896 0.6817256 -0.355829 1003.63 
20150706143257 -1.4544775 -10.107122 2.7353754 -0.8405506 0.41813725 -0.43676865 1003.63 
20150706143257 -0.93493575 -10.386047 1.846528 -0.86345804 -0.3173445 -0.41874814 1003.7 
20150706143257 0.24241292 -10.052654 -1.2174516 -0.9801333 -0.86070913 -0.310625 1003.7 
20150706143257 0.4914099 -9.449316 -1.3814543 -0.73884153 -0.61178154 -0.17715092 1003.7 
20150706143257 0.26276365 -9.437943 -1.1563994 -0.50793445 -0.6591236 -0.12644911 1003.7 
20150706143257 -0.3309984 -9.53012 -1.4263457 -0.4007276 -1.1591167 -0.1282817 1003.7 
20150706143257 -1.5634137 -9.618107 -1.6418238 -0.4016439 -1.4416419 -0.11728613 1003.7 
20150706143257 -1.4664485 -10.815806 -2.1266496 -0.675617 -1.5402967 -0.07849618 1003.7 
20150706143257 -1.5370775 -11.611878 3.8361096 -1.5326608 -1.4776831 0.03726278 1003.7 
20150706143257 -2.2840683 -12.758102 5.265448 -1.7953329 -0.9990701 0.058948494 1003.7 
20150706143257 -0.31423897 -12.216414 1.8183962 -1.3707817 -1.196685 -0.021991149 1003.77 
20150706143257 -0.062249243 -12.959215 1.3371617 0.064446285 -0.37995818 0.43768495 1003.77 
20150706143257 -0.7721301 -12.695254 3.2243912 1.2348641 2.1481075 0.66767573 1003.77 
20150706143257 -2.7162218 -12.158954 4.7536874 0.9755518 2.3774874 0.20799962 1003.77 
20150706143257 -0.7870938 -11.51611 0.16101007 1.9394971 2.7030787 0.09773844 1003.77 
20150706143257 3.3626564 -11.671135 -4.594473 2.8643472 0.6224717 0.4202753 1003.77 
20150706143257 2.0488381 -16.675615 -2.3020248 3.3976326 -1.0534371 0.57360244 1003.77 
20150706143257 -4.9063177 -19.608511 -5.601235 2.6551259 -2.1820107 -0.34147367 1003.77 
20150706143257 -11.814188 -19.608511 -7.2472486 2.9147434 -2.0448713 -1.0690142 1003.77 
20150706143257 -12.21402 -14.95179 2.790442 3.1832187 -1.4040737 -1.1053606 1003.72 
20150706143257 -7.587225 -9.662399 7.5285673 2.7791314 -2.007914 -0.50701815 1003.72 
20150706143257 -4.751293 -7.5088153 -1.8435353 2.5042422 -3.1429017 -0.28955013 1003.72 
20150706143257 -0.92775315 -7.8086886 3.0484173 2.7876835 -1.4040737 0.1826487 1003.72 
20150706143257 2.954445 -9.337985 -0.5009867 2.564107 4.4733663 0.9138544 1003.72 
20150706143257 9.557653 -9.494206 -3.752911 3.1612277 4.8844786 1.2794572 1003.72 
20150706143257 5.0308166 -9.329007 -1.941099 3.5081992 5.0674324 1.350623 1003.72 
20150706143257 0.022146367 -5.7395 -2.7311857 2.7724118 3.951382 0.22815818 1003.72 
20150706143257 -1.271321 -2.6024973 -4.180875 2.1038198 1.7437148 -0.4615087 1003.72 
20150706143258 -2.8006175 -2.0757728 -4.5435963 2.0916026 1.2757921 -0.05497787 1003.87 
20150706143258 -3.3201592 -1.3491327 -3.9534256 1.9620992 1.7831156 -0.24648413 1003.87 
20150706143258 -2.944868 -2.1505916 -2.3636756 1.5781704 1.8817704 -0.65148777 1003.87 
20150706143258 -2.5288756 -3.1836896 -0.28909984 0.7293731 1.8915442 -1.0326678 1003.87 
20150706143258 -2.2942438 -3.554791 0.11851298 -0.07788532 1.3976597 -1.185384 1003.87 
20150706143258 -3.7948096 -3.9797618 1.4784195 -0.7528914 0.54611355 -1.3307699 1003.87 
20150706143258 -4.1413703 -6.8749504 5.1624975 -1.4340062 0.09040806 -1.466382 1003.87 
20150706143258 -6.1866174 -15.796943 16.001648 -1.9394971 0.044593163 -1.4223998 1003.87 
20150706143258 -8.8884735 -19.608511 19.608511 -2.489276 -0.13591751 -1.5039502 1003.87 
20150706143258 -3.3129766 -18.726248 11.09114 -2.0967948 -0.68325275 -1.2360858 1003.74 
20150706143258 -3.5110967 -1.7196354 1.3365631 1.8466456 -0.91446525 0.118202426 1003.74 
20150706143258 -10.287885 1.2946646 -3.321955 2.4733934 1.9101756 0.5748242 1003.74 
20150706143258 -9.330803 -5.3713913 -13.239337 1.9034561 2.607173 -0.12156218 1003.74 
20150706143258 -6.7534447 -13.416508 -14.100651 0.076052725 1.5247196 -0.1142318 1003.74 
20150706143258 -3.8367083 -12.70124 -6.301539 -1.5674802 1.6514742 0.48075095 1003.74 
20150706143258 2.641403 -14.287997 13.29141 -1.325883 -0.600786 0.9245446 1003.74 
20150706143258 2.0548236 -6.3021374 -8.449737 -0.10445796 -2.9049697 1.0021244 1003.74 
20150706143258 0.47524905 -6.613982 -9.934141 -0.43096542 -2.7091873 0.6123924 1003.74 
20150706143258 -1.6711528 -8.993818 -7.7637978 -1.6264287 -1.4419475 -0.22876903 1003.48 
20150706143258 -1.5957354 -9.94312 -5.587468 -2.0280726 -1.2104294 -0.6291912 1003.48 
20150706143258 -1.7645266 -12.298415 -2.9215245 -2.8206704 -2.9553661 -0.1826487 1003.48 
20150706143258 2.3373394 -18.413805 6.1489086 -3.395189 -3.170696 0.11911872 1003.48 
20150706143258 1.6490064 -11.963227 3.329736 -3.4272594 -3.1893275 0.160963 1003.48 
20150706143258 1.1258733 -7.3627687 1.021127 -2.6025913 -3.1917708 -0.18570304 1003.48 
20150706143258 0.7398083 -7.359776 -1.6555905 -2.0867157 -3.0473013 -0.15332718 1003.48 
20150706143258 -0.2669535 -8.447342 -1.5981296 -1.7052304 -1.6615535 -0.11026118 1003.48 
20150706143258 -0.6452374 -8.710106 -0.7044938 -1.3600914 -0.09773844 -0.29749137 1003.48 
20150706143258 -1.3060371 -9.558251 2.8329391 -1.128879 0.37507126 -0.3662137 1003.72 
20150706143258 -1.6106992 -10.01315 4.2742486 -0.95569867 0.20372356 -0.4202753 1003.72 
20150706143258 -0.027533319 -10.672154 0.80684596 -1.1200215 -0.32834008 -0.33841935 1003.72 
20150706143258 1.0001777 -9.870695 -1.1504139 -0.94225967 0.017715093 -0.09468412 1003.72 
20150706143258 0.57640404 -9.316438 -1.0720038 -0.5412266 0.14294247 0.06627888 1003.72 
20150706143258 -0.18016368 -9.486425 -1.003769 -0.31764993 -0.602924 0.06352998 1003.72 
20150706143258 -1.316811 -10.398617 -1.9488802 -0.13500121 -1.0552697 0.03634648 1003.72 
20150706143258 -0.98940384 -10.9343195 -2.2679076 -0.58459806 -1.3060299 -0.023823744 1003.72 
20150706143258 -1.4718355 -11.022306 1.5011644 -1.2363913 -0.9746355 0.087659165 1003.72 
20150706143258 -2.1511903 -13.305776 1.2126632 -1.0409144 -0.8417723 0.109650314 1003.7 
20150706143258 0.46088383 -12.829928 1.0618285 -0.8790351 -1.6572775 -0.08124508 1003.7 
20150706143258 -0.027533319 -13.934853 0.78649527 -0.30024028 -1.2140946 0.40408736 1003.7 
20150706143258 -1.1007342 -13.751098 2.801216 0.6591236 -0.08552113 0.47219884 1003.7 
20150706143258 -2.8622682 -13.414712 8.07265 0.3979787 0.31703907 -0.04795292 1003.7 
20150706143258 -1.0779893 -12.187684 0.90859956 1.0870347 1.7104226 -0.15302174 1003.7 
20150706143258 2.2361844 -10.113108 -2.7910407 2.443461 1.5060883 0.1994475 1003.7 
20150706143258 1.8668787 -11.004948 -3.2136173 3.340822 1.3921618 0.72295904 1003.7 
20150706143258 -0.59615624 -15.105019 -3.3836055 2.853657 -0.19975294 0.19700404 1003.7 
20150706143258 -5.1918263 -17.526155 -6.7522473 2.4034493 -0.4098906 -0.17592919 1003.9 
20150706143258 -8.22528 -17.414227 -5.9304376 2.866485 -0.06352998 -0.41538838 1003.9 
20150706143258 -8.515577 -13.621212 4.679467 3.1267138 -0.45998153 -0.38759398 1003.9 
20150706143258 -5.080496 -9.479243 5.33069 3.0870075 -1.9889772 -0.1301143 1003.9 
20150706143258 -2.3391352 -8.161834 1.1444284 2.6499333 -3.7836993 0.056199603 1003.9 
20150706143259 2.3948002 -9.208698 1.3946224 2.7776043 -0.63499445 0.3399465 1003.9 
20150706143259 7.4549456 -9.895834 -2.8808231 2.9547553 5.0576587 0.8561276 1003.9 
20150706143259 4.5723267 -10.474632 -2.7730842 3.4581082 5.7231965 0.9682214 1003.9 
20150706143259 1.5442601 -8.511986 -2.0099323 3.3670893 5.2467217 0.10415252 1003.9 
20150706143259 -1.2138603 -5.119402 -4.8015714 2.4208589 2.2342396 -0.56107974 1003.74 
20150706143259 -3.0897174 -2.8688521 -5.781997 2.2763894 1.4437801 -0.33750305 1003.74 
20150706143259 -4.4556093 -0.98940384 -4.2898107 2.3493876 2.1633792 -0.17928895 1003.74 
20150706143259 -3.9546227 -1.1947067 -2.842516 1.9532416 1.9312505 -0.43890667 1003.74 
20150706143259 -2.3906105 -2.8496985 -1.6226702 1.1203269 1.6227635 -0.9642508 1003.74 
20150706143259 -2.1362264 -3.5655649 -1.1150994 0.15607607 1.5958854 -1.1242975 1003.74 
20150706143259 -4.1180267 -3.7672763 1.6214731 -0.5983425 1.1560625 -1.2712106 1003.74 
20150706143259 -4.751293 -6.2446766 5.8628016 -1.273654 0.57971114 -1.4618006 1003.74 
20150706143259 -6.9108634 -14.561535 16.391901 -1.8466456 0.022602014 -1.430341 1003.74 
20150706143259 -6.9108634 -19.608511 19.608511 -2.5399778 -0.25870144 -1.4504995 1003.73 
20150706143259 -1.8644845 -19.280506 9.703699 -2.2666154 -0.62125 -0.94806284 1003.73 
20150706143259 -0.9636662 -4.3783965 1.435324 1.756543 -0.267559 0.096516706 1003.73 
20150706143259 -8.860342 -2.349909 -1.5131354 2.5549438 2.4165828 0.4560109 1003.73 
20150706143259 -8.516175 -5.6120086 -6.247669 1.7498235 1.784032 -0.2770274 1003.73 
20150706143259 -5.5084596 -12.448053 -8.309675 0.064751714 0.7476991 -0.2764165 1003.73 
20150706143259 -2.6862943 -10.861296 -6.361394 -1.359786 1.5989398 -0.061086524 1003.73 
20150706143259 -1.9201498 -8.72507 1.5807717 -1.0173961 0.8533788 0.37232238 1003.73 
20150706143259 -1.4520833 -4.650737 -3.3327289 -0.014660766 -1.5048665 0.31581733 1003.73 
20150706143259 -1.4478935 -6.781576 -7.911041 -0.45020768 -2.540894 0.12461651 1003.56 
20150706143259 -2.1583729 -8.726267 -7.3789296 -1.2727377 -1.597718 -0.19181168 1003.56 
20150706143259 -1.9273324 -10.09156 -6.457162 -2.0598376 -0.6059783 -0.23609942 1003.56 
20150706143259 -1.4730326 -11.8818245 -5.100847 -2.6645942 -2.2519548 0.14813483 1003.56 
20150706143259 -0.6422446 -18.42039 -1.4676456 -3.2629366 -3.6850445 0.3717115 1003.56 
20150706143259 2.224812 -15.164873 6.153697 -3.7048976 -3.9574904 0.464563 1003.56 
20150706143259 2.1164744 -8.540117 3.6409822 -3.5036175 -3.5534031 0.30634892 1003.56 
20150706143259 1.9740193 -7.5704656 -2.5875335 -1.7757853 -2.595261 0.06169739 1003.56 
20150706143259 1.1623849 -7.417237 -3.4691982 -1.287704 -1.3808609 0.10995574 1003.56 
20150706143259 -0.12270284 -7.9421654 -1.6232687 -1.3133603 0.18570304 -0.12492194 1003.77 
20150706143259 -1.3150153 -9.184756 0.59495914 -1.4062119 0.46639562 -0.40622538 1003.77 
20150706143259 -2.4971523 -10.33936 3.6733038 -1.208597 0.14172074 -0.58062744 1003.77 
20150706143259 -1.6915035 -10.070012 2.6563668 -1.1737776 -0.6395759 -0.44898596 1003.77 
20150706143259 -0.05626374 -10.365098 -1.0348936 -1.110553 -0.8197812 -0.2098322 1003.77 
20150706143259 0.3752911 -10.101735 -1.328782 -0.63224554 -0.25320363 -0.10842858 1003.77 
20150706143259 0.142455 -10.1460285 -1.1228806 -0.43401974 -0.29901853 -0.04886922 1003.77 
20150706143259 -0.62129533 -10.744578 -1.3868413 -0.22907446 -0.84757555 0.02076942 1003.77 
20150706143259 -1.1671734 -11.027693 -2.6671407 -0.33505958 -1.319469 0.04337143 1003.77 
20150706143259 -1.2126632 -10.861296 -0.17657238 -0.88422745 -1.321607 0.09193522 1003.72 
20150706143259 -2.0057425 -12.421119 3.1196449 -1.2333369 -0.99082345 0.08093964 1003.72 
20150706143259 -0.5979519 -13.53921 1.8142064 -1.3329079 -1.4236214 -0.15118915 1003.72 
20150706143259 0.54887074 -13.886969 0.83856916 -0.691194 -1.2614367 0.16737708 1003.72 
20150706143259 -0.023343466 -13.797785 -0.9475053 0.8542951 -0.03145956 0.65301496 1003.72 
20150706143259 -2.0500352 -12.761095 8.486847 0.7825184 0.3463606 0.2565634 1003.72 
20150706143259 -0.81522566 -11.993155 1.1234791 0.5131268 1.5393804 -0.19242255 1003.72 
20150706143259 2.007538 -10.003573 0.2172738 1.5916094 1.1676689 -0.12370021 1003.72 
20150706143259 2.309806 -10.16578 -2.8299465 2.8930578 0.9129381 0.5128214 1003.72 
20150706143300 -0.74519527 -12.8927765 -4.291008 3.1025846 -0.43890667 0.106901415 1003.86 
20150706143300 -5.659294 -16.973694 -7.2083426 2.6700919 -0.6017023 -0.5204572 1003.86 
20150706143300 -8.926183 -17.68477 -6.361394 2.737287 0.73853606 -0.698219 1003.86 
20150706143300 -10.632649 -15.064317 -0.033518825 2.8808405 0.36865717 -0.61758476 1003.86 
20150706143300 -6.259042 -10.371083 8.486248 2.9135218 -1.2794572 -0.30176744 1003.86 
20150706143300 -3.6008794 -8.276156 0.50757074 2.6917777 -3.535688 -0.087659165 1003.86 
20150706143300 1.3856442 -9.099164 3.7582982 2.8231137 -1.9242256 0.18112154 1003.86 
20150706143300 8.79091 -10.157401 -2.670732 3.0405817 4.20092 0.754724 1003.86 
20150706143300 7.645883 -11.5316725 -2.7503393 3.7296379 5.8044415 0.9746355 1003.86 
20150706143300 1.8483237 -9.78989 -0.33518824 3.8197403 5.911954 0.25228736 1003.78 
20150706143300 -1.9991584 -5.34326 -3.7576995 2.3738225 2.567161 -0.72234815 1003.78 
20150706143300 -3.301604 -2.903568 -4.549582 1.9816469 0.8445212 -0.58276546 1003.78 
20150706143300 -4.197634 -0.7751228 -4.122815 2.3765712 2.0286834 -0.34422258 1003.78 
20150706143300 -4.759673 -1.5945383 -2.6360161 2.0861049 2.147802 -0.5039638 1003.78 
20150706143300 -3.09271 -3.1950622 -1.7705121 1.3652838 1.8936822 -0.8405506 1003.78 
20150706143300 -2.742558 -3.4859576 -1.4700398 0.3998113 1.8286251 -0.93218035 1003.78 
20150706143300 -2.8892028 -3.6804867 -0.24181437 -0.3231477 1.4859297 -0.97524637 1003.78 
20150706143300 -4.0372224 -4.474763 2.5037365 -0.8390234 0.8732319 -1.2250903 1003.78 
20150706143300 -4.9775453 -9.925761 7.615956 -1.3072516 0.4361578 -1.2895365 1003.86 
20150706143300 -10.809821 -19.525314 19.608511 -2.0442605 0.2275473 -1.3591752 1003.86 
20150706143300 -2.8006175 -19.608511 19.581577 -2.5644124 -0.2452624 -1.312444 1003.86 
20150706143300 0.62249243 -11.193492 4.803367 -0.46273044 -1.1010846 -0.30085114 1003.86 
20150706143300 -3.2824504 0.90261406 -0.9995792 2.7281241 0.59498274 0.45020768 1003.86 
20150706143300 -10.623672 -2.0572178 -3.7900212 2.5158484 2.8087585 0.35643986 1003.86 
20150706143300 -8.981848 -9.870096 -9.643246 1.2009611 1.6157386 -0.26847526 1003.86 
20150706143300 -4.991312 -15.276204 -9.000402 -0.79901177 0.729984 0.087964594 1003.86 
20150706143300 -2.834735 -10.641029 -1.9470845 -1.9694295 0.81031275 0.31306845 1003.86 
20150706143300 -2.066196 -8.643068 4.5765166 -0.9682214 -1.0051788 0.48624873 1003.67 
20150706143300 -0.88166475 -4.2119994 -7.854179 0.02076942 -2.6838365 0.4251622 1003.67 
20150706143300 -0.80684596 -7.433996 -8.606557 -0.7293731 -2.9605584 0.27885997 1003.67 
20150706143300 -0.81642276 -8.872313 -8.560468 -1.8793269 -0.9257663 -0.40286562 1003.67 
20150706143300 -1.1994951 -9.904813 -5.2642508 -2.531731 -1.14018 -0.30543262 1003.67 
20150706143300 -1.471237 -13.324331 -3.755904 -3.2259793 -3.0112603 0.16676621 1003.67 
20150706143300 1.3569138 -19.608511 1.91596 -3.517973 -4.1386123 0.49754974 1003.67 
20150706143300 2.9771898 -12.738949 5.3678 -3.559512 -4.119981 0.6542367 1003.67 
20150706143300 2.528277 -7.8039002 2.4492683 -2.5512786 -3.6019669 0.14660765 1003.67 
20150706143300 2.1284454 -6.6044054 -1.1510124 -1.8493946 -2.7049112 0.204029 1003.71 
20150706143300 0.60094464 -7.4345946 -3.0322564 -1.4217888 -1.1129965 0.22815818 1003.71 
20150706143300 -0.36391866 -8.087015 -0.682946 -1.0861185 0.68019843 -0.055283304 1003.71 
20150706143300 -1.5167267 -9.225458 1.869273 -0.9486737 1.0268645 -0.39828414 1003.71 
20150706143300 -1.477821 -9.179369 2.4708161 -0.93431836 0.23151793 -0.5271767 1003.71 
20150706143300 -0.110133275 -9.629479 -0.14305355 -1.0476339 -0.61666846 -0.3652974 1003.71 
20150706143300 0.37349546 -10.357915 -1.1025299 -0.79259765 -0.573297 -0.14110987 1003.71 
20150706143300 0.2100912 -10.740389 -1.2611457 -0.5564982 -0.5653558 -0.103847094 1003.71 
20150706143300 -0.22924481 -10.565612 -1.4772224 -0.29779682 -0.79076505 -0.070554934 1003.71 
20150706143300 -1.1480197 -11.0857525 -2.3870192 -0.34208453 -1.1026118 -0.038789943 1003.79 
20150706143300 -1.3108255 -11.149199 -1.1408371 -0.89461213 -1.0821478 -0.03023783 1003.79 
20150706143300 -2.9466639 -12.641984 4.19943 -1.3249667 -0.75686204 0.038179077 1003.79 
20150706143300 -1.8016368 -13.956999 1.757344 -1.3942999 -0.91751957 -0.14080444 1003.79 
20150706143300 2.3247697 -12.929288 0.27832595 -0.89888823 -0.9370673 0.013133603 1003.79 
20150706143300 1.525705 -14.401722 -1.4544775 0.82619524 0.8393288 0.84879726 1003.79 
20150706143301 -1.002572 -12.541427 6.001665 1.0274754 1.1969905 0.49418998 1003.79 
20150706143301 -2.4486697 -13.09329 3.0992942 0.31612277 1.7690657 -0.18051068 1003.79 
20150706143301 1.1988965 -10.331579 0.11971009 1.1817188 1.5509869 -0.29626966 1003.79 
20150706143301 2.4343045 -9.496002 -3.3411086 2.8127291 0.8564331 0.4297437 1003.79 
20150706143301 0.59615624 -11.821371 -3.9977183 3.1764994 -0.63591075 0.1777618 1003.79 
20150706143301 -4.7046065 -16.518795 -6.8528037 2.652377 -1.138042 -0.56688297 1003.79 
20150706143301 -10.22384 -19.603125 -7.1790137 2.73576 0.21533 -1.1456778 1003.79 
20150706143301 -12.42052 -16.968904 0.7392098 2.8643472 0.116980694 -1.2293663 1003.79 
20150706143301 -8.687361 -11.288062 8.767567 2.7104092 -1.040609 -0.62796944 1003.79 
20150706143301 -4.1946416 -7.730279 -0.46866497 2.8426614 -3.2592716 -0.2742785 1003.79 
20150706143301 -0.11492168 -7.343615 4.1862617 2.919936 -2.24157 -0.07727446 1003.79 
20150706143301 5.885546 -9.829993 1.4867992 2.9840767 3.8331795 0.46731192 1003.79 
20150706143301 9.910798 -9.415198 -4.8853683 3.6829066 6.1269784 0.91446525 1003.76 
20150706143301 3.9480386 -9.128492 -1.8231846 4.822781 6.4748664 1.0549643 1003.76 
20150706143301 -1.6645688 -6.281787 -2.866458 3.1902437 5.021618 0.06505715 1003.76 
20150706143301 -4.2479124 -2.754529 -4.1240125 1.641395 1.3732251 -0.32803464 1003.76 
20150706143301 -5.8759694 -2.4791958 -4.519056 1.6933185 1.2660183 6.1086525E-4 1003.76 
20150706143301 -4.747702 -2.4827871 -3.7523127 1.8093829 1.6099354 -0.22724187 1003.76 
20150706143301 -2.971803 -2.5528176 -1.9147629 1.3833044 1.627345 -0.72051555 1003.76 
20150706143301 -2.224812 -3.2902317 -0.5422867 0.54061574 1.8115209 -0.8127562 1003.76 
20150706143301 -1.8501194 -4.1533413 0.4902128 -0.14874569 1.1120802 -0.8680395 1003.76 
20150706143301 -2.2361844 -4.8440685 3.4973302 -0.95172805 0.14752395 -1.0714576 1003.88 
20150706143301 -5.511452 -9.118318 9.709086 -1.7189748 -0.3930918 -1.2739595 1003.88 
20150706143301 -4.7866077 -17.384298 19.608511 -2.6212227 -0.4877759 -1.4941764 1003.88 
20150706143301 -5.300164 -19.608511 19.37448 -2.8435776 -0.8219192 -0.98837996 1003.88 
20150706143301 -2.0213048 -15.5120325 4.944625 -0.63041294 -1.7009543 -0.28527406 1003.88 
20150706143301 -6.7851677 -5.269039 0.17896658 1.642922 -0.36071593 0.5329799 1003.88 
20150706143301 -11.099519 -3.311181 -1.38325 1.647809 2.6563475 0.3576616 1003.88 
20150706143301 -9.3822775 -6.5601125 -10.817602 0.88514376 2.3237314 -0.44043383 1003.88 
20150706143301 -6.133945 -12.585121 -9.241618 -0.48502702 0.9669997 -0.07941248 1003.88 
20150706143301 -1.3652935 -11.662755 -1.1629834 -1.4459181 0.9972375 0.3622431 1003.78 
20150706143301 2.070386 -10.070012 5.286996 -1.219287 -1.3313808 0.75869465 1003.78 
20150706143301 2.746748 -4.0336313 -6.4739213 -0.8573494 -2.4233024 0.6826419 1003.78 
20150706143301 -0.0077811554 -5.719149 -8.459313 -0.4016439 -2.0158553 0.32406402 1003.78 
20150706143301 -1.3269863 -8.08462 -7.9583263 -1.5244142 -1.5656476 -0.32650748 1003.78 
20150706143301 -1.9847932 -10.287885 -5.8095303 -1.7302758 -0.9615019 -0.46731192 1003.78 
20150706143301 -1.9668367 -12.488156 -3.104681 -2.3585508 -2.4404066 0.06505715 1003.78 
20150706143301 0.7140707 -18.401236 3.1142578 -2.966056 -3.5845573 0.47983465 1003.78 
20150706143301 1.2802993 -15.947179 2.9628246 -3.477045 -3.7223074 0.7901542 1003.78 
20150706143301 1.2826935 -7.5668745 0.020350715 -3.3652565 -3.6294558 0.34300083 1003.66 
20150706143301 2.421735 -6.4547677 -1.5011644 -1.8649716 -3.2168164 0.021685716 1003.66 
20150706143301 1.6160861 -7.538144 -2.5181017 -1.1249083 -1.847562 0.3136793 1003.66 
20150706143301 -0.57161564 -8.46051 -0.7751228 -0.981355 -0.15424347 0.10354166 1003.66 
20150706143301 -2.2996306 -10.166379 1.7202339 -1.1612549 0.870483 -0.5158757 1003.66 
20150706143301 -1.513734 -9.834184 1.6573862 -1.7098118 1.3151928 -0.77182823 1003.66 
20150706143301 -0.15083471 -9.669582 0.82779527 -1.3710871 0.6282749 -0.4437936 1003.66 
20150706143301 0.1933318 -10.060435 1.1174936 -0.53878313 -0.7519751 -0.20525073 1003.66 
20150706143301 0.17597382 -10.5602255 0.047285482 -0.32711834 -2.0778582 -0.15668693 1003.66 
20150706143301 0.18854338 -10.362703 -0.6027403 -0.47861293 -2.3432791 -0.11942416 1003.8 
20150706143302 -0.6488287 -10.509947 -2.315193 -0.47403142 -1.5931365 0.058337633 1003.8 
20150706143302 -1.0911574 -10.9899845 -2.7144263 -0.29443705 -0.88239485 0.16890424 1003.8 
20150706143302 -0.9624691 -10.833164 -0.62129533 -0.63438356 -0.65179324 0.19792034 1003.8 
20150706143302 -0.8714894 -12.1840925 2.1499932 -1.0497719 -0.77213365 0.1704314 1003.8 
20150706143302 0.7128736 -12.649166 2.8054059 -1.2327261 -1.0100657 0.016187929 1003.8 
20150706143302 0.56563014 -13.851654 0.31244332 -0.36957347 -0.7330383 0.3652974 1003.8 
20150706143302 -0.9391256 -13.80796 0.7757214 0.6383542 0.13622294 0.50823987 1003.8 
20150706143302 -2.368464 -14.452 6.923433 0.552833 1.46852 0.07941248 1003.8 
20150706143302 0.54408234 -12.109872 -0.25378537 0.72356987 2.1731532 -0.20280726 1003.78 
20150706143302 2.9119477 -9.391256 -1.7555484 2.303573 1.5891659 0.07941248 1003.78 
20150706143302 0.7398083 -10.373477 -4.260482 3.2400293 0.7516697 0.28924468 1003.78 
20150706143302 -4.1922474 -15.143925 -7.0108213 3.0793717 -0.9850202 -0.50243664 1003.78 
20150706143302 -10.875661 -19.20509 -6.482301 2.6902506 -0.7119634 -1.1716396 1003.78 
20150706143302 -13.723564 -18.306067 11.042657 2.4648414 -0.61911196 -1.4538593 1003.78 
20150706143302 -9.531916 -12.680291 2.0901382 2.0793853 -1.6850718 -1.0812315 1003.78 
20150706143302 -6.6744356 -8.875904 -3.9995139 2.9987376 -3.4651332 -0.35460728 1003.78 
20150706143302 -2.6623523 -7.8835077 2.7730842 3.7562103 -0.2302962 0.17104226 1003.78 
20150706143302 1.7483658 -8.995614 1.8082209 2.937651 3.091589 1.056186 1003.75 
20150706143302 7.471705 -10.314819 -2.783858 2.7437012 2.9315424 1.3142766 1003.75 
20150706143302 6.9246297 -11.513716 -1.9686323 2.7437012 3.928169 1.2925909 1003.75 
20150706143302 1.8525136 -9.407417 -0.18136078 2.460565 4.2479568 0.40866885 1003.75 
20150706143302 -1.1372458 -5.4264584 -4.176685 2.0271564 1.4428637 -0.31612277 1003.75 
20150706143302 -2.5462334 -3.8067808 -4.8638206 2.3353379 0.59681535 -0.040317107 1003.75 
20150706143302 -2.9149406 -2.1350293 -4.6244006 2.391232 1.9639318 0.024129177 1003.75 
20150706143302 -2.906561 -0.76315176 -3.4751837 1.9523253 2.014939 -0.26358834 1003.75 
20150706143302 -2.7144263 -1.6454151 -1.4143747 1.2690725 1.8808541 -0.59864795 1003.75 
20150706143302 -1.2791022 -2.5510218 -0.50996494 0.58551437 1.6942347 -0.9505063 1003.85 
20150706143302 -1.6005238 -3.9965212 1.055843 -0.26450464 1.2244794 -1.102001 1003.85 
20150706143302 -2.9694088 -6.6067996 4.064756 -0.95081174 0.8744536 -1.303281 1003.85 
20150706143302 -7.2310877 -13.556568 12.768278 -1.8729129 0.59315014 -1.6261233 1003.85 
20150706143302 -7.291541 -19.608511 19.608511 -2.5897632 0.34208453 -1.7925841 1003.85 
20150706143302 -4.656722 -19.608511 14.799159 -2.2021692 -0.39187005 -1.1835514 1003.85 
20150706143302 -2.1643584 -7.6530657 2.746748 1.0888673 -0.82436264 -0.30818152 1003.85 
20150706143302 -9.657611 -3.6607344 -0.717662 2.1878138 1.366811 0.47311515 1003.85 
20150706143302 -11.116279 -4.5220485 -7.711125 1.6865989 2.2088888 -0.16462818 1003.85 
20150706143302 -8.940548 -10.718243 -10.962451 0.20250183 1.1798862 -0.3005457 1003.94 
20150706143302 -3.7630866 -11.322779 -5.755661 -1.3121386 1.5238034 0.15515977 1003.94 
20150706143302 0.83378077 -9.658808 4.6399627 -1.3017539 -0.10903945 0.8399397 1003.94 
20150706143302 3.1130607 -5.7664347 -4.395156 -0.6765333 -2.3823745 0.9428705 1003.94 
20150706143302 1.3383588 -5.8783636 -9.136872 -0.6618725 -2.2058344 0.5946773 1003.94 
20150706143302 -0.99538934 -8.085817 -7.3897038 -1.733941 -1.2461652 -0.15485434 1003.94 
20150706143302 -0.89603 -9.892242 -6.1926026 -2.0824397 -1.1032226 -0.5879578 1003.94 
20150706143302 -1.1336545 -11.960834 -4.385579 -2.3774874 -2.713769 0.028405234 1003.94 
20150706143302 1.6585833 -19.160198 4.158728 -2.8093693 -3.9132028 0.41447207 1003.94 
20150706143302 3.4159272 -14.824298 5.66528 -3.3667839 -4.2223005 0.5748242 1003.51 
20150706143302 1.785476 -7.873931 0.2896984 -2.831055 -3.7852266 0.31031954 1003.51 
20150706143302 1.4634558 -6.743269 -2.7503393 -1.7189748 -3.4605515 -0.1881465 1003.51 
20150706143302 0.7116765 -7.8356237 -2.7730842 -1.3503176 -2.0045543 -0.15699236 1003.51 
20150706143302 -0.93613285 -8.875306 -0.15442601 -1.054048 -0.44135013 -0.2779437 1003.51 
20150706143302 -1.7842789 -9.56723 1.0791864 -0.9440922 -0.14935656 -0.5305365 1003.51 
20150706143302 -2.5851393 -9.988609 1.5891514 -1.2571607 0.15485434 -0.63255095 1003.51 
20150706143303 -1.5113398 -9.643246 1.4790181 -1.5302174 0.70157874 -0.50579643 1003.51 
20150706143303 0.030526072 -9.689334 0.11133038 -1.0140363 1.0219775 -0.20738874 1003.51 
20150706143303 0.12090719 -9.633071 -1.0456676 -0.51007247 0.10720685 -0.0061086523 1003.79 
20150706143303 -0.3681085 -9.968259 -2.12246 -0.32620203 -0.6218608 0.0711658 1003.79 
20150706143303 -0.93254155 -10.821792 -2.7694929 -0.52595496 -0.9431759 0.11301007 1003.79 
20150706143303 -0.94331545 -11.356895 -1.6657659 -0.8344419 -0.95630956 0.21380283 1003.79 
20150706143303 -1.0372878 -11.939285 4.0773253 -1.1808025 -1.287704 0.26511553 1003.79 
20150706143303 -0.9696517 -13.019669 2.8652608 -1.4825699 -1.9398025 0.16646078 1003.79 
20150706143303 1.6400281 -12.574945 -1.364695 -1.3271047 -2.046704 0.044898596 1003.79 
20150706143303 2.6192567 -13.255498 -0.39624038 0.31856623 -0.38698313 0.5723807 1003.79 
20150706143303 0.98700964 -14.174871 0.093972415 1.2983941 0.43676865 0.77304995 1003.79 
20150706143303 -2.6683378 -13.135788 9.082404 0.24495697 -0.013439035 -0.03970624 1003.78 
20150706143303 -2.2756886 -12.002133 1.1629834 0.07238753 1.2864822 -0.47800204 1003.78 
20150706143303 0.44113165 -9.516952 -0.16160862 2.0015 1.2675453 -0.34483343 1003.78 
20150706143303 2.3600843 -9.57142 -3.354875 3.2021556 0.890947 0.3643811 1003.78 
20150706143303 -0.41718966 -14.386758 -3.970185 3.19116 -0.7984009 0.03390302 1003.78 
20150706143303 -6.475717 -18.53531 -7.1353197 2.7406468 -1.1389582 -0.6899723 1003.78 
20150706143303 -10.551846 -18.833988 -4.530428 2.7797422 -0.364992 -1.0323622 1003.78 
20150706143303 -10.969035 -15.40609 10.277709 2.8166997 -0.42332962 -0.9092729 1003.78 
20150706143303 -6.9970546 -9.990405 0.6410475 2.6355782 -2.0769417 -0.3912592 1003.78 
20150706143303 -3.654749 -7.6111674 -0.39264908 3.0143147 -3.0842586 -0.09285152 1003.7 
20150706143303 -0.3854665 -8.456919 3.4219127 3.066849 1.6655241 0.54092115 1003.7 
20150706143303 4.0240545 -9.986216 -0.35553896 2.9287934 4.540561 1.0503827 1003.7 
20150706143303 8.521563 -10.4405155 -3.4596214 3.3692272 4.457789 1.3548992 1003.7 
20150706143303 4.059369 -9.715072 -1.4838065 3.1881058 4.9015827 1.0461067 1003.7 
20150706143303 -0.40462008 -6.123171 -2.9981391 2.2855523 3.6456437 -0.108123146 1003.7 
20150706143303 -2.2242134 -3.911527 -5.0787005 2.0882428 1.5280794 -0.3173445 1003.7 
20150706143303 -3.4799721 -2.617461 -4.833295 2.2785273 1.527774 -0.09132435 1003.7 
20150706143303 -3.5769374 -0.98102415 -3.8708255 1.9886718 1.8765781 -0.2501493 1003.7 
20150706143303 -3.304597 -2.180519 -2.2290018 1.4474452 1.7956384 -0.6010914 1003.75 
20150706143303 -2.4432828 -2.9652188 -0.9672575 0.66523224 1.7024814 -0.99387777 1003.75 
20150706143303 -2.4911668 -3.1920695 -0.15023616 0.02443461 1.2137892 -1.103528 1003.75 
20150706143303 -2.9346926 -4.3939586 1.5765818 -0.7504479 0.50885075 -1.2043208 1003.75 
20150706143303 -4.474763 -8.842984 5.41748 -1.6432275 0.09743301 -1.4330899 1003.75 
20150706143303 -6.805518 -18.839973 18.555063 -2.6096163 -0.07971791 -1.6575829 1003.75 
20150706143303 -8.703522 -19.608511 19.608511 -3.1471777 -0.27855456 -1.6423112 1003.75 
20150706143303 -1.7962499 -16.090233 7.764396 -2.0433443 -1.1856894 -1.0516045 1003.75 
20150706143303 -4.7907977 -0.61890113 0.4381389 2.2617285 -0.6020077 0.21563543 1003.75 
20150706143303 -9.685743 1.1803415 -6.9120603 2.5497515 1.8719965 0.31673363 1003.73 
20150706143303 -9.594764 -6.2075663 -15.589845 1.2657127 2.2779164 -0.6383542 1003.73 
20150706143303 -7.3789296 -15.051747 -10.602722 -0.9810496 1.5919148 -0.2003638 1003.73 
20150706143303 -2.9191303 -12.421717 -4.0054994 -1.8808541 1.1285735 0.6786713 1003.73 
20150706143303 4.80636 -10.254965 9.062652 -1.1670581 -2.3417518 1.0937542 1003.73 
20150706143303 3.9636009 -4.4322658 -10.191518 -0.77854776 -3.163671 0.8881981 1003.73 
20150706143303 -0.11133038 -7.2430587 -8.930971 -1.3677273 -2.069917 0.3594942 1003.73 
20150706143303 -2.0931308 -10.10413 -7.1490865 -2.0977113 -0.6963864 -0.56688297 1003.73 
20150706143303 -2.1787236 -10.806828 -4.7459064 -1.954158 -1.67316 -0.43249258 1003.73 
20150706143303 -1.2563573 -14.119206 -2.0829554 -2.3671029 -3.5005634 0.10598512 1004.03 
20150706143303 2.5360582 -16.190788 4.449624 -2.9013045 -3.9480221 0.5384777 1004.03 
20150706143303 3.2160115 -9.657611 4.4035354 -2.9477303 -3.669162 0.44104472 1004.03 
20150706143304 2.712032 -6.8653736 0.015562311 -2.2589796 -2.9290988 0.02687807 1004.03 
20150706143304 1.857302 -8.090008 -1.9405005 -1.7140878 -1.7037032 -0.04337143 1004.03 
20150706143304 -0.49081135 -9.745 0.4417302 -0.9795224 -0.752586 -0.1994475 1004.03 
20150706143304 -1.6687586 -10.331579 3.5404258 -1.0152581 -0.35613444 -0.52534413 1004.03 
20150706143304 -0.8858546 -10.491392 2.0141222 -1.3322971 -0.15974127 -0.5714644 1004.03 
20150706143304 0.48362875 -10.126875 0.3752911 -0.8765916 -0.15271631 -0.32620203 1004.03 
20150706143304 1.0384849 -9.469068 0.11611878 -0.3662137 -0.52320606 -0.10720685 1003.68 
20150706143304 0.6464345 -8.991425 -0.6464345 -0.050396383 -1.255328 -0.1414153 1003.68 
20150706143304 0.28072014 -7.7183075 -1.6998832 -0.25870144 -1.4718798 -0.25686884 1003.68 
20150706143304 -0.5734113 -7.5950065 -2.6198552 -0.5543602 -1.0415252 -0.13500121 1003.68 
20150706143304 -2.3517046 -9.466674 -3.5529952 -0.52626044 -0.57696223 0.08857546 1003.68 
20150706143304 -4.320337 -12.404958 -3.7008374 -0.64996064 -0.90041536 0.16035213 1003.68 
20150706143304 -3.5996823 -13.321339 6.3272767 -1.3949108 -1.4453071 0.21960606 1003.68 
20150706143304 -0.9983821 -13.636176 2.6384103 -2.1056526 -1.7278323 0.23243423 1003.68 
20150706143304 1.8848352 -14.53879 2.7527335 -1.3979651 -2.0088303 0.3652974 1003.68 
20150706143304 4.159327 -17.315466 -2.9652188 1.0274754 0.8940013 1.0852021 1003.78 
20150706143304 1.804031 -14.529213 5.6138043 1.7779233 2.031127 1.0555751 1003.78 
20150706143304 -2.6276364 -13.054385 1.0169371 0.30268374 4.209472 0.20158553 1003.78 
20150706143304 -1.1432313 -10.067019 1.3880384 0.76052725 5.1902165 -0.44806966 1003.78 
20150706143304 0.943914 -8.186374 0.24779987 2.7852402 3.0992248 0.11942416 1003.78 
20150706143304 1.1162965 -9.7803135 -2.8209682 2.903137 -1.815186 0.1337795 1003.78 
20150706143304 -4.39755 -15.474923 -5.4378304 2.837469 -3.393662 -0.50518554 1003.78 
20150706143304 -10.518327 -19.356522 -5.3636103 2.6364944 -1.9709567 -1.105666 1003.78 
20150706143304 -11.360487 -17.044321 1.4879963 2.5998425 -1.1343768 -1.5173893 1003.78 
20150706143304 -8.545505 -12.273875 6.2123547 2.4538457 -1.426065 -0.7840455 1003.6 
20150706143304 -4.120421 -7.7889366 -2.4438813 2.7366762 -2.3991733 -0.19486602 1003.6 
20150706143304 -0.40102878 -7.961918 4.6645036 3.0656273 -0.58246 0.32711834 1003.6 
20150706143304 3.5966895 -10.664372 2.4361002 2.5259278 2.9703321 0.75625116 1003.6 
20150706143304 8.141483 -11.558009 -3.9905357 3.3829718 5.200601 1.1902709 1003.6 
20150706143304 3.9839516 -10.590752 -1.5897499 4.388456 5.8676662 1.284955 1003.6 
20150706143304 0.6087258 -8.268375 -1.198298 3.270267 4.5054364 0.2574797 1003.6 
20150706143304 -1.2216414 -4.860828 -4.3502645 2.2024746 1.3603969 -0.30665436 1003.6 
20150706143304 -2.540248 -3.369839 -5.703587 2.0176878 1.2241739 -0.1469131 1003.6 
20150706143304 -4.244321 -1.7172412 -4.0533834 2.2898283 2.269059 -0.058948494 1003.83 
20150706143304 -3.9384618 -1.1558008 -3.0388405 1.8390098 2.3469443 -0.5702427 1003.83 
20150706143304 -3.276465 -1.9788077 -1.4089876 1.0781772 1.602605 -0.883922 1003.83 
20150706143304 -2.191293 -2.7114334 -0.38965634 0.46578476 1.318858 -1.0088439 1003.83 
20150706143304 -1.9261353 -2.9125464 0.20949265 -0.31703907 0.8249735 -1.0720685 1003.83 
20150706143304 -2.5983074 -3.9258924 2.2266076 -1.1578951 0.21105394 -1.280679 1003.83 
20150706143304 -4.450821 -9.89344 7.0712748 -2.0674734 -0.14172074 -1.5109752 1003.83 
20150706143304 -4.771644 -19.601929 19.608511 -2.912911 -0.321926 -1.7238617 1003.83 
20150706143304 -5.880758 -19.608511 19.100342 -3.196047 -0.63316184 -1.4413365 1003.83 
20150706143304 -3.4674027 -14.236522 6.0268044 -0.59498274 -1.0687088 -0.7901542 1003.69 
20150706143304 -9.169194 -1.7058687 -0.3417723 2.679255 -0.41447207 1.0442741 1003.69 
20150706143304 -11.92492 0.09995792 -10.153211 2.2030854 2.2256875 0.03481932 1003.69 
20150706143304 -9.890448 -9.660604 -15.228918 0.37843102 1.9101756 -0.7495316 1003.69 
20150706143304 -3.2321723 -12.605472 -8.124723 -1.0091494 2.4327707 0.013133603 1003.69 
20150706143304 2.1470003 -9.045893 4.345476 -1.366811 1.1426234 0.8573494 1003.69 
20150706143304 4.235343 -5.3223104 -3.2908301 -0.68936145 -2.5876253 1.1044444 1003.69 
20150706143304 2.31639 -5.469554 -9.904214 -0.75655663 -2.6502388 0.7244862 1003.69 
20150706143305 -0.5009867 -9.140464 -8.234857 -1.9147571 -1.2235631 0.14630222 1003.69 
20150706143305 -1.3305776 -11.52868 -7.029975 -2.0891593 -0.84299403 -0.4025602 1003.51 
20150706143305 -1.8710686 -12.29662 -4.8722005 -2.3649647 -2.5195136 -0.09865474 1003.51 
20150706143305 -0.6775591 -16.892889 -0.41718966 -3.1471777 -4.127922 0.27580565 1003.51 
20150706143305 3.2261868 -14.683041 10.001179 -3.563788 -4.131587 0.36957347 1003.51 
20150706143305 2.8221653 -8.879496 3.5314474 -2.9636128 -3.9510765 0.1337795 1003.51 
20150706143305 2.255338 -6.8025255 -2.1930888 -1.8716911 -3.2238414 -0.04062254 1003.51 
20150706143305 1.0594343 -7.868544 -3.1292217 -1.3347405 -2.42147 -0.12614368 1003.51 
20150706143305 -0.2184709 -9.175778 -1.7657237 -0.999681 -0.58551437 -0.34300083 1003.51 
20150706143305 -1.7459716 -10.424355 2.5911248 -0.8588765 0.029626964 -0.48808134 1003.51 
20150706143305 -2.504335 -10.71525 4.9374423 -1.178359 -0.08277224 -0.5342017 1003.73 
20150706143305 -0.016759412 -10.532093 0.88405895 -1.4703526 -0.19761491 -0.47158796 1003.73 
20150706143305 0.95947635 -9.787497 -0.109534726 -0.7825184 -0.023518313 -0.16249016 1003.73 
20150706143305 0.97025025 -8.956709 -0.5363012 -0.13897185 -0.5900958 -0.06963864 1003.73 
20150706143305 0.33039984 -8.541314 -1.5520413 -0.008246681 -1.3277156 -0.10323623 1003.73 
20150706143305 -0.29508537 -8.535329 -2.8221653 -0.124005646 -1.2834278 -0.105374254 1003.73 
20150706143305 -1.8070238 -9.653421 -4.5298295 -0.31642818 -0.9737192 -0.011301007 1003.73 
20150706143305 -2.421735 -10.602722 -3.1992521 -0.6927212 -0.9673051 0.05681047 1003.73 
20150706143305 -2.1637597 -12.618041 5.9627595 -1.4236214 -1.457219 0.10873401 1003.73 
20150706143305 -1.9195513 -12.217012 4.0013094 -2.166739 -2.4092526 0.01160644 1003.75 
20150706143305 0.06703765 -13.156138 0.15382746 -1.4453071 -2.8023443 0.03848451 1003.75 
20150706143305 2.529474 -14.57171 -0.35434186 0.1160644 -0.0729984 0.61453044 1003.75 
20150706143305 3.6715083 -17.20234 -3.6206315 1.6710218 1.5790867 1.2571607 1003.75 
20150706143305 1.0271125 -14.440627 5.5084596 1.3225232 1.6545285 0.84604836 1003.75 
20150706143305 -3.9217024 -13.822325 5.329493 0.32834008 3.3124168 -0.16157386 1003.75 
20150706143305 -0.36990416 -10.128072 -1.1875241 1.1591167 3.291342 -0.57543504 1003.75 
20150706143305 1.3323733 -7.955932 -3.4021606 2.9938505 2.3835962 0.10140363 1003.75 
20150706143305 -1.2838906 -10.915764 -4.413711 3.4385605 0.5296202 0.20341812 1003.75 
20150706143305 -6.1303535 -15.210962 -5.4683566 2.7424796 -1.5332718 -0.43096542 1003.87 
20150706143305 -10.064626 -17.347788 -2.2613235 2.361605 -1.2195925 -0.8872818 1003.87 
20150706143305 -8.471284 -14.435839 9.143456 2.3270912 -1.4672983 -0.84757555 1003.87 
20150706143305 -6.385336 -9.932345 -3.198055 2.4174993 -2.7959301 -0.3381139 1003.87 
20150706143305 -1.8477252 -7.225102 1.8321629 3.16642 -2.8414397 0.14721853 1003.87 
20150706143305 1.5640123 -9.524733 4.446631 2.7327056 1.4205672 0.8542951 1003.87 
20150706143305 7.781754 -11.69807 -0.79487497 2.973692 4.096157 1.2507466 1003.87 
20150706143305 6.519411 -11.7268 -2.870648 4.183816 4.89242 1.2974777 1003.87 
20150706143305 1.9512744 -9.944916 -0.4297592 4.21497 5.3130007 0.6423248 1003.87 
20150706143305 -1.0821792 -6.9731126 -3.052607 2.6358836 3.3417382 -0.39400807 1003.71 
20150706143305 -2.718616 -4.9775453 -5.0960584 1.8350391 1.1087204 -0.48441613 1003.71 
20150706143305 -4.623802 -2.846706 -3.815759 2.1423044 1.919644 -0.26267207 1003.71 
20150706143305 -4.285621 -1.851915 -2.7629087 2.0042489 2.3066273 -0.5381723 1003.71 
20150706143305 -3.5924997 -2.2200236 -1.6932992 1.4975362 1.6475036 -0.8002335 1003.71 
20150706143305 -2.6408045 -2.9843724 -0.9864111 0.6017023 1.5170839 -1.0326678 1003.71 
20150706143305 -2.3906105 -3.3446999 -0.21906945 -0.17501289 1.1102476 -1.0946705 1003.71 
20150706143305 -3.1118636 -3.4871547 1.163582 -0.8732319 0.47952923 -1.2770138 1003.71 
20150706143305 -2.9753942 -5.593454 4.2185836 -1.4975362 0.053450707 -1.349096 1003.71 
20150706143305 -4.6273932 -13.919291 11.898584 -1.9654589 -0.0076358155 -1.3417655 1003.84 
20150706143305 -7.961918 -19.608511 19.608511 -2.473088 -0.043982297 -1.4740179 1003.84 
20150706143305 -4.264672 -19.608511 13.838486 -2.252871 -0.29993483 -1.1847731 1003.84 
20150706143306 -4.2904096 -7.2089415 2.7910407 1.593442 -0.49357912 0.09682214 1003.84 
20150706143306 -10.134057 -2.606687 -2.1529858 2.1691825 1.4236214 0.7788532 1003.84 
20150706143306 -11.237784 -5.185841 -12.290634 1.5909985 2.2424862 -0.082161374 1003.84 
20150706143306 -8.782531 -13.433268 -11.37186 0.04642576 1.2305881 -0.28802297 1003.84 
20150706143306 -1.9123687 -10.860099 -5.6030307 -1.2834278 1.7269161 0.34605515 1003.84 
20150706143306 4.4963107 -6.789956 4.630985 -0.87109387 -0.6783658 1.0277808 1003.84 
20150706143306 3.691859 -4.2179847 -8.497621 -0.25595254 -2.7192667 0.9416488 1003.65 
20150706143306 0.25617957 -7.4004774 -9.032724 -0.84421575 -1.6982054 0.6010914 1003.65 
20150706143306 -1.0043676 -10.603919 -7.873931 -1.887879 -0.36743546 -0.23701571 1003.65 
20150706143306 -1.4460979 -12.607866 -6.2512608 -2.0677788 -1.0558805 -0.33628133 1003.65 
20150706143306 -0.8822633 -15.790957 -2.409764 -2.7418687 -3.6758816 0.10415252 1003.65 
20150706143306 3.0897174 -16.8881 8.098388 -3.6361754 -4.660902 0.1563815 1003.65 
20150706143306 2.3301568 -9.668385 3.5350387 -3.8114936 -4.2168026 0.027488936 1003.65 
20150706143306 1.5400703 -6.6546836 -0.6757634 -2.324953 -3.7189476 -0.27977628 1003.65 
20150706143306 1.0115502 -7.3807254 -2.331354 -1.2684617 -3.5530977 -0.1853976 1003.65 
20150706143306 -0.2813187 -8.487445 -2.5582044 -1.0134255 -2.0124955 -0.15760323 1003.74 
20150706143306 -1.2300211 -9.52174 0.27712885 -0.96944314 -0.3286455 -0.3631594 1003.74 
20150706143306 -1.7681179 -10.282497 3.151368 -1.278541 0.25870144 -0.44348818 1003.74 
20150706143306 -1.1779473 -10.205883 2.7820623 -1.5916094 0.43279803 -0.41722095 1003.74 
20150706143306 0.6075287 -10.166978 1.1599907 -1.131017 0.26419923 -0.28191432 1003.74 
20150706143306 1.2779051 -9.599552 0.8146271 -0.3943135 -0.2770274 -0.00580322 1003.74 
20150706143306 1.033098 -8.719683 -0.48482585 -0.25595254 -1.0177015 0.02687807 1003.74 
20150706143306 0.27593175 -8.514978 -2.2080526 -0.31429017 -1.0818423 -0.032070424 1003.74 
20150706143306 -0.5979519 -9.271546 -3.0759506 -0.3145956 -0.6469063 0.040011674 1003.74 
20150706143306 -1.7064673 -10.579977 -3.5883098 -0.46120325 -0.36193767 0.1826487 1003.71 
20150706143306 -1.9087774 -12.001534 0.9804256 -1.0445796 -0.77824235 0.17623462 1003.71 
20150706143306 -3.4314895 -12.786833 8.177995 -1.6982054 -1.3481796 0.12950343 1003.71 
20150706143306 -1.1312603 -13.575124 -0.39264908 -1.67316 -1.9990565 -0.14202617 1003.71 
20150706143306 2.4019828 -14.581885 -0.48961425 -0.35308012 -1.5656476 0.14630222 1003.71 
20150706143306 5.5018754 -16.929998 -0.27832595 1.3521502 1.4834863 1.1563679 1003.71 
20150706143306 4.38917 -16.711529 2.44448 1.6789632 1.0763446 1.0015136 1003.71 
20150706143306 -1.7585411 -14.346057 6.9102645 0.8222246 1.4001031 0.10048734 1003.71 
20150706143306 -1.240795 -10.523115 -0.9816227 1.1239921 2.5109615 -0.5122105 1003.71 
20150706143306 0.55485624 -7.4016747 -4.4005427 3.076012 2.2510383 -0.20586158 1003.8 
20150706143306 -1.4520833 -9.111733 -5.0116625 3.4941492 0.7501425 0.05955936 1003.8 
20150706143306 -6.353613 -14.800356 -5.1062336 2.7711902 -0.6640105 -0.419359 1003.8 
20150706143306 -12.61445 -19.49 1.9578584 2.3506095 -0.86132 -0.9138544 1003.8 
20150706143306 -9.877279 -15.138537 5.2852 2.286163 -1.704314 -1.1218541 1003.8 
20150706143306 -7.1006036 -10.250176 -4.0414124 2.8307495 -2.6456573 -0.3222314 1003.8 
20150706143306 -1.5711949 -7.2783732 1.0253168 3.8136318 -1.6786577 0.3680463 1003.8 
20150706143306 2.3307555 -9.6767645 6.057929 2.9513955 1.9758437 1.0311406 1003.8 
20150706143306 7.9475527 -11.684901 -2.6737247 2.7388144 3.359148 1.185384 1003.8 
20150706143306 7.526173 -10.701483 -1.6543933 3.8496728 5.442504 1.1927143 1003.74 
20150706143306 2.167351 -9.365519 -0.54288524 4.071417 6.110485 0.591623 1003.74 
20150706143306 -0.59136784 -6.0764837 -3.3518825 2.3380868 2.3667974 -0.43493605 1003.74 
20150706143306 -1.9686323 -4.1132383 -4.817134 1.8338175 0.93279123 -0.5748242 1003.74 
20150706143306 -4.047398 -3.2854433 -4.5860934 2.1768184 2.0363193 -0.441961 1003.74 
20150706143306 -4.518457 -0.7811083 -4.0683475 1.9453003 2.264783 -0.6637051 1003.74 
20150706143306 -4.9583917 -1.388637 -2.0386627 1.2757921 2.0259347 -0.9636399 1003.74 
20150706143306 -3.6284127 -2.8209682 -1.6992847 0.43493605 1.8564194 -1.2092078 1003.74 
20150706143307 -3.3237505 -3.5260606 -1.4425066 -0.41508293 1.0467176 -1.1548407 1003.74 
20150706143307 -3.0986955 -3.5751417 0.30825347 -1.1633929 0.2846632 -1.2379184 1003.87 
20150706143307 -2.8006175 -6.491279 3.4793737 -1.7067575 -0.33964106 -1.2999213 1003.87 
20150706143307 -4.8320975 -15.837645 10.001778 -2.4776695 -0.6261369 -1.4749341 1003.87 
20150706143307 -7.9194207 -19.608511 19.608511 -3.1080823 -0.72509706 -1.7137824 1003.87 
20150706143307 -4.670489 -19.608511 15.66586 -2.8179214 -0.677755 -1.1337659 1003.87 
20150706143307 -3.3608606 -11.51611 4.2036195 1.3170254 -0.9673051 0.4352415 1003.87 
20150706143307 -6.9850836 -4.944625 -7.724293 2.5097399 1.3738359 1.0375546 1003.87 
20150706143307 -12.744934 -9.342773 -11.8261595 1.6453656 2.1368067 -0.22571471 1003.87 
20150706143307 -5.2929816 -8.787917 -9.560646 -0.84238315 1.065349 -0.6395759 1003.87 
20150706143307 -0.5009867 -3.2902317 -7.169437 -1.0454959 0.88056225 0.1459968 1003.9 
20150706143307 0.57879823 -1.5568297 -7.1263413 -0.49021935 -1.2064588 0.54825157 1003.9 
20150706143307 0.9032126 -2.8149827 -6.8330517 -0.6178902 -1.9617938 0.3662137 1003.9 
20150706143307 -0.20470424 -6.427833 -7.5507135 -1.3377949 -1.8955148 0.032070424 1003.9 
20150706143307 -0.79487497 -10.891224 -7.4711065 -2.5735753 -1.536326 0.0729984 1003.9 
20150706143307 0.7823054 -17.753006 -3.5326445 -3.368311 -1.1349876 0.44165558 1003.9 
20150706143307 3.70802 -19.608511 2.5354595 -3.9162571 -2.5350907 0.8454375 1003.9 
20150706143307 4.185065 -11.607688 4.594473 -3.9800925 -5.6370645 0.75319684 1003.9 
20150706143307 4.131195 -7.6506715 3.681085 -2.590374 -6.8331385 0.26328292 1003.9 
20150706143307 3.2453403 -7.9074497 1.0217255 -1.5745052 -5.652947 0.269697 1003.67 
20150706143307 0.09995792 -9.320028 1.6286557 -0.88606006 -3.2919528 -0.047036625 1003.67 
20150706143307 -2.6461914 -10.4249525 2.9251158 -0.73792523 -0.25534168 -0.655153 1003.67 
20150706143307 0.670975 -10.257359 0.4357447 -1.1377366 1.6878207 -0.68936145 1003.67 
20150706143307 1.09834 -10.392631 -0.7062895 -0.5174029 2.0448713 -0.18173242 1003.67 
20150706143307 0.96665895 -9.39365 -0.93972415 -0.0106901415 -0.4654793 -0.25717425 1003.67 
20150706143307 0.92895025 -8.585608 -0.9672575 0.25534168 -2.2354615 -0.20952678 1003.67 
20150706143307 0.6404489 -8.133103 -1.590947 0.3417791 -2.042428 -0.23915374 1003.67 
20150706143307 0.12988544 -7.751827 -2.7461493 0.12522738 -1.5219707 -0.36682457 1003.67 
20150706143307 -2.0871453 -8.619126 -3.9600096 -0.30024028 -1.0742066 -0.3998113 1003.73 
20150706143307 -4.72376 -10.336966 -4.9655743 -0.5891795 -0.766025 -0.32620203 1003.73 
20150706143307 -3.4638114 -10.188525 -0.54288524 -1.1475104 -1.237613 0.11484267 1003.73 
20150706143307 -4.3478703 -13.427281 6.736685 -1.9098701 -1.858252 0.7150178 1003.73 
20150706143307 -1.3844471 -12.476185 5.1846437 -2.076331 -2.221717 0.30848694 1003.73 
20150706143307 0.6464345 -13.576321 0.65541273 -1.4401149 -1.3591752 0.47708577 1003.73 
20150706143307 3.7044287 -14.223952 0.22984336 0.2593123 2.5176811 1.0231993 1003.73 
20150706143307 6.685808 -15.614385 1.3862427 1.3243558 5.010011 1.534188 1003.73 
20150706143307 0.56922144 -16.108788 2.3732524 1.0858129 5.3059754 1.0522153 1003.73 
20150706143307 -0.9127894 -12.566566 -1.5029601 0.6954701 5.6080484 0.12186762 1003.73 
20150706143307 -1.6095021 -8.684967 2.1972785 2.162463 4.6718974 -0.21991149 1003.73 
20150706143307 -1.2192472 -8.148665 -1.0103531 2.6218336 -0.4437936 -0.30115658 1003.73 
20150706143307 -2.2349873 -10.491392 -4.4322658 2.7476718 -3.6725218 -0.30573806 1003.73 
20150706143307 -8.085219 -16.614563 -3.881001 2.6187794 -3.0650163 -0.6203337 1003.73 
20150706143307 -11.395203 -18.763958 0.58657944 2.497828 -1.8799378 -1.1594223 1003.73 
20150706143307 -9.284116 -14.49749 1.7651252 2.5802948 -2.042428 -1.0580186 1003.73 
20150706143307 -5.7215433 -9.977237 -2.9101522 3.0262265 -2.3350325 -0.13408493 1003.73 
20150706143307 -1.6944963 -8.758589 3.7672763 3.2085698 -0.7684685 0.4810564 1003.73 
20150706143307 1.8992004 -11.164762 4.585495 2.4104743 1.8099937 0.9083566 1003.68 
20150706143307 7.0425444 -12.364256 -3.4919431 2.8661797 4.070195 1.0983357 1003.68 
20150706143307 7.713519 -10.213664 -2.8281507 4.4293838 5.6538634 1.3322971 1003.68 
20150706143307 2.1871033 -9.247005 -0.010175358 4.1267004 5.9510493 0.7296785 1003.68 
20150706143308 -1.3958195 -6.0244102 -3.165733 2.0583105 1.7999145 -0.45356745 1003.68 
20150706143308 -2.706645 -3.5847185 -5.5365915 1.7373008 0.7812967 -0.66339964 1003.68 
20150706143308 -3.3357215 -2.0338743 -4.2161894 2.0366247 2.3671029 -0.44348818 1003.68 
20150706143308 -3.7283707 -0.97144735 -3.0137014 1.8417587 2.6584857 -0.60231316 1003.68 
20150706143308 -3.127426 -2.19249 -1.5741876 1.0641272 1.9373591 -0.9294315 1003.68 
20150706143308 -2.195483 -3.2740707 -1.1887212 0.18967366 1.6111571 -1.133155 1003.77 
20150706143308 -2.6767175 -3.5182793 -1.0336965 -0.5815437 1.1658363 -1.2394456 1003.77 
20150706143308 -3.7247794 -4.2401314 0.6973112 -1.0158689 0.7593055 -1.3707817 1003.77 
20150706143308 -3.940856 -9.077017 3.2154129 -1.5561792 0.42149702 -1.378112 1003.77 
20150706143308 -6.63134 -19.215263 18.315044 -2.2479842 -0.0027488936 -1.4309518 1003.77 
20150706143308 -6.9707184 -19.608511 19.608511 -2.9449813 -0.27580565 -1.5176947 1003.77 
20150706143308 -1.484405 -14.507666 3.120842 -0.34513888 -1.3182472 -0.67073005 1003.77 
20150706143308 -4.531027 -2.1865046 -2.2266076 2.9553661 -0.7125743 0.54825157 1003.77 
20150706143308 -10.1699705 -1.4024036 -5.852626 2.4975226 2.8921416 0.38912117 1003.77 
20150706143308 -10.286089 -10.133459 -11.009736 0.5497787 2.4049764 -0.5671884 1003.96 
20150706143308 -5.6006365 -14.969148 -7.0545154 -1.14018 1.3692545 -0.118202426 1003.96 
20150706143308 -0.5201403 -9.825804 2.0907366 -1.3026701 0.73731434 0.675617 1003.96 
20150706143308 3.3889925 -6.041768 -1.0007763 -0.4978552 -1.561677 0.87872964 1003.96 
20150706143308 2.098518 -4.4059296 -9.949105 0.16340645 -1.9034561 0.6395759 1003.96 
20150706143308 -1.1420342 -7.7907324 -9.0794115 -1.1142182 -1.0586295 0.17104226 1003.96 
20150706143308 -1.809418 -10.682329 -7.666234 -1.5506815 0.0852157 -0.5919284 1003.96 
20150706143308 -1.5263035 -12.39957 -6.0609217 -2.031127 -2.033876 -0.23243423 1003.96 
20150706143308 -0.18495208 -16.922218 -0.3309984 -2.6786442 -3.846313 0.04917465 1003.96 
20150706143308 3.2866404 -15.481506 8.874707 -3.3518176 -3.972762 -0.09712757 1003.58 
20150706143308 2.142212 -8.861539 1.2276269 -3.3869424 -3.948633 -0.34055737 1003.58 
20150706143308 1.043872 -8.253412 -0.75956047 -1.9883664 -3.3557882 -0.39370266 1003.58 
20150706143308 0.11731588 -8.348581 -1.6244658 -1.602605 -2.9648345 -0.39553526 1003.58 
20150706143308 -0.090979666 -8.12233 0.074220255 -1.3891076 -2.577546 -0.40042216 1003.58 
20150706143308 -0.5386954 -9.552266 1.5520413 -0.82436264 -2.1502457 -0.28588495 1003.58 
20150706143308 -0.7613561 -10.490793 1.6561891 -0.89369583 -1.5439619 -0.25259277 1003.58 
20150706143308 -0.4177882 -10.432136 1.5149311 -1.104139 0.07666359 -0.27091873 1003.58 
20150706143308 0.07182605 -10.08737 0.21068975 -0.8136725 1.5427402 -0.12308934 1003.58 
20150706143308 0.5057751 -9.637859 -0.9044097 -0.44776422 1.46852 -0.038789943 1003.78 
20150706143308 0.1436521 -8.900445 -1.2294226 -0.2843578 0.7312057 -0.12522738 1003.78 
20150706143308 -0.31423897 -8.469488 -1.9620483 -0.3387248 -0.20861048 -0.1572978 1003.78 
20150706143308 -1.2126632 -9.175778 -2.3145945 -0.31856623 -0.73853606 0.011301007 1003.78 
20150706143308 -1.6825253 -10.70687 -1.3700819 -0.5739079 -1.105666 0.027183503 1003.78 
20150706143308 -0.90740246 -12.110471 1.0007763 -1.0781772 -1.4850134 0.036651913 1003.78 
20150706143308 -0.78649527 -11.316195 4.0557775 -1.5989398 -1.5803084 0.23365596 1003.78 
20150706143308 -0.55485624 -12.955624 -0.08738836 -0.92087936 -1.4181237 0.267559 1003.78 
20150706143308 1.1881226 -12.173319 -1.8339585 0.07391469 -0.98929626 0.39064834 1003.78 
20150706143308 1.039682 -14.120403 -1.2150574 1.061073 0.59437186 0.66920286 1003.82 
20150706143308 -0.89303726 -13.434464 5.2103815 1.0797043 0.70616025 0.35155296 1003.82 
20150706143308 -4.020463 -12.6539545 7.3100963 0.023518313 0.86406887 -0.33078352 1003.82 
20150706143308 -1.75076 -11.113286 -0.86729956 0.8686504 2.0564778 -0.45998153 1003.82 
20150706143308 0.07182605 -8.654441 -2.0081367 2.9361238 2.2094996 0.24129178 1003.82 
20150706143308 0.18195933 -9.105747 -4.6710877 2.9290988 0.9434814 0.49021935 1003.82 
20150706143308 -1.8800468 -12.287642 -5.094861 2.6099217 -0.5131268 0.35643986 1003.82 
20150706143308 -5.8041434 -16.383522 -3.3482912 2.0320432 -0.8368854 0.021685716 1003.82 
20150706143308 -10.300454 -19.104532 5.3384714 1.9566014 -1.4202617 -0.55680364 1003.82 
20150706143309 -6.6534867 -12.570157 -1.4443022 2.6215281 -2.6627617 -0.4886922 1003.61 
20150706143309 -3.1310172 -8.699332 -1.2330139 3.3625078 -3.1905491 0.51923543 1003.61 
20150706143309 -0.6440403 -9.675568 2.5306711 2.6163359 -0.099571034 0.71776664 1003.61 
20150706143309 2.143409 -10.672154 0.93254155 1.9312505 2.1594086 0.9257663 1003.61 
20150706143309 4.666898 -11.146805 -2.3505075 2.798679 3.6123517 1.1450669 1003.61 
20150706143309 3.2662897 -9.743802 -1.8884265 3.4327571 4.4000626 0.977079 1003.61 
20150706143309 1.0109516 -7.8547773 -0.076015905 2.7800477 3.721391 0.44257188 1003.61 
20150706143309 -1.2731167 -6.845621 -2.717419 1.8515326 1.5570955 0.07269296 1003.61 
20150706143309 -2.7156234 -5.040992 -4.4035354 1.2712106 0.9193522 -0.41722095 1003.61 
20150706143309 -2.743755 -3.7020345 -3.9031472 1.5848899 2.0909917 -0.61911196 1003.82 
20150706143309 -3.5350387 -3.1082723 -3.0430303 1.459968 2.5674667 -0.602924 1003.82 
20150706143309 -3.6727054 -3.4685998 -1.7022774 0.7874053 1.743104 -0.87017757 1003.82 
20150706143309 -2.9747956 -3.8271315 -0.99419224 0.21624629 1.1798862 -1.0253373 1003.82 
20150706143309 -2.8562827 -3.7960067 -1.0253168 -0.5299256 0.6973027 -1.0629056 1003.82 
20150706143309 -2.949058 -5.0344076 -0.5979519 -1.146594 0.23487769 -1.108415 1003.82 
20150706143309 -2.082357 -9.500791 2.5007436 -1.7330247 -0.0125227375 -1.1814134 1003.82 
20150706143309 -3.3518825 -19.300858 15.673641 -2.6080892 -0.4908302 -1.2932017 1003.82 
20150706143309 -5.8125234 -19.608511 19.608511 -3.252552 -0.8720101 -1.4605788 1003.82 
20150706143309 -5.5581393 -16.153679 12.093113 -1.8616118 -1.0396926 -1.0009027 1003.68 
20150706143309 -2.8341362 -0.2100912 -3.6900635 3.0427198 -1.6927075 0.38331795 1003.68 
20150706143309 -5.0308166 1.5927427 -10.870275 2.7449229 0.88208944 0.15485434 1003.68 
20150706143309 -8.177995 -8.667608 -16.323069 0.04795292 2.0708332 -0.3173445 1003.68 
20150706143309 -8.614338 -16.23568 -9.800665 -0.9816604 2.1138992 -0.25045475 1003.68 
20150706143309 -6.375759 -14.199411 -2.942474 -1.1618657 0.6872234 0.26633725 1003.68 
20150706143309 6.880337 -10.241198 18.677168 -0.61544675 -2.6401596 0.76052725 1003.68 
20150706143309 5.843648 -4.3418846 -9.954493 -1.2461652 -3.0418036 1.0372492 1003.68 
20150706143309 2.6749218 -4.343082 -8.847174 -1.6450601 0.30909783 0.4156938 1003.68 
20150706143309 -1.4969746 -11.412561 -4.8584337 -1.1355985 1.29198 -0.19975294 1003.53 
20150706143309 -1.1629834 -19.389442 -2.2601264 -1.7131716 -2.8802297 -0.6356053 1003.53 
20150706143309 0.46028528 -13.379996 -0.15263036 -2.1997259 -3.8777726 -0.37018433 1003.53 
20150706143309 1.5436616 -8.238448 1.3736732 -1.323745 -3.1068606 -0.5525276 1003.53 
20150706143309 -0.9223662 -8.558074 -1.0720038 -1.4532484 -2.3014348 -0.43890667 1003.53 
20150706143309 -2.7335799 -7.1622543 -0.8888474 -2.3090706 -1.3778065 -0.5235115 1003.53 
20150706143309 -3.594894 -7.489063 3.2148144 -1.7580702 -0.46975538 -1.0784826 1003.53 
20150706143309 -2.4331074 -9.703101 -0.25318682 -1.112691 -0.71685034 -0.77579886 1003.53 
20150706143309 -0.27114335 -9.938332 -1.5316905 -0.63132924 -1.5271631 -0.31642818 1003.53 
20150706143309 0.8810662 -11.803414 0.51595044 -0.25625798 -1.2815952 -0.030848695 1003.72 
20150706143309 1.8872294 -11.4119625 1.448492 -0.31398472 -1.0894781 0.07727446 1003.72 
20150706143309 1.5682021 -10.287885 0.6087258 -0.48441613 -1.5931365 0.089186326 1003.72 
20150706143309 0.46926352 -9.43914 -0.4417302 -0.5674938 -1.7403551 0.1328632 1003.72 
20150706143309 0.048482586 -8.785523 -1.2066777 -0.26725355 -0.96883225 0.037873644 1003.72 
20150706143309 -0.33518824 -8.7292595 -2.1134815 -0.005497787 -0.37720928 0.11911872 1003.72 
20150706143309 -0.7230489 -9.435549 -1.8231846 -0.06505715 -0.16157386 0.25809056 1003.72 
20150706143309 -0.16699557 -9.765948 0.3453636 -0.41691554 -0.113926366 0.24190263 1003.72 
20150706143309 -0.66618663 -9.606135 0.39205053 -0.81306165 -0.20616703 0.18387043 1003.72 
20150706143309 -1.186327 -11.150994 -1.1498153 -0.8313876 -0.56505036 0.22296582 1003.76 
20150706143309 0.2693477 -12.050017 -1.2761095 -0.27000242 -0.59986967 0.18203785 1003.76 
20150706143309 0.9008184 -13.071144 -2.5600002 0.16126843 -0.3894266 0.3753767 1003.76 
20150706143309 0.32441434 -13.165715 -3.389591 0.97402465 -0.55924714 0.59986967 1003.76 
20150706143309 -0.6739678 -10.965444 -3.1723173 1.1068878 -0.9990701 0.364992 1003.76 
20150706143310 -1.8513165 -11.814787 5.8879404 0.16768251 -0.45265114 -0.183565 1003.76 
20150706143310 -4.3981485 -14.12998 11.91295 -0.47891834 0.54183745 -0.58184916 1003.76 
20150706143310 -1.9632454 -12.139201 -0.30107087 -0.63529986 0.24220806 -0.7110472 1003.76 
20150706143310 -1.4796166 -8.169615 -3.2561142 0.956615 0.54825157 -0.24037547 1003.76 
20150706143310 -2.396596 -7.390302 -2.8113914 3.2018502 3.628845 0.77732605 1003.75 
20150706143310 -2.919729 -8.312668 -3.7870286 3.055548 3.244 0.82894415 1003.75 
20150706143310 -3.6649241 -12.018892 -2.2008698 2.6087 1.3335189 0.67164636 1003.75 
20150706143310 -5.2798133 -18.511967 2.3600843 2.4269676 -0.15302174 0.64476824 1003.75 
20150706143310 -3.2914288 -16.166248 1.282095 2.2617285 -1.1328496 0.46944994 1003.75 
20150706143310 0.5506664 -10.701483 -1.3796587 2.485 -2.5665503 0.33444872 1003.75 
20150706143310 2.743755 -9.3260145 2.1709423 2.5696046 -2.4923303 0.8695667 1003.75 
20150706143310 3.0256724 -8.756793 -0.7104794 1.7040086 -0.06627888 0.77579886 1003.75 
20150706143310 1.1534066 -8.440758 -1.6334441 1.781894 3.329521 0.44593164 1003.75 
20150706143310 -2.5067291 -8.306683 -1.6424223 2.62275 4.62425 0.23548855 1003.78 
20150706143310 -3.8073792 -8.090008 -1.3682863 2.7491992 3.9886446 0.17592919 1003.78 
20150706143310 -4.2281604 -8.137293 -0.7679402 2.0967948 1.9581286 0.26816985 1003.78 
20150706143310 -2.7748797 -7.7985134 -1.513734 1.3982705 0.85154617 0.21227567 1003.78 
20150706143310 -1.7830818 -6.9904704 -2.0368671 1.2495248 0.8378017 -0.11056661 1003.78 
20150706143310 -2.8078 -6.2704144 -1.5747862 1.3368785 1.2666291 -0.48563787 1003.78 
20150706143310 -4.003105 -5.6341553 -0.87208796 1.2776246 2.1206186 -0.7293731 1003.78 
20150706143310 -4.0821137 -5.4779334 -0.54527944 0.68233645 1.6624697 -0.9056077 1003.78 
20150706143310 -3.4081461 -5.3881507 -0.61650693 0.08979719 0.88147855 -0.90316427 1003.78 
20150706143310 -3.6014779 -5.1050367 -0.6326678 -0.21991149 0.41263947 -0.8136725 1003.8 
20150706143310 -4.1401734 -4.9308586 -0.8230068 -0.62858033 0.17562376 -0.72509706 1003.8 
20150706143310 -4.5819035 -6.384139 0.7194576 -1.1071932 -0.025350908 -0.6582073 1003.8 
20150706143310 -3.098097 -11.068395 4.666898 -1.5115861 -0.25228736 -0.5674938 1003.8 
20150706143310 -2.0787656 -19.124884 16.992847 -1.9190332 -0.7788532 -0.5137377 1003.8 
20150706143310 -1.3581109 -19.608511 19.583971 -2.243097 -1.4263704 -0.7315111 1003.8 
20150706143310 -3.7181952 -13.552978 8.264784 -1.7357736 -1.4123205 -0.9049969 1003.8 
20150706143310 -2.3092074 -3.5853171 3.0723593 1.9859229 -0.3652974 -0.08277224 1003.8 
20150706143310 -3.5098996 -1.3569138 -4.75668 2.4132233 1.2788464 0.57879484 1003.8 
20150706143310 -3.4691982 -4.7004166 -9.609129 1.2021828 0.53786683 -0.32070425 1003.87 
20150706143310 -4.11264 -12.070967 -8.849568 0.34330627 1.1533136 -0.591623 1003.87 
20150706143310 -6.405687 -16.952145 -5.554548 -0.6789767 2.1245892 -0.48288897 1003.87 
