20150706143756 12.124237 -3.0579941 2.1481974 -0.2938262 0.2406809 -0.03023783 1003.4 
20150706143756 14.246697 -1.8423382 0.8619126 -0.21288654 0.1328632 0.17531833 1003.4 
20150706143756 15.116391 -0.7978677 -1.5161282 -0.15302174 0.0027488936 0.39614612 1003.4 
20150706143757 13.076531 -1.0319009 -3.2477345 -0.15057829 0.062002823 0.5555819 1003.4 
20150706143757 9.919776 -3.0843303 -4.618415 -0.05131268 -0.004581489 0.602924 1003.4 
20150706143757 7.5429325 -3.1244333 -4.593276 0.18234327 -0.121256754 0.6383542 1003.4 
20150706143757 6.2805896 -1.5310919 -4.923077 0.4025602 0.00580322 0.5552765 1003.43 
20150706143757 11.127052 1.3790601 -3.99293 0.4098906 0.11942416 0.27855456 1003.43 
20150706143757 13.920487 1.9261353 -2.1386206 0.44012842 0.16371189 0.3032946 1003.43 
20150706143757 14.213777 0.56922144 -1.7980455 0.18784106 -0.02443461 0.099571034 1003.43 
20150706143757 11.996147 0.0023942017 -2.0512323 0.18906279 -0.19730948 -0.160963 1003.43 
20150706143757 8.973468 -0.15981296 -2.1458032 0.25717425 0.015271631 -0.34574974 1003.43 
20150706143757 5.1786585 -0.046686932 -2.0811598 0.2507602 0.21930063 -0.63285637 1003.43 
20150706143757 7.3029137 -1.3227965 0.08080431 0.23732115 0.47861293 -0.7761043 1003.43 
20150706143757 8.564059 -0.5883751 -0.79966336 0.3213151 0.45875978 -0.77518797 1003.43 
20150706143757 7.2789717 -0.075417355 -1.328782 0.5885687 0.09101892 -0.5671884 1003.41 
20150706143757 6.257845 0.7308301 -1.4311341 0.6386596 0.021991149 -0.5131268 1003.41 
20150706143757 6.9006877 1.6717514 -0.60932434 0.57940567 0.027794369 -0.55741453 1003.41 
20150706143757 8.012196 2.1547816 -0.7009025 0.52290064 0.034208454 -0.5332854 1003.41 
20150706143757 8.482059 2.4432828 -0.75118077 0.43676865 -0.08735373 -0.3857614 1003.41 
20150706143757 7.9828672 2.4947581 -0.30286652 0.35216382 -0.18387043 -0.16920967 1003.41 
20150706143757 7.653664 1.9231426 0.44592008 0.17134771 -0.15668693 0.05589417 1003.41 
20150706143757 8.18398 0.6356605 1.3437457 0.02443461 -0.08032878 0.19150625 1003.41 
20150706143757 9.476251 -0.1328782 1.8267759 -0.15363261 -0.008552114 0.30543262 1003.41 
20150706143757 11.25215 -0.21188685 1.8148049 -0.19394971 -0.04550946 0.33169982 1003.4 
20150706143757 11.92911 -1.4580688 0.12389994 -0.14263703 -0.16707164 0.25595254 1003.4 
20150706143757 13.4608 -1.3640964 -1.6244658 -0.027183503 -0.26145032 0.14782938 1003.4 
20150706143757 14.6680765 1.6885108 1.122282 0.21777347 -0.27763826 0.10934488 1003.4 
20150706143757 13.330915 1.9057846 2.4067712 0.21991149 -0.3555236 0.01985312 1003.4 
20150706143757 13.048998 0.075417355 2.529474 0.11301007 -0.3231477 -0.310625 1003.4 
20150706143757 13.868413 -2.030283 -0.83138657 0.33567044 0.0033597588 -0.4709771 1003.4 
20150706143757 14.495095 1.6932992 -5.3324857 0.6765333 0.3032946 -0.35033122 1003.4 
20150706143757 10.003573 6.0244102 -7.141904 0.8604037 0.17928895 -0.31398472 1003.4 
20150706143757 6.7893577 4.1665096 -6.123171 0.6407976 -0.11911872 -0.5549711 1003.44 
20150706143757 6.8091097 2.333748 -5.427655 0.19364429 -0.2134974 -0.6722572 1003.44 
20150706143757 9.087791 -0.47225627 -2.8257565 -0.08827003 -0.059253927 -0.3109304 1003.44 
20150706143757 12.011111 -2.0775685 -2.070386 -0.32070425 0.24098633 -0.10048734 1003.44 
20150706143757 13.410522 -0.74519527 -1.8171991 -0.26083946 0.3304781 -9.162979E-4 1003.44 
20150706143757 12.246941 0.51714754 -1.8507179 -0.19058995 0.21655174 0.1881465 1003.44 
20150706143757 10.269928 0.46447513 -2.2254105 -0.25259277 0.036957346 0.36163223 1003.44 
20150706143757 8.21271 -0.15263036 -2.2254105 -0.2950479 0.11056661 0.51159966 1003.44 
20150706143757 6.659472 -0.54049104 -1.4036007 -0.4529566 0.22632557 0.72418076 1003.44 
20150706143757 5.60722 -0.4225766 -0.79487497 -0.5448918 0.398895 0.81245077 1003.43 
20150706143757 6.455366 -0.74519527 -0.29209262 -0.5546656 0.34483343 0.74189585 1003.43 
20150706143757 7.697957 -1.3533225 -0.65062433 -0.54702985 0.14813483 0.66920286 1003.43 
20150706143757 8.771158 -1.5831659 -1.0103531 -0.50976706 -0.04062254 0.58001655 1003.43 
20150706143757 8.9519205 -1.7244238 -0.47165772 -0.41874814 -0.2666427 0.5036584 1003.43 
20150706143757 9.118318 -2.0338743 0.062249243 -0.39461896 -0.4098906 0.34269542 1003.43 
20150706143757 9.15842 -2.3020248 0.4902128 -0.36254853 -0.37873647 0.08674286 1003.43 
20150706143757 9.063251 -2.0410569 0.85891986 -0.20769419 -0.28099802 -0.057421334 1003.43 
20150706143757 9.14585 -1.2970588 1.0773908 0.030543262 -0.14782938 -0.089491755 1003.43 
20150706143757 9.7719345 -0.4357447 1.3036429 0.17684549 -0.03023783 -0.13530666 1003.39 
20150706143757 10.152613 -0.050876785 0.66498953 0.2678644 0.06505715 -0.22204952 1003.39 
20150706143758 10.620679 1.6154876 0.044891283 0.21410827 0.118202426 -0.25259277 1003.39 
20150706143758 10.998364 1.9782091 0.06943185 0.09132435 0.12858713 -0.14660765 1003.39 
20150706143758 11.634624 -1.3784616 1.8154035 -0.13530666 0.12522738 -0.035430185 1003.39 
20150706143758 12.814366 -3.8355112 2.2906525 -0.27947086 0.13041973 -0.070249505 1003.39 
20150706143758 14.665683 -2.938284 0.80445176 -0.19303341 0.011911872 0.12858713 1003.39 
20150706143758 15.183429 -1.5658079 -0.9367314 -0.09010262 0.003970624 0.4184427 1003.39 
20150706143758 13.793594 -1.2360066 -4.2419267 -0.0870483 0.07147124 0.6621779 1003.39 
20150706143758 9.873688 -2.1380222 -5.419874 0.13347405 -0.027183503 0.7666359 1003.45 
20150706143758 6.877943 -2.0201077 -4.437054 0.17501289 0.043676864 0.6469063 1003.45 
20150706143758 6.225523 0.089782566 -4.6459484 0.10903945 0.09590584 0.46578476 1003.45 
20150706143758 11.73518 2.5791538 -3.3022027 0.07941248 0.12583824 0.355829 1003.45 
20150706143758 14.55555 0.60333884 -2.2774844 0.038789943 0.044898596 0.4541783 1003.45 
20150706143758 14.287997 -1.2425907 -1.3820529 -0.027183503 -0.26450464 0.2706133 1003.45 
20150706143758 11.385028 -1.7166426 -1.471237 0.11636983 -0.28221974 -0.011911872 1003.45 
20150706143758 7.5207863 -1.3413515 -1.6484078 0.33750305 -0.07666359 -0.4269948 1003.45 
20150706143758 6.0567317 -1.6328455 -0.919972 0.50610185 0.258396 -0.71685034 1003.45 
20150706143758 6.4260373 -0.006584055 -1.4047978 0.6072 0.35063666 -0.8173377 1003.44 
20150706143758 6.506243 0.2705448 -0.9516952 0.93034774 0.26206118 -0.68691796 1003.44 
20150706143758 6.6486983 1.2431892 -1.2354081 1.0015136 0.016187929 -0.5665775 1003.44 
20150706143758 6.941988 2.059612 -1.6095021 1.003957 -0.13836098 -0.5510005 1003.44 
20150706143758 7.8847046 2.4875755 -1.3754689 0.93370754 -0.15851954 -0.46731192 1003.44 
20150706143758 9.054273 2.8820202 -1.168969 0.73853606 -0.27030787 -0.35918877 1003.44 
20150706143758 9.540894 2.9346926 -1.0809821 0.55680364 -0.39767328 -0.17348573 1003.44 
20150706143758 9.126697 2.4211364 -0.5859809 0.39950588 -0.4456262 -0.040011674 1003.44 
20150706143758 8.652645 1.6101006 0.2100912 0.14355333 -0.36163223 0.14110987 1003.44 
20150706143758 8.725668 0.65242 1.103727 -0.11575896 -0.20189096 0.31215215 1003.37 
20150706143758 9.361329 -0.14963761 1.2695254 -0.27458394 -0.06841691 0.43188173 1003.37 
20150706143758 10.503363 -0.58777654 0.700304 -0.30268374 0.0012217305 0.4373795 1003.37 
20150706143758 10.606912 -1.9877859 -0.28072014 -0.28405234 -0.009773844 0.33658674 1003.37 
20150706143758 11.737574 -1.0546459 -2.315193 -0.17287487 -0.08582657 0.19272798 1003.37 
20150706143758 13.205219 1.2455834 1.3347675 -0.03756821 -0.22357668 0.20708331 1003.37 
20150706143758 13.548189 1.2072762 3.05141 -0.08857546 -0.3100141 0.18906279 1003.37 
20150706143758 13.016676 -1.7286136 2.9646204 -0.03756821 -0.4447099 -0.23365596 1003.37 
20150706143758 13.615825 -3.1705215 -0.09995792 0.2098322 -0.06291912 -0.43249258 1003.37 
20150706143758 13.433268 0.31124622 -2.7299886 0.48533243 0.24190263 -0.3023783 1003.48 
20150706143758 11.015722 4.478953 -5.8238955 0.62888575 0.2947425 -0.31612277 1003.48 
20150706143758 8.110957 5.2355204 -6.3823433 0.54183745 -0.025961773 -0.57910025 1003.48 
20150706143758 7.253833 3.1573534 -5.521029 0.2770274 -0.26206118 -0.6065892 1003.48 
20150706143758 8.335413 -0.16519992 -3.4518404 -0.19211712 -0.4083634 -0.4596761 1003.48 
20150706143758 10.737396 -2.4821887 -1.9524715 -0.38759398 -0.31856623 -0.16523905 1003.48 
20150706143758 12.832322 -2.9574378 -2.545635 -0.26389378 0.050396383 0.030848695 1003.48 
20150706143758 12.374432 -0.8559271 -2.12246 -0.047647487 0.19883664 0.1459968 1003.48 
20150706143758 10.099341 0.86969376 -2.5528176 0.043066 0.26175576 0.23579398 1003.48 
20150706143758 8.447941 0.5758055 -2.4384944 0.044593163 0.21624629 0.25778514 1003.44 
20150706143758 6.935404 -0.20290859 -2.1775265 -0.13316862 0.2724459 0.40133846 1003.44 
20150706143758 6.2362967 -0.61530983 -1.8668787 -0.29657507 0.2950479 0.5748242 1003.44 
20150706143758 6.42903 -0.7691373 -1.2802993 -0.27152961 0.23365596 0.7620544 1003.44 
20150706143758 7.3124905 -0.9091981 -1.2312182 -0.20555615 0.07422013 0.7987063 1003.44 
20150706143758 7.8667483 -1.0516531 -1.0905589 -0.18081611 -0.031154128 0.732122 1003.44 
20150706143758 8.23366 -1.3491327 -1.2761095 -0.19394971 -0.103847094 0.5815437 1003.44 
20150706143759 8.570643 -1.2755109 -1.3557167 -0.20738874 -0.21471913 0.38362336 1003.44 
20150706143759 8.742428 -1.0648212 -0.9151836 -0.22479841 -0.30085114 0.16432275 1003.44 
20150706143759 8.963891 -0.961272 -0.32800564 -0.26175576 -0.30879238 0.05467244 1003.36 
20150706143759 9.574412 -0.9768343 -0.009576807 -0.23671028 -0.3100141 -0.036957346 1003.36 
20150706143759 10.232818 -0.5231331 0.635062 -0.112399206 -0.23671028 -0.1142318 1003.36 
20150706143759 10.813412 -0.43275195 1.2569559 -0.017715093 -0.08979719 -0.18203785 1003.36 
20150706143759 10.998962 -1.2509704 0.05746084 -0.032986723 -0.008246681 -0.2556471 1003.36 
20150706143759 11.073781 0.2136825 -0.23822308 -0.029626964 0.14752395 -0.23701571 1003.36 
20150706143759 10.333973 0.79966336 0.078410104 -0.053450707 0.20677789 -0.100792766 1003.36 
20150706143759 10.997766 -0.5847838 1.5993267 -0.21044308 0.19364429 -0.11942416 1003.36 
20150706143759 13.109451 -1.5490485 2.1045034 -0.2443461 0.2724459 -0.11056661 1003.36 
20150706143759 15.219341 -1.0923545 0.78888947 -0.14935656 0.13041973 0.2770274 1003.42 
20150706143759 14.4107 -0.6901286 -1.6801311 -0.19608775 0.08460484 0.5888741 1003.42 
20150706143759 12.772468 -1.99437 -4.1922474 -0.31520647 0.26297748 0.60139686 1003.42 
20150706143759 9.703699 -3.144784 -5.474941 -0.27855456 0.13500121 0.657291 1003.42 
20150706143759 7.1502833 -2.7521348 -4.8620253 -0.03634648 -0.12644911 0.59559363 1003.42 
20150706143759 6.051345 -0.5141548 -5.234922 -0.103847094 -0.17654006 0.35063666 1003.42 
20150706143759 12.95323 3.0963013 -2.954445 -0.086132 -0.08277224 0.11453723 1003.42 
20150706143759 14.371795 1.8243817 -2.1817162 -0.25167647 -0.050701816 0.23701571 1003.42 
20150706143759 13.888165 -0.46387658 -1.6166847 -0.51923543 -0.25717425 0.03940081 1003.42 
20150706143759 11.058219 -1.54845 -1.4556746 -0.5180137 -0.21624629 -0.0693332 1003.44 
20150706143759 7.7368627 -1.2114661 -2.1625626 -0.42546764 0.026572637 -0.2950479 1003.44 
20150706143759 5.8628016 -1.6454151 -0.65301853 -0.25992316 0.38728857 -0.5815437 1003.44 
20150706143759 8.693945 -0.4758476 -1.0301052 -0.15393804 0.52778757 -0.73914695 1003.44 
20150706143759 7.699154 0.21308395 -1.5933412 -0.01985312 0.408058 -0.7425067 1003.44 
20150706143759 6.491878 0.95588505 -1.5095441 0.27366763 0.083383106 -0.50579643 1003.44 
20150706143759 5.6580973 1.210269 -1.697489 0.27000242 -0.11636983 -0.51893 1003.44 
20150706143759 6.1489086 1.2868834 -1.3431472 0.23854288 -0.0067195175 -0.49418998 1003.44 
20150706143759 7.017405 1.6208745 -1.0696096 0.19394971 -0.020463986 -0.36835176 1003.44 
20150706143759 7.8326306 1.6609775 -0.98102415 0.0693332 -0.15057829 -0.18875736 1003.33 
20150706143759 8.13849 1.4101849 -0.8439561 -3.0543262E-4 -0.20830505 -0.03268129 1003.33 
20150706143759 7.949348 1.4263457 -0.45190558 -0.034208454 -0.25686884 0.096516706 1003.33 
20150706143759 8.030751 1.8321629 0.3453636 -0.1328632 -0.26236662 0.21013765 1003.33 
20150706143759 8.846576 1.4562732 1.2132617 -0.3182608 -0.18906279 0.30543262 1003.33 
20150706143759 10.150817 0.45070848 1.8596961 -0.42852196 -0.06811147 0.35216382 1003.33 
20150706143759 11.228806 -0.6895301 0.8451532 -0.44318274 0.01282817 0.3848451 1003.33 
20150706143759 12.431892 -1.8549078 -1.6915035 -0.26083946 -0.0015271631 0.35277468 1003.33 
20150706143759 14.544177 0.59017074 -0.9211691 -0.05131268 -0.10170906 0.33078352 1003.33 
20150706143759 14.756063 1.5041572 2.220622 0.011301007 -0.27000242 0.32986724 1003.42 
20150706143759 13.618219 0.29867667 2.7144263 -0.020158553 -0.39187005 -0.044593163 1003.42 
20150706143759 13.820529 -2.3145945 0.676362 0.15027285 -0.16401732 -0.30726522 1003.42 
20150706143759 15.247474 -0.9498995 -3.0933087 0.364992 0.26847526 -0.24587326 1003.42 
20150706143759 13.223176 5.180454 -6.000468 0.4896085 0.33322698 -0.14446963 1003.42 
20150706143759 7.8206596 4.800973 -4.723161 0.34574974 0.038179077 -0.41233405 1003.42 
20150706143759 6.3985043 2.0967221 -5.261258 -0.11789699 -0.32925636 -0.6429357 1003.42 
20150706143759 7.85777 -0.12928689 -3.0855274 -0.3100141 -0.22724187 -0.41599923 1003.42 
20150706143759 10.7751045 -2.8060043 -2.2373815 -0.50518554 -0.0036651916 -0.1572978 1003.42 
20150706143759 13.110648 -2.9520507 -2.292448 -0.48075095 0.32162055 0.0290161 1003.44 
20150706143759 12.510901 -1.5664065 -2.1320367 -0.22052236 0.27183503 0.1518 1003.44 
20150706143800 10.752359 -0.5530606 -2.7018566 -0.16462818 0.10323623 0.19700404 1003.44 
20150706143800 8.874108 -0.37229836 -2.8514943 -0.08368854 0.040317107 0.2098322 1003.44 
20150706143800 7.1221514 -0.2124854 -2.384625 0.035430185 0.052839845 0.29077184 1003.44 
20150706143800 5.897517 0.48362875 -1.7890673 -0.008552114 0.12186762 0.44043383 1003.44 
20150706143800 5.801749 1.3694834 -0.88944596 -0.08124508 0.24495697 0.5644395 1003.44 
20150706143800 6.695385 0.5434838 -0.6452374 -0.15668693 0.25350907 0.59406644 1003.44 
20150706143800 7.908048 -0.7146692 -0.92416185 -0.22052236 0.095294975 0.5403103 1003.44 
20150706143800 8.194156 -1.4095862 -1.0839748 -0.29260445 -0.0888809 0.5296202 1003.41 
20150706143800 8.103176 -1.7340006 -0.92416185 -0.32528573 -0.21502456 0.4196644 1003.41 
20150706143800 8.053496 -1.9476831 -0.6039374 -0.3481932 -0.28130344 0.18570304 1003.41 
20150706143800 8.041525 -2.011728 -0.30406362 -0.30726522 -0.17501289 0.014049901 1003.41 
20150706143800 8.656835 -1.6220716 0.19752164 -0.18906279 -0.13072516 -0.057421334 1003.41 
20150706143800 9.329007 -1.0773908 0.54647654 -0.033292156 -0.08277224 -0.0888809 1003.41 
20150706143800 10.089166 -1.0408791 0.53330845 0.04795292 -0.041233405 -0.16707164 1003.41 
20150706143800 11.23539 -1.525705 -0.014963761 0.06688975 0.009162978 -0.21074851 1003.41 
20150706143800 12.288838 -0.0023942017 -0.46806642 0.13072516 0.034208454 -0.14569137 1003.41 
20150706143800 12.153566 0.7679402 0.19632454 0.08399397 0.0711658 -0.042760566 1003.38 
20150706143800 12.2002535 -0.50757074 1.4646529 -0.11056661 0.14874569 -0.1966986 1003.38 
20150706143800 13.403339 -1.608305 1.8728642 -0.14905111 0.26542094 -0.20097467 1003.38 
20150706143800 14.809335 -1.5089456 0.009576807 -0.03940081 0.1441642 0.23548855 1003.38 
20150706143800 14.717158 -0.8074445 -2.594716 -0.08368854 0.09407325 0.5357288 1003.38 
20150706143800 11.291056 -3.3141737 -5.1840453 -0.15088372 0.19028452 0.54336464 1003.38 
20150706143800 8.532935 -3.6715083 -6.001665 -0.1432479 0.0036651916 0.55955255 1003.38 
20150706143800 5.6108117 -2.570774 -4.9200845 0.27214047 -0.032070424 0.539394 1003.38 
20150706143800 7.804499 0.7811083 -4.478953 0.28771752 -0.12767084 0.26939157 1003.38 
20150706143800 11.926117 2.9616275 -2.4121583 0.34972036 0.12095132 0.14844026 1003.41 
20150706143800 13.238738 1.5717934 -1.2605472 0.14813483 0.13133603 0.20922135 1003.41 
20150706143800 12.720992 -0.557849 -1.3928268 -0.05375614 -0.03359759 -0.122478485 1003.41 
20150706143800 10.846333 -1.2850877 -1.7298107 0.07269296 -0.043982297 -0.26206118 1003.41 
20150706143800 8.383297 -0.9175778 -2.0757728 0.20830505 0.030848695 -0.36865717 1003.41 
20150706143800 5.443816 -0.90381116 -1.1917139 0.28405234 0.17012598 -0.600786 1003.41 
20150706143800 8.70831 -0.8858546 -0.3369839 0.31337386 0.30909783 -0.7324274 1003.41 
20150706143800 8.709507 -0.12569559 -1.2252327 0.321926 0.27488935 -0.7629707 1003.41 
20150706143800 7.413047 0.4961983 -1.4730326 0.64751714 0.070554934 -0.46670106 1003.41 
20150706143800 6.2686186 1.3371617 -1.4347254 0.70952 -0.1020145 -0.4392121 1003.41 
20150706143800 6.201581 1.5640123 -0.99658644 0.6478226 -0.025045475 -0.46639562 1003.41 
20150706143800 6.7851677 1.3311762 -0.5518635 0.6081163 0.04886922 -0.39736784 1003.41 
20150706143800 7.8757267 1.1384429 -0.5291186 0.54183745 -0.009773844 -0.24617869 1003.41 
20150706143800 8.215703 1.3820529 -0.46986207 0.4456262 -0.062308256 -0.07574729 1003.41 
20150706143800 8.143278 1.6537948 0.10474633 0.38453966 -0.14477506 0.040011674 1003.41 
20150706143800 8.4108305 1.4969746 1.0307038 0.2761111 -0.17654006 0.129198 1003.41 
20150706143800 9.36911 0.7080852 1.7998412 0.1255328 -0.14752395 0.20341812 1003.41 
20150706143800 10.682928 0.5410896 1.5496471 0.058948494 -0.1160644 0.31887165 1003.41 
20150706143800 11.180324 0.5542577 -0.019153614 0.057421334 -0.09773844 0.3839288 1003.45 
20150706143800 11.840525 -0.1921347 -1.7304093 0.03176499 -0.112704635 0.30848694 1003.45 
20150706143800 14.50946 1.590947 0.16819267 0.056199603 -0.18325958 0.19914207 1003.45 
20150706143800 13.207015 1.2234371 2.8275523 0.024129177 -0.344528 0.15271631 1003.45 
20150706143800 12.483368 -2.0410569 1.7345991 -0.116675265 -0.321926 -0.23487769 1003.45 
20150706143800 13.704411 -3.6924577 -2.582745 0.14874569 0.032070424 -0.4569272 1003.45 
20150706143800 14.2042 2.1577742 -6.1848216 0.48747048 0.48472157 -0.15974127 1003.45 
20150706143800 8.219893 4.383185 -4.807557 0.61178154 0.321926 0.0070249503 1003.45 
20150706143801 6.5385647 2.4791958 -4.9146976 0.37659842 -0.064751714 -0.52748215 1003.45 
20150706143801 8.644864 0.85413146 -4.099472 0.07452556 -0.23915374 -0.79320854 1003.42 
20150706143801 12.369044 -2.758719 -1.7938557 0.007941248 -0.08002335 -0.47678033 1003.42 
20150706143801 15.093646 -2.815581 -1.5981296 -0.14294247 0.2180789 -0.27977628 1003.42 
20150706143801 13.764864 -0.9427169 -1.5598224 0.11148291 0.24190263 -0.015882496 1003.42 
20150706143801 11.359888 -0.29269117 -2.255338 0.24190263 0.3182608 0.1255328 1003.42 
20150706143801 8.981249 -0.20171149 -2.6719291 0.3921755 0.28893927 0.2098322 1003.42 
20150706143801 7.225701 -0.15502456 -2.367267 0.4260785 0.25900686 0.2593123 1003.42 
20150706143801 5.8203044 0.19093758 -2.043451 0.17256944 0.2773328 0.4718934 1003.42 
20150706143801 5.5443726 0.84575176 -1.5610195 0.0290161 0.29443705 0.62949663 1003.42 
20150706143801 5.6868277 0.58897364 -1.3730747 -0.013439035 0.18051068 0.6765333 1003.42 
20150706143801 6.559514 0.044292733 -1.5005659 -0.08674286 0.03604105 0.6441574 1003.42 
20150706143801 7.244256 -0.91219085 -1.3305776 -0.17073683 -0.17715092 0.6249151 1003.42 
20150706143801 7.875128 -1.4383167 -0.90500826 -0.2012801 -0.39950588 0.5296202 1003.42 
20150706143801 7.8428063 -1.6011224 -0.729633 -0.20005837 -0.46761733 0.36926803 1003.42 
20150706143801 7.724293 -1.520318 -0.42556936 -0.16920967 -0.41080686 0.1160644 1003.42 
20150706143801 7.6907744 -1.5580268 -0.1364695 -0.12889257 -0.35460728 -0.08979719 1003.42 
20150706143801 8.672397 -0.94331545 0.25917232 -0.058337633 -0.3286455 -0.16462818 1003.42 
20150706143801 10.1460285 -0.31364042 0.7284359 0.002443461 -0.2864958 -0.22357668 1003.42 
20150706143801 12.173319 -0.19931729 0.31064767 -0.03940081 -0.25320363 -0.29077184 1003.39 
20150706143801 13.1794815 1.0702082 -0.40940848 -0.13469578 -0.21410827 -0.25320363 1003.39 
20150706143801 12.054806 -0.51595044 1.2791022 -0.25137106 -0.18753563 -0.1563815 1003.39 
20150706143801 12.725182 -2.4462755 2.2535424 -0.32803464 -0.13255776 -0.14752395 1003.39 
20150706143801 14.86081 -3.0460231 0.7858967 -0.21563543 0.105374254 0.034513887 1003.39 
20150706143801 15.5994215 -2.5384524 -1.7369933 -0.09437868 0.16218472 0.33567044 1003.39 
20150706143801 14.989498 -2.1080947 -4.2778397 -0.016187929 0.20525073 0.5699373 1003.39 
20150706143801 11.576564 -2.5480292 -5.3528366 0.09315695 0.17928895 0.6774496 1003.39 
20150706143801 7.2388687 -3.9348705 -5.638345 0.36774087 -0.21502456 0.78954333 1003.39 
20150706143801 5.889736 -1.4215573 -5.891532 0.45478916 -0.18325958 0.6291912 1003.45 
20150706143801 10.948685 1.8052281 -4.003105 0.38912117 -0.10781772 0.28955013 1003.45 
20150706143801 13.696031 2.6922798 -2.409764 0.28955013 0.060170226 0.30970868 1003.45 
20150706143801 13.602058 0.5626374 -2.0632033 0.048563786 -0.04184427 0.069027774 1003.45 
20150706143801 12.240356 -0.91817635 -2.0649989 9.162979E-4 -0.15363261 -0.160963 1003.45 
20150706143801 8.867524 -1.3784616 -2.0500352 0.2275473 -0.12644911 -0.2959642 1003.45 
20150706143801 6.1249666 -0.9235633 -1.9883845 0.2864958 0.05497787 -0.550695 1003.45 
20150706143801 3.1830912 -0.24959552 -1.8070238 0.3359759 0.28344148 -0.71837753 1003.45 
20150706143801 6.955156 -1.9686323 0.34715924 0.37598756 0.36560285 -0.7858781 1003.45 
20150706143801 7.86615 0.26515785 -1.4281414 0.44593164 0.20738874 -0.7501425 1003.43 
20150706143801 6.1662664 1.4754268 -1.8393455 0.7761043 -0.25137106 -0.48747048 1003.43 
20150706143801 6.220136 1.9961656 -1.6585833 0.73823065 -0.25595254 -0.47342056 1003.43 
20150706143801 7.15986 1.8171991 -1.3335704 0.6395759 -0.24098633 -0.3726278 1003.43 
20150706143801 8.2115135 1.9434932 -1.1821371 0.5821546 -0.11056661 -0.17073683 1003.43 
20150706143801 8.954314 2.4211364 -1.0576386 0.4361578 -0.13622294 -0.03970624 1003.43 
20150706143801 9.258378 2.6384103 -0.61890113 0.2275473 -0.08277224 0.07422013 1003.43 
20150706143801 9.070433 2.1709423 0.22146365 -0.0290161 0.024129177 0.17592919 1003.43 
20150706143801 9.045294 1.2826935 0.89603 -0.26389378 0.14721853 0.301462 1003.43 
20150706143801 9.434352 0.008978256 1.8740613 -0.3717115 0.3145956 0.3454443 1003.38 
20150706143801 10.242993 -2.3762453 -0.16819267 -0.36926803 0.398895 0.30909783 1003.38 
20150706143801 12.336124 -1.6136919 -1.3174095 -0.19181168 0.32345316 0.183565 1003.38 
20150706143801 14.469358 1.4389153 1.1318588 -0.015882496 0.08093964 0.13469578 1003.38 
20150706143802 14.6998 1.7621324 2.4061728 0.06047566 -0.3203988 0.113926366 1003.38 
20150706143802 13.0998745 0.6242881 1.8710686 0.1151481 -0.6096435 -0.2602286 1003.38 
20150706143802 13.100473 -1.228824 -0.9720459 0.25320363 -0.33964106 -0.4868596 1003.38 
20150706143802 13.996503 0.51355624 -5.527613 0.43951756 0.21074851 -0.38759398 1003.38 
20150706143802 10.094553 4.5992613 -6.6307416 0.5858198 0.3381139 -0.101098195 1003.38 
20150706143802 7.4735007 1.8830396 -5.3678 0.36254853 0.14446963 -0.376293 1003.41 
20150706143802 8.267179 0.43035775 -6.0770826 0.04062254 -0.43127087 -0.6432411 1003.41 
20150706143802 11.589133 -2.4468741 -2.9741971 -0.0290161 -0.5723807 -0.46273044 1003.41 
20150706143802 14.073117 -3.317765 -2.8874073 -0.22143865 -0.18020524 -0.28496864 1003.41 
20150706143802 14.4053135 -1.7429788 -2.421735 -0.129198 0.19242255 -0.19517145 1003.41 
20150706143802 12.310986 -0.5446809 -2.4809916 0.012217305 0.13591751 -0.086437434 1003.41 
20150706143802 9.260174 -0.6476316 -2.9783869 0.20952678 0.20708331 0.11301007 1003.41 
20150706143802 6.82946 -0.19393034 -2.8580782 0.32986724 0.31856623 0.31520647 1003.41 
20150706143802 4.959589 0.24061728 -2.3223755 0.1872302 0.51068336 0.5671884 1003.41 
20150706143802 4.572925 1.6454151 -1.7046716 0.048563786 0.49877146 0.68844515 1003.45 
20150706143802 4.6896424 1.858499 -1.163582 -0.06566802 0.3662137 0.73914695 1003.45 
20150706143802 5.898116 0.56084174 -0.95349085 -0.1423316 0.11575896 0.58276546 1003.45 
20150706143802 7.3537903 -1.3120226 -1.027711 -0.22632557 -0.13622294 0.48166725 1003.45 
20150706143802 7.876325 -2.3409307 -1.0516531 -0.32925636 -0.2959642 0.46792278 1003.45 
20150706143802 8.354567 -2.8335378 -0.6631939 -0.31215215 -0.364992 0.28130344 1003.45 
20150706143802 8.974665 -3.140594 -0.20530279 -0.23518312 -0.40133846 0.029626964 1003.45 
20150706143802 9.258977 -2.8562827 -0.110133275 -0.08827003 -0.34269542 -0.060170226 1003.45 
20150706143802 8.836999 -2.023699 0.5315128 0.20861048 -0.27366763 -0.12950343 1003.45 
20150706143802 9.091382 -0.82001406 0.7380127 0.46395215 -0.15851954 -0.2574797 1003.4 
20150706143802 10.38904 -0.03172317 0.09995792 0.61361414 -0.036957346 -0.39645153 1003.4 
20150706143802 12.798205 1.869273 -0.84575176 0.62125 0.05497787 -0.42241332 1003.4 
20150706143802 14.07611 3.426701 -0.95708215 0.35185838 0.043982297 -0.31581733 1003.4 
20150706143802 12.922704 0.38307226 0.8463503 -0.012217305 -0.14996742 -0.14294247 1003.4 
20150706143802 13.493122 -3.1705215 1.922544 -0.21838433 -0.32589662 -0.16493362 1003.4 
20150706143802 15.092449 -3.5272577 -0.035913024 -0.16768251 -0.22113322 0.050396383 1003.4 
20150706143802 14.944009 -2.8078 -1.757344 -0.06352998 -0.019242255 0.44929138 1003.4 
20150706143802 13.058575 -2.360683 -4.9063177 0.035124753 0.3136793 0.6221663 1003.4 
20150706143802 9.309854 -2.666542 -5.531803 0.19853121 0.1554652 0.70738196 1003.44 
20150706143802 5.8879404 -3.122039 -4.4633904 0.31031954 0.01038471 0.65668017 1003.44 
20150706143802 7.0209966 -0.7182605 -4.927267 0.462425 0.06505715 0.41141775 1003.44 
20150706143802 11.421539 1.7890673 -4.1557355 0.57818395 0.026572637 0.31795537 1003.44 
20150706143802 13.987525 1.762731 -2.7778726 0.48075095 0.111177474 0.3472769 1003.44 
20150706143802 13.678673 -0.3429694 -1.9405005 0.17470746 -0.01740966 0.06414085 1003.44 
20150706143802 11.418547 -1.541866 -2.3594859 0.26175576 -0.15577064 -0.17440203 1003.44 
20150706143802 8.564658 -1.3790601 -2.408567 0.44348818 -0.08399397 -0.2938262 1003.44 
20150706143802 5.7802014 -0.7661445 -2.4253263 0.54550266 0.045814894 -0.5885687 1003.44 
20150706143802 3.3877954 -0.6733692 -1.186327 0.55955255 0.19975294 -0.76083267 1003.37 
20150706143802 7.0730705 -1.1438298 -0.47105917 0.571159 0.26267207 -0.7974846 1003.37 
20150706143802 7.1604586 0.5530606 -1.365892 0.7287622 0.02321288 -0.72173727 1003.37 
20150706143802 6.035184 1.5454572 -1.9003977 0.945314 -0.20647246 -0.44318274 1003.37 
20150706143802 6.1782374 1.7764976 -1.6609775 0.8472701 -0.18997909 -0.43371433 1003.37 
20150706143802 7.6919713 1.3892355 -0.9498995 0.7855727 -0.13316862 -0.30940324 1003.37 
20150706143802 8.872911 1.3108255 -0.7637503 0.73945236 -0.18417588 -0.095294975 1003.37 
20150706143802 9.120711 2.284667 -0.76075757 0.6441574 -0.32986724 0.048258353 1003.37 
20150706143803 9.183559 1.9578584 -0.038905777 0.45478916 -0.29046643 0.12950343 1003.37 
20150706143803 9.690532 0.95708215 1.0139444 0.23793201 -0.14721853 0.19333886 1003.4 
20150706143803 10.292673 0.2885013 1.0827777 -0.012217305 -0.042760566 0.2751948 1003.4 
20150706143803 10.518925 -0.51355624 0.44651863 -0.11362094 0.13897185 0.3371976 1003.4 
20150706143803 10.958859 -1.5107412 -1.3162124 -0.062308256 0.2996294 0.24373524 1003.4 
20150706143803 13.771448 0.82899237 -0.26276365 0.028710667 0.25961772 0.112704635 1003.4 
20150706143803 14.923657 1.965041 2.2619221 0.12583824 0.07086037 0.13988814 1003.4 
20150706143803 14.059351 0.95109665 2.3882163 0.102319926 -0.3368922 -0.12644911 1003.4 
20150706143803 14.12998 -1.9494787 0.84814596 0.1563815 -0.41386122 -0.38331795 1003.4 
20150706143803 14.343064 -1.5819688 -4.429273 0.34666604 -0.06291912 -0.35094208 1003.4 
20150706143803 11.220427 3.582923 -6.637326 0.57451874 0.25320363 -0.0711658 1003.42 
20150706143803 6.865972 3.888782 -5.5443726 0.4813618 0.23579398 -0.25228736 1003.42 
20150706143803 6.5882444 2.5318682 -5.647922 0.23273966 -0.16249016 -0.64996064 1003.42 
20150706143803 9.664195 0.092176765 -3.916914 0.04734206 -0.28985557 -0.602924 1003.42 
20150706143803 13.3386965 -3.490746 -3.0298622 -0.24556783 -0.099571034 -0.29840767 1003.42 
20150706143803 15.5275955 -3.180697 -2.621651 -0.26847526 0.20769419 -0.13255776 1003.42 
20150706143803 13.305776 -1.4688427 -1.9644425 -0.04184427 0.050701816 0.059253927 1003.42 
20150706143803 10.040085 -0.8762778 -2.5851393 0.046731193 0.13469578 0.15882497 1003.42 
20150706143803 7.687782 -0.41000703 -2.9921536 0.2144137 0.20952678 0.2959642 1003.42 
20150706143803 5.6856303 -0.024540568 -2.569577 0.23976462 0.33292156 0.41783184 1003.38 
20150706143803 4.5382094 1.115698 -1.7741034 0.07819075 0.3005457 0.62796944 1003.38 
20150706143803 4.472967 2.1871033 -1.2791022 -0.0076358155 0.23182335 0.70096785 1003.38 
20150706143803 5.068525 1.049259 -1.2246342 -0.040011674 0.11178834 0.7134906 1003.38 
20150706143803 5.9609637 -0.94690675 -1.4688427 -0.18600847 -0.07941248 0.6817256 1003.38 
20150706143803 6.6121864 -2.3289597 -1.4454993 -0.27763826 -0.16554448 0.63346726 1003.38 
20150706143803 8.128913 -2.882619 -0.5746084 -0.26511553 -0.2764165 0.40439278 1003.38 
20150706143803 9.118916 -2.6940753 -0.08080431 -0.24281894 -0.34238997 0.14752395 1003.38 
20150706143803 9.900622 -2.256535 0.28491 -0.1432479 -0.37048978 -0.08368854 1003.38 
20150706143803 10.399814 -1.4826094 0.6218939 0.07422013 -0.40744713 -0.15515977 1003.34 
20150706143803 10.857106 -0.58897364 0.5518635 0.24220806 -0.32650748 -0.27305678 1003.34 
20150706143803 11.641207 0.60812724 -0.17118542 0.2657264 -0.07819075 -0.40042216 1003.34 
20150706143803 12.25113 2.071583 -0.6278794 0.18906279 0.07880162 -0.39858958 1003.34 
20150706143803 12.430696 0.96426475 0.10295067 -0.077579886 0.19120082 -0.20097467 1003.34 
20150706143803 13.07294 -2.2583308 1.8950106 -0.21197024 0.1142318 -0.094989546 1003.34 
20150706143803 14.325706 -2.4121583 2.2349873 -0.23457226 0.013133603 0.07727446 1003.34 
20150706143803 15.316307 -2.087744 -0.3429694 -0.14569137 0.005497787 0.41905355 1003.34 
20150706143803 13.435661 -2.381632 -3.2992098 -0.21105394 0.1826487 0.5876524 1003.34 
20150706143803 11.100118 -2.949058 -6.3099184 -0.20463985 0.39400807 0.5290093 1003.38 
20150706143803 8.905233 -2.7988217 -6.537368 0.03145956 0.16829337 0.67347896 1003.38 
20150706143803 6.4763155 -3.329736 -5.695207 0.39095375 -0.26145032 0.70157874 1003.38 
20150706143803 10.55843 0.23762453 -5.7065797 0.3390302 -0.36254853 0.30543262 1003.38 
20150706143803 14.107235 2.77069 -3.8564603 0.2751948 -0.034513887 0.25137106 1003.38 
20150706143803 14.436438 2.622848 -2.5839422 0.026572637 0.13744467 0.18387043 1003.38 
20150706143803 12.258312 0.700304 -2.9454668 -0.15027285 0.037873644 -0.056505036 1003.38 
20150706143803 9.881469 -0.4177882 -2.6240451 -0.047647487 0.083383106 -0.2415972 1003.38 
20150706143803 7.595605 -0.84694886 -2.2756886 -0.0693332 0.13775012 -0.43249258 1003.38 
20150706143803 4.9224787 -0.90381116 -2.4672248 -0.040011674 0.19608775 -0.61269784 1003.36 
20150706143803 3.642778 -2.3744495 0.20111294 0.10781772 0.28313604 -0.752586 1003.36 
20150706143803 7.428011 -1.7806876 -0.3764882 0.14660765 0.21166481 -0.78893244 1003.36 
20150706143803 6.297349 0.18914193 -1.4425066 0.39950588 -0.055588737 -0.6435465 1003.36 
20150706143803 4.945224 1.8237832 -1.3760674 0.61850107 -0.099571034 -0.5348125 1003.36 
20150706143804 5.720945 2.0338743 -0.9660604 0.5363397 -0.12889257 -0.5213735 1003.36 
20150706143804 7.6147585 1.5693992 -0.6739678 0.5122105 -0.023823744 -0.2855795 1003.36 
20150706143804 8.616732 1.4305356 -0.7086837 0.5207626 -0.02076942 -0.016798794 1003.36 
20150706143804 9.345168 1.8327614 -0.40282443 0.3998113 -0.19242255 0.16798794 1003.36 
20150706143804 9.993997 2.078167 0.29029694 0.28405234 -0.26358834 0.24648413 1003.37 
20150706143804 10.314819 1.6142905 1.2563573 0.13591751 -0.21410827 0.36285394 1003.37 
20150706143804 10.597335 0.4321534 0.75596917 -0.019242255 -0.05589417 0.4196644 1003.37 
20150706143804 11.574169 -1.4718355 -0.6278794 -0.014049901 0.13133603 0.33292156 1003.37 
20150706143804 14.329896 -0.46926352 -0.6183026 0.058948494 0.18692477 0.23915374 1003.37 
20150706143804 15.588647 1.4814123 2.1823149 0.11881329 0.06261369 0.2415972 1003.37 
20150706143804 14.072519 1.0953473 2.7934349 0.07086037 -0.29443705 0.019242255 1003.37 
20150706143804 12.943054 -1.6065093 2.1122844 0.10170906 -0.34208453 -0.34238997 1003.37 
20150706143804 12.849082 -2.0949266 -3.9653966 0.32895094 -0.010079277 -0.47342056 1003.37 
20150706143804 13.231556 4.373608 -7.4896617 0.675617 0.3481932 -0.160963 1003.38 
20150706143804 8.183381 4.903325 -6.2446766 0.60231316 0.40866885 -0.087964594 1003.38 
20150706143804 7.7560163 2.1320367 -5.6239796 0.34208453 -0.35002577 -0.5290093 1003.38 
20150706143804 10.313622 -0.024540568 -5.6102133 0.111177474 -0.6630942 -0.5861252 1003.38 
20150706143804 12.546215 -3.4560301 -4.1665096 -0.10995574 -0.41905355 -0.27366763 1003.38 
20150706143804 14.064738 -3.2626984 -3.809175 -0.24404067 0.046120327 -0.25045475 1003.38 
20150706143804 13.317148 -1.7567455 -2.8646624 -0.013744468 0.11148291 -0.14752395 1003.38 
20150706143804 10.785878 -1.163582 -3.0765493 0.10048734 0.14172074 0.04917465 1003.38 
20150706143804 8.285135 -0.56084174 -3.3488896 0.23335053 0.1255328 0.24465153 1003.38 
20150706143804 5.9621606 0.023942016 -2.9843724 0.21899518 0.2938262 0.39553526 1003.42 
20150706143804 4.3837833 1.079785 -2.2343888 0.087659165 0.36102137 0.5748242 1003.42 
20150706143804 3.899556 2.6731262 -1.3365631 -0.045814894 0.31490102 0.64599 1003.42 
20150706143804 4.426879 2.0871453 -1.0265139 -0.19883664 0.14508049 0.63591075 1003.42 
20150706143804 6.2883706 -0.9516952 -1.3976152 -0.29749137 -0.07941248 0.5494733 1003.42 
20150706143804 6.7480574 -2.3810337 -1.3090298 -0.44959682 -0.20830505 0.5186246 1003.42 
20150706143804 7.7931266 -2.8562827 -0.74998367 -0.46639562 -0.310625 0.3717115 1003.42 
20150706143804 8.4664955 -2.8389246 -0.16879122 -0.45204028 -0.42210788 0.15332718 1003.42 
20150706143804 8.826823 -2.44448 0.11611878 -0.34697145 -0.4251622 -0.025961773 1003.42 
20150706143804 9.532514 -1.7351977 0.20530279 -0.16035213 -0.39736784 -0.11942416 1003.39 
20150706143804 11.0061455 -0.670975 0.23882163 0.061391957 -0.30268374 -0.17867808 1003.39 
20150706143804 12.682086 0.1436521 -0.47524905 0.14782938 -0.24312437 -0.28680122 1003.39 
20150706143804 13.327922 1.168969 -1.1414356 0.14080444 -0.29443705 -0.33261612 1003.39 
20150706143804 13.006501 1.7405846 -2.1643584 -0.026267206 -0.32925636 -0.21777347 1003.39 
20150706143804 12.909535 -0.07182605 0.0796072 -0.118507855 -0.2864958 -0.13316862 1003.39 
20150706143804 13.974357 -1.8956091 1.7591397 -0.26206118 -0.19181168 -0.09315695 1003.39 
20150706143804 15.210962 -2.0727801 -0.18016368 -0.3100141 -0.0852157 0.100792766 1003.39 
20150706143804 13.683461 -2.48578 -3.8127663 -0.23609942 0.048563786 0.33383787 1003.39 
20150706143804 11.774085 -2.1775265 -5.3259015 -0.22143865 0.4288274 0.3659083 1003.39 
20150706143804 7.929596 -2.1296425 -5.230732 -0.21563543 0.4251622 0.44226643 1003.39 
20150706143804 5.827487 -2.484583 -5.1140146 0.11881329 -0.026572637 0.5500842 1003.39 
20150706143804 7.9278 0.11911154 -5.099051 0.43310347 -0.0729984 0.408058 1003.39 
20150706143804 11.19409 2.0638018 -5.565322 0.44073927 0.0852157 0.3659083 1003.39 
20150706143804 14.709376 2.5252843 -4.0521865 0.44226643 0.19333886 0.21166481 1003.39 
20150706143804 14.58009 1.3078327 -3.4171243 0.17165314 -0.096516706 0.08552113 1003.39 
20150706143804 12.028469 0.8182184 -3.1262288 0.06627888 -0.32986724 -0.09468412 1003.39 
20150706143804 8.823831 0.7637503 -2.4654293 -0.06291912 -0.07391469 -0.36010507 1003.39 
20150706143805 6.06571 0.8026561 -2.5192988 -0.115453534 0.3286455 -0.5552765 1003.44 
20150706143805 2.6635494 -0.21428105 -2.0721815 -0.018325957 0.5540548 -0.602924 1003.44 
20150706143805 5.703587 -3.696049 -0.53809685 0.07696902 0.46792278 -0.6273586 1003.44 
20150706143805 6.205771 -0.35913026 -0.50038815 0.25411993 0.10048734 -0.57910025 1003.44 
20150706143805 4.9757495 0.96067345 -1.4197617 0.34269542 -0.46700647 -0.21227567 1003.44 
20150706143805 5.3899465 1.3012487 -1.6436194 0.29901853 -0.18570304 -0.30176744 1003.44 
20150706143805 7.035362 1.4161704 -1.4143747 0.35124752 -0.19730948 -0.24556783 1003.44 
20150706143805 8.373122 1.7280151 -1.1959038 0.3454443 -0.0693332 -0.09590584 1003.44 
20150706143805 8.770559 1.8507179 -0.6943185 0.27275133 -0.12858713 0.082161374 1003.44 
20150706143805 9.617508 1.939902 0.33638534 0.18875736 -0.118202426 0.19211712 1003.39 
20150706143805 10.396821 1.4999673 1.1174936 0.05681047 -0.074830994 0.33475417 1003.39 
20150706143805 11.084556 0.37708676 0.53809685 -0.058643065 0.057726767 0.43371433 1003.39 
20150706143805 11.684303 -1.5466543 -0.9947908 -0.048563786 0.2611449 0.40500367 1003.39 
20150706143805 14.3281 -0.9498995 -0.83497787 0.048563786 0.3036 0.28863382 1003.39 
20150706143805 15.063719 0.94211835 1.3910311 0.1518 0.14569137 0.17684549 1003.39 
20150706143805 13.415311 0.9283517 2.2643163 0.13225232 -0.18936823 -0.10995574 1003.39 
20150706143805 12.749125 -0.65660983 1.8303672 0.1301143 -0.19120082 -0.3933972 1003.39 
20150706143805 13.778631 -1.1994951 -3.0538042 0.40408736 0.124311075 -0.40317106 1003.39 
20150706143805 14.595054 4.2251673 -8.597578 0.7119634 0.34574974 -0.10048734 1003.43 
20150706143805 7.8613615 5.039196 -6.929418 0.70738196 0.3042109 -0.15454891 1003.43 
20150706143805 7.781754 2.0721815 -6.287772 0.21074851 -0.35827246 -0.61391956 1003.43 
20150706143805 10.548254 -0.17058687 -5.300164 -0.06261369 -0.5543602 -0.6010914 1003.43 
20150706143805 12.957419 -3.674501 -3.822343 -0.22540927 -0.29749137 -0.23090707 1003.43 
20150706143805 14.706983 -3.8025908 -2.930503 -0.29810223 0.26725355 -0.096516706 1003.43 
20150706143805 13.321339 -2.3145945 -2.2242134 -0.06566802 0.28588495 -0.005497787 1003.43 
20150706143805 10.544662 -1.7136499 -2.9358897 0.18234327 0.28619036 0.058643065 1003.43 
20150706143805 8.028955 -1.3084313 -3.3075895 0.54153204 0.20341812 0.23457226 1003.43 
20150706143805 5.710171 -0.42078096 -3.280655 0.59528816 0.21471913 0.3839288 1003.4 
20150706143805 4.3305125 2.8353333 -1.9297266 0.47311515 0.21288654 0.6062838 1003.4 
20150706143805 4.0294414 3.5500026 -1.6980876 0.2782491 0.21502456 0.6957755 1003.4 
20150706143805 5.13257 1.6059108 -1.4694413 0.070554934 0.056199603 0.6151413 1003.4 
20150706143805 6.381745 -0.6991069 -1.5047557 -0.082161374 -0.10781772 0.47342056 1003.4 
20150706143805 7.1233487 -2.504335 -1.5286977 -0.27763826 -0.18784106 0.43493605 1003.4 
20150706143805 8.000824 -2.7922378 -1.1785458 -0.35460728 -0.34055737 0.25259277 1003.4 
20150706143805 8.186374 -2.5139117 -0.55126494 -0.38759398 -0.410196 0.054061573 1003.4 
20150706143805 8.393473 -2.0679917 -0.05267244 -0.38881573 -0.35796702 -0.098043874 1003.4 
20150706143805 8.857947 -1.5682021 0.2645593 -0.1966986 -0.23793201 -0.14996742 1003.44 
20150706143805 10.093954 -0.55605334 0.5057751 0.030543262 -0.01740966 -0.19150625 1003.44 
20150706143805 11.369465 0.6087258 0.24899697 0.10354166 0.15515977 -0.26816985 1003.44 
20150706143805 12.99453 1.8082209 -0.90021986 0.01038471 0.17592919 -0.32253686 1003.44 
20150706143805 13.719973 0.2885013 -0.5967548 -0.25167647 0.10170906 -0.2049453 1003.44 
20150706143805 14.054563 -2.248754 1.3617022 -0.3200934 -0.024740042 -0.13744467 1003.44 
20150706143805 15.008054 -2.40318 1.7178397 -0.3213151 -0.12767084 0.005497787 1003.44 
20150706143805 15.50485 -3.0214825 -1.0576386 -0.26206118 -0.060170226 0.29352075 1003.44 
20150706143805 14.660894 -2.6862943 -3.3081882 -0.16707164 0.19425514 0.42455134 1003.44 
20150706143805 11.21444 -3.063381 -6.5708866 0.026572637 0.38453966 0.4615087 1003.38 
20150706143805 7.908048 -2.9634233 -6.2650275 0.2968805 0.1853976 0.6239988 1003.38 
20150706143805 6.3242836 -2.7030537 -6.002862 0.5216789 0.051923547 0.6041457 1003.38 
20150706143805 10.534488 0.7739257 -5.3181205 0.52442783 0.06688975 0.3115413 1003.38 
20150706143805 13.759478 2.8951883 -3.0029275 0.48075095 0.3830125 0.2666427 1003.38 
20150706143805 13.460202 1.8992004 -2.8048072 0.1441642 0.29901853 -0.002443461 1003.38 
20150706143806 11.601105 0.56443304 -3.040636 0.07086037 0.06627888 -0.21166481 1003.38 
20150706143806 9.389461 0.037708677 -2.4103625 0.08460484 0.086437434 -0.28099802 1003.38 
20150706143806 6.7989345 -0.39564183 -2.6617537 -0.025961773 0.07666359 -0.47433686 1003.38 
20150706143806 4.2437224 -1.7776948 0.557849 0.008246681 0.24862215 -0.6713409 1003.44 
20150706143806 7.7530236 -1.5568297 -0.6865373 0.07452556 0.3662137 -0.711658 1003.44 
20150706143806 6.5840545 -0.30107087 -1.3221979 0.20066923 0.106901415 -0.63591075 1003.44 
20150706143806 5.5192337 0.7386112 -1.8136078 0.6579019 -0.17104226 -0.4428773 1003.44 
20150706143806 4.835689 1.2976574 -1.270124 0.6966918 0.0021380284 -0.44532076 1003.44 
20150706143806 5.7389016 1.4820108 -0.74399817 0.7770206 -0.027794369 -0.3820962 1003.44 
20150706143806 7.0209966 1.9369092 -0.760159 0.77121735 0.020463986 -0.20250183 1003.44 
20150706143806 8.049306 2.4995465 -0.3728969 0.7079928 -0.07696902 -0.04734206 1003.44 
20150706143806 8.993818 2.4366987 0.427365 0.56505036 -0.15057829 0.0852157 1003.44 
20150706143806 10.262147 2.2810757 1.3263878 0.40622538 -0.12308934 0.22510384 1003.46 
20150706143806 11.325771 1.4287399 1.4580688 0.18509217 -0.043676864 0.37048978 1003.46 
20150706143806 12.155961 -1.1031284 -0.6799533 0.032375857 0.08674286 0.32742378 1003.46 
20150706143806 14.641741 -1.4790181 -0.61052144 0.12217305 0.15271631 0.20555615 1003.46 
20150706143806 15.403096 0.7410054 2.1320367 0.15485434 0.03970624 0.11728613 1003.46 
20150706143806 13.704411 1.0582372 2.6557682 0.029626964 -0.20066923 -0.09010262 1003.46 
20150706143806 12.2798605 -0.700304 2.8856115 0.03848451 -0.2098322 -0.5143485 1003.46 
20150706143806 12.860455 -2.4600422 -0.79607207 0.23426682 0.18875736 -0.46883908 1003.46 
20150706143806 14.543578 1.6843209 -7.3549876 0.627664 0.30665436 -0.16646078 1003.46 
20150706143806 9.873688 6.103419 -7.1101804 0.84635377 0.3042109 -0.002443461 1003.37 
20150706143806 6.6175733 2.7808652 -5.9837084 0.35979962 -0.118507855 -0.6096435 1003.37 
20150706143806 9.508572 1.3640964 -5.561132 0.051923547 -0.37751472 -0.83016586 1003.37 
20150706143806 12.4552355 -1.9931729 -2.949058 -0.010995574 -0.18784106 -0.23762658 1003.37 
20150706143806 14.211383 -3.110068 -2.777274 -0.102319926 0.16187929 -0.1160644 1003.37 
20150706143806 14.196419 -1.882441 -1.9596541 0.082161374 0.39950588 -0.03756821 1003.37 
20150706143806 12.11107 -1.2024878 -2.3409307 0.19211712 0.35827246 0.10262536 1003.37 
20150706143806 9.634866 -1.3628993 -2.8257565 0.40500367 0.23793201 0.25320363 1003.37 
20150706143806 6.408081 -1.122282 -2.6743233 0.5543602 0.2510656 0.43585235 1003.37 
20150706143806 4.8482585 0.9600749 -2.223615 0.47525316 0.258396 0.58276546 1003.44 
20150706143806 4.2957964 2.653374 -1.797447 0.2593123 0.27366763 0.70554936 1003.44 
20150706143806 4.5537715 2.3265655 -1.484405 0.0076358155 0.226631 0.7690793 1003.44 
20150706143806 5.853823 0.374094 -1.4000094 -0.17684549 0.010995574 0.6908886 1003.44 
20150706143806 6.4607534 -1.2880806 -1.7316064 -0.35246924 -0.18112154 0.6093381 1003.44 
20150706143806 7.077859 -2.4145525 -0.99419224 -0.4615087 -0.28069258 0.47647488 1003.44 
20150706143806 7.6883802 -2.802413 0.061650693 -0.45081854 -0.32986724 0.21838433 1003.44 
20150706143806 8.110358 -2.7365725 0.65242 -0.44348818 -0.24617869 0.02687807 1003.44 
20150706143806 8.854357 -2.44029 0.94092125 -0.29443705 -0.22021692 -0.109650314 1003.44 
20150706143806 10.244789 -2.067393 1.1408371 -0.04520403 -0.16065755 -0.13683382 1003.39 
20150706143806 11.56998 -0.8996213 0.79248077 0.11911872 -0.01985312 -0.23182335 1003.39 
20150706143806 12.575544 1.5705963 -0.076015905 0.14080444 0.052839845 -0.29016098 1003.39 
20150706143806 12.86644 1.8764555 -0.56802434 -0.065973446 0.09682214 -0.23243423 1003.39 
20150706143806 13.057976 -1.1701661 2.220622 -0.21105394 0.09407325 -0.16493362 1003.39 
20150706143806 13.546991 -2.6491842 2.5797524 -0.19028452 0.017104227 -0.07391469 1003.39 
20150706143806 15.277401 -2.5157075 0.29388827 -0.16035213 -0.02443461 0.25320363 1003.39 
20150706143806 15.322891 -2.4277205 -1.8064252 -0.11026118 0.04337143 0.59315014 1003.39 
20150706143806 12.8053875 -3.3854012 -5.478532 -0.031154128 0.045814894 0.68875057 1003.39 
20150706143806 9.446322 -3.3722332 -6.4781113 0.20799962 -0.2144137 0.77304995 1003.41 
20150706143806 6.6283474 -2.6378117 -4.80636 0.51251596 -0.24251351 0.84207773 1003.41 
20150706143807 8.3150625 -0.18974048 -5.692813 0.46089783 -0.17928895 0.47403142 1003.41 
20150706143807 13.496115 2.5031378 -3.9995139 0.45112398 0.062308256 0.28985557 1003.41 
20150706143807 15.081676 2.27928 -2.3014264 0.25320363 0.21105394 0.28955013 1003.41 
20150706143807 13.104663 0.8110358 -2.5683799 -0.004581489 0.03145956 0.005497787 1003.41 
20150706143807 10.432136 0.28072014 -2.35769 0.07391469 -0.03940081 -0.24495697 1003.41 
20150706143807 7.8212585 -0.338181 -1.9243397 0.022602014 0.05955936 -0.46914452 1003.41 
20150706143807 3.6661212 -0.7715315 -2.0266917 -0.0076358155 0.160963 -0.6872234 1003.41 
20150706143807 6.279991 -3.1244333 0.7793127 0.116980694 0.2828306 -0.7501425 1003.37 
20150706143807 7.2508397 -1.3485341 -0.92655605 0.21135938 0.2144137 -0.7626653 1003.37 
20150706143807 5.5401826 0.58119243 -1.5682021 0.5513059 -0.23579398 -0.66645396 1003.37 
20150706143807 4.68246 2.0213048 -1.2886791 0.72051555 -0.23060162 -0.55771995 1003.37 
20150706143807 5.952584 2.2948422 -1.0205284 0.6206391 -0.27397305 -0.5766568 1003.37 
20150706143807 8.081628 2.1679497 -0.8511387 0.5946773 -0.17073683 -0.3979787 1003.37 
20150706143807 9.035119 2.2272062 -0.842759 0.5885687 -0.22876903 -0.13897185 1003.37 
20150706143807 9.230247 2.4492683 -0.17298107 0.43554693 -0.3817908 0.06169739 1003.37 
20150706143807 10.081385 2.1320367 0.623091 0.22571471 -0.3268129 0.17470746 1003.37 
20150706143807 10.858902 1.1378443 1.3078327 0.04550946 -0.1386664 0.2678644 1003.34 
20150706143807 10.721834 -0.4261679 0.55485624 -0.12217305 0.010995574 0.31490102 1003.34 
20150706143807 10.718841 -2.697667 -1.2066777 -0.11148291 0.20463985 0.21655174 1003.34 
20150706143807 13.217789 -0.93732995 -0.842759 0.03176499 0.3042109 0.10323623 1003.34 
20150706143807 14.285005 1.8339585 2.0638018 0.07574729 0.124005646 0.16493362 1003.34 
20150706143807 14.144943 1.9913772 1.8297687 0.022296581 -0.22724187 -0.09865474 1003.34 
20150706143807 14.025233 0.35673606 0.17896658 0.10842858 -0.33750305 -0.45020768 1003.34 
20150706143807 15.692197 0.11971009 -4.083311 0.20586158 0.069027774 -0.44593164 1003.34 
20150706143807 13.154343 2.959832 -7.2604165 0.30757064 0.23671028 -0.19211712 1003.34 
20150706143807 7.2227077 2.6970682 -4.12102 0.23793201 0.05497787 -0.2855795 1003.45 
20150706143807 6.131551 1.5041572 -5.258864 -0.10140363 -0.2843578 -0.5555819 1003.45 
20150706143807 8.670003 -0.38965634 -3.9683893 -0.04520403 -0.2828306 -0.38362336 1003.45 
20150706143807 12.337321 -2.9753942 -3.2225955 -0.106901415 -3.0543262E-4 -0.18387043 1003.45 
20150706143807 15.235502 -3.2513258 -3.3500867 -0.0070249503 0.28710666 -0.05467244 1003.45 
20150706143807 14.372992 -1.9734207 -2.534861 0.13561209 0.09040806 -0.007941248 1003.45 
20150706143807 11.297639 -1.1737574 -3.2956185 0.20861048 0.018325957 0.036957346 1003.45 
20150706143807 6.71813 -0.3286042 -3.328539 0.36651915 0.05497787 0.14294247 1003.45 
20150706143807 4.6800656 0.64942724 -3.0298622 0.3454443 0.3399465 0.3381139 1003.45 
20150706143807 4.3544545 2.3014264 -1.9859903 0.23732115 0.44868052 0.535118 1003.37 
20150706143807 4.642357 2.3834279 -1.5568297 0.0983493 0.3912592 0.6768387 1003.37 
20150706143807 5.747281 0.9415198 -1.1025299 -0.045814894 0.16218472 0.6560693 1003.37 
20150706143807 6.3805475 -1.2330139 -1.0755951 -0.17104226 -0.12950343 0.52748215 1003.37 
20150706143807 6.6367273 -2.7275944 -0.9947908 -0.30848694 -0.27488935 0.5177083 1003.37 
20150706143807 7.316082 -2.996942 -0.48243165 -0.29260445 -0.34330627 0.39706242 1003.37 
20150706143807 8.164826 -2.7204118 0.29269117 -0.2519819 -0.398895 0.15607607 1003.37 
20150706143807 9.052477 -2.429516 0.47165772 -0.20219639 -0.3231477 0.010995574 1003.37 
20150706143807 10.496181 -1.977012 0.29568392 -0.0021380284 -0.28924468 -0.08277224 1003.37 
20150706143807 11.85489 -1.0600328 -0.2657564 0.2556471 -0.23854288 -0.15790866 1003.32 
20150706143807 12.346299 0.6171055 -0.4782418 0.2947425 -0.1563815 -0.30543262 1003.32 
20150706143807 12.872425 2.4540567 -0.92416185 0.16126843 -0.12064589 -0.3390302 1003.32 
20150706143807 12.787432 1.062427 0.023343466 -0.129198 -0.073303826 -0.21105394 1003.32 
20150706143807 13.493721 -2.5187001 1.8303672 -0.21991149 0.03634648 -0.13041973 1003.32 
20150706143807 14.0803 -2.7365725 1.9722236 -0.20555615 -0.0015271631 0.025350908 1003.32 
20150706143808 14.236522 -2.5971103 -0.53091425 -0.0021380284 0.0015271631 0.39736784 1003.32 
20150706143808 12.747329 -2.0446482 -2.5384524 0.06536258 0.19914207 0.5012149 1003.32 
20150706143808 10.44231 -2.2667105 -5.641338 0.06719518 0.40133846 0.45020768 1003.32 
20150706143808 7.7105265 -2.5803509 -5.808932 0.13072516 0.12339478 0.56199604 1003.45 
20150706143808 6.085462 -2.4241292 -5.48332 0.39920044 -0.115453534 0.4981606 1003.45 
20150706143808 10.924743 0.4177882 -5.179257 0.45173484 -0.23884831 0.25595254 1003.45 
20150706143808 15.299547 1.8381484 -3.9653966 0.55955255 -0.15424347 0.38789943 1003.45 
20150706143808 15.791555 1.3323733 -3.3129766 0.4260785 -0.11636983 0.30298916 1003.45 
20150706143808 12.605472 0.27114335 -2.7377696 0.27672195 -0.20952678 0.035124753 1003.45 
20150706143808 7.4166384 -0.2801216 -2.1523874 0.29535335 0.06719518 -0.3173445 1003.45 
20150706143808 4.4544125 -0.16938977 -2.3798366 0.23151793 0.37782016 -0.5674938 1003.45 
20150706143808 3.1495724 -1.4437037 -0.5279215 0.25686884 0.56107974 -0.73639804 1003.45 
20150706143808 7.7105265 -2.067393 -0.8391677 0.3555236 0.559858 -0.6963864 1003.39 
20150706143808 7.2298903 -0.52971715 -1.6250644 0.56138515 0.24312437 -0.5946773 1003.39 
20150706143808 5.829881 0.89782566 -1.922544 0.82344633 -0.24465153 -0.3717115 1003.39 
20150706143808 5.9364233 1.929128 -1.6370354 0.7806858 -0.17348573 -0.48197266 1003.39 
20150706143808 7.071873 1.7615339 -1.2880806 0.7602218 -0.17684549 -0.4550946 1003.39 
20150706143808 8.162432 1.8309658 -1.2174516 0.73945236 -0.16187929 -0.29626966 1003.39 
20150706143808 8.445546 2.4103625 -0.98940384 0.6417139 -0.23335053 -0.08002335 1003.39 
20150706143808 8.434174 2.5971103 0.092775315 0.4709771 -0.23396139 0.13561209 1003.39 
20150706143808 9.255983 1.8100165 1.050456 0.1966986 -0.08368854 0.30757064 1003.39 
20150706143808 10.274118 0.7763199 1.6310499 0.028099801 0.051618114 0.39095375 1003.4 
20150706143808 11.18571 -0.57161564 0.6596026 -0.10445796 0.13805555 0.39584067 1003.4 
20150706143808 11.494562 -2.6192567 -1.5155296 -0.07544186 0.16279559 0.22388211 1003.4 
20150706143808 13.405734 -0.47764325 -1.0618285 0.08277224 0.08032878 0.06261369 1003.4 
20150706143808 14.242507 1.6316484 2.022502 0.14080444 -0.121256754 0.15332718 1003.4 
20150706143808 13.690644 1.5304934 2.1751323 0.08979719 -0.2929099 -0.046731193 1003.4 
20150706143808 13.321339 -0.8343793 1.1605892 0.1695151 -0.2837469 -0.3023783 1003.4 
20150706143808 14.909891 -1.5831659 -3.912724 0.30787608 0.13683382 -0.30268374 1003.4 
20150706143808 13.086706 4.132991 -6.607398 0.5885687 0.24495697 -0.073303826 1003.4 
20150706143808 7.5848308 4.578911 -5.7646394 0.5006041 0.11789699 -0.29932398 1003.42 
20150706143808 6.4487824 2.694674 -5.2768207 0.064751714 -0.25717425 -0.6921103 1003.42 
20150706143808 8.565855 0.4213795 -3.8744168 -0.034208454 -0.09101892 -0.5027421 1003.42 
20150706143808 12.220005 -2.858677 -2.6868927 -0.33964106 0.18173242 -0.16646078 1003.42 
20150706143808 14.733318 -2.0123265 -2.3810337 -0.32650748 0.44684792 -0.028405234 1003.42 
20150706143808 12.725182 -0.40043023 -2.3529017 -0.20250183 0.089186326 0.01038471 1003.42 
20150706143808 10.192117 -0.37588966 -3.0113072 -0.09590584 0.07452556 0.044593163 1003.42 
20150706143808 8.39886 -0.43993455 -2.8778305 0.051923547 0.12614368 0.12705997 1003.42 
20150706143808 6.5230026 -0.3890578 -2.3864205 0.06872234 0.22449298 0.3585779 1003.42 
20150706143808 5.45878 0.6751649 -1.9877859 0.009162978 0.2855795 0.5363397 1003.42 
20150706143808 5.1140146 1.8501194 -1.5047557 -0.06780604 0.30573806 0.61666846 1003.42 
20150706143808 5.489306 1.4197617 -1.192911 -0.2657264 0.25595254 0.64904433 1003.42 
20150706143808 6.2985463 -0.23523031 -1.4173675 -0.4352415 0.050396383 0.548557 1003.42 
20150706143808 6.6828156 -1.6256629 -1.3305776 -0.5348125 -0.13255776 0.5491679 1003.42 
20150706143808 7.2514386 -2.2625206 -0.7954735 -0.5674938 -0.23365596 0.44593164 1003.42 
20150706143808 7.6375036 -2.3068132 -0.020350715 -0.5705481 -0.33414328 0.20372356 1003.42 
20150706143808 7.937976 -2.3391352 0.7134721 -0.5723807 -0.32834008 0.01863139 1003.42 
20150706143808 8.747814 -2.1140802 1.009156 -0.4251622 -0.31703907 -0.080634214 1003.42 
20150706143808 10.238205 -1.6142905 0.92176765 -0.19211712 -0.32711834 -0.116980694 1003.38 
20150706143808 11.902774 -1.5113398 -0.25438392 -0.08674286 -0.25809056 -0.23335053 1003.38 
20150706143809 13.968371 0.11671733 -1.477821 -0.08277224 -0.24617869 -0.27397305 1003.38 
20150706143809 14.272435 1.0313023 -0.7942764 -0.11148291 -0.31948254 -0.16493362 1003.38 
20150706143809 13.531429 -0.4165911 1.3652935 -0.16432275 -0.38515055 -0.10140363 1003.38 
20150706143809 13.523648 -1.3910311 1.9626468 -0.19486602 -0.13408493 -0.086132 1003.38 
20150706143809 13.845669 -1.1647792 0.22385786 -0.09773844 0.103847094 0.23884831 1003.38 
20150706143809 13.254301 -0.93254155 -2.6390088 -0.11728613 0.4288274 0.514654 1003.38 
20150706143809 12.130223 -2.3409307 -5.1726727 -0.2180789 0.64996064 0.54641896 1003.38 
20150706143809 9.220071 -3.352481 -6.126762 -0.15760323 0.29229903 0.68233645 1003.37 
20150706143809 6.0651116 -3.8953662 -4.955399 0.19394971 -0.0125227375 0.75716746 1003.37 
20150706143809 8.161834 -1.0702082 -5.5617304 0.15974127 -0.027488936 0.41691554 1003.37 
20150706143809 14.147338 2.3157916 -3.0621839 0.26175576 0.19364429 0.40591997 1003.37 
20150706143809 14.220361 0.9900024 -2.5438392 0.13133603 0.15668693 0.4279111 1003.37 
20150706143809 12.258911 -0.25019407 -2.4420857 0.013439035 -0.047647487 0.113926366 1003.37 
20150706143809 9.251794 -0.7320272 -2.1164744 0.15271631 -0.103847094 -0.15057829 1003.37 
20150706143809 6.2871737 -0.7212533 -2.3139958 0.13836098 -0.013133603 -0.38912117 1003.37 
20150706143809 2.8173769 -1.2312182 -1.6711528 0.16646078 0.13927728 -0.6606508 1003.37 
20150706143809 6.7785835 -2.8658595 0.36152446 0.29657507 0.35827246 -0.77854776 1003.41 
20150706143809 7.599795 -1.1324574 -0.40581718 0.4196644 0.31490102 -0.768163 1003.41 
20150706143809 5.969942 0.34117374 -1.5215151 0.7816021 -0.17531833 -0.589485 1003.41 
20150706143809 5.746084 1.5592239 -1.2138603 0.8775079 0.01282817 -0.56016344 1003.41 
20150706143809 7.328053 2.4839842 -0.7733272 0.83291477 -0.062308256 -0.4914411 1003.41 
20150706143809 8.72088 3.271078 -0.5650316 0.8200866 -0.019547688 -0.30543262 1003.41 
20150706143809 9.133281 3.50152 -0.3776853 0.73426 -0.12308934 -0.035124753 1003.41 
20150706143809 9.389461 2.6611552 0.17896658 0.49296826 -0.172264 0.13316862 1003.41 
20150706143809 9.465476 1.3078327 0.85293436 0.12950343 0.014966198 0.22815818 1003.41 
20150706143809 9.91798 0.47465047 1.5634137 -0.07422013 0.093462385 0.27397305 1003.39 
20150706143809 10.237606 -0.9163807 0.95468795 -0.24587326 0.15790866 0.24465153 1003.39 
20150706143809 10.501567 -2.457648 -0.55725044 -0.20219639 0.21594086 0.10170906 1003.39 
20150706143809 13.150153 -0.1945289 0.08020575 -0.06414085 0.20647246 -0.012217305 1003.39 
20150706143809 14.316728 1.4269443 2.267309 0.029626964 -0.017104227 0.021685716 1003.39 
20150706143809 13.643957 0.99778354 1.7262194 0.0729984 -0.3390302 -0.22449298 1003.39 
20150706143809 14.177265 -0.4369418 -0.25258827 0.23273966 -0.3903429 -0.36713 1003.39 
20150706143809 15.71554 0.12270284 -4.723161 0.36163223 -0.0290161 -0.27672195 1003.39 
20150706143809 12.726379 4.9799395 -7.0634937 0.4728097 0.03390302 -0.08246681 1003.39 
20150706143809 7.5848308 3.6601357 -4.7441106 0.1853976 -0.12705997 -0.36651915 1003.38 
20150706143809 6.6504936 2.0410569 -4.9601874 -0.2556471 -0.16676621 -0.6591236 1003.38 
20150706143809 10.88823 -3.032855 -2.3930047 -0.33475417 0.03848451 -0.38606682 1003.38 
20150706143809 13.570933 -4.3358994 -2.8389246 -0.4822781 0.3213151 -0.16218472 1003.38 
20150706143809 13.830705 -2.034473 -2.1027076 -0.14844026 0.40653083 -0.06383542 1003.38 
20150706143809 11.700463 -0.3453636 -2.6126726 0.02687807 0.20158553 0.015577064 1003.38 
20150706143809 9.396643 -0.38606504 -3.2237926 0.17928895 0.12767084 0.06841691 1003.38 
20150706143809 7.5812397 -0.10055647 -2.759916 0.3915646 0.10445796 0.2312125 1003.38 
20150706143809 6.1596823 0.46387658 -1.9979613 0.2883284 0.23457226 0.4615087 1003.38 
20150706143809 5.631761 1.965041 -1.4850036 0.11301007 0.26236662 0.5900958 1003.4 
20150706143809 5.7736173 2.0644004 -1.4341269 -0.089186326 0.23854288 0.63713247 1003.4 
20150706143809 6.682217 0.81402856 -1.3269863 -0.28893927 0.12705997 0.59742624 1003.4 
20150706143809 7.3938932 -0.8948329 -1.3054385 -0.5122105 -0.054061573 0.56596667 1003.4 
20150706143809 7.641693 -1.9752164 -0.9888053 -0.58459806 -0.2779437 0.5375614 1003.4 
20150706143809 7.4190326 -2.4486697 -0.5129577 -0.61269784 -0.3585779 0.36254853 1003.4 
20150706143809 7.0940194 -2.7216089 0.18495208 -0.59803706 -0.33383787 0.09040806 1003.4 
20150706143810 7.0610995 -2.734777 0.7697359 -0.4981606 -0.301462 -0.052534413 1003.4 
20150706143810 8.628703 -1.9955671 1.0007763 -0.21105394 -0.28985557 -0.13958271 1003.4 
20150706143810 10.808623 -1.0971429 0.6979098 0.08155051 -0.24129178 -0.1386664 1003.39 
20150706143810 12.725182 -0.17896658 -0.39085343 0.16523905 -0.25381452 -0.16646078 1003.39 
20150706143810 13.096283 1.7471687 -1.9117701 0.08674286 -0.28099802 -0.15332718 1003.39 
20150706143810 12.610859 0.11552023 -0.32441434 -0.14844026 -0.20525073 -0.10781772 1003.39 
20150706143810 12.818556 -2.4797945 2.2284033 -0.17989981 -0.030543262 -0.16401732 1003.39 
20150706143810 14.172477 -1.9063832 2.0153193 -0.1563815 0.07696902 -0.027794369 1003.39 
20150706143810 15.407287 -1.0564415 -0.5746084 -0.06688975 0.109650314 0.32803464 1003.39 
20150706143810 14.632762 -0.8595184 -2.0799627 -0.04153884 0.2275473 0.5833763 1003.39 
20150706143810 10.984597 -2.7234044 -4.9063177 0.0571159 0.20280726 0.6389651 1003.39 
20150706143810 7.881712 -2.9161377 -5.5341973 0.1469131 0.038789943 0.7180721 1003.4 
20150706143810 5.46297 -1.365892 -5.3923407 0.25534168 0.14721853 0.66553766 1003.4 
20150706143810 11.255741 1.5969325 -4.3676224 0.05681047 0.06566802 0.31245756 1003.4 
20150706143810 14.746487 1.7597382 -2.2750902 0.14569137 0.15821409 0.35155296 1003.4 
20150706143810 14.407707 0.29149407 -2.1428106 3.0543262E-4 -0.034208454 0.2773328 1003.4 
20150706143810 12.130821 -0.66139823 -2.0727801 -0.005497787 -0.24129178 -0.025045475 1003.4 
20150706143810 9.100959 -0.6404489 -2.0560207 0.12522738 -0.064446285 -0.28527406 1003.4 
20150706143810 6.0699 -0.49559975 -2.007538 0.14080444 0.18142697 -0.4972443 1003.4 
20150706143810 4.8841715 -1.3198037 -0.12569559 0.18448131 0.4034765 -0.66248333 1003.4 
20150706143810 8.059482 -0.99538934 -0.51595044 0.21685717 0.52687126 -0.70707655 1003.37 
20150706143810 7.762002 0.008978256 -1.1569979 0.45814893 0.32986724 -0.60903263 1003.37 
20150706143810 6.6056023 1.0684125 -1.560421 0.6786713 -0.050396383 -0.44440445 1003.37 
20150706143810 6.151303 1.7609353 -1.2497733 0.6554584 -0.14752395 -0.49418998 1003.37 
20150706143810 6.6720414 1.7890673 -0.9103952 0.6093381 -0.039095376 -0.4709771 1003.37 
20150706143810 7.6093717 1.7280151 -0.7649474 0.5403103 -0.0021380284 -0.34574974 1003.37 
20150706143810 8.121132 1.9129672 -0.6344634 0.48349985 -0.087659165 -0.14110987 1003.37 
20150706143810 8.194754 1.9710265 0.01616086 0.38698313 -0.17867808 0.046120327 1003.37 
20150706143810 8.722675 1.5771804 0.9516952 0.19639318 -0.14385876 0.20769419 1003.37 
20150706143810 9.863512 1.1312603 1.6717514 0.0580322 -0.08827003 0.28619036 1003.35 
20150706143810 10.870275 0.5805939 1.1767502 -0.079107046 -0.03481932 0.31948254 1003.35 
20150706143810 10.720038 -1.4478935 -0.49200845 -0.12492194 0.028405234 0.2302962 1003.35 
20150706143810 12.551602 -1.0121487 -1.0031705 -0.014049901 0.08368854 0.12217305 1003.35 
20150706143810 14.252084 1.4269443 1.7495629 0.08277224 -0.03359759 0.19303341 1003.35 
20150706143810 13.587693 1.043872 2.48159 -0.009468411 -0.1853976 0.052534413 1003.35 
20150706143810 13.008895 -0.8331822 1.553837 0.010995574 -0.2742785 -0.3475823 1003.35 
20150706143810 14.723742 -1.9883845 -2.7503393 0.1957823 0.04520403 -0.3753767 1003.35 
20150706143810 15.357607 2.4361002 -5.5671177 0.42210788 0.183565 -0.14966199 1003.35 
20150706143810 6.8689647 2.6024973 -4.711789 0.33658674 0.055588737 -0.27885997 1003.38 
20150706143810 6.3153057 1.4927847 -5.179257 0.014966198 -0.36193767 -0.7846564 1003.38 
20150706143810 9.173983 -0.545878 -3.29502 0.027794369 -0.1432479 -0.6261369 1003.38 
20150706143810 12.305598 -2.2756886 -3.145981 -0.081855945 -0.07452556 -0.3210097 1003.38 
20150706143810 14.880562 -0.86490536 -2.7371712 -0.11575896 0.13958271 -0.19456059 1003.38 
20150706143810 13.857639 0.30645782 -2.259528 -0.0012217305 0.0852157 -0.10293079 1003.38 
20150706143810 11.355699 0.037708677 -2.6276364 -0.025045475 0.025961773 0.017104227 1003.38 
20150706143810 8.692748 -0.3716998 -2.980781 -0.041233405 0.04642576 0.21410827 1003.38 
20150706143810 6.6983776 -0.20530279 -2.5863364 -0.054061573 0.15088372 0.46303585 1003.38 
20150706143810 5.5120506 0.51714754 -1.8866309 -0.18295415 0.20922135 0.63804877 1003.4 
20150706143810 4.976947 1.252766 -1.5328877 -0.3494149 0.25717425 0.7483099 1003.4 
20150706143810 5.5485625 0.8499416 -1.3784616 -0.44501534 0.20525073 0.73364913 1003.4 
20150706143811 7.2382703 -1.0516531 -1.0175357 -0.48930305 0.029932396 0.6575964 1003.4 
20150706143811 8.182783 -1.9063832 -1.1348516 -0.5653558 -0.1853976 0.6395759 1003.4 
20150706143811 8.46051 -2.042254 -0.84216046 -0.5861252 -0.33414328 0.54336464 1003.4 
20150706143811 8.136695 -2.220622 -0.3333926 -0.5693264 -0.4361578 0.2648101 1003.4 
20150706143811 8.030751 -2.544438 0.109534726 -0.49693888 -0.38606682 0.04337143 1003.4 
20150706143811 8.003218 -2.4648306 0.6979098 -0.2968805 -0.2883284 -0.118507855 1003.4 
20150706143811 8.544308 -1.6717514 0.8265981 -0.02321288 -0.13194689 -0.17562376 1003.35 
20150706143811 9.607931 -0.7182605 0.90620536 0.17928895 -0.009162978 -0.2941316 1003.35 
20150706143811 11.463438 0.0035913025 0.017956512 0.19456059 0.029626964 -0.376293 1003.35 
20150706143811 13.305776 1.8489223 -1.1264719 0.11575896 -0.017715093 -0.33964106 1003.35 
20150706143811 12.873623 1.287482 -0.40402153 -0.0290161 -0.16462818 -0.15302174 1003.35 
20150706143811 13.14297 -2.0027497 1.400608 -0.10262536 -0.3136793 -0.14080444 1003.35 
20150706143811 14.312538 -2.566584 1.6130934 -0.060170226 -0.19517145 0.003970624 1003.35 
20150706143811 14.850635 -2.4181437 -0.8050503 0.064751714 -0.0067195175 0.4156938 1003.35 
20150706143811 13.324929 -1.1994951 -3.2465374 0.12889257 0.21197024 0.6001751 1003.35 
20150706143811 9.979631 -2.1529858 -5.1343656 0.109650314 0.3115413 0.58093286 1003.39 
20150706143811 6.841431 -2.7389667 -5.66109 0.087964594 0.13805555 0.5873469 1003.39 
20150706143811 5.9807158 -1.3808558 -5.5844755 0.28527406 0.051923547 0.47433686 1003.39 
20150706143811 10.819996 1.4425066 -4.0922894 0.21502456 -0.07513642 0.21471913 1003.39 
20150706143811 13.644555 2.3415294 -2.9388826 0.21074851 0.10415252 0.27214047 1003.39 
20150706143811 13.889961 0.44232875 -2.8203697 0.017715093 0.07360926 0.17348573 1003.39 
20150706143811 11.979987 -0.99419224 -2.5366566 -0.005192355 -0.06627888 -0.026572637 1003.39 
20150706143811 9.14226 -1.0666169 -2.27928 0.13561209 -0.06627888 -0.1301143 1003.39 
20150706143811 5.9944825 -0.38606504 -2.2379801 0.20647246 0.122783914 -0.3567453 1003.39 
20150706143811 4.594473 -0.60214174 -0.9900024 0.2883284 0.36285394 -0.5888741 1003.39 
20150706143811 7.257424 -0.65541273 -1.2503718 0.33505958 0.44501534 -0.6612616 1003.39 
20150706143811 7.0545154 0.2789245 -1.2563573 0.462425 0.22449298 -0.65301496 1003.39 
20150706143811 6.5882444 0.76075757 -1.608305 0.64812803 -0.07544186 -0.50823987 1003.39 
20150706143811 6.643311 1.1025299 -1.5747862 0.6435465 -0.17989981 -0.4831944 1003.39 
20150706143811 7.3466077 1.3389573 -1.2449849 0.6658431 -0.2012801 -0.42241332 1003.39 
20150706143811 8.341997 1.6154876 -0.9451111 0.59895337 -0.2519819 -0.27763826 1003.39 
20150706143811 8.734048 1.8393455 -0.80564886 0.52412236 -0.29779682 -0.116675265 1003.39 
20150706143811 8.717887 1.7717092 -0.23283611 0.4266894 -0.30024028 0.030848695 1003.39 
20150706143811 9.4774475 1.2611457 1.1713632 0.3371976 -0.2666427 0.103847094 1003.38 
20150706143811 10.454282 0.51475334 1.6460136 0.15027285 -0.17287487 0.25350907 1003.38 
20150706143811 11.068993 0.3657143 0.80804306 0.06047566 -0.040317107 0.32253686 1003.38 
20150706143811 10.195708 -1.3257892 -0.75237787 0.04184427 0.08277224 0.23640485 1003.38 
20150706143811 11.036672 -0.7392098 -2.0416555 0.06291912 0.1151481 0.10445796 1003.38 
20150706143811 13.098678 1.9081788 0.9008184 0.15699236 0.04153884 0.15149458 1003.38 
20150706143811 13.72536 1.4802152 2.72939 0.0720821 -0.19272798 0.05467244 1003.38 
20150706143811 13.858238 -2.6485856 1.0522517 0.050701816 -0.26450464 -0.25167647 1003.38 
20150706143811 14.839861 -2.099715 -4.3209357 0.29840767 0.006414085 -0.42943826 1003.38 
20150706143811 12.413936 3.591901 -6.482301 0.6206391 0.3387248 -0.26236662 1003.4 
20150706143811 7.9930425 3.517681 -5.5922565 0.58551437 0.3915646 -0.2996294 1003.4 
20150706143811 6.4146647 1.8764555 -5.9567738 0.45020768 -0.108123146 -0.63285637 1003.4 
20150706143811 8.520366 -1.1198878 -3.506907 0.27763826 -0.25381452 -0.65148777 1003.4 
20150706143811 11.785458 -4.016872 -2.533664 0.14477506 -0.009773844 -0.4447099 1003.4 
20150706143811 14.624383 -2.7808652 -3.1172507 0.08032878 0.20219639 -0.26816985 1003.4 
20150706143811 14.054563 -0.02873042 -2.48578 0.376293 0.16432275 -0.12308934 1003.4 
20150706143811 11.693281 0.8415619 -2.8287494 0.5849035 0.18570304 0.05681047 1003.4 
20150706143812 8.882488 0.6344634 -3.0974984 0.62888575 0.22571471 0.20677789 1003.4 
20150706143812 6.967127 0.3417723 -2.8263552 0.5152648 0.50243664 0.3387248 1003.39 
20150706143812 6.057929 0.62129533 -2.5079262 0.18081611 0.5885687 0.5644395 1003.39 
20150706143812 6.3871317 1.192911 -2.1212628 -0.014966198 0.5030475 0.72601336 1003.39 
20150706143812 6.9108634 0.7990648 -1.5939398 -0.16065755 0.28985557 0.7351763 1003.39 
20150706143812 7.591415 -0.39384618 -1.489792 -0.27458394 0.044593163 0.6423248 1003.39 
20150706143812 8.08881 -1.6807296 -1.2797008 -0.42852196 -0.11209377 0.5531385 1003.39 
20150706143812 7.9972324 -2.2571337 -1.050456 -0.4822781 -0.23671028 0.45631635 1003.39 
20150706143812 8.019978 -2.498948 -0.5758055 -0.4615087 -0.2941316 0.33841935 1003.39 
20150706143812 8.057686 -2.6084828 -0.014963761 -0.32406402 -0.2950479 0.16126843 1003.39 
20150706143812 8.681973 -2.1481974 0.25198972 -0.15271631 -0.27275133 0.0012217305 1003.34 
20150706143812 9.09617 -1.417966 0.18614918 0.04337143 -0.25137106 -0.11881329 1003.34 
20150706143812 9.673173 -0.51475334 0.1592144 0.18020524 -0.26267207 -0.20189096 1003.34 
20150706143812 10.204087 0.23223756 -0.01616086 0.2519819 -0.25259277 -0.33200526 1003.34 
20150706143812 10.606314 0.842759 -0.61770403 0.15088372 -0.19333886 -0.3622431 1003.34 
20150706143812 9.888053 1.5119383 -1.3862427 0.010079277 -0.12156218 -0.23243423 1003.34 
20150706143812 10.348937 -1.7962499 0.49440265 -0.18081611 -0.021380283 -0.14569137 1003.34 
20150706143812 11.56579 -2.5396495 2.1978772 -0.22907446 0.0852157 -0.18081611 1003.34 
20150706143812 12.911331 -1.769315 1.4766239 -0.20830505 0.0852157 -0.04428773 1003.34 
20150706143812 13.963583 -0.688333 -1.0313023 -0.1282817 0.02687807 0.21288654 1003.42 
20150706143812 13.503298 -0.29688102 -2.5372553 -0.09162979 0.17806722 0.52534413 1003.42 
20150706143812 11.138425 -1.9099745 -4.097078 -0.16982053 0.38148534 0.5739079 1003.42 
20150706143812 8.400655 -2.6593595 -4.844667 -0.12644911 0.17623462 0.65118235 1003.42 
20150706143812 7.4507556 -1.6454151 -5.024831 0.06841691 0.086132 0.6976081 1003.42 
20150706143812 10.833164 1.6418238 -4.7016134 0.09101892 0.10170906 0.4886922 1003.42 
20150706143812 13.916896 2.4971523 -3.1741128 0.014049901 0.18784106 0.44837508 1003.42 
20150706143812 14.410102 0.43873745 -2.5198972 -0.1994475 0.09682214 0.3894266 1003.42 
20150706143812 12.124836 -0.24361002 -2.4127567 -0.20525073 -0.008857546 0.032986723 1003.42 
20150706143812 9.790489 -0.30346507 -2.5510218 -0.106595986 0.11362094 -0.20250183 1003.32 
20150706143812 7.8984714 0.024540568 -2.5767596 -0.03848451 0.46089783 -0.4156938 1003.32 
20150706143812 7.29214 0.19033903 -1.8171991 0.015271631 0.6389651 -0.50426924 1003.32 
20150706143812 8.942942 0.44592008 -1.5508442 0.015577064 0.6026186 -0.56382865 1003.32 
20150706143812 9.16261 0.27114335 -1.5879543 0.106901415 0.4111123 -0.5158757 1003.32 
20150706143812 8.313267 0.20111294 -1.4443022 0.24007004 0.10354166 -0.35796702 1003.32 
