20150706145929 10.701483 0.15502456 -1.8148049 -0.07360926 0.10048734 0.19547687 1003.22 
20150706145929 8.779537 -0.08678981 -1.6023195 -0.122783914 0.03756821 0.49571714 1003.22 
20150706145929 5.16549 -0.23104046 -1.1617863 -0.2321288 0.10293079 0.66675943 1003.22 
20150706145929 5.0439844 0.97623575 -0.22146365 -0.39828414 0.24862215 0.7351763 1003.22 
20150706145929 5.1265845 0.52971715 0.48722005 -0.5329799 0.33658674 0.68844515 1003.22 
20150706145929 6.501455 -1.7770962 0.2801216 -0.61178154 0.124311075 0.52626044 1003.22 
20150706145929 7.668628 -3.405752 0.18614918 -0.5177083 -0.16187929 0.42363504 1003.22 
20150706145929 8.731653 -3.9426517 0.15981296 -0.3268129 -0.28313604 0.45356745 1003.17 
20150706145929 9.5492735 -3.0556 0.025737667 -0.0852157 -0.42730024 0.30909783 1003.17 
20150706145929 9.415198 -1.9243397 0.06823475 0.098043874 -0.4578435 0.05681047 1003.17 
20150706145929 9.076419 -1.1288661 0.5602432 0.20952678 -0.3915646 -0.086437434 1003.17 
20150706145929 9.122507 -0.7266402 0.8391677 0.35033122 -0.34972036 -0.2302962 1003.17 
20150706145929 10.193314 -0.02813187 0.9768343 0.42119157 -0.16340645 -0.32070425 1003.17 
20150706145929 11.90457 1.2186487 1.1558008 0.3399465 0.009773844 -0.33933565 1003.17 
20150706145929 13.139379 2.44448 0.66858083 0.089491755 -0.009468411 -0.2855795 1003.17 
20150706145929 12.56896 0.7823054 0.81761986 -0.19639318 -0.1572978 -0.1966986 1003.17 
20150706145929 12.346898 -2.5192988 1.9812019 -0.30085114 -0.14752395 -0.15577064 1003.16 
20150706145929 12.90774 -3.354875 2.441487 -0.29138273 0.0012217305 -0.028710667 1003.16 
20150706145929 13.910911 -2.4941597 1.0767922 -0.21960606 0.07544186 0.3848451 1003.16 
20150706145929 13.245322 -1.3790601 -1.30484 -0.2452624 0.172264 0.5867361 1003.16 
20150706145929 11.899182 -1.608305 -4.1042604 -0.35063666 0.35246924 0.5510005 1003.16 
20150706145929 9.061455 -2.554613 -5.2678423 -0.20250183 0.33200526 0.5543602 1003.16 
20150706145929 6.657676 -2.1410148 -4.2419267 0.11178834 -0.1160644 0.5311473 1003.16 
20150706145929 8.4647 0.4249708 -2.8646624 0.23609942 -0.15271631 0.3155119 1003.16 
20150706145929 11.892598 1.3204023 -2.5037365 0.2593123 -0.0036651916 0.3378085 1003.16 
20150706145929 15.167268 0.7224504 -1.0690111 0.39675698 0.18325958 0.37995818 1003.22 
20150706145929 14.386758 -0.6278794 -0.8810662 0.2489276 0.09407325 0.21838433 1003.22 
20150706145929 11.999141 -1.3006501 -0.7811083 0.27550024 -0.2003638 -0.1994475 1003.22 
20150706145929 8.883087 -0.9163807 -1.067814 0.32895094 -0.036957346 -0.44104472 1003.22 
20150706145929 4.4885297 -0.6171055 -0.6356605 0.4792238 0.13744467 -0.636827 1003.22 
20150706145929 6.582259 -1.5239093 0.47465047 0.61819565 0.46517387 -0.7156286 1003.22 
20150706145929 7.0874357 -0.3854665 -0.094570965 0.7272351 0.5006041 -0.70402217 1003.22 
20150706145929 6.50744 0.6871359 -0.80445176 0.990518 0.23732115 -0.48166725 1003.22 
20150706145929 6.4990606 1.5388732 -0.6434417 0.9963212 -0.041233405 -0.44348818 1003.22 
20150706145929 7.8356237 2.0667946 -0.50757074 0.93767816 -0.10598512 -0.42302418 1003.25 
20150706145930 8.886678 2.6048915 -0.2885013 0.86376345 -0.14660765 -0.33292156 1003.25 
20150706145930 9.135675 2.9011738 0.011971008 0.73456544 -0.26419923 -0.17562376 1003.25 
20150706145930 8.726267 2.8054059 0.6135142 0.5204572 -0.3118467 -0.005192355 1003.25 
20150706145930 8.725668 1.9063832 1.5251064 0.34391713 -0.24556783 0.14752395 1003.25 
20150706145930 9.276933 0.78649527 2.0219033 0.100792766 -0.11911872 0.25595254 1003.25 
20150706145930 10.33517 -0.045489833 1.8076223 -0.07147124 0.050701816 0.36132678 1003.25 
20150706145930 10.480618 -1.4999673 0.7697359 -0.12675454 0.11056661 0.37384954 1003.25 
20150706145930 12.096106 -1.5460558 -0.11552023 -0.08032878 0.048258353 0.22876903 1003.25 
20150706145930 14.385561 0.89303726 1.9189527 0.004276057 0.018325957 0.060170226 1003.18 
20150706145930 13.58051 1.3329718 2.8526914 0.07666359 -0.11911872 0.0030543262 1003.18 
20150706145930 12.365453 0.5201403 3.233968 0.10170906 -0.29352075 -0.31795537 1003.18 
20150706145930 12.328941 -1.271321 0.6793547 0.25625798 0.13194689 -0.44929138 1003.18 
20150706145930 14.089877 0.20829555 -3.5482068 0.52503866 0.43188173 -0.32925636 1003.18 
20150706145930 12.2080345 3.4051533 -5.510854 0.61453044 0.5021312 -0.09865474 1003.18 
20150706145930 8.094197 2.6042929 -4.8255134 0.44623706 -0.01038471 -0.25442538 1003.18 
20150706145930 8.865729 1.8794483 -4.274847 0.19517145 -0.45265114 -0.66828656 1003.18 
20150706145930 11.992557 -1.0737995 -1.5071499 0.025045475 -0.27488935 -0.5876524 1003.18 
20150706145930 14.295179 -2.1440077 -1.6980876 -0.183565 0.07849618 -0.4550946 1003.25 
20150706145930 13.456611 -0.2813187 -0.9295488 -0.08399397 0.23365596 -0.28924468 1003.25 
20150706145930 10.795456 0.6278794 -1.1216835 -0.05100725 0.23609942 0.035430185 1003.25 
20150706145930 9.039907 0.81043726 -1.8327614 -0.032375857 0.22876903 0.43157628 1003.25 
20150706145930 6.851607 0.39564183 -1.7232267 -0.05589417 0.28619036 0.6808093 1003.25 
20150706145930 4.550779 0.6943185 -0.79008657 -0.29260445 0.22082779 0.77274454 1003.25 
20150706145930 4.5567646 1.1917139 0.14604631 -0.51068336 0.26633725 0.7855727 1003.25 
20150706145930 5.771822 -0.12210429 0.19991584 -0.6444628 0.15607607 0.7501425 1003.25 
20150706145930 7.8912888 -2.171541 -0.16280572 -0.66553766 -0.13561209 0.63041294 1003.25 
20150706145930 9.440337 -3.2453403 -0.11671733 -0.5757405 -0.29352075 0.56291234 1003.2 
20150706145930 10.13286 -3.1789012 0.20111294 -0.47067168 -0.47067168 0.42394048 1003.2 
20150706145930 9.861118 -2.8281507 0.6171055 -0.39522982 -0.61575216 0.121256754 1003.2 
20150706145930 9.152434 -2.6001031 1.1791444 -0.30085114 -0.40591997 -0.03573562 1003.2 
20150706145930 8.860941 -2.098518 1.3503298 -0.03756821 -0.31642818 -0.071776666 1003.2 
20150706145930 9.406818 -1.0067618 1.359308 0.28099802 -0.11209377 -0.06047566 1003.2 
20150706145930 10.387842 0.016759412 1.2785037 0.41416663 0.12308934 -0.09285152 1003.2 
20150706145930 11.362283 1.4383167 1.1737574 0.4111123 0.15363261 -0.15424347 1003.2 
20150706145930 11.964424 2.6366146 0.3585317 0.16798794 0.010995574 -0.20861048 1003.2 
20150706145930 11.517906 -0.20530279 1.2066777 -0.099571034 -0.03390302 -0.12186762 1003.28 
20150706145930 11.935694 -3.2597055 2.5611973 -0.19425514 -0.014049901 -0.08277224 1003.28 
20150706145930 14.027628 -2.9239187 1.4742297 -0.23335053 -0.056199603 0.083383106 1003.28 
20150706145930 14.940417 -1.822586 -0.3645172 -0.21044308 -0.09285152 0.44348818 1003.28 
20150706145930 14.582484 -0.56563014 -2.7102363 -0.2706133 -0.010995574 0.65668017 1003.28 
20150706145930 10.982801 -1.8602947 -4.119224 -0.14080444 -0.04917465 0.6817256 1003.28 
20150706145930 8.237251 -2.7018566 -4.268263 0.01160644 -0.19517145 0.68416905 1003.28 
20150706145930 6.5068417 -1.2737153 -3.9019501 0.13041973 -0.19394971 0.548557 1003.28 
20150706145930 9.2907 1.1258733 -3.435081 0.10048734 -0.1328632 0.41172317 1003.28 
20150706145930 12.823943 1.536479 -1.8034325 0.1740966 -0.0571159 0.39675698 1003.23 
20150706145930 14.687829 0.3465607 -0.89543146 -0.019242255 0.005497787 0.24770586 1003.23 
20150706145930 13.210607 -0.8038532 -0.96785605 -0.06994407 -0.22479841 -0.06261369 1003.23 
20150706145930 10.7990465 -1.3215994 -1.3227965 0.036651913 -0.21227567 -0.2770274 1003.23 
20150706145930 8.033744 -0.7954735 -1.5059528 0.16157386 -0.058643065 -0.49602258 1003.23 
20150706145930 5.061941 -0.9864111 -1.3018472 0.26847526 0.2602286 -0.6575964 1003.23 
20150706145930 8.5473 -0.41838676 -0.29388827 0.32895094 0.47128254 -0.7330383 1003.23 
20150706145931 7.7494326 0.38187516 -1.091756 0.49418998 0.4437936 -0.6948592 1003.23 
20150706145931 6.7839704 1.2940661 -1.2808979 0.71776664 0.10934488 -0.50610185 1003.23 
20150706145931 6.761824 2.2008698 -0.8726865 0.6606508 -0.07971791 -0.47647488 1003.2 
20150706145931 7.547721 2.618658 -0.35793316 0.56077427 0.0021380284 -0.46609017 1003.2 
20150706145931 8.250419 2.3157916 -0.025139118 0.37507126 0.06169739 -0.3680463 1003.2 
20150706145931 8.624513 1.905186 0.37708676 0.18997909 0.007330383 -0.23701571 1003.2 
20150706145931 8.570643 1.3587095 0.97384155 0.048563786 -0.06658431 -0.043982297 1003.2 
20150706145931 8.623915 0.59376204 1.6968905 -0.040317107 -0.06169739 0.113926366 1003.2 
20150706145931 9.357738 -0.15083471 2.2158337 -0.13225232 -0.004886922 0.26053402 1003.2 
20150706145931 10.552444 -0.53211135 2.415151 -0.12705997 0.04184427 0.30543262 1003.2 
20150706145931 11.013328 -1.2868834 0.842759 -0.09712757 0.032070424 0.26328292 1003.2 
20150706145931 12.249334 -0.4961983 -0.14425065 0.080634214 -0.015271631 0.13927728 1003.23 
20150706145931 14.067731 2.0009542 1.6525977 0.19761491 -0.058337633 0.07238753 1003.23 
20150706145931 13.277644 1.9512744 2.717419 0.22479841 -0.19914207 -0.03481932 1003.23 
20150706145931 12.111668 0.7398083 3.306991 0.14844026 -0.29901853 -0.2846632 1003.23 
20150706145931 13.035232 -1.3628993 1.436521 0.25289822 -0.062308256 -0.47219884 1003.23 
20150706145931 14.132973 -0.3333926 -3.3105824 0.4914411 0.34513888 -0.26542094 1003.23 
20150706145931 11.609484 3.8019924 -5.5270147 0.6395759 0.43035457 -0.052534413 1003.23 
20150706145931 7.227496 2.9700072 -5.2139726 0.4352415 0.122478485 -0.24190263 1003.23 
20150706145931 8.277354 2.1218612 -4.3514614 0.07238753 -0.45020768 -0.59895337 1003.23 
20150706145931 12.026673 -0.18555063 -1.6220716 -0.17195857 -0.20463985 -0.3827071 1003.22 
20150706145931 13.687053 -2.2894554 -1.775899 -0.41416663 0.03176499 -0.24220806 1003.22 
20150706145931 13.9198885 -1.5460558 -1.22224 -0.42760566 0.19364429 -0.24465153 1003.22 
20150706145931 11.6908865 -0.6218939 -1.1240777 -0.29901853 0.26816985 0.036957346 1003.22 
20150706145931 10.132261 -0.22864626 -1.5035586 -0.19822577 0.14477506 0.37568212 1003.22 
20150706145931 8.148665 -0.61530983 -1.7645266 -0.0870483 0.12858713 0.61727935 1003.22 
20150706145931 5.0278234 -0.770933 -1.3730747 -0.10842858 0.0888809 0.75594574 1003.22 
20150706145931 4.931457 0.7445967 -0.7009025 -0.19730948 0.19792034 0.7706065 1003.22 
20150706145931 5.369596 1.0073603 0.107739076 -0.25259277 0.21746802 0.7443393 1003.22 
20150706145931 7.16824 -0.88046765 -0.12150574 -0.38453966 0.07360926 0.6985244 1003.3 
20150706145931 8.671799 -1.9847932 -0.30107087 -0.3203988 -0.27916542 0.48472157 1003.3 
20150706145931 9.212888 -2.3187842 -0.11133038 -0.25167647 -0.3549127 0.43982297 1003.3 
20150706145931 9.291298 -2.2882583 0.3752911 -0.22571471 -0.52656585 0.24648413 1003.3 
20150706145931 8.889671 -2.2547395 0.9636662 -0.1994475 -0.44623706 -0.04428773 1003.3 
20150706145931 8.583213 -2.1655555 1.5358804 -0.058948494 -0.2134974 -0.15057829 1003.3 
20150706145931 8.763975 -1.3335704 1.7004818 0.12064589 -0.061391957 -0.1704314 1003.3 
20150706145931 9.883863 -0.3752911 1.4814123 0.28955013 0.052839845 -0.21991149 1003.3 
20150706145931 11.230003 1.1025299 0.9295488 0.3155119 0.18661933 -0.25717425 1003.3 
20150706145931 12.156559 2.211644 -0.011372458 0.12980886 0.101098195 -0.22266038 1003.28 
20150706145931 11.828553 -0.30825347 0.9672575 -0.062002823 -0.018936822 -0.19547687 1003.28 
20150706145931 12.472593 -3.1519666 2.6833014 -0.1572978 -0.020158553 -0.21410827 1003.28 
20150706145931 13.919291 -2.8580782 2.259528 -0.1563815 -0.05589417 0.013439035 1003.28 
20150706145931 14.753071 -1.91596 0.5710171 -0.1731803 -0.0012217305 0.4392121 1003.28 
20150706145931 14.191032 -1.6124948 -2.1583729 -0.22357668 0.172264 0.6267477 1003.28 
20150706145931 11.265318 -3.140594 -4.891354 -0.11178834 0.23335053 0.65026605 1003.28 
20150706145931 8.963293 -2.9472623 -4.996699 0.12339478 0.030543262 0.6969972 1003.28 
20150706145931 7.587824 -1.9033904 -4.135385 0.3182608 -0.2843578 0.6762278 1003.28 
20150706145931 10.652402 1.0576386 -3.8911762 0.2996294 -0.441961 0.39064834 1003.26 
20150706145931 14.184448 2.1404164 -1.8650831 0.30573806 -0.1328632 0.29749137 1003.26 
20150706145931 14.651318 0.65301853 -1.4131776 0.12614368 0.05100725 0.1414153 1003.26 
20150706145932 12.371439 -0.3513491 -1.8698715 0.11881329 -0.19761491 -0.035430185 1003.26 
20150706145932 10.503363 -0.7942764 -1.6765398 0.2171626 -0.1441642 -0.26267207 1003.26 
20150706145932 7.9595237 -0.56443304 -1.5131354 0.25320363 0.09193522 -0.45173484 1003.26 
20150706145932 4.811148 -0.9792285 -0.38187516 0.32406402 0.3231477 -0.61269784 1003.26 
20150706145932 7.354389 -1.2372037 0.06404489 0.43676865 0.50732356 -0.6747007 1003.26 
20150706145932 7.2209125 -0.29269117 -0.6817489 0.59528816 0.44165558 -0.5882632 1003.26 
20150706145932 6.9623384 0.83976626 -0.9840169 0.93187493 0.07696902 -0.41233405 1003.25 
20150706145932 7.03596 1.702876 -0.9271546 0.90285885 -0.11728613 -0.37293324 1003.25 
20150706145932 7.4549456 2.4540567 -0.50876784 0.8167268 -0.09193522 -0.39370266 1003.25 
20150706145932 8.38629 2.8832173 0.1436521 0.6844745 -0.009773844 -0.2929099 1003.25 
20150706145932 8.682572 3.080739 0.5650316 0.48166725 -0.11148291 -0.12736541 1003.25 
20150706145932 8.497621 2.6042929 1.1127052 0.31245756 -0.12950343 0.007330383 1003.25 
20150706145932 8.684368 1.2174516 1.9351135 0.08674286 -0.099265605 0.18325958 1003.25 
20150706145932 9.512163 -0.14544775 2.1045034 -0.081855945 -0.0033597588 0.33475417 1003.25 
20150706145932 10.575788 -1.0145429 1.5801731 -0.12156218 0.062308256 0.4343252 1003.25 
20150706145932 10.98759 -2.5139117 0.5141548 -0.07696902 0.025350908 0.39736784 1003.2 
20150706145932 13.378201 -1.2479776 -0.44651863 0.081855945 -0.09315695 0.14080444 1003.2 
20150706145932 14.703391 1.3808558 1.9722236 0.24098633 -0.22296582 0.07422013 1003.2 
20150706145932 13.114839 1.8830396 2.906561 0.25320363 -0.36010507 -0.002443461 1003.2 
20150706145932 12.360664 0.6847417 3.4141316 0.21013765 -0.3555236 -0.33628133 1003.2 
20150706145932 12.372636 -1.5077485 -0.06943185 0.34972036 0.17806722 -0.42271876 1003.2 
20150706145932 13.532626 1.168969 -3.9719806 0.59956425 0.4905248 -0.23487769 1003.2 
20150706145932 10.423157 3.490746 -5.841852 0.5830709 0.44776422 -0.082161374 1003.2 
20150706145932 7.827244 2.4648306 -5.251083 0.33414328 -0.05222898 -0.3417791 1003.2 
20150706145932 9.6767645 1.2198458 -4.3873744 0.10140363 -0.5329799 -0.5497787 1003.19 
20150706145932 12.479177 -1.4694413 -1.6472107 -0.061391957 -0.33933565 -0.4615087 1003.19 
20150706145932 13.523049 -1.4610616 -1.7908629 -0.3182608 -0.081855945 -0.4111123 1003.19 
20150706145932 12.556391 -0.09696517 -1.0384849 -0.27763826 0.14813483 -0.2678644 1003.19 
20150706145932 10.1460285 0.28491 -1.1354501 -0.29260445 0.23151793 0.06963864 1003.19 
20150706145932 8.987833 0.89184016 -1.8722657 -0.2779437 0.22907446 0.3866777 1003.19 
20150706145932 6.7348895 0.3441665 -1.6454151 -0.38515055 0.28099802 0.66767573 1003.19 
20150706145932 5.058948 0.2220622 -0.92655605 -0.58459806 0.31215215 0.74006325 1003.19 
20150706145932 5.281609 0.4285621 -0.08200141 -0.68569624 0.2919936 0.75686204 1003.19 
20150706145932 6.623559 -0.37828386 -0.046686932 -0.81122905 0.13897185 0.6759224 1003.26 
20150706145932 8.635885 -2.0739772 -0.41000703 -0.8509353 -0.16890424 0.52106804 1003.26 
20150706145932 9.730635 -2.6342204 -0.28909984 -0.72509706 -0.37965274 0.45723262 1003.26 
20150706145932 9.980229 -2.7371712 0.25617957 -0.64996064 -0.47647488 0.36377025 1003.26 
20150706145932 9.474455 -2.8514943 0.7374141 -0.5702427 -0.4868596 0.118202426 1003.26 
20150706145932 8.739435 -2.7018566 1.1336545 -0.3903429 -0.30787608 -0.048563786 1003.26 
20150706145932 8.411429 -1.894412 1.2970588 -0.10934488 -0.12705997 -0.12644911 1003.26 
20150706145932 8.965088 -0.94451255 1.5077485 0.11148291 0.044593163 -0.1695151 1003.26 
20150706145932 9.973047 0.048482586 0.86849666 0.25900686 0.11636983 -0.2415972 1003.26 
20150706145932 11.561002 1.8896236 0.1436521 0.19058995 0.12644911 -0.22876903 1003.23 
20150706145932 12.105682 2.272696 0.29747957 0.016798794 0.012217305 -0.15485434 1003.23 
20150706145932 12.366651 -0.83018947 1.857302 -0.21013765 -0.10567969 -0.113926366 1003.23 
20150706145932 13.135189 -3.0771477 2.6761189 -0.3381139 -0.1133155 -0.12980886 1003.23 
20150706145932 14.4130945 -2.392406 1.8405426 -0.30818152 0.0290161 0.21533 1003.23 
20150706145932 13.611635 -1.0516531 -0.25019407 -0.28344148 0.17195857 0.5467244 1003.23 
20150706145932 12.427104 -1.2372037 -2.89459 -0.42760566 0.2764165 0.6337727 1003.23 
20150706145932 10.0987425 -2.7844565 -4.6261964 -0.35033122 0.3924809 0.5555819 1003.23 
20150706145933 7.1844006 -3.1902738 -4.7387238 -0.096516706 0.029626964 0.623388 1003.23 
20150706145933 7.2789717 -1.0708067 -3.9863458 0.16401732 -0.23457226 0.54092115 1003.33 
20150706145933 12.102091 1.5831659 -3.317765 0.23151793 -0.22235495 0.44318274 1003.33 
20150706145933 15.720328 1.0708067 -1.869273 0.29718593 -0.08827003 0.54733527 1003.33 
20150706145933 15.936405 -0.19033903 -1.1737574 0.1957823 -0.15790866 0.38789943 1003.33 
20150706145933 12.720992 -1.1162965 -0.931943 0.22204952 -0.37507126 0.004886922 1003.33 
20150706145933 9.152434 -0.84934306 -1.1324574 0.29016098 -0.14019357 -0.4251622 1003.33 
20150706145933 4.8775873 -0.65780693 -1.3611037 0.40469822 0.2950479 -0.6591236 1003.33 
20150706145933 4.176685 -1.9512744 0.39983168 0.50915617 0.67256266 -0.74189585 1003.33 
20150706145933 6.7504516 -0.6907272 -0.05626374 0.6215554 0.75228053 -0.70432764 1003.33 
20150706145933 6.273407 0.14185645 -0.5770026 0.977079 0.41691554 -0.49418998 1003.27 
20150706145933 6.3470287 1.2719196 -0.5793968 1.0155635 0.12370021 -0.40653083 1003.27 
20150706145933 7.5028296 2.4438813 -0.24241292 0.93309665 0.043066 -0.39095375 1003.27 
20150706145933 8.854357 3.2740707 0.03232172 0.7528914 0.03359759 -0.34147367 1003.27 
20150706145933 9.466075 3.4302924 0.32800564 0.5702427 -0.16157386 -0.18295415 1003.27 
20150706145933 9.291897 2.731784 0.6769605 0.38973203 -0.32406402 -0.083383106 1003.27 
20150706145933 9.102755 1.388637 1.1300632 0.14966199 -0.3387248 0.058948494 1003.27 
20150706145933 9.245809 -0.017956512 1.6777369 -0.03268129 -0.18600847 0.204029 1003.27 
20150706145933 10.336368 -0.5650316 2.3948002 -0.14782938 -0.046120327 0.28038713 1003.27 
20150706145933 11.194689 -0.9175778 1.4814123 -0.18112154 0.01740966 0.29352075 1003.25 
20150706145933 12.267291 -1.3497312 0.8487445 -0.06352998 0.03481932 0.14202617 1003.25 
20150706145933 14.490307 1.2210429 0.8858546 0.040317107 0.04917465 -0.09896017 1003.25 
20150706145933 13.119028 2.5360582 2.6563668 0.15485434 -0.055283304 -0.09743301 1003.25 
20150706145933 11.802815 2.005144 3.1741128 0.059253927 -0.16768251 -0.29840767 1003.25 
20150706145933 11.54903 -0.2693477 0.9403227 0.0852157 -0.028405234 -0.5018258 1003.25 
20150706145933 13.432669 -0.17417817 -2.7431567 0.28344148 0.44409904 -0.38423425 1003.25 
20150706145933 12.694057 2.2720973 -5.509058 0.29718593 0.528093 -0.13530666 1003.25 
20150706145933 8.595184 2.2403743 -5.08708 0.17959438 0.17134771 -0.18906279 1003.25 
20150706145933 8.343194 1.5424645 -4.3766007 -0.04734206 -0.44043383 -0.62858033 1003.27 
20150706145933 11.277288 0.521936 -2.0392613 -0.17928895 -0.3036 -0.65209866 1003.27 
20150706145933 13.202227 -0.6362591 -1.3293805 -0.42455134 -0.032986723 -0.5314528 1003.27 
20150706145933 13.128605 0.51595044 -0.5943606 -0.4813618 0.24098633 -0.41386122 1003.27 
20150706145933 11.246164 0.2693477 -0.90021986 -0.46273044 0.24129178 -0.05009095 1003.27 
20150706145933 9.715072 -0.010773907 -1.323395 -0.4269948 0.23732115 0.32925636 1003.27 
20150706145933 8.253412 -0.6398504 -1.757344 -0.3436117 0.2666427 0.73273283 1003.27 
20150706145933 6.3793507 -0.7445967 -1.0324994 -0.42332962 0.15882497 0.7996226 1003.27 
20150706145933 5.804742 1.043872 -0.035314474 -0.569021 0.24709499 0.7535023 1003.27 
20150706145933 6.031593 1.027711 0.18734628 -0.7174612 0.23548855 0.6789767 1003.23 
20150706145933 7.6285253 -0.7332243 -0.12210429 -0.8564331 0.07513642 0.5552765 1003.23 
20150706145933 9.168595 -2.0530279 -0.23463176 -0.890947 -0.20433442 0.4810564 1003.23 
20150706145933 9.643845 -2.6719291 0.3286042 -0.8362745 -0.42088616 0.4914411 1003.23 
20150706145933 9.396643 -2.5701754 0.95708215 -0.7797695 -0.5717699 0.29657507 1003.23 
20150706145933 8.693945 -2.6408045 1.3347675 -0.68966687 -0.47800204 0.017104227 1003.23 
20150706145933 7.908048 -2.5091233 1.6406267 -0.44593164 -0.22113322 -0.14110987 1003.23 
20150706145933 8.256405 -1.4508862 1.8567034 -0.2125811 -0.09468412 -0.19333886 1003.23 
20150706145933 9.193734 -0.5650316 1.4790181 0.028405234 -0.0076358155 -0.24190263 1003.23 
20150706145933 10.607511 0.30406362 0.3788824 0.08002335 0.030543262 -0.26297748 1003.24 
20150706145933 12.020688 2.1547816 -0.61171854 0.020158553 -0.10903945 -0.22907446 1003.24 
20150706145933 12.038645 0.61530983 1.003769 -0.13744467 -0.18692477 -0.06658431 1003.24 
20150706145933 13.263279 -2.1021092 2.433706 -0.29779682 -0.27397305 -0.11636983 1003.24 
20150706145934 14.817116 -2.7593174 1.797447 -0.2938262 -0.15821409 0.03970624 1003.24 
20150706145934 15.428236 -2.0380642 -0.0023942017 -0.27763826 -0.040927973 0.355829 1003.24 
20150706145934 14.975133 -0.9816227 -1.2348095 -0.23793201 0.050701816 0.6808093 1003.24 
20150706145934 11.660361 -2.1158757 -2.9658175 -0.17195857 0.13591751 0.6927212 1003.24 
20150706145934 9.036914 -3.1866825 -4.068946 -0.0106901415 0.009162978 0.7021896 1003.24 
20150706145934 6.471527 -2.2122424 -4.024653 0.19608775 0.004276057 0.7583892 1003.25 
20150706145934 7.463325 0.38486794 -4.010288 0.1469131 -0.070554934 0.47769663 1003.25 
20150706145934 11.552023 1.8064252 -1.6585833 0.15241088 0.13744467 0.2837469 1003.25 
20150706145934 14.383166 0.0712275 -0.23882163 0.036957346 0.10781772 0.17654006 1003.25 
20150706145934 13.915699 -1.6705543 -0.8972271 0.110872045 -0.08827003 -0.08277224 1003.25 
20150706145934 11.798027 -2.130241 -1.359308 0.45204028 -0.2779437 -0.2489276 1003.25 
20150706145934 8.561666 -1.4460979 -1.5945383 0.62888575 -0.18997909 -0.41905355 1003.25 
20150706145934 5.4779334 -0.9223662 -1.0941502 0.7113526 0.16249016 -0.589485 1003.25 
20150706145934 7.290344 0.24540567 -0.0664391 0.73853606 0.41080686 -0.7611381 1003.25 
20150706145934 7.061698 0.79726917 -0.57760113 0.86132 0.5174029 -0.7360926 1003.22 
20150706145934 6.640917 1.1953052 -0.9020155 1.0589349 0.24129178 -0.569021 1003.22 
20150706145934 7.053318 1.721431 -0.7727286 1.042747 0.030543262 -0.41874814 1003.22 
20150706145934 8.22528 2.1374235 -0.3585317 0.91965765 -0.064446285 -0.3894266 1003.22 
20150706145934 9.141661 2.4408886 0.15083471 0.73975784 -0.09987647 -0.28130344 1003.22 
20150706145934 9.040505 2.5187001 0.5805939 0.6044512 -0.20311269 -0.18325958 1003.22 
20150706145934 8.434174 2.2972364 1.0815806 0.40561453 -0.24617869 -0.06414085 1003.22 
20150706145934 8.112753 1.5466543 1.7435774 0.21166481 -0.17837265 0.10781772 1003.22 
20150706145934 8.604162 0.45370123 2.4714148 0.044593163 -0.043982297 0.30818152 1003.22 
20150706145934 9.612122 -0.40641573 2.3373394 -0.0027488936 0.043676864 0.4111123 1003.25 
20150706145934 10.278308 -1.2192472 0.58418524 0.04734206 0.03848451 0.40591997 1003.25 
20150706145934 11.78845 -1.1486182 -1.1851299 0.0580322 -0.01985312 0.23701571 1003.25 
20150706145934 14.553155 2.1134815 0.7823054 0.09712757 -0.20433442 0.10354166 1003.25 
20150706145934 14.112023 2.6001031 3.2770636 0.10781772 -0.40439278 0.11728613 1003.25 
20150706145934 13.530232 1.4227544 3.357868 -0.0693332 -0.5439755 -0.20799962 1003.25 
20150706145934 13.422493 -1.2425907 0.7015011 0.05589417 -0.14355333 -0.47250426 1003.25 
20150706145934 14.614806 -1.7591397 -2.7407625 0.2321288 0.44135013 -0.46517387 1003.25 
20150706145934 12.111668 1.5490485 -5.1050367 0.34208453 0.5002986 -0.19761491 1003.25 
20150706145934 8.2354555 2.067393 -4.4741645 0.30604348 0.1282817 -0.2556471 1003.24 
20150706145934 7.429806 1.5544355 -4.423288 0.2406809 -0.3115413 -0.51068336 1003.24 
20150706145934 9.6049385 -0.11611878 -2.018312 0.18417588 -0.27947086 -0.54153204 1003.24 
20150706145934 12.489353 -1.5891514 -1.5011644 -0.05375614 -0.051923547 -0.44409904 1003.24 
20150706145934 13.678074 -0.32142156 -1.2934675 -0.011911872 0.2125811 -0.30115658 1003.24 
20150706145934 12.081141 0.40641573 -1.0432734 0.01038471 0.21899518 -0.08307768 1003.24 
20150706145934 10.244789 0.61770403 -1.1857284 -0.100792766 0.1908954 0.22204952 1003.24 
20150706145934 8.277952 0.272939 -1.7262194 -0.2144137 0.26908615 0.52778757 1003.24 
20150706145934 6.1782374 -0.17896658 -1.2018893 -0.376293 0.30543262 0.64965516 1003.24 
20150706145934 5.2887917 0.21547815 -0.32321724 -0.4718934 0.37507126 0.70829827 1003.27 
20150706145934 5.946 0.035913024 0.5542577 -0.5299256 0.27916542 0.6719518 1003.27 
20150706145934 7.800309 -1.881244 -0.10175357 -0.6065892 0.070554934 0.5384777 1003.27 
20150706145934 9.275137 -2.690484 -0.16639702 -0.5439755 -0.22937989 0.4569272 1003.27 
20150706145934 9.758167 -2.516306 0.074220255 -0.40469822 -0.35827246 0.4266894 1003.27 
20150706145934 9.375694 -2.079364 0.47644615 -0.35094208 -0.5693264 0.226631 1003.27 
20150706145934 8.920197 -1.9973627 0.80564886 -0.25992316 -0.5103779 -0.0067195175 1003.27 
20150706145934 8.317456 -1.8142064 1.1683705 -0.1133155 -0.27366763 -0.10048734 1003.27 
20150706145934 8.77834 -1.2354081 1.4359225 0.09040806 -0.12614368 -0.15332718 1003.27 
20150706145935 9.879673 -0.37588966 1.3682863 0.226631 0.018325957 -0.22876903 1003.23 
20150706145935 11.0378685 1.2198458 0.83497787 0.22602014 0.0571159 -0.25473082 1003.23 
20150706145935 11.653777 2.891597 -0.14664486 0.018020526 0.0033597588 -0.21197024 1003.23 
20150706145935 11.197681 0.7667431 0.66020113 -0.30176744 -0.047036625 -0.11026118 1003.23 
20150706145935 12.403162 -2.9945478 2.5420437 -0.39187005 -0.062308256 -0.13988814 1003.23 
20150706145935 14.367604 -3.2812533 2.1751323 -0.34880406 0.0015271631 -0.016798794 1003.23 
20150706145935 15.288175 -1.6208745 0.39983168 -0.2507602 0.008246681 0.37934732 1003.23 
20150706145935 14.966155 -0.18614918 -1.4670471 -0.30024028 0.13958271 0.68844515 1003.23 
20150706145935 11.3138 -1.6639702 -3.8001966 -0.3100141 0.27091873 0.7141015 1003.23 
20150706145935 7.8062944 -2.3714569 -4.390966 -0.21288654 0.13133603 0.74006325 1003.27 
20150706145935 5.515642 -1.6687586 -3.8259344 -0.08460484 0.11911872 0.66645396 1003.27 
20150706145935 7.619547 0.58777654 -3.5805287 -0.11575896 0.18112154 0.47250426 1003.27 
20150706145935 12.428301 0.66139823 -2.0949266 -0.0571159 0.30085114 0.48380527 1003.27 
20150706145935 16.205753 -0.81881696 -0.694917 -0.015882496 0.28313604 0.48991394 1003.27 
20150706145935 15.656283 -1.8579005 -0.6745663 0.038789943 -0.22174409 0.2593123 1003.27 
20150706145935 12.66832 -1.4939818 -0.97743285 0.3042109 -0.453262 -0.109650314 1003.27 
20150706145935 8.64666 -0.6823475 -1.3132197 0.4636467 -0.102319926 -0.39095375 1003.27 
20150706145935 4.8943467 -0.82480246 -0.9163807 0.58459806 0.269697 -0.66767573 1003.27 
20150706145935 5.9292407 -1.3916297 0.4165911 0.6966918 0.7244862 -0.8176431 1003.22 
20150706145935 6.431424 0.049679685 -0.16579847 0.8246681 0.72356987 -0.71959925 1003.22 
20150706145935 6.126762 1.1360487 -0.31064767 1.0607675 0.32528573 -0.5900958 1003.22 
20150706145935 6.973711 2.292448 0.15263036 0.958753 0.13622294 -0.5018258 1003.22 
20150706145935 8.394072 2.747945 0.61291564 0.80573124 0.07819075 -0.453262 1003.22 
20150706145935 9.133281 2.823961 0.9235633 0.63804877 -0.042760566 -0.36682457 1003.22 
20150706145935 8.792108 2.5103204 1.0600328 0.44226643 -0.12797627 -0.20189096 1003.22 
20150706145935 7.793725 1.9602526 1.5556326 0.204029 -0.15302174 -0.03726278 1003.22 
20150706145935 7.109582 1.0133458 2.0123265 0.009162978 0.007330383 0.10873401 1003.22 
20150706145935 7.780557 -0.3854665 2.794632 -0.10903945 0.16187929 0.22388211 1003.2 
20150706145935 9.68275 -1.3742718 2.9855695 -0.15607607 0.17379116 0.3277292 1003.2 
20150706145935 11.365275 -1.8626889 -0.18076223 -0.07880162 -0.021380283 0.3115413 1003.2 
20150706145935 12.95323 0.2873042 -2.5737667 0.05375614 -0.3036 0.204029 1003.2 
20150706145935 14.607024 3.767875 2.1392193 0.11942416 -0.43799037 0.09010262 1003.2 
20150706145935 14.164097 2.4492683 4.473566 -0.07941248 -0.62949663 -0.07941248 1003.2 
20150706145935 13.363835 -0.15442601 3.6092591 -0.032070424 -0.58368176 -0.48472157 1003.2 
20150706145935 13.653534 -2.582745 1.3748703 0.19028452 0.1908954 -0.58459806 1003.2 
20150706145935 14.256274 -0.8583213 -1.6980876 0.43860126 0.60994893 -0.4166101 1003.2 
20150706145935 12.913726 2.1853075 -3.7654808 0.6178902 0.5195409 -0.23243423 1003.2 
20150706145935 8.213309 2.1320367 -4.656722 0.6267477 0.040011674 -0.4352415 1003.2 
20150706145935 7.4106526 2.1410148 -5.1158104 0.4908302 -0.1432479 -0.6924158 1003.2 
20150706145935 8.996213 -0.55365914 -2.3062148 0.23609942 -0.021991149 -0.6722572 1003.2 
20150706145935 11.838729 -2.6048915 -1.6496049 0.0067195175 0.18845193 -0.5626069 1003.2 
20150706145935 12.95323 -0.51475334 -1.3754689 0.11881329 0.13652839 -0.42760566 1003.2 
20150706145935 12.269087 1.0923545 -0.9103952 0.13041973 0.07788532 -0.18325958 1003.2 
20150706145935 10.796054 1.7812861 -1.1677719 -0.029932396 0.040011674 0.05681047 1003.2 
20150706145935 8.823232 1.3084313 -1.7567455 -0.15943582 0.010079277 0.42546764 1003.2 
20150706145935 6.2763996 0.59376204 -1.198298 -0.32589662 0.05131268 0.61208695 1003.24 
20150706145935 5.5551467 1.1492168 0.073621705 -0.5644395 0.16523905 0.77366084 1003.24 
20150706145935 6.0345855 0.20231004 0.83737206 -0.7284568 0.28313604 0.806953 1003.24 
20150706145935 7.3059063 -1.9818004 0.9032126 -0.7831292 0.119729586 0.70707655 1003.24 
20150706145936 8.675988 -3.3836055 0.635062 -0.78801614 -0.11178834 0.5748242 1003.24 
20150706145936 10.11251 -3.7630866 1.062427 -0.63407815 -0.2864958 0.5317582 1003.24 
20150706145936 10.300454 -3.1842883 1.4305356 -0.42363504 -0.47158796 0.38148534 1003.24 
20150706145936 9.442732 -2.4947581 1.7363948 -0.2733622 -0.46670106 0.1957823 1003.24 
20150706145936 8.319851 -2.2002714 1.6603789 -0.004276057 -0.3576616 0.016798794 1003.24 
20150706145936 7.799112 -1.4203602 1.785476 0.28130344 -0.087964594 -0.043676864 1003.25 
20150706145936 8.104373 -0.45669398 1.4838065 0.4886922 0.10873401 -0.10934488 1003.25 
20150706145936 9.694721 0.64823014 1.2294226 0.5381723 0.11881329 -0.15149458 1003.25 
20150706145936 11.662755 2.2535424 0.40641573 0.4654793 0.005497787 -0.21594086 1003.25 
20150706145936 11.791444 3.2477345 -0.6817489 0.17745635 -0.21502456 -0.1872302 1003.25 
20150706145936 11.445481 -0.090381116 0.85054016 -0.10262536 -0.3817908 -0.15118915 1003.25 
20150706145936 13.046005 -3.6254199 2.710835 -0.26297748 -0.3210097 -0.14385876 1003.25 
20150706145936 15.667656 -3.791817 1.7944542 -0.29138273 -0.16982053 0.13561209 1003.25 
20150706145936 16.298529 -2.510919 0.52373165 -0.2733622 -0.05375614 0.58276546 1003.25 
20150706145936 15.134946 -1.8267759 -1.5215151 -0.17898351 0.01282817 0.81336707 1003.31 
20150706145936 11.822568 -2.718616 -2.7629087 0.07727446 -0.019547688 0.8060367 1003.31 
20150706145936 8.699332 -2.9975405 -3.4464533 0.25167647 0.022296581 0.73273283 1003.31 
20150706145936 5.9029045 -1.5837644 -3.3488896 0.3576616 0.02687807 0.61575216 1003.31 
20150706145936 5.5264163 1.3204023 -3.6733038 0.26725355 0.06047566 0.33322698 1003.31 
20150706145936 9.592369 3.2998085 -1.1731589 0.19486602 0.25778514 0.15577064 1003.31 
20150706145936 12.722788 1.0354922 -0.44651863 -0.012217305 0.2171626 0.10415252 1003.31 
20150706145936 14.410102 -1.4239515 -0.47764325 0.043676864 -0.05589417 0.028710667 1003.31 
20150706145936 13.066955 -2.586935 -1.079785 0.30879238 -0.29260445 0.083383106 1003.31 
20150706145936 9.639056 -2.4372973 -1.5185224 0.5891795 -0.44135013 -0.13591751 1003.22 
20150706145936 6.003461 -2.2188265 -0.9020155 0.7162395 -0.06811147 -0.43463063 1003.22 
20150706145936 7.3591776 -0.6278794 -0.18974048 0.7516697 0.3555236 -0.65087694 1003.22 
20150706145936 6.935404 0.3274071 -0.3417723 0.90469146 0.51251596 -0.72143185 1003.22 
20150706145936 6.5960255 1.4927847 -0.25378537 1.1029172 0.33261612 -0.57940567 1003.22 
20150706145936 7.560889 2.2828712 -0.08619126 1.0882565 0.08582657 -0.49846604 1003.22 
20150706145936 9.09258 2.6605566 -0.08259996 0.98715824 0.023823744 -0.45998153 1003.22 
20150706145936 9.531317 2.657564 0.049679685 0.81061816 -0.0711658 -0.32742378 1003.22 
20150706145936 9.15842 2.2864625 0.5386954 0.6246097 -0.25045475 -0.17562376 1003.22 
20150706145936 8.453926 1.9387048 0.9983821 0.4605924 -0.24251351 -0.082161374 1003.22 
20150706145936 7.8583684 1.7531542 1.4341269 0.23823744 -0.119729586 0.046120327 1003.22 
20150706145936 8.007407 1.0187328 2.3235726 0.028405234 0.046731193 0.17562376 1003.22 
20150706145936 8.887876 0.22505496 2.6402059 -0.1001819 0.11881329 0.25289822 1003.22 
20150706145936 10.365696 -0.35194764 2.1817162 -0.13683382 0.08307768 0.26267207 1003.22 
20150706145936 11.301829 -1.5598224 0.47405192 -0.06169739 -0.070249505 0.1908954 1003.22 
20150706145936 13.090298 0.11133038 -1.4820108 0.05222898 -0.1966986 0.04428773 1003.22 
20150706145936 14.599842 2.830545 2.367267 0.14172074 -0.3585779 0.009773844 1003.22 
20150706145936 13.858836 2.4109612 3.845088 0.03970624 -0.43066 -0.02076942 1003.22 
20150706145936 13.682264 0.4938041 2.9281087 0.052839845 -0.47128254 -0.36987892 1003.23 
20150706145936 13.514071 -1.6244658 0.2112883 0.28313604 0.20555615 -0.4654793 1003.23 
20150706145936 13.8325 -0.7541735 -2.971803 0.38056904 0.5702427 -0.36132678 1003.23 
20150706145936 10.222044 1.5472529 -4.059369 0.41508293 0.4083634 -0.19150625 1003.23 
20150706145936 7.7183075 2.2152352 -4.7776294 0.31795537 -0.055588737 -0.3744604 1003.23 
20150706145936 7.342418 1.1097125 -4.1186256 0.23701571 -0.05467244 -0.50243664 1003.23 
20150706145936 9.787497 -1.0929531 -1.4867992 0.1282817 0.02076942 -0.505491 1003.23 
20150706145936 12.937069 -1.8447324 -1.2078748 -0.0693332 0.03634648 -0.44837508 1003.23 
20150706145936 13.852851 0.08738836 -0.92775315 0.047647487 0.10751228 -0.3051272 1003.23 
20150706145936 11.632229 1.0313023 -0.9995792 0.021685716 0.09010262 -0.07574729 1003.29 
20150706145937 9.752781 1.2174516 -1.3515269 -0.08368854 0.04550946 0.20463985 1003.29 
20150706145937 7.5213847 0.7721301 -1.4490906 -0.22479841 0.16707164 0.5225952 1003.29 
20150706145937 5.2846017 0.60693014 -0.79128367 -0.40591997 0.21044308 0.64812803 1003.29 
20150706145937 5.504868 0.84814596 0.2885013 -0.59681535 0.3231477 0.7351763 1003.29 
20150706145937 6.441001 -0.29807812 0.7038953 -0.6743952 0.26450464 0.73823065 1003.29 
20150706145937 7.9074497 -1.9339164 0.4794389 -0.66614854 -0.009162978 0.56107974 1003.29 
20150706145937 9.493608 -2.8790276 0.49799395 -0.64660084 -0.23151793 0.5128214 1003.29 
20150706145937 10.211869 -3.3542767 1.0426749 -0.50762904 -0.36102137 0.47769663 1003.29 
20150706145937 9.916783 -3.3836055 1.2671312 -0.34422258 -0.5158757 0.2687807 1003.19 
20150706145937 8.76996 -2.6689363 1.4856021 -0.08032878 -0.41233405 0.050701816 1003.19 
20150706145937 7.843405 -1.7711107 1.5047557 0.13041973 -0.16554448 -0.04337143 1003.19 
20150706145937 8.010999 -0.89184016 1.4167689 0.37140608 0.0012217305 -0.16279559 1003.19 
20150706145937 9.115923 0.23642741 1.270124 0.505491 0.1572978 -0.25411993 1003.19 
20150706145937 11.178528 2.2732944 1.3826514 0.49663344 0.1020145 -0.2996294 1003.19 
20150706145937 11.636418 3.5404258 0.050876785 0.22693644 -0.034208454 -0.2724459 1003.19 
20150706145937 11.725004 1.4407109 -0.39923313 -0.18325958 -0.2574797 -0.19181168 1003.19 
20150706145937 12.583924 -2.9532478 1.6232687 -0.30848694 -0.34300083 -0.04550946 1003.19 
20150706145937 14.6585 -4.2922053 2.505532 -0.3454443 -0.3023783 0.15210545 1003.32 
20150706145937 15.489288 -2.5222914 1.1959038 -0.29565877 -0.26206118 0.44073927 1003.32 
20150706145937 14.4370365 -1.2880806 -0.4213795 -0.30390546 0.105068825 0.7122689 1003.32 
20150706145937 11.394006 -2.0590134 -2.6964695 -0.22327125 0.3173445 0.72692966 1003.32 
20150706145937 9.155427 -2.954445 -4.283227 -0.08093964 0.20525073 0.6435465 1003.32 
20150706145937 7.2753806 -2.415151 -4.371214 0.08979719 0.12156218 0.54092115 1003.32 
20150706145937 7.1347213 0.23104046 -4.189853 0.20891592 -0.1423316 0.44684792 1003.32 
20150706145937 11.616667 3.0490158 -1.8794483 0.22327125 -0.2864958 0.43585235 1003.32 
20150706145937 13.590087 1.5580268 -1.46585 0.09468412 -0.14660765 0.47861293 1003.32 
20150706145937 14.420277 -0.38965634 -0.44771573 0.044593163 -0.121256754 0.17898351 1003.27 
20150706145937 12.682685 -2.086547 -0.760159 0.160963 -0.109650314 -0.00580322 1003.27 
20150706145937 9.767146 -2.211644 -0.8122329 0.3643811 -0.054367006 -0.19730948 1003.27 
20150706145937 4.9601874 -2.415151 -0.78410107 0.6239988 0.1600467 -0.4071417 1003.27 
20150706145937 6.803124 -2.0458453 0.04249708 0.83016586 0.38973203 -0.5739079 1003.27 
20150706145937 7.165247 0.020949265 -0.39624038 0.9434814 0.5164866 -0.6236934 1003.27 
20150706145937 6.6905966 1.412579 -0.30825347 1.1490375 0.3210097 -0.5186246 1003.27 
20150706145937 7.427412 2.5887306 -0.12150574 1.1343768 0.02076942 -0.4746423 1003.27 
20150706145937 8.871116 2.8502972 -0.08798691 0.9944886 -0.096516706 -0.4392121 1003.27 
20150706145937 9.728839 2.508525 0.033518825 0.82558435 -0.13194689 -0.3659083 1003.26 
20150706145937 9.3738985 1.8770541 0.33758244 0.5870415 -0.22999077 -0.21410827 1003.26 
20150706145937 8.579621 1.4640543 0.95349085 0.38759398 -0.29352075 -0.074830994 1003.26 
20150706145937 7.953538 1.2060791 1.4550761 0.18570304 -0.13652839 0.02687807 1003.26 
20150706145937 7.9756846 0.7098808 2.123657 0.0580322 0.07727446 0.08368854 1003.26 
20150706145937 8.608951 0.1340753 2.7928362 -0.058337633 0.19486602 0.16676621 1003.26 
20150706145937 9.710882 -0.11851298 2.6084828 -0.10934488 0.19394971 0.21838433 1003.26 
20150706145937 10.381857 -0.7685388 1.0241197 -0.08032878 0.07452556 0.21410827 1003.26 
20150706145937 11.152191 -1.1558008 -2.4019828 0.02565634 -0.011911872 0.12370021 1003.26 
20150706145937 13.784018 2.2876596 0.3453636 0.23945917 -0.13775012 0.036957346 1003.24 
20150706145937 14.192827 3.2016463 4.035427 0.15118915 -0.29138273 0.09254608 1003.24 
20150706145937 14.60463 1.002572 2.8568811 0.00580322 -0.5390886 -0.2012801 1003.24 
20150706145937 14.7824 -0.9744401 0.108936176 0.14172074 -0.1731803 -0.47647488 1003.24 
20150706145937 13.837289 -1.0684125 -2.3295584 0.32589662 0.5213735 -0.49602258 1003.24 
20150706145937 11.009138 0.96426475 -3.517681 0.28405234 0.48288897 -0.44440445 1003.24 
20150706145938 7.7530236 1.311424 -3.9109285 0.32620203 0.2724459 -0.49357912 1003.24 
20150706145938 6.950966 0.43993455 -3.6685154 0.3036 0.16523905 -0.63804877 1003.24 
20150706145938 8.874108 -1.5352819 -1.5939398 0.20738874 0.24404067 -0.59498274 1003.24 
20150706145938 12.289437 -1.7555484 -1.0618285 0.10629055 0.28008172 -0.50426924 1003.28 
20150706145938 14.605827 0.59974754 -0.53689975 0.1863139 0.2284636 -0.29901853 1003.28 
20150706145938 13.743915 1.7130513 -0.47225627 0.16554448 0.052839845 0.005497787 1003.28 
20150706145938 10.713454 1.0055647 -1.021127 0.089186326 -0.0070249503 0.2657264 1003.28 
20150706145938 6.8599863 -0.2861071 -0.7182605 0.0015271631 0.24251351 0.5213735 1003.28 
20150706145938 5.5778913 -0.0017956513 -0.30406362 -0.19211712 0.43188173 0.7788532 1003.28 
20150706145938 5.3624134 0.45669398 0.3417723 -0.37995818 0.5635232 0.86834496 1003.28 
20150706145938 5.719748 0.12090719 1.1216835 -0.44959682 0.5311473 0.82527894 1003.28 
20150706145938 7.009624 -1.6891093 0.88046765 -0.5002986 0.28680122 0.6444628 1003.28 
20150706145938 8.628104 -2.7976246 0.5530606 -0.4007276 -0.040011674 0.4700608 1003.28 
20150706145938 9.508572 -2.8640637 0.7541735 -0.2443461 -0.25167647 0.42424592 1003.28 
20150706145938 9.469068 -2.2212207 1.2425907 -0.14202617 -0.5140431 0.3182608 1003.28 
20150706145938 8.930372 -1.690905 1.5592239 -0.025045475 -0.5580254 0.08674286 1003.28 
20150706145938 8.04751 -1.292869 1.578976 0.1001819 -0.35888332 -0.08735373 1003.28 
20150706145938 7.787141 -0.8499416 1.6089035 0.22937989 -0.21533 -0.14080444 1003.28 
20150706145938 8.635885 -0.38187516 1.6346412 0.36957347 -0.16035213 -0.20311269 1003.28 
20150706145938 10.74817 0.4758476 1.2791022 0.39278635 -0.18234327 -0.24953845 1003.28 
20150706145938 12.522872 2.2810757 0.077811554 0.25503623 -0.3390302 -0.18753563 1003.28 
20150706145938 12.13142 2.6384103 -1.1270704 0.015577064 -0.49938235 -0.10354166 1003.22 
20150706145938 12.469601 -1.1941081 1.4000094 -0.31764993 -0.47800204 -0.057421334 1003.22 
20150706145938 14.185046 -3.7511156 3.0148985 -0.40500367 -0.3359759 0.042455133 1003.22 
20150706145938 15.974113 -2.9233203 1.9075803 -0.3921755 -0.18295415 0.43035457 1003.22 
20150706145938 15.718533 -1.4879963 0.2908955 -0.41691554 0.004886922 0.6994407 1003.22 
20150706145938 12.935872 -1.4682442 -1.5059528 -0.39675698 0.14966199 0.8268061 1003.22 
20150706145938 10.157401 -3.072958 -2.7808652 -0.28008172 0.16218472 0.6740898 1003.22 
20150706145938 8.634089 -3.205836 -3.7110126 -0.26297748 0.22602014 0.4831944 1003.22 
20150706145938 6.903681 -1.7106571 -4.148553 -0.09712757 0.20097467 0.36774087 1003.22 
20150706145938 7.0383544 1.3826514 -3.8271315 0.06383542 -0.02321288 0.35613444 1003.3 
20150706145938 9.8198185 2.8981812 -0.777517 0.09254608 -0.018325957 0.4541783 1003.3 
20150706145938 11.702259 1.590947 -0.30765492 -0.064751714 0.047036625 0.3933972 1003.3 
20150706145938 12.899361 -0.4782418 0.46567222 -0.09101892 0.109650314 0.10781772 1003.3 
20150706145938 10.954071 -2.3517046 -0.25019407 -0.09254608 0.11301007 -0.01985312 1003.3 
20150706145938 8.159439 -3.268684 -0.01616086 0.047647487 -0.093462385 -0.2519819 1003.3 
20150706145938 8.671799 -1.3174095 -0.092176765 0.23243423 0.04917465 -0.45204028 1003.3 
20150706145938 7.2843585 -0.5231331 -0.46507367 0.36896262 0.24770586 -0.6881397 1003.3 
20150706145938 5.9142766 0.0688333 -0.18854338 0.61483586 0.31673363 -0.70463306 1003.3 
20150706145938 6.183026 0.46986207 0.17238252 0.7440339 0.2770274 -0.64812803 1003.3 
20150706145938 7.9062524 1.246182 0.35553896 0.79290307 0.2706133 -0.59437186 1003.3 
20150706145938 9.347562 2.6856956 0.24660277 0.7535023 0.052839845 -0.4456262 1003.3 
20150706145938 10.090961 2.782661 0.08619126 0.5726862 -0.22143865 -0.36041048 1003.3 
20150706145938 9.647436 2.1398177 0.15622166 0.44868052 -0.3903429 -0.30543262 1003.3 
20150706145938 8.640674 1.7070658 0.81163436 0.3231477 -0.44715336 -0.16187929 1003.3 
20150706145938 7.9996266 1.3144168 1.5693992 0.099571034 -0.30573806 -0.07941248 1003.3 
20150706145938 8.079233 0.6206968 2.6509798 -0.05955936 -0.04550946 -0.022907447 1003.3 
20150706145938 8.934562 0.15203181 3.3806129 -0.17989981 0.116980694 0.06261369 1003.3 
20150706145938 9.991004 -0.18136078 2.700061 -0.22785273 0.17867808 0.10170906 1003.24 
20150706145938 10.437522 -1.6130934 0.91697925 -0.12889257 0.19242255 0.060170226 1003.24 
20150706145939 12.670714 -0.4309563 -0.014963761 0.03023783 0.16065755 0.018936822 1003.24 
20150706145939 13.957598 2.348712 2.9801826 0.21563543 0.029321533 0.1142318 1003.24 
20150706145939 13.172897 2.2679076 3.441665 0.10567969 -0.28008172 -0.071776666 1003.24 
20150706145939 12.989142 0.6338649 3.0142999 0.1704314 -0.30848694 -0.4465425 1003.24 
20150706145939 14.062344 -0.6679823 0.51235914 0.34116822 0.22266038 -0.48747048 1003.24 
20150706145939 14.866796 0.30346507 -2.0033484 0.5155703 0.33444872 -0.2910773 1003.24 
20150706145939 10.981605 1.7980455 -3.544017 0.6078109 0.15515977 -0.22571471 1003.24 
20150706145939 7.282563 0.9911995 -3.9258924 0.56077427 -0.18661933 -0.453262 1003.31 
20150706145939 7.5806413 1.074398 -4.245518 0.4538729 -0.022296581 -0.5833763 1003.31 
20150706145939 10.19092 -1.1923125 -1.8166006 0.44684792 0.3576616 -0.3555236 1003.31 
20150706145939 12.814964 -1.1468226 -1.678934 0.2415972 0.34391713 -0.37690386 1003.31 
20150706145939 13.260884 0.7314286 -1.0857705 0.24862215 0.082161374 -0.3555236 1003.31 
20150706145939 11.364676 1.5628152 -1.1761516 0.016493361 -0.0018325958 -0.22479841 1003.31 
20150706145939 9.062652 1.0259154 -1.6250644 -0.10720685 -0.12339478 0.18661933 1003.31 
20150706145939 6.3272767 0.14185645 -1.0390835 -0.17348573 0.025350908 0.52626044 1003.31 
20150706145939 4.506486 -0.045489833 -0.45669398 -0.3484986 0.1459968 0.78801614 1003.31 
20150706145939 4.8177323 0.18435353 0.7314286 -0.54305923 0.40500367 0.8680395 1003.28 
20150706145939 6.085462 -1.6861166 1.0289081 -0.6356053 0.4373795 0.8191703 1003.28 
20150706145939 7.6829934 -3.0280666 0.87927055 -0.591623 0.008857546 0.61666846 1003.28 
20150706145939 9.569026 -3.2154129 0.5518635 -0.4886922 -0.2611449 0.47494772 1003.28 
20150706145939 10.941502 -2.3511062 0.8846575 -0.3115413 -0.5543602 0.36560285 1003.28 
20150706145939 10.6954975 -1.5035586 1.501763 -0.13041973 -0.6774496 0.19853121 1003.28 
20150706145939 9.000402 -1.513734 1.9369092 0.0 -0.58246 0.06169739 1003.28 
20150706145939 7.704541 -1.7184383 2.1410148 0.15271631 -0.3463606 -0.04062254 1003.28 
20150706145939 7.5686703 -1.2862848 2.0644004 0.33750305 0.08032878 -0.061086524 1003.28 
20150706145939 8.7053175 -0.25857377 1.7992426 0.40469822 0.27550024 -0.07513642 1003.26 
20150706145939 10.047267 0.9068039 1.3479356 0.41508293 0.21838433 -0.10354166 1003.26 
20150706145939 10.927136 1.9351135 0.02813187 0.24709499 -0.022907447 -0.18173242 1003.26 
20150706145939 11.799823 1.1773487 -0.79966336 -0.043676864 -0.26725355 -0.19272798 1003.26 
20150706145939 12.938865 -1.5939398 1.9363106 -0.13255776 -0.3173445 -0.13500121 1003.26 
20150706145939 15.245079 -3.2315738 2.8694508 -0.27091873 -0.40622538 0.009162978 1003.26 
20150706145939 16.166248 -2.554613 1.3934253 -0.30665436 -0.4364632 0.3115413 1003.26 
20150706145939 15.844827 -2.2703018 -0.25617957 -0.301462 -0.038789943 0.6554584 1003.26 
20150706145939 12.493543 -2.873042 -2.267309 -0.10751228 0.07269296 0.89766645 1003.26 
20150706145939 9.762358 -3.9839516 -3.8229415 0.003970624 0.11301007 0.73364913 1003.25 
20150706145939 7.5363483 -3.0071173 -4.6764746 0.21991149 0.21410827 0.55771995 1003.25 
20150706145939 6.489484 -0.2873042 -4.607641 0.3753767 -0.06383542 0.45906523 1003.25 
20150706145939 9.210494 3.5344403 -2.593519 0.4569272 -0.18081611 0.43890667 1003.25 
20150706145939 11.669938 2.8808231 -1.0193313 0.25167647 -0.23701571 0.4279111 1003.25 
20150706145939 13.122021 0.8678981 -0.19572599 0.13561209 -0.18753563 0.069027774 1003.25 
20150706145939 11.466431 -2.3169887 -0.053869538 0.1386664 -0.022602014 -0.092240654 1003.25 
20150706145939 8.56825 -3.0508115 -0.45968673 0.22204952 -0.06566802 -0.24495697 1003.25 
20150706145939 6.241684 -3.6463692 -0.07182605 0.48380527 0.103847094 -0.38148534 1003.25 
20150706145939 8.134899 -1.4556746 -0.28191724 0.6462954 0.29565877 -0.49205196 1003.29 
20150706145939 7.0503254 -0.13706805 -0.599149 0.8426886 0.35124752 -0.56321776 1003.29 
20150706145939 6.487688 0.8026561 -0.8074445 1.106277 0.22204952 -0.5119051 1003.29 
20150706145939 7.1610575 1.6759412 -0.53929394 1.1459832 0.02565634 -0.44440445 1003.29 
20150706145939 9.311649 2.4809916 -0.30166942 1.0793989 -0.009773844 -0.45937067 1003.29 
20150706145939 9.946113 2.9125464 -0.3465607 0.9407325 -0.1328632 -0.36254853 1003.29 
20150706145939 9.568427 2.8550856 -0.1364695 0.77304995 -0.3494149 -0.1863139 1003.29 
20150706145940 8.883087 2.4259248 0.46627077 0.59559363 -0.42424592 -0.09162979 1003.29 
20150706145940 8.214506 1.7944542 1.0851719 0.30451632 -0.26633725 -0.01160644 1003.29 
20150706145940 7.8835077 0.90141696 1.6591818 0.03604105 -0.036651913 0.055588737 1003.25 
20150706145940 8.476072 -0.03172317 2.8389246 -0.1432479 0.09712757 0.13744467 1003.25 
20150706145940 9.749189 -0.44771573 2.8622682 -0.22357668 0.10476339 0.19486602 1003.25 
20150706145940 10.418368 -0.7170634 1.501763 -0.17867808 0.04337143 0.21838433 1003.25 
20150706145940 10.574591 -1.3617022 -0.66738373 -0.04520403 -0.029932396 0.13164146 1003.25 
20150706145940 13.374609 0.7457938 -0.45370123 0.13561209 -0.14202617 0.009162978 1003.25 
20150706145940 14.025233 2.2296004 2.7210102 0.24404067 -0.33933565 0.08307768 1003.25 
20150706145940 14.347853 1.2455834 3.3381157 0.10323623 -0.5357288 -0.18600847 1003.25 
20150706145940 14.6124115 -0.94930094 0.94690675 0.22999077 -0.41722095 -0.4999932 1003.25 
20150706145940 14.39813 -1.8507179 -1.3221979 0.39614612 0.19058995 -0.52748215 1003.25 
20150706145940 13.268067 1.8297687 -4.012682 0.464563 0.36957347 -0.33628133 1003.25 
20150706145940 8.98484 2.7461493 -3.9175124 0.4978552 0.17745635 -0.35308012 1003.25 
20150706145940 6.567295 2.2307975 -4.518457 0.26389378 -0.03604105 -0.50762904 1003.25 
20150706145940 6.361394 0.7721301 -3.1106665 0.226631 -0.052534413 -0.49357912 1003.25 
20150706145940 9.544485 -1.632247 -1.1785458 -0.026572637 0.12492194 -0.34238997 1003.25 
20150706145940 12.910732 -1.9788077 -1.2114661 -0.016187929 0.2929099 -0.17562376 1003.25 
20150706145940 12.394782 0.4261679 -1.2246342 0.046731193 0.13744467 -0.021991149 1003.25 
20150706145940 10.915166 0.8319851 -1.3521254 -0.04642576 -0.04428773 0.095294975 1003.25 
20150706145940 8.696339 0.5662287 -1.4856021 -0.18112154 -0.09773844 0.28893927 1003.21 
20150706145940 6.2392898 -0.037110128 -1.1007342 -0.31245756 0.047036625 0.5213735 1003.21 
20150706145940 5.6682725 0.33997664 -0.4189853 -0.45112398 0.28924468 0.65057147 1003.21 
20150706145940 5.940613 -0.2220622 0.46267948 -0.5329799 0.419359 0.77274454 1003.21 
20150706145940 6.8647747 -1.83336 0.52373165 -0.528093 0.29901853 0.6835582 1003.21 
20150706145940 8.15106 -2.6647465 0.3441665 -0.42424592 0.02107485 0.5296202 1003.21 
20150706145940 9.225458 -2.9257145 0.14185645 -0.34697145 -0.17898351 0.5149594 1003.21 
20150706145940 9.766547 -2.6030958 0.65900403 -0.21746802 -0.30970868 0.41783184 1003.21 
20150706145940 9.478046 -2.3702598 0.98341835 -0.0852157 -0.41080686 0.20677789 1003.21 
20150706145940 8.946533 -2.15538 1.2120646 0.03573562 -0.35216382 0.064751714 1003.21 
20150706145940 8.448539 -1.555034 1.1510124 0.20586158 -0.22204952 -0.021685716 1003.21 
20150706145940 8.586804 -0.49799395 1.3449428 0.36682457 -0.049785517 -0.08674286 1003.21 
20150706145940 8.909423 0.47165772 1.4012065 0.4361578 0.01038471 -0.16432275 1003.21 
20150706145940 10.044274 1.2126632 0.6775591 0.36835176 -0.057421334 -0.23854288 1003.21 
20150706145940 12.076952 2.0667946 -0.3489549 0.15149458 -0.11026118 -0.24923302 1003.21 
20150706145940 13.096882 0.51116204 0.6787562 -0.12889257 -0.20738874 -0.11026118 1003.21 
20150706145940 13.949218 -2.9281087 1.9877859 -0.3145956 -0.376293 -0.09468412 1003.21 
20150706145940 15.592238 -4.0138793 1.5807717 -0.40011674 -0.3463606 -0.01740966 1003.21 
20150706145940 15.603611 -2.6611552 0.089184016 -0.2968805 -0.15363261 0.4184427 1003.28 
20150706145940 15.054142 -0.62967503 -1.6585833 -0.21777347 0.021685716 0.72784597 1003.28 
20150706145940 11.935096 -2.0159178 -3.3010056 -0.122783914 0.1704314 0.7583892 1003.28 
20150706145940 9.11293 -3.2692823 -4.4837413 -0.027794369 0.10445796 0.6010914 1003.28 
20150706145940 6.6959834 -1.508347 -3.9983168 0.26389378 0.093767814 0.5161811 1003.28 
20150706145940 6.623559 1.0217255 -3.2615013 0.24862215 -0.074830994 0.37201694 1003.28 
20150706145940 9.730635 2.932897 -1.7818847 0.17959438 0.035430185 0.26633725 1003.28 
20150706145940 12.120048 1.584363 -0.46806642 -0.005192355 0.12003502 0.12186762 1003.28 
20150706145940 13.117232 -1.0815806 -0.3824737 -0.13958271 0.055283304 -0.15149458 1003.28 
20150706145940 11.5633955 -1.6124948 -1.0546459 -0.099265605 -0.11759156 -0.19303341 1003.25 
20150706145940 8.048708 -1.3718776 -1.4401124 0.09590584 -0.2125811 -0.2968805 1003.25 
20150706145941 5.78918 -2.2457612 -0.42197806 0.23976462 -0.063224554 -0.4615087 1003.25 
20150706145941 7.855376 -1.2312182 -0.16400282 0.32803464 0.15118915 -0.6401868 1003.25 
20150706145941 7.1329255 -0.15861586 -0.26994625 0.4728097 0.27000242 -0.6389651 1003.25 
20150706145941 6.169858 0.7266402 -0.50996494 0.7367035 0.11911872 -0.50335294 1003.25 
20150706145941 6.2165446 1.5610195 -0.41060558 0.7165449 0.002443461 -0.45814893 1003.25 
20150706145941 7.811083 2.1811178 -0.2669535 0.68875057 0.053145275 -0.39584067 1003.25 
20150706145941 9.1590185 2.4762032 -0.16819267 0.58246 -0.077579886 -0.29932398 1003.25 
20150706145941 9.583391 2.1996727 0.078410104 0.45753807 -0.25625798 -0.1704314 1003.26 
20150706145941 9.341577 1.9476831 0.7068881 0.32162055 -0.3491095 -6.1086525E-4 1003.26 
20150706145941 9.041104 1.4329298 1.4820108 0.20616703 -0.28313604 0.11362094 1003.26 
20150706145941 9.149442 0.45489833 1.9716251 0.018020526 -0.13897185 0.23640485 1003.26 
20150706145941 9.858724 -0.4938041 2.272696 -0.040317107 0.1160644 0.31123585 1003.26 
20150706145941 10.594342 -1.2808979 1.666963 -0.0012217305 0.23487769 0.29077184 1003.26 
20150706145941 11.014524 -2.5246856 0.3728969 0.08460484 0.18081611 0.21197024 1003.26 
20150706145941 13.420099 0.05327099 0.24480712 0.27580565 0.12217305 0.051923547 1003.26 
20150706145941 13.846267 2.2242134 2.908955 0.3753767 0.062308256 0.07574729 1003.26 
20150706145941 12.804191 2.0368671 3.4045548 0.25228736 -0.12705997 -0.15302174 1003.33 
20150706145941 12.996924 0.19153613 2.019509 0.2742785 -0.13561209 -0.51923543 1003.33 
20150706145941 14.343064 -0.83737206 -1.2850877 0.45478916 0.3549127 -0.50671273 1003.33 
20150706145941 13.167511 2.2200236 -4.5699325 0.5907067 0.5027421 -0.26939157 1003.33 
20150706145941 8.796297 3.1747115 -4.945224 0.5665775 0.084910266 -0.27672195 1003.33 
20150706145941 7.0012445 2.2643163 -4.9182887 0.29565877 -0.23060162 -0.4700608 1003.33 
20150706145941 8.591593 1.1336545 -2.9843724 0.10293079 -0.124311075 -0.47158796 1003.33 
20150706145941 11.283274 -1.2354081 -1.1049241 -0.20586158 0.10629055 -0.3173445 1003.33 
20150706145941 13.998299 -0.37828386 -0.7344214 -0.34788775 0.39461896 -0.3222314 1003.33 
20150706145941 12.488156 0.2753332 -0.78050977 -0.321926 0.3744604 -0.16523905 1003.35 
20150706145941 10.736797 0.12988544 -1.2006922 -0.29352075 0.15118915 0.10415252 1003.35 
20150706145941 8.641273 -0.45310268 -1.7004818 -0.25289822 0.09865474 0.39706242 1003.35 
20150706145941 6.447585 -0.8146271 -1.1318588 -0.2415972 0.18051068 0.6542367 1003.35 
20150706145941 5.1481323 -0.29568392 -0.5770026 -0.37965274 0.29229903 0.75991637 1003.35 
20150706145941 5.6586957 0.78170687 0.5494693 -0.48502702 0.42821655 0.7293731 1003.35 
20150706145941 6.2542534 -0.05865794 0.8948329 -0.55680364 0.31673363 0.6969972 1003.35 
20150706145941 8.0684595 -1.5424645 0.15263036 -0.5885687 0.03573562 0.54641896 1003.35 
20150706145941 9.306861 -2.284667 0.3321955 -0.52687126 -0.21471913 0.49693888 1003.35 
20150706145941 9.2907 -2.5839422 0.7517793 -0.4129449 -0.46578476 0.46028697 1003.28 
20150706145941 8.6574335 -2.5192988 1.1941081 -0.27763826 -0.6270532 0.22785273 1003.28 
20150706145941 7.8493905 -2.5067291 1.2270284 -0.14752395 -0.37843102 -0.026267206 1003.28 
20150706145941 7.4375877 -1.8567034 1.1498153 0.048563786 -0.10934488 -0.12003502 1003.28 
20150706145941 8.632295 -0.35673606 1.1228806 0.18234327 0.0061086523 -0.18234327 1003.28 
20150706145941 10.292673 1.0055647 0.7230489 0.1994475 0.016798794 -0.2602286 1003.28 
20150706145941 11.996147 2.8389246 -0.015562311 0.047647487 -0.09132435 -0.28405234 1003.28 
20150706145941 12.703035 2.4420857 -0.14604631 -0.24190263 -0.24281894 -0.21135938 1003.28 
20150706145941 13.421296 -1.780089 2.2649148 -0.37782016 -0.269697 -0.19853121 1003.28 
20150706145941 14.766239 -4.0863037 2.8095956 -0.47219884 -0.22693644 -0.043676864 1003.25 
20150706145941 15.683817 -2.741361 1.5903485 -0.35033122 -0.1685988 0.42943826 1003.25 
20150706145941 15.368381 -1.3347675 -0.006584055 -0.33750305 0.06078109 0.6918049 1003.25 
20150706145941 12.815563 -1.2910733 -2.3840263 -0.3231477 0.16554448 0.7293731 1003.25 
20150706145941 10.049063 -3.1693244 -3.7792473 -0.23060162 0.09315695 0.59650993 1003.25 
20150706145941 7.475895 -3.4314895 -4.423288 -0.13194689 0.0030543262 0.3549127 1003.25 
20150706145941 6.0716953 -1.1007342 -3.788824 0.020463986 -0.21594086 0.24495697 1003.25 
20150706145941 8.787319 1.7280151 -2.831742 0.06872234 -0.22082779 0.26267207 1003.25 
20150706145942 11.790246 1.9578584 -0.8170213 0.11789699 -0.09101892 0.3481932 1003.25 
20150706145942 13.309966 -0.29149407 -0.47465047 0.018020526 -0.03726278 0.19333886 1003.29 
20150706145942 11.626842 -1.8800468 -0.6967127 0.03176499 -0.14080444 -0.04337143 1003.29 
20150706145942 9.147048 -1.8375498 -1.2629414 0.23090707 -0.2125811 -0.2648101 1003.29 
20150706145942 5.7748146 -1.7328035 -1.0324994 0.40561453 -0.09254608 -0.45265114 1003.29 
20150706145942 7.503428 -0.96426475 -0.15203181 0.46303585 0.15241088 -0.59986967 1003.29 
20150706145942 7.9427643 -0.2208651 -0.5626374 0.5308419 0.29535335 -0.7293731 1003.29 
20150706145942 7.429208 0.5363012 -0.60693014 0.8723156 0.25167647 -0.5699373 1003.29 
20150706145942 7.023391 1.4024036 -0.6715736 0.9129381 0.021685716 -0.44837508 1003.29 
20150706145942 7.495647 2.0470424 -0.7745243 0.893085 0.004886922 -0.44532076 1003.29 
20150706145942 8.350377 2.6437972 -0.55964464 0.80664754 0.036651913 -0.35430184 1003.27 
20150706145942 8.959103 3.052607 -0.037708677 0.6533204 -0.089491755 -0.17470746 1003.27 
20150706145942 9.03452 2.7401638 0.32022446 0.46120325 -0.24281894 -0.07574729 1003.27 
20150706145942 8.555081 1.903989 0.57041854 0.21197024 -0.2415972 0.042760566 1003.27 
20150706145942 8.008605 0.8379706 0.9840169 0.012217305 -0.13164146 0.21135938 1003.27 
20150706145942 8.573038 -0.19931729 1.70946 -0.13316862 -0.058337633 0.35033122 1003.27 
20150706145942 10.275315 -0.6488287 2.409764 -0.16371189 -0.042455133 0.39950588 1003.27 
20150706145942 11.375451 -1.3078327 2.0404584 -0.13408493 -0.08002335 0.3417791 1003.27 
20150706145942 11.869853 -1.7872716 0.705691 0.02687807 -0.15149458 0.14355333 1003.27 
20150706145942 13.030443 0.005985504 0.12808979 0.21502456 -0.16462818 0.08093964 1003.27 
20150706145942 12.867637 2.0560207 1.8674773 0.3885103 -0.14721853 0.14110987 1003.27 
20150706145942 11.772888 2.4744074 2.5779567 0.31490102 -0.1469131 -0.08155051 1003.27 
20150706145942 12.678495 1.0360907 1.3066356 0.27580565 -0.012217305 -0.39858958 1003.27 
20150706145942 15.256452 0.2633622 -2.60968 0.3277292 0.3136793 -0.4147775 1003.27 
20150706145942 14.515447 1.5688007 -5.17387 0.35735616 0.3359759 -0.28252518 1003.27 
20150706145942 9.667188 1.6424223 -3.989937 0.105374254 -0.025350908 -0.45998153 1003.27 
20150706145942 7.4070616 0.98102415 -4.382586 -0.10415252 -0.57787853 -0.7367035 1003.27 
20150706145942 8.076839 -0.12808979 -2.879626 -0.024129177 -0.24312437 -0.61850107 1003.27 
20150706145942 12.232575 -1.0289081 -1.3443443 -0.109650314 0.17806722 -0.3387248 1003.24 
20150706145942 13.721169 -0.077811554 -1.2773066 -0.13164146 0.47708577 -0.24495697 1003.24 
20150706145942 13.214796 0.40043023 -1.3976152 -0.07147124 0.28160888 -0.12064589 1003.24 
20150706145942 10.820595 -0.24420857 -1.9213469 -0.076358154 -0.002443461 0.06963864 1003.24 
20150706145942 8.061875 -0.3597288 -1.804031 -0.10751228 -0.1282817 0.37873647 1003.24 
20150706145942 5.916671 0.073621705 -1.3263878 -0.21685717 0.05589417 0.58276546 1003.24 
20150706145942 4.59567 0.94331545 -0.9780314 -0.36071593 0.33475417 0.6392705 1003.24 
20150706145942 5.377377 1.7537527 -0.05925649 -0.50885075 0.42546764 0.6411031 1003.24 
20150706145942 6.881534 -0.5021838 -0.048482586 -0.60048056 0.23579398 0.5910121 1003.24 
20150706145942 8.656237 -1.8273745 -0.44352585 -0.63407815 -0.15241088 0.45112398 1003.27 
20150706145942 9.454104 -2.4366987 -0.3609259 -0.5907067 -0.3943135 0.4541783 1003.27 
20150706145942 9.631873 -2.3505075 0.10414778 -0.56138515 -0.5342017 0.3304781 1003.27 
20150706145942 9.524135 -2.3582888 0.45010993 -0.5128214 -0.559858 0.067500606 1003.27 
20150706145942 9.148245 -2.1703439 0.789488 -0.40378192 -0.3549127 -0.04184427 1003.27 
20150706145942 9.090784 -1.4431051 1.2425907 -0.1872302 -0.21563543 -0.10873401 1003.27 
20150706145942 9.5971575 -0.7757214 1.7896658 0.013744468 -0.06047566 -0.21624629 1003.27 
20150706145942 9.849746 -0.39504328 1.2443863 0.07849618 0.065973446 -0.33108896 1003.27 
20150706145942 10.548853 0.9247604 -0.350152 0.031154128 0.099571034 -0.34788775 1003.27 
20150706145942 11.049839 1.9788077 0.010175358 -0.0842994 0.12522738 -0.20250183 1003.26 
20150706145942 11.302427 -0.13227965 1.0845734 -0.21930063 0.036957346 -0.102319926 1003.26 
20150706145942 13.145963 -1.5658079 2.3050177 -0.2883284 -0.14508049 -0.15668693 1003.26 
20150706145943 15.246875 -1.1007342 1.1875241 -0.23762658 -0.13561209 0.07422013 1003.26 
20150706145943 15.10023 -0.18195933 -0.6356605 -0.3042109 -0.0125227375 0.47128254 1003.26 
20150706145943 13.525444 -0.6003461 -2.5845408 -0.49174652 0.20830505 0.66767573 1003.26 
20150706145943 10.437522 -3.2866404 -4.538808 -0.50640726 0.27885997 0.70249504 1003.26 
20150706145943 7.0587053 -4.164714 -4.981735 -0.37293324 0.21563543 0.7012733 1003.26 
20150706145943 6.3709707 -1.2802993 -4.5938745 -0.2321288 0.18203785 0.5198463 1003.26 
20150706145943 10.147225 1.2838906 -2.433706 0.0030543262 0.09101892 0.43799037 1003.24 
20150706145943 14.372393 0.025139118 -1.0935516 0.058948494 0.05681047 0.3866777 1003.24 
20150706145943 14.387357 -1.4449008 -0.47046062 0.04734206 -0.03176499 0.118202426 1003.24 
20150706145943 11.783064 -2.2541409 -0.8146271 0.1863139 -0.129198 -0.13072516 1003.24 
20150706145943 8.340201 -1.7579426 -1.3305776 0.37995818 -0.04917465 -0.32070425 1003.24 
20150706145943 5.4881086 -1.2150574 -1.0067618 0.68416905 0.21044308 -0.528093 1003.24 
20150706145943 7.5207863 -0.061650693 -0.06703765 0.82619524 0.5235115 -0.64812803 1003.24 
20150706145943 7.8332295 1.1486182 -0.41359833 0.90194255 0.6261369 -0.64843345 1003.24 
20150706145943 6.969521 1.6807296 -0.79726917 1.0467176 0.3735441 -0.5381723 1003.24 
20150706145943 6.950966 1.9626468 -0.6338649 1.0238101 0.21074851 -0.38362336 1003.27 
20150706145943 7.5165963 1.6873137 -0.039504327 0.86590147 0.1469131 -0.34788775 1003.27 
20150706145943 8.659229 1.3880384 0.3429694 0.7476991 0.0729984 -0.27397305 1003.27 
20150706145943 9.030929 1.4161704 0.20530279 0.6114761 -0.048258353 -0.19425514 1003.27 
20150706145943 8.462306 1.2964603 0.22266077 0.46120325 -0.16768251 -0.10934488 1003.27 
20150706145943 7.8966756 1.0301052 0.66379243 0.37110063 -0.1414153 -0.009773844 1003.27 
20150706145943 8.186374 0.8487445 1.5436616 0.32650748 -0.1282817 0.08552113 1003.27 
20150706145943 9.3738985 0.3393781 2.6114755 0.22235495 -0.101098195 0.19303341 1003.27 
20150706145943 10.5680065 0.55485624 1.7842789 0.15607607 -0.13622294 0.26419923 1003.27 
20150706145943 10.311228 0.62488663 0.52133745 0.20738874 -0.22876903 0.25350907 1003.28 
20150706145943 10.657789 -0.21547815 -1.7962499 0.16646078 -0.2171626 0.14446963 1003.28 
20150706145943 13.482348 2.1799207 0.029927522 0.16523905 -0.22235495 0.025350908 1003.28 
20150706145943 13.623008 2.3068132 3.6888664 0.04886922 -0.20830505 0.07941248 1003.28 
20150706145943 13.700221 0.32202014 3.7229836 -0.20219639 -0.4175264 -0.1554652 1003.28 
20150706145943 13.969568 -2.4690206 1.6023195 0.024129177 -0.14874569 -0.42455134 1003.28 
20150706145943 14.537593 -3.265691 -1.163582 0.29810223 0.5027421 -0.41905355 1003.28 
20150706145943 13.062764 0.6943185 -3.8714242 0.46670106 0.5510005 -0.23518312 1003.28 
20150706145943 8.7538 2.814384 -3.8325183 0.58276546 0.055588737 -0.34666604 1003.28 
20150706145943 6.25964 2.6856956 -4.734534 0.46211955 -0.06261369 -0.6432411 1003.3 
20150706145943 8.704719 1.1210849 -1.5699978 0.36254853 0.09010262 -0.6795876 1003.3 
20150706145943 12.758701 -1.5394717 -0.8858546 0.17256944 0.20891592 -0.5296202 1003.3 
20150706145943 14.791378 0.23463176 -1.1025299 0.18295415 0.23915374 -0.3109304 1003.3 
20150706145943 13.017873 1.4951789 -0.86729956 0.22266038 0.13469578 0.04153884 1003.3 
20150706145943 10.469844 0.98940384 -1.5185224 0.049480084 -0.015271631 0.25473082 1003.3 
20150706145943 7.980473 0.20171149 -1.4802152 -0.09407325 0.06566802 0.45814893 1003.3 
20150706145943 5.8005524 -0.30705637 -1.0809821 -0.23671028 0.21288654 0.68416905 1003.3 
20150706145943 5.3486466 0.0676362 -0.27593175 -0.42638394 0.36865717 0.818254 1003.3 
20150706145943 5.6425347 -0.09876082 0.729633 -0.5216789 0.41233405 0.8023715 1003.31 
20150706145943 7.281366 -1.7316064 0.51595044 -0.55680364 0.19394971 0.7309003 1003.31 
20150706145943 8.820838 -2.6060886 0.055066638 -0.43188173 -0.062002823 0.6072 1003.31 
20150706145943 9.455301 -2.7323828 0.18375498 -0.26206118 -0.29077184 0.5674938 1003.31 
20150706145943 9.539697 -2.421735 0.78290397 -0.16829337 -0.56321776 0.38240165 1003.31 
20150706145943 9.11712 -2.1799207 0.9768343 -0.064751714 -0.57543504 0.087659165 1003.31 
20150706145943 8.519767 -1.917157 0.99419224 0.101098195 -0.33353242 -0.025350908 1003.31 
20150706145944 8.391078 -1.3611037 1.1713632 0.34300083 -0.16035213 -0.023518313 1003.31 
20150706145944 8.930372 -0.51355624 1.0953473 0.45937067 -0.06536258 -0.0421497 1003.31 
20150706145944 10.195109 0.3800795 1.1145009 0.49296826 -0.06719518 -0.14110987 1003.26 
20150706145944 11.699266 1.2976574 0.7966706 0.3549127 -0.1386664 -0.20799962 1003.26 
20150706145944 11.728596 2.055422 -0.0053869537 0.15577064 -0.26450464 -0.15851954 1003.26 
20150706145944 11.257536 0.29029694 0.504578 -0.1414153 -0.25809056 -0.07819075 1003.26 
20150706145944 10.89661 -3.1304188 2.3427265 -0.2883284 -0.07086037 -0.027794369 1003.26 
20150706145944 12.747329 -4.123414 2.9161377 -0.33750305 0.12064589 0.041233405 1003.26 
20150706145944 14.689026 -2.6449943 1.258153 -0.27183503 0.23701571 0.25442538 1003.26 
20150706145944 15.758037 -1.5113398 -0.5793968 -0.23487769 0.22021692 0.589485 1003.26 
20150706145944 13.073539 -1.3150153 -2.3906105 -0.10934488 0.057726767 0.6771441 1003.26 
20150706145944 9.950302 -2.657564 -3.5697548 -0.028405234 -0.12217305 0.6215554 1003.3 
20150706145944 7.4148426 -2.4103625 -4.147356 0.13622294 0.052534413 0.5720753 1003.3 
20150706145944 7.138911 1.536479 -4.224569 0.267559 0.06566802 0.48166725 1003.3 
20150706145944 10.944494 2.9161377 -1.5388732 0.23243423 0.10598512 0.44715336 1003.3 
20150706145944 14.06354 1.2084733 -0.5566519 0.16432275 0.101098195 0.37048978 1003.3 
20150706145944 14.892533 -1.1360487 0.23762453 0.011301007 0.015882496 0.08307768 1003.3 
20150706145944 13.153744 -2.1320367 -0.6452374 0.015577064 -0.13561209 -0.081855945 1003.3 
20150706145944 9.396045 -1.6364368 -0.8900445 0.2556471 -0.23671028 -0.31031954 1003.3 
20150706145944 6.333262 -2.1266496 -0.3549404 0.41996986 0.12675454 -0.44776422 1003.3 
20150706145944 7.5566993 -1.2324153 -0.12689269 0.57543504 0.38637227 -0.6041457 1003.34 
20150706145944 7.0569096 -0.46686932 -0.22625206 0.7861836 0.59528816 -0.67011917 1003.34 
20150706145944 6.021417 0.3561375 -0.4369418 0.9633345 0.3820962 -0.50579643 1003.34 
20150706145944 6.029797 1.4706384 -0.23343466 0.9966267 0.16065755 -0.43127087 1003.34 
20150706145944 7.1604586 2.2122424 -0.090381116 0.90408057 0.13469578 -0.43310347 1003.34 
20150706145944 8.698134 2.569577 -0.07062895 0.74067414 0.03023783 -0.38148534 1003.34 
20150706145944 9.794679 2.4594438 0.076614454 0.60139686 -0.19822577 -0.26939157 1003.34 
20150706145944 9.93893 2.018312 0.29628247 0.43493605 -0.35155296 -0.10293079 1003.34 
20150706145944 9.362526 1.769315 0.842759 0.2452624 -0.4202753 0.058337633 1003.34 
20150706145944 8.746018 1.271321 1.4640543 0.030848695 -0.26725355 0.16432275 1003.28 
20150706145944 8.801684 0.19512744 2.1134815 -0.116675265 -0.10140363 0.22876903 1003.28 
20150706145944 9.598354 -0.5931635 2.3989902 -0.19639318 -0.01160644 0.28252518 1003.28 
20150706145944 10.306439 -0.99898064 1.9758149 -0.19028452 0.009773844 0.2593123 1003.28 
20150706145944 9.898827 -1.9644425 0.10474633 -0.12583824 -0.034513887 0.19394971 1003.28 
20150706145944 11.657967 -0.3333926 -1.5053543 0.08307768 -0.026267206 0.08857546 1003.28 
20150706145944 13.049597 2.456451 2.0949266 0.20922135 -0.00580322 0.1563815 1003.28 
20150706145944 13.145365 2.1601684 3.8588545 0.032375857 -0.18661933 -0.058337633 1003.28 
20150706145944 13.32912 0.038307227 2.9753942 0.06688975 -0.22296582 -0.34025195 1003.28 
20150706145944 13.570933 -1.9590555 1.2401965 0.26816985 0.21135938 -0.42302418 1003.3 
20150706145944 13.327922 0.16340427 -1.1899183 0.46517387 0.4804455 -0.18234327 1003.3 
20150706145944 11.079767 3.288436 -3.0873232 0.54733527 0.20861048 -0.11301007 1003.3 
20150706145944 7.211934 2.7521348 -4.6782703 0.45112398 0.013744468 -0.29260445 1003.3 
20150706145944 8.016386 1.0145429 -3.693056 0.23304509 -0.025045475 -0.514654 1003.3 
20150706145944 10.933122 -1.18094 -1.7064673 0.015271631 -0.14019357 -0.52564955 1003.3 
20150706145944 14.152725 -0.97862995 -1.2467805 -0.19211712 -0.040317107 -0.50823987 1003.3 
20150706145944 13.79539 0.8678981 -0.89543146 -0.16218472 -0.0852157 -0.36896262 1003.3 
20150706145944 11.7387705 1.264737 -1.2150574 -0.22266038 -0.1826487 -0.06169739 1003.3 
20150706145944 9.513959 0.70509243 -1.7806876 -0.3475823 -0.053450707 0.29565877 1003.31 
20150706145944 7.3232646 0.25857377 -1.4640543 -0.4025602 0.13041973 0.54458636 1003.31 
20150706145944 5.398925 -0.05865794 -0.9163807 -0.56413406 0.24831672 0.68783426 1003.31 
20150706145944 5.45878 0.56203884 -0.022744916 -0.7812967 0.38973203 0.6765333 1003.31 
20150706145944 6.005256 -0.61650693 0.7386112 -0.88239485 0.3744604 0.63804877 1003.31 
20150706145945 7.911041 -2.3463178 0.40222588 -0.8940013 0.15577064 0.5195409 1003.31 
20150706145945 9.691729 -2.7473464 0.0712275 -0.73364913 -0.20250183 0.4529566 1003.31 
20150706145945 10.502166 -2.4067712 0.24121583 -0.61850107 -0.43096542 0.41813725 1003.31 
20150706145945 10.286688 -2.1308396 0.6679823 -0.55863625 -0.63407815 0.2648101 1003.31 
20150706145945 9.4062195 -2.1739352 0.94211835 -0.41263947 -0.5674938 0.05955936 1003.28 
20150706145945 8.330027 -2.03148 1.1587936 -0.1853976 -0.38026363 -0.03604105 1003.28 
20150706145945 8.279149 -1.429937 1.3688848 0.038789943 -0.12156218 -0.10445796 1003.28 
20150706145945 9.184756 -0.47764325 1.3479356 0.15882497 0.027488936 -0.16432275 1003.28 
20150706145945 9.999383 0.12689269 1.6035166 0.2489276 0.0036651916 -0.22602014 1003.28 
20150706145945 10.645818 0.2896984 0.077811554 0.17256944 -0.15607607 -0.26939157 1003.28 
20150706145945 10.907384 1.3263878 -0.6739678 0.08979719 -0.20525073 -0.21991149 1003.28 
20150706145945 10.292074 0.7745243 0.049081136 -0.070554934 -0.17654006 -0.047036625 1003.28 
20150706145945 11.046248 -1.2180501 1.887828 -0.26175576 -0.18875736 -0.064751714 1003.28 
20150706145945 13.056779 -1.9309237 2.171541 -0.25320363 -0.049785517 0.039095376 1003.28 
20150706145945 14.632164 -1.4496891 1.0223241 -0.23396139 0.026267206 0.26389378 1003.28 
