20150701204311 10.437522 1.2521675 -0.87567925 0.36957347 -0.24312437 -0.21838433 996.65 
20150701204311 11.178528 0.25737667 -0.47884035 0.4859433 -0.355829 -0.027794369 996.65 
20150701204311 11.64001 -0.5931635 0.8535329 0.605062 -0.20189096 0.14019357 996.65 
20150701204311 11.2449665 -1.3174095 0.97503865 0.6924158 0.08155051 0.25259277 996.65 
20150701204311 11.115082 -0.2717419 0.45370123 0.82558435 0.3943135 0.29810223 996.65 
20150701204311 11.523293 0.11133038 0.42676646 0.9718866 0.62888575 0.33078352 996.65 
20150701204311 11.784261 0.7457938 -0.51475334 1.0812315 0.72418076 0.26053402 996.65 
20150701204311 11.997943 1.8728642 -2.6240451 1.2733486 0.61086524 0.13775012 996.65 
20150701204311 12.028469 3.8552632 -8.12233 1.3029755 0.3304781 -0.026572637 996.65 
20150701204311 13.212402 3.916914 -10.521319 1.1911873 0.16035213 -0.16187929 996.63 
20150701204311 13.781624 3.0388405 -7.417237 1.1362094 -0.13133603 -0.34574974 996.63 
20150701204311 11.629835 1.851915 -6.1141925 0.8695667 -0.99204516 -0.40286562 996.63 
20150701204311 10.107122 1.3628993 -6.0944405 0.26328292 -0.9086621 -0.43463063 996.63 
20150701204311 10.080787 2.055422 -4.924873 -0.1142318 0.08399397 -0.39461896 996.63 
20150701204311 10.166978 2.5516205 -4.286818 -0.28985557 0.54733527 -0.2171626 996.63 
20150701204312 9.206305 1.8417397 -3.5817258 -0.33475417 0.6197228 0.20616703 996.63 
20150701204312 8.443152 0.4237737 -3.4973302 -0.539394 0.7528914 0.7150178 996.63 
20150701204312 8.582016 -0.87567925 -2.9346926 -0.69974613 0.65179324 0.9379836 996.63 
20150701204312 8.2037325 -1.7172412 -2.2930467 -0.8341365 0.21166481 0.9053023 996.66 
20150701204312 7.023989 -1.6089035 -2.2140381 -1.0195341 -0.20005837 0.8304713 996.66 
20150701204312 5.229535 -1.2372037 -2.2703018 -1.1523973 -0.2910773 0.6291912 996.66 
20150701204312 3.8426938 -1.2360066 -1.9835961 -1.1866057 -0.102319926 0.39767328 996.66 
20150701204312 4.1946416 -1.2419921 -1.6382325 -1.1355985 0.06872234 0.2782491 996.66 
20150701204312 5.898116 -0.5327099 -1.1563994 -1.0641272 0.039095376 0.32436943 996.66 
20150701204312 8.189965 -0.22984336 -1.1647792 -0.9410379 -0.10598512 0.38545597 996.66 
20150701204312 9.785701 -1.2294226 -1.4036007 -0.852157 -0.3924809 0.34422258 996.66 
20150701204312 10.336966 -2.2092497 -1.3299791 -0.8512407 -0.5039638 0.1863139 996.66 
20150701204312 10.386047 -2.243367 -1.1228806 -0.90041536 -0.40103304 0.112704635 996.61 
20150701204312 10.038888 -1.1683705 -1.4024036 -0.94897914 -0.112399206 0.04153884 996.61 
20150701204312 10.000581 0.22804771 -1.3263878 -1.0057896 0.17470746 -0.06047566 996.61 
20150701204312 11.303625 0.40462008 -0.3298013 -1.0836749 0.45356745 -0.20799962 996.61 
20150701204312 13.058575 -1.3545196 0.09816227 -1.1090258 0.5174029 -0.29016098 996.61 
20150701204312 13.585299 -2.1230583 -0.6835446 -0.9669997 0.2773328 -0.19853121 996.61 
20150701204312 12.771271 -2.4468741 -4.420295 -0.8399397 -0.004276057 0.087964594 996.61 
20150701204312 12.207436 -1.5514427 -7.074866 -0.72387534 -0.12492194 0.3191771 996.61 
20150701204312 11.207258 -2.146402 -7.49026 -0.63407815 -0.15668693 0.53786683 996.61 
20150701204312 10.257359 -1.4065934 -6.2063694 -0.42363504 -0.19639318 0.59131753 996.66 
20150701204312 10.828376 -1.2078748 -4.282628 -0.13744467 -0.5342017 0.571159 996.66 
20150701204312 11.793239 1.3126211 -4.654927 0.03848451 -0.66431594 0.51893 996.66 
20150701204312 13.905523 2.2631192 -4.143166 0.22785273 -0.56169057 0.39584067 996.66 
20150701204312 13.036428 1.5693992 -3.1304188 0.41813725 -0.28619036 0.06963864 996.66 
20150701204312 9.287707 -0.12150574 -2.8658595 0.43493605 -0.06383542 -0.3659083 996.66 
20150701204312 6.712743 -1.0773908 -2.4797945 0.43463063 0.15424347 -0.8155051 996.66 
20150701204312 5.891532 -1.3551182 -1.2838906 0.4999932 0.5928447 -0.96883225 996.66 
20150701204312 5.097255 -1.6484078 -1.2300211 0.65576386 0.8527679 -0.9462303 996.66 
20150701204312 4.6297874 -0.87927055 -2.2260091 0.8781188 0.5626069 -0.72784597 996.72 
20150701204312 4.1557355 0.8062474 -2.959832 1.1249083 -0.02107485 -0.49480084 996.72 
20150701204312 5.084686 2.5366566 -2.795829 1.3255776 -0.23671028 -0.3747658 996.72 
20150701204312 6.889914 3.5529952 -1.6849195 1.3622295 -0.4129449 -0.3857614 996.72 
20150701204312 8.754398 3.448249 -1.1994951 1.2137892 -0.46395215 -0.4783075 996.72 
20150701204312 9.587581 2.6437972 -0.8846575 0.98929626 -0.50610185 -0.54275376 996.72 
20150701204312 10.516531 2.4833858 -0.18674773 0.81000733 -0.4184427 -0.5039638 996.72 
20150701204312 11.218032 2.0099323 0.5626374 0.69974613 -0.2489276 -0.33841935 996.72 
20150701204312 10.760141 -0.2885013 -0.0077811554 0.65026605 0.07727446 -0.18875736 996.72 
20150701204312 10.441113 -0.7763199 -1.929128 0.65057147 0.3454443 -0.09987647 996.67 
20150701204312 11.36348 0.092775315 -1.7286136 0.72601336 0.6188065 -0.07360926 996.67 
20150701204312 12.522872 1.3928268 -0.55844754 0.68019843 0.62949663 -0.055283304 996.67 
20150701204312 13.406931 2.4492683 -0.017357962 0.5876524 0.4288274 -0.10323623 996.67 
20150701204312 11.070788 3.1896753 -6.2943563 0.52839845 0.20433442 -0.21013765 996.67 
20150701204312 11.68131 3.3411086 -11.201273 0.57451874 0.09987647 -0.25717425 996.67 
20150701204312 13.942634 2.1517887 -9.681553 0.66248333 0.17898351 -0.27122417 996.67 
20150701204312 13.593678 -0.80684596 -6.6504936 0.67011917 -0.023823744 -0.2846632 996.67 
20150701204312 13.189058 -1.174356 -4.6938324 0.35338554 -0.39095375 -0.29016098 996.67 
20150701204312 12.211626 -1.7561469 -4.155137 -0.033292156 -0.10170906 -0.28191432 996.71 
20150701204312 10.751761 0.5470751 -3.7660792 -0.17287487 0.35338554 -0.24281894 996.71 
20150701204313 8.258201 2.2379801 -3.389591 -0.1337795 0.6411031 -0.06963864 996.71 
20150701204313 6.522404 1.7794905 -2.48159 -0.17562376 0.74128497 0.35705075 996.71 
20150701204313 5.73531 1.2940661 -1.8148049 -0.310625 0.66889745 0.7247916 996.71 
20150701204313 4.8560395 0.91458505 -2.521693 -0.3295618 0.49480084 0.9007208 996.71 
20150701204313 4.228759 0.40462008 -3.0639796 -0.4025602 0.1020145 0.9868528 996.71 
20150701204313 3.9019501 -0.4985925 -2.5073278 -0.66523224 -0.35460728 0.96761054 996.71 
20150701204313 4.620809 -1.9596541 -1.650802 -0.96577793 -0.50243664 0.8200866 996.71 
20150701204313 6.1040173 -2.517503 -1.62686 -1.094976 -0.6462954 0.62125 996.65 
20150701204313 7.730279 -2.4917655 -1.5227122 -1.067487 -0.62858033 0.49480084 996.65 
20150701204313 9.65821 -2.783858 -1.2551602 -0.96852684 -0.548557 0.36254853 996.65 
20150701204313 10.976816 -3.3237505 -0.6919243 -0.92149025 -0.44043383 0.16737708 996.65 
20150701204313 11.113286 -2.7970262 -0.9840169 -0.87964594 -0.25167647 -0.059864793 996.65 
20150701204313 11.279683 -0.092775315 -0.9576807 -0.76144356 -0.069027774 -0.17592919 996.65 
20150701204313 11.497555 1.970428 -0.7302315 -0.68477994 0.19028452 -0.16493362 996.65 
20150701204313 12.133216 -0.3405752 0.0664391 -0.66645396 0.39187005 -0.13652839 996.65 
20150701204313 12.975975 -2.4851813 0.7326257 -0.48716503 0.52931476 -0.20677789 996.65 
20150701204313 13.3704195 -3.8953662 0.7613561 -0.28863382 0.48838675 -0.12034045 996.68 
20150701204313 11.977592 -4.365228 -1.4383167 -0.18387043 0.3200934 0.17928895 996.68 
20150701204313 9.445126 -2.244564 -7.295731 -0.12064589 0.029626964 0.40286562 996.68 
20150701204313 9.555259 -1.7190368 -8.433576 0.009468411 -0.036651913 0.6044512 996.68 
20150701204313 12.050017 0.47524905 -7.0347633 0.029626964 0.011911872 0.6606508 996.68 
20150701204313 14.702194 -0.0035913025 -3.9839516 0.3313944 -0.44898596 0.5897904 996.68 
20150701204313 15.9974575 1.4425066 -6.642114 0.63529986 -0.9465357 0.5992588 996.68 
20150701204313 16.516998 2.1829133 -6.1399302 0.88025683 -1.0134255 0.5525276 996.68 
20150701204313 13.4422455 0.29807812 -4.0659533 1.0567969 -0.43401974 0.37995818 996.68 
20150701204313 8.447941 -1.3437457 -2.0847511 0.9437868 0.22449298 0.0 996.63 
20150701204313 4.3766007 -2.1452048 -1.4401124 0.73548174 0.6942484 -0.4905248 996.63 
20150701204313 3.2638955 -2.622848 -0.7230489 0.7110472 1.3628404 -0.874759 996.63 
20150701204313 3.2202013 -1.7489643 -0.47644615 0.79320854 1.6087136 -1.040609 996.63 
20150701204313 2.9873652 0.27832595 -1.2384008 0.90194255 1.3588698 -0.97097033 996.63 
20150701204313 2.7419596 2.0458453 -2.6390088 1.1160508 0.32803464 -0.7425067 996.63 
20150701204313 4.0779243 3.0280666 -2.4253263 1.3729197 -0.37690386 -0.6291912 996.63 
20150701204313 6.667852 2.6731262 -0.87927055 1.5121969 -0.66614854 -0.61575216 996.63 
20150701204313 8.812458 2.1505916 -0.23642741 1.4514158 -0.73884153 -0.6084218 996.63 
20150701204313 10.432734 2.5785553 -0.20350714 1.278541 -0.7816021 -0.5375614 996.63 
20150701204313 11.95784 3.2962172 -0.55605334 1.1004738 -0.62858033 -0.45020768 996.63 
20150701204313 12.302007 1.6711528 -0.5662287 0.9184359 -0.2828306 -0.33567044 996.63 
20150701204313 11.4915695 -0.35314476 -1.9494787 0.7892379 0.03970624 -0.23640485 996.63 
20150701204313 11.547235 0.12030864 -0.7942764 0.80481493 0.258396 -0.23335053 996.63 
20150701204313 12.364855 2.1212628 0.18914193 0.7324274 0.33169982 -0.19792034 996.63 
20150701204313 12.957419 2.5270798 1.2156559 0.45998153 0.301462 -0.20891592 996.63 
20150701204313 12.647969 2.9885623 0.12210429 0.3200934 0.18417588 -0.3118467 996.63 
20150701204313 10.732009 1.4718355 -6.5828576 0.24098633 -0.022602014 -0.36254853 996.63 
20150701204313 11.946468 2.1230583 -10.25257 0.23732115 -0.036651913 -0.37812558 996.69 
20150701204313 13.879786 1.1546037 -8.8777 0.35643986 0.07360926 -0.5329799 996.69 
20150701204313 14.253282 -0.54527944 -6.4368114 0.41233405 -0.12889257 -0.63194007 996.69 
20150701204313 13.755287 -1.6980876 -5.139154 0.25442538 -0.7156286 -0.66675943 996.69 
20150701204313 11.830349 -1.8231846 -4.976947 -0.112399206 -0.5467244 -0.5702427 996.69 
20150701204313 10.164583 0.7086837 -4.9398365 -0.101098195 -0.004581489 -0.33933565 996.69 
20150701204313 8.070255 1.8644845 -3.6631286 -0.026572637 0.32284227 0.11484267 996.69 
20150701204314 5.9597664 1.4251486 -2.3762453 -0.0693332 0.6206391 0.5699373 996.69 
20150701204314 4.9021277 1.2324153 -1.8261774 -0.2574797 0.7367035 0.84482664 996.69 
20150701204314 4.3448777 1.4993688 -2.2307975 -0.44501534 0.655153 0.9837985 996.66 
20150701204314 3.9893386 1.1402385 -2.7509377 -0.6044512 0.13164146 1.028697 996.66 
20150701204314 4.156334 0.05267244 -2.360683 -0.8353582 -0.2751948 0.98807454 996.66 
20150701204314 5.2361193 -1.8842367 -1.5286977 -1.0684034 -0.675617 0.8707884 996.66 
20150701204314 6.6612678 -2.682703 -1.3850456 -1.1936307 -0.8707884 0.6789767 996.66 
20150701204314 7.825448 -2.9149406 -1.4041992 -1.1743884 -0.8426886 0.54550266 996.66 
20150701204314 9.297284 -3.2154129 -1.1695676 -1.1074986 -0.72204274 0.47708577 996.66 
20150701204314 10.764331 -3.347094 -0.8367735 -1.0546589 -0.5571091 0.35185838 996.66 
20150701204314 11.123461 -2.156577 -1.2246342 -0.9596693 -0.39736784 0.22388211 996.66 
20150701204314 11.028292 -0.002992752 -1.5574282 -0.7733554 -0.25595254 0.12614368 996.69 
20150701204314 11.246164 1.9147629 -0.6877344 -0.6579019 -0.019242255 0.13958271 996.69 
20150701204314 12.436082 0.29029694 -0.40521863 -0.7031059 0.32895094 0.12797627 996.69 
20150701204314 12.883798 -2.7341783 -0.44532153 -0.63804877 0.45753807 0.04153884 996.69 
20150701204314 13.22557 -4.691438 0.053869538 -0.38881573 0.38087448 -0.059253927 996.69 
20150701204314 12.194268 -5.7748146 -2.0308816 -0.23090707 0.102319926 0.073303826 996.69 
20150701204314 11.207258 -2.6839 -7.1251445 -0.1518 -0.13561209 0.33353242 996.69 
20150701204314 10.105327 -2.0332758 -9.0081835 -0.03573562 -0.21166481 0.50426924 996.69 
20150701204314 11.21444 0.908001 -8.811859 0.033292156 -0.14202617 0.6462954 996.69 
20150701204314 13.630789 1.4915876 -5.4964886 0.37659842 -0.47433686 0.59437186 996.66 
20150701204314 13.95221 3.056797 -5.587468 0.57696223 -0.8206975 0.548557 996.66 
20150701204314 14.326304 3.6104562 -5.6616883 0.6536258 -0.768163 0.39400807 996.66 
20150701204314 13.162723 1.134253 -4.1521444 0.5919284 -0.27152961 0.25411993 996.66 
20150701204314 9.382876 -1.2174516 -2.6018987 0.39920044 0.08093964 -0.064446285 996.66 
20150701204314 5.506664 -3.080739 -1.7196354 0.2125811 0.3436117 -0.43676865 996.66 
20150701204314 4.655525 -4.373009 -1.6543933 0.21746802 0.7495316 -0.72173727 996.66 
20150701204314 4.987122 -3.1441853 -0.9516952 0.46211955 1.1921035 -0.8359691 996.66 
20150701204314 4.1156325 -1.2108675 -1.8513165 0.6215554 0.9407325 -0.7812967 996.66 
20150701204314 3.518878 1.2946646 -2.408567 0.8512407 0.24373524 -0.6435465 996.74 
20150701204314 4.238934 3.0340521 -2.1350293 1.1572843 -0.38637227 -0.66798115 996.74 
20150701204314 6.223727 3.1854854 -1.0869676 1.3332134 -0.48441613 -0.7675522 996.74 
20150701204314 8.111555 2.7868507 -0.9744401 1.3222178 -0.4615087 -0.79504114 996.74 
20150701204314 9.487024 2.4708161 -1.5041572 1.2797627 -0.40744713 -0.74220127 996.74 
20150701204314 10.542269 2.267309 -1.1264719 1.2250903 -0.32284227 -0.61483586 996.74 
20150701204314 11.018715 1.2150574 -0.25737667 1.1194105 -0.14660765 -0.38240165 996.74 
20150701204314 10.90918 -0.19752164 0.13587095 0.98471475 -0.08368854 -0.17165314 996.74 
20150701204314 10.056246 -1.5478514 -2.4109612 0.97249746 0.11026118 -0.14721853 996.74 
20150701204314 10.521319 -0.7565677 -2.8921957 1.0177015 0.3436117 -0.19242255 996.66 
20150701204314 12.456433 2.4331074 -1.9668367 0.9645562 0.3885103 -0.24984388 996.66 
20150701204314 14.189237 4.2784386 0.748188 0.8081747 0.27763826 -0.23090707 996.66 
20150701204314 16.196177 4.671686 -2.3666685 0.53023106 0.008552114 -0.29565877 996.66 
20150701204314 13.109451 2.2529438 -9.283517 0.30024028 -0.1881465 -0.47769663 996.66 
20150701204314 12.847885 1.4891934 -9.1751795 0.19914207 -0.028405234 -0.700357 996.66 
20150701204314 10.778696 1.6645688 -7.229292 0.12767084 -0.033292156 -0.768163 996.66 
20150701204314 10.843938 0.6973112 -4.4544125 -0.13622294 -0.24373524 -0.5525276 996.66 
20150701204314 11.160571 -0.427365 -4.1862617 -0.4905248 -0.11759156 -0.28680122 996.66 
20150701204314 10.9187565 -0.7517793 -5.04997 -0.48808134 0.25503623 -0.10170906 996.71 
20150701204314 10.159196 0.19393034 -4.5076833 -0.4269948 0.3408628 0.057726767 996.71 
20150701204315 8.831013 0.6781576 -2.8951883 -0.2968805 0.28313604 0.30024028 996.71 
20150701204315 7.7452426 1.086369 -1.5286977 -0.38759398 0.21105394 0.6386596 996.71 
20150701204315 6.7013707 0.545878 -1.7016789 -0.4813618 0.09896017 0.86590147 996.71 
20150701204315 5.502474 -0.22565351 -2.2900538 -0.5366451 -0.12034045 0.9266826 996.71 
20150701204315 4.333505 -1.3281834 -2.842516 -0.59712076 -0.3555236 0.9230174 996.71 
20150701204315 3.413533 -2.8550856 -2.2008698 -0.6270532 -0.41905355 0.87689704 996.71 
20150701204315 4.103063 -3.9217024 -1.5400703 -0.6203337 -0.39736784 0.79534656 996.71 
20150701204315 6.1243677 -3.4620156 -1.0007763 -0.54550266 -0.3313944 0.6591236 996.64 
20150701204315 7.972093 -3.0400376 -0.41958386 -0.3747658 -0.11881329 0.45478916 996.64 
20150701204315 9.351752 -3.0532057 -0.7787141 -0.24587326 -0.06688975 0.23548855 996.64 
20150701204315 10.465055 -2.77069 -0.84575176 -0.11881329 -0.09101892 -0.023823744 996.64 
20150701204315 11.374852 -0.5243302 -1.0193313 -0.055588737 -0.013133603 -0.09865474 996.64 
20150701204315 12.093113 2.184709 -1.0761937 -0.0070249503 0.042760566 -0.02565634 996.64 
20150701204315 12.520478 2.6647465 -1.697489 -0.07727446 0.18997909 0.14905111 996.64 
20150701204315 12.879608 0.2861071 -0.3393781 -0.10293079 0.37782016 0.20922135 996.64 
20150701204315 12.80479 -2.814384 0.19752164 -0.027183503 0.38912117 0.116675265 996.64 
20150701204315 11.691485 -5.5802855 -0.14963761 -0.1160644 0.30848694 -0.024129177 996.7 
20150701204315 9.305065 -3.9085343 -6.455366 -0.10751228 0.25717425 0.07086037 996.7 
20150701204315 8.45213 -1.775899 -7.2741833 0.03573562 0.026572637 0.3885103 996.7 
20150701204315 10.117896 0.47884035 -8.935161 0.13255776 -0.0580322 0.70066243 996.7 
20150701204315 14.558542 -0.19093758 -4.5418005 0.5186246 -0.4071417 0.8588765 996.7 
20150701204315 16.964117 0.83856916 -5.647323 0.9224065 -0.8622363 0.806953 996.7 
20150701204315 18.119318 2.5863364 -6.965331 1.1511755 -1.1902709 0.63041294 996.7 
20150701204315 16.085443 1.7136499 -5.433641 1.0925325 -0.8927795 0.2950479 996.7 
20150701204315 10.734404 0.40462008 -3.0681696 0.8167268 -0.07849618 -0.07788532 996.7 
20150701204315 6.0303955 -0.6596026 -1.8130093 0.46914452 0.48380527 -0.57787853 996.66 
20150701204315 4.298789 -2.0727801 -0.8834604 0.35430184 1.1343768 -0.9074403 996.66 
20150701204315 3.7792473 -2.1906946 0.24839842 0.54367006 1.6884315 -0.9618073 996.66 
20150701204315 3.1304188 -1.7537527 -0.91697925 0.77396625 1.5152513 -0.691194 996.66 
20150701204315 2.9562407 -0.480636 -2.2547395 0.9993755 0.49632803 -0.45478916 996.66 
20150701204315 3.5553896 1.0737995 -2.2643163 1.2873985 0.0061086523 -0.355829 996.66 
20150701204315 5.0020857 1.6142905 -1.8549078 1.4501941 -0.3203988 -0.44501534 996.66 
20150701204315 6.791752 1.3551182 -1.3174095 1.4682146 -0.6966918 -0.6001751 996.66 
20150701204315 7.949348 1.8596961 -0.96187055 1.4291192 -0.8206975 -0.6942484 996.66 
20150701204315 9.325416 3.1423898 -0.59974754 1.3735305 -0.7153232 -0.6789767 996.63 
20150701204315 10.317812 3.0101101 -0.2717419 1.2470814 -0.57757306 -0.57635134 996.63 
20150701204315 10.759542 1.0815806 -1.1492168 1.1123856 -0.2874121 -0.37720928 996.63 
20150701204315 11.745355 -0.10414778 -2.2212207 1.0888673 -0.13530666 -0.2406809 996.63 
20150701204315 14.404715 1.3162124 -1.1480197 1.1145236 -0.069027774 -0.11789699 996.63 
20150701204315 15.813703 3.857059 0.25438392 0.9114109 -0.12736541 -0.030543262 996.63 
20150701204315 15.3193 4.179079 -5.2917843 0.5143485 -0.19761491 -0.1554652 996.63 
20150701204315 13.040618 5.2127757 -12.250531 0.056199603 -0.08827003 -0.47342056 996.63 
20150701204315 13.608643 1.4167689 -7.7733746 -0.2098322 0.15027285 -0.82711154 996.63 
20150701204315 11.8896055 -0.81283146 -5.855619 -0.29077184 -0.3631594 -0.8741482 996.68 
20150701204315 10.940904 -2.747945 -5.449203 -0.3200934 -0.9975429 -0.76083267 996.68 
20150701204315 11.917139 -3.3812113 -4.0456023 -0.4550946 -0.5119051 -0.4361578 996.68 
20150701204315 11.853094 -2.2457612 -4.2658687 -0.39614612 0.46486846 -0.0720821 996.68 
20150701204315 10.497976 -0.20470424 -4.4274774 -0.003970624 0.7473936 0.14080444 996.68 
20150701204315 8.649054 0.36511576 -3.5128925 0.20738874 0.83291477 0.3454443 996.68 
20150701204315 6.9982514 0.46567222 -2.510919 0.07819075 0.8677341 0.49235737 996.68 
20150701204316 6.2530565 1.2521675 -2.3624785 -0.16310102 0.63346726 0.5519168 996.68 
20150701204316 5.170877 1.371279 -2.5971103 -0.2782491 0.11575896 0.5879578 996.68 
20150701204316 3.8109705 1.1055226 -2.9616275 -0.46211955 -0.44623706 0.63041294 996.72 
20150701204316 2.4498668 0.16998832 -2.1709423 -0.66798115 -0.59223384 0.6469063 996.72 
20150701204316 2.9987376 -0.75118077 -1.7004818 -0.7852673 -0.47555858 0.643852 996.72 
20150701204316 5.027225 -1.5065514 -1.9087774 -0.872621 -0.3539964 0.66339964 996.72 
20150701204316 7.455544 -1.9416976 -1.5640123 -0.8717047 -0.20311269 0.6398814 996.72 
20150701204316 9.877279 -2.0057425 -1.2509704 -0.91996306 -0.30695978 0.54000485 996.72 
20150701204316 11.265916 -2.1583729 -1.2773066 -1.0012082 -0.5543602 0.40530908 996.72 
20150701204316 11.431715 -1.4041992 -1.9740193 -1.065349 -0.5684101 0.27152961 996.72 
20150701204316 12.322357 0.3776853 -1.6418238 -1.1163563 -0.3820962 0.119729586 996.72 
20150701204316 14.004284 0.8535329 -0.060453594 -1.1307116 -0.084910266 0.11056661 996.67 
20150701204316 14.140754 -2.3050177 0.8146271 -1.0054842 0.18234327 0.14019357 996.67 
20150701204316 14.03481 -4.410718 0.7541735 -0.7556403 0.3827071 0.090713486 996.67 
20150701204316 13.002311 -5.8837504 -0.6895301 -0.56199604 0.41996986 0.10415252 996.67 
20150701204316 9.976639 -4.594473 -5.0451818 -0.30940324 0.34666604 0.30695978 996.67 
20150701204316 8.295909 -2.417545 -7.668628 0.011301007 0.20280726 0.48502702 996.67 
20150701204316 8.558074 -1.0737995 -7.979874 0.32711834 0.23671028 0.63163465 996.67 
20150701204316 11.042058 1.3006501 -6.4104753 0.61300325 -0.12736541 0.61300325 996.67 
20150701204316 13.157335 1.7411832 -5.4408236 0.81245077 -0.83260936 0.57940567 996.67 
20150701204316 15.371373 3.354875 -6.703765 0.9639453 -1.0549643 0.5131268 996.72 
20150701204316 16.150686 4.012682 -6.215348 1.0381655 -0.9492846 0.3924809 996.72 
20150701204316 13.360843 1.1522095 -3.887585 0.80756384 -0.4288274 0.18936823 996.72 
20150701204316 9.036316 -1.0079589 -1.9494787 0.45142943 0.124311075 -0.25870144 996.72 
20150701204316 5.657499 -2.7964275 -1.3449428 0.258396 0.7290677 -0.58062744 996.72 
20150701204316 5.4761376 -3.7415388 -1.2120646 0.29749137 1.2965615 -0.79351395 996.72 
20150701204316 5.2265425 -2.1637597 -1.0929531 0.57543504 1.6313156 -0.83108217 996.72 
20150701204316 3.6523547 -0.6596026 -1.7429788 0.8026769 1.2229522 -0.64843345 996.72 
20150701204316 2.8772318 0.55964464 -2.2122424 1.1221595 0.27885997 -0.51893 996.72 
20150701204316 3.6601357 1.4257472 -1.4437037 1.3240504 -0.06872234 -0.59528816 996.64 
20150701204316 5.407903 1.5215151 -1.0259154 1.4584408 -0.10995574 -0.71929383 996.64 
20150701204316 6.9240313 1.8309658 -1.0905589 1.41904 -0.3894266 -0.73426 996.64 
20150701204316 9.018359 3.276465 -0.5518635 1.3371841 -0.5476407 -0.659429 996.64 
20150701204316 10.843938 3.6589386 -0.15801731 1.2131784 -0.63621616 -0.50579643 996.64 
20150701204316 11.310807 1.7830818 -0.8194155 1.1026118 -0.6221663 -0.39370266 996.64 
20150701204316 11.669938 -0.29568392 -2.2319946 1.0454959 -0.5186246 -0.3210097 996.64 
20150701204316 13.421296 0.037110128 -1.4502877 1.0601566 -0.26419923 -0.31673363 996.64 
20150701204316 14.277822 1.4030021 -0.5033809 0.81122905 -0.094989546 -0.22968534 996.64 
20150701204316 13.592482 3.1130607 -0.46028528 0.5448918 3.0543262E-4 -0.24953845 996.71 
20150701204316 12.918514 3.153762 -3.7355533 0.38515055 0.04550946 -0.37293324 996.71 
20150701204316 12.183494 3.5655649 -9.469068 0.2452624 0.058948494 -0.47128254 996.71 
20150701204316 13.726557 2.4378958 -9.362526 0.2012801 0.20769419 -0.65148777 996.71 
20150701204316 12.525865 -0.362123 -7.9667063 0.26206118 -0.018936822 -0.5152648 996.71 
20150701204316 13.40753 -2.2649148 -6.1112 0.12217305 -0.4474588 -0.4728097 996.71 
20150701204316 12.957419 -2.9191303 -4.7638626 -0.105068825 -0.23945917 -0.42485678 996.71 
20150701204316 10.645818 -0.82240826 -4.06715 -0.25686884 0.13927728 -0.21044308 996.71 
20150701204316 8.317456 2.0482395 -3.1992521 -0.31031954 0.42424592 0.020463986 996.71 
20150701204316 6.401497 3.311181 -2.1589713 -0.3155119 0.7828238 0.3576616 996.67 
20150701204316 5.6910176 3.063381 -1.483208 -0.42119157 0.8445212 0.6731735 996.67 
20150701204316 5.321712 1.661576 -1.816002 -0.5183192 0.6053675 0.8564331 996.67 
20150701204316 5.499481 -0.022744916 -2.5528176 -0.61208695 0.22021692 0.9593639 996.67 
20150701204317 4.6525326 -1.9967642 -2.5450363 -0.766025 -0.27916542 0.98929626 996.67 
20150701204317 4.9404354 -3.2435448 -2.3397336 -0.9505063 -0.48472157 0.89766645 996.67 
20150701204317 5.807136 -3.8630445 -1.2437878 -0.9896017 -0.54733527 0.7690793 996.67 
20150701204317 6.889914 -3.2267854 -1.2413936 -0.94897914 -0.3848451 0.6310238 996.67 
20150701204317 8.186973 -2.2026656 -1.5179238 -0.7877107 -0.27275133 0.39278635 996.67 
20150701204317 8.732252 -1.5753847 -1.1150994 -0.625526 -0.08246681 0.17867808 996.67 
20150701204317 10.111312 -1.4221559 -0.43993455 -0.5381723 -0.05955936 0.012217305 996.67 
20150701204317 11.519701 -0.79846627 0.29747957 -0.473726 -0.18997909 -0.036957346 996.67 
20150701204317 12.717999 0.7882909 0.33877954 -0.43768495 -0.13622294 0.0018325958 996.67 
20150701204317 13.272856 1.0821792 -0.53570265 -0.514654 -0.076052725 0.12339478 996.67 
20150701204317 12.803592 -1.7166426 -1.0414777 -0.52870387 0.13622294 0.14355333 996.67 
20150701204317 12.361263 -4.2999864 -0.45908818 -0.3463606 0.23671028 0.0021380284 996.67 
20150701204317 11.759122 -5.9346275 -0.25438392 -0.18784106 0.160963 -0.050701816 996.67 
20150701204317 10.231023 -2.6725276 -5.731719 -0.086437434 -0.009773844 0.106901415 996.67 
20150701204317 8.842984 -1.0378864 -8.271967 0.1133155 -0.21074851 0.3747658 996.65 
20150701204317 9.122507 0.09816227 -9.257779 0.29352075 -0.31887165 0.6035349 996.65 
20150701204317 12.607866 1.5424645 -6.7241154 0.62796944 -0.6747007 0.5849035 996.65 
20150701204317 15.461156 1.8369513 -5.521628 0.93523467 -0.9126327 0.6059783 996.65 
20150701204317 16.482882 2.8042088 -5.770026 0.97249746 -1.1407908 0.5390886 996.65 
20150701204317 14.615404 2.1769278 -4.8416743 0.88239485 -0.87017757 0.32559118 996.65 
20150701204317 10.975619 0.30765492 -3.3530796 0.6450737 -0.038789943 0.021685716 996.65 
20150701204317 7.227496 -0.83138657 -2.1308396 0.3304781 0.3998113 -0.36987892 996.65 
20150701204317 4.7788267 -2.2523453 -1.541866 0.22418754 0.7984009 -0.6722572 996.65 
20150701204317 4.6034513 -2.645593 -0.7990648 0.3268129 1.1866057 -0.79534656 996.71 
20150701204317 4.235343 -1.3652935 -0.9151836 0.49938235 1.1688906 -0.7996226 996.71 
20150701204317 3.6421793 0.21188685 -1.3341689 0.677755 0.70646566 -0.5766568 996.71 
20150701204317 3.6194344 1.5286977 -2.1799207 0.929126 6.1086525E-4 -0.46028697 996.71 
20150701204317 5.072715 1.8273745 -1.9357121 1.0961977 -0.28955013 -0.55924714 996.71 
20150701204317 6.723517 1.5107412 -1.3275849 1.2315043 -0.3717115 -0.6435465 996.71 
20150701204317 8.522759 1.4700398 -0.9995792 1.2098186 -0.47586402 -0.6411031 996.71 
20150701204317 10.708067 2.348712 -0.090381116 1.169807 -0.5510005 -0.5375614 996.71 
20150701204317 11.566987 2.5133133 -0.2088941 1.0894781 -0.40866885 -0.36041048 996.71 
20150701204317 11.34253 0.40043023 -1.4281414 1.0311406 -0.25686884 -0.2415972 996.66 
20150701204317 11.716026 -0.47165772 -2.154183 1.0228939 -0.039095376 -0.2669481 996.66 
20150701204317 12.604874 1.2318168 -1.5711949 0.9776898 0.09468412 -0.28771752 996.66 
20150701204317 13.321937 3.5122938 -0.52253455 0.6389651 0.10842858 -0.25442538 996.66 
20150701204317 14.51784 4.398747 -2.4181437 0.31245756 0.11636983 -0.2910773 996.66 
20150701204317 11.692084 3.681085 -9.1751795 0.13958271 0.029932396 -0.42271876 996.66 
20150701204317 13.751696 3.1830912 -10.121488 0.03023783 0.0125227375 -0.66859204 996.66 
20150701204317 12.999917 0.7793127 -8.533533 0.0018325958 -0.09712757 -0.63255095 996.66 
20150701204317 12.929288 -1.3808558 -5.7604494 -0.12217305 -0.46761733 -0.55771995 996.66 
20150701204317 13.006501 -3.3740287 -4.731541 -0.38606682 -0.4886922 -0.43676865 996.72 
20150701204317 11.626842 -2.3056161 -4.455011 -0.3555236 0.076358154 -0.18509217 996.72 
20150701204317 9.570822 0.84814596 -4.020463 -0.2098322 0.37720928 0.047036625 996.72 
20150701204317 6.909666 2.0853498 -2.8078 -0.09773844 0.6918049 0.46578476 996.72 
20150701204317 5.2846017 2.8646624 -1.7274165 -0.24648413 0.9059132 0.7110472 996.72 
20150701204317 4.68246 2.8167782 -1.7130513 -0.44073927 0.7483099 0.7852673 996.72 
20150701204317 4.5447936 1.3425486 -2.4492683 -0.591623 0.15454891 0.8127562 996.72 
20150701204317 4.168904 -0.52971715 -3.0621839 -0.7965683 -0.47158796 0.8206975 996.72 
20150701204317 3.9318779 -2.2720973 -2.8712463 -0.9593639 -0.66737026 0.83016586 996.72 
20150701204318 5.1505265 -3.1070752 -2.379238 -1.0549643 -0.74372846 0.81397796 996.66 
20150701204318 6.877943 -2.9759927 -1.8387469 -1.087951 -0.5934556 0.7779369 996.66 
20150701204318 8.773552 -2.3427265 -1.5987282 -1.0522153 -0.27397305 0.5925393 996.66 
20150701204318 9.989208 -2.0967221 -1.4706384 -0.96852684 -0.16340645 0.40042216 996.66 
20150701204318 10.3639 -2.384625 -1.127669 -0.8875872 -0.056505036 0.16584991 996.66 
20150701204318 10.512939 -1.4347254 -0.74998367 -0.84421575 0.01282817 0.017104227 996.66 
20150701204318 10.846333 0.7374141 -0.08678981 -0.81031275 0.11942416 -0.004581489 996.66 
20150701204318 11.76391 1.9482816 -0.6937199 -0.82986045 0.12583824 0.109650314 996.66 
20150701204318 12.791022 -0.5590461 -0.23463176 -0.795652 0.17531833 0.20158553 996.66 
20150701204318 13.0442095 -3.3931823 -0.23642741 -0.59986967 0.22143865 0.21227567 996.66 
20150701204318 13.190854 -6.072294 0.0700304 -0.46486846 0.03940081 0.15118915 996.66 
20150701204318 12.066178 -5.60722 -4.35625 -0.26236662 -0.12950343 0.27947086 996.66 
20150701204318 11.301829 -3.0867245 -7.475296 -0.07574729 -0.2828306 0.4166101 996.66 
20150701204318 10.059238 -1.6106992 -8.740033 0.20341812 -0.24862215 0.5519168 996.66 
20150701204318 12.318767 0.75836337 -7.5106106 0.49510628 -0.40225476 0.528093 996.66 
20150701204318 13.676279 1.2449849 -5.094861 0.9059132 -0.7501425 0.5143485 996.66 
20150701204318 14.587273 2.712032 -5.907693 1.039998 -0.8384125 0.43371433 996.66 
20150701204318 13.946823 3.2345665 -5.221754 1.1136073 -0.61300325 0.2687807 996.66 
20150701204318 11.286865 1.3186066 -3.816956 1.0128145 -0.07544186 0.0580322 996.65 
20150701204318 7.4124484 -0.2681506 -2.4193408 0.7458665 0.41355577 -0.26297748 996.65 
20150701204318 4.5926776 -1.8273745 -1.8070238 0.5662721 0.8741482 -0.6249151 996.65 
20150701204318 4.606444 -2.5701754 -1.2228385 0.5900958 1.2608259 -0.84207773 996.65 
20150701204318 4.775235 -1.9794062 -0.87687635 0.6310238 1.2269229 -0.8512407 996.65 
20150701204318 5.0427876 -0.089184016 -1.5275006 0.7425067 0.77579886 -0.689056 996.65 
20150701204318 4.9296613 1.7621324 -2.1960814 0.99204516 -0.043982297 -0.52564955 996.65 
20150701204318 5.9424086 2.815581 -2.0566192 1.1908818 -0.44776422 -0.52015173 996.65 
20150701204318 7.6249337 2.8203697 -1.3311762 1.2348641 -0.4859433 -0.59773165 996.65 
20150701204318 8.51857 2.2098482 -1.3102269 1.1710287 -0.36560285 -0.5867361 996.7 
20150701204318 9.281721 1.7896658 -1.1456255 1.071763 -0.34330627 -0.50915617 996.7 
20150701204318 10.102334 1.7070658 -0.21787235 0.98868537 -0.12675454 -0.3857614 996.7 
20150701204318 9.954493 0.22325931 0.2220622 0.89736104 0.121256754 -0.21899518 996.7 
20150701204318 10.074203 -1.2808979 -0.87089086 0.8576548 0.21227567 -0.160963 996.7 
20150701204318 11.233594 -0.8110358 -0.78410107 0.8680395 0.33658674 -0.21899518 996.7 
20150701204318 12.5264635 1.7950528 -0.88166475 0.77182823 0.34116822 -0.27030787 996.7 
20150701204318 12.890981 4.231153 -0.6368576 0.56046885 0.15485434 -0.22785273 996.7 
20150701204318 13.76666 4.936844 -3.0478187 0.33078352 -0.1001819 -0.22113322 996.7 
20150701204318 12.269087 4.197634 -9.114726 0.15851954 -0.2761111 -0.3051272 996.65 
20150701204318 13.144766 2.271499 -9.266159 0.025045475 -0.21685717 -0.4615087 996.65 
20150701204318 12.808979 -0.5710171 -8.562862 -0.027183503 -0.23090707 -0.68233645 996.65 
20150701204318 13.100473 -2.3295584 -5.321712 -0.15149458 -0.50885075 -0.67011917 996.65 
20150701204318 14.381969 -3.271078 -3.8863878 -0.4569272 -0.08246681 -0.43860126 996.65 
20150701204318 12.531252 -2.505532 -4.4526167 -0.35827246 0.2733622 -0.1881465 996.65 
20150701204318 10.210073 0.86969376 -4.0958805 -0.17562376 0.50823987 0.021991149 996.65 
20150701204318 7.7703815 1.757344 -2.8419175 -0.0571159 0.77091193 0.34422258 996.65 
20150701204318 6.5481415 1.851915 -1.6687586 -0.17654006 0.915687 0.58368176 996.65 
20150701204318 5.6156 1.602918 -1.8195933 -0.23243423 0.7370089 0.75228053 996.66 
20150701204318 4.831499 0.5057751 -2.4558525 -0.30970868 0.115453534 0.79901177 996.66 
20150701204318 3.7588966 -0.6434417 -2.4809916 -0.46609017 -0.41996986 0.7892379 996.66 
20150701204318 3.080739 -1.6867151 -2.2278047 -0.70554936 -0.65026605 0.7492262 996.66 
20150701204318 3.7175968 -2.3953989 -2.1230583 -0.8213083 -0.7834347 0.68386364 996.66 
20150701204319 5.3402667 -2.0518308 -2.0913353 -0.83658 -0.72082096 0.61941737 996.66 
20150701204319 7.383718 -1.3329718 -1.9512744 -0.81245077 -0.6630942 0.4886922 996.66 
20150701204319 9.138668 -1.2300211 -1.4772224 -0.80848014 -0.7761043 0.36132678 996.66 
20150701204319 10.603321 -1.8596961 -0.86370826 -0.8530733 -0.8353582 0.20677789 996.66 
20150701204319 10.979211 -1.6017209 -0.96665895 -0.9224065 -0.80573124 0.09712757 996.71 
20150701204319 11.479 0.28790274 -1.5047557 -0.9691377 -0.54000485 0.02321288 996.71 
20150701204319 11.3880205 1.1049241 -2.8491 -1.0458013 -0.24678956 0.03176499 996.71 
20150701204319 12.277467 0.2801216 -2.6605566 -1.0445796 0.09987647 0.05681047 996.71 
20150701204319 13.746309 -4.1383777 0.37708676 -0.82986045 0.160963 0.111177474 996.71 
20150701204319 15.077485 -6.5427547 1.9243397 -0.6072 0.013439035 0.084910266 996.71 
20150701204319 13.731944 -6.1716533 -0.19871874 -0.35430184 -0.07360926 0.1957823 996.71 
20150701204319 9.796474 -4.0761285 -5.5605335 -0.012217305 -0.037873644 0.48563787 996.71 
20150701204319 7.8829093 0.39444473 -7.233482 0.2724459 0.040927973 0.5705481 996.71 
20150701204319 7.465719 2.6886885 -7.478289 0.4578435 0.28985557 0.7593055 996.7 
20150701204319 8.571242 2.9095535 -10.2417965 0.5830709 0.12675454 0.883922 996.7 
20150701204319 15.225925 1.5233108 -6.7510505 0.6835582 -0.4831944 0.79626286 996.7 
20150701204319 19.549854 4.4005427 -7.392098 0.7492262 -0.75625116 0.6899723 996.7 
20150701204319 19.607914 4.1635165 -7.419631 0.7696902 -1.251052 0.54153204 996.7 
20150701204319 13.980342 1.3557167 -5.29358 0.344528 -1.2696834 0.040317107 996.7 
20150701204319 6.968324 -0.2717419 -3.0657754 -0.20158553 -0.4560109 -0.6261369 996.7 
20150701204319 2.7754784 -1.8411411 -2.4169466 -0.40683624 0.9578367 -0.9117164 996.7 
20150701204319 1.9207484 -1.6849195 -0.78170687 -0.083383106 2.2409592 -0.8765916 996.7 
20150701204319 1.252766 -1.7184383 -0.54049104 0.18387043 2.2354615 -0.6426302 996.74 
20150701204319 0.7272388 -1.3694834 -1.441908 0.2996294 1.2403619 -0.36193767 996.74 
20150701204319 2.813187 0.2777274 -1.1468226 0.36835176 0.1328632 -0.38087448 996.74 
20150701204319 5.6545057 1.5496471 -0.87687635 0.48747048 -0.36468655 -0.48349985 996.74 
20150701204319 7.827842 1.4987702 -1.3479356 0.55741453 -0.8188649 -0.505491 996.74 
20150701204319 9.874287 1.2629414 -2.0380642 0.6041457 -0.89827734 -0.56382865 996.74 
20150701204319 10.758346 1.8321629 -1.7609353 0.6151413 -0.7125743 -0.5861252 996.74 
20150701204319 11.320384 2.5983074 -1.1881226 0.63163465 -0.41599923 -0.4822781 996.74 
20150701204319 11.644798 1.1534066 0.2160767 0.6114761 -0.23915374 -0.31306845 996.74 
20150701204319 10.335769 -0.8984242 -0.08200141 0.61727935 0.11789699 -0.25137106 996.69 
20150701204319 10.409989 -0.6925228 -0.8936358 0.7452556 0.40561453 -0.26419923 996.69 
20150701204319 11.579556 1.3084313 -0.9947908 0.8332202 0.43127087 -0.23548855 996.69 
20150701204319 13.295601 5.065532 -1.3557167 0.6365216 0.30818152 -0.24648413 996.69 
20150701204319 15.477916 6.3619924 -5.7664347 0.40225476 0.028405234 -0.2947425 996.69 
20150701204319 14.775816 5.0158525 -12.682086 0.20861048 -0.24373524 -0.5015204 996.69 
20150701204319 15.236101 0.4249708 -10.086772 0.14660765 -0.42943826 -0.7959574 996.69 
20150701204319 12.561778 -0.47644615 -8.606557 -0.049785517 -0.7699956 -0.8717047 996.69 
20150701204319 11.620258 -1.8106151 -5.385158 -0.29718593 -0.89888823 -0.65668017 996.69 
20150701204319 11.46224 -2.8353333 -3.2034419 -0.54611355 -0.03634648 -0.3203988 996.72 
20150701204319 10.54586 -1.5454572 -3.514688 -0.31215215 0.5910121 0.036651913 996.72 
20150701204319 8.319252 0.4782418 -3.881001 -0.02687807 0.8390234 0.30390546 996.72 
20150701204319 6.8306575 0.45789108 -3.0262709 0.20158553 1.0317514 0.68936145 996.72 
20150701204319 5.971139 0.7410054 -1.8501194 0.1554652 1.0106765 0.7858781 996.72 
20150701204319 5.395932 1.0552444 -2.0278888 0.06505715 0.5345071 0.75808376 996.72 
20150701204319 5.2564697 0.92535895 -2.6491842 -0.03604105 -0.25320363 0.7247916 996.72 
20150701204319 4.5681367 0.15741876 -3.007716 -0.14446963 -0.7669413 0.70005155 996.72 
20150701204319 3.954024 -1.0510546 -3.1399956 -0.30757064 -0.8063421 0.63224554 996.72 
20150701204320 4.1653123 -1.7597382 -2.6503813 -0.43310347 -0.65087694 0.5555819 996.69 
20150701204320 5.90889 -1.5358804 -2.094328 -0.49266282 -0.32834008 0.52198434 996.69 
20150701204320 7.8068933 -1.2186487 -1.3305776 -0.441961 -0.059864793 0.40408736 996.69 
20150701204320 9.44333 -1.6885108 -1.5598224 -0.4392121 -0.04642576 0.20799962 996.69 
20150701204320 10.666168 -2.2517467 -1.6011224 -0.47433686 -0.076052725 -0.00580322 996.69 
20150701204320 11.671135 -1.252766 -1.1007342 -0.5702427 0.0076358155 -0.090713486 996.69 
20150701204320 12.395381 1.2755109 -0.22625206 -0.6258314 0.13103059 -0.096516706 996.69 
20150701204320 12.822745 1.9788077 -0.3645172 -0.68630713 0.20433442 -0.035124753 996.69 
20150701204320 12.937069 -0.6075287 -0.33518824 -0.65301496 0.28863382 -0.003970624 996.69 
20150701204320 12.902353 -3.4063504 0.17417817 -0.5030475 0.35705075 -0.027488936 996.65 
20150701204320 11.977592 -5.4521956 -1.3730747 -0.38423425 0.27275133 0.026267206 996.65 
20150701204320 10.778097 -3.6032736 -7.5136037 -0.28893927 0.07666359 0.21105394 996.65 
20150701204320 11.097723 -2.7748797 -8.510789 -0.061391957 -0.037873644 0.42852196 996.65 
20150701204320 11.436503 -1.210269 -8.599973 0.12675454 -0.32650748 0.55741453 996.65 
20150701204320 12.935273 -0.34835634 -6.42903 0.6105598 -0.9502009 0.6267477 996.65 
20150701204320 14.623784 1.6274586 -6.3512187 0.9285152 -1.2632693 0.61666846 996.65 
20150701204320 15.50066 2.9299042 -6.4751186 1.1252137 -1.0146471 0.3979787 996.65 
20150701204320 13.018472 2.36188 -4.8524485 0.9960158 -0.37048978 0.129198 996.65 
20150701204320 8.67958 0.6985083 -2.7766755 0.7675522 0.28038713 -0.14752395 996.61 
20150701204320 4.8961425 -0.42556936 -1.8447324 0.4841107 0.72051555 -0.5363397 996.61 
20150701204320 3.0310593 -2.2948422 -1.9548657 0.3998113 1.2284501 -0.754724 996.61 
20150701204320 4.4538136 -2.207454 -1.234211 0.5009095 1.4819591 -0.8677341 996.61 
20150701204320 4.988918 -0.6476316 -1.6861166 0.5684101 1.0928379 -0.7516697 996.61 
20150701204320 4.6040497 1.0139444 -2.415151 0.71776664 0.064751714 -0.5421429 996.61 
20150701204320 4.911106 1.9512744 -2.5971103 0.98837996 -0.5516113 -0.4636467 996.61 
20150701204320 6.26383 2.1577742 -2.0141222 1.1527027 -0.74220127 -0.5702427 996.61 
20150701204320 7.651869 1.8507179 -1.4323312 1.178359 -0.57604593 -0.68783426 996.61 
20150701204320 8.884284 1.673547 -0.7212533 1.1563679 -0.40744713 -0.67073005 996.65 
20150701204320 10.254366 2.095525 0.41599256 1.1166617 -0.17837265 -0.57787853 996.65 
20150701204320 10.472239 1.2006922 0.22026655 1.0525209 0.04184427 -0.3921755 996.65 
20150701204320 9.993398 -1.1935096 -1.1204864 1.0262536 0.3454443 -0.2919936 996.65 
20150701204320 10.603919 -1.0181342 -2.7629087 1.097114 0.5867361 -0.32436943 996.65 
20150701204320 11.969213 1.5867572 -2.184709 1.0467176 0.56016344 -0.28527406 996.65 
20150701204320 13.102269 4.043208 -1.1025299 0.7901542 0.18478674 -0.30482176 996.65 
20150701204320 14.0312195 5.1726727 -1.7447745 0.49877146 -0.087964594 -0.42852196 996.65 
20150701204320 11.224616 4.545392 -7.48188 0.20066923 -0.3390302 -0.5012149 996.65 
20150701204320 11.707646 3.4703953 -10.835558 0.019242255 -0.33169982 -0.6814202 996.66 
20150701204320 12.639589 0.2837129 -10.468048 0.0030543262 -0.31245756 -0.6575964 996.66 
20150701204320 14.164097 -1.6370354 -7.295731 -0.01282817 -0.31429017 -0.6383542 996.66 
20150701204320 15.584457 -3.2076318 -5.3276973 -0.24312437 -0.17898351 -0.42363504 996.66 
20150701204320 14.228142 -2.7018566 -5.315128 -0.19333886 -0.124311075 -0.047036625 996.66 
20150701204320 11.725004 0.54647654 -4.280833 0.073303826 0.09712757 0.2938262 996.66 
20150701204320 8.631097 1.6597804 -3.1549592 0.029321533 0.657291 0.59986967 996.66 
20150701204320 5.8843493 1.5466543 -1.7908629 -0.12705997 0.9660834 0.6200282 996.66 
20150701204320 4.382586 1.9949685 -1.7938557 -0.30573806 0.9786061 0.58032197 996.66 
20150701204320 3.378817 1.1115081 -1.9794062 -0.3145956 0.52626044 0.6227771 996.68 
20150701204320 2.7485435 -0.1400608 -2.1404164 -0.39095375 -0.018020526 0.70157874 996.68 
20150701204320 2.0039468 -1.6885108 -2.585738 -0.50579643 -0.42638394 0.73945236 996.68 
20150701204320 2.574964 -2.2349873 -2.541445 -0.5662721 -0.53969944 0.73426 996.68 
20150701204320 4.7046065 -1.5765818 -2.5007436 -0.61086524 -0.48502702 0.7507534 996.68 
20150701204321 7.065289 -0.8158242 -2.3277626 -0.58368176 -0.45875978 0.6908886 996.68 
20150701204321 9.509769 -0.38307226 -2.059612 -0.59773165 -0.6188065 0.50885075 996.68 
20150701204321 12.010512 -1.0193313 -1.2395979 -0.70005155 -0.7339546 0.28191432 996.68 
20150701204321 13.238738 -1.7345991 -0.94570965 -0.782213 -0.6963864 0.1423316 996.68 
20150701204321 13.605051 -1.6184803 -1.021127 -0.8426886 -0.5653558 0.08002335 996.67 
20150701204321 13.907319 -0.6099229 -0.4213795 -0.84788096 -0.22388211 0.20341812 996.67 
20150701204321 13.260884 -1.0414777 -0.6853402 -0.81031275 0.26939157 0.31581733 996.67 
20150701204321 12.211626 -4.1772833 0.019153614 -0.5751296 0.6096435 0.17989981 996.67 
20150701204321 11.183316 -6.06571 0.1364695 -0.3549127 0.6979135 -0.0036651916 996.67 
20150701204321 9.702502 -5.79337 -3.6673183 -0.10293079 0.59315014 -0.15760323 996.67 
20150701204321 10.08737 -0.81881696 -8.364143 0.16523905 0.43004912 0.05497787 996.67 
20150701204321 10.4728365 0.14604631 -9.442133 0.43371433 -0.07941248 0.47525316 996.67 
20150701204321 11.981782 2.142212 -8.940548 0.6441574 -0.766025 0.6933321 996.67 
20150701204321 14.12579 1.8872294 -6.8121023 0.8729264 -1.3732251 0.7770206 996.7 
20150701204321 17.325043 3.0101101 -6.4182563 1.0445796 -1.3503176 0.6942484 996.7 
20150701204321 16.209942 2.3038206 -5.21936 1.031446 -0.9230174 0.37232238 996.7 
20150701204321 11.637017 0.61650693 -3.6792896 0.6072 -0.1469131 -0.12308934 996.7 
20150701204321 6.827665 -0.81402856 -2.0308816 0.2751948 0.73639804 -0.55741453 996.7 
20150701204321 2.9759927 -2.3133974 -1.3802572 0.1777618 1.5858061 -0.7470882 996.7 
20150701204321 3.0777464 -3.6242228 -1.4077905 0.4016439 1.9398025 -0.8885035 996.7 
20150701204321 4.281431 -2.4157495 -0.6991069 0.6588182 1.7763962 -0.9266826 996.7 
20150701204321 4.7680526 -0.3585317 -1.4383167 0.782213 0.86559606 -0.69974613 996.7 
20150701204321 5.0397944 1.8076223 -1.8902222 1.0668762 -0.464563 -0.52626044 996.72 
20150701204321 6.165668 3.0597897 -2.0428526 1.2394456 -0.9388999 -0.52381694 996.72 
20150701204321 7.5770497 2.7742813 -1.7357962 1.3723087 -0.9071349 -0.5885687 996.72 
20150701204321 8.658031 1.7938557 -1.762731 1.352761 -0.59803706 -0.6209445 996.72 
20150701204321 9.712678 1.3371617 -1.3670892 1.2623531 -0.25870144 -0.59040123 996.72 
20150701204321 10.005369 1.6136919 -0.3357868 1.1548407 0.11636983 -0.47036624 996.72 
20150701204321 9.415198 0.6087258 -0.095768064 1.0662653 0.34697145 -0.33261612 996.72 
20150701204321 9.015367 -0.5590461 -0.93732995 1.0057896 0.44837508 -0.24373524 996.72 
20150701204321 9.826403 -0.61112 -2.030283 1.0735956 0.5665775 -0.22968534 996.72 
20150701204321 11.921927 1.8770541 -1.3072342 1.0210613 0.49296826 -0.19517145 996.66 
20150701204321 14.043789 4.458602 -0.3764882 0.8564331 0.19883664 -0.14782938 996.66 
20150701204321 14.225748 5.1888337 -0.8158242 0.6704246 -0.15577064 -0.15454891 996.66 
20150701204321 14.782998 3.4835634 -5.4737434 0.4373795 -0.28160888 -0.35430184 996.66 
20150701204321 12.199057 1.2192472 -9.035119 0.26328292 -0.14263703 -0.63346726 996.66 
20150701204321 11.253945 -1.6220716 -8.260594 0.23335053 0.07941248 -1.0439687 996.66 
20150701204321 10.496181 -0.3573346 -6.6391215 0.12064589 -0.058337633 -0.80848014 996.66 
20150701204321 12.789825 0.08200141 -4.4280763 -0.17012598 0.36132678 -0.5852089 996.66 
20150701204321 13.940838 0.34476504 -5.1762643 -0.36102137 0.41416663 -0.33261612 996.66 
20150701204321 12.591106 0.95468795 -4.1138372 -0.1554652 0.21655174 -0.05467244 996.65 
20150701204321 10.54167 1.0468647 -3.1735144 -0.20586158 0.21471913 0.2565634 996.65 
20150701204321 8.264784 0.6991069 -2.1853075 -0.24190263 0.33505958 0.49663344 996.65 
20150701204321 6.9725137 0.4345476 -2.0685902 -0.28344148 0.54702985 0.65393126 996.65 
20150701204321 5.587468 0.30526072 -2.5151088 -0.3622431 0.44165558 0.7910705 996.65 
20150701204321 4.381389 -0.45609543 -2.4768016 -0.48380527 0.19120082 0.874759 996.65 
20150701204321 3.2393548 -0.83617496 -2.087744 -0.61544675 -0.10598512 0.89369583 996.65 
20150701204321 2.7150247 -1.1198878 -1.7184383 -0.6976081 -0.32589662 0.86070913 996.65 
20150701204321 3.9552212 -1.3706805 -2.4049757 -0.7067711 -0.41325033 0.8249735 996.65 
20150701204321 5.9585695 -1.086369 -1.9644425 -0.677755 -0.3707952 0.7510588 996.66 
20150701204322 8.293514 -0.9540894 -1.34195 -0.68386364 -0.3680463 0.5561928 996.66 
20150701204322 10.204087 -1.4574703 -0.56922144 -0.7351763 -0.6389651 0.3042109 996.66 
20150701204322 11.281479 -1.8028339 -0.24660277 -0.8142834 -0.64476824 0.07238753 996.66 
20150701204322 11.798027 -0.5686229 -0.5057751 -0.8313876 -0.462425 -0.02107485 996.66 
20150701204322 12.30919 0.78290397 -0.2753332 -0.8573494 -0.25900686 -0.01985312 996.66 
20150701204322 13.266272 -0.24061728 -0.44472298 -0.9007208 0.04062254 0.02076942 996.66 
20150701204322 13.35785 -2.6013002 0.7679402 -0.6969972 0.21288654 0.0012217305 996.66 
20150701204322 13.129204 -4.7638626 1.2988545 -0.46700647 0.17837265 0.021991149 996.66 
20150701204322 12.134413 -5.0541596 0.16819267 -0.33414328 0.03756821 0.15057829 996.7 
20150701204322 9.916184 -3.217807 -5.2379146 -0.13591751 -0.0061086523 0.3903429 996.7 
20150701204322 8.69993 -2.2050598 -7.9786773 0.11362094 -0.119729586 0.591623 996.7 
20150701204322 8.707711 -0.5847838 -9.70789 0.25534168 -0.22785273 0.6426302 996.7 
20150701204322 12.854469 1.7830818 -5.581483 0.52290064 -0.782213 0.59681535 996.7 
20150701204322 16.123154 2.6390088 -4.8021703 0.5476407 -1.1389582 0.6713409 996.7 
20150701204322 17.40465 4.490924 -6.113594 0.528093 -1.3912456 0.5739079 996.7 
20150701204322 15.614984 3.1196449 -5.149329 0.53023106 -0.81581056 0.30298916 996.7 
20150701204322 11.597513 -0.04369418 -3.4314895 0.35430184 0.029321533 -0.043982297 996.7 
20150701204322 7.189189 -2.0069396 -2.2110453 0.12675454 0.6038403 -0.41447207 996.65 
20150701204322 4.5274353 -4.175488 -2.0410569 0.09040806 1.1343768 -0.6627888 996.65 
20150701204322 4.778228 -3.5583823 -0.88286185 0.269697 1.4337007 -0.9224065 996.65 
20150701204322 4.2610803 -2.32058 -1.1486182 0.49205196 1.2889256 -0.8698721 996.65 
20150701204322 3.4159272 -0.45429978 -1.7788919 0.8011498 0.3475823 -0.689056 996.65 
20150701204322 3.5164838 1.4257472 -2.4732103 1.1572843 -0.27000242 -0.6627888 996.65 
20150701204322 4.981735 2.3265655 -2.2104468 1.3949108 -0.45356745 -0.7318166 996.65 
20150701204322 6.6708446 1.721431 -1.858499 1.5268577 -0.5384777 -0.8051204 996.65 
20150701204322 8.225879 1.2497733 -1.8590976 1.5250251 -0.6575964 -0.8481864 996.65 
20150701204322 9.632472 1.5209166 -1.7663223 1.4963144 -0.64660084 -0.79290307 996.67 
20150701204322 10.240001 2.131438 -1.2749124 1.4257594 -0.45814893 -0.6017023 996.67 
20150701204322 10.460866 1.7262194 -0.7314286 1.3674219 -0.20525073 -0.4352415 996.67 
20150701204322 10.534488 0.4285621 -0.5506664 1.3326025 -0.013133603 -0.2519819 996.67 
20150701204322 11.208455 -0.19692309 -1.9057846 1.3723087 0.25809056 -0.15607607 996.67 
20150701204322 12.531252 1.4718355 -1.6819267 1.276403 0.39492437 -0.121256754 996.67 
20150701204322 13.065159 3.6846764 -1.2725182 0.93187493 0.36957347 -0.08307768 996.67 
20150701204322 12.768278 4.8799815 -1.2958617 0.6600399 0.18906279 -0.10445796 996.67 
20150701204322 12.427104 4.3646297 -6.3889275 0.30543262 0.040927973 -0.22907446 996.67 
20150701204322 9.888652 3.8019924 -9.622296 0.08979719 -0.0036651916 -0.3726278 996.63 
20150701204322 12.20564 1.0708067 -7.772177 0.024740042 0.12339478 -0.7049385 996.63 
20150701204322 11.228806 -0.48602295 -7.502231 -0.06536258 -0.11148291 -0.7440339 996.63 
20150701204322 13.001713 -0.91697925 -6.168062 -0.17134771 -0.20158553 -0.6731735 996.63 
20150701204322 13.831902 -0.073023155 -5.533599 -0.5448918 -0.03756821 -0.3707952 996.63 
20150701204322 12.960412 1.2623428 -4.3514614 -0.4343252 0.14630222 -0.08979719 996.63 
20150701204322 9.986814 1.1145009 -3.517681 -0.3118467 0.13530666 0.19333886 996.63 
20150701204322 7.6823945 0.57520694 -2.4654293 -0.36682457 0.4251622 0.464563 996.63 
20150701204322 6.6744356 0.6027403 -2.0165164 -0.45814893 0.691194 0.6301075 996.63 
20150701204322 5.7335143 0.11312603 -2.130241 -0.5308419 0.71685034 0.6957755 996.67 
20150701204322 4.9661727 -0.3890578 -2.2278047 -0.6224717 0.40622538 0.7819075 996.67 
20150701204322 4.2066126 -1.0289081 -1.929128 -0.70707655 -0.06261369 0.872621 996.67 
20150701204322 4.0402155 -1.8201919 -1.3892355 -0.70249504 -0.38637227 0.89919364 996.67 
20150701204322 5.1385555 -1.2886791 -2.1763294 -0.7079928 -0.5290093 0.8695667 996.67 
20150701204322 6.493075 -1.0283096 -1.7178397 -0.6792821 -0.45875978 0.79779 996.67 
20150701204322 7.9996266 -1.0833763 -1.3395559 -0.6264423 -0.28771752 0.6740898 996.67 
20150701204323 9.346365 -1.6340426 -0.88525605 -0.6417139 -0.41386122 0.4596761 996.67 
20150701204323 9.703699 -1.8369513 -0.15741876 -0.69913524 -0.41141775 0.2501493 996.67 
20150701204323 9.427768 -0.24959552 -1.1264719 -0.74006325 -0.2593123 0.13469578 996.67 
20150701204323 10.156203 1.287482 -1.4101849 -0.83077675 -0.0711658 0.074830994 996.67 
20150701204323 13.032238 0.7433996 -0.074220255 -0.93859446 0.2284636 0.07849618 996.67 
20150701204323 14.471752 -2.5354595 1.4119805 -0.8854492 0.4098906 0.05222898 996.67 
20150701204323 14.414291 -5.245097 0.37110126 -0.66645396 0.23579398 0.017104227 996.67 
20150701204323 13.532028 -6.0250087 -1.1228806 -0.5183192 0.07360926 0.05131268 996.67 
20150701204323 11.19828 -5.2361193 -4.225766 -0.26939157 0.06688975 0.26145032 996.67 
20150701204323 9.798869 -2.4953568 -5.6347537 0.10293079 -0.064751714 0.42119157 996.67 
20150701204323 8.4647 -1.8752584 -6.8743515 0.4251622 -0.02443461 0.6078109 996.67 
20150701204323 9.124303 1.1121067 -6.535572 0.78893244 -0.17104226 0.698219 996.69 
20150701204323 11.939884 2.831742 -5.4420204 0.9981538 -0.6017023 0.73731434 996.69 
20150701204323 14.478935 4.9218802 -6.9228344 1.0198395 -0.74006325 0.72265357 996.69 
20150701204323 16.67741 4.9135003 -6.405088 1.0277808 -0.65087694 0.44043383 996.69 
20150701204323 14.942213 1.6675615 -4.711789 0.8527679 -0.41355577 0.021991149 996.69 
20150701204323 10.7673235 -0.664391 -2.984971 0.5180137 -0.19517145 -0.43066 996.69 
20150701204323 7.426215 -2.5462334 -2.0572178 0.16920967 0.23090707 -0.7244862 996.69 
20150701204323 7.349601 -3.0131028 -1.0702082 0.06627888 0.8518516 -0.96883225 996.69 
20150701204323 6.939594 -2.1308396 -0.4261679 0.2406809 1.2040154 -1.0574077 996.69 
20150701204323 5.3181205 -1.06123 -1.5406688 0.50793445 0.9569204 -0.8173377 996.64 
20150701204323 3.4781766 -0.09876082 -2.2098482 0.752586 0.084910266 -0.559858 996.64 
20150701204323 3.2273839 0.84216046 -2.3301568 1.0296134 -0.11209377 -0.528093 996.64 
20150701204323 4.4047327 1.578976 -0.94690675 1.1395692 -0.053145275 -0.5830709 996.64 
20150701204323 5.719748 2.1110873 -0.30346507 1.0299188 -0.007941248 -0.59223384 996.64 
20150701204323 6.9916677 2.6342204 -0.39564183 0.9166033 -0.25167647 -0.5342017 996.64 
20150701204323 8.752603 3.0657754 -0.095768064 0.906524 -0.37201694 -0.43890667 996.64 
20150701204323 10.261548 1.8884265 -0.11552023 0.91354895 -0.3680463 -0.30940324 996.64 
20150701204323 11.190498 -1.2066777 -1.1312603 0.90285885 -0.36957347 -0.18112154 996.64 
20150701204323 13.174095 -2.541445 -1.4293385 0.9737192 -0.24678956 -0.16646078 996.65 
20150701204323 14.581286 0.19033903 -0.8391677 1.0516045 -0.0870483 -0.14752395 996.65 
20150701204323 14.513651 4.610634 -1.2934675 0.88697636 -0.09162979 -0.121256754 996.65 
20150701204323 13.199234 5.597045 -4.3807907 0.5222898 0.04184427 -0.18448131 996.65 
20150701204323 10.967239 6.169259 -8.933964 0.22815818 0.17654006 -0.35979962 996.65 
20150701204323 11.719617 2.9520507 -7.685986 0.086437434 0.17898351 -0.5531385 996.65 
20150701204323 11.278485 -0.3878607 -7.073669 0.01038471 0.004886922 -0.5751296 996.65 
20150701204323 10.878654 -2.9658175 -5.916671 -0.053145275 -0.20189096 -0.61544675 996.65 
20150701204323 12.436681 -4.683657 -4.2658687 -0.1695151 -0.10751228 -0.61300325 996.65 
20150701204323 12.741941 -3.1435869 -5.3037553 -0.3399465 0.16279559 -0.4156938 996.66 
20150701204323 12.723985 1.6412252 -4.9763484 -0.11881329 0.119729586 -0.108123146 996.66 
20150701204323 10.709863 2.5067291 -3.9653966 0.04795292 0.09621128 0.37751472 996.66 
20150701204323 8.279149 2.295441 -2.954445 -0.044898596 0.15057829 0.7104363 996.66 
20150701204323 6.823475 2.047641 -2.3343468 -0.27366763 0.102319926 0.7779369 996.66 
20150701204323 4.684854 1.2401965 -2.0272903 -0.52687126 0.064446285 0.7519751 996.66 
20150701204323 2.9586349 -0.10414778 -2.0979192 -0.78893244 -0.09010262 0.68966687 996.66 
20150701204323 2.3050177 -1.1372458 -2.1230583 -0.9254609 -0.23579398 0.7122689 996.66 
20150701204323 3.3740287 -2.0931308 -1.6406267 -0.9960158 -0.28619036 0.7476991 996.66 
20150701204323 5.3713913 -2.391209 -1.4502877 -0.9950995 -0.27091873 0.7516697 996.68 
20150701204323 7.695563 -2.1086931 -1.2587515 -0.8881981 -0.3539964 0.70157874 996.68 
20150701204323 9.755774 -1.8788497 -1.0414777 -0.79229224 -0.52442783 0.6273586 996.68 
20150701204324 11.192294 -2.4127567 -0.5943606 -0.7086037 -0.61178154 0.45723262 996.68 
20150701204324 11.56579 -3.2423477 -0.4914099 -0.6630942 -0.5653558 0.27763826 996.68 
20150701204324 11.669938 -2.8341362 -0.7625532 -0.6114761 -0.37110063 0.06841691 996.68 
20150701204324 11.942877 -0.90141696 0.24899697 -0.5363397 -0.020463986 -0.028099801 996.68 
20150701204324 11.605893 -0.74399817 -0.15203181 -0.46120325 0.33475417 0.0143553335 996.68 
20150701204324 11.732187 -2.842516 -0.31603462 -0.32375857 0.50701815 0.0030543262 996.68 
20150701204324 12.393585 -3.3680432 0.04249708 -0.10476339 0.52198434 -0.09285152 996.68 
20150701204324 12.522273 -3.2022448 -0.7667431 0.15790866 0.39920044 -0.16615535 996.68 
20150701204324 10.8469305 -0.94690675 -5.6257753 0.29901853 0.009468411 0.01282817 996.68 
20150701204324 10.12448 0.60573304 -8.8777 0.37110063 -0.34208453 0.2782491 996.68 
20150701204324 9.590573 0.8002619 -9.787497 0.42119157 -0.39645153 0.573297 996.68 
20150701204324 12.883798 0.6332663 -6.3009405 0.42271876 -0.5870415 0.6750061 996.68 
20150701204324 14.391546 0.84814596 -5.2780175 0.5338962 -0.9804387 0.66614854 996.68 
20150701204324 16.864159 2.5833437 -6.3721676 0.5726862 -1.1456778 0.54183745 996.68 
20150701204324 15.635334 1.751957 -5.5150437 0.6921103 -0.7742717 0.3399465 996.68 
20150701204324 11.357494 -0.2136825 -3.591901 0.5027421 -0.12064589 0.023823744 996.64 
20150701204324 6.7624226 -1.5119383 -2.3169887 0.34391713 0.4746423 -0.30085114 996.64 
20150701204324 4.5777135 -2.7593174 -1.5975311 0.23151793 1.0097603 -0.6560693 996.64 
20150701204324 4.4765587 -2.7694929 -0.5506664 0.35094208 1.6206255 -0.86254174 996.64 
20150701204324 4.111443 -2.0500352 -1.1875241 0.50823987 1.6572775 -0.8206975 996.64 
20150701204324 3.8474822 -0.47225627 -1.9129672 0.7535023 0.7244862 -0.65270954 996.64 
20150701204324 3.9653966 1.6328455 -2.3546975 0.9669997 -0.11209377 -0.6001751 996.64 
20150701204324 4.951209 2.9095535 -2.1320367 1.1985176 -0.3744604 -0.6114761 996.64 
20150701204324 6.607398 2.4714148 -1.8154035 1.3130548 -0.56107974 -0.64934975 996.64 
20150701204324 7.863157 1.5059528 -2.0231004 1.3008375 -0.49877146 -0.68936145 996.61 
20150701204324 9.5385 1.1976994 -1.7860745 1.2867876 -0.41447207 -0.691194 996.61 
20150701204324 10.986393 1.8602947 -0.7906851 1.2501358 -0.31429017 -0.61391956 996.61 
20150701204324 11.366472 1.2180501 -0.010175358 1.1624765 -0.21502456 -0.40866885 996.61 
20150701204324 11.250953 -0.5542577 -0.45250413 1.1151345 -0.15332718 -0.2733622 996.61 
20150701204324 11.769297 -0.4938041 -1.6980876 1.1432343 0.030848695 -0.2864958 996.61 
20150701204324 12.307394 1.9405005 -1.8866309 1.0922271 0.24709499 -0.24617869 996.61 
20150701204324 11.989564 3.7582982 -1.3263878 0.84574294 0.3182608 -0.18142697 996.61 
20150701204324 12.00333 4.128801 -2.5151088 0.53878313 0.2828306 -0.17256944 996.61 
20150701204324 9.874885 4.741118 -7.3909006 0.27763826 0.12339478 -0.2669481 996.63 
20150701204324 12.039244 4.4478283 -9.677961 0.11942416 0.089186326 -0.44868052 996.63 
20150701204324 13.213 1.7118542 -9.321824 0.053145275 -0.032070424 -0.52595496 996.63 
20150701204324 12.802994 -1.7226281 -7.247847 -0.040317107 -0.2846632 -0.63194007 996.63 
20150701204324 13.654132 -3.2154129 -6.0387754 -0.30848694 -0.4382958 -0.6899723 996.63 
20150701204324 13.488933 -2.9317 -5.390545 -0.5012149 -0.14294247 -0.46089783 996.63 
20150701204324 11.982381 0.6733692 -3.8325183 -0.35369098 0.18295415 -0.12064589 996.63 
20150701204324 9.351752 2.4690206 -2.830545 -0.27488935 0.5296202 0.28985557 996.63 
20150701204324 7.2310877 2.5797524 -1.6472107 -0.26053402 0.79809546 0.50823987 996.63 
20150701204324 5.9986725 2.4277205 -1.7782934 -0.35643986 0.893085 0.7290677 996.66 
20150701204324 5.177461 1.8716671 -2.0907366 -0.4474588 0.70157874 0.852157 996.66 
20150701204324 4.3263226 0.14903906 -2.28347 -0.58001655 0.22907446 0.9108001 996.66 
20150701204324 4.1371803 -1.8237832 -1.7250223 -0.72509706 -0.20158553 0.91232723 996.66 
20150701204324 4.631583 -3.1136594 -1.4149733 -0.84696466 -0.5161811 0.8943067 996.66 
20150701204324 5.657499 -2.949058 -1.6950948 -0.8933904 -0.57635134 0.82436264 996.66 
20150701204324 7.244256 -2.047641 -1.7633295 -0.8127562 -0.535118 0.7156286 996.66 
20150701204325 8.859743 -1.3443443 -1.2635399 -0.7834347 -0.41263947 0.5693264 996.66 
20150701204325 10.047267 -1.1587936 -0.4914099 -0.7699956 -0.36743546 0.37598756 996.66 
20150701204325 10.322002 -1.401805 -0.30645782 -0.7819075 -0.33750305 0.20463985 996.64 
20150701204325 9.821614 -0.59256494 -1.2018893 -0.782213 -0.25686884 0.03481932 996.64 
20150701204325 10.051457 0.7092823 -1.4814123 -0.8045095 -0.05497787 0.036651913 996.64 
20150701204325 11.51192 0.700304 -0.19871874 -0.8332202 0.22449298 0.16982053 996.64 
20150701204325 12.44925 -2.0602105 0.81881696 -0.75319684 0.36835176 0.20861048 996.64 
20150701204325 13.827712 -4.677073 0.581791 -0.64751714 0.25411993 0.13500121 996.64 
20150701204325 13.182474 -5.9873 -0.688333 -0.48075095 0.19486602 -0.08552113 996.64 
20150701204325 11.939884 -4.9099092 -4.5100775 -0.20433442 0.11056661 0.059253927 996.64 
20150701204325 12.3115835 -2.7263973 -6.7630215 0.08552113 -0.16798794 0.2510656 996.64 
20150701204325 10.784083 -1.6687586 -8.396465 0.44806966 -0.14752395 0.5357288 996.7 
20150701204325 10.69849 0.6099229 -7.514202 0.75991637 -0.38637227 0.6704246 996.7 
20150701204325 11.512519 1.5664065 -5.363012 0.9645562 -0.7122689 0.79045963 996.7 
20150701204325 13.432669 3.7229836 -6.0447607 0.8582657 -0.77549344 0.62125 996.7 
20150701204325 15.059528 4.1760864 -5.391144 0.91996306 -0.5882632 0.2742785 996.7 
20150701204325 12.970588 1.5729905 -3.8480806 0.70646566 -0.27458394 -0.021991149 996.7 
20150701204325 9.100361 -0.7673417 -2.3942018 0.44806966 -0.0870483 -0.3576616 996.7 
20150701204325 6.113594 -2.6677392 -1.7238252 0.24098633 0.13897185 -0.7629707 996.7 
20150701204325 5.8903346 -3.525462 -0.943914 0.26328292 0.63071835 -0.9425651 996.7 
20150701204325 5.964555 -2.3558946 -0.7212533 0.47586402 0.8729264 -0.8970556 996.69 
20150701204325 5.04159 -1.0414777 -1.7705121 0.7761043 0.552833 -0.6386596 996.69 
20150701204325 3.9749734 0.5363012 -2.255338 1.0332786 -0.23609942 -0.46975538 996.69 
20150701204325 4.064756 2.0338743 -2.2637177 1.2803736 -0.39828414 -0.46578476 996.69 
20150701204325 5.254674 2.4995465 -1.8974048 1.3063353 -0.3659083 -0.5876524 996.69 
20150701204325 7.1233487 2.4875755 -1.6819267 1.1908818 -0.31123585 -0.6963864 996.69 
20150701204325 8.890269 1.9219455 -1.328782 1.0980303 -0.26542094 -0.7012733 996.69 
20150701204325 9.991004 1.5586253 -0.81283146 1.0671816 -0.2941316 -0.63438356 996.69 
20150701204325 10.468647 1.1468226 -0.38606504 1.0158689 -0.2947425 -0.47128254 996.69 
20150701204325 11.057022 -0.02813187 -0.44651863 0.96486163 -0.19608775 -0.3118467 996.65 
20150701204325 11.449073 -0.5470751 -1.8171991 0.95356065 0.004581489 -0.25137106 996.65 
20150701204325 12.576741 1.0432734 -2.4947581 0.92087936 0.1441642 -0.24831672 996.65 
20150701204325 13.891158 3.8181531 -2.0141222 0.7724391 0.110872045 -0.23365596 996.65 
20150701204325 14.41908 5.5060654 -1.7938557 0.4550946 0.0711658 -0.22693644 996.65 
20150701204325 13.22138 3.9510314 -7.547721 0.1255328 0.04062254 -0.31612277 996.65 
20150701204325 13.290214 3.697246 -9.419388 -0.11575896 -0.012217305 -0.46914452 996.65 
20150701204325 11.665748 1.851915 -7.359776 -0.21899518 0.040011674 -0.59956425 996.65 
20150701204325 10.207081 -0.33758244 -6.9348054 -0.22907446 -0.31978795 -0.51068336 996.65 
20150701204325 11.14441 -2.966416 -5.395932 -0.26939157 -0.5045747 -0.3118467 996.69 
20150701204325 11.414356 -4.3981485 -4.6351743 -0.26083946 0.0106901415 -0.21930063 996.69 
20150701204325 10.555437 -2.107496 -5.269638 -0.112399206 0.33841935 -0.049480084 996.69 
20150701204325 9.458893 1.0097545 -3.855862 0.041233405 0.36987892 0.16126843 996.69 
20150701204325 8.03554 2.3505075 -2.4349031 0.015271631 0.5357288 0.35796702 996.69 
20150701204325 6.9731126 3.2255883 -1.9973627 -0.14660765 0.43860126 0.4914411 996.69 
20150701204325 6.3422403 3.3566709 -2.2888567 -0.31031954 0.23915374 0.6383542 996.69 
20150701204325 5.2618566 2.0266917 -2.6922798 -0.46975538 -0.17715092 0.7819075 996.69 
20150701204325 4.234744 -0.40940848 -2.6982653 -0.625526 -0.39003745 0.86376345 996.69 
20150701204325 4.32333 -2.327164 -1.988983 -0.71593404 -0.40469822 0.88606006 996.66 
20150701204325 5.3157263 -3.259107 -1.3700819 -0.7831292 -0.32375857 0.86070913 996.66 
20150701204325 7.117363 -3.2489316 -1.4083891 -0.7788532 -0.21624629 0.8164214 996.66 
20150701204326 8.792108 -3.0053217 -1.4000094 -0.72509706 -0.15424347 0.6957755 996.66 
20150701204326 9.677961 -2.7760768 -1.347337 -0.6545421 -0.08979719 0.46670106 996.66 
20150701204326 10.411784 -2.783858 -0.6877344 -0.59406644 -0.1160644 0.2855795 996.66 
20150701204326 10.465055 -2.5911248 -0.26156655 -0.4801401 -0.106901415 0.09468412 996.66 
20150701204326 10.720636 -1.3138182 -0.45549688 -0.3839288 -0.08032878 0.011301007 996.66 
20150701204326 11.167155 0.25797522 -0.8050503 -0.3744604 0.027794369 0.0888809 996.66 
20150701204326 12.258911 0.62728083 -1.6519991 -0.3662137 0.1685988 0.23182335 996.64 
20150701204326 12.953828 -1.6376339 -0.92296475 -0.27580565 0.16646078 0.2666427 996.64 
20150701204326 13.095685 -3.6098576 -0.45789108 -0.1563815 0.11911872 0.12950343 996.64 
20150701204326 11.914744 -4.9057193 -2.5073278 -0.03756821 -0.06780604 -0.008552114 996.64 
20150701204326 10.164583 -1.3563153 -7.1820064 0.026572637 -0.11759156 0.10048734 996.64 
20150701204326 9.413403 -1.5155296 -8.429385 0.14477506 -0.12736541 0.35185838 996.64 
20150701204326 10.721235 0.25019407 -8.488044 0.25961772 -0.13225232 0.57910025 996.64 
20150701204326 12.683882 -0.1400608 -5.5988407 0.5702427 -0.42913285 0.72051555 996.64 
20150701204326 14.764443 1.7549498 -5.815516 0.77396625 -0.6783658 0.69913524 996.64 
20150701204326 16.564882 2.984971 -5.85921 0.9257663 -0.7119634 0.48624873 996.6 
20150701204326 14.568119 1.4957775 -4.8069587 0.72601336 -0.37048978 0.1731803 996.6 
20150701204326 10.081984 0.12030864 -3.0801406 0.44440445 0.12736541 -0.18692477 996.6 
20150701204326 6.1123967 -1.3000516 -2.1110873 0.21594086 0.52320606 -0.59528816 996.6 
20150701204326 5.2247467 -2.6132712 -1.435324 0.1572978 1.1438452 -0.8335256 996.6 
20150701204326 5.1876364 -2.4654293 -0.33997664 0.2593123 1.5183055 -0.9053023 996.6 
20150701204326 4.2945995 -1.448492 -1.0893618 0.39736784 1.1823297 -0.7131852 996.6 
20150701204326 3.752911 0.2669535 -1.6047137 0.58123827 0.18203785 -0.5271767 996.6 
20150701204326 3.954024 1.9201498 -1.9644425 0.8374963 -0.19150625 -0.4896085 996.6 
20150701204326 5.035605 2.4289176 -1.9381063 0.9776898 -0.2950479 -0.5674938 996.6 
20150701204326 6.1806316 1.555034 -1.6011224 0.97035944 -0.3155119 -0.62125 996.6 
20150701204326 8.077438 0.59855044 -1.067814 0.98532563 -0.26419923 -0.6230826 996.6 
20150701204326 10.584765 0.6003461 0.010773907 1.0158689 -0.29168814 -0.5519168 996.6 
20150701204326 11.859678 0.23523031 0.24899697 1.0384709 -0.26419923 -0.37323865 996.6 
20150701204326 11.936293 -1.1013328 -0.56323594 1.0711522 -0.24709499 -0.23335053 996.6 
20150701204326 12.058995 0.023343466 -2.2589293 1.1569787 -0.07544186 -0.2501493 996.6 
20150701204326 12.721591 3.6673183 -1.9488802 1.1487321 0.16615535 -0.21533 996.6 
20150701204326 13.165715 5.8322754 -1.1881226 0.8729264 0.23335053 -0.15454891 996.6 
20150701204326 12.308591 6.047155 -0.5710171 0.4877759 0.1863139 -0.09682214 996.6 
20150701204326 11.027095 4.232949 -4.1479545 0.058643065 0.05467244 -0.1142318 996.6 
20150701204326 10.442909 1.9482816 -8.982447 -0.24709499 0.16707164 -0.22357668 996.6 
20150701204326 11.51192 -0.55246204 -8.275558 -0.29657507 0.5012149 -0.4447099 996.6 
20150701204326 10.675745 -2.6833014 -8.396465 -0.27916542 0.35002577 -0.5833763 996.6 
20150701204326 12.284649 -3.90614 -6.1207767 -0.29016098 0.035124753 -0.68600166 996.6 
20150701204326 13.943233 -3.9432502 -5.7724204 -0.44104472 -0.047036625 -0.6224717 996.6 
20150701204326 12.489952 -0.6135142 -4.708796 -0.21533 -0.09285152 -0.34391713 996.6 
20150701204326 10.469246 2.5510218 -3.714604 -0.017715093 -0.065973446 0.04153884 996.6 
20150701204326 8.368334 2.835932 -2.4791958 -0.021991149 0.24831672 0.27763826 996.66 
20150701204326 7.0371575 2.5384524 -1.858499 -0.17592919 0.48655418 0.4728097 996.66 
20150701204326 6.0507464 1.951873 -1.7938557 -0.28344148 0.59712076 0.59437186 996.66 
20150701204326 5.461174 0.88405895 -1.9554642 -0.37873647 0.2171626 0.7089091 996.66 
20150701204326 5.0385976 -0.545878 -1.7872716 -0.56413406 -0.20861048 0.82741696 996.66 
20150701204326 4.9027267 -1.941099 -1.5807717 -0.66798115 -0.5128214 0.8720101 996.66 
20150701204326 4.957793 -2.5983074 -1.7375919 -0.75441855 -0.6713409 0.8503244 996.66 
20150701204326 6.191406 -1.9381063 -2.2996306 -0.7651087 -0.7507534 0.75411314 996.66 
20150701204327 8.208521 -1.4275428 -0.9672575 -0.73792523 -0.7583892 0.5900958 996.66 
20150701204327 9.783905 -1.2695254 0.46746787 -0.7858781 -0.77366084 0.3640757 996.61 
20150701204327 10.286089 -1.2240356 0.10354923 -0.7968737 -0.81581056 0.17837265 996.61 
20150701204327 10.318411 -0.8858546 -0.6147113 -0.7611381 -0.6646214 0.014966198 996.61 
20150701204327 10.086772 -0.97025025 -1.6627731 -0.8436049 -0.13805555 -0.043066 996.61 
20150701204327 10.860698 -2.1134815 -1.3132197 -0.86651236 0.39614612 -0.073303826 996.61 
20150701204327 12.448651 -2.106299 0.8996213 -0.5852089 0.56169057 -0.058948494 996.61 
20150701204327 13.276447 -3.098097 0.8643068 -0.35979962 0.46975538 0.03756821 996.61 
20150701204327 13.785214 -3.9534256 0.36391866 -0.2565634 0.31642818 0.20799962 996.61 
20150701204327 12.864046 -3.9953241 -1.7411832 -0.1328632 0.100792766 0.3820962 996.61 
20150701204327 10.940305 -1.6831238 -7.065888 0.07269296 -0.17470746 0.5027421 996.68 
20150701204327 9.668983 -2.392406 -9.961076 0.20250183 -0.25473082 0.5891795 996.68 
20150701204327 10.654198 -0.5386954 -8.796896 0.25686884 -0.30818152 0.59589905 996.68 
20150701204327 13.416508 -0.28670564 -3.7900212 0.5320636 -0.6637051 0.52503866 996.68 
20150701204327 13.421296 0.9163807 -4.742315 0.58246 -1.0757337 0.5665775 996.68 
20150701204327 13.722367 3.2704794 -7.068282 0.8750645 -1.2324207 0.38820487 996.68 
20150701204327 13.453019 3.071761 -5.521029 1.0622946 -0.52503866 0.2489276 996.68 
20150701204327 10.606912 1.1641805 -3.8804023 0.8539896 0.005192355 0.057421334 996.68 
20150701204327 6.84203 -0.47884035 -2.8532898 0.43860126 0.32559118 -0.4550946 996.68 
20150701204327 5.1918263 -1.8620903 -1.7208325 0.16829337 0.8323039 -0.9239337 996.67 
20150701204327 5.6706667 -2.0452468 -0.95349085 0.16310102 1.3582588 -1.03786 996.67 
20150701204327 5.78499 -1.3000516 -1.5448587 0.3323107 1.1575897 -0.8775079 996.67 
20150701204327 4.983531 0.016759412 -2.5300727 0.5329799 0.3481932 -0.67256266 996.67 
20150701204327 4.2036195 1.2413936 -2.5492263 0.8054258 -0.18417588 -0.52381694 996.67 
20150701204327 4.4957123 1.5358804 -2.0536265 0.9987647 -0.35094208 -0.55924714 996.67 
20150701204327 5.9729347 1.0510546 -1.894412 1.0225884 -0.2950479 -0.6407976 996.67 
20150701204327 8.03554 1.0079589 -1.2910733 1.0112875 -0.23304509 -0.7104363 996.67 
20150701204327 10.003573 1.666963 -0.8415619 1.040609 -0.28038713 -0.68966687 996.67 
20150701204327 11.079168 2.172738 -0.57879823 1.0543534 -0.40011674 -0.5726862 996.66 
20150701204327 11.31799 0.81761986 -0.16998832 1.0500773 -0.35521814 -0.42821655 996.66 
20150701204327 11.1414175 -0.7110779 -1.2228385 1.078788 -0.12339478 -0.36865717 996.66 
20150701204327 11.617864 0.35673606 -1.8674773 1.1731668 0.1731803 -0.31887165 996.66 
20150701204327 11.719019 3.316568 -1.8255788 1.0635164 0.33322698 -0.25870144 996.66 
20150701204327 11.610083 5.477335 -1.0779893 0.65118235 0.40011674 -0.20097467 996.66 
20150701204327 11.318588 4.642357 -3.915717 0.28038713 0.40408736 -0.22724187 996.66 
20150701204327 11.386824 4.7165775 -10.551846 0.0421497 0.2284636 -0.29443705 996.66 
20150701204327 12.495338 0.6937199 -9.177573 -0.029321533 0.1301143 -0.41722095 996.66 
20150701204327 12.669517 -1.7178397 -8.346188 -0.07147124 -0.07727446 -0.5140431 996.7 
20150701204327 12.715007 -4.220379 -5.410896 -0.05589417 -0.40683624 -0.52534413 996.7 
20150701204327 13.584701 -5.6108117 -3.7032316 -0.29718593 -0.21319197 -0.40530908 996.7 
20150701204327 12.836513 -2.8496985 -4.6136265 -0.052839845 0.06536258 -0.22357668 996.7 
20150701204327 11.087548 1.2533646 -3.8744168 0.3417791 0.28008172 0.043676864 996.7 
20150701204327 8.675988 3.1358056 -2.385822 0.36926803 0.52778757 0.3622431 996.7 
20150701204327 6.6546836 3.5452142 -2.0272903 0.18753563 0.61391956 0.5928447 996.7 
20150701204327 5.843049 3.9677908 -2.4690206 -0.008552114 0.6209445 0.68477994 996.7 
20150701204327 5.2810106 2.6970682 -2.5378537 -0.22876903 0.2910773 0.79779 996.7 
20150701204327 4.021062 -0.11911154 -2.0871453 -0.53023106 -0.15027285 0.8585711 996.7 
20150701204327 3.8863878 -2.0757728 -2.0416555 -0.73945236 -0.4999932 0.79381937 996.7 
20150701204327 4.6938324 -3.537433 -1.4616601 -0.906524 -0.5448918 0.7131852 996.7 
20150701204327 5.8747725 -3.2800562 -1.5957354 -0.9456194 -0.3866777 0.63163465 996.7 
20150701204328 7.8062944 -2.3253684 -1.678934 -0.8891144 -0.2687807 0.5326745 996.7 
20150701204328 9.495404 -1.9895816 -1.0737995 -0.8185594 -0.22999077 0.36896262 996.7 
20150701204328 10.515334 -2.2756886 -0.7625532 -0.75747293 -0.2098322 0.19333886 996.7 
20150701204328 10.735002 -1.9668367 -1.1031284 -0.68600166 -0.22815818 0.02443461 996.7 
20150701204328 11.062409 -0.7966706 -1.021127 -0.6084218 -0.13927728 0.018325957 996.7 
20150701204328 11.608886 1.0127473 -0.3441665 -0.60231316 0.06261369 0.113926366 996.66 
20150701204328 12.674904 0.05805939 0.0011971008 -0.5839872 0.3100141 0.15485434 996.66 
20150701204328 13.253702 -2.7377696 -0.3333926 -0.49877146 0.36346483 0.09285152 996.66 
20150701204328 12.86225 -4.3622355 -0.34117374 -0.39584067 0.31856623 -0.06047566 996.66 
20150701204328 11.814188 -4.629189 -3.6421793 -0.21074851 0.124005646 0.051923547 996.66 
20150701204328 12.146384 -1.9853917 -6.247071 -0.05009095 -0.121256754 0.29168814 996.66 
20150701204328 11.445481 -2.1021092 -6.9371996 0.17073683 -0.13652839 0.56382865 996.66 
20150701204328 10.196905 -0.32621 -8.183381 0.3631594 -0.36896262 0.67011917 996.66 
20150701204328 11.413159 0.15143326 -5.4288526 0.6068946 -0.6930266 0.7504479 996.66 
20150701204328 13.0998745 1.1073183 -5.1798553 0.6924158 -0.7110472 0.6420194 996.66 
20150701204328 14.109031 2.1242554 -5.5922565 0.82344633 -0.5222898 0.42058071 996.66 
20150701204328 12.723387 1.2449849 -4.4957123 0.77763146 -0.24770586 0.1554652 996.66 
20150701204328 9.74859 -0.45549688 -2.5929205 0.6218608 0.20219639 -0.13316862 996.66 
20150701204328 6.5840545 -1.6723499 -2.2798786 0.4633413 0.5540548 -0.54550266 996.66 
20150701204328 5.4527946 -2.4768016 -1.8890251 0.44776422 0.9254609 -0.80970186 996.66 
20150701204328 5.9501896 -1.5885528 -1.2749124 0.552833 1.1325442 -0.8772025 996.66 
20150701204328 5.489306 -0.30286652 -1.4921862 0.71837753 0.752586 -0.7174612 996.66 
20150701204328 4.6662993 1.2946646 -1.9728222 0.8921687 -0.046731193 -0.55924714 996.66 
20150701204328 4.6561236 2.3768437 -2.2056582 1.0784826 -0.410196 -0.5271767 996.66 
20150701204328 5.9268465 2.345719 -1.8680758 1.1542299 -0.4550946 -0.6407976 996.66 
20150701204328 7.395689 1.4502877 -1.7190368 1.1163563 -0.38728857 -0.7141015 996.66 
20150701204328 8.558074 0.65660983 -1.4820108 1.0903945 -0.39858958 -0.6957755 996.66 
20150701204328 9.89763 0.70509243 -0.78769237 1.099252 -0.3979787 -0.6239988 996.66 
20150701204328 10.55843 0.41240123 -0.2669535 1.1154399 -0.34055737 -0.44165558 996.66 
20150701204328 10.847529 -0.60693014 -0.12988544 1.1383474 -0.23090707 -0.29901853 996.66 
20150701204328 11.023503 -0.62129533 -1.6729485 1.1829406 -0.04734206 -0.26145032 996.66 
20150701204328 11.486182 1.5807717 -2.1984756 1.1869112 0.12308934 -0.24129178 996.66 
20150701204328 12.175115 4.338892 -1.982399 0.98532563 0.16584991 -0.18845193 996.66 
20150701204328 12.735357 5.5258174 -0.878672 0.63163465 0.14538592 -0.1441642 996.66 
20150701204328 13.797785 4.8943467 -4.1904516 0.32834008 0.029932396 -0.17440203 996.66 
20150701204328 11.827955 3.453636 -9.14226 0.076052725 -0.020463986 -0.34422258 996.66 
20150701204328 12.227787 -0.08080431 -9.1255 -0.042455133 0.0571159 -0.70005155 996.66 
20150701204328 11.597513 -1.8189948 -8.354567 -0.050396383 -0.21624629 -0.6398814 996.66 
20150701204328 11.701062 -2.9322984 -5.477335 -0.08857546 -0.34116822 -0.50243664 996.66 
20150701204328 11.956643 -2.9993362 -4.0839095 -0.22174409 -0.27977628 -0.39736784 996.66 
20150701204328 11.461642 -0.94092125 -4.832696 -0.09254608 -0.12370021 -0.1600467 996.66 
20150701204328 10.516531 1.7830818 -3.5793316 0.110872045 -0.036957346 0.17623462 996.67 
20150701204328 8.605359 2.8221653 -2.5198972 0.12095132 0.2321288 0.48166725 996.67 
20150701204328 6.8049197 2.556409 -2.2307975 -0.0421497 0.37598756 0.72265357 996.67 
20150701204328 5.8029466 2.0614076 -2.5192988 -0.2874121 0.5140431 0.79779 996.67 
20150701204328 5.0302176 0.90620536 -2.7970262 -0.5158757 0.32925636 0.8060367 996.67 
20150701204328 4.8362875 -0.7254431 -2.6162639 -0.70249504 0.0720821 0.8127562 996.67 
20150701204328 5.069722 -2.3439236 -1.9835961 -0.7993172 -0.22540927 0.7846564 996.67 
20150701204328 6.120178 -2.908955 -1.9327193 -0.8594874 -0.3857614 0.7012733 996.67 
20150701204328 7.6027875 -2.5288756 -2.392406 -0.83658 -0.45814893 0.59559363 996.67 
20150701204329 8.960898 -2.1398177 -2.463035 -0.7849618 -0.34972036 0.47647488 996.66 
20150701204329 9.77792 -1.910573 -2.1350293 -0.75686204 -0.27458394 0.30940324 996.66 
20150701204329 10.139444 -1.809418 -1.2982559 -0.72601336 -0.2434298 0.20219639 996.66 
20150701204329 10.0987425 -1.5071499 -0.7757214 -0.64751714 -0.19517145 0.116675265 996.66 
20150701204329 10.360908 -0.6691794 -0.7110779 -0.5723807 -0.06261369 0.111177474 996.66 
20150701204329 10.519524 0.4345476 -0.78649527 -0.5891795 0.1386664 0.18997909 996.66 
20150701204329 11.345523 0.23523031 -1.4323312 -0.6239988 0.3118467 0.21074851 996.66 
20150701204329 11.637017 -2.1571758 -1.1288661 -0.528093 0.32925636 0.15027285 996.66 
20150701204329 11.820772 -4.1623197 -0.6386533 -0.3576616 0.30115658 0.0290161 996.66 
20150701204329 11.348516 -4.9625816 -1.6603789 -0.2049453 0.029626964 0.04550946 996.7 
20150701204329 10.85531 -1.8950106 -6.3272767 -0.03940081 -0.16126843 0.25228736 996.7 
20150701204329 9.992201 -1.5041572 -8.467693 0.07452556 -0.2049453 0.5366451 996.7 
20150701204329 10.904391 0.7637503 -9.682152 0.12858713 -0.16218472 0.6942484 996.7 
20150701204329 13.84507 1.364695 -5.8639984 0.42271876 -0.44959682 0.72234815 996.7 
20150701204329 14.957775 2.1374235 -5.4025164 0.5497787 -0.5897904 0.6908886 996.7 
20150701204329 15.849615 2.4702177 -5.4791307 0.61086524 -0.7171558 0.40653083 996.7 
20150701204329 13.885173 0.19931729 -4.10845 0.50243664 -0.28344148 0.046120327 996.7 
20150701204329 10.078392 -1.5412674 -2.56419 0.2929099 0.30573806 -0.2779437 996.7 
20150701204329 6.5619082 -2.6114755 -1.8614918 0.21655174 0.70066243 -0.6151413 996.7 
20150701204329 5.265448 -3.3596635 -1.2180501 0.3408628 1.2791518 -0.8194757 996.7 
20150701204329 5.0308166 -2.5743654 -0.801459 0.52412236 1.459968 -0.8582657 996.7 
20150701204329 4.7135844 -0.635062 -1.2599486 0.677755 0.93034774 -0.72509706 996.7 
20150701204329 4.610634 1.459266 -1.9333179 0.97066486 0.06811147 -0.59528816 996.7 
20150701204329 4.754286 2.8389246 -1.9015948 1.176221 -0.25778514 -0.58246 996.7 
20150701204329 5.981314 2.767697 -1.8010383 1.2617421 -0.310625 -0.6426302 996.7 
20150701204329 7.5525093 1.8776526 -1.6633717 1.2327261 -0.3100141 -0.6768387 996.7 
20150701204329 9.146449 1.2605472 -1.3078327 1.1685852 -0.21044308 -0.6160576 996.7 
20150701204329 10.199898 1.4867992 -0.6805518 1.074512 -0.17195857 -0.4896085 996.62 
20150701204329 10.307038 1.389834 -0.26276365 0.981355 -0.09101892 -0.25442538 996.62 
20150701204329 10.013748 0.19812019 -0.04129998 0.9016371 0.05100725 -0.13103059 996.62 
20150701204329 9.7563715 -0.7332243 -1.2779051 0.86498517 0.25228736 -0.15088372 996.62 
20150701204329 10.381259 0.75596917 -2.1906946 0.8729264 0.41050145 -0.15882497 996.62 
20150701204329 11.831546 2.8808231 -1.4065934 0.6936375 0.4111123 -0.102319926 996.62 
20150701204329 12.74673 3.459023 -0.61650693 0.46609017 0.3145956 -0.076052725 996.62 
20150701204329 13.9564 4.4298716 -2.731784 0.3286455 0.07391469 -0.20005837 996.62 
20150701204329 15.120581 3.2674868 -6.7564373 0.23884831 -0.055588737 -0.29749137 996.62 
20150701204329 13.639169 -0.30107087 -9.19972 0.15332718 0.01740966 -0.49235737 996.68 
20150701204329 11.301829 -1.8016368 -7.392098 0.12339478 -0.0033597588 -0.7800749 996.68 
20150701204329 10.110714 -2.9173348 -4.830302 -0.014660766 -0.11636983 -0.66553766 996.68 
20150701204329 9.707291 -2.1511903 -2.5103204 -0.06658431 0.11056661 -0.64721173 996.68 
20150701204329 10.062231 0.37708676 -2.60968 0.06169739 0.40775254 -0.3652974 996.68 
20150701204329 10.370484 2.2331917 -2.8095956 0.18295415 0.31398472 -0.11209377 996.68 
20150701204329 10.272921 2.7018566 -2.5360582 0.1908954 0.23884831 0.21135938 996.68 
20150701204329 8.963293 1.5131354 -2.7263973 0.020463986 0.32070425 0.4654793 996.68 
20150701204329 8.483255 0.80086046 -3.2620997 -0.21197024 0.23823744 0.63621616 996.68 
20150701204329 7.3897038 0.24779987 -2.641403 -0.39920044 -0.02565634 0.7629707 996.67 
20150701204329 6.1644707 -0.635062 -2.469619 -0.51068336 -0.17623462 0.78893244 996.67 
20150701204329 4.7500963 -1.3814543 -1.8632874 -0.6435465 -0.3387248 0.68294734 996.67 
20150701204329 4.3119574 -1.7100586 -1.5855601 -0.7330383 -0.16615535 0.5439755 996.67 
20150701204330 5.070919 -1.532289 -1.3431472 -0.7476991 -0.05222898 0.4334089 996.67 
20150701204330 6.991069 -1.407192 -1.1168951 -0.68508536 0.07880162 0.3136793 996.67 
20150701204330 9.585187 -1.6867151 -0.7493851 -0.61178154 -0.0106901415 0.20922135 996.67 
20150701204330 11.153389 -2.544438 -0.16938977 -0.5109888 -0.1908954 0.06963864 996.67 
20150701204330 11.704654 -2.8491 -0.6955156 -0.43463063 -0.4529566 -0.06078109 996.67 
20150701204330 11.395802 -1.8746599 -1.0737995 -0.36651915 -0.5195409 -0.112704635 996.64 
20150701204330 10.758944 -0.31304187 -1.0588357 -0.37568212 -0.20861048 -0.06414085 996.64 
20150701204330 10.241198 1.2156559 -1.3664906 -0.40439278 0.12736541 0.004886922 996.64 
20150701204330 9.705495 0.83976626 -0.8846575 -0.3323107 0.27977628 0.079107046 996.64 
20150701204330 10.7116585 -0.90261406 -0.46447513 -0.1957823 0.3549127 0.03970624 996.64 
20150701204330 10.514136 -2.678513 -1.6741456 -0.12736541 0.2996294 0.038789943 996.64 
20150701204330 10.230424 -2.517503 -5.419874 -0.04886922 0.16615535 0.2855795 996.64 
20150701204330 10.374675 -2.3319526 -6.927024 -0.02443461 -0.15790866 0.47219884 996.64 
20150701204330 9.86471 -0.6679823 -7.645883 -0.020158553 -0.25992316 0.7312057 996.64 
20150701204330 11.664551 2.8293478 -6.2141504 0.09468412 -0.55863625 0.8713993 996.68 
20150701204330 13.467983 3.8959646 -4.2610803 0.16187929 -0.71959925 0.9297369 996.68 
20150701204330 14.841657 3.1974564 -4.028843 0.10476339 -0.78038037 0.71868294 996.68 
20150701204330 15.278598 0.8984242 -3.5122938 0.07971791 -0.6939429 0.41905355 996.68 
20150701204330 13.593678 -1.6573862 -2.834735 -0.12308934 -0.36835176 0.011301007 996.68 
20150701204330 10.185533 -3.1429882 -2.847903 -0.28160888 0.1469131 -0.36254853 996.68 
20150701204330 9.415796 -2.7407625 -2.059612 -0.28527406 0.61850107 -0.6035349 996.68 
