20150701211356 13.309367 1.8890251 -8.858546 0.26450464 -0.21166481 -0.45112398 996.48 
20150701211356 12.449849 0.17298107 -8.902241 0.18967366 -0.9456194 -0.39950588 996.48 
20150701211356 12.9723835 -1.4999673 -7.8703394 -0.33414328 -0.6844745 0.022296581 996.48 
20150701211356 12.308591 -1.5598224 -7.581838 -0.40225476 -0.16249016 0.22174409 996.48 
20150701211356 10.679337 -0.18136078 -6.229713 -0.21105394 0.23762658 0.5039638 996.48 
20150701211356 8.120534 0.024540568 -4.156933 -0.22357668 0.63224554 0.90316427 996.48 
20150701211356 5.6431336 -0.1364695 -3.1693244 -0.44501534 0.8533788 1.0439687 996.48 
20150701211356 4.872799 -1.0905589 -3.37762 -0.711658 0.7761043 1.0354166 996.48 
20150701211356 4.096479 -2.3361423 -2.0458453 -0.95539325 0.5729916 1.0146471 996.42 
20150701211356 2.9412768 -3.1890767 -1.5646108 -1.1472049 0.17654006 0.8875872 996.42 
20150701211356 2.3157916 -3.4410665 -2.5821466 -1.0204504 -0.106595986 0.7825184 996.42 
20150701211356 2.0901382 -3.3039982 -2.4528596 -0.88514376 0.12003502 0.6963864 996.42 
20150701211356 3.0358477 -2.2391772 -2.202067 -0.87689704 0.27763826 0.6273586 996.42 
20150701211356 5.681441 -1.8375498 -1.970428 -0.8549059 0.064751714 0.6282749 996.42 
20150701211356 7.7386584 -1.8680758 -1.8752584 -0.89858276 -0.10751228 0.4981606 996.42 
20150701211356 10.842741 -4.177882 -1.8980033 -0.8848383 -0.21899518 0.41386122 996.42 
20150701211356 12.101493 -4.24492 -3.0699651 -0.86132 -0.06688975 0.4111123 996.42 
20150701211356 12.785636 -3.5655649 -4.0222588 -0.85154617 0.16432275 0.49327368 996.42 
20150701211356 14.312538 -4.911106 -3.0508115 -0.91446525 0.39400807 0.48747048 996.42 
20150701211356 14.0312195 -6.670246 -2.1960814 -0.87872964 0.43310347 0.42149702 996.42 
20150701211356 12.835914 -8.075044 -2.5689783 -0.6795876 0.34116822 0.33933565 996.42 
20150701211356 9.473258 -6.4086795 -6.615778 -0.35277468 0.36651915 0.32742378 996.42 
20150701211356 8.112154 -2.7988217 -9.534908 -0.10781772 0.48716503 0.364992 996.42 
20150701211356 8.450933 -1.797447 -8.249821 -0.086132 0.47250426 0.45662177 996.42 
20150701211356 10.307038 -2.4959552 -5.9627595 -0.047647487 -0.108123146 0.31856623 996.42 
20150701211356 10.579379 -1.9063832 -5.693412 0.31703907 -0.82558435 0.15577064 996.42 
20150701211356 11.944074 -0.64942724 -7.2765775 0.5983425 -0.5644395 0.09315695 996.41 
20150701211356 13.384186 -0.093972415 -6.871359 0.6429357 -0.10415252 -0.020158553 996.41 
20150701211356 12.093113 -0.9056068 -5.5743003 0.29993483 0.22174409 -0.16707164 996.41 
20150701211356 8.661025 -1.2599486 -3.9414546 0.070554934 0.1282817 -0.4025602 996.41 
20150701211356 5.485116 -2.321777 -2.7730842 -0.016798794 0.2770274 -0.7104363 996.41 
20150701211356 5.54557 -2.7377696 -2.1877017 0.006414085 0.62980205 -0.81031275 996.41 
20150701211356 4.673482 -2.5240872 -1.894412 0.160963 0.5519168 -0.63621616 996.41 
20150701211356 4.257489 -1.5556326 -3.067571 0.355829 -0.019242255 -0.50579643 996.41 
20150701211356 4.9972973 -0.09696517 -2.8933928 0.636827 -0.27122417 -0.5867361 996.41 
20150701211356 6.18123 0.44651863 -2.2391772 0.6927212 -0.3680463 -0.7089091 996.39 
20150701211356 7.5375457 0.09816227 -1.5508442 0.66156703 -0.6068946 -0.77518797 996.39 
20150701211356 8.802282 -0.40761283 -1.1671734 0.6469063 -0.5119051 -0.78954333 996.39 
20150701211356 10.532093 -1.1671734 -0.17058687 0.68233645 -0.3173445 -0.7141015 996.39 
20150701211356 11.66515 -1.9985598 -1.3096284 0.8081747 -0.056199603 -0.5714644 996.39 
20150701211357 9.032125 -1.79206 -3.5643678 0.89766645 0.21685717 -0.46517387 996.39 
20150701211357 8.420407 -1.1474211 -3.5703533 0.97035944 0.5314528 -0.32406402 996.39 
20150701211357 10.94629 0.6476316 -3.945046 0.7296785 0.80970186 -0.18448131 996.39 
20150701211357 10.349535 2.1110873 -10.823587 0.40439278 0.6951646 -0.019547688 996.39 
20150701211357 10.755951 2.2158337 -11.288062 0.2507602 0.18234327 -0.093462385 996.41 
20150701211357 13.028647 -0.9498995 -9.512163 -0.23335053 -0.17501289 -0.505491 996.41 
20150701211357 12.455834 -3.6828809 -8.222886 -0.49174652 -0.87689704 -0.52412236 996.41 
20150701211357 13.816938 -6.096236 -7.462128 -0.6420194 -0.47219884 -0.39461896 996.41 
20150701211357 11.975199 -4.9757495 -6.4499793 -0.312763 -0.016187929 -0.14813483 996.41 
20150701211357 10.988189 -2.0057425 -5.3857565 0.22693644 0.51068336 0.20555615 996.41 
20150701211357 8.82802 -0.7703344 -3.590704 0.3549127 0.77763146 0.6417139 996.41 
20150701211357 5.971139 -0.17357962 -1.6370354 0.20830505 0.99173975 0.75961095 996.41 
20150701211357 5.401319 0.29568392 -2.2008698 -0.0027488936 0.8881981 0.70738196 996.41 
20150701211357 4.9919105 -0.52612585 -1.3030443 -0.16218472 0.5308419 0.66737026 996.47 
20150701211357 4.3598413 -1.632247 -1.9997569 -0.39095375 -0.015882496 0.62796944 996.47 
20150701211357 3.4476504 -2.60968 -2.1140802 -0.42332962 -0.29016098 0.64660084 996.47 
20150701211357 3.9731777 -3.233968 -2.5552118 -0.4251622 -0.13194689 0.6808093 996.47 
20150701211357 4.9721584 -3.2956185 -2.243367 -0.37384954 -0.11178834 0.66859204 996.47 
20150701211357 6.0411696 -3.0214825 -1.9117701 -0.39400807 -0.026267206 0.5589417 996.47 
20150701211357 7.6488757 -3.2052376 -1.5053543 -0.46273044 -0.033292156 0.35918877 996.47 
20150701211357 8.999206 -3.7325604 -1.2036849 -0.5503896 -0.09010262 0.28252518 996.47 
20150701211357 10.676344 -2.432509 -1.8680758 -0.7874053 -0.06047566 0.1695151 996.47 
20150701211357 13.4422455 -1.3617022 -2.207454 -0.9334021 0.077579886 0.17562376 996.45 
20150701211357 15.483302 -3.3979707 -1.7142484 -1.0574077 0.172264 0.18692477 996.45 
20150701211357 12.983157 -7.6345105 -1.9243397 -0.8604037 0.13439035 0.14752395 996.45 
20150701211357 9.314043 -9.185953 -4.1533413 -0.57696223 0.12461651 0.24678956 996.45 
20150701211357 6.075287 -6.4900823 -9.113529 -0.24831672 0.3820962 0.47067168 996.45 
20150701211357 7.265205 -4.847061 -7.828441 0.028710667 0.5928447 0.7247916 996.45 
20150701211357 11.026496 -2.878429 -6.3589997 0.31948254 0.1572978 0.72509706 996.45 
20150701211357 12.98196 -2.3600843 -6.0884547 0.73456544 -0.68477994 0.5348125 996.45 
20150701211357 15.006856 -0.9995792 -8.452729 1.0577132 -0.8729264 0.35308012 996.45 
20150701211357 15.995662 -1.377863 -8.421604 1.169807 -1.0375546 0.04337143 996.4 
20150701211357 13.627197 -2.1721394 -6.3548098 0.8573494 -0.56230146 -0.2846632 996.4 
20150701211357 8.758589 -2.0769699 -3.5631707 0.65576386 -0.052534413 -0.52656585 996.4 
20150701211357 5.163096 -1.8608932 -1.4437037 0.43676865 0.47708577 -0.8729264 996.4 
20150701211357 2.7832594 -2.086547 -0.46208093 0.32528573 0.98868537 -0.9431759 996.4 
20150701211357 1.8974048 -1.560421 -0.51235914 0.3454443 0.93401295 -0.89644474 996.4 
20150701211357 1.5143325 -0.31124622 -1.2425907 0.46609017 0.6542367 -0.7846564 996.4 
20150701211357 2.4887726 1.1641805 -2.143409 0.63591075 -0.051618114 -0.70554936 996.4 
20150701211357 4.559757 1.3281834 -2.0937295 0.6872234 -0.6243043 -0.8368854 996.4 
20150701211357 7.5207863 0.28191724 -1.5245079 0.6401868 -1.074512 -0.9773844 996.48 
20150701211357 9.458294 -0.7254431 -1.073201 0.56230146 -1.2238685 -1.0763446 996.48 
20150701211357 11.965622 -0.6835446 -1.4047978 0.54336464 -1.0714576 -0.9630291 996.48 
20150701211357 13.066955 -0.79846627 -1.9812019 0.6606508 -0.61422503 -0.74464476 996.48 
20150701211357 12.617443 -2.6366146 -3.650559 0.9297369 -0.33414328 -0.5204572 996.48 
20150701211357 10.67395 -4.173692 -3.8031895 1.2330315 -0.006414085 -0.4615087 996.48 
20150701211357 11.125257 -2.8299465 -1.9925743 1.1667526 0.2950479 -0.35155296 996.48 
20150701211357 13.247118 -0.027533319 -0.55006784 0.93645644 0.37751472 -0.2574797 996.48 
20150701211357 8.4347725 1.5753847 -7.766192 0.65393126 0.30695978 -0.28863382 996.48 
20150701211358 7.383718 3.3153708 -14.083892 0.57757306 0.13652839 -0.27672195 996.45 
20150701211358 12.9723835 0.98940384 -10.617686 0.22632557 0.06872234 -0.4202753 996.45 
20150701211358 12.869432 -2.3223755 -9.46847 -0.19272798 -0.7165449 -0.66950834 996.45 
20150701211358 14.596849 -6.133945 -9.570223 -0.47525316 -1.106277 -0.7370089 996.45 
20150701211358 14.207192 -5.3324857 -7.979874 -0.4334089 -0.6236934 -0.29168814 996.45 
20150701211358 11.605893 -1.9249382 -5.943606 -0.129198 -0.040927973 0.06841691 996.45 
20150701211358 8.534132 0.39444473 -4.0958805 0.07574729 0.2968805 0.6933321 996.45 
20150701211358 5.693412 0.75237787 -2.1176715 -0.022296581 0.7528914 0.98654735 996.45 
20150701211358 4.0797195 1.8285716 -0.8110358 -0.30879238 1.0231993 1.0045679 996.45 
20150701211358 2.6162639 1.1336545 -1.6208745 -0.47250426 0.8472701 0.9825767 996.47 
20150701211358 1.9620483 -0.39264908 -1.75076 -0.6462954 0.47433686 0.9944886 996.47 
20150701211358 2.12246 -1.8495208 -2.3600843 -0.9682214 0.076052725 1.0036516 996.47 
20150701211358 2.4073699 -2.825158 -2.4516625 -1.0925325 -0.29535335 1.0042624 996.47 
20150701211358 3.9755719 -3.3979707 -2.6689363 -1.1383474 -0.408058 0.9947941 996.47 
20150701211358 6.4805055 -3.9863458 -2.510919 -1.1285735 -0.5635232 0.8958339 996.47 
20150701211358 9.085996 -4.7866077 -1.99437 -1.0858129 -0.6081163 0.7180721 996.47 
20150701211358 10.918159 -6.489484 -2.3241713 -1.0604621 -0.58246 0.5183192 996.47 
20150701211358 11.841722 -7.6865845 -3.681085 -0.9804387 -0.33444872 0.31398472 996.47 
20150701211358 12.974777 -5.66947 -4.6459484 -0.9447031 0.101098195 0.27458394 996.45 
20150701211358 13.369821 -4.210802 -3.5913026 -0.92087936 0.40286562 0.20463985 996.45 
20150701211358 12.86644 -3.9773676 -1.5915456 -0.6401868 0.45142943 0.03726278 996.45 
20150701211358 11.226412 -6.6732388 -0.682946 -0.19272798 0.5412266 -0.0125227375 996.45 
20150701211358 8.869919 -6.5505357 -5.613206 0.065973446 0.6957755 0.19272798 996.45 
20150701211358 7.441777 -1.9877859 -11.467029 0.19608775 0.4596761 0.36774087 996.45 
20150701211358 9.074024 -1.0839748 -7.7464395 -0.046731193 0.19547687 0.64721173 996.45 
20150701211358 10.692505 -3.1986535 -6.2542534 0.3576616 -0.7623598 0.3912592 996.45 
20150701211358 12.886192 -2.718616 -7.7266874 0.9379836 -1.056186 0.13072516 996.45 
20150701211358 15.573085 -3.2381577 -8.316858 1.2589933 -0.6988298 -0.014049901 996.37 
20150701211358 15.532982 -3.0974984 -7.787141 1.2250903 -0.39828414 -0.12370021 996.37 
20150701211358 12.299014 -1.9111716 -5.9172697 1.0189233 -0.10903945 -0.35338554 996.37 
20150701211358 7.315483 -1.3664906 -3.7762547 0.9049969 0.31520647 -0.6365216 996.37 
20150701211358 6.3991027 -0.9528923 -2.2816741 0.8002335 0.8564331 -0.850019 996.37 
20150701211358 4.9428296 -0.61171854 -0.7577648 0.62796944 1.3261884 -1.0030408 996.37 
20150701211358 2.9352913 -0.29867667 -0.3597288 0.5742133 0.94225967 -0.72234815 996.37 
20150701211358 1.4921862 0.3854665 -1.1593921 0.6417139 0.102319926 -0.57543504 996.37 
20150701211358 1.5574282 0.83378077 -1.6747441 0.70554936 -0.051618114 -0.5748242 996.37 
20150701211358 2.5617957 0.17417817 -1.9063832 0.7657196 -0.076358154 -0.6835582 996.39 
20150701211358 4.4262805 -0.8888474 -1.8411411 0.90133166 -0.45265114 -0.8155051 996.39 
20150701211358 7.289147 -1.5227122 -1.3425486 1.0424415 -0.8014552 -0.84116143 996.39 
20150701211358 10.530896 -0.8655039 -1.2970588 1.2220359 -0.8735373 -0.82619524 996.39 
20150701211358 12.565968 -0.8750807 -1.3652935 1.4193454 -0.7724391 -0.7302894 996.39 
20150701211358 12.433089 -3.1028855 -3.5452142 1.5677856 -0.58184916 -0.71685034 996.39 
20150701211358 12.905944 -3.6457705 -4.4903255 1.7757853 -0.39858958 -0.74464476 996.39 
20150701211358 14.626777 -1.009156 -2.7287915 1.5393804 -0.28405234 -0.6047566 996.39 
20150701211358 14.4849205 1.3694834 -0.7170634 0.95905846 -0.30848694 -0.46639562 996.39 
20150701211358 11.07019 2.4139538 -4.563947 0.711658 -0.014660766 -0.49174652 996.45 
20150701211358 7.1425023 4.8021703 -13.226768 0.61117065 0.40958515 -0.47800204 996.45 
20150701211358 11.768699 2.420538 -11.350311 0.30879238 0.62980205 -0.29779682 996.45 
20150701211358 12.896966 -1.8884265 -7.6428905 -0.22052236 -0.10842858 -0.40317106 996.45 
20150701211358 13.684658 -4.662708 -9.021951 -0.34422258 -0.79534656 -0.27397305 996.45 
20150701211359 14.119804 -4.9494133 -7.968502 -0.44501534 -0.3115413 0.03848451 996.45 
20150701211359 11.452663 -1.7824832 -6.2099605 -0.27855456 0.14935656 0.2761111 996.45 
20150701211359 7.841609 -0.338181 -3.518878 -0.12980886 0.45020768 0.5366451 996.45 
20150701211359 4.993108 -0.24241292 -1.2689269 -0.14569137 0.95356065 0.9086621 996.45 
20150701211359 3.3051953 0.92416185 -1.0594343 -0.30787608 1.3313808 0.98471475 996.41 
20150701211359 2.7994204 -0.089782566 -1.8261774 -0.49235737 0.8555168 0.9819659 996.41 
20150701211359 1.5286977 -1.1593921 -1.8243817 -0.67073005 0.23518312 1.047023 996.41 
20150701211359 0.5201403 -1.8016368 -3.0627825 -0.9324858 -0.17531833 1.0497719 996.41 
20150701211359 1.5676036 -1.6136919 -3.7984009 -1.0531317 -0.38545597 1.0238101 996.41 
20150701211359 3.8391025 -1.6436194 -3.064578 -1.1227703 -0.20189096 1.0589349 996.41 
20150701211359 7.1820064 -2.112883 -1.6699557 -1.2299771 -0.30879238 0.89461213 996.41 
20150701211359 10.653599 -3.8672342 -1.5825673 -1.2012665 -0.5027421 0.6401868 996.41 
20150701211359 11.786655 -6.0303955 -1.7770962 -1.2370021 -0.3866777 0.4447099 996.41 
20150701211359 12.849681 -5.7825956 -2.3834279 -1.2889256 0.0571159 0.40103304 996.38 
20150701211359 14.21258 -4.7321396 -2.6569653 -1.219287 0.33414328 0.5119051 996.38 
20150701211359 13.538013 -5.5282116 -1.7076644 -0.906524 0.5546656 0.47891834 996.38 
20150701211359 11.632229 -7.1688385 -0.7577648 -0.5665775 0.63285637 0.29016098 996.38 
20150701211359 9.411607 -9.43076 -1.1797429 -0.19028452 0.6047566 0.22204952 996.38 
20150701211359 6.758233 -8.626907 -7.2873516 0.09621128 0.5290093 0.22999077 996.38 
20150701211359 7.9272017 -4.0216603 -9.043498 0.22479841 0.29535335 0.2968805 996.38 
20150701211359 10.744578 -1.5777789 -8.733449 0.18020524 -0.4978552 0.3585779 996.38 
20150701211359 13.748105 0.0724246 -8.450933 0.47739118 -1.3261884 0.36468655 996.38 
20150701211359 15.052346 0.5650316 -9.630676 0.9251554 -1.5851953 0.3924809 996.34 
20150701211359 15.977106 -0.5243302 -8.705916 1.047023 -1.105666 0.26083946 996.34 
20150701211359 12.126033 -2.023699 -5.5760956 0.79076505 -0.41386122 0.10720685 996.34 
20150701211359 6.6103907 -2.3451207 -3.0107086 0.4896085 0.23335053 -0.18020524 996.34 
20150701211359 3.2650926 -3.0101101 -1.5095441 0.41630468 1.1468995 -0.5012149 996.34 
20150701211359 3.4727895 -3.3931823 -0.9415198 0.37293324 1.4856243 -0.74097955 996.34 
20150701211359 2.392406 -3.0603883 -0.29747957 0.30665436 1.3454307 -0.9007208 996.34 
20150701211359 2.2936451 -1.5562311 -1.4041992 0.33078352 0.6426302 -0.7831292 996.34 
20150701211359 3.086126 0.50637364 -2.1751323 0.5177083 -0.419359 -0.82772243 996.34 
20150701211359 4.71538 1.721431 -1.9267339 0.6230826 -0.79412484 -0.926988 996.4 
20150701211359 7.6015906 1.1923125 -1.7872716 0.72173727 -1.0821478 -1.0671816 996.4 
20150701211359 9.503185 0.4249708 -1.2389994 0.9459248 -1.2205088 -0.94897914 996.4 
20150701211359 11.000758 -0.31184477 -1.5310919 1.0760391 -1.0128145 -0.77396625 996.4 
20150701211359 12.302007 -0.8936358 -1.8339585 1.181108 -0.44073927 -0.5983425 996.4 
20150701211359 11.89619 -1.572392 -2.8125885 1.2318097 -0.09865474 -0.48380527 996.4 
20150701211359 10.593744 -2.271499 -3.1543608 1.2089024 0.22785273 -0.49938235 996.4 
20150701211359 11.869853 -0.28072014 -1.910573 1.0137309 0.5488624 -0.42546764 996.4 
20150701211359 12.642582 1.4826094 -0.18914193 0.57696223 0.6105598 -0.21044308 996.4 
20150701211359 9.116522 1.8543092 -5.2199583 0.2489276 0.4633413 -0.17837265 996.44 
20150701211359 6.8366427 2.956839 -13.32912 0.18661933 0.24953845 -0.26633725 996.44 
20150701211359 12.740146 1.13964 -11.65677 -0.042455133 0.10293079 -0.29779682 996.44 
20150701211359 14.706983 -3.1370027 -9.415796 -0.54275376 -0.4538729 -0.59803706 996.44 
20150701211359 15.327081 -5.6604915 -10.619482 -0.7901542 -0.95539325 -0.5644395 996.44 
20150701211359 14.821904 -6.208165 -9.275137 -0.743423 -0.6215554 -0.2968805 996.44 
20150701211359 11.523891 -2.2505496 -7.149685 -0.51893 0.087964594 0.08735373 996.44 
20150701211359 8.962095 0.07062895 -4.3783965 -0.226631 0.6188065 0.61117065 996.44 
20150701211359 4.939238 0.23403321 -1.0217255 -0.24465153 1.0726794 0.90377516 996.44 
20150701211359 3.2154129 0.8726865 -0.31364042 -0.39858958 1.1771374 0.89461213 996.43 
20150701211359 2.712032 -0.2741361 -1.4808137 -0.62125 0.9618073 0.87689704 996.43 
20150701211400 2.156577 -1.7328035 -1.553837 -0.84940815 0.30787608 0.87017757 996.43 
20150701211400 1.3383588 -2.5091233 -2.2164323 -1.0164797 -0.3231477 0.9074403 996.43 
20150701211400 1.714847 -2.6821043 -2.7898436 -0.9789116 -0.7247916 0.95233893 996.43 
20150701211400 4.1066546 -2.712032 -3.1483753 -0.838718 -0.59986967 1.0418307 996.43 
20150701211400 6.7241154 -3.0945058 -2.2068555 -0.7715228 -0.56199604 0.929126 996.43 
20150701211400 9.619304 -3.681085 -2.4349031 -0.7987063 -0.70341134 0.7360926 996.43 
20150701211400 11.326968 -4.0695443 -2.296638 -0.86834496 -0.6948592 0.5992588 996.43 
20150701211400 12.689269 -3.3626564 -4.299388 -1.0858129 -0.33322698 0.43768495 996.37 
20150701211400 14.507666 -2.8790276 -5.032612 -1.1801916 0.204029 0.41233405 996.37 
20150701211400 15.462353 -4.398747 -3.2429461 -1.1194105 0.5656612 0.36713 996.37 
20150701211400 13.663111 -6.63553 -1.328782 -0.77549344 0.64476824 0.29443705 996.37 
20150701211400 10.396821 -8.859145 -1.4305356 -0.4728097 0.9388999 0.30818152 996.37 
20150701211400 6.3607955 -7.9188223 -5.8909335 -0.25900686 1.0207558 0.34147367 996.37 
20150701211400 6.1076083 -4.598663 -9.295488 0.01282817 0.9401216 0.43493605 996.37 
20150701211400 8.297106 -2.1583729 -8.647258 0.11178834 0.43554693 0.64934975 996.37 
20150701211400 11.21085 -1.4915876 -6.0022635 0.42363504 -0.9776898 0.4822781 996.37 
20150701211400 13.779828 -0.23044191 -8.304887 0.7675522 -1.491122 0.34666604 996.41 
20150701211400 18.273146 0.6847417 -10.045472 1.1523973 -1.3249667 0.17928895 996.41 
20150701211400 17.594988 -1.4700398 -9.006389 0.8145888 -0.7467828 -0.09712757 996.41 
20150701211400 13.226169 -3.1280246 -6.1967926 0.50671273 -0.3155119 -0.46731192 996.41 
20150701211400 6.3500214 -3.0801406 -2.8006175 0.5271767 0.6236934 -0.66798115 996.41 
20150701211400 2.883816 -4.3502645 -1.1330559 0.5674938 1.4370605 -0.87109387 996.41 
20150701211400 2.4277205 -2.9532478 0.025737667 0.70738196 1.7116444 -0.9575313 996.41 
20150701211400 1.204882 -1.6747441 -0.8218097 0.77640975 1.2183707 -0.8081747 996.41 
20150701211400 1.2826935 0.6326678 -2.1733365 0.95142263 0.28130344 -0.6533204 996.41 
20150701211400 2.6042929 2.5498247 -2.2146366 1.1001683 -0.4196644 -0.7809912 996.4 
20150701211400 4.380192 2.0679917 -1.9752164 1.112691 -0.78801614 -0.93554014 996.4 
20150701211400 6.841431 0.7356185 -1.4550761 1.1383474 -1.0473285 -0.98715824 996.4 
20150701211400 9.602545 0.054468088 -1.0995371 1.2220359 -1.0152581 -0.8723156 996.4 
20150701211400 12.316372 0.062249243 -1.1390414 1.210735 -0.850019 -0.6759224 996.4 
20150701211400 13.319543 -1.0480618 -2.5480292 1.1731668 -0.54000485 -0.5323691 996.4 
20150701211400 13.359047 -1.9877859 -4.173094 1.1829406 -0.3491095 -0.5143485 996.4 
20150701211400 12.838906 -2.5019407 -3.4165258 1.1349876 -0.011911872 -0.46853364 996.4 
20150701211400 13.460202 0.008379706 -2.1045034 0.68691796 0.19517145 -0.30085114 996.4 
20150701211400 12.24275 0.98461545 -3.0352492 0.36254853 0.33444872 -0.21838433 996.39 
20150701211400 9.070433 2.3229742 -10.185533 0.2003638 0.34483343 -0.2657264 996.39 
20150701211400 11.299435 0.9720459 -11.071387 -0.02565634 0.45112398 -0.364992 996.39 
20150701211400 12.955624 -1.7345991 -8.94773 -0.30268374 -0.07544186 -0.27885997 996.39 
20150701211400 12.3594675 -3.7666779 -8.491036 -0.3998113 -0.94134337 -0.25045475 996.39 
20150701211400 13.489531 -5.7305217 -8.759187 -0.62980205 -0.6435465 -0.2049453 996.39 
20150701211400 12.955026 -4.6399627 -6.9090676 -0.5039638 0.045814894 -0.122478485 996.39 
20150701211400 10.427945 -1.3844471 -4.857237 -0.23823744 0.3652974 0.0870483 996.39 
20150701211400 7.903858 0.36750996 -2.9352913 0.03176499 0.6759224 0.64599 996.39 
20150701211400 6.096236 0.44711718 -1.5197195 -0.022296581 0.947452 0.91232723 996.43 
20150701211400 4.462792 0.8714894 -1.1444284 -0.21685717 0.81153446 0.9642508 996.43 
20150701211400 3.570952 -0.3693056 -1.6065093 -0.321926 0.18845193 0.9966267 996.43 
20150701211400 1.6879122 -1.9877859 -2.110489 -0.6056729 -0.064446285 0.99173975 996.43 
20150701211400 1.3718776 -2.3301568 -2.6779146 -0.7623598 -0.26419923 0.9016371 996.43 
20150701211400 3.1471782 -3.1010897 -2.8245595 -0.7480045 -0.15302174 0.88117313 996.43 
20150701211401 5.671265 -3.5212722 -1.8237832 -0.6789767 -0.09040806 0.816116 996.43 
20150701211401 7.7811556 -3.7074213 -1.2096704 -0.6407976 -0.17989981 0.5830709 996.43 
20150701211401 10.221446 -4.540005 -1.3862427 -0.5742133 -0.29260445 0.3894266 996.43 
20150701211401 11.43351 -4.809353 -1.8249803 -0.6215554 -0.06658431 0.32803464 996.46 
20150701211401 13.132795 -3.086126 -3.6595373 -0.75777835 0.15363261 0.31490102 996.46 
20150701211401 13.949816 -2.428319 -3.454833 -0.8912524 0.3399465 0.32528573 996.46 
20150701211401 13.725958 -4.0797195 -2.2176294 -0.80878556 0.35521814 0.26175576 996.46 
20150701211401 12.536638 -7.0048356 -1.0253168 -0.627664 0.3481932 0.23823744 996.46 
20150701211401 10.102334 -9.2069025 -2.1757307 -0.4877759 0.44593164 0.27947086 996.46 
20150701211401 6.4607534 -6.4583592 -7.6201453 -0.20616703 0.4129449 0.43676865 996.46 
20150701211401 5.505467 -4.4645877 -10.141838 -0.054061573 0.37201694 0.56107974 996.46 
20150701211401 9.803059 -2.557606 -8.821436 -0.061086524 0.17623462 0.6805039 996.46 
20150701211401 13.371018 -2.219425 -6.7534447 0.4089743 -1.0564915 0.5290093 996.37 
20150701211401 16.49186 -0.2681506 -8.573038 0.88361657 -1.5632042 0.3827071 996.37 
20150701211401 18.714277 0.4165911 -9.443929 1.0198395 -1.2357804 0.2574797 996.37 
20150701211401 15.282189 -1.3210008 -7.579444 0.7473936 -0.7449502 -0.035430185 996.37 
20150701211401 9.252991 -2.2170308 -4.1718965 0.38087448 0.05100725 -0.3753767 996.37 
20150701211401 5.318719 -2.4037786 -1.9357121 0.2406809 0.92087936 -0.6218608 996.37 
20150701211401 3.6326025 -2.7126305 -0.2896984 0.23884831 1.4761559 -0.7305948 996.37 
20150701211401 2.2038627 -2.7670987 0.059855044 0.34116822 1.3826935 -0.61361414 996.37 
20150701211401 1.4544775 -1.7280151 -0.66858083 0.4288274 0.6261369 -0.4841107 996.37 
20150701211401 2.0165164 0.4950012 -2.0871453 0.4914411 -0.040317107 -0.50793445 996.32 
20150701211401 3.7654808 2.1296425 -1.8249803 0.54092115 -0.3549127 -0.66675943 996.32 
20150701211401 6.27221 0.93613285 -1.365892 0.6133087 -0.64965516 -0.86742866 996.32 
20150701211401 8.556278 -0.48841715 -0.61530983 0.7171558 -0.883922 -0.9450085 996.32 
20150701211401 10.733206 -0.96905315 -1.1115081 0.8026769 -0.8576548 -0.91751957 996.32 
20150701211401 12.761095 -1.4209588 -1.6023195 0.9923506 -0.6450737 -0.6988298 996.32 
20150701211401 12.993333 -3.1435869 -2.9999347 1.1117748 -0.2855795 -0.49449542 996.32 
20150701211401 12.430097 -4.2036195 -3.256713 1.2034045 -0.06414085 -0.45234573 996.32 
20150701211401 13.418902 -2.1374235 -2.1894975 1.2208142 0.1337795 -0.44165558 996.32 
20150701211401 13.324929 0.1364695 -1.2132617 0.8772025 0.2938262 -0.33322698 996.4 
20150701211401 11.279084 0.9151836 -4.8823757 0.52931476 0.22266038 -0.26145032 996.4 
20150701211401 9.482236 3.3680432 -11.641207 0.35002577 0.09773844 -0.34300083 996.4 
20150701211401 11.801619 1.9710265 -9.071032 -0.13408493 0.08552113 -0.4428773 996.4 
20150701211401 12.347497 -0.9032126 -8.47308 -0.59406644 -0.42455134 -0.5888741 996.4 
20150701211401 12.216414 -3.7068229 -8.917204 -0.54275376 -0.9126327 -0.4569272 996.4 
20150701211401 13.511678 -4.8482585 -8.281544 -0.6795876 -0.46609017 -0.26908615 996.4 
20150701211401 12.177508 -3.7858315 -7.73806 -0.5207626 0.32834008 -0.026267206 996.4 
20150701211401 11.134235 -1.0450691 -5.2678423 -0.20372356 0.38912117 0.45906523 996.4 
20150701211401 8.08462 -0.054468088 -3.5045128 -0.18600847 0.57726765 0.8906415 996.44 
20150701211401 5.6868277 0.061052144 -1.774702 -0.2648101 0.5448918 1.1362094 996.44 
20150701211401 3.9270895 0.58657944 -1.4730326 -0.5180137 0.6392705 1.110553 996.44 
20150701211401 3.0358477 -0.026934769 -1.7357962 -0.763887 0.3915646 1.0491611 996.44 
20150701211401 2.2296004 -1.0456676 -1.9500773 -0.97249746 0.1777618 1.0155635 996.44 
20150701211401 0.88525605 -1.632247 -1.9303252 -1.10139 -0.021685716 0.9584476 996.44 
20150701211401 2.304419 -2.7168205 -2.846706 -1.0033462 -0.17715092 0.9202685 996.44 
20150701211401 5.4408236 -4.136582 -1.5933412 -0.86315256 -0.13683382 0.8894198 996.44 
20150701211401 7.639898 -4.736928 -1.4395138 -0.7993172 -0.2706133 0.655153 996.44 
20150701211401 9.623494 -5.553351 -1.6986861 -0.6612616 -0.49205196 0.52320606 996.41 
20150701211401 11.2689085 -5.412093 -2.9376855 -0.6939429 -0.25870144 0.38423425 996.41 
20150701211401 12.846687 -2.825158 -3.9719806 -0.7440339 0.007330383 0.28313604 996.41 
20150701211402 14.701595 -2.0787656 -3.4685998 -0.8491027 0.19853121 0.23945917 996.41 
20150701211402 15.011046 -3.8881836 -1.6346412 -0.8063421 0.35430184 0.17989981 996.41 
20150701211402 13.148357 -6.9306154 -1.1408371 -0.6383542 0.5009095 0.17684549 996.41 
20150701211402 10.620679 -8.38629 -3.0783448 -0.43371433 0.6123924 0.23732115 996.41 
20150701211402 7.4166384 -7.233482 -7.948151 -0.26083946 0.6197228 0.35735616 996.41 
20150701211402 6.863578 -5.6161985 -9.476251 -0.021685716 0.44165558 0.54305923 996.41 
20150701211402 7.7266874 -2.846706 -8.243237 0.11301007 -0.03634648 0.6047566 996.42 
20150701211402 10.292074 -2.9011738 -6.38354 0.5534439 -0.81183994 0.43188173 996.42 
20150701211402 13.412916 -1.7908629 -8.231864 1.0543534 -1.212262 0.26847526 996.42 
20150701211402 17.722479 -0.9139865 -9.5492735 1.3961325 -0.97097033 0.0106901415 996.42 
20150701211402 16.593613 -1.0289081 -8.365939 1.2556335 -0.73426 -0.28099802 996.42 
20150701211402 11.54903 -1.6813282 -5.382764 0.9211848 -0.5006041 -0.6933321 996.42 
20150701211402 5.391144 -1.7615339 -2.7754784 0.8436049 0.23243423 -0.9242391 996.42 
20150701211402 2.6420016 -2.4498668 -1.0450691 0.840856 1.2064588 -1.0384709 996.42 
20150701211402 2.554613 -2.2667105 -0.41060558 0.8078693 1.382999 -1.0714576 996.42 
20150701211402 1.3311762 -1.3748703 -0.13108255 0.80970186 0.9502009 -0.8170323 996.42 
20150701211402 1.3509283 0.3477578 -1.5837644 0.93523467 0.038789943 -0.68386364 996.42 
20150701211402 2.40318 2.2613235 -1.7675194 0.9975429 -0.38728857 -0.7165449 996.42 
20150701211402 4.611831 2.6839 -1.5592239 0.945314 -0.64873886 -0.77457714 996.42 
20150701211402 8.078036 1.5711949 -0.14844051 0.86651236 -0.90102625 -0.79504114 996.42 
20150701211402 11.09114 -0.3513491 -0.8900445 0.8145888 -0.8527679 -0.7648033 996.42 
20150701211402 12.033856 -1.3311762 -2.0057425 0.8344419 -0.5155703 -0.68875057 996.42 
20150701211402 13.338098 -3.6721067 -3.982156 0.86315256 -0.15149458 -0.59559363 996.42 
20150701211402 14.583082 -3.301604 -3.401562 0.95325524 0.061086524 -0.40958515 996.42 
20150701211402 14.871584 -2.296638 -2.0332758 0.9129381 0.019242255 -0.32467487 996.39 
20150701211402 14.413692 1.0534488 -0.99658644 0.7266242 0.06811147 -0.3866777 996.39 
20150701211402 11.581352 1.4275428 -2.681506 0.45540005 0.2883284 -0.3213151 996.39 
20150701211402 8.010401 2.995745 -9.503783 0.38240165 0.3463606 -0.13500121 996.39 
20150701211402 9.331401 1.1073183 -9.935937 0.31856623 0.47678033 -0.0720821 996.39 
20150701211402 12.045827 -2.92751 -9.241618 0.12003502 0.10415252 -0.074830994 996.39 
20150701211402 12.847286 -5.024831 -8.778939 -0.04184427 -0.7480045 -0.07849618 996.39 
20150701211402 14.042591 -5.069722 -8.445546 -0.3371976 -0.5861252 -0.01863139 996.39 
20150701211402 12.938865 -3.6206315 -6.655282 -0.42760566 -0.113926366 0.13897185 996.39 
20150701211402 10.526707 -1.0097545 -4.805163 -0.3933972 0.1001819 0.23548855 996.4 
20150701211402 7.149685 -0.30286652 -3.0184898 -0.25686884 0.46853364 0.571159 996.4 
20150701211402 4.413711 -0.021547815 -1.5251064 -0.22021692 0.904386 0.7761043 996.4 
20150701211402 3.3871968 -0.6063316 -1.4790181 -0.28985557 1.0442741 0.9627236 996.4 
20150701211402 2.3169887 -1.4173675 -0.7727286 -0.45631635 0.6826419 1.0137309 996.4 
20150701211402 1.6992847 -1.7351977 -1.7537527 -0.59650993 0.032986723 0.9767735 996.4 
20150701211402 1.2240356 -1.678934 -1.9434932 -0.6951646 -0.31856623 0.88606006 996.4 
20150701211402 2.942474 -2.4720132 -2.5761611 -0.7602218 -0.35338554 0.75625116 996.4 
20150701211402 4.7620673 -3.5871127 -2.3056161 -0.80878556 -0.39920044 0.57910025 996.4 
20150701211402 6.8408327 -3.8606503 -1.7669208 -0.83108217 -0.5739079 0.39095375 996.4 
20150701211402 9.553463 -4.9787426 -1.567005 -0.8222246 -0.50885075 0.24648413 996.4 
20150701211402 12.851476 -5.00867 -2.3810337 -0.8313876 -0.2574797 0.18020524 996.4 
20150701211402 14.698004 -2.606687 -3.6326025 -0.8240572 0.08093964 0.25289822 996.4 
20150701211402 15.066711 -2.4253263 -3.2261868 -0.81061816 0.36377025 0.38545597 996.4 
20150701211402 14.060548 -5.325303 -2.31639 -0.6936375 0.441961 0.38973203 996.4 
20150701211402 11.942877 -8.130709 -1.6418238 -0.5412266 0.5497787 0.27977628 996.4 
20150701211402 8.50181 -8.698134 -2.9658175 -0.4981606 0.6808093 0.2773328 996.4 
20150701211403 5.4767365 -6.1979895 -7.615956 -0.36896262 0.61819565 0.3222314 996.4 
20150701211403 5.4803276 -3.5230677 -8.287529 -0.110872045 0.5164866 0.453262 996.35 
20150701211403 8.714894 -2.1027076 -6.9228344 -0.027183503 0.03390302 0.47433686 996.35 
20150701211403 11.750143 -2.1230583 -5.8334723 0.30207285 -1.0235047 0.36987892 996.35 
20150701211403 15.027805 -0.9911995 -7.9289975 0.799928 -1.3435981 0.2959642 996.35 
20150701211403 18.636467 -0.08379706 -9.536105 1.0412198 -1.3093897 0.16768251 996.35 
20150701211403 16.827646 -1.839944 -7.9391727 0.90408057 -0.84513205 -0.025961773 996.35 
20150701211403 10.276512 -2.2092497 -4.84347 0.4868596 -0.37598756 -0.3631594 996.35 
20150701211403 5.477335 -2.521693 -2.40318 0.2669481 0.5021312 -0.6927212 996.35 
20150701211403 4.249708 -3.0292637 -0.88046765 0.22937989 1.5317446 -0.8341365 996.35 
20150701211403 3.0005333 -2.734777 0.04129998 0.29810223 1.5008959 -0.7849618 996.44 
20150701211403 1.99437 -1.6023195 -0.7080852 0.46486846 0.9728029 -0.59498274 996.44 
20150701211403 1.9542671 -0.16460137 -1.5735891 0.6597345 0.21533 -0.52106804 996.44 
20150701211403 3.0041246 1.3628993 -1.3174095 0.72387534 -0.092240654 -0.623388 996.44 
20150701211403 5.032612 1.3072342 -1.2216414 0.70524395 -0.5656612 -0.77366084 996.44 
20150701211403 7.495647 0.10654198 -0.51954174 0.68416905 -0.7611381 -0.9104946 996.44 
20150701211403 9.911995 -1.1186907 -0.8690952 0.75625116 -0.8231409 -0.9083566 996.44 
20150701211403 11.687296 -2.315193 -1.7160441 0.9184359 -0.711658 -0.8399397 996.44 
20150701211403 12.044032 -3.721188 -4.2904096 1.104139 -0.52381694 -0.7348709 996.44 
20150701211403 13.339893 -2.1242554 -3.9067385 1.3185526 -0.3915646 -0.6078109 996.41 
20150701211403 14.64593 0.664391 -2.4768016 1.2492194 -0.23396139 -0.38148534 996.41 
20150701211403 13.51886 1.7465701 -1.3748703 0.9272934 -0.021685716 -0.22082779 996.41 
20150701211403 9.745598 1.9596541 -4.2981906 0.56107974 0.036651913 -0.18661933 996.41 
20150701211403 6.4631476 3.6685154 -9.885659 0.35430184 0.29657507 -0.21135938 996.41 
20150701211403 9.872491 1.3210008 -9.382876 0.13988814 0.44348818 -0.15577064 996.41 
20150701211403 12.679692 -2.4594438 -7.631518 -0.20341812 0.1994475 -0.20005837 996.41 
20150701211403 13.636774 -5.6239796 -8.974067 -0.5164866 -0.535118 -0.3484986 996.41 
20150701211403 14.709376 -6.877943 -9.091981 -0.6169739 -0.66248333 -0.19364429 996.41 
20150701211403 12.609662 -4.5938745 -7.077859 -0.5384777 -0.099571034 0.008857546 996.4 
20150701211403 10.125079 -1.1312603 -4.39755 -0.2302962 0.007941248 0.31581733 996.4 
20150701211403 6.75524 0.7433996 -2.0009542 -0.14202617 0.5152648 0.6743952 996.4 
20150701211403 4.326921 1.8495208 -0.23942018 -0.21899518 0.9801333 0.8698721 996.4 
20150701211403 3.514688 0.90740246 -1.1611878 -0.19547687 0.95478237 0.9611965 996.4 
20150701211403 2.167351 -0.32621 -0.96785605 -0.34269542 0.7058548 1.0189233 996.4 
20150701211403 1.4311341 -1.6286557 -1.8698715 -0.6646214 0.1600467 1.03786 996.4 
20150701211403 1.7669208 -2.5959132 -2.5582044 -0.8237518 -0.3115413 1.02717 996.4 
20150701211403 3.2944214 -3.2255883 -2.4366987 -0.9034697 -0.34391713 0.9673051 996.4 
20150701211403 5.749077 -3.9228995 -2.2900538 -0.94714653 -0.4905248 0.75686204 996.39 
20150701211403 8.995614 -4.859631 -1.8118122 -0.91721416 -0.5925393 0.5012149 996.39 
20150701211403 11.6669445 -5.94181 -1.4269443 -0.9068295 -0.55924714 0.36926803 996.39 
20150701211403 12.6778965 -5.157709 -2.9251158 -0.96974856 -0.36713 0.20708331 996.39 
20150701211403 14.45619 -3.5482068 -4.1305966 -0.93828905 0.13500121 0.20799962 996.39 
20150701211403 14.547768 -3.0268695 -3.2435448 -0.8775079 0.46303585 0.18142697 996.39 
20150701211403 12.120646 -5.8520274 -1.4449008 -0.63285637 0.46120325 0.14905111 996.39 
20150701211403 10.535086 -7.351396 -3.3195608 -0.46853364 0.5222898 0.22266038 996.39 
20150701211403 7.6494746 -4.5633483 -9.348759 -0.27305678 0.5143485 0.45753807 996.39 
20150701211403 8.121132 -5.3701944 -8.992023 -0.2125811 0.44104472 0.5561928 996.43 
20150701211403 9.778519 -4.395156 -6.8103065 -0.23671028 0.119729586 0.6026186 996.43 
20150701211403 11.839328 -3.1597476 -7.49445 0.37232238 -0.9114109 0.33078352 996.43 
20150701211403 15.986683 -2.272696 -7.9607205 1.0219775 -0.8744536 0.27947086 996.43 
20150701211404 17.376518 -1.638831 -7.6410947 1.1181889 -0.9450085 0.15118915 996.43 
20150701211404 13.198037 -2.4839842 -6.421249 1.1029172 -0.68019843 -0.22143865 996.43 
20150701211404 7.627927 -2.2984335 -3.8540661 1.0461067 0.020463986 -0.63132924 996.43 
20150701211404 4.288614 -2.0799627 -1.7525556 0.95539325 0.8213083 -0.852157 996.43 
20150701211404 2.475006 -2.0931308 -0.5177461 0.87964594 1.312444 -1.003957 996.43 
20150701211404 0.7098808 -1.8148049 -0.074818805 0.9089675 1.1908818 -0.89827734 996.45 
20150701211404 0.4842273 -0.480636 -0.736217 0.93462384 0.5155703 -0.7150178 996.45 
20150701211404 1.638831 1.316811 -1.6609775 0.9615019 -0.115453534 -0.6249151 996.45 
20150701211404 3.6912606 2.508525 -1.9303252 0.98654735 -0.5403103 -0.64476824 996.45 
20150701211404 6.4661403 2.2092497 -2.0458453 0.98471475 -0.91599244 -0.7348709 996.45 
20150701211404 9.490017 1.42455 -1.7172412 0.95630956 -1.1004738 -0.7504479 996.45 
20150701211404 12.199655 1.009156 -2.0913353 0.8677341 -0.93828905 -0.7067711 996.45 
20150701211404 13.449428 -0.760159 -1.6699557 0.77366084 -0.63529986 -0.58368176 996.45 
20150701211404 13.092692 -3.8373067 -2.7790697 0.74097955 -0.204029 -0.5925393 996.45 
20150701211404 12.4869585 -4.496909 -3.6284127 0.82650065 0.12339478 -0.5571091 996.41 
20150701211404 12.679093 -2.783858 -2.2732944 0.72326446 0.33933565 -0.38881573 996.41 
20150701211404 12.785636 -0.3172317 -0.90381116 0.5421429 0.27152961 -0.33628133 996.41 
20150701211404 8.294712 1.9273324 -8.531737 0.46273044 0.23732115 -0.4456262 996.41 
20150701211404 9.0716305 3.413533 -11.626244 0.47342056 0.1777618 -0.3747658 996.41 
20150701211404 13.706804 -0.4177882 -10.758944 0.23915374 -0.06505715 -0.33964106 996.41 
20150701211404 13.901334 -3.1723173 -9.527725 -0.023823744 -0.8906415 -0.35643986 996.41 
20150701211404 14.583681 -4.6980224 -9.869498 -0.42424592 -1.1032226 -0.31673363 996.41 
20150701211404 13.371616 -4.0186677 -7.2149267 -0.6582073 -0.67073005 -0.12064589 996.41 
20150701211404 10.04607 -1.5933412 -4.799776 -0.46211955 0.0983493 0.183565 996.42 
20150701211404 6.7863646 -0.27114335 -2.8772318 -0.30940324 0.6533204 0.675617 996.42 
20150701211404 4.8614264 -0.1945289 -1.4347254 -0.3399465 1.0354166 0.9407325 996.42 
20150701211404 3.4596214 -0.12090719 -0.82480246 -0.4352415 0.9767735 1.0961977 996.42 
20150701211404 2.9101522 -1.1456255 -1.83336 -0.43982297 0.44318274 1.1285735 996.42 
20150701211404 2.018312 -1.6226702 -1.9716251 -0.49938235 -0.064446285 1.0876455 996.42 
20150701211404 2.067393 -1.8674773 -2.553416 -0.72173727 -0.3115413 0.9941832 996.42 
20150701211404 2.80361 -2.2218192 -2.1841104 -0.80970186 -0.38545597 0.90133166 996.42 
20150701211404 5.2020016 -3.3824084 -2.156577 -0.8191703 -0.39675698 0.74464476 996.42 
20150701211404 7.653664 -4.0617633 -1.5622166 -0.700357 -0.4990769 0.5928447 996.41 
20150701211404 9.575011 -5.0344076 -1.4443022 -0.6056729 -0.4981606 0.3463606 996.41 
20150701211404 10.833164 -5.37199 -1.5610195 -0.56505036 -0.33414328 0.25350907 996.41 
20150701211404 12.188282 -4.4418426 -2.8736405 -0.5742133 0.0421497 0.29016098 996.41 
20150701211404 13.441049 -2.4702177 -3.8576574 -0.6960809 0.50854534 0.34116822 996.41 
20150701211404 13.826515 -2.345719 -2.8748376 -0.73639804 0.5580254 0.31215215 996.41 
20150701211404 12.493543 -4.3807907 -1.7495629 -0.5693264 0.46609017 0.21533 996.41 
20150701211404 10.636241 -7.9074497 -1.9153614 -0.4260785 0.5338962 0.22327125 996.41 
20150701211404 7.1766195 -7.3507977 -6.5744777 -0.3210097 0.6637051 0.36102137 996.41 
20150701211404 6.4392056 -4.3281183 -9.832987 -0.23365596 0.46639562 0.54244834 996.43 
20150701211404 10.011354 -2.067393 -7.578247 -0.28099802 -0.06780604 0.68508536 996.43 
20150701211404 12.227787 -1.7405846 -7.4202294 0.12034045 -1.2388347 0.5311473 996.43 
20150701211404 15.64551 -1.3030443 -8.884883 0.78038037 -1.385137 0.3998113 996.43 
20150701211404 18.085201 -1.1707647 -8.717288 1.1585059 -1.0845913 0.21991149 996.43 
20150701211404 14.975732 -2.2583308 -7.3765354 1.0143417 -0.5174029 -0.099571034 996.43 
20150701211404 9.800665 -2.3235726 -4.3448777 0.65240407 0.08155051 -0.41172317 996.43 
20150701211404 4.799776 -2.4432828 -1.6609775 0.42455134 0.7519751 -0.71776664 996.43 
20150701211404 2.4887726 -3.7475243 -1.1210849 0.44715336 1.4376713 -0.8729264 996.43 
20150701211405 3.122039 -2.6952724 -0.44711718 0.46273044 1.4776831 -0.990518 996.49 
20150701211405 2.882619 -1.2797008 -0.89662856 0.38087448 1.1960741 -0.8527679 996.49 
20150701211405 2.520496 0.7613561 -1.5634137 0.5635232 0.12736541 -0.5503896 996.49 
20150701211405 3.0879216 2.2691047 -2.1176715 0.79320854 -0.50732356 -0.5183192 996.49 
20150701211405 4.7764325 1.822586 -1.8195933 0.8713993 -0.75808376 -0.61544675 996.49 
20150701211405 7.5136037 0.19033903 -1.0857705 0.8170323 -0.74006325 -0.74281216 996.49 
20150701211405 10.314221 -1.0079589 -0.91099375 0.8005389 -0.70096785 -0.79045963 996.49 
20150701211405 12.089521 -2.2152352 -1.0821792 0.8347474 -0.47250426 -0.74281216 996.49 
20150701211405 12.662334 -3.9264908 -3.5757403 0.97249746 -0.23579398 -0.6713409 996.49 
20150701211405 12.117653 -3.7217865 -4.3209357 1.219287 -0.03481932 -0.5198463 996.34 
20150701211405 13.145365 -1.3341689 -2.9011738 1.1585059 0.10476339 -0.3313944 996.34 
20150701211405 13.736134 1.2395979 -2.1380222 0.90285885 0.16829337 -0.23151793 996.34 
20150701211405 10.2896805 1.644218 -5.9663506 0.5714644 0.27366763 -0.18936823 996.34 
20150701211405 9.251195 4.2479124 -11.842918 0.4025602 0.2678644 -0.22204952 996.34 
20150701211405 12.01171 0.0023942017 -8.842385 0.18753563 0.22632557 -0.31337386 996.34 
20150701211405 11.532271 -3.2345665 -7.86196 -0.116675265 -0.47525316 -0.2828306 996.34 
20150701211405 13.965379 -6.269217 -7.952341 -0.4718934 -0.55863625 -0.22082779 996.34 
20150701211405 13.561357 -4.84347 -7.0928226 -0.42485678 -0.096516706 -0.050396383 996.34 
20150701211405 11.564592 -1.6292542 -5.515642 -0.2593123 0.08124508 0.16493362 996.36 
20150701211405 8.173206 -0.3537433 -3.9486372 -0.16615535 0.21533 0.6621779 996.36 
20150701211405 5.2744265 0.1945289 -1.6729485 -0.20341812 0.63285637 0.9737192 996.36 
20150701211405 3.716998 0.87927055 -1.5382746 -0.36896262 0.8353582 1.0403035 996.36 
20150701211405 3.1693244 -0.44232875 -1.1935096 -0.42943826 0.5174029 1.024421 996.36 
20150701211405 1.7609353 -1.2557588 -0.78649527 -0.6976081 0.269697 0.979217 996.36 
20150701211405 0.8595184 -1.6903064 -1.7770962 -0.8781188 -0.18325958 0.8756753 996.36 
20150701211405 2.3068132 -2.7269957 -2.6258407 -0.8732319 -0.20647246 0.81214535 996.36 
20150701211405 4.9099092 -4.296395 -1.9764135 -0.8542951 -0.0070249503 0.72418076 996.36 
20150701211405 7.0700774 -5.089474 -1.9333179 -0.88178396 -0.15577064 0.4978552 996.36 
20150701211405 8.763975 -5.683835 -1.9111716 -0.77579886 -0.36041048 0.2941316 996.36 
20150701211405 10.481216 -6.171055 -2.030283 -0.7199047 -0.19700404 0.19761491 996.36 
20150701211405 12.190677 -4.505289 -2.8335378 -0.63499445 -0.031154128 0.13072516 996.36 
20150701211405 13.834296 -2.1990743 -3.4751837 -0.677755 0.24862215 0.1518 996.36 
20150701211405 14.29099 -2.3253684 -2.6390088 -0.68233645 0.4184427 0.172264 996.36 
20150701211405 13.552379 -4.84347 -1.6208745 -0.5876524 0.41080686 0.118202426 996.36 
20150701211405 11.579556 -7.530363 -2.3624785 -0.539394 0.47586402 0.15577064 996.36 
20150701211405 8.473679 -6.0585275 -6.599617 -0.44135013 0.44409904 0.3472769 996.36 
20150701211405 8.8364 -5.5862713 -8.67539 -0.3817908 0.35094208 0.44226643 996.43 
20150701211405 8.572439 -3.9791632 -7.183802 -0.42485678 0.13836098 0.58123827 996.43 
20150701211405 9.523536 -3.0071173 -5.981913 0.086437434 -0.75502944 0.41233405 996.43 
20150701211405 11.731588 -2.5067291 -7.1472907 0.7440339 -0.8042041 0.29718593 996.43 
20150701211405 16.70674 -2.2146366 -7.6943655 1.0580186 -0.6444628 0.20341812 996.43 
20150701211405 14.3179245 -2.9999347 -6.3943143 1.0592403 -0.49632803 -0.0290161 996.43 
20150701211405 9.016563 -3.0609868 -4.2754455 0.8713993 -0.21777347 -0.5326745 996.43 
20150701211405 6.483498 -2.3900118 -2.7395654 0.7663304 0.28313604 -0.8897252 996.43 
20150701211405 5.0374002 -1.8267759 -0.95109665 0.7125743 0.8512407 -1.1365148 996.43 
20150701211405 3.21661 -1.5945383 -0.64463884 0.82924956 1.0164797 -1.0458013 996.38 
20150701211405 1.9877859 -0.6099229 -1.3533225 1.0684034 0.3631594 -0.8170323 996.38 
20150701211405 1.8357542 0.98940384 -1.4915876 1.1450669 -0.01985312 -0.70707655 996.38 
20150701211405 3.1794999 2.106299 -1.780089 1.1242975 -0.24984388 -0.59986967 996.38 
20150701211406 5.804742 1.939902 -1.7435774 1.0308352 -0.61636305 -0.66828656 996.38 
20150701211406 8.258201 1.0935516 -1.2090719 0.9410379 -0.86009824 -0.6432411 996.38 
20150701211406 10.256162 0.08499416 -1.4544775 0.9080512 -1.0296134 -0.6215554 996.38 
20150701211406 11.741764 -1.1552023 -1.1839328 0.9166033 -0.8680395 -0.589485 996.38 
20150701211406 12.58572 -2.606687 -1.9405005 0.9624182 -0.43890667 -0.5323691 996.38 
20150701211406 12.661138 -3.8193502 -3.7235823 1.0445796 -0.07086037 -0.453262 996.4 
20150701211406 12.313978 -3.3446999 -2.7724855 1.1004738 0.15974127 -0.3268129 996.4 
20150701211406 12.472593 -1.3688848 -1.7399861 0.9294315 0.35827246 -0.2678644 996.4 
20150701211406 12.1398 1.4119805 -1.7531542 0.77549344 0.48197266 -0.2742785 996.4 
20150701211406 9.544485 2.2469583 -6.6469026 0.6404922 0.46181414 -0.24281894 996.4 
20150701211406 8.076241 1.560421 -10.2417965 0.5702427 0.29657507 -0.1994475 996.4 
20150701211406 11.226412 -2.1284454 -9.830592 0.4813618 -0.21044308 -0.28955013 996.4 
20150701211406 12.087128 -4.279037 -8.916606 0.36071593 -0.9285152 -0.24953845 996.4 
20150701211406 13.759478 -4.876989 -8.797494 -0.16737708 -0.8362745 -0.11789699 996.4 
20150701211406 14.261063 -2.2756886 -7.689577 -0.18600847 -0.4728097 0.07666359 996.4 
20150701211406 13.035232 0.06464344 -6.377555 -0.24617869 -0.008552114 0.4578435 996.4 
20150701211406 8.055291 0.18076223 -3.4973302 -0.4166101 0.40286562 0.82986045 996.4 
20150701211406 5.4521956 -0.29149407 -2.777274 -0.6178902 0.70157874 1.0922271 996.4 
20150701211406 3.6164417 -1.4999673 -1.8614918 -0.8341365 0.852157 1.1258247 996.4 
20150701211406 2.9981391 -3.0005333 -1.4879963 -1.061073 0.5992588 1.0595458 996.4 
20150701211406 2.0123265 -3.6152446 -1.1593921 -1.1768318 0.2321288 1.0122037 996.4 
20150701211406 1.1402385 -2.9017725 -1.8285716 -1.1591167 0.06872234 0.9440922 996.4 
20150701211406 2.4851813 -2.4809916 -2.5462334 -1.0711522 -0.06566802 0.7968737 996.4 
20150701211406 4.7884035 -3.2956185 -2.086547 -1.0329732 -0.04795292 0.72143185 996.38 
20150701211406 7.038953 -3.5045128 -1.8662802 -1.0955868 -0.25289822 0.53786683 996.38 
20150701211406 9.595961 -4.0378213 -2.5773582 -1.0461067 -0.63804877 0.3680463 996.38 
20150701211406 10.721235 -4.92607 -1.8201919 -0.9990701 -0.5626069 0.25900686 996.38 
20150701211406 11.760918 -4.3239284 -2.5605986 -1.0589349 -0.22388211 0.14538592 996.38 
20150701211406 12.702437 -2.9963434 -3.525462 -1.0778717 0.04642576 0.17715092 996.38 
20150701211406 13.910911 -3.3848026 -2.6408045 -1.1068878 0.47494772 0.24129178 996.38 
20150701211406 14.052767 -5.393538 -1.6017209 -0.9596693 0.5412266 0.22479841 996.38 
20150701211406 11.739968 -7.845799 -1.596334 -0.64568454 0.4908302 0.26053402 996.38 
20150701211406 8.467693 -7.479486 -4.8267107 -0.30940324 0.64996064 0.41416663 996.42 
20150701211406 6.546346 -3.1705215 -9.84795 -0.19242255 0.69027776 0.5158757 996.42 
20150701211406 8.182783 -1.8800468 -9.227253 -0.35460728 0.45142943 0.5983425 996.42 
20150701211406 10.728417 -2.0709844 -6.2009826 -0.45662177 -0.18173242 0.3717115 996.42 
20150701211406 11.73518 -2.6198552 -6.6971807 0.051618114 -1.2229522 0.095294975 996.42 
20150701211406 14.365211 -2.4001873 -8.170812 0.77854776 -0.9819659 0.11148291 996.42 
20150701211406 16.41405 -2.9867666 -7.5004354 0.9272934 -0.48747048 0.06719518 996.42 
20150701211406 13.526641 -3.4524388 -5.844845 0.87689704 -0.14508049 -0.22571471 996.42 
20150701211406 6.3165026 -2.6880898 -3.0573955 0.8332202 0.23701571 -0.659429 996.42 
20150701211406 4.872799 -2.3235726 -1.4443022 0.80664754 0.9077458 -0.91507614 996.42 
20150701211406 3.4967315 -1.6801311 -0.5422867 0.79443026 1.2339478 -1.0888673 996.42 
20150701211406 2.280477 -0.545878 -0.9696517 0.82924956 0.8597928 -0.9434814 996.42 
20150701211406 1.8459295 0.66738373 -1.7381904 0.9468411 0.07422013 -0.77091193 996.42 
20150701211406 3.2136173 1.8525136 -2.0967221 0.99173975 -0.33414328 -0.6988298 996.42 
20150701211406 5.383961 2.0937295 -2.0937295 0.9669997 -0.56230146 -0.6722572 996.42 
20150701211406 8.094796 1.2467805 -1.9375077 0.915687 -0.8903361 -0.6603453 996.42 
20150701211406 10.005369 0.40521863 -1.4514848 0.86376345 -0.96669424 -0.66553766 996.42 
20150701211406 11.717223 -0.53689975 -1.3862427 0.8045095 -0.7806858 -0.6414085 996.42 
20150701211407 12.8209505 -1.9416976 -1.3497312 0.8414669 -0.34055737 -0.5681047 996.4 
20150701211407 12.173319 -3.7283707 -2.9574378 0.94897914 0.054367006 -0.52534413 996.4 
20150701211407 11.464635 -4.2850223 -3.0813377 1.0965031 0.33536503 -0.4746423 996.4 
20150701211407 12.667721 -1.9554642 -2.1080947 1.0989466 0.5338962 -0.35277468 996.4 
20150701211407 12.046426 0.1340753 -1.9339164 0.8784242 0.5149594 -0.20891592 996.4 
20150701211407 8.962694 1.7657237 -6.353014 0.7302894 0.3109304 -0.18600847 996.4 
20150701211407 8.614936 1.9620483 -10.058042 0.66798115 0.24587326 -0.26175576 996.4 
20150701211407 12.310986 -0.7092823 -10.63684 0.5326745 0.05467244 -0.39400807 996.4 
20150701211407 13.131 -3.9827545 -9.415198 0.12095132 -0.49510628 -0.50823987 996.4 
20150701211407 15.018827 -4.247314 -9.503783 -0.45814893 -0.6533204 -0.45845437 996.45 
20150701211407 15.412075 -2.6701334 -8.246828 -0.5687156 -0.5626069 -0.11301007 996.45 
20150701211407 13.230957 -0.12808979 -6.1040173 -0.32345316 -0.06261369 0.42149702 996.45 
20150701211407 9.5798 0.46806642 -4.042011 -0.38912117 0.4465425 0.98807454 996.45 
20150701211407 5.7658362 -0.04309563 -2.5007436 -0.569021 1.0167851 1.1921035 996.45 
20150701211407 2.973 0.12868834 -1.376666 -0.8863655 1.2186762 1.2018774 996.45 
20150701211407 1.2120646 -1.809418 -0.7158663 -1.0867293 0.9773844 1.1450669 996.45 
20150701211407 0.25857377 -2.6138697 -0.8678981 -1.1615603 0.5152648 1.0714576 996.45 
20150701211407 0.35793316 -2.3774424 -1.7968484 -1.144456 0.099571034 0.9550878 996.45 
20150701211407 2.8137856 -2.7910407 -2.12246 -1.0842859 -0.20891592 0.8414669 996.41 
20150701211407 5.159505 -3.53863 -1.389834 -1.039998 -0.40286562 0.7470882 996.41 
20150701211407 7.920019 -3.8283286 -1.5400703 -1.03786 -0.77854776 0.52290064 996.41 
20150701211407 10.396222 -4.7387238 -2.1051018 -0.9080512 -0.81245077 0.3726278 996.41 
20150701211407 11.346721 -6.0064535 -2.9646204 -0.8927795 -0.59681535 0.2660318 996.41 
20150701211407 12.704831 -4.5316253 -3.5003228 -0.9236283 -0.16890424 0.16340645 996.41 
20150701211407 13.6170225 -2.6922798 -4.012682 -0.97402465 0.26297748 0.24862215 996.41 
20150701211407 14.066533 -3.526659 -2.9855695 -0.91751957 0.46670106 0.31703907 996.41 
20150701211407 12.8293295 -5.626374 -1.377863 -0.66675943 0.5112942 0.24923302 996.41 
20150701211407 11.110891 -7.97748 -2.480393 -0.57940567 0.56016344 0.22266038 996.39 
20150701211407 7.6213427 -6.2345014 -7.023989 -0.47158796 0.5717699 0.32406402 996.39 
20150701211407 7.8386164 -3.3135753 -10.244789 -0.49235737 0.42943826 0.37232238 996.39 
20150701211407 9.342773 -2.3092074 -9.094376 -0.66248333 0.032070424 0.36468655 996.39 
20150701211407 11.278485 -1.9788077 -6.2464724 -0.43982297 -1.061073 0.1966986 996.39 
20150701211407 13.71698 -1.4036007 -8.193557 0.29443705 -1.4666874 0.17898351 996.39 
20150701211407 17.538126 -1.7705121 -8.413225 0.9059132 -1.0806206 0.25289822 996.39 
20150701211407 16.299725 -3.156755 -7.3298483 0.9596693 -0.50793445 0.06688975 996.39 
20150701211407 10.670359 -3.105878 -4.8147397 0.8756753 -0.047647487 -0.3830125 996.39 
20150701211407 6.70556 -2.4079683 -3.0825348 0.8338311 0.59620446 -0.7855727 996.4 
20150701211407 4.754286 -1.3640964 -1.8183962 0.9288206 1.3720033 -0.9569204 996.4 
20150701211407 2.3002293 -1.377863 -0.39264908 0.9627236 1.3035865 -0.9324858 996.4 
20150701211407 1.4754268 -0.21667525 -1.395221 0.999681 0.6783658 -0.8671232 996.4 
20150701211407 2.0757728 0.65900403 -1.845331 1.0839803 -0.013133603 -0.806953 996.4 
20150701211407 3.1741128 1.3928268 -2.60549 1.1429288 -0.5510005 -0.6899723 996.4 
20150701211407 5.693412 1.2773066 -2.586935 1.2076806 -1.0861185 -0.6737844 996.4 
20150701211407 7.9834657 0.7320272 -1.8417397 1.2027937 -1.1670581 -0.7657196 996.4 
20150701211407 10.462662 0.142455 -1.6891093 1.1969905 -1.044885 -0.7086037 996.4 
20150701211407 11.979388 -0.28790274 -1.270124 1.2351695 -0.7156286 -0.550695 996.39 
20150701211407 12.98196 -1.2599486 -1.1426327 1.2263119 -0.34055737 -0.42180246 996.39 
20150701211407 12.864046 -2.3439236 -3.1172507 1.2211196 0.022602014 -0.3820962 996.39 
20150701211407 11.471817 -2.8245595 -2.8880057 1.1777482 0.30543262 -0.30940324 996.39 
20150701211407 11.8022175 -1.4598645 -1.5251064 0.9682214 0.54092115 -0.28771752 996.39 
20150701211408 12.119449 0.6679823 -1.0127473 0.6249151 0.62125 -0.25137106 996.39 
20150701211408 8.472482 1.270124 -8.492233 0.4654793 0.5140431 -0.2489276 996.39 
20150701211408 9.742605 1.5502456 -12.2637 0.49632803 0.3979787 -0.1863139 996.39 
20150701211408 14.150929 -2.0057425 -10.118495 0.2666427 0.061086524 -0.25717425 996.39 
20150701211408 13.897742 -3.843891 -9.877877 0.025045475 -0.93523467 -0.19975294 996.41 
20150701211408 15.436615 -4.5687356 -10.630256 -0.41996986 -1.1572843 -0.038179077 996.41 
20150701211408 14.683639 -3.2273839 -8.533533 -0.43982297 -0.3277292 0.11759156 996.41 
20150701211408 11.683105 0.15981296 -5.9729347 -0.30543262 0.10323623 0.38453966 996.41 
20150701211408 8.042124 1.2773066 -3.4404678 -0.3539964 0.8155051 0.9627236 996.41 
20150701211408 4.5561657 1.003769 -1.7788919 -0.61117065 1.303281 1.2394456 996.41 
20150701211408 2.9269116 -0.013766659 -1.6142905 -0.75441855 1.4049901 1.2858714 996.41 
20150701211408 1.5891514 -2.2200236 -0.8714894 -0.93218035 0.95386606 1.2855659 996.41 
20150701211408 0.9008184 -3.3506854 -1.0600328 -1.1203269 0.19058995 1.1841623 996.41 
20150701211408 0.008379706 -2.5001452 -2.010531 -1.1468995 -0.2302962 1.0601566 996.43 
20150701211408 2.4091654 -3.1429882 -2.7329812 -1.1236867 -0.09865474 0.86132 996.43 
20150701211408 5.7466826 -4.0037036 -1.7196354 -1.097114 -0.029321533 0.7107417 996.43 
20150701211408 8.618527 -4.2239704 -1.7735049 -1.131017 -0.3549127 0.35155296 996.43 
20150701211408 10.830172 -5.2265425 -2.3959973 -1.0451905 -0.7293731 0.2098322 996.43 
20150701211408 11.593922 -6.3661823 -2.0907366 -0.9428705 -0.50732356 0.1001819 996.43 
20150701211408 13.585897 -4.981137 -1.7411832 -0.8564331 -0.08155051 0.0571159 996.43 
20150701211408 13.921684 -3.630807 -1.8351556 -0.77304995 0.25137106 0.19364429 996.43 
20150701211408 13.333309 -4.677073 -1.6998832 -0.59864795 0.4804455 0.30573806 996.43 
20150701211408 11.968016 -6.3727665 -0.24899697 -0.2657264 0.68691796 0.29077184 996.44 
20150701211408 10.029311 -9.546879 -0.94930094 -0.009773844 0.73853606 0.3277292 996.44 
20150701211408 6.4140663 -8.103774 -5.4162827 0.24617869 0.6056729 0.3820962 996.44 
20150701211408 6.147113 -2.4839842 -10.809222 0.30573806 0.56169057 0.41447207 996.44 
20150701211408 8.344392 -1.2216414 -11.0695915 -0.08735373 0.12797627 0.44806966 996.44 
20150701211408 13.341689 -0.2825158 -8.225879 -0.060170226 -1.1392636 0.26725355 996.44 
20150701211408 15.379753 -1.5652094 -9.524135 0.23090707 -2.0295997 0.2406809 996.44 
20150701211408 18.51137 -1.532289 -11.073781 0.8680395 -1.9141463 0.23976462 996.44 
20150701211408 16.912043 -2.5300727 -9.199121 0.9755518 -0.96944314 -0.039095376 996.44 
20150701211408 10.960655 -2.741361 -5.2983685 0.72692966 0.103847094 -0.3268129 996.44 
20150701211408 4.7339354 -2.5689783 -2.022502 0.41783184 0.79412484 -0.7431176 996.44 
20150701211408 2.5115175 -3.353678 -0.9020155 0.4615087 1.6798794 -1.0167851 996.44 
20150701211408 2.0081367 -2.7419596 0.2621651 0.65301496 1.8142698 -1.0574077 996.44 
20150701211408 0.19153613 -2.3247697 0.037110128 0.64843345 1.0974194 -0.89766645 996.44 
20150701211408 0.59615624 -0.6937199 -1.6472107 0.70066243 0.13561209 -0.7510588 996.44 
20150701211408 3.9713821 1.8549078 -1.8656816 0.7104363 -0.42180246 -0.7797695 996.44 
20150701211408 7.0156097 1.4323312 -1.769315 0.7339546 -0.93584555 -0.9007208 996.44 
20150701211408 8.522759 0.9235633 -0.3573346 0.7666359 -1.2449434 -0.95386606 996.44 
20150701211408 11.027095 -0.415394 -1.690905 0.7696902 -1.1609493 -0.9816604 996.46 
20150701211408 13.619416 -0.19153613 -1.4568717 0.9025534 -0.68203104 -0.8017606 996.46 
20150701211408 14.012664 -1.2425907 -2.532467 0.8863655 -0.18509217 -0.68875057 996.46 
20150701211408 12.637794 -2.9562407 -3.1226375 0.9560041 0.05497787 -0.57543504 996.46 
20150701211408 11.471817 -2.6994624 -1.8764555 0.9795224 0.32375857 -0.3463606 996.46 
20150701211408 12.661138 -0.27473465 -0.44711718 0.77213365 0.53023106 -0.119729586 996.46 
20150701211408 10.685921 0.09995792 -2.6491842 0.46761733 0.6478226 -0.027183503 996.46 
20150701211408 8.351574 2.1511903 -10.109517 0.26816985 0.42119157 -0.021991149 996.46 
20150701211408 10.089765 1.7238252 -10.919954 0.016493361 -0.026572637 -0.16035213 996.46 
20150701211408 11.621455 -2.6431987 -11.4119625 -0.32253686 -0.5357288 -0.31429017 996.38 
20150701211409 13.427281 -5.770026 -10.621277 -0.52381694 -1.087951 -0.4636467 996.38 
20150701211409 15.1062155 -7.0132155 -9.941922 -0.74464476 -1.0757337 -0.30879238 996.38 
20150701211409 13.726557 -4.1060557 -7.728483 -0.29352075 -0.5928447 0.012217305 996.38 
20150701211409 11.165958 -1.1438298 -5.2660465 0.0067195175 0.10567969 0.3933972 996.38 
20150701211409 7.07726 0.7182605 -2.5809495 0.0 0.63529986 0.9388999 996.38 
20150701211409 4.333505 1.5927427 -0.87208796 -0.3549127 1.0326678 1.105666 996.38 
20150701211409 2.5582044 1.5095441 -1.3718776 -0.47250426 1.0045679 1.1972959 996.38 
20150701211409 1.8261774 -0.29149407 -1.0666169 -0.52290064 0.7290677 1.1746938 996.38 
20150701211409 0.54767364 -1.0809821 -1.198298 -0.81336707 0.29168814 1.0381655 996.4 
20150701211409 0.6302736 -2.2391772 -2.7072437 -0.9596693 -0.226631 0.9569204 996.4 
20150701211409 1.9668367 -3.453636 -3.0226796 -0.9691377 -0.20891592 0.929126 996.4 
20150701211409 5.3755813 -5.00448 -1.1139023 -1.0045679 -0.24587326 0.7086037 996.4 
20150701211409 10.06283 -6.385336 -0.62967503 -0.9459248 -0.5671884 0.4578435 996.4 
20150701211409 11.857284 -7.5243773 -2.1859062 -0.7473936 -0.6432411 0.26816985 996.4 
20150701211409 12.654553 -6.587646 -3.5182793 -0.5571091 -0.21013765 0.18387043 996.4 
20150701211409 13.748703 -3.8935704 -4.1383777 -0.4896085 0.18661933 0.19150625 996.4 
20150701211409 13.924677 -2.2493525 -4.231153 -0.36010507 0.3313944 0.32528573 996.4 
20150701211409 13.308768 -3.1118636 -2.3942018 -0.18692477 0.46211955 0.3231477 996.46 
20150701211409 11.172543 -5.816713 -1.7429788 -0.18020524 0.59437186 0.20769419 996.46 
20150701211409 8.903438 -7.2550297 -5.122993 -0.20922135 0.41599923 0.19883664 996.46 
20150701211409 6.5361705 -3.83192 -8.822633 -0.08827003 0.45448375 0.38728857 996.46 
20150701211409 6.931214 -3.4835634 -8.692149 -0.21380283 0.4202753 0.44623706 996.46 
20150701211409 10.101735 -3.549404 -7.3328414 -0.27763826 0.0012217305 0.4129449 996.46 
20150701211409 13.02326 -4.010886 -6.8252707 0.25595254 -0.70554936 0.3136793 996.46 
20150701211409 15.390527 -3.714604 -8.1881695 0.77182823 -0.8374963 0.42577308 996.46 
20150701211409 15.992669 -3.781043 -8.200141 1.2412782 -0.75686204 0.226631 996.46 
20150701211409 12.950237 -3.6254199 -5.954978 1.3738359 -0.20066923 -0.17470746 996.39 
20150701211409 7.8505874 -2.8395233 -3.657143 1.2198979 0.2742785 -0.4868596 996.39 
20150701211409 3.86484 -1.9752164 -1.4490906 1.1621711 0.816116 -0.71959925 996.39 
20150701211409 1.5981296 -1.5376761 0.20171149 1.0522153 1.2403619 -0.9981538 996.39 
20150701211409 0.15083471 -1.5161282 -0.45908818 1.0054842 1.0525209 -1.0051788 996.39 
20150701211409 0.31004912 0.078410104 -1.1073183 0.97494096 0.42119157 -0.87781334 996.39 
20150701211409 1.5412674 1.5544355 -1.9231426 0.9932669 -0.24587326 -0.86498517 996.39 
20150701211409 4.028843 1.9057846 -2.4678235 1.024421 -0.8368854 -1.0036516 996.39 
20150701211409 7.766192 0.9139865 -1.8028339 1.0073168 -1.323745 -1.1249083 996.39 
20150701211409 11.096526 -0.54408234 -1.0696096 1.0259482 -1.5302174 -1.1441506 996.39 
20150701211409 15.127165 -1.472434 -1.7088615 1.0693196 -1.3509285 -1.0192287 996.39 
20150701211409 15.027805 -2.0733786 -4.4047327 1.1499538 -0.64599 -0.72265357 996.39 
20150701211409 13.174095 -2.1218612 -4.7524905 1.1585059 0.07941248 -0.50488013 996.39 
20150701211409 11.176732 -2.1655555 -2.3062148 1.0256428 0.5177083 -0.32070425 996.39 
20150701211409 11.097125 -0.12689269 -1.1905168 0.7098254 0.5992588 -0.13347405 996.39 
20150701211409 9.618706 -0.079008654 -1.2234371 0.4783075 0.7877107 -0.15882497 996.39 
20150701211409 7.098808 2.3864205 -8.444349 0.35338554 0.6768387 -0.1441642 996.39 
20150701211409 8.930971 1.7435774 -9.464279 0.25259277 0.38240165 -0.15210545 996.39 
20150701211409 12.306795 -1.435324 -9.569624 -0.13744467 0.09285152 -0.2657264 996.41 
20150701211409 14.241909 -5.468955 -8.916007 -0.32253686 -0.88178396 -0.5009095 996.41 
20150701211409 16.086042 -7.65965 -9.885659 -0.5354234 -1.1261301 -0.5002986 996.41 
20150701211409 15.172056 -5.5126495 -8.121731 -0.35369098 -0.77732605 -0.21380283 996.41 
20150701211409 12.070368 -2.2284033 -5.063138 -0.056199603 -0.25381452 0.20463985 996.41 
20150701211409 7.814076 -0.36990416 -2.959832 0.015577064 0.5635232 0.67011917 996.41 
20150701211410 4.8428717 0.8655039 -0.8403648 -0.13683382 1.1817188 0.85154617 996.41 
20150701211410 2.9670146 1.4383167 -0.75956047 -0.25411993 1.2599095 1.0250319 996.41 
20150701211410 1.982399 0.30945057 -0.74878657 -0.21624629 0.768163 1.1377366 996.41 
20150701211410 0.4890157 -0.62488663 -0.7182605 -0.4111123 0.35888332 1.1410962 996.39 
20150701211410 -0.5410896 -1.2910733 -1.3377602 -0.7641924 -0.09560041 0.9636399 996.39 
20150701211410 1.3664906 -2.77069 -3.2231941 -0.9184359 -0.27580565 0.9636399 996.39 
20150701211410 3.7535098 -3.8869865 -2.5007436 -1.0934488 -0.40530908 0.7672467 996.39 
20150701211410 7.2089415 -5.0787005 -1.7034745 -1.2049317 -0.86284715 0.52839845 996.39 
20150701211410 10.773908 -6.081871 -1.1869255 -1.1319333 -1.1872166 0.41050145 996.39 
20150701211410 13.244724 -6.1507044 -2.31639 -0.9944886 -1.0659598 0.36102137 996.39 
20150701211410 14.492103 -3.0478187 -5.7736173 -0.8891144 -0.43676865 0.38087448 996.39 
20150701211410 14.320917 -3.810372 -5.1277814 -0.870483 0.2593123 0.37048978 996.39 
20150701211410 13.656527 -6.23091 -2.190096 -0.72326446 0.52320606 0.1826487 996.43 
20150701211410 11.067198 -7.8930845 -0.6512229 -0.5002986 0.711658 0.09896017 996.43 
20150701211410 7.52737 -6.927024 -5.2959743 -0.37384954 0.84299403 0.17104226 996.43 
20150701211410 5.947197 -5.603629 -11.031883 -0.08277224 0.79290307 0.3463606 996.43 
20150701211410 8.001422 -4.7548847 -8.607155 -0.12034045 0.6096435 0.52381694 996.43 
20150701211410 11.197681 -3.0855274 -5.8879404 0.10995574 -0.6239988 0.37812558 996.43 
20150701211410 13.80377 -1.0600328 -7.7147164 0.4709771 -1.7418822 0.18600847 996.43 
20150701211410 17.324444 -0.46267948 -8.914211 1.0345002 -1.5641204 0.20189096 996.43 
20150701211410 16.393698 -1.7465701 -8.125322 1.0024298 -1.073901 0.026572637 996.43 
20150701211410 11.570579 -2.429516 -5.8226986 0.8338311 -0.36865717 -0.30268374 996.44 
20150701211410 6.3607955 -2.5797524 -3.6236243 0.65179324 0.16126843 -0.6377433 996.44 
20150701211410 3.900753 -2.3002293 -1.6525977 0.5390886 0.9663888 -0.8744536 996.44 
20150701211410 2.3451207 -2.022502 -0.2777274 0.5705481 1.3683381 -0.89827734 996.44 
20150701211410 1.3012487 -1.3706805 -0.6362591 0.6356053 0.9077458 -0.7492262 996.44 
20150701211410 1.043872 0.2741361 -1.6071079 0.73639804 0.3359759 -0.593761 996.44 
20150701211410 1.9734207 1.7944542 -2.1655555 0.8194757 -0.14538592 -0.602924 996.44 
20150701211410 4.128801 1.822586 -2.4774003 0.8344419 -0.5164866 -0.72326446 996.44 
20150701211410 7.581838 0.6691794 -1.6496049 0.80756384 -0.81183994 -0.81245077 996.44 
20150701211410 10.1143055 -0.47524905 -1.1270704 0.8390234 -0.91965765 -0.806953 996.41 
20150701211410 12.455834 -1.3664906 -1.3491327 0.906524 -0.78801614 -0.79717916 996.41 
20150701211410 13.387178 -2.801216 -2.1176715 0.9578367 -0.28038713 -0.7632761 996.41 
20150701211410 13.728951 -4.5525746 -3.7684734 1.0980303 0.058337633 -0.65118235 996.41 
20150701211410 13.5535755 -0.46746787 -2.2427685 1.1417072 0.31215215 -0.40622538 996.41 
20150701211410 13.517663 1.970428 -2.2942438 0.9443977 0.5534439 -0.1994475 996.41 
20150701211410 9.829395 4.449624 -9.516354 0.72204274 0.77854776 -0.16249016 996.41 
20150701211410 9.821614 3.9121256 -12.258312 0.45448375 0.6053675 -0.3539964 996.41 
20150701211410 11.263522 -2.2990322 -9.32781 0.13622294 0.15363261 -0.40225476 996.41 
20150701211410 10.757747 -4.19943 -8.290522 -0.116980694 -0.5723807 -0.48349985 996.37 
20150701211410 12.91612 -7.12694 -7.2580223 -0.5348125 -0.46120325 -0.40653083 996.37 
20150701211410 13.056779 -6.407482 -7.438186 -0.57787853 0.008246681 -0.29810223 996.37 
20150701211410 12.656349 -1.2132617 -6.605004 -0.20189096 0.13103059 0.076358154 996.37 
20150701211410 10.266935 -0.14724341 -4.4119153 -0.07086037 0.4288274 0.5849035 996.37 
20150701211410 6.479308 -0.4309563 -2.0751743 -0.006414085 0.57451874 1.0876455 996.37 
20150701211410 3.8115692 0.22924481 -1.3311762 -0.1337795 0.5671884 1.135293 996.37 
20150701211410 2.6396074 -0.15981296 -0.55485624 -0.4083634 0.50732356 1.0305296 996.37 
20150701211410 1.797447 -1.8620903 -0.2621651 -0.64751714 0.3051272 0.9086621 996.37 
20150701211410 0.18435353 -2.7084408 -0.75956047 -0.7800749 0.007330383 0.79809546 996.39 
20150701211410 0.2136825 -3.335123 -2.8526914 -0.7535023 -0.29718593 0.70646566 996.39 
20150701211411 3.0591912 -3.858256 -3.4871547 -0.70280045 -0.2284636 0.7644979 996.39 
20150701211411 6.1501055 -3.7726634 -2.295441 -0.8414669 -0.23243423 0.58123827 996.39 
20150701211411 9.623494 -3.9199066 -2.4181437 -0.90316427 -0.677755 0.35430184 996.39 
20150701211411 12.319963 -4.1701007 -2.2864625 -0.8762862 -0.72143185 0.2669481 996.39 
20150701211411 13.549985 -3.406949 -3.5655649 -0.8579602 -0.25534168 0.27397305 996.39 
20150701211411 14.086286 -2.3762453 -4.0863037 -0.8194757 0.1020145 0.38973203 996.39 
20150701211411 14.58428 -3.714604 -2.48578 -0.7959574 0.63316184 0.41141775 996.39 
20150701211411 13.387178 -6.571485 -1.0684125 -0.8054258 0.8790351 0.32528573 996.36 
20150701211411 10.672752 -8.8567505 -4.685453 -0.7816021 0.91996306 0.25228736 996.36 
20150701211411 8.824429 -6.1064115 -11.128249 -0.59803706 0.915687 0.34422258 996.36 
20150701211411 9.759365 -4.8261123 -7.9732904 -0.40225476 0.6395759 0.51251596 996.36 
20150701211411 10.123882 -4.059369 -6.3548098 -0.2510656 -0.28893927 0.48716503 996.36 
20150701211411 10.730213 -3.7271736 -7.435792 0.7089091 -1.3518448 0.39584067 996.36 
20150701211411 13.447034 -3.0358477 -7.3986816 1.171945 -0.8762862 0.34666604 996.36 
20150701211411 14.338874 -2.6072857 -7.0820484 1.1450669 -0.6536258 0.03634648 996.36 
20150701211411 12.221203 -2.4588451 -5.7377043 1.1032226 -0.3827071 -0.28588495 996.36 
20150701211411 9.098565 -0.7404069 -3.8732197 0.9773844 -0.01985312 -0.7290677 996.42 
20150701211411 4.698621 0.076015905 -2.144606 0.8732319 0.48166725 -0.87598073 996.42 
20150701211411 2.722806 -0.86251116 -1.4820108 0.82558435 0.7706065 -0.9068295 996.42 
20150701211411 3.4512417 -0.91338795 -0.84934306 0.7370089 0.7470882 -0.93615097 996.42 
20150701211411 3.0053217 -0.51475334 -0.96187055 0.6881397 0.5525276 -0.70554936 996.42 
20150701211411 2.753332 0.2801216 -2.0853498 0.8426886 -0.3231477 -0.49418998 996.42 
20150701211411 3.8013937 0.741604 -2.645593 0.9401216 -0.69974613 -0.5516113 996.42 
20150701211411 6.26802 0.2100912 -2.3505075 0.9272934 -0.7315111 -0.7535023 996.42 
20150701211411 8.552687 -0.54767364 -1.532289 0.8344419 -0.74372846 -0.86559606 996.42 
20150701211411 11.152191 -0.85891986 -0.6584055 0.80573124 -0.6994407 -0.83108217 996.41 
20150701211411 12.642582 -0.545878 -0.3890578 0.89552844 -0.46822822 -0.58459806 996.41 
20150701211411 12.641385 -1.2240356 -1.6603789 0.9896017 -0.09743301 -0.39828414 996.41 
20150701211411 11.766903 -3.0963013 -3.4769795 1.0433578 0.21227567 -0.37018433 996.41 
20150701211411 11.86686 -3.1429882 -2.7114334 0.9621128 0.34483343 -0.29871312 996.41 
20150701211411 12.672509 -1.4730326 -1.79206 0.62125 0.22113322 -0.27000242 996.41 
20150701211411 11.779472 0.45908818 -1.8166006 0.35155296 0.22143865 -0.33322698 996.41 
20150701211411 7.644686 2.556409 -10.810419 0.27885997 0.16737708 -0.32436943 996.41 
20150701211411 10.54586 1.395221 -9.858126 0.19975294 0.29657507 -0.269697 996.41 
20150701211411 12.556391 -1.8351556 -7.949348 -0.10293079 0.07666359 -0.31887165 996.4 
20150701211411 13.034034 -5.1247888 -7.8876977 -0.3268129 -0.54702985 -0.3933972 996.4 
20150701211411 14.879365 -6.8528037 -7.875128 -0.52748215 -0.45112398 -0.32436943 996.4 
20150701211411 12.58572 -5.1517234 -7.1939774 -0.47494772 0.10354166 -0.15332718 996.4 
20150701211411 11.566987 -1.5394717 -5.204396 -0.2602286 0.47067168 0.1695151 996.4 
20150701211411 9.191938 -0.28790274 -3.7175968 -0.21197024 0.61300325 0.64843345 996.4 
20150701211411 7.1526775 -0.3716998 -1.9752164 -0.2284636 0.5684101 0.7987063 996.4 
20150701211411 5.2810106 0.093373865 -1.3072342 -0.31887165 0.6462954 0.945314 996.4 
20150701211411 4.301782 -0.2693477 -1.9895816 -0.42149702 0.37568212 1.0665708 996.4 
20150701211411 3.3327289 -1.0480618 -1.4341269 -0.5864306 0.16829337 1.1554517 996.39 
20150701211411 2.2343888 -1.5424645 -1.5269021 -0.91690874 0.07422013 1.104139 996.39 
20150701211411 2.1811178 -1.9369092 -1.7076644 -0.981355 -0.058337633 1.0134255 996.39 
20150701211411 3.8109705 -2.7964275 -2.1164744 -0.9239337 -0.04795292 0.97402465 996.39 
20150701211411 5.044583 -3.2573113 -1.3634979 -0.90194255 -0.07788532 0.8549059 996.39 
20150701211411 6.3260794 -4.128801 -1.1869255 -0.8185594 -0.22021692 0.65209866 996.39 
20150701211411 8.514978 -6.777985 -2.409764 -0.74006325 -0.21991149 0.5494733 996.39 
20150701211412 10.087969 -5.1966147 -2.456451 -0.80878556 -0.020463986 0.46670106 996.39 
20150701211412 12.105083 -3.425504 -3.3183637 -1.0473285 0.11026118 0.36560285 996.39 
20150701211412 14.09287 -5.129577 -3.2004492 -1.2266175 0.15302174 0.17715092 996.44 
20150701211412 14.175469 -6.983288 -1.9069817 -0.88361657 0.105068825 0.03604105 996.44 
20150701211412 12.3516865 -8.740632 -2.0769699 -0.50762904 0.094989546 0.12217305 996.44 
20150701211412 9.532514 -8.085219 -4.973954 -0.057726767 0.14263703 0.35430184 996.44 
20150701211412 7.339425 -4.955399 -9.592968 0.27488935 0.23396139 0.54183745 996.44 
20150701211412 7.675212 -2.1398177 -8.75799 0.20647246 0.22266038 0.58459806 996.44 
20150701211412 10.945692 -0.49200845 -6.618172 0.18173242 -0.36835176 0.47861293 996.44 
20150701211412 13.109451 -0.5231331 -6.125565 0.47800204 -0.8677341 0.4120286 996.44 
20150701211412 15.570092 -0.19033903 -7.1945763 0.81061816 -0.8210029 0.41325033 996.44 
20150701211412 16.192585 -1.3210008 -7.6351094 0.8854492 -0.675617 0.28130344 996.42 
20150701211412 13.112444 -3.4081461 -6.8809357 0.659429 -0.3894266 9.162979E-4 996.42 
20150701211412 8.680179 -3.4290953 -4.395156 0.35430184 0.040927973 -0.39920044 996.42 
20150701211412 7.53994 -3.0220811 -2.1679497 0.16187929 0.6337727 -0.78893244 996.42 
20150701211412 5.5641246 -2.9879637 -0.3196259 0.19181168 1.0861185 -0.8350528 996.42 
20150701211412 3.6032736 -2.630629 -0.5907693 0.4071417 0.96761054 -0.66339964 996.42 
20150701211412 2.5899277 -1.5795746 -1.0366893 0.66798115 0.516792 -0.61422503 996.42 
20150701211412 2.895787 -0.13347675 -1.2671312 0.7134906 0.35094208 -0.636827 996.42 
20150701211412 4.3448777 0.4890157 -1.1965023 0.6914995 0.0015271631 -0.6969972 996.42 
20150701211412 5.917868 -0.017357962 -0.8948329 0.73792523 -0.19425514 -0.7538077 996.36 
20150701211412 6.875549 -0.7200562 -0.27114335 0.84849185 -0.3484986 -0.6948592 996.36 
20150701211412 8.156446 -1.1522095 -0.51355624 0.93218035 -0.29443705 -0.70463306 996.36 
20150701211412 10.070012 -1.5921441 -0.45250413 1.0720685 -0.15607607 -0.62888575 996.36 
20150701211412 10.702681 -2.3175871 -1.5693992 1.2327261 -0.06169739 -0.49693888 996.36 
20150701211412 10.870275 -2.943671 -3.3105824 1.4468343 -0.07269296 -0.33964106 996.36 
20150701211412 12.828732 -2.107496 -2.3517046 1.4563028 0.034513887 -0.2134974 996.36 
20150701211412 13.76247 -1.5221137 -2.1404164 1.2360858 0.02321288 -0.15027285 996.36 
20150701211412 12.726379 1.2270284 -4.883573 0.9950995 0.016493361 -0.19242255 996.36 
20150701211412 11.227011 3.6990416 -9.234436 0.70249504 0.25320363 -0.2144137 996.37 
20150701211412 12.43728 4.260482 -8.759786 0.15118915 0.34025195 -0.43676865 996.37 
20150701211412 11.154586 -3.1172507 -6.575675 -0.45998153 0.26297748 -0.7495316 996.37 
20150701211412 10.441712 -7.004237 -8.184579 -0.70249504 -0.3390302 -0.9260717 996.37 
20150701211412 10.3639 -5.823297 -7.1993647 -0.745561 0.17012598 -0.8970556 996.37 
20150701211412 11.495161 -2.9364884 -7.8308353 -0.8943067 0.70341134 -0.34605515 996.37 
20150701211412 11.434708 0.3321955 -5.315128 -0.7189884 0.24404067 0.2910773 996.37 
20150701211412 9.330204 1.5173253 -4.7267528 -0.75228053 0.50854534 0.74097955 996.37 
20150701211412 7.141305 1.7998412 -3.7020345 -0.81306165 0.7644979 1.0152581 996.37 
20150701211412 5.407305 1.1246762 -3.5739446 -1.1695015 0.73945236 1.2409728 996.4 
20150701211412 4.2676644 0.20709845 -3.527856 -1.677436 0.27488935 1.2238685 996.4 
20150701211412 3.4278982 -1.0887632 -3.2728736 -2.0390682 0.29779682 1.1948525 996.4 
20150701211412 3.1376014 -2.4271219 -3.1627405 -2.439185 0.33383787 1.1478158 996.4 
20150701211412 3.4153287 -4.060566 -3.0017304 -2.6600127 0.38881573 1.0320568 996.4 
20150701211412 4.997896 -5.149329 -2.7401638 -2.726597 0.40591997 0.8756753 996.4 
20150701211412 6.6271505 -5.873575 -3.3375173 -2.6481009 0.2706133 0.7367035 996.4 
20150701211412 8.169016 -6.771401 -4.1826706 -2.525317 0.14385876 0.5897904 996.4 
20150701211412 8.693945 -6.527791 -4.5238442 -2.4523184 0.01740966 0.42241332 996.4 
20150701211412 8.996812 -5.815516 -4.435259 -2.3774874 0.01038471 0.37415496 996.44 
20150701211412 9.554062 -3.5930982 -3.2842462 -2.243097 0.10720685 0.59559363 996.44 
20150701211412 9.066842 -1.2431892 -2.285864 -2.080607 0.29138273 0.9599747 996.44 
