20150701210516 7.5046253 3.4398694 -0.21188685 -0.45906523 0.003970624 -0.25686884 996.32 
20150701210516 8.577228 6.10701 0.90261406 -0.23457226 -0.19730948 -0.23579398 996.32 
20150701210516 9.43495 7.7865424 1.7220296 -0.28405234 -0.27488935 -0.1994475 996.33 
20150701210516 10.06283 8.07265 1.5388732 -0.41141775 -0.17287487 -0.17806722 996.33 
20150701210516 13.026852 7.890092 0.60573304 -0.44684792 -0.15393804 -0.13805555 996.33 
20150701210516 13.193847 4.8494554 -1.7328035 -0.25870144 -0.25778514 -0.13255776 996.33 
20150701210516 11.251551 4.408324 -2.585738 -0.2012801 -0.22571471 -0.22510384 996.33 
20150701210516 11.942278 5.0559554 -0.86610246 -0.2932153 0.014660766 -0.13927728 996.33 
20150701210516 7.487866 7.5171947 -4.325724 -0.27000242 0.0720821 -0.37140608 996.33 
20150701210516 6.0567317 4.746505 -8.916007 0.160963 -0.09315695 -0.42241332 996.33 
20150701210516 9.806051 3.8133647 -8.315661 0.3933972 -0.48563787 -0.16737708 996.33 
20150701210516 10.54586 3.7553053 -6.6427126 0.2574797 -0.4083634 0.045814894 996.34 
20150701210516 11.00435 5.668871 -7.513005 -0.14782938 -0.39553526 0.27550024 996.34 
20150701210516 11.018116 6.1943984 -6.091448 -0.5525276 -0.24037547 0.6084218 996.34 
20150701210516 9.566631 6.0280013 -4.1623197 -0.9550878 -0.09315695 0.74281216 996.34 
20150701210516 6.2781954 4.642357 -3.0178912 -1.3130548 0.031154128 0.73456544 996.34 
20150701210516 4.976947 1.8722657 -2.172738 -1.6181821 0.13500121 0.7281514 996.34 
20150701210516 4.6662993 0.6356605 -2.1296425 -1.781283 0.07422013 0.68691796 996.34 
20150701210516 4.4597993 -0.31364042 -2.1021092 -1.7040086 -0.22999077 0.7134906 996.34 
20150701210516 4.956596 -1.0013748 -2.1751323 -1.4798211 -0.59712076 0.72265357 996.34 
20150701210516 5.940613 -0.5009867 -2.0482395 -1.244027 -1.010982 0.7021896 996.32 
20150701210516 7.6853876 0.27952304 -1.5382746 -1.1349876 -1.0677924 0.6588182 996.32 
20150701210516 10.378864 0.29508537 -2.0590134 -1.0308352 -1.0421361 0.6453791 996.32 
20150701210516 11.014524 0.8822633 -0.96187055 -0.9279043 -0.904386 0.64934975 996.32 
20150701210516 12.16434 1.1671734 0.23104046 -0.83169305 -0.65393126 0.63071835 996.32 
20150701210516 12.276868 2.296638 1.4030021 -0.8035932 -0.19150625 0.5720753 996.32 
20150701210516 11.341333 3.891775 0.6631939 -0.89980453 0.29749137 0.42058071 996.32 
20150701210516 9.041702 5.4342394 -1.536479 -0.8918633 0.6630942 0.3707952 996.32 
20150701210516 8.842984 3.040636 -2.6378117 -0.6569856 0.6927212 0.26908615 996.32 
20150701210516 8.478467 0.61171854 -5.711368 -0.552833 0.4382958 0.17531833 996.35 
20150701210516 9.337985 0.032920275 -7.7027454 -0.38423425 0.16920967 0.23457226 996.35 
20150701210516 13.221979 1.3503298 -6.1423244 0.0870483 -0.4288274 0.54092115 996.35 
20150701210516 14.967951 5.695806 -5.145139 0.39736784 -0.93676186 0.7696902 996.35 
20150701210516 13.095685 8.393473 -6.3362546 0.5030475 -0.9776898 0.7965683 996.35 
20150701210516 12.846089 6.715137 -4.9135003 0.60903263 -0.11209377 0.46028697 996.35 
20150701210516 11.372458 2.938284 -3.1759086 0.40744713 0.28221974 0.03359759 996.35 
20150701210516 9.607931 0.5081693 -1.9135658 0.2724459 0.50823987 -0.3231477 996.35 
20150701210516 6.9689226 -0.6452374 -1.0085574 0.23151793 0.6441574 -0.6450737 996.35 
20150701210516 4.570531 -2.510919 -0.6386533 0.43188173 0.8020661 -0.9034697 996.35 
20150701210516 2.9167361 -0.6811504 -1.0360907 0.6606508 0.60903263 -0.9783007 996.35 
20150701210516 3.5847185 2.0201077 -2.0967221 1.0021244 0.45356745 -0.9950995 996.35 
20150701210516 4.2754455 4.208408 -2.6599581 1.5060883 0.18509217 -1.0778717 996.35 
20150701210517 5.3881507 5.3618145 -2.6761189 1.8093829 -0.2519819 -1.2012665 996.35 
20150701210517 7.9194207 6.7666125 -2.8401217 1.8051068 -0.5296202 -1.2925909 996.35 
20150701210517 10.518925 9.044696 -0.6374562 1.6511687 -0.5122105 -1.1621711 996.35 
20150701210517 13.575722 9.174581 0.044292733 1.2443326 -0.28527406 -0.7855727 996.35 
20150701210517 11.810597 5.157709 -1.6244658 0.94806284 0.087964594 -0.5317582 996.35 
20150701210517 8.757391 3.2615013 -5.120599 0.5876524 0.6649268 -0.5815437 996.35 
20150701210517 8.722675 5.9304376 -3.2968156 0.33475417 1.4071281 -0.40317106 996.35 
20150701210517 9.474455 7.8009076 -4.446631 0.07513642 1.3429873 -0.27397305 996.35 
20150701210517 9.190742 6.685808 -6.4350157 0.13805555 0.56046885 -0.3222314 996.35 
20150701210517 10.208876 3.9630024 -6.069301 0.2507602 0.01863139 -0.2855795 996.35 
20150701210517 10.105926 2.2164323 -5.0134583 -0.10720685 -0.3454443 -0.28955013 996.35 
20150701210517 11.125257 2.9538465 -5.457583 -0.2565634 -0.1863139 -0.11636983 996.35 
20150701210517 10.349535 4.0282445 -4.736928 -0.22082779 -0.19822577 0.16432275 996.35 
20150701210517 9.329007 4.4125137 -4.111443 -0.20189096 -0.22266038 0.42088616 996.35 
20150701210517 7.0808516 3.0801406 -3.306991 -0.20066923 -0.21502456 0.5870415 996.32 
20150701210517 5.0062757 2.2122424 -2.914342 -0.29016098 -0.20952678 0.5870415 996.32 
20150701210517 3.9468415 1.2138603 -2.4289176 -0.3848451 -0.26236662 0.60231316 996.32 
20150701210517 3.776853 0.6572084 -2.2104468 -0.40439278 -0.61758476 0.6160576 996.32 
20150701210517 4.285621 0.92176765 -3.0831332 -0.39278635 -1.0876455 0.6264423 996.32 
20150701210517 5.071518 1.2611457 -3.7427359 -0.4382958 -1.1264355 0.61819565 996.32 
20150701210517 7.7865424 2.2523453 -3.4045548 -0.59773165 -1.1307116 0.6575964 996.32 
20150701210517 11.713034 2.96881 -1.0055647 -0.7318166 -1.151481 0.6133087 996.32 
20150701210517 13.874997 2.223615 0.7882909 -0.8213083 -1.2586879 0.55741453 996.32 
20150701210517 14.614207 1.9800048 1.6460136 -0.97402465 -1.0488557 0.5992588 996.35 
20150701210517 12.443863 2.5845408 0.78769237 -1.144456 -0.43279803 0.59864795 996.35 
20150701210517 8.837597 2.4079683 -1.2306197 -1.2321151 0.28221974 0.50976706 996.35 
20150701210517 5.61141 0.37708676 -2.3469162 -1.0421361 0.90102625 0.41783184 996.35 
20150701210517 3.7978024 0.56443304 -5.395334 -0.69027776 1.0363328 0.27916542 996.35 
20150701210517 3.8295257 -1.359308 -10.394426 -0.33750305 0.7806858 0.17379116 996.35 
20150701210517 17.533339 -0.88525605 -5.427655 0.4877759 0.14874569 0.086437434 996.35 
20150701210517 19.08897 2.8299465 -6.8282633 1.3561208 -0.9923506 0.61911196 996.35 
20150701210517 17.646463 9.772532 -12.250531 1.6905695 -1.7220291 0.8527679 996.35 
20150701210517 16.79353 9.886856 -11.164163 1.5216653 -1.074512 0.3222314 996.31 
20150701210517 12.391191 6.1524997 -7.597999 0.8078693 0.18906279 -0.14172074 996.31 
20150701210517 7.4268136 2.5851393 -2.3750482 -0.13744467 0.72112644 -0.70188415 996.31 
20150701210517 3.5535939 1.5765818 1.1498153 -0.47036624 1.6881261 -0.93523467 996.31 
20150701210517 2.8209682 -1.3946224 1.4838065 -0.18387043 2.2214115 -0.97524637 996.31 
20150701210517 3.2136173 -1.3946224 1.1749545 0.2565634 1.68385 -0.850019 996.31 
20150701210517 3.9749734 -0.107739076 -0.30047232 0.9502009 0.9306532 -0.7593055 996.31 
20150701210517 5.0661306 1.929128 -2.3301568 1.5745052 -0.23457226 -0.63621616 996.31 
20150701210517 5.441422 2.9269116 -3.489549 1.7635679 -0.5885687 -0.66675943 996.31 
20150701210517 6.569091 4.0521865 -3.5230677 1.7687603 -0.44868052 -0.9138544 996.29 
20150701210517 8.46889 5.228338 -2.7922378 1.6136005 -0.24129178 -0.97066486 996.29 
20150701210517 9.308656 6.896498 -1.0001777 1.3054191 0.093767814 -0.7309003 996.29 
20150701210517 9.884461 6.849811 0.6242881 0.98563105 0.6966918 -0.5867361 996.29 
20150701210517 7.453748 5.4791307 -0.6967127 0.65057147 1.1233811 -0.5155703 996.29 
20150701210517 6.6612678 3.903746 -0.53929394 0.56077427 1.4581354 -0.4642576 996.29 
20150701210517 7.179612 4.064756 -2.0739772 0.34880406 1.2953397 -0.32925636 996.29 
20150701210517 8.5862055 7.9409685 -3.4243069 0.15485434 0.88117313 -0.21777347 996.29 
20150701210517 10.482413 7.092224 -10.58716 0.046120327 0.57910025 -0.310625 996.29 
20150701210518 12.761694 8.293514 -10.582372 0.12339478 -0.30879238 -0.63591075 996.31 
20150701210518 15.0302 4.892551 -9.657013 0.006414085 -1.1166617 -0.93401295 996.31 
20150701210518 15.911864 2.391209 -7.392098 -0.38545597 -1.690875 -0.75502944 996.31 
20150701210518 15.179837 2.0410569 -5.1756654 -0.7809912 -0.7128797 -0.27214047 996.31 
20150701210518 11.09473 3.9199066 -4.0946836 -0.5170974 0.29260445 0.19303341 996.31 
20150701210518 6.7348895 4.2610803 -2.3235726 -0.34574974 0.9776898 0.6081163 996.31 
20150701210518 4.2778397 2.2990322 -0.13946225 -0.36713 1.2516629 0.88422745 996.31 
20150701210518 3.5625722 2.6150668 -0.4866215 -0.2837469 1.0308352 0.8237518 996.31 
20150701210518 2.9466639 2.9879637 -1.3293805 0.043982297 0.38515055 0.86009824 996.31 
20150701210518 3.1531637 1.6675615 -1.8022354 0.17348573 -0.35827246 0.786489 996.33 
20150701210518 3.6942532 0.38067806 -2.2589293 -0.06536258 -1.212262 0.64812803 996.33 
20150701210518 4.4921207 -0.6811504 -2.847903 -0.20097467 -1.4639386 0.6414085 996.33 
20150701210518 6.3512187 -0.7751228 -2.9137435 -0.19730948 -1.4010195 0.73761976 996.33 
20150701210518 8.432379 0.10414778 -1.9255368 -0.13194689 -1.2825116 0.7855727 996.33 
20150701210518 10.25257 0.9636662 -1.3820529 -0.0870483 -1.0332786 0.600786 996.33 
20150701210518 12.1840925 1.3078327 -0.96546185 -0.226631 -0.7987063 0.41996986 996.33 
20150701210518 13.2273655 2.417545 -0.53570265 -0.43890667 -0.35796702 0.32498032 996.33 
20150701210518 13.087305 3.6900635 -0.3645172 -0.68233645 -0.06841691 0.19639318 996.33 
20150701210518 11.000758 4.255095 0.07062895 -0.6389651 0.19211712 0.03390302 996.32 
20150701210518 10.714651 1.3581109 -0.5255273 -0.42058071 0.30573806 -0.009162978 996.32 
20150701210518 9.223063 0.26515785 -9.379884 -0.13744467 0.40408736 0.089491755 996.32 
20150701210518 10.939108 0.42437226 -11.591528 0.29016098 0.36682457 0.37904188 996.32 
20150701210518 14.141951 1.9608512 -6.576872 0.9807441 0.046731193 0.62980205 996.32 
20150701210518 13.979744 4.060566 -8.191761 1.5021176 -1.287093 0.6600399 996.32 
20150701210518 16.020203 8.049306 -9.9790325 1.7895297 -1.4068227 0.573297 996.32 
20150701210518 14.456788 8.339603 -8.84478 1.4804319 -0.36377025 0.37568212 996.32 
20150701210518 11.156382 5.4857144 -6.3404446 0.8573494 0.41630468 -0.093767814 996.32 
20150701210518 6.6893997 3.6152446 -2.473809 0.12308934 0.6270532 -0.7458665 996.31 
20150701210518 3.2267854 2.4229321 0.22385786 -0.1731803 1.0054842 -0.91690874 996.31 
20150701210518 2.0111294 0.047884032 0.30825347 0.11056661 1.2840388 -0.7699956 996.31 
20150701210518 2.7216089 -2.8993783 -0.4429273 0.39492437 1.1856894 -0.7199047 996.31 
20150701210518 4.080917 -0.9032126 -0.825401 0.5112942 0.79381937 -0.8246681 996.31 
20150701210518 3.3506854 1.2042835 -1.6484078 0.9282097 0.21685717 -0.7483099 996.31 
20150701210518 3.5625722 3.0621839 -2.6647465 1.2904528 -0.5296202 -0.7049385 996.31 
20150701210518 4.923077 4.1437645 -2.60968 1.4804319 -0.66248333 -0.7535023 996.31 
20150701210518 8.448539 6.229713 -2.3558946 1.5555683 -0.54641896 -0.81214535 996.31 
20150701210518 11.331158 7.5004354 -1.8746599 1.3939945 -0.35918877 -0.6038403 996.27 
20150701210518 11.975199 6.9719152 -2.1272483 1.1078042 0.28221974 -0.46578476 996.27 
20150701210518 11.333552 5.0026846 -2.7323828 0.71837753 0.83199847 -0.49754974 996.27 
20150701210518 9.973646 2.7485435 -1.7393875 0.47952923 1.3350459 -0.49632803 996.27 
20150701210518 8.4425535 3.714604 -0.9840169 0.23060162 1.561677 -0.28313604 996.27 
20150701210518 7.8050976 7.6602483 -1.6711528 0.1459968 1.5033394 -0.11209377 996.27 
20150701210518 7.03596 7.9511437 -10.78947 0.20341812 1.162782 -0.19394971 996.27 
20150701210518 10.077195 7.4028716 -7.6626425 0.22632557 0.37720928 -0.5910121 996.27 
20150701210518 11.660361 4.4621935 -8.48984 0.077579886 -0.8573494 -0.8872818 996.27 
20150701210518 12.932879 3.484162 -5.816713 -0.50915617 -1.4697418 -0.78984874 996.31 
20150701210518 14.838664 3.8468835 -6.1381345 -0.9728029 -0.70157874 -0.36346483 996.31 
20150701210518 12.819753 6.0645127 -6.399701 -0.8042041 -0.27855456 0.23732115 996.31 
20150701210518 9.931149 6.2434793 -5.54138 -0.6432411 0.44257188 0.6780604 996.31 
20150701210518 8.181585 3.093907 -2.4863784 -0.7318166 0.79412484 1.0158689 996.31 
20150701210519 5.7143607 2.2529438 -1.002572 -0.93554014 0.8546005 0.89766645 996.31 
20150701210519 3.8564603 2.0296845 -0.92057055 -0.8017606 0.44440445 0.7669413 996.31 
20150701210519 3.6092591 1.1593921 -1.2761095 -0.74036866 -0.2919936 0.7440339 996.31 
20150701210519 2.6072857 -0.32920274 -1.8405426 -0.8426886 -0.7272351 0.806953 996.31 
20150701210519 2.7180176 -0.878672 -2.3014264 -0.9636399 -0.8350528 0.7987063 996.3 
20150701210519 2.967613 -0.62488663 -2.2361844 -0.9975429 -1.0012082 0.883922 996.3 
20150701210519 6.245275 0.3238158 -2.8927941 -0.85918194 -1.0528263 0.95356065 996.3 
20150701210519 8.631097 1.323395 -1.8285716 -0.6389651 -1.1218541 0.9211848 996.3 
20150701210519 11.52868 1.745373 -1.1695676 -0.6609562 -1.0680978 0.6084218 996.3 
20150701210519 13.221979 1.6214731 -0.74639237 -0.8228355 -0.91507614 0.39370266 996.3 
20150701210519 13.585897 2.8999767 -1.2042835 -1.1233811 -0.5821546 0.30909783 996.3 
20150701210519 13.342287 3.5344403 -1.2557588 -1.1597277 -0.12034045 0.28130344 996.3 
20150701210519 13.038822 3.34051 -0.27712885 -0.9263771 0.18875736 0.18509217 996.3 
20150701210519 11.963826 1.1605892 0.3752911 -0.6444628 0.26358834 0.067500606 996.39 
20150701210519 10.598533 -1.3455414 -4.325125 -0.4071417 0.34697145 0.102319926 996.39 
20150701210519 9.898827 0.35254622 -7.1712327 0.032986723 0.419359 0.19364429 996.39 
20150701210519 10.979211 2.3762453 -5.092467 0.5714644 -0.15790866 0.33353242 996.39 
20150701210519 11.493365 4.6962266 -5.816713 1.1129965 -0.97524637 0.5174029 996.39 
20150701210519 12.740745 7.289746 -6.3925185 1.2938126 -0.88300574 0.6160576 996.39 
20150701210519 14.355035 7.6363063 -6.0848637 1.2052372 -0.02565634 0.46211955 996.39 
20150701210519 13.472772 4.71119 -4.830302 1.0100657 0.464563 0.13836098 996.39 
20150701210519 9.647436 3.1082723 -2.8179753 0.6731735 0.5693264 -0.4343252 996.39 
20150701210519 6.085462 2.2337902 -1.4167689 0.36254853 0.74372846 -0.81153446 996.27 
20150701210519 3.8738184 -0.22984336 -0.66858083 0.32925636 0.9761627 -0.95630956 996.27 
20150701210519 4.06715 -0.08439561 -0.1400608 0.41355577 0.91599244 -1.0390818 996.27 
20150701210519 3.0801406 0.25558102 -0.90859956 0.71929383 0.63285637 -0.8304713 996.27 
20150701210519 2.7820623 1.4341269 -1.934515 1.1239921 0.12858713 -0.68019843 996.27 
20150701210519 3.3692403 2.996942 -2.256535 1.3359623 -0.22602014 -0.6762278 996.27 
20150701210519 5.34326 4.6459484 -2.2056582 1.5317446 -0.32559118 -0.7816021 996.27 
20150701210519 7.4603324 6.307524 -1.7034745 1.5054774 -0.50762904 -0.80573124 996.27 
20150701210519 8.756194 7.27957 -0.42556936 1.3738359 -0.44073927 -0.6933321 996.27 
20150701210519 10.383054 7.0395517 -0.9367314 1.0955868 -0.21594086 -0.548557 996.32 
20150701210519 10.625467 5.3282957 -1.8321629 0.8173377 0.2180789 -0.4175264 996.32 
20150701210519 10.839149 4.1054573 -2.6886885 0.6081163 0.7293731 -0.44257188 996.32 
20150701210519 9.800665 5.159505 -1.8207904 0.45112398 0.8472701 -0.35063666 996.32 
20150701210519 9.343372 7.3669586 -2.429516 0.14569137 0.7788532 -0.15607607 996.32 
20150701210519 8.485649 7.6093717 -9.1590185 -0.069027774 0.5687156 -0.3277292 996.32 
20150701210519 8.107366 8.698134 -10.167576 0.040317107 0.03940081 -0.5180137 996.32 
20150701210519 12.612655 6.4230447 -10.065224 0.009162978 -0.89766645 -0.59986967 996.32 
20150701210519 13.825916 3.2728736 -6.8545995 -0.4297437 -1.4727961 -0.4978552 996.32 
20150701210519 14.434044 2.861071 -6.0519433 -0.8888089 -0.79534656 -0.2843578 996.29 
20150701210519 11.146206 3.9881415 -5.4025164 -0.7669413 -0.29993483 -0.05497787 996.29 
20150701210519 8.470686 4.346673 -4.8578353 -0.49938235 0.0888809 0.3912592 996.29 
20150701210519 6.3589997 2.9801826 -2.3702598 -0.34513888 0.39584067 0.9083566 996.29 
20150701210519 3.9881415 2.3253684 -0.51475334 -0.4700608 0.51007247 0.8961393 996.29 
20150701210519 2.4690206 1.9351135 -0.24121583 -0.5036584 0.4279111 0.7699956 996.29 
20150701210519 1.8752584 1.5879543 -0.88405895 -0.5488624 -0.0036651916 0.7189884 996.29 
20150701210519 1.7124528 0.17298107 -1.8243817 -0.58184916 -0.5467244 0.7464773 996.29 
20150701210519 2.6850972 -0.89423436 -2.3349452 -0.53969944 -0.8573494 0.743423 996.29 
20150701210519 4.1557355 -0.7457938 -3.080739 -0.44257188 -1.0195341 0.79290307 996.34 
20150701210520 7.2023573 0.50517654 -3.083732 -0.27122417 -1.097114 0.8335256 996.34 
20150701210520 10.726024 1.5705963 -2.3199813 -0.23701571 -1.058324 0.7370089 996.34 
20150701210520 13.264476 1.9428947 -1.7220296 -0.41905355 -0.8781188 0.59895337 996.34 
20150701210520 14.331093 2.7329812 -1.9734207 -0.8167268 -0.4990769 0.42913285 996.34 
20150701210520 13.961787 5.104438 -2.2649148 -1.0415252 0.051618114 0.36346483 996.34 
20150701210520 13.111846 5.4863133 -1.0342951 -0.90010995 0.25259277 0.3005457 996.34 
20150701210520 11.7148285 3.3135753 -0.06284779 -0.70738196 0.28221974 0.19730948 996.34 
20150701210520 11.748347 -0.8319851 2.4666264 -0.52778757 0.4156938 0.12950343 996.34 
20150701210520 11.116279 -1.3090298 -2.731784 -0.21044308 0.4279111 0.32467487 996.34 
20150701210520 7.911041 -0.074220255 -8.723274 -0.024129177 0.3491095 0.4034765 996.34 
20150701210520 8.316259 -0.58897364 -9.08001 0.35369098 0.22082779 0.44715336 996.34 
20150701210520 12.442666 3.8845923 -7.031172 1.2812898 -0.8961393 0.56199604 996.34 
20150701210520 15.120581 5.907094 -9.105149 1.640784 -1.4501941 0.61361414 996.34 
20150701210520 15.94239 8.24563 -8.663419 1.5326608 -0.915687 0.5128214 996.34 
20150701210520 12.222999 6.453571 -6.612785 1.0943651 -0.029321533 0.09285152 996.34 
20150701210520 7.736264 3.6415808 -3.8498764 0.44623706 0.6612616 -0.43860126 996.34 
20150701210520 3.4560301 1.3964181 -1.1941081 0.07269296 1.0418307 -0.6411031 996.34 
20150701210520 2.0871453 -1.5807717 0.15083471 0.016187929 1.4999796 -0.7715228 996.3 
20150701210520 2.7659016 -1.4856021 0.55365914 0.19394971 1.7947221 -0.88178396 996.3 
20150701210520 2.3983915 -0.19931729 -0.18854338 0.54336464 1.4688255 -0.82741696 996.3 
20150701210520 2.7114334 2.0272903 -1.4389153 0.8170323 0.45845437 -0.8029824 996.3 
20150701210520 3.0663738 4.1683054 -2.5833437 1.2092078 -0.13225232 -0.7724391 996.3 
20150701210520 5.111022 5.5551467 -2.8502972 1.4688255 -0.68600166 -0.80909103 996.3 
20150701210520 7.961319 6.0639143 -2.3828292 1.4727961 -0.7370089 -0.7641924 996.3 
20150701210520 10.203489 7.0928226 -0.98581254 1.3432927 -0.3827071 -0.5729916 996.3 
20150701210520 12.21821 7.4549456 -0.31603462 0.89461213 0.12705997 -0.38148534 996.3 
20150701210520 12.4630165 5.8837504 -1.192911 0.47555858 0.8176431 -0.33414328 996.34 
20150701210520 10.0903635 3.472191 -1.3395559 0.24373524 1.1478158 -0.410196 996.34 
20150701210520 8.076839 3.2980127 -1.2880806 -0.07269296 1.2684617 -0.44135013 996.34 
20150701210520 7.16405 6.1106014 -2.9496565 -0.19883664 1.1496484 -0.34116822 996.34 
20150701210520 7.881712 7.325659 -9.312247 -0.10781772 0.64873886 -0.35613444 996.34 
20150701210520 11.273697 8.536526 -9.069835 0.07696902 -0.38453966 -0.36132678 996.34 
20150701210520 12.937069 6.353613 -7.3071036 0.10048734 -1.1453724 -0.4251622 996.34 
20150701210520 12.987347 3.1956608 -6.4619503 -0.30482176 -1.5677856 -0.32436943 996.34 
20150701210520 14.454394 1.0043676 -5.6736593 -0.70066243 -0.47800204 -0.24923302 996.34 
20150701210520 13.053786 1.6885108 -4.629189 -0.54183745 0.023823744 -0.12736541 996.36 
20150701210520 8.75799 5.0451818 -3.494936 -0.14477506 0.4896085 0.2666427 996.36 
20150701210520 6.3871317 3.3183637 -1.6448165 0.007330383 0.69027776 0.7076874 996.36 
20150701210520 4.3598413 3.2231941 -1.2563573 -0.12461651 0.6606508 0.7104363 996.36 
20150701210520 3.7379475 3.4117374 -1.3509283 -0.12980886 0.43982297 0.64599 996.36 
20150701210520 3.2902317 2.0973208 -2.0757728 -0.09101892 -0.30879238 0.6786713 996.36 
20150701210520 2.8323407 0.80325466 -2.6611552 -0.24617869 -1.1047498 0.7467828 996.36 
20150701210520 2.8790276 0.023942016 -3.1190462 -0.40317106 -1.210735 0.799928 996.36 
20150701210520 4.611831 0.1921347 -2.9227216 -0.49205196 -1.1166617 0.88025683 996.36 
20150701210520 7.5770497 0.6368576 -2.1080947 -0.5647449 -1.0479393 0.9056077 996.3 
20150701210520 10.368091 0.75836337 -1.7238252 -0.58368176 -0.90316427 0.784351 996.3 
20150701210520 12.3038025 0.7308301 -0.7248446 -0.7528914 -0.818254 0.55833083 996.3 
20150701210520 12.983157 1.9752164 -0.95827925 -0.9776898 -0.4908302 0.49357912 996.3 
20150701210520 12.842498 2.89459 -1.4257472 -1.0598512 -0.13439035 0.44837508 996.3 
20150701210521 12.17272 3.0759506 -0.7835025 -0.91874135 0.14905111 0.34605515 996.3 
20150701210521 11.558009 1.4089876 -0.022744916 -0.5458081 0.2648101 0.14080444 996.3 
20150701210521 12.130223 -1.4951789 -0.88286185 -0.25228736 0.30848694 0.15210545 996.3 
20150701210521 9.179968 1.01574 -6.971317 -0.13500121 0.28405234 0.364992 996.3 
20150701210521 10.028113 -0.024540568 -9.275137 0.17195857 0.23487769 0.6973027 996.42 
20150701210521 12.171523 3.3572693 -7.813477 0.9410379 -0.07544186 0.81489426 996.42 
20150701210521 13.912107 5.771822 -7.3807254 1.4217888 -0.8723156 0.72265357 996.42 
20150701210521 16.704346 8.421006 -8.868123 1.5027285 -0.7687739 0.58184916 996.42 
20150701210521 16.613964 8.231265 -8.6813755 1.1184943 -0.3304781 0.20677789 996.42 
20150701210521 12.518084 5.6646814 -6.8228765 0.4269948 0.19975294 -0.46303585 996.42 
20150701210521 8.575432 3.7852328 -2.9963434 -0.20250183 0.41599923 -0.8323039 996.42 
20150701210521 3.643975 1.2389994 0.66618663 -0.36254853 0.88331115 -0.82558435 996.42 
20150701210521 3.1364043 -2.8006175 0.008379706 -0.12705997 1.1972959 -0.73426 996.42 
20150701210521 3.6343982 -1.6466122 -0.41958386 0.17562376 1.3301591 -0.75319684 996.35 
20150701210521 2.5779567 -0.059855044 -1.1575965 0.45875978 0.9822713 -0.7296785 996.35 
20150701210521 2.0769699 1.8764555 -1.596334 0.8888089 0.36102137 -0.70921457 996.35 
20150701210521 2.6737247 3.34051 -1.8154035 1.2064588 -0.28130344 -0.75136423 996.35 
20150701210521 5.187038 4.5178585 -1.4694413 1.3753631 -0.42119157 -0.8549059 996.35 
20150701210521 9.119514 5.8837504 -1.6729485 1.4413365 -0.46273044 -0.84299403 996.35 
20150701210521 11.652579 7.3753386 -1.9566613 1.3799446 -0.35430184 -0.65270954 996.35 
20150701210521 11.963826 6.3165026 -2.5019407 0.95356065 0.050701816 -0.5503896 996.35 
20150701210521 10.658387 3.942053 -2.8113914 0.6747007 0.7189884 -0.55680364 996.35 
20150701210521 9.124303 5.397728 -1.7435774 0.30207285 1.039998 -0.45814893 996.36 
20150701210521 8.537724 8.141483 -1.4293385 -0.042455133 1.2315043 -0.1863139 996.36 
20150701210521 9.706094 8.313866 -6.8504095 -0.08827003 1.0445796 -0.098043874 996.36 
20150701210521 9.531916 9.604341 -10.833763 -0.02107485 0.3662137 -0.16462818 996.36 
20150701210521 12.840104 7.3148847 -9.3499565 -0.105374254 -0.23793201 -0.37598756 996.36 
20150701210521 12.492346 3.970185 -7.475895 -0.39003745 -1.210124 -0.441961 996.36 
20150701210521 13.330317 0.86011696 -5.4342394 -0.8533788 -0.9636399 -0.32162055 996.36 
20150701210521 12.424709 1.0714053 -5.2852 -0.86834496 -0.2996294 -0.16279559 996.36 
20150701210521 9.709086 3.7349546 -4.174889 -0.5839872 -0.025350908 0.13316862 996.36 
20150701210521 6.755839 4.4675803 -3.1962593 -0.5299256 0.12950343 0.5900958 996.32 
20150701210521 4.0037036 3.8313212 -1.7340006 -0.6038403 0.31612277 0.79443026 996.32 
20150701210521 3.0370448 3.3883939 -0.908001 -0.6420194 0.26236662 0.8042041 996.32 
20150701210521 2.3828292 2.565387 -1.1306617 -0.54611355 -0.26816985 0.81306165 996.32 
20150701210521 2.7928362 -0.50038815 -2.6719291 -0.6261369 -0.7870999 0.8732319 996.32 
20150701210521 4.5567646 -1.8058267 -3.691859 -0.72692966 -0.8970556 0.9275989 996.32 
20150701210521 6.712743 -1.4790181 -3.0561984 -0.7867944 -0.8979719 0.95111716 996.32 
20150701210521 9.387066 -0.031124622 -2.042254 -0.89461213 -1.0442741 0.81336707 996.32 
20150701210521 11.794436 1.1587936 -0.7404069 -0.90285885 -1.1206323 0.61269784 996.32 
20150701210521 13.289615 1.7944542 0.23702596 -0.9428705 -0.9987647 0.2779437 996.37 
20150701210521 13.297995 2.790442 0.022146367 -0.9950995 -0.6160576 0.0983493 996.37 
20150701210521 12.8209505 3.1064768 -0.7254431 -0.9663888 -0.077579886 0.10842858 996.37 
20150701210521 13.126809 3.084929 -0.78529817 -0.782213 0.3378085 0.15363261 996.37 
20150701210521 12.298415 2.9137435 0.985214 -0.30818152 0.46395215 0.15424347 996.37 
20150701210521 12.995727 1.091756 0.4938041 -0.06383542 0.4361578 0.16432275 996.37 
20150701210521 12.163742 1.447295 -4.185663 0.10354166 0.34666604 0.41783184 996.37 
20150701210521 9.285912 2.4181437 -7.5453267 0.21594086 0.47433686 0.56077427 996.37 
20150701210521 9.475652 1.939902 -7.9307933 0.4034765 0.32834008 0.6206391 996.37 
20150701210521 11.275493 3.9097314 -6.8402343 0.72601336 -0.43279803 0.5439755 996.26 
20150701210522 12.747329 4.794389 -5.957372 0.86437434 -0.6377433 0.50885075 996.26 
20150701210522 13.774441 5.3486466 -6.2249246 0.81489426 -0.53023106 0.36285394 996.26 
20150701210522 13.0998745 5.5401826 -5.875371 0.69027776 -0.0021380284 0.08032878 996.26 
20150701210522 10.1621895 4.3742065 -3.875614 0.47739118 0.4129449 -0.2779437 996.26 
20150701210522 6.967127 2.2517467 -1.5101427 0.29565877 0.5467244 -0.50488013 996.26 
20150701210522 5.113416 0.34476504 -0.55725044 0.20158553 0.7089091 -0.75777835 996.26 
20150701210522 4.274847 -0.49440265 -0.050876785 0.3915646 1.0091494 -0.9117164 996.26 
20150701210522 3.3692403 -0.8158242 -0.58298814 0.59895337 0.77824235 -0.93126404 996.26 
20150701210522 2.433706 1.4640543 -1.1426327 0.88056225 0.44440445 -0.8903361 996.32 
20150701210522 2.658761 3.1908724 -1.472434 1.1911873 0.11728613 -0.8542951 996.32 
20150701210522 4.655525 4.5992613 -2.2068555 1.5033394 -0.23060162 -0.872621 996.32 
20150701210522 7.587225 6.593033 -2.2056582 1.6316211 -0.5360342 -0.83291477 996.32 
20150701210522 10.107721 8.084022 -2.0608091 1.564426 -0.61178154 -0.7089091 996.32 
20150701210522 11.3562975 7.7967176 -1.6424223 1.2565498 -0.46914452 -0.600786 996.32 
20150701210522 11.705851 5.473145 -2.4534583 0.7666359 -0.034513887 -0.6441574 996.32 
20150701210522 10.485406 3.4913447 -2.5647886 0.56413406 0.5103779 -0.6579019 996.32 
20150701210522 9.279327 5.6305637 -0.94570965 0.2843578 0.8176431 -0.47616947 996.32 
20150701210522 9.81084 5.901707 -0.25019407 0.09254608 0.9440922 -0.2507602 996.3 
20150701210522 7.368156 5.999271 -5.9184666 0.069027774 0.5714644 -0.25534168 996.3 
20150701210522 6.4960675 7.8505874 -10.758346 0.10445796 0.41172317 -0.31520647 996.3 
20150701210522 11.2844715 9.540894 -9.973047 0.13561209 -0.10415252 -0.3368922 996.3 
20150701210522 13.901932 5.8885393 -7.7308774 -0.052534413 -1.0259482 -0.5326745 996.3 
20150701210522 15.093646 3.3614593 -7.40347 -0.43218717 -1.2296717 -0.4822781 996.3 
20150701210522 13.565547 2.3894134 -6.249465 -0.8436049 -0.96669424 -0.19730948 996.3 
20150701210522 10.450092 3.9246953 -5.0984526 -0.8240572 -0.0720821 0.21074851 996.3 
20150701210522 7.5345526 4.024653 -3.2321723 -0.6976081 0.5821546 0.6062838 996.3 
20150701210522 4.881179 2.5474305 -0.5626374 -0.5870415 0.59437186 0.89369583 996.31 
20150701210522 3.6086605 1.8782512 -0.0011971008 -0.45540005 0.5653558 0.906524 996.31 
20150701210522 1.46585 1.0959458 -0.32321724 -0.27916542 0.27763826 0.8979719 996.31 
20150701210522 0.7009025 0.45370123 -1.2192472 -0.3200934 -0.1994475 0.838718 996.31 
20150701210522 0.9091981 -0.89543146 -2.3624785 -0.46822822 -0.47494772 0.8011498 996.31 
20150701210522 2.5312698 -1.2389994 -3.3207579 -0.33169982 -0.7275405 0.818254 996.31 
20150701210522 7.339425 1.6047137 -3.359065 -0.29168814 -1.294118 0.86406887 996.31 
20150701210522 11.3562975 2.895787 -2.119467 -0.28008172 -1.5479325 0.7987063 996.31 
20150701210522 15.292365 2.3642743 -1.447295 -0.41172317 -1.5891659 0.56169057 996.31 
20150701210522 15.899295 1.5149311 -2.3421278 -0.7272351 -1.1768318 0.42913285 996.29 
20150701210522 14.050373 3.3602622 -3.0095115 -0.95814216 -0.36926803 0.47250426 996.29 
20150701210522 12.450447 5.2289367 -1.7423803 -0.9456194 0.19181168 0.60231316 996.29 
20150701210522 11.286865 4.200627 0.20470424 -0.7122689 0.548557 0.49571714 996.29 
20150701210522 10.258555 1.7100586 1.8148049 -0.5109888 0.71593404 0.22632557 996.29 
20150701210522 10.552444 -1.7160441 -3.5877113 -0.4007276 0.6178902 0.11942416 996.29 
20150701210522 9.301474 0.12389994 -7.8092875 -0.062002823 0.32925636 0.20952678 996.29 
20150701210522 10.653599 0.090381116 -6.917447 0.34391713 0.16523905 0.34513888 996.29 
20150701210522 11.907562 2.3948002 -7.0688806 0.7696902 -0.8347474 0.5112942 996.29 
20150701210522 13.567343 4.848857 -8.785523 1.3051136 -1.212262 0.66553766 996.34 
20150701210522 16.246454 7.867945 -8.862138 1.4764613 -0.5852089 0.5852089 996.34 
20150701210522 15.312117 7.5088153 -7.2729864 1.1224649 0.20219639 0.25686884 996.34 
20150701210522 11.068993 5.194819 -4.618415 0.6545421 0.6960809 -0.2012801 996.34 
20150701210522 6.476914 3.417723 -1.6992847 0.08857546 1.0482447 -0.66156703 996.34 
20150701210522 2.8808231 1.3904326 -0.27234045 -0.021685716 1.5592335 -0.82772243 996.34 
20150701210522 2.327164 -1.4137762 0.23403321 0.076358154 1.7363845 -0.98929626 996.34 
20150701210523 2.2613235 -0.83617496 0.6404489 0.19822577 1.5018122 -0.99204516 996.34 
20150701210523 2.2613235 0.46148238 -0.2765303 0.6243043 0.9850202 -0.8164214 996.34 
20150701210523 2.759916 1.9231426 -1.4407109 1.0906999 0.06566802 -0.7147123 996.3 
20150701210523 4.147356 3.441665 -2.2529438 1.3884968 -0.48197266 -0.7464773 996.3 
20150701210523 8.185177 5.033809 -2.2008698 1.5180001 -0.70707655 -0.7834347 996.3 
20150701210523 10.175956 7.510012 -1.7878702 1.3591752 -0.600786 -0.6270532 996.3 
20150701210523 11.671733 8.458116 -1.186327 0.9560041 -0.13897185 -0.4578435 996.3 
20150701210523 11.629835 6.621763 -1.6956934 0.6062838 0.5571091 -0.42088616 996.3 
20150701210523 10.1544075 3.8965633 -1.5897499 0.22815818 0.8732319 -0.54061574 996.3 
20150701210523 9.500791 3.9384618 -0.83737206 -0.058337633 1.0760391 -0.5360342 996.3 
20150701210523 9.332 6.452972 0.17178397 -0.19639318 1.0122037 -0.37140608 996.3 
20150701210523 9.3026705 5.755062 -1.4137762 -0.22876903 0.7855727 -0.26358834 996.37 
20150701210523 6.8324533 6.8486137 -8.116942 -0.14202617 0.22937989 -0.22052236 996.37 
20150701210523 10.542868 9.009381 -10.1143055 -0.042455133 -0.20433442 -0.23243423 996.37 
20150701210523 12.290634 7.069479 -8.59279 -0.0290161 -0.7086037 -0.33475417 996.37 
20150701210523 14.252084 4.730344 -7.397485 -0.49968776 -1.1114693 -0.52748215 996.37 
20150701210523 14.95179 2.4349031 -5.9747305 -0.93218035 -1.1624765 -0.20647246 996.37 
20150701210523 11.431116 1.9644425 -4.0617633 -0.8750645 -0.29168814 0.06780604 996.37 
20150701210523 7.766192 2.8455088 -2.634819 -0.7147123 0.44409904 0.34972036 996.37 
20150701210523 5.243302 2.6060886 -0.2908955 -0.5540548 0.6640105 0.6010914 996.37 
20150701210523 4.9099092 2.3864205 0.50158525 -0.462425 0.36346483 0.73548174 996.39 
20150701210523 3.5715504 2.1841104 -0.43873745 -0.22999077 0.013439035 0.84513205 996.39 
20150701210523 2.4474726 1.6112977 -1.7537527 -0.002443461 -0.29840767 0.9104946 996.39 
20150701210523 2.2260091 0.5374983 -2.2361844 -0.063224554 -0.700357 0.8918633 996.39 
20150701210523 2.9987376 -0.53570265 -2.071583 -0.172264 -1.0305296 0.8958339 996.39 
20150701210523 4.0863037 -1.0618285 -2.15538 -0.039095376 -1.2125676 0.88697636 996.39 
20150701210523 6.615179 -0.34476504 -1.9782091 0.11453723 -1.3371841 0.74128497 996.39 
20150701210523 10.979211 0.9391256 -1.7459716 0.12217305 -1.3017539 0.59406644 996.39 
20150701210523 14.106636 2.915539 -2.0733786 -0.20586158 -1.1872166 0.5006041 996.39 
20150701210523 13.925874 4.785411 -3.5362358 -0.8136725 -0.6960809 0.47708577 996.3 
20150701210523 14.209587 5.146935 -3.5098996 -0.98715824 -0.30115658 0.41263947 996.3 
20150701210523 14.152126 3.244742 -0.91578215 -0.745561 -0.13194689 0.18692477 996.3 
20150701210523 13.230358 0.29149407 0.8655039 -0.5992588 -0.021685716 0.03390302 996.3 
20150701210523 11.886613 -2.4504654 -2.2008698 -0.4908302 0.009468411 -0.01282817 996.3 
20150701210523 8.952518 -1.0690111 -7.8733325 -0.12156218 0.09162979 0.121256754 996.3 
20150701210523 10.781689 -0.8972271 -9.479243 0.4156938 0.05497787 0.34147367 996.3 
20150701210523 11.355699 3.679888 -7.827842 0.9443977 -0.33567044 0.50335294 996.3 
20150701210523 13.591883 7.7847466 -7.6829934 1.3057245 -0.6728681 0.43249258 996.3 
20150701210523 16.496649 11.710639 -8.451532 1.2113458 -0.5681047 0.32895094 996.29 
20150701210523 15.057733 9.379884 -7.778163 0.9963212 0.03390302 0.10445796 996.29 
20150701210523 10.251971 5.60722 -5.04159 0.4465425 0.45540005 -0.40469822 996.29 
20150701210523 5.9148755 2.5498247 -1.6657659 -0.08827003 0.7715228 -0.6814202 996.29 
20150701210523 2.2403743 -0.6985083 0.49440265 -0.20158553 1.2779301 -0.6918049 996.29 
20150701210523 2.9358897 -3.2477345 1.079785 0.041233405 1.5537357 -0.6771441 996.29 
20150701210523 2.4121583 -2.8634653 0.61890113 0.4801401 1.4999796 -0.58093286 996.29 
20150701210523 1.797447 -1.1881226 -1.3401544 0.94134337 0.7174612 -0.52442783 996.29 
20150701210523 1.8309658 1.5915456 -2.6312277 1.2290609 0.032986723 -0.56138515 996.29 
20150701210523 3.0891187 3.9905357 -3.657143 1.5861117 -0.17745635 -0.6728681 996.31 
20150701210523 5.8346696 5.45878 -3.6792896 1.7311921 -0.47036624 -0.77946407 996.31 
20150701210524 7.9726915 7.141904 -3.032855 1.6081028 -0.5112942 -0.6924158 996.31 
20150701210524 9.457695 8.978855 -2.1164744 1.3066407 -0.20372356 -0.5561928 996.31 
20150701210524 12.016499 8.539519 -1.091756 0.7602218 0.2657264 -0.46792278 996.31 
20150701210524 11.651981 4.8482585 -1.1252748 0.37812558 0.7131852 -0.36835176 996.31 
20150701210524 9.838972 3.2190042 -1.0600328 0.122783914 0.9379836 -0.3659083 996.31 
20150701210524 9.053674 5.704784 -1.5071499 -0.044593163 0.999681 -0.22815818 996.31 
20150701210524 9.895834 6.9288197 -3.50571 -0.19303341 0.9077458 -0.064751714 996.31 
20150701210524 8.24563 7.4693108 -9.399636 -0.20280726 0.3472769 -0.20250183 996.33 
20150701210524 9.838373 7.257424 -8.267179 -0.16493362 -0.37048978 -0.37568212 996.33 
20150701210524 12.133814 5.895123 -8.86513 -0.28160888 -0.9184359 -0.65576386 996.33 
20150701210524 12.897565 3.6176388 -7.5692687 -0.6123924 -1.3826935 -0.49480084 996.33 
20150701210524 14.541184 3.1603463 -6.4607534 -1.0241156 -0.6032294 -0.15943582 996.33 
20150701210524 12.044032 4.050989 -4.9775453 -0.92087936 -0.093462385 0.100792766 996.33 
20150701210524 8.992621 4.514866 -3.9881415 -0.65668017 0.3109304 0.4999932 996.33 
20150701210524 6.3607955 3.259107 -1.4754268 -0.52626044 0.52778757 0.86742866 996.33 
20150701210524 4.911106 2.743755 -0.2669535 -0.5323691 0.473726 0.8762862 996.33 
20150701210524 3.933075 2.319383 -0.6123171 -0.4343252 0.24404067 0.8237518 996.34 
20150701210524 2.5677812 0.8295909 -1.0899603 -0.40225476 -0.20005837 0.88361657 996.34 
20150701210524 3.3955765 -0.7086837 -2.2571337 -0.56016344 -0.40500367 0.8723156 996.34 
20150701210524 3.4105403 -1.905186 -2.689287 -0.61117065 -0.49877146 0.88147855 996.34 
20150701210524 3.9594111 -1.9698294 -2.1703439 -0.59650993 -0.6383542 0.7415904 996.34 
20150701210524 6.9491706 0.31603462 -2.0608091 -0.5448918 -1.0201449 0.7104363 996.34 
20150701210524 9.578004 2.3169887 -0.6362591 -0.516792 -0.9425651 0.54550266 996.34 
20150701210524 11.577163 3.0843303 -0.3597288 -0.6603453 -0.8481864 0.3555236 996.34 
20150701210524 12.345102 3.3674448 -1.7603368 -0.9691377 -0.5317582 0.26145032 996.34 
20150701210524 12.667721 3.928885 -2.8203697 -1.0345002 0.11453723 0.3155119 996.28 
20150701210524 12.706028 3.6361938 -0.43873745 -0.86254174 0.3399465 0.29932398 996.28 
20150701210524 12.795811 1.1091139 1.5825673 -0.63591075 0.3277292 0.13316862 996.28 
20150701210524 11.4915695 -1.2378023 1.0061632 -0.589485 0.33261612 0.06383542 996.28 
20150701210524 9.657013 -0.25438392 -4.571728 -0.35796702 0.36346483 0.25289822 996.28 
20150701210524 9.70789 1.0402806 -6.4182563 -0.028405234 0.33567044 0.54275376 996.28 
20150701210524 10.85531 2.3786395 -7.5572977 0.64599 0.21746802 0.786489 996.28 
20150701210524 13.442844 4.5842977 -6.75524 1.2657127 -0.8179486 0.8527679 996.28 
20150701210524 16.388311 6.827066 -7.385514 1.3460416 -0.7333437 0.7699956 996.28 
20150701210524 16.806698 7.9367785 -7.313089 1.2140946 -0.643852 0.56199604 996.27 
20150701210524 14.027029 6.339846 -6.0345855 0.8151997 -0.09193522 0.073303826 996.27 
20150701210524 9.496002 4.44304 -3.4123359 0.4569272 0.48808134 -0.4343252 996.27 
20150701210524 5.094861 2.4037786 -1.3700819 0.19761491 0.7171558 -0.70249504 996.27 
20150701210524 3.496133 0.31423897 -0.207697 0.022296581 0.9049969 -0.9193522 996.27 
20150701210524 2.219425 -1.0755951 0.3609259 0.17104226 1.2458596 -0.88270026 996.27 
20150701210524 1.6364368 -1.8782512 0.053869538 0.42119157 0.95264435 -0.6942484 996.27 
20150701210524 1.7136499 -0.4381389 -0.6374562 0.6001751 0.44593164 -0.57757306 996.27 
20150701210524 2.5187001 2.0189106 -1.5544355 1.0070114 0.17562376 -0.6160576 996.27 
20150701210524 4.382586 3.7056258 -2.0452468 1.2928963 -0.4804455 -0.7825184 996.31 
20150701210524 7.6973586 4.8739963 -2.0123265 1.3649784 -0.78893244 -0.8542951 996.31 
20150701210524 9.046491 6.5110316 -1.1725603 1.3057245 -0.76052725 -0.77946407 996.31 
20150701210524 12.162544 8.128315 -1.2186487 1.0317514 -0.52320606 -0.61361414 996.31 
20150701210524 12.44087 7.647679 -1.0133458 0.752586 0.022602014 -0.5271767 996.31 
20150701210524 12.730569 5.111022 -2.633622 0.63621616 0.39950588 -0.51893 996.31 
20150701210524 11.493964 5.6305637 -1.7609353 0.36743546 0.64904433 -0.3295618 996.31 
20150701210524 10.447698 7.5106106 -4.3777976 -0.014049901 0.7498371 -0.18325958 996.31 
20150701210525 7.5291657 8.16722 -9.478046 -0.22235495 0.5180137 -0.23976462 996.31 
20150701210525 8.289325 7.6967597 -7.302315 -0.258396 0.23701571 -0.45356745 996.29 
20150701210525 11.329363 4.71538 -7.2005615 -0.312763 -0.63316184 -0.4822781 996.29 
20150701210525 12.272079 1.3611037 -5.719149 -0.5036584 -1.3158038 -0.52595496 996.29 
20150701210525 13.806763 0.53809685 -5.279215 -0.7281514 -0.68875057 -0.49113566 996.29 
20150701210525 12.034455 2.1027076 -4.51307 -0.69913524 -0.44318274 -0.17348573 996.29 
20150701210525 9.424176 4.409521 -3.9366663 -0.4392121 -0.17165314 0.25045475 996.29 
20150701210525 6.47033 3.9989154 -2.7934349 -0.2574797 0.018325957 0.67073005 996.29 
20150701210525 4.2042184 3.6122518 -1.5939398 -0.2012801 0.0729984 0.8011498 996.29 
20150701210525 2.690484 3.4392707 -1.2479776 -0.17592919 0.038789943 0.8155051 996.29 
20150701210525 1.6519991 2.7353754 -1.1791444 -0.26236662 -0.269697 0.84299403 996.27 
20150701210525 1.9596541 1.2497733 -1.9195513 -0.37873647 -0.643852 0.8677341 996.27 
20150701210525 2.5767596 -0.57879823 -2.5222914 -0.49205196 -0.72509706 0.8695667 996.27 
20150701210525 5.685032 -1.1121067 -3.0160956 -0.37995818 -0.7651087 0.88270026 996.27 
20150701210525 8.238448 -0.15143326 -2.373851 -0.34972036 -1.0140363 0.8491027 996.27 
20150701210525 11.139622 0.825401 -1.6454151 -0.41325033 -1.0699304 0.6957755 996.27 
20150701210525 13.2429285 1.400608 -0.94331545 -0.5412266 -0.91782504 0.4578435 996.27 
20150701210525 13.687053 2.0602105 -1.5197195 -0.732122 -0.54275376 0.25289822 996.27 
20150701210525 13.947422 3.7702692 -2.2780828 -0.8689558 -0.06811147 0.18936823 996.27 
20150701210525 12.480973 5.0146556 -2.1033063 -0.8035932 0.21746802 0.1863139 996.29 
20150701210525 10.638636 3.9839516 -0.39624038 -0.5516113 0.2501493 0.112399206 996.29 
20150701210525 10.955867 0.57281274 -0.11133038 -0.40103304 0.33261612 0.14049901 996.29 
20150701210525 10.499771 1.9812019 -8.698733 -0.18692477 0.28038713 0.38026363 996.29 
20150701210525 11.8818245 0.46267948 -7.9092455 0.21380283 0.21380283 0.7131852 996.29 
20150701210525 11.380837 1.8106151 -6.169858 0.66675943 -0.29901853 0.71593404 996.29 
20150701210525 13.080122 3.7175968 -7.043143 1.0494665 -0.8698721 0.60231316 996.29 
20150701210525 15.048156 6.3422403 -7.5447283 1.196685 -0.49663344 0.5170974 996.29 
20150701210525 14.749479 6.1117983 -6.9545574 0.9960158 0.051618114 0.17928895 996.29 
20150701210525 11.355699 4.1240125 -4.9679685 0.64843345 0.636827 -0.33841935 996.32 
20150701210525 6.933608 3.12982 -2.011728 0.3390302 0.95447695 -0.6899723 996.32 
20150701210525 3.5835214 1.6687586 -0.16998832 0.13775012 1.2993103 -0.8729264 996.32 
20150701210525 2.3277626 -0.842759 -0.24001873 0.26297748 1.5833627 -0.9236283 996.32 
20150701210525 3.5930982 0.06584055 0.0700304 0.4700608 1.4932601 -0.96883225 996.32 
20150701210525 3.3363202 1.2042835 -0.8242039 0.7867944 0.9975429 -0.8155051 996.32 
20150701210525 3.2142158 2.8646624 -2.1613655 1.210124 0.32742378 -0.5815437 996.32 
20150701210525 3.8576574 4.2700586 -2.7269957 1.4104879 -0.22540927 -0.57726765 996.32 
20150701210525 5.547964 5.303157 -2.6372132 1.4086553 -0.27855456 -0.6469063 996.32 
20150701210525 7.227496 5.7023897 -2.019509 1.2641857 -0.19639318 -0.6169739 996.34 
20150701210525 8.971672 6.4260373 -1.1456255 1.0665708 0.1001819 -0.42730024 996.34 
20150701210525 10.333375 6.192004 -0.62847793 0.8249735 0.37507126 -0.27550024 996.34 
20150701210525 10.1699705 4.1282024 -0.51475334 0.6020077 0.5699373 -0.3368922 996.34 
20150701210525 9.7803135 3.0400376 -0.9091981 0.47250426 0.6453791 -0.42943826 996.34 
20150701210525 10.157401 6.287772 -1.9446903 0.27122417 0.7809912 -0.310625 996.34 
20150701210525 10.629657 8.683171 -5.20679 0.0693332 0.6044512 -0.3539964 996.34 
20150701210525 9.854534 9.613318 -9.723452 -0.053145275 -0.05009095 -0.59986967 996.34 
20150701210525 12.946646 7.4645224 -8.054693 -0.061086524 -0.6151413 -0.8417723 996.34 
20150701210525 11.727399 3.0789435 -7.326257 -0.30757064 -1.382999 -0.64599 996.32 
20150701210525 13.825317 2.9317 -6.157887 -0.73975784 -0.4709771 -0.35705075 996.32 
20150701210525 12.248137 4.300585 -4.9637785 -0.77946407 0.10720685 -0.04550946 996.32 
20150701210526 8.80767 5.9543796 -3.5260606 -0.6032294 0.2406809 0.15790866 996.32 
20150701210526 7.107786 4.860828 -2.569577 -0.5891795 0.30879238 0.58368176 996.32 
20150701210526 5.363012 3.6643257 -1.8740613 -0.627664 0.36010507 0.7809912 996.32 
20150701210526 4.7309427 2.8981812 -1.7531542 -0.6759224 0.1563815 0.7296785 996.32 
20150701210526 4.69084 1.7417817 -2.095525 -0.6612616 -0.46761733 0.8564331 996.32 
20150701210526 4.347272 0.090979666 -1.8579005 -0.7165449 -0.96761054 0.93951076 996.32 
20150701210526 3.532046 -1.3958195 -2.3331497 -0.75319684 -0.9795224 0.9428705 996.29 
20150701210526 2.8431146 -1.7441759 -2.2589293 -0.70157874 -0.84757555 0.87598073 996.29 
20150701210526 4.0132804 -0.83617496 -1.738789 -0.6927212 -0.73853606 0.8304713 996.29 
20150701210526 6.618172 0.5021838 -1.0941502 -0.57971114 -0.67164636 0.81000733 996.29 
20150701210526 8.839992 1.5077485 -0.95468795 -0.3857614 -0.7309003 0.6178902 996.29 
20150701210526 11.688493 1.4161704 -0.8038532 -0.40378192 -0.93828905 0.34116822 996.29 
20150701210526 13.409326 1.5454572 -1.1091139 -0.5662721 -0.7687739 0.21655174 996.29 
20150701210526 14.411299 3.2626984 -1.5640123 -0.7021896 -0.5018258 0.27763826 996.29 
20150701210526 14.691421 4.6220064 -2.0709844 -0.7263188 -0.33475417 0.3576616 996.29 
20150701210526 13.03583 3.6601357 -1.5861586 -0.5207626 -0.23548855 0.23884831 996.4 
20150701210526 11.75553 1.6178818 -0.074220255 -0.37018433 0.12095132 0.1423316 996.4 
20150701210526 12.0727625 -1.934515 -2.2397757 -0.2751948 0.2761111 0.13805555 996.4 
20150701210526 8.37372 -0.15442601 -7.0964136 0.025961773 0.23854288 0.30543262 996.4 
20150701210526 8.948928 0.7685388 -7.835025 0.40378192 0.14294247 0.4905248 996.4 
20150701210526 9.505579 2.4594438 -6.8988924 0.83291477 -0.6719518 0.5222898 996.4 
20150701210526 13.516466 5.647922 -8.118139 1.3704761 -1.196685 0.5503896 996.4 
20150701210526 16.800713 7.2191167 -8.456919 1.6349808 -0.93401295 0.45265114 996.4 
20150701210526 15.576676 6.569091 -7.879916 1.5091426 -0.3744604 0.17898351 996.4 
20150701210526 10.839748 4.4717703 -5.099051 0.8958339 0.08552113 -0.32711834 996.3 
20150701210526 6.397307 3.108871 -1.6585833 0.18570304 0.73273283 -0.8206975 996.3 
20150701210526 2.9322984 1.3718776 0.014963761 -0.013439035 1.2660183 -0.95325524 996.3 
20150701210526 3.4781766 -0.70509243 -0.15801731 0.09896017 1.572978 -0.977079 996.3 
20150701210526 3.122039 0.10474633 -0.35194764 0.33169982 1.5949692 -0.9410379 996.3 
20150701210526 2.7503393 1.0576386 -0.80205756 0.7162395 1.1979067 -0.743423 996.3 
20150701210526 2.5809495 2.1410148 -1.7465701 1.0943651 0.32467487 -0.593761 996.3 
20150701210526 3.7098155 3.281852 -2.4265234 1.3286319 -0.16157386 -0.59803706 996.3 
20150701210526 6.0381765 4.023456 -2.6479871 1.4758505 -0.26053402 -0.72143185 996.3 
20150701210526 8.180987 4.6483426 -2.3062148 1.4343116 -0.34269542 -0.729984 996.29 
20150701210526 9.754577 6.658275 -1.3018472 1.2953397 -0.20066923 -0.6044512 996.29 
20150701210526 11.296442 7.631518 -1.3994108 1.0073168 0.062308256 -0.45937067 996.29 
20150701210526 10.848128 5.6461263 -1.228824 0.75502944 0.40011674 -0.44715336 996.29 
20150701210526 10.137649 3.490746 -1.3545196 0.5891795 0.68508536 -0.5348125 996.29 
20150701210526 8.709507 4.353257 -1.0791864 0.43768495 0.8903361 -0.40653083 996.29 
20150701210526 8.599973 6.595427 -1.8590976 0.16493362 0.9282097 -0.22418754 996.29 
20150701210526 9.197925 8.370728 -5.734113 0.005192355 0.5849035 -0.30726522 996.29 
20150701210526 9.2787285 9.238028 -10.553042 -0.014966198 -0.03848451 -0.6044512 996.29 
20150701210526 12.838308 6.187216 -9.873089 0.03481932 -0.73364913 -0.7809912 996.28 
20150701210526 12.704831 4.4358573 -8.711303 -0.14905111 -1.3994923 -0.7012733 996.28 
20150701210526 13.963583 2.3319526 -6.70556 -0.5714644 -0.7959574 -0.48747048 996.28 
20150701210526 12.006922 2.9245174 -5.3558292 -0.5412266 -0.15974127 -0.22785273 996.28 
20150701210526 9.063849 4.6806645 -4.1455603 -0.17440203 0.27214047 0.086132 996.28 
20150701210526 6.172252 4.378995 -2.2337902 0.0033597588 0.67256266 0.593761 996.28 
20150701210526 4.4119153 3.957017 -1.3904326 -0.10048734 0.88422745 0.79779 996.28 
20150701210526 3.2674868 3.5045128 -1.38325 -0.1337795 0.63316184 0.7831292 996.28 
20150701210527 2.5941176 2.6557682 -2.5887306 -0.093767814 0.17654006 0.8891144 996.28 
20150701210527 2.023699 0.56084174 -3.2758665 -0.23518312 -0.38423425 0.9969321 996.39 
20150701210527 2.4007857 -0.6194997 -3.879804 -0.344528 -0.5992588 1.0115929 996.39 
20150701210527 3.4165258 -0.8146271 -2.9071593 -0.48930305 -0.7370089 1.0506883 996.39 
20150701210527 7.0982094 0.39205053 -2.3122003 -0.63041294 -0.81092364 1.0442741 996.39 
20150701210527 9.913791 1.8231846 -0.9415198 -0.7113526 -0.8219192 0.86315256 996.39 
20150701210527 12.240356 1.9776106 -0.13826515 -0.8698721 -0.72784597 0.63346726 996.39 
20150701210527 13.515867 0.4213795 -0.47285482 -1.0454959 -0.4810564 0.3848451 996.39 
20150701210527 13.472173 1.3826514 -1.264737 -1.07665 0.0290161 0.22724187 996.39 
20150701210527 12.332533 3.554791 -0.6655881 -1.0213667 0.3930918 0.23151793 996.39 
20150701210527 10.494385 4.38498 0.5386954 -0.91599244 0.52503866 0.23151793 996.31 
20150701210527 9.647436 3.3650506 1.2844892 -0.6740898 0.38087448 0.122783914 996.31 
20150701210527 10.179547 0.4345476 0.94092125 -0.3491095 0.31031954 0.0580322 996.31 
20150701210527 10.187927 -1.3826514 -3.2962172 -0.087659165 0.09437868 0.1863139 996.31 
20150701210527 10.705074 -0.22565351 -7.712322 0.19639318 0.061086524 0.37384954 996.31 
20150701210527 13.026253 1.4149733 -7.9026613 0.61391956 -0.35155296 0.70554936 996.31 
20150701210527 14.399327 4.956596 -7.9224133 1.0494665 -1.2959507 0.6960809 996.31 
20150701210527 15.817293 7.7769656 -8.92738 1.0934488 -1.2217305 0.47678033 996.31 
20150701210527 15.692795 8.583213 -6.6893997 0.8668178 -0.64660084 0.122783914 996.31 
20150701210527 10.027515 4.3598413 -3.2435448 0.2687807 0.020158553 -0.28160888 996.27 
20150701210527 6.951565 2.5019407 -1.1815386 -0.09162979 0.58246 -0.559858 996.27 
20150701210527 4.8416743 1.2156559 -0.04129998 -0.13561209 1.0173961 -0.6545421 996.27 
20150701210527 3.5733461 -1.3862427 0.44951138 0.15577064 1.1582005 -0.6429357 996.27 
20150701210527 5.231331 -1.3694834 -0.11851298 0.44318274 1.0323622 -0.689056 996.27 
20150701210527 4.401141 0.7386112 -0.961272 0.59742624 0.6957755 -0.7021896 996.27 
20150701210527 3.469797 2.7018566 -2.3463178 0.9776898 0.37782016 -0.63255095 996.27 
20150701210527 2.7910407 3.9510314 -2.5270798 1.1224649 -0.2843578 -0.6795876 996.27 
20150701210527 3.8355112 4.455011 -2.7994204 1.2156218 -0.3631594 -0.77304995 996.27 
20150701210527 5.5503583 5.6389437 -1.8632874 1.2421945 -0.4175264 -0.82436264 996.28 
20150701210527 8.343194 6.4577603 -1.6190789 1.0864239 -0.37598756 -0.72784597 996.28 
20150701210527 9.0842 7.653664 -0.2136825 0.8371908 -0.34422258 -0.43218717 996.28 
20150701210527 10.919355 6.4577603 -1.0696096 0.5729916 -0.014966198 -0.38240165 996.28 
20150701210527 11.076176 4.4603977 -2.3702598 0.4529566 0.15699236 -0.35033122 996.28 
20150701210527 11.213842 4.235343 -2.6910827 0.3323107 0.5152648 -0.36071593 996.28 
20150701210527 11.367071 6.8839283 -3.1854854 0.089186326 0.5348125 -0.21288654 996.28 
20150701210527 10.535086 6.2901664 -6.3524156 -0.14508049 0.48563787 -0.26297748 996.28 
20150701210527 7.9708962 8.622718 -8.962694 -0.077579886 0.31764993 -0.49571714 996.28 
20150701210527 10.110115 8.094197 -9.417592 -0.01038471 -0.29657507 -0.52503866 996.3 
20150701210527 10.879851 5.886145 -8.531737 -0.122783914 -1.058324 -0.4456262 996.3 
20150701210527 12.658144 3.7936125 -6.232107 -0.61544675 -0.8396343 -0.35643986 996.3 
20150701210527 12.943054 3.115455 -5.878962 -0.8023715 -0.5687156 -0.09682214 996.3 
20150701210527 10.924743 3.9510314 -5.269638 -0.7199047 -0.19028452 0.38453966 996.3 
20150701210527 8.5622635 4.0456023 -2.8042088 -0.59315014 0.24801129 0.8222246 996.3 
20150701210527 5.386954 2.1817162 -1.3042414 -0.50640726 0.37201694 1.0598512 996.3 
20150701210527 3.934272 2.083554 -0.46088383 -0.45540005 0.46303585 1.0036516 996.3 
20150701210527 3.1040826 1.8477252 -0.45250413 -0.44409904 0.12950343 0.9398162 996.3 
20150701210527 3.176507 0.95708215 -1.472434 -0.45173484 -0.27091873 0.8979719 996.29 
20150701210527 3.2184057 -0.6655881 -2.372654 -0.45753807 -0.61086524 0.8396343 996.29 
20150701210527 5.113416 -1.3335704 -2.822764 -0.38820487 -0.65484756 0.75961095 996.29 
20150701210527 6.355408 -0.6015432 -2.273893 -0.36041048 -0.7440339 0.7315111 996.29 
20150701210527 8.261193 0.3752911 -2.5510218 -0.36896262 -0.7657196 0.59956425 996.29 
20150701210528 9.55885 1.6454151 -2.2577322 -0.46578476 -0.7079928 0.4633413 996.29 
20150701210528 11.076176 2.7234044 -1.9375077 -0.7076874 -0.4868596 0.267559 996.29 
20150701210528 12.297817 4.613028 -1.797447 -0.8564331 -0.24953845 0.15302174 996.29 
20150701210528 12.902951 6.508039 -0.91219085 -0.9550878 -0.1160644 0.17592919 996.29 
20150701210528 12.817957 5.6539073 -0.4417302 -0.9578367 -0.0729984 0.2321288 996.35 
20150701210528 12.785636 2.682703 -0.26755205 -0.86254174 0.043676864 0.16798794 996.35 
20150701210528 12.1284275 -1.1264719 0.34715924 -0.6469063 0.17684549 0.17623462 996.35 
20150701210528 11.604097 -3.3446999 -4.9458222 -0.36713 0.14019357 0.3210097 996.35 
20150701210528 10.435128 -1.3940239 -7.6788034 0.064446285 0.23915374 0.6365216 996.35 
20150701210528 10.518327 1.8070238 -6.83784 0.5381723 0.11759156 0.7079928 996.35 
20150701210528 11.64839 4.8422728 -5.837662 1.0965031 -0.6951646 0.627664 996.35 
20150701210528 12.608464 6.4098763 -7.2807674 1.2034045 -0.8393288 0.48991394 996.35 
20150701210528 15.169064 7.9194207 -7.750031 1.1893547 -0.27550024 0.27550024 996.35 
20150701210528 14.865599 6.5684924 -7.097611 0.80573124 0.089186326 -0.11056661 996.25 
20150701210528 10.988788 4.249708 -4.607641 0.25809056 0.48655418 -0.5500842 996.25 
20150701210528 7.1023993 2.5528176 -1.2569559 -0.09682214 1.0048733 -0.8145888 996.25 
20150701210528 3.401562 -0.23283611 0.46148238 -0.058948494 1.3787229 -0.84574294 996.25 
20150701210528 4.1198225 -1.1168951 0.16101007 0.26175576 1.4407257 -0.8561276 996.25 
20150701210528 3.3985693 0.22266077 -0.4165911 0.54550266 1.2363913 -0.7974846 996.25 
20150701210528 2.486977 1.6059108 -1.7998412 1.1151345 0.8246681 -0.5739079 996.25 
20150701210528 2.285864 2.8119898 -2.6928782 1.3997977 -0.032375857 -0.5326745 996.25 
20150701210528 3.6074634 3.5224693 -2.879626 1.5812247 -0.26328292 -0.63224554 996.25 
20150701210528 6.1746464 4.344279 -2.2505496 1.5916094 -0.21135938 -0.74372846 996.27 
20150701210528 9.102157 6.0728927 -1.2569559 1.4801265 -0.21624629 -0.7131852 996.27 
20150701210528 10.822391 7.385514 -0.7918822 1.2583824 -0.070249505 -0.4578435 996.27 
20150701210528 10.058042 5.898116 -1.2330139 0.9914343 0.29871312 -0.25473082 996.27 
20150701210528 10.428544 3.9228995 -1.7980455 0.81397796 0.6805039 -0.3286455 996.27 
20150701210528 11.034876 5.097854 -0.59974754 0.71929383 0.8903361 -0.25320363 996.27 
20150701210528 10.95467 6.907272 1.0426749 0.35796702 0.9260717 -0.112399206 996.27 
20150701210528 10.998364 5.3881507 -1.8046296 0.07880162 0.84788096 -0.3231477 996.27 
20150701210528 8.822035 7.426215 -8.759187 0.08460484 0.5015204 -0.61391956 996.27 
20150701210528 11.494562 8.1480665 -9.165004 0.2406809 0.16157386 -0.70524395 996.4 
20150701210528 12.700642 6.260239 -8.534132 0.398895 -0.6597345 -0.6209445 996.4 
20150701210528 12.975975 4.0587707 -6.9826894 0.1600467 -1.0812315 -0.48624873 996.4 
20150701210528 13.927072 2.7060466 -6.157887 -0.13988814 -0.51007247 -0.24587326 996.4 
20150701210528 11.261726 3.8391025 -4.6884456 -0.31215215 -0.051923547 0.04917465 996.4 
20150701210528 7.7290816 5.3115363 -3.5739446 -0.4196644 0.514654 0.2452624 996.4 
20150701210528 4.88058 4.407127 -1.7244238 -0.5681047 0.77946407 0.6243043 996.4 
20150701210528 3.554791 3.8905778 -0.97862995 -0.64904433 0.57726765 0.7360926 996.4 
20150701210528 2.9460652 3.4063504 -0.9211691 -0.6209445 0.21013765 0.8032878 996.4 
20150701210528 3.3063924 0.96905315 -1.3563153 -0.63713247 -0.4260785 0.8698721 996.32 
20150701210528 3.7786489 -0.9103952 -2.552219 -0.73945236 -0.9297369 0.8622363 996.32 
20150701210528 3.470994 -2.1906946 -2.7395654 -0.70249504 -1.0177015 0.8405506 996.32 
20150701210528 6.817489 -2.1559787 -3.1866825 -0.61422503 -1.0607675 0.81000733 996.32 
20150701210528 8.696938 -0.48722005 -2.0961237 -0.49846604 -1.1942415 0.86590147 996.32 
20150701210528 10.891224 1.3545196 -1.7262194 -0.48747048 -1.0986412 0.68233645 996.32 
20150701210528 13.208212 1.7992426 -1.3060371 -0.505491 -1.14018 0.3933972 996.32 
20150701210528 13.99351 1.4885949 -1.1593921 -0.6243043 -0.9077458 0.15088372 996.32 
20150701210528 14.079701 3.7229836 -1.1210849 -0.7021896 -0.5714644 0.122783914 996.32 
20150701210528 12.549807 5.6664767 -0.9888053 -0.79717916 -0.26908615 0.23060162 996.3 
20150701210529 10.910975 4.7141833 -0.62847793 -0.7797695 0.11759156 0.23182335 996.3 
20150701210529 9.827001 2.5611973 -0.6380547 -0.6026186 0.4156938 0.16737708 996.3 
20150701210529 8.549694 -0.7308301 -2.1404164 -0.48808134 0.52290064 0.1863139 996.3 
20150701210529 6.583456 -0.05626374 -6.8282633 -0.2574797 0.4541783 0.27947086 996.3 
20150701210529 8.982447 0.943914 -8.593389 0.16401732 0.19242255 0.59406644 996.3 
20150701210529 12.644977 3.4554317 -7.1568675 0.7480045 -0.48563787 0.83260936 996.3 
20150701210529 14.692617 5.9603653 -7.1969705 1.10139 -1.396438 0.86284715 996.3 
20150701210529 16.678009 7.489063 -9.14226 1.2415836 -1.4046847 0.7247916 996.3 
20150701210529 16.388311 6.43322 -8.500613 0.8885035 -0.5635232 0.33841935 996.28 
20150701210529 13.169905 3.2213984 -5.475539 0.36010507 0.19028452 -0.14080444 996.28 
20150701210529 8.5299425 1.8668787 -1.7812861 -0.20005837 0.61300325 -0.72082096 996.28 
20150701210529 5.3061495 0.9139865 1.0426749 -0.24617869 1.1261301 -0.9477574 996.28 
20150701210529 4.140772 -1.9590555 0.82001406 0.1863139 1.4086553 -0.9816604 996.28 
20150701210529 4.4556093 -1.520318 -0.08619126 0.5198463 1.2718215 -0.98715824 996.28 
20150701210529 2.8790276 1.2174516 -1.6861166 0.97219205 0.9086621 -0.8524625 996.28 
20150701210529 2.4307132 3.5972881 -2.292448 1.3744467 0.24404067 -0.7648033 996.28 
20150701210529 3.1381998 5.019444 -2.7509377 1.5528195 -0.121256754 -0.7840455 996.28 
20150701210529 5.3043537 5.579687 -2.846706 1.6475036 -0.13622294 -0.84299403 996.35 
20150701210529 8.104373 6.685808 -2.071583 1.5262468 -0.12614368 -0.7861836 996.35 
20150701210529 10.217256 7.6692266 -1.6944963 1.1899655 0.0067195175 -0.61422503 996.35 
20150701210529 10.387244 6.405687 -2.0159178 0.9074403 0.36041048 -0.4297437 996.35 
20150701210529 9.607333 3.719991 -2.1817162 0.59131753 0.657291 -0.37140608 996.35 
20150701210529 10.366295 3.5883098 -1.644218 0.3717115 0.8897252 -0.43279803 996.35 
20150701210529 10.158598 5.813122 -0.059855044 0.004886922 0.86926126 -0.23854288 996.35 
20150701210529 9.338584 7.5453267 1.6424223 -0.25686884 0.8527679 -0.23976462 996.35 
20150701210529 10.646417 6.0268044 -2.9538465 -0.3848451 0.61483586 -0.42394048 996.35 
20150701210529 7.8996687 6.356007 -9.369708 -0.31123585 0.06872234 -0.45937067 996.35 
20150701210529 10.776301 7.439383 -9.415796 -0.18051068 -0.110872045 -0.5928447 996.35 
20150701210529 12.749125 3.5104983 -7.754221 -0.006414085 -0.5742133 -0.73273283 996.35 
20150701210529 13.855844 3.280655 -6.0387754 -0.29138273 -1.0708468 -0.6114761 996.35 
20150701210529 13.824719 2.2601264 -5.4845176 -0.5656612 -0.49602258 -0.121256754 996.35 
20150701210529 11.847109 4.259285 -5.3444567 -0.46700647 0.17104226 0.116675265 996.35 
20150701210529 8.067862 5.85921 -4.1018662 -0.33628133 0.5876524 0.42638394 996.35 
20150701210529 5.6658783 4.871602 -1.4885949 -0.4636467 0.784351 0.55833083 996.35 
20150701210529 4.4358573 3.9857473 -0.34835634 -0.5684101 0.55863625 0.6600399 996.35 
20150701210529 2.4720132 3.5954924 -1.0456676 -0.37690386 0.30482176 0.79534656 996.3 
20150701210529 2.5013423 1.9985598 -2.1272483 -0.2929099 -0.30115658 1.0488557 996.3 
20150701210529 3.0903158 0.25677812 -2.855684 -0.4251622 -0.75686204 1.178359 996.3 
20150701210529 4.1946416 -2.0386627 -2.712032 -0.42394048 -0.9605856 1.2241739 996.3 
20150701210529 6.8881183 -1.5233108 -3.0711622 -0.43157628 -1.0855075 1.1441506 996.3 
20150701210529 8.8806925 -0.019752163 -1.7860745 -0.52748215 -1.1743884 0.9966267 996.3 
20150701210529 11.229404 1.01574 -0.7942764 -0.65240407 -0.9636399 0.5873469 996.3 
20150701210529 12.890981 1.7250223 -0.7469909 -0.7840455 -0.9486737 0.2678644 996.3 
20150701210529 13.345879 2.6593595 -0.9564836 -0.97585726 -0.6933321 -0.03756821 996.3 
20150701210529 12.464812 3.7062242 -0.9295488 -1.0253373 -0.2883284 -0.096516706 996.27 
20150701210529 11.97041 4.060566 -0.6392518 -0.93492925 -0.027794369 -0.12156218 996.27 
20150701210529 11.228208 3.6272156 1.1234791 -0.5882632 0.13347405 -0.105068825 996.27 
20150701210529 11.633426 1.4053963 1.7597382 -0.29565877 0.25381452 0.043982297 996.27 
20150701210529 11.335946 -0.9888053 -2.3241713 -0.024740042 0.23182335 0.2593123 996.27 
20150701210530 9.3260145 0.28491 -6.453571 0.31429017 0.18020524 0.4007276 996.27 
20150701210530 10.658387 2.0482395 -7.483676 0.62796944 0.21991149 0.537256 996.27 
20150701210530 12.216414 4.550779 -6.527791 1.0894781 -0.441961 0.59864795 996.27 
20150701210530 13.845669 4.787805 -7.395689 1.1468995 -1.2198979 0.4447099 996.27 
20150701210530 15.078682 6.997653 -8.198944 1.0546589 -1.0946705 0.29443705 996.27 
20150701210530 14.858416 6.6085954 -7.304111 0.83291477 -0.34055737 -0.02076942 996.27 
20150701210530 11.066 4.84347 -4.7141833 0.5702427 0.3387248 -0.30818152 996.27 
20150701210530 7.677606 2.949058 -2.2319946 0.344528 0.68966687 -0.5910121 996.27 
20150701210530 4.8380833 1.2629414 -0.60333884 0.22327125 0.79320854 -0.77457714 996.27 
20150701210530 4.5675383 -0.34356794 -0.29209262 0.30176744 0.9459248 -0.8888089 996.27 
20150701210530 3.9109285 -0.33039984 -0.3890578 0.5665775 0.840856 -0.8063421 996.27 
20150701210530 3.0131028 0.046686932 -1.3186066 0.8008443 0.29993483 -0.7067711 996.27 
20150701210530 2.4420857 2.0967221 -2.3427265 1.0626001 0.005497787 -0.64934975 996.27 
20150701210530 3.5446155 4.317344 -2.830545 1.2895365 -0.18081611 -0.71959925 996.23 
20150701210530 5.554548 5.031415 -2.5192988 1.3536774 -0.4474588 -0.80939645 996.23 
20150701210530 7.896077 5.6006365 -2.203264 1.3246613 -0.51923543 -0.81000733 996.23 
20150701210530 10.450092 6.3488245 -2.2732944 1.2626585 -0.42394048 -0.5497787 996.23 
20150701210530 10.31063 6.9665284 -1.3688848 0.98868537 -0.13561209 -0.2996294 996.23 
20150701210530 11.621455 5.5300074 -1.3748703 0.66737026 0.29016098 -0.30482176 996.23 
20150701210530 11.150395 4.034828 -1.934515 0.462425 0.6035349 -0.31520647 996.23 
20150701210530 10.237606 4.678869 -1.5472529 0.27458394 0.9202685 -0.31795537 996.23 
20150701210530 10.256162 5.793968 -0.89543146 0.04642576 0.9642508 -0.21960606 996.23 
20150701210530 9.735423 5.650316 -4.4717703 -0.09285152 0.9275989 -0.27305678 996.37 
20150701210530 7.397485 7.0832458 -10.120889 -0.13347405 0.58551437 -0.55955255 996.37 
20150701210530 8.8364 9.118318 -8.813056 -0.16462818 0.027488936 -0.72509706 996.37 
20150701210530 12.63899 7.36217 -7.6608467 -0.14019357 -0.9786061 -0.8081747 996.37 
20150701210530 14.268844 4.9182887 -7.1047935 -0.25289822 -1.5503759 -0.63621616 996.37 
20150701210530 14.930242 2.3235726 -7.48607 -0.45112398 -1.0882565 -0.2773328 996.37 
20150701210530 12.458827 3.2016463 -6.1542954 -0.32375857 -0.4279111 0.21135938 996.37 
20150701210530 10.067019 3.1950622 -4.210802 -0.21655174 0.5534439 0.5647449 996.37 
20150701210530 5.524022 2.0039468 -0.98700964 -0.1441642 0.9486737 0.8567385 996.37 
20150701210530 3.4943373 2.2864625 0.2717419 -0.19425514 1.044885 0.6423248 996.28 
20150701210530 2.0248961 2.3942018 -0.41000703 -0.10048734 0.5900958 0.6365216 996.28 
20150701210530 1.567005 1.7447745 -1.2814964 -0.025350908 0.11026118 0.7315111 996.28 
20150701210530 1.7046716 0.22325931 -3.0627825 -0.10751228 -0.5045747 0.81214535 996.28 
20150701210530 2.4762032 -0.51714754 -3.550601 -0.1142318 -0.6924158 0.86132 996.28 
20150701210530 4.980538 -0.15263036 -3.6194344 -0.19242255 -0.7968737 0.8552113 996.28 
20150701210530 8.563461 2.273893 -2.2535424 -0.2489276 -0.97341377 0.85154617 996.28 
20150701210530 11.263522 2.8203697 -1.9099745 -0.37965274 -1.0073168 0.63621616 996.28 
20150701210530 13.096283 2.5773582 -1.9955671 -0.5540548 -0.88208944 0.39492437 996.28 
20150701210530 13.199833 3.7163997 -2.4498668 -0.8564331 -0.5491679 0.29168814 996.32 
20150701210530 13.232753 4.264672 -1.6537948 -0.99204516 -0.122478485 0.29840767 996.32 
20150701210530 12.307992 3.5356374 -0.6206968 -0.9779953 -0.0027488936 0.24495697 996.32 
20150701210530 11.020511 1.8052281 -0.054468088 -0.8170323 0.19517145 0.19425514 996.32 
20150701210530 11.058219 -0.7422025 -3.3321302 -0.5674938 0.4288274 0.21746802 996.32 
20150701210530 10.957064 0.1400608 -7.8948803 -0.13836098 0.45020768 0.43066 996.32 
20150701210530 12.391789 1.2180501 -8.2037325 0.44440445 0.26419923 0.63591075 996.32 
20150701210530 11.009736 3.514688 -6.938995 0.96761054 -0.68569624 0.7816021 996.32 
20150701210530 12.748526 5.8801594 -6.723517 1.1007792 -1.1606439 0.68966687 996.32 
20150701210530 14.025832 7.8236527 -7.4447703 1.0152581 -0.5946773 0.54000485 996.31 
20150701210531 14.2460985 7.345411 -7.8188643 0.7583892 0.07849618 0.2837469 996.31 
20150701210531 12.112267 5.419874 -5.5204306 0.28588495 0.35369098 -0.17470746 996.31 
20150701210531 8.143877 4.008492 -2.1948843 -0.21838433 0.5561928 -0.56016344 996.31 
20150701210531 4.7483006 2.3834279 -0.29448682 -0.32345316 0.9841039 -0.6401868 996.31 
20150701210531 2.8048072 -0.5327099 -0.08140286 -0.14905111 1.2403619 -0.59131753 996.31 
20150701210531 4.337695 -1.5424645 -0.39743748 0.15882497 1.2009611 -0.5571091 996.31 
20150701210531 3.9312792 -0.020350715 -0.88166475 0.5323691 0.8863655 -0.46914452 996.31 
20150701210531 3.0268695 1.4383167 -2.0787656 0.895223 0.24831672 -0.47158796 996.31 
20150701210531 2.6755204 2.7204118 -2.6569653 1.1575897 -0.26725355 -0.56505036 996.27 
20150701210531 3.8672342 3.50571 -2.4127567 1.282817 -0.37568212 -0.75777835 996.27 
20150701210531 7.3789296 5.4767365 -1.3736732 1.3219124 -0.29840767 -0.7910705 996.27 
20150701210531 10.9187565 7.021595 -0.5770026 1.2950343 -0.16065755 -0.5867361 996.27 
20150701210531 10.766725 6.7145386 -1.0193313 1.0913107 0.046120327 -0.31429017 996.27 
20150701210531 11.225215 4.8338933 -2.1589713 0.8145888 0.6114761 -0.2761111 996.27 
20150701210531 11.32218 4.2419267 -1.9243397 0.5525276 0.9615019 -0.23732115 996.27 
20150701210531 10.903194 6.342839 -1.8273745 0.20922135 1.0122037 -0.15424347 996.27 
20150701210531 9.444528 7.2544312 -4.6040497 -0.18112154 0.95081174 -0.2507602 996.27 
20150701210531 8.398261 8.391677 -7.920019 -0.27397305 0.6010914 -0.602924 996.27 
20150701210531 10.522516 7.2849574 -7.0706763 -0.23854288 -0.1872302 -0.64904433 996.27 
20150701210531 11.191696 4.571728 -6.2488666 -0.25442538 -0.72295904 -0.58551437 996.27 
20150701210531 12.879608 2.1619642 -5.7736173 -0.49174652 -0.75594574 -0.43982297 996.27 
20150701210531 14.226945 1.9644425 -6.103419 -0.48991394 -0.31337386 -0.09132435 996.27 
20150701210531 11.983578 4.4819455 -4.7524905 -0.3885103 -0.05100725 0.204029 996.27 
20150701210531 8.90643 5.639542 -3.5470097 -0.34697145 0.20097467 0.56016344 996.27 
20150701210531 5.9268465 4.8500543 -1.8776526 -0.34574974 0.41996986 0.8072584 996.27 
20150701210531 4.1784806 4.0216603 -1.1605892 -0.4260785 0.42149702 0.7806858 996.27 
20150701210531 2.3971944 2.8670566 -0.6859388 -0.5235115 0.25137106 0.7968737 996.35 
20150701210531 1.6394296 0.89543146 -1.0726024 -0.62125 -0.20952678 0.87995136 996.35 
20150701210531 2.0937295 -1.0845734 -2.332551 -0.7648033 -0.5742133 0.9104946 996.35 
20150701210531 2.0458453 -2.3780408 -2.3199813 -0.73548174 -0.732122 0.9126327 996.35 
20150701210531 4.9559975 -1.8860323 -2.6156654 -0.6768387 -0.9456194 0.87689704 996.35 
20150701210531 7.7560163 0.18854338 -1.5011644 -0.66767573 -1.2507466 0.86132 996.35 
20150701210531 11.594521 1.6998832 -0.6428431 -0.68294734 -1.2916746 0.55833083 996.35 
20150701210531 14.566921 1.8064252 -0.6985083 -0.7367035 -1.2501358 0.28985557 996.35 
20150701210531 15.15829 1.8501194 -2.0769699 -0.8188649 -1.0048733 0.1142318 996.35 
20150701210531 14.526819 4.493318 -2.2720973 -0.80481493 -0.5222898 0.21991149 996.33 
20150701210531 11.868058 2.368464 -0.50158525 -0.64599 -0.07819075 0.29749137 996.33 
20150701210531 9.97604 0.5770026 1.3275849 -0.27366763 0.29077184 0.1518 996.33 
20150701210531 10.094553 -1.3521254 -4.710592 -0.0067195175 0.76174897 0.10262536 996.33 
20150701210531 8.7538 -0.81283146 -7.4070616 0.20647246 0.8035932 0.21502456 996.33 
20150701210531 10.679935 2.610877 -6.885724 0.48655418 0.4279111 0.22327125 996.33 
20150701210531 11.812991 6.541558 -7.7608047 1.0797043 -0.5329799 0.56688297 996.33 
20150701210531 14.091673 10.316615 -9.0476885 1.1746938 -1.241889 0.74036866 996.33 
20150701210531 16.133926 10.858902 -9.382876 1.1117748 -0.94959 0.6356053 996.33 
20150701210531 13.889961 6.88752 -7.3268557 0.5696318 -0.45814893 0.33261612 996.31 
20150701210531 9.239224 3.2812533 -2.7407625 -0.34574974 0.18845193 -0.3463606 996.31 
20150701210531 6.217742 1.7711107 -0.36391866 -0.8216137 0.75411314 -0.6081163 996.31 
20150701210531 3.9043443 -0.22625206 0.3196259 -0.59498274 1.3695599 -0.5006041 996.31 
20150701210531 4.8099513 -1.9548657 -0.035913024 -0.101098195 1.4862351 -0.50579643 996.31 
20150701210531 4.365228 -1.1013328 -0.23223756 0.20616703 0.9950995 -0.60994893 996.31 
20150701210532 3.9193082 0.6027403 -1.0181342 0.5326745 0.2910773 -0.6078109 996.31 
20150701210532 3.3423057 2.5432408 -1.7034745 0.7153232 -0.36254853 -0.60139686 996.31 
20150701210532 3.8744168 3.6403837 -2.360683 0.9624182 -0.42149702 -0.7141015 996.31 
20150701210532 6.1608796 4.3161473 -2.5779567 1.1456778 -0.37751472 -0.8381071 996.29 
20150701210532 8.303091 5.9771247 -1.7495629 1.1377366 -0.23671028 -0.79901177 996.29 
20150701210532 10.4967785 7.353192 -0.6877344 1.0433578 -0.0076358155 -0.57940567 996.29 
20150701210532 10.941502 6.9892735 -1.0019734 0.81031275 0.30909783 -0.39920044 996.29 
20150701210532 10.160394 4.2293572 -2.9724014 0.6001751 0.6621779 -0.48533243 996.29 
20150701210532 9.928156 3.007716 -3.1441853 0.5161811 0.9611965 -0.41630468 996.29 
20150701210532 11.300034 6.857592 -3.3195608 0.29168814 1.0323622 -0.16615535 996.29 
20150701210532 8.78672 8.615535 -6.0639143 0.08002335 0.8371908 -0.20433442 996.29 
20150701210532 9.669582 8.247426 -7.9691005 0.058337633 0.22296582 -0.52473325 996.29 
20150701210532 10.925341 5.315128 -8.584411 -0.009162978 -0.42577308 -0.54550266 996.32 
20150701210532 10.856507 2.12246 -6.6121864 -0.33292156 -0.7834347 -0.56596667 996.32 
20150701210532 12.10269 1.5221137 -4.8722005 -0.713796 -0.3100141 -0.48808134 996.32 
20150701210532 11.679515 2.2224178 -4.4005427 -0.6933321 -0.073303826 -0.3203988 996.32 
20150701210532 10.01734 4.404134 -3.888782 -0.47494772 0.07238753 0.031154128 996.32 
20150701210532 7.675811 4.980538 -2.4947581 -0.41813725 0.21288654 0.52320606 996.32 
20150701210532 5.7616463 4.7339354 -1.5424645 -0.40225476 0.4260785 0.83169305 996.32 
20150701210532 4.8374844 3.8911762 -0.9588778 -0.42363504 0.34513888 0.8875872 996.32 
20150701210532 3.8295257 2.7222073 -1.0684125 -0.4792238 0.118507855 0.8744536 996.32 
20150701210532 3.4099417 0.93254155 -1.4377182 -0.58246 -0.23732115 0.906524 996.32 
20150701210532 4.338892 -1.0360907 -2.3529017 -0.6817256 -0.3494149 0.8753699 996.32 
20150701210532 5.647922 -1.7369933 -2.135628 -0.6948592 -0.41996986 0.8362745 996.32 
20150701210532 7.7943234 -0.9720459 -1.6903064 -0.6765333 -0.5681047 0.732122 996.32 
20150701210532 9.409811 0.15981296 -1.0726024 -0.63529986 -0.7495316 0.56321776 996.32 
20150701210532 10.690709 1.1474211 -0.62129533 -0.5910121 -0.6930266 0.37293324 996.32 
20150701210532 11.469423 1.0468647 -0.23403321 -0.5580254 -0.57635134 0.1255328 996.32 
20150701210532 11.196485 0.9588778 -0.3842694 -0.48624873 -0.28802297 -0.004276057 996.32 
20150701210532 11.118672 2.6539726 -0.80564886 -0.4831944 -0.059864793 0.028405234 996.32 
20150701210532 10.616488 4.829105 -0.8984242 -0.5180137 0.1740966 0.124005646 996.33 
20150701210532 10.086772 4.829105 -1.733402 -0.39614612 0.12980886 0.13561209 996.33 
20150701210532 10.538078 3.550601 -3.177704 -0.16982053 -0.024129177 0.06352998 996.33 
20150701210532 12.759898 -0.24899697 -5.8963203 -0.047036625 -0.1518 0.11728613 996.33 
20150701210532 15.283985 0.9463082 -7.0126166 0.32834008 -0.23243423 0.38606682 996.33 
20150701210532 13.052589 2.8179753 -7.3202715 0.8863655 -0.6768387 1.0326678 996.33 
20150701210532 11.950059 6.007052 -6.084265 0.89766645 -0.906524 1.2000448 996.33 
20150701210532 12.88679 7.4549456 -5.398925 0.8237518 -0.056199603 0.9868528 996.33 
20150701210532 12.744335 6.265626 -4.623802 0.59650993 0.47250426 0.376293 996.33 
20150701210532 11.180922 3.702633 -2.6809072 0.2519819 0.72509706 -0.35796702 996.3 
20150701210532 8.853159 2.8449101 -1.0989386 -0.042455133 0.7425067 -0.8026769 996.3 
20150701210532 6.5086374 2.3259668 -0.5955577 -0.15454891 0.89736104 -0.9599747 996.3 
20150701210532 5.483919 1.1270704 -0.62249243 0.122478485 0.8042041 -0.89461213 996.3 
20150701210532 4.835689 -0.37828386 -1.3305776 0.47861293 0.41722095 -0.73456544 996.3 
