20150622154309 -9.322423 2.0608091 -4.8883615 -0.059864793 0.48838675 0.43127087 999.91 
20150622154309 -10.716447 2.1787236 -5.00448 0.3173445 0.6377433 0.06505715 999.91 
20150622154309 -10.972028 2.5528176 -4.1922474 0.45753807 0.58032197 -0.24007004 999.91 
20150622154309 -10.213066 2.777274 -2.9101522 0.35277468 0.25778514 -0.37201694 999.91 
20150622154309 -9.346365 2.2391772 -1.638831 0.028710667 -0.059253927 -0.48808134 999.88 
20150622154309 -8.94773 1.1312603 -0.9355343 -0.25137106 -0.36071593 -0.6072 999.88 
20150622154309 -8.605958 -0.3417723 -0.96187055 -0.34880406 -0.44104472 -0.76083267 999.88 
20150622154309 -8.252214 -1.9147629 -1.2324153 -0.26297748 -0.2919936 -0.91721416 999.88 
20150622154309 -7.952341 -3.2543187 -0.78769237 -0.14782938 -0.13469578 -1.0247264 999.88 
20150622154309 -7.8715367 -3.781043 -0.075417355 -0.015271631 -0.07849618 -1.0757337 999.88 
20150622154309 -7.8326306 -3.1854854 0.6075287 0.1133155 -0.15851954 -0.9673051 999.88 
20150622154309 -8.002021 -1.9818004 0.40282443 0.18661933 -0.24129178 -0.7733554 999.88 
20150622154309 -8.54311 -0.92416185 -0.6063316 0.23487769 -0.115453534 -0.5497787 999.88 
20150622154309 -9.030331 -0.27593175 -1.3640964 0.21777347 0.15760323 -0.40408736 999.91 
20150622154309 -9.04709 -0.08439561 -1.762731 0.098043874 0.31581733 -0.2443461 999.91 
20150622154310 -8.847773 -0.6691794 -1.4544775 -0.0015271631 0.33383787 -0.12614368 999.91 
20150622154310 -9.054273 -1.460463 -0.25977087 -0.08307768 0.101098195 -0.08399397 999.91 
20150622154310 -9.1350765 -1.8501194 1.074398 -0.16615535 -0.2837469 -0.11881329 999.91 
20150622154310 -8.659229 -1.3090298 2.5192988 -0.22143865 -0.68752885 -0.083383106 999.91 
20150622154310 -8.463503 -0.44831428 3.5984852 -0.25228736 -0.8875872 0.089186326 999.91 
20150622154310 -9.689933 -0.24480712 3.4542346 -0.28527406 -0.9779953 0.25289822 999.91 
20150622154310 -11.347918 -0.29867667 2.2290018 -0.2968805 -0.64568454 0.22082779 999.91 
20150622154310 -12.599486 -1.0666169 1.299453 -0.31520647 0.002443461 0.0061086523 999.91 
20150622154310 -12.779052 -2.5743654 0.7906851 -0.35124752 0.48197266 -0.19822577 999.91 
20150622154310 -12.409147 -4.1305966 0.7026982 -0.33536503 0.49174652 -0.30573806 999.91 
20150622154310 -11.862671 -3.7355533 -0.3842694 -0.25992316 0.20616703 -0.23823744 999.91 
20150622154310 -10.535086 -2.8658595 -1.8441339 -0.04337143 0.14446963 -0.31031954 999.91 
20150622154310 -9.596559 -2.9346926 -3.4889505 0.37934732 0.5934556 -0.46975538 999.91 
20150622154310 -8.966884 -3.008913 -4.783615 0.61391956 0.7113526 -0.60903263 999.91 
20150622154310 -9.534309 -1.9985598 -6.682217 0.6817256 0.59498274 -0.50823987 999.91 
20150622154310 -11.4377 0.049081136 -8.676587 0.47555858 0.57726765 -0.2501493 999.91 
20150622154310 -14.233529 1.8148049 -7.1329255 0.06872234 0.9416488 -0.057421334 999.9 
20150622154310 -13.696031 1.3210008 -3.6361938 0.046731193 1.3191634 0.04642576 999.9 
20150622154310 -10.098145 -2.0446482 -1.7717092 0.34574974 0.3848451 0.094989546 999.9 
20150622154310 -7.586028 -3.891775 0.1412579 0.63071835 -0.6392705 0.01160644 999.9 
20150622154310 -7.067683 -4.1838675 2.1619642 0.5580254 -1.3628404 0.09896017 999.9 
20150622154310 -7.5441294 -2.9406781 1.6310499 0.3463606 -1.4147639 0.39736784 999.9 
20150622154310 -8.158841 -1.0462662 -0.2693477 0.25595254 -0.81000733 0.6835582 999.9 
20150622154310 -8.01878 0.6925228 -1.9632454 0.3155119 0.3643811 0.818254 999.9 
20150622154310 -7.2711906 1.5029601 -2.6761189 0.4071417 0.9831876 0.874759 999.9 
20150622154310 -6.685808 1.5819688 -1.8716671 0.5488624 1.1527027 0.79198676 999.89 
20150622154310 -6.2805896 0.99538934 -0.8403648 0.6737844 0.7504479 0.6252206 999.89 
20150622154310 -6.203975 0.06404489 -0.3184288 0.6948592 0.13347405 0.43768495 999.89 
20150622154310 -5.8891377 -0.8230068 -0.5710171 0.68019843 -0.1441642 0.29626966 999.89 
20150622154310 -6.239888 -1.0103531 -0.28072014 0.7507534 -0.16493362 0.21380283 999.89 
20150622154310 -7.244256 -0.31064767 0.24959552 0.8176431 -0.13958271 0.1255328 999.89 
20150622154310 -9.208099 0.5231331 0.83617496 0.8145888 -0.19303341 0.049480084 999.89 
20150622154310 -11.674128 1.1725603 1.1390414 0.84788096 -0.20799962 -0.004581489 999.89 
20150622154310 -13.070545 0.17477672 0.6955156 0.9053023 -0.21533 -0.0711658 999.89 
20150622154310 -13.154343 -1.6124948 0.51355624 0.94806284 -0.2864958 -0.30298916 999.96 
20150622154310 -12.884995 -2.1972785 2.44029 0.8533788 -0.33200526 -0.4392121 999.96 
20150622154310 -12.107478 -1.785476 3.0783448 0.5830709 -0.26511553 -0.09712757 999.96 
20150622154310 -12.914324 -0.9828198 3.1663318 0.28191432 -0.5626069 0.35979962 999.96 
20150622154310 -13.444639 -0.4950012 1.340753 0.1020145 -0.70616025 0.57696223 999.96 
20150622154310 -11.592126 0.2801216 -1.7100586 -0.3042109 -0.6227771 0.8680395 999.96 
20150622154310 -7.48607 5.105635 -7.49445 -0.5687156 0.15302174 1.4703526 999.96 
20150622154310 -9.595362 5.756858 -10.496181 -0.8588765 1.3756685 1.9117028 999.96 
20150622154310 -13.534422 4.624999 -15.22413 -1.183246 2.0677788 1.3008375 999.96 
20150622154310 -17.188572 0.8331822 -12.121244 -0.84940815 2.4541512 0.51343226 999.94 
20150622154310 -12.993931 0.2825158 -5.6467247 0.5323691 2.0641136 0.106901415 999.94 
20150622154310 -7.359776 0.7673417 -2.355296 0.84116143 0.45356745 -0.4392121 999.94 
20150622154310 -4.658518 0.9331401 1.0929531 0.48472157 -1.3066407 -0.58062744 999.94 
20150622154310 -4.0282445 1.5562311 3.614646 0.23060162 -2.3945918 -0.6420194 999.94 
20150622154310 -4.5076833 2.5001452 3.9869444 -0.058643065 -2.5665503 -0.6420194 999.94 
20150622154310 -5.401319 2.468422 1.3449428 -0.22327125 -2.4898868 -0.66859204 999.94 
20150622154310 -6.534375 1.22224 -1.7070658 -0.41233405 -1.629483 -0.80939645 999.94 
20150622154311 -7.4082584 -0.7577648 -5.3767786 -0.6609562 0.17745635 -1.0152581 999.94 
20150622154311 -7.216124 -3.0298622 -6.0046577 -0.7312057 1.7397442 -1.149343 999.9 
20150622154311 -6.9767036 -4.481347 -2.5049336 -0.64904433 2.2085834 -1.1194105 999.9 
20150622154311 -7.341221 -5.4498014 0.9576807 -0.56046885 1.6001616 -0.9334021 999.9 
20150622154311 -7.521983 -4.2730513 2.1817162 -0.6310238 -0.18906279 -0.7498371 999.9 
20150622154311 -7.5788455 -2.373851 -0.16340427 -0.6609562 -1.1053606 -0.4269948 999.9 
20150622154311 -7.933786 -0.79607207 -1.3395559 -0.5644395 -1.1001683 -0.018936822 999.9 
20150622154311 -9.578603 0.47644615 0.01616086 -0.46944994 -0.16249016 0.21074851 999.9 
20150622154311 -11.129447 1.5155296 2.3582888 -0.50823987 0.19058995 0.42119157 999.9 
20150622154311 -11.942278 2.022502 3.3494883 -0.62796944 -0.051923547 0.52778757 999.9 
20150622154311 -12.687473 1.0109516 2.9161377 -0.655153 -0.5299256 0.56077427 999.95 
20150622154311 -13.146562 -1.733402 2.0799627 -0.66767573 -0.59712076 0.26542094 999.95 
20150622154311 -12.594099 -4.1826706 0.11791443 -0.66645396 -0.090713486 -0.15454891 999.95 
20150622154311 -11.459248 -3.4380736 -1.7717092 -0.46395215 0.2770274 -0.5555819 999.95 
20150622154311 -10.87626 -2.417545 -2.8766334 -0.13652839 0.5103779 -0.6606508 999.95 
20150622154311 -10.8152075 -3.9534256 -5.6670756 0.35155296 0.8414669 -0.90010995 999.95 
20150622154311 -10.669162 -4.1371803 -7.5650787 0.7302894 1.0806206 -1.2770138 999.95 
20150622154311 -12.661736 -3.4512417 -9.166202 1.1114693 1.0366384 -1.2345587 999.95 
20150622154311 -15.5359745 -2.2511482 -8.781932 1.1178834 0.8765916 -0.7626653 999.95 
20150622154311 -14.656704 -1.0408791 -5.298967 0.5946773 0.57604593 -0.26053402 999.91 
20150622154311 -10.1621895 -0.5686229 -2.9694088 0.19425514 0.6606508 0.25961772 999.91 
20150622154311 -6.5906386 -1.0851719 -0.91219085 0.23854288 -0.059253927 0.5216789 999.91 
20150622154311 -5.185242 -1.79206 0.8984242 0.4465425 -0.7858781 0.5882632 999.91 
20150622154311 -5.595848 -2.4546554 1.8088194 0.59773165 -1.3008375 0.64873886 999.91 
20150622154311 -6.483498 -2.4642322 0.26874915 0.63224554 -1.3316863 0.623388 999.91 
20150622154311 -7.141305 -1.8830396 -2.1643584 0.72234815 -0.7461719 0.63255095 999.91 
20150622154311 -7.1263413 -0.79846627 -4.5555673 0.8680395 0.37048978 0.754724 999.91 
20150622154311 -7.119757 0.55126494 -4.563947 1.0537425 1.056186 0.84940815 999.91 
20150622154311 -6.631939 1.8004397 -2.8862102 1.1273518 1.3509285 0.9117164 999.91 
20150622154311 -6.0716953 2.60968 -1.4377182 1.0387764 0.92179567 0.8793405 999.91 
20150622154311 -5.935226 2.4899697 -0.5069722 0.9275989 0.1386664 0.7498371 999.91 
20150622154311 -6.697779 1.7884687 -0.18914193 0.9306532 -0.22113322 0.4810564 999.91 
20150622154311 -8.095394 0.75237787 -0.019153614 1.0409144 -0.34574974 0.19517145 999.91 
20150622154311 -9.624092 -0.3705027 0.2669535 1.1456778 -0.38240165 -0.14966199 999.91 
20150622154311 -10.791864 -1.2719196 0.599149 1.1667526 -0.3371976 -0.3399465 999.91 
20150622154311 -11.4837885 -1.5741876 1.4999673 1.078788 -0.3943135 -0.38240165 999.91 
20150622154311 -11.775283 -1.3934253 2.4145525 0.9245446 -0.42424592 -0.31031954 999.91 
20150622154311 -11.770494 -0.93613285 3.6290112 0.72143185 -0.42271876 -0.12767084 999.84 
20150622154311 -11.222222 -0.3477578 3.5972881 0.5561928 -0.34697145 0.042455133 999.84 
20150622154311 -12.439673 0.46387658 2.5330653 0.34208453 -0.33841935 0.24709499 999.84 
20150622154311 -14.232332 0.19512744 -2.0081367 0.10629055 -0.24556783 0.5177083 999.84 
20150622154311 -13.222577 0.789488 -12.296021 -0.19150625 0.24465153 0.7516697 999.84 
20150622154311 -11.750742 2.8898015 -11.382035 -0.6383542 1.1316279 1.1307116 999.84 
20150622154311 -11.675324 3.804985 -10.733805 -1.2305881 2.7015514 1.4782939 999.84 
20150622154311 -14.850036 2.6060886 -12.611458 -1.1261301 2.2241604 1.402852 999.84 
20150622154311 -15.023017 1.9764135 -9.312247 -0.080634214 0.33078352 0.79534656 999.84 
20150622154311 -10.857705 2.1583729 -3.469797 0.67073005 0.35827246 0.28160888 999.85 
20150622154311 -6.118981 2.5570073 -0.80445176 0.7415904 -0.19517145 -0.18234327 999.85 
20150622154311 -4.2185836 2.3092074 1.1300632 0.30909783 -1.6551393 -0.47739118 999.85 
20150622154312 -4.610634 2.203264 2.0494366 0.026267206 -2.1740694 -0.51251596 999.85 
20150622154312 -6.1357403 1.8309658 0.9044097 -0.20097467 -1.8848248 -0.63529986 999.85 
20150622154312 -7.5321584 1.1677719 -3.2154129 -0.40561453 -1.1835514 -0.7501425 999.85 
20150622154312 -7.9212165 0.4369418 -8.255806 -0.77671516 -0.28069258 -0.870483 999.85 
20150622154312 -7.4495587 -0.5626374 -4.1317935 -1.0299188 1.2412782 -0.870483 999.85 
20150622154312 -6.601413 -2.0739772 -1.6831238 -1.1114693 1.88849 -0.8045095 999.85 
20150622154312 -5.977723 -3.5122938 -0.3286042 -1.0454959 0.5564982 -0.88331115 999.88 
20150622154312 -6.033987 -4.5286326 0.801459 -0.9034697 -0.6215554 -0.958753 999.88 
20150622154312 -6.306926 -4.095282 1.5693992 -0.6588182 -0.82436264 -0.8924741 999.88 
20150622154312 -7.0610995 -2.871845 0.7553706 -0.57757306 -0.8246681 -0.6282749 999.88 
20150622154312 -8.472482 -1.6968905 -0.6835446 -0.53969944 -0.5290093 -0.23701571 999.88 
20150622154312 -9.925163 -0.6667852 -1.5945383 -0.4978552 0.020463986 0.08979719 999.88 
20150622154312 -11.003751 0.28311434 -0.8738836 -0.44348818 0.48288897 0.22021692 999.88 
20150622154312 -11.314998 0.64463884 0.7206547 -0.37507126 0.54183745 0.29443705 999.88 
20150622154312 -11.034277 0.06404489 2.1338322 -0.35643986 0.26816985 0.21624629 999.88 
20150622154312 -10.802039 -0.76434886 3.4051533 -0.31887165 -0.12950343 0.016187929 999.93 
20150622154312 -10.91756 -1.532289 3.470994 -0.32895094 -0.3848451 -0.21227567 999.93 
20150622154312 -10.841544 -2.689287 2.457648 -0.30726522 -0.41599923 -0.37934732 999.93 
20150622154312 -10.750565 -2.866458 -0.01316811 -0.19975294 -0.27275133 -0.5195409 999.93 
20150622154312 -11.811794 -2.3690627 -4.0342298 -0.008857546 0.09407325 -0.49571714 999.93 
20150622154312 -12.7018385 -3.402759 -10.603919 0.31673363 0.766025 -0.72234815 999.93 
20150622154312 -13.743915 -5.117606 -14.391546 0.88331115 1.8839084 -1.1258247 999.93 
20150622154312 -13.446435 -4.1635165 -14.767436 1.3616186 2.445599 -1.3655893 999.93 
20150622154312 -12.813169 -1.01574 -10.381259 1.5167783 2.0222695 -1.1511755 999.93 
20150622154312 -12.142194 1.5071499 -4.88058 0.6792821 0.66767573 -0.37415496 999.91 
20150622154312 -9.911995 0.4938041 -1.9387048 -0.121256754 -0.15515977 0.26908615 999.91 
20150622154312 -7.6111674 -1.4263457 -0.96785605 -0.11881329 -0.7696902 0.54519725 999.91 
20150622154312 -6.365584 -2.6605566 0.035913024 0.19425514 -1.3924674 0.56413406 999.91 
20150622154312 -6.8504095 -3.5942953 0.3854665 0.4352415 -1.382999 0.57360244 999.91 
20150622154312 -7.675212 -3.8283286 -0.9636662 0.5500842 -0.99021256 0.6227771 999.91 
20150622154312 -8.301296 -3.2650926 -3.151368 0.5870415 -0.43096542 0.6453791 999.91 
20150622154312 -7.9792757 -2.123657 -4.337695 0.6951646 0.4251622 0.7535023 999.91 
20150622154312 -7.079654 -0.18914193 -2.9855695 0.8866709 0.9978484 0.84391034 999.91 
20150622154312 -5.8244944 1.436521 -2.0871453 1.1899655 0.8707884 0.90377516 999.9 
20150622154312 -4.863222 2.44448 -1.1755531 1.3096951 0.08093964 0.93615097 999.9 
20150622154312 -4.64535 2.980781 -0.3453636 1.1936307 -0.4266894 0.93737274 999.9 
20150622154312 -5.2786164 3.1974564 -0.66379243 0.96669424 -0.50610185 0.84574294 999.9 
20150622154312 -6.735488 2.8604724 -1.3982137 0.84238315 -0.37934732 0.6814202 999.9 
20150622154312 -8.845977 1.7723078 -1.1851299 0.86437434 -0.15454891 0.3924809 999.9 
20150622154312 -10.448297 0.28790274 -0.7224504 0.9615019 0.11026118 0.042760566 999.9 
20150622154312 -11.207258 -0.89303726 -0.142455 0.9935723 0.015271631 -0.28313604 999.9 
20150622154312 -11.63582 -1.8896236 1.2401965 0.9288206 -0.29932398 -0.41355577 999.9 
20150622154312 -11.974001 -2.7204118 2.8939912 0.8194757 -0.6035349 -0.36346483 999.86 
20150622154312 -11.628039 -2.3301568 3.603872 0.65301496 -0.7272351 -0.13652839 999.86 
20150622154312 -10.769119 -1.1707647 2.9747956 0.46089783 -0.7483099 0.16676621 999.86 
20150622154312 -11.880628 0.35553896 1.0803835 0.28955013 -0.44501534 0.45998153 999.86 
20150622154312 -13.333908 0.9463082 -3.968988 0.11942416 -0.061391957 0.52595496 999.86 
20150622154312 -14.797363 0.5363012 -9.570223 -0.1881465 0.35430184 0.6010914 999.86 
20150622154312 -12.702437 3.095703 -10.102334 -0.54611355 1.1273518 0.97433007 999.86 
20150622154313 -11.759122 5.2917843 -9.794081 -0.99204516 2.1255057 1.5677856 999.86 
20150622154313 -12.937668 4.771045 -12.023681 -1.4544702 1.5005904 1.6914859 999.86 
20150622154313 -13.811551 2.8054059 -8.839393 -0.73456544 0.7761043 1.0665708 999.84 
20150622154313 -11.3964 2.167351 -3.7978024 0.2932153 0.32711834 0.39858958 999.84 
20150622154313 -8.003817 1.9213469 -0.48961425 0.956615 -0.40103304 -0.43218717 999.84 
20150622154313 -5.911284 1.4024036 0.9804256 0.7272351 -1.6670512 -0.8906415 999.84 
20150622154313 -5.6551046 1.460463 1.472434 0.4025602 -2.0512855 -0.93737274 999.84 
20150622154313 -6.4583592 1.3988123 -0.7733272 0.061391957 -1.6395624 -0.86834496 999.84 
20150622154313 -6.9425864 0.53211135 -6.657078 -0.22999077 -0.8564331 -0.8741482 999.84 
20150622154313 -6.7612257 -0.30466217 -6.475717 -0.5467244 0.16462818 -0.9578367 999.84 
20150622154313 -6.1979895 -1.0726024 -2.7898436 -0.71593404 1.4605788 -0.9468411 999.84 
20150622154313 -5.415684 -2.088941 -0.7194576 -0.8576548 1.2507466 -0.87995136 999.89 
20150622154313 -5.4049106 -3.5901055 -0.13467385 -0.8381071 -0.24129178 -0.97066486 999.89 
20150622154313 -5.789778 -4.5723267 0.2753332 -0.64568454 -0.6215554 -1.0225884 999.89 
20150622154313 -6.751649 -3.5739446 -0.04309563 -0.46181414 -0.7837401 -0.9419542 999.89 
20150622154313 -8.686762 -2.297835 -1.5280992 -0.45875978 -0.5644395 -0.5674938 999.89 
20150622154313 -9.553463 -0.93732995 -2.823961 -0.52320606 -0.1160644 -0.16676621 999.89 
20150622154313 -10.350134 0.015562311 -1.7878702 -0.6197228 0.31429017 0.23273966 999.89 
20150622154313 -10.469246 0.60932434 0.16460137 -0.6630942 0.38728857 0.41355577 999.89 
20150622154313 -10.383653 0.45489833 2.0470424 -0.6585127 0.035124753 0.34055737 999.89 
20150622154313 -10.378864 -0.41599256 3.8456864 -0.5726862 -0.67256266 0.16187929 999.9 
20150622154313 -10.976816 -1.0426749 4.1305966 -0.4718934 -0.9639453 -0.06811147 999.9 
20150622154313 -11.840525 -1.763928 3.0597897 -0.41874814 -0.86498517 -0.2678644 999.9 
20150622154313 -11.628637 -3.091513 2.48159 -0.38148534 -0.4804455 -0.48747048 999.9 
20150622154313 -10.858902 -2.9322984 0.3597288 -0.3323107 -0.07238753 -0.63713247 999.9 
20150622154313 -10.713454 -2.0745757 -3.2369606 -0.16126843 0.22418754 -0.5681047 999.9 
20150622154313 -11.683105 -3.4237084 -7.507618 0.1908954 0.5717699 -0.84299403 999.9 
20150622154313 -12.037448 -4.3287168 -10.590153 0.7703011 1.4877623 -1.3203852 999.9 
20150622154313 -12.509106 -3.2980127 -12.893973 1.1517864 1.6783522 -1.4388931 999.9 
20150622154313 -14.887745 -0.8888474 -11.854291 1.0742066 1.3362677 -0.87995136 999.92 
20150622154313 -15.240291 1.7280151 -6.015432 0.1853976 0.68661255 -0.28771752 999.92 
20150622154313 -12.059594 0.5470751 -3.079542 -0.43982297 0.5897904 0.21135938 999.92 
20150622154313 -7.825448 -1.1109096 -1.2000936 -0.15974127 -0.20861048 0.3286455 999.92 
20150622154313 -5.4061074 -2.606687 1.1976994 0.1151481 -1.2156218 0.28038713 999.92 
20150622154313 -4.9943047 -3.787627 2.124854 0.3747658 -1.5335772 0.45570546 999.92 
20150622154313 -5.675455 -3.911527 1.7735049 0.29046643 -1.7595973 0.5885687 999.92 
20150622154313 -6.805518 -3.2321723 -0.5722142 0.16707164 -1.1539245 0.7141015 999.92 
20150622154313 -7.2550297 -1.6053122 -3.669114 0.2611449 0.06811147 0.89858276 999.92 
20150622154313 -7.4495587 0.3441665 -4.3598413 0.4297437 1.1728612 1.0128145 999.89 
20150622154313 -6.618172 1.8614918 -2.381632 0.634689 1.5784758 1.0781772 999.89 
20150622154313 -5.710171 2.8760347 -1.216853 0.74281216 1.3045027 1.0308352 999.89 
20150622154313 -5.668871 2.6384103 -1.1719618 0.8436049 0.2773328 0.93645644 999.89 
20150622154313 -6.513426 1.5897499 -1.5340848 0.8405506 -0.22418754 0.65118235 999.89 
20150622154313 -7.9990277 0.49919105 -1.2120646 0.8921687 -0.16829337 0.38087448 999.89 
20150622154313 -9.3583355 -0.83138657 -0.5153519 1.0140363 -0.021685716 0.030543262 999.89 
20150622154313 -10.010158 -1.5005659 0.32561144 1.0891727 -3.0543262E-4 -0.25350907 999.89 
20150622154313 -10.717644 -1.5867572 0.7140707 1.097114 -0.13713925 -0.35705075 999.89 
20150622154313 -12.372636 -1.6232687 1.0971429 1.031446 -0.37659842 -0.2773328 999.93 
20150622154313 -13.187861 -1.1845313 1.3868413 0.9282097 -0.43585235 -0.15577064 999.93 
20150622154313 -12.0332575 -1.1845313 1.6089035 0.76052725 -0.29016098 0.08460484 999.93 
20150622154313 -12.3038025 0.5638345 1.2240356 0.58184916 -0.0711658 0.41233405 999.93 
20150622154314 -13.724761 -0.62967503 -1.9590555 0.43279803 -0.040927973 0.5888741 999.93 
20150622154314 -13.781624 -1.4305356 -7.4028716 0.13316862 -0.056505036 0.70402217 999.93 
20150622154314 -10.494385 0.9211691 -8.220491 -0.10873401 0.5305365 0.99296147 999.93 
20150622154314 -9.041104 3.8474822 -5.392939 -0.48197266 1.17897 1.6508633 999.93 
20150622154314 -10.586561 4.055179 -7.873931 -1.0439687 0.93584555 1.8490891 999.93 
20150622154314 -13.67568 3.7343562 -11.826757 -0.8765916 -0.042455133 1.2999213 999.92 
20150622154314 -14.495095 3.7307649 -8.374918 0.14446963 0.26542094 0.83658 999.92 
20150622154314 -11.362882 2.717419 -4.1623197 0.84665924 0.7629707 0.5338962 999.92 
20150622154314 -7.945757 1.7669208 -2.168548 0.9306532 -0.11728613 -0.14019357 999.92 
20150622154314 -6.5152216 1.2946646 -0.48602295 0.5867361 -1.2421945 -0.68691796 999.92 
20150622154314 -6.473323 1.2372037 -0.09995792 0.4196644 -1.3625349 -0.9034697 999.92 
20150622154314 -7.0569096 1.1097125 -1.2216414 0.33444872 -1.1252137 -0.9059132 999.92 
20150622154314 -6.9449806 0.42916065 -3.5942953 0.16707164 -0.68386364 -0.90469146 999.92 
20150622154314 -6.719327 -0.26156655 -4.040814 -0.14874569 -0.14874569 -0.88239485 999.92 
20150622154314 -5.8508306 -0.4830302 -2.183512 -0.41416663 0.5876524 -0.9074403 999.88 
20150622154314 -5.2648497 -1.0666169 -1.1115081 -0.5348125 0.54244834 -0.84879726 999.88 
20150622154314 -5.3779755 -1.9494787 -0.6464345 -0.5723807 -0.18753563 -0.8393288 999.88 
20150622154314 -6.208165 -2.475006 -0.48243165 -0.5571091 -0.45081854 -0.8191703 999.88 
20150622154314 -7.6728177 -2.349909 -0.53211135 -0.59895337 -0.462425 -0.70554936 999.88 
20150622154314 -8.938752 -1.6765398 -0.83976626 -0.68508536 -0.2950479 -0.4792238 999.88 
20150622154314 -9.574412 -1.376666 -1.4520833 -0.7657196 -0.031154128 -0.13561209 999.88 
20150622154314 -10.315418 -1.8004397 -0.2088941 -0.77182823 0.0842994 0.17684549 999.88 
20150622154314 -10.239402 -2.2810757 1.4437037 -0.73884153 0.028099801 0.2510656 999.88 
20150622154314 -10.094553 -1.8614918 2.7036524 -0.6032294 -0.21960606 0.21594086 999.94 
20150622154314 -10.949882 -1.4975731 3.5009215 -0.43035457 -0.5494733 0.06780604 999.94 
20150622154314 -12.192472 -1.5568297 3.3794158 -0.18600847 -0.50579643 -0.19272798 999.94 
20150622154314 -11.749545 -1.7818847 2.5079262 0.0571159 -0.21471913 -0.4831944 999.94 
20150622154314 -11.351509 -2.666542 2.2218192 0.17256944 0.04917465 -0.7113526 999.94 
20150622154314 -10.105327 -1.8884265 -0.20949265 0.22296582 0.19364429 -0.745561 999.94 
20150622154314 -9.828198 -0.66139823 -4.1293993 0.26908615 0.23396139 -0.5546656 999.94 
20150622154314 -11.271901 -2.1278467 -8.313866 0.54092115 0.679893 -0.679893 999.94 
20150622154314 -12.624027 -3.300407 -13.007099 0.9450085 1.647809 -1.215011 999.94 
20150622154314 -13.980941 -2.8000188 -15.138537 1.2825116 1.9226984 -1.4636332 999.93 
20150622154314 -15.542559 -0.55126494 -10.998364 1.3118331 1.7235563 -1.2699889 999.93 
20150622154314 -13.77504 1.6609775 -5.8604074 0.4550946 0.9447031 -0.63804877 999.93 
20150622154314 -10.573992 0.5021838 -2.368464 -0.18509217 0.13194689 0.10903945 999.93 
20150622154314 -6.758233 -0.5979519 -0.57281274 -0.22571471 -0.698219 0.42760566 999.93 
20150622154314 -4.797382 -1.614889 0.5734113 -0.07819075 -1.4187346 0.58093286 999.93 
20150622154314 -4.909311 -2.742558 0.86131406 -0.02321288 -1.5778649 0.6969972 999.93 
20150622154314 -6.351817 -3.5194764 -0.4201824 -0.071776666 -1.2049317 0.6398814 999.93 
20150622154314 -7.873931 -3.7852328 -1.9309237 -0.06078109 -0.3885103 0.6093381 999.93 
20150622154314 -8.784326 -3.2124202 -3.2615013 0.13500121 0.65270954 0.63346726 999.88 
20150622154314 -7.677606 -0.8511387 -3.788824 0.4120286 1.2547172 0.6627888 999.88 
20150622154314 -6.6828156 1.1426327 -2.8580782 0.7696902 1.1756102 0.7528914 999.88 
20150622154314 -5.6096144 2.1823149 -1.7848774 0.87109387 0.7122689 0.79259765 999.88 
20150622154314 -5.486912 2.3942018 -0.8295909 0.87964594 0.17134771 0.8268061 999.88 
20150622154314 -6.287772 1.9925743 -0.57760113 0.8023715 -0.18600847 0.81581056 999.88 
20150622154314 -8.233061 1.1432313 -0.98102415 0.80664754 -0.20799962 0.6933321 999.88 
20150622154314 -9.888652 0.2088941 -1.3072342 0.9089675 -0.118507855 0.35918877 999.88 
20150622154314 -10.253767 -0.8900445 -0.55964464 1.0604621 0.04428773 -0.028099801 999.88 
20150622154315 -9.9233675 -1.7633295 0.29508537 1.2177598 0.06169739 -0.35124752 999.91 
20150622154315 -11.095928 -2.4343045 1.3347675 1.3148874 -0.3753767 -0.5390886 999.91 
20150622154315 -12.607866 -2.3439236 2.4660277 1.3087788 -0.6954701 -0.5271767 999.91 
20150622154315 -11.74715 -0.9911995 2.1906946 1.1157454 -0.70402217 -0.25473082 999.91 
20150622154315 -10.381259 0.92775315 1.1827357 0.7302894 -0.50915617 0.2947425 999.91 
20150622154315 -11.383232 1.7896658 -0.6793547 0.2874121 -0.1908954 0.7993172 999.91 
20150622154315 -13.604452 0.90979666 -6.1938 -0.25411993 0.08155051 0.93859446 999.91 
20150622154315 -13.582306 1.9614497 -9.688137 -0.55955255 0.7156286 1.1172725 999.91 
20150622154315 -12.416928 4.9308586 -9.548077 -0.8344419 1.629483 1.6765196 999.91 
20150622154315 -11.437101 5.2923827 -11.083358 -1.323745 1.7641789 1.9181169 999.89 
20150622154315 -12.653356 1.8351556 -11.261726 -1.0613784 0.8604037 1.2822062 999.89 
20150622154315 -13.936648 -0.789488 -7.820061 0.065973446 0.226631 0.45937067 999.89 
20150622154315 -10.910975 0.260968 -3.9641995 0.7134906 -0.23640485 0.06261369 999.89 
20150622154315 -8.613739 0.7445967 -2.1332338 0.68416905 -0.66431594 -0.24190263 999.89 
20150622154315 -7.5291657 1.6118963 -1.4574703 0.22907446 -1.3274102 -0.34055737 999.89 
20150622154315 -7.2987237 2.5318682 -2.070386 -0.160963 -1.2901474 -0.41538838 999.89 
20150622154315 -7.40347 2.6132712 -3.0478187 -0.21960606 -0.6542367 -0.4859433 999.89 
20150622154315 -7.4735007 1.7609353 -3.851672 -0.12797627 -0.06261369 -0.6218608 999.89 
20150622154315 -6.8486137 1.0923545 -3.3135753 -0.10415252 0.14019357 -0.8344419 999.9 
20150622154315 -5.4462104 0.49919105 -2.046444 -0.2761111 0.17348573 -0.960891 999.9 
20150622154315 -4.1036615 -0.415394 -0.6739678 -0.5510005 -0.13988814 -0.9492846 999.9 
20150622154315 -3.3303347 -1.4550761 0.16460137 -0.7593055 -0.58276546 -0.9663888 999.9 
20150622154315 -3.5811272 -2.2888567 0.27234045 -0.7968737 -0.77366084 -0.93615097 999.9 
20150622154315 -5.843648 -3.2902317 -0.65421563 -0.77854776 -0.7104363 -0.7663304 999.9 
20150622154315 -8.563461 -3.3602622 -1.3449428 -0.8362745 -0.35094208 -0.61483586 999.9 
20150622154315 -10.691906 -3.2070332 -2.054225 -0.8573494 0.21930063 -0.38698313 999.9 
20150622154315 -12.148778 -3.095703 -2.030283 -0.8542951 0.5149594 -0.041233405 999.9 
20150622154315 -11.74715 -2.6880898 -1.5215151 -0.850019 0.41386122 0.17623462 999.85 
20150622154315 -10.274716 -2.433706 1.13964 -0.80481493 0.13133603 0.408058 999.85 
20150622154315 -9.385271 -1.4269443 3.845088 -0.68233645 -0.30879238 0.5580254 999.85 
20150622154315 -10.077793 0.09816227 5.5503583 -0.38912117 -0.7134906 0.49266282 999.85 
20150622154315 -11.707646 0.34117374 4.915296 -0.028710667 -0.8958339 0.16768251 999.85 
20150622154315 -13.202227 -1.0486604 2.432509 0.13744467 -0.6795876 -0.30115658 999.85 
20150622154315 -12.923303 -0.7793127 -5.5503583 0.13775012 -0.26908615 -0.7620544 999.85 
20150622154315 -13.214796 -1.1593921 -8.194754 0.24587326 0.6081163 -0.7641924 999.85 
20150622154315 -11.965622 -2.7688942 -8.286931 0.5305365 1.8649716 -0.84207773 999.85 
20150622154315 -10.16578 -3.891775 -8.59698 0.8888089 2.0705278 -1.1447614 999.91 
20150622154315 -8.9040365 -2.2152352 -10.575189 0.98868537 0.7678576 -1.1756102 999.91 
20150622154315 -10.515334 0.623091 -9.347562 0.68203104 0.20616703 -0.6206391 999.91 
20150622154315 -15.901091 1.87047 -4.3783965 -0.034208454 0.0290161 -0.26816985 999.91 
20150622154315 -12.671911 0.16280572 -3.6433764 -0.42913285 0.22174409 -0.25411993 999.91 
20150622154315 -9.765948 -1.7884687 -2.6126726 0.23090707 -0.15851954 -0.04062254 999.91 
20150622154315 -6.904279 -2.5258827 -1.2491747 0.50579643 -0.7510588 -0.08460484 999.91 
20150622154315 -6.1884127 -3.2692823 0.14724341 0.535118 -0.96791595 0.18692477 999.91 
20150622154315 -6.749853 -3.5697548 0.48123455 0.33964106 -0.9669997 0.46303585 999.91 
20150622154315 -8.034941 -3.1741128 -0.8367735 0.269697 -0.56505036 0.6569856 999.9 
20150622154315 -8.537125 -2.244564 -2.9855695 0.46670106 0.071776666 0.80939645 999.9 
20150622154315 -8.294712 -1.4873978 -3.4380736 0.7516697 0.7189884 0.870483 999.9 
20150622154315 -6.8306575 -0.12150574 -3.2196028 1.1221595 0.9596693 0.83291477 999.9 
20150622154315 -5.5581393 1.1366472 -2.5611973 1.4205672 0.7058548 0.8228355 999.9 
20150622154316 -4.7638626 2.2260091 -1.905186 1.4327844 0.24098633 0.84635377 999.9 
20150622154316 -4.619612 2.5713725 -1.1180922 1.352761 -0.049480084 0.78893244 999.9 
20150622154316 -5.273229 2.2882583 -0.13946225 1.320996 -0.18081611 0.6747007 999.9 
20150622154316 -7.501034 1.5053543 -0.25677812 1.3561208 -0.18509217 0.41172317 999.9 
20150622154316 -10.068216 0.7715315 -1.2455834 1.3897184 -0.1591304 0.14263703 999.91 
20150622154316 -11.990761 0.29987377 -2.2768857 1.3289373 -0.014049901 -0.09193522 999.91 
20150622154316 -12.060192 0.13227965 -2.645593 1.146594 0.1432479 -0.27030787 999.91 
20150622154316 -12.609662 -0.44352585 0.093373865 0.95814216 0.030848695 -0.32284227 999.91 
20150622154316 -12.740146 -0.98461545 2.60549 0.7733554 -0.1572978 -0.13225232 999.91 
20150622154316 -11.068395 -1.388637 3.970185 0.52595496 -0.57360244 0.14019357 999.91 
20150622154316 -11.385626 -1.9991584 3.3692403 0.321926 -0.81581056 0.4266894 999.91 
20150622154316 -13.837289 -3.1238346 0.22565351 0.21746802 -0.7849618 0.50335294 999.91 
20150622154316 -14.4609785 -1.8686744 -9.281721 0.010079277 -0.38912117 0.58093286 999.91 
20150622154316 -10.516531 2.9472623 -10.09575 -0.160963 0.48472157 1.183246 999.95 
20150622154316 -9.750985 6.4481835 -7.8930845 -0.7113526 2.039679 1.9611828 999.95 
20150622154316 -11.123461 7.589619 -10.29806 -1.3341297 1.488984 1.8359555 999.95 
20150622154316 -13.913304 6.3589997 -10.401609 -0.72418076 0.3378085 1.2092078 999.95 
20150622154316 -13.260884 4.161721 -7.373543 0.083383106 0.3717115 0.795652 999.95 
20150622154316 -9.813234 1.472434 -3.8672342 0.81306165 0.2125811 0.094989546 999.95 
20150622154316 -7.2167225 0.12030864 -2.3361423 0.59650993 -0.8313876 -0.6404922 999.95 
20150622154316 -6.4020953 0.12449849 -0.7966706 0.19822577 -1.3613132 -0.89827734 999.95 
20150622154316 -6.3907228 1.0289081 -0.6679823 0.044898596 -1.0070114 -0.8891144 999.95 
20150622154316 -6.6361284 1.9716251 -2.585738 -0.048258353 -0.68600166 -0.8170323 999.92 
20150622154316 -6.628946 2.2301989 -4.553173 -0.2864958 -0.4156938 -0.82772243 999.92 
20150622154316 -6.2650275 2.0685902 -3.2267854 -0.61453044 0.16462818 -0.8888089 999.92 
20150622154316 -5.3181205 1.292869 -1.9093759 -0.86284715 0.5546656 -0.90194255 999.92 
20150622154316 -4.7602715 -0.9588778 -1.2054806 -0.9673051 0.087659165 -0.95233893 999.92 
20150622154316 -5.2223525 -3.5637693 -0.97623575 -0.9260717 -0.31581733 -1.0690142 999.92 
20150622154316 -6.3745623 -4.8937483 0.12689269 -0.7877107 -0.4541783 -1.1499538 999.92 
20150622154316 -7.933786 -4.5382094 0.94092125 -0.8167268 -0.49541172 -0.9315695 999.92 
20150622154316 -9.878476 -3.7361517 -0.33758244 -0.9663888 -0.32925636 -0.5036584 999.92 
20150622154316 -10.875661 -2.8933928 -2.3229742 -0.93615097 -0.026267206 -0.060170226 999.91 
20150622154316 -10.740988 -2.1039047 -0.9600749 -0.8155051 0.3567453 0.18967366 999.91 
20150622154316 -9.711481 -1.0660183 1.4760253 -0.6337727 0.39522982 0.35705075 999.91 
20150622154316 -9.421184 -0.1340753 2.879626 -0.42332962 -0.18570304 0.37720928 999.91 
20150622154316 -10.073604 0.5895722 3.702633 -0.20219639 -0.75869465 0.2761111 999.91 
20150622154316 -11.101315 0.7332243 3.1747115 -0.010079277 -0.68966687 0.027183503 999.91 
20150622154316 -12.139201 0.5009867 1.009156 0.076052725 -0.3539964 -0.25381452 999.91 
20150622154316 -12.387001 -0.39923313 -0.8559271 0.029932396 -0.05222898 -0.634689 999.91 
20150622154316 -11.428721 0.6099229 -4.2598834 -0.16432275 0.43035457 -0.6588182 999.91 
20150622154316 -11.407174 -0.05865794 -4.84347 -0.18600847 0.8011498 -0.56016344 999.95 
20150622154316 -11.176732 -4.2317514 -7.5333557 0.15271631 1.2458596 -0.9117164 999.95 
20150622154316 -10.681132 -5.8185086 -9.515156 0.57635134 1.2434162 -1.3423764 999.95 
20150622154316 -12.500726 -5.153519 -11.21085 1.0005972 0.98746365 -1.3518448 999.95 
20150622154316 -16.159664 -2.4714148 -9.604341 0.7779369 0.6047566 -0.96974856 999.95 
20150622154316 -15.300146 1.1432313 -7.2364745 0.04520403 0.4541783 -0.42913285 999.95 
20150622154316 -11.91295 1.5340848 -3.5942953 -0.20372356 0.3921755 0.28221974 999.95 
20150622154316 -7.1981673 0.45310268 -1.459266 -0.09987647 -0.24098633 0.4642576 999.95 
20150622154316 -4.8997335 -1.5508442 0.3477578 0.23365596 -0.9615019 0.589485 999.95 
20150622154316 -4.6962266 -2.9113493 0.9516952 0.3359759 -1.570229 0.6337727 999.91 
20150622154317 -5.6736593 -3.3560722 0.32920274 0.23609942 -1.4853189 0.63591075 999.91 
20150622154317 -7.199963 -3.6966474 -0.7062895 0.19639318 -0.75869465 0.6881397 999.91 
20150622154317 -8.301894 -3.0430303 -2.2134395 0.34391713 0.29993483 0.7144069 999.91 
20150622154317 -8.223484 -1.3012487 -4.048595 0.75991637 0.80878556 0.7180721 999.91 
20150622154317 -7.055712 0.7703344 -3.626617 1.2189816 0.98471475 0.7473936 999.91 
20150622154317 -5.7005944 1.9925743 -1.9183542 1.4205672 0.75655663 0.8362745 999.91 
20150622154317 -4.707599 2.7647045 -1.1713632 1.3704761 0.17073683 0.8323039 999.91 
20150622154317 -5.1235914 2.5420437 -0.5662287 1.3014483 -0.33200526 0.7825184 999.91 
20150622154317 -6.435614 1.982399 -1.1450269 1.171945 -0.4089743 0.6075055 999.88 
20150622154317 -8.680777 1.0313023 -1.3611037 1.1478158 -0.3036 0.25870144 999.88 
20150622154317 -11.207258 0.5566519 -1.4119805 1.0922271 -0.025045475 -0.081855945 999.88 
20150622154317 -12.137405 1.0384849 -2.2816741 1.0115929 0.06261369 -0.32711834 999.88 
20150622154317 -12.723985 0.5662287 -0.45729253 0.97402465 -0.061391957 -0.3753767 999.88 
20150622154317 -12.998121 -1.2096704 1.8531121 0.9224065 -0.113926366 -0.2660318 999.88 
20150622154317 -11.883021 -1.9387048 3.4913447 0.7538077 -0.3866777 -0.15149458 999.88 
20150622154317 -10.771513 -1.6741456 3.788824 0.528093 -0.6591236 0.07391469 999.88 
20150622154317 -11.6112795 -1.1168951 1.7405846 0.42943826 -0.5885687 0.28955013 999.88 
20150622154317 -12.61445 -1.252766 -4.4795513 0.37995818 -0.42730024 0.3817908 999.91 
20150622154317 -12.552201 -0.14425065 -8.4664955 0.055588737 0.00580322 0.6731735 999.91 
20150622154317 -9.412206 3.3033998 -7.9272017 -0.267559 1.3057245 1.2486086 999.91 
20150622154317 -10.857705 5.051167 -7.712322 -0.8005389 1.7721201 1.749518 999.91 
20150622154317 -12.925097 4.875193 -12.636597 -0.8549059 0.86284715 1.3451253 999.91 
20150622154317 -15.896302 3.3105824 -10.723629 -0.3576616 0.39675698 0.89827734 999.91 
20150622154317 -12.879608 2.753332 -5.407305 0.54367006 0.6261369 0.5885687 999.91 
20150622154317 -8.689157 1.1228806 -2.332551 0.7312057 -0.04428773 0.02076942 999.91 
20150622154317 -6.2446766 0.33518824 -0.30047232 0.4990769 -1.3814718 -0.6096435 999.91 
20150622154317 -5.4940944 0.6039374 0.5093664 0.3118467 -1.7672331 -0.8921687 999.88 
20150622154317 -5.7909756 1.5041572 -0.43035775 0.27275133 -1.3652838 -0.9682214 999.88 
20150622154317 -6.211158 1.7824832 -3.4440591 0.21319197 -1.0091494 -0.9266826 999.88 
20150622154317 -6.971317 1.3335704 -4.683657 -0.041233405 -0.37843102 -0.8570439 999.88 
20150622154317 -6.5816603 1.1731589 -2.5941176 -0.49693888 0.42180246 -0.8527679 999.88 
20150622154317 -5.910087 -0.51954174 -1.1791444 -0.86437434 0.5488624 -0.7593055 999.88 
20150622154317 -5.713164 -2.8790276 -0.66618663 -0.9767735 -0.07086037 -0.78038037 999.88 
20150622154317 -6.4751186 -4.4382515 -0.2645593 -0.9279043 -0.33108896 -0.8585711 999.88 
20150622154317 -7.7823524 -4.19943 0.05686229 -0.9053023 -0.4972443 -0.8164214 999.88 
20150622154317 -8.847773 -2.690484 -0.39264908 -1.0311406 -0.32406402 -0.53786683 999.88 
20150622154317 -9.305065 -1.2138603 -1.1438298 -1.0958922 -0.025961773 -0.070554934 999.88 
20150622154317 -9.8042555 -0.2693477 -1.1091139 -1.1187997 0.2519819 0.24037547 999.88 
20150622154317 -10.131064 0.044891283 -0.32561144 -1.0793989 0.28496864 0.40622538 999.88 
20150622154317 -10.383653 -0.012569559 0.80205756 -0.9596693 0.028710667 0.33078352 999.88 
20150622154317 -10.855909 0.1364695 2.2397757 -0.75747293 -0.25473082 0.083383106 999.88 
20150622154317 -11.317391 -0.59256494 3.105878 -0.5467244 -0.41996986 -0.14263703 999.88 
20150622154317 -11.719019 -2.4468741 2.5480292 -0.4129449 -0.50518554 -0.3472769 999.88 
20150622154317 -11.440693 -4.0976763 1.7232267 -0.31856623 -0.46181414 -0.63255095 999.88 
20150622154317 -10.763732 -2.7162218 -1.1192893 -0.34238997 -0.23518312 -0.65484756 999.88 
20150622154317 -11.252748 -1.5496471 -3.58412 -0.2883284 0.15118915 -0.54428095 999.88 
20150622154317 -11.75553 -2.6713305 -6.55712 0.058643065 0.86345804 -0.7489208 999.88 
20150622154317 -11.291056 -3.115455 -10.156203 0.42730024 1.3939945 -1.0192287 999.88 
20150622154317 -12.441469 -1.6095021 -12.132617 0.84635377 1.3121386 -1.1233811 999.88 
20150622154318 -15.556326 0.56323594 -9.621698 0.7315111 1.0839803 -0.84788096 999.88 
20150622154318 -14.536994 1.1917139 -5.9148755 0.03145956 0.786489 -0.50762904 999.88 
20150622154318 -11.452663 -0.75118077 -3.164536 -0.1853976 0.35613444 0.005497787 999.88 
20150622154318 -7.9032598 -2.484583 -0.60573304 -0.03756821 -0.45173484 0.09712757 999.88 
20150622154318 -5.9681463 -3.7786489 1.1001357 0.172264 -1.029308 0.2855795 999.87 
20150622154318 -5.7484784 -4.4538136 0.7074866 0.32620203 -1.2864822 0.56688297 999.87 
20150622154318 -6.523601 -4.120421 -1.0378864 0.4089743 -1.0855075 0.7098254 999.87 
20150622154318 -7.53156 -2.3906105 -2.9322984 0.47983465 -0.17715092 0.8790351 999.87 
20150622154318 -7.6626425 0.16220717 -3.21661 0.56016344 0.7706065 1.0137309 999.87 
20150622154318 -7.2328835 1.9955671 -2.7222073 0.72356987 1.0821478 1.0821478 999.87 
20150622154318 -6.339846 2.695871 -2.19249 1.0280862 0.91904676 0.9486737 999.87 
20150622154318 -5.6910176 2.6360161 -1.2072762 1.3338243 0.35705075 0.77213365 999.87 
20150622154318 -5.7185507 1.6310499 -0.39384618 1.4312572 -0.077579886 0.6218608 999.87 
20150622154318 -6.002862 0.35913026 -0.6769605 1.389413 -0.30298916 0.44715336 999.88 
20150622154318 -7.2065473 0.0700304 -0.8355764 1.2815952 -0.26939157 0.17837265 999.88 
20150622154318 -8.815451 0.25677812 -0.7990648 1.235475 0.042760566 -0.051618114 999.88 
20150622154318 -10.067019 0.11372458 -1.3227965 1.1441506 0.22449298 -0.14966199 999.88 
20150622154318 -10.661979 -0.48602295 -1.2737153 1.097114 0.28252518 -0.15424347 999.88 
20150622154318 -11.269507 -1.2922704 -0.34596214 1.0845913 0.19272798 -0.13836098 999.88 
20150622154318 -12.56058 -1.910573 0.789488 1.0262536 0.013744468 -0.1432479 999.88 
20150622154318 -13.102269 -1.7441759 1.7471687 0.88331115 -0.25961772 -0.095294975 999.88 
20150622154318 -12.331336 -0.39564183 1.3958195 0.68233645 -0.35796702 0.18509217 999.88 
20150622154318 -12.315175 0.79607207 -0.023942016 0.40286562 -0.37934732 0.5488624 999.89 
20150622154318 -13.160328 -0.047285482 -6.215946 0.08552113 -0.2773328 0.6740898 999.89 
20150622154318 -12.516887 0.7038953 -8.872911 -0.29138273 0.093462385 0.8885035 999.89 
20150622154318 -11.48319 2.6749218 -8.959702 -0.6096435 1.325883 1.3808609 999.89 
20150622154318 -10.362703 4.2054152 -9.71986 -1.142318 1.5494597 1.6997325 999.89 
20150622154318 -11.248558 3.7259765 -11.14441 -1.0396926 0.8393288 1.4590516 999.89 
20150622154318 -13.392566 2.7790697 -8.613739 -0.31887165 0.32436943 1.0442741 999.89 
20150622154318 -11.994352 2.1440077 -4.458602 0.623388 -0.12095132 0.3848451 999.89 
20150622154318 -8.740632 1.6609775 -1.3054385 0.86315256 -0.72143185 -0.112704635 999.89 
20150622154318 -7.0742674 1.922544 -0.2633622 0.5479461 -1.294118 -0.45142943 999.88 
20150622154318 -6.5325794 2.5510218 -0.9947908 0.20219639 -1.5039502 -0.6420194 999.88 
20150622154318 -6.4697313 3.3063924 -2.895787 -0.16615535 -0.84788096 -0.72784597 999.88 
20150622154318 -6.6612678 2.842516 -4.221576 -0.4156938 -0.25961772 -0.7724391 999.88 
20150622154318 -6.619968 1.6621746 -3.7582982 -0.73914695 0.3268129 -0.8756753 999.88 
20150622154318 -5.7909756 0.4297592 -2.6168625 -1.0338894 0.4654793 -0.95142263 999.88 
20150622154318 -5.547365 -1.9452889 -1.5951369 -1.1267409 0.15882497 -0.97219205 999.88 
20150622154318 -5.650316 -4.1102457 -1.2276269 -1.1252137 -0.24984388 -1.0778717 999.88 
20150622154318 -6.3859344 -5.064934 -0.50637364 -0.98471475 -0.39370266 -1.1178834 999.88 
20150622154318 -7.697957 -4.4699745 -0.3728969 -1.0329732 -0.46944994 -0.8723156 999.87 
20150622154318 -8.895657 -3.465607 -0.8888474 -1.1438452 -0.32895094 -0.45142943 999.87 
20150622154318 -9.715072 -1.9925743 -1.7196354 -1.1618657 0.059864793 -0.0033597588 999.87 
20150622154318 -10.436924 -0.9888053 -1.3676877 -1.0965031 0.32895094 0.28069258 999.87 
20150622154318 -10.654796 -0.80205756 -0.4985925 -0.9691377 0.33475417 0.38637227 999.87 
20150622154318 -10.333375 -0.7715315 1.335366 -0.7351763 -0.036651913 0.26542094 999.87 
20150622154318 -10.315418 -0.45010993 3.335123 -0.3726278 -0.441961 0.07269296 999.87 
20150622154318 -10.88464 -0.5129577 4.0677485 -0.14019357 -0.75228053 -0.14721853 999.87 
20150622154318 -11.118074 -1.1348516 3.0322564 0.049785517 -0.79412484 -0.3753767 999.87 
20150622154318 -10.968436 -2.0087352 1.4239515 0.12034045 -0.57604593 -0.713796 999.89 
20150622154319 -10.846333 -1.6903064 -2.2140381 0.13988814 -0.057726767 -0.7684685 999.89 
20150622154319 -11.868656 -1.5227122 -5.7466826 0.23090707 0.33383787 -0.72601336 999.89 
20150622154319 -12.160749 -3.4685998 -10.225636 0.38912117 0.86651236 -0.9673051 999.89 
20150622154319 -10.809222 -1.9794062 -12.129025 0.7480045 1.2983941 -1.1985176 999.89 
20150622154319 -12.828732 -0.23223756 -10.3639 0.9309586 1.1322387 -0.9923506 999.89 
20150622154319 -15.928624 -0.85413146 -6.8683662 0.535118 0.6469063 -0.74372846 999.89 
20150622154319 -14.092271 -0.97503865 -4.891354 0.2706133 0.20708331 -0.43310347 999.89 
20150622154319 -11.164762 -0.545878 -2.082357 0.47128254 -0.10751228 -0.049785517 999.89 
20150622154319 -7.7009497 -0.8463503 -0.3489549 0.5161811 -0.49968776 0.03940081 999.86 
20150622154319 -6.26383 -1.9572599 0.55605334 0.48258355 -1.0012082 0.35124752 999.86 
20150622154319 -5.899313 -2.8167782 0.25498247 0.4166101 -1.0118983 0.56077427 999.86 
20150622154319 -6.601413 -2.9873652 -0.8146271 0.4605924 -0.6068946 0.70096785 999.86 
20150622154319 -8.2276745 -3.4039562 -1.6651673 0.54183745 0.04428773 0.83291477 999.86 
20150622154319 -8.67958 -3.1705215 -2.7060466 0.7492262 0.5635232 0.8527679 999.86 
20150622154319 -7.5842323 -1.2868834 -3.441665 1.1322387 0.9599747 0.8491027 999.86 
20150622154319 -6.3793507 0.98940384 -2.9646204 1.4679092 0.84940815 0.8518516 999.86 
20150622154319 -5.6281695 2.4654293 -1.7675194 1.5842791 0.47494772 0.8060367 999.86 
20150622154319 -5.403115 3.2603042 -0.8858546 1.5586227 0.025045475 0.8185594 999.84 
20150622154319 -5.6060233 3.3770216 -0.33997664 1.4245378 -0.18967366 0.754724 999.84 
20150622154319 -7.098808 2.8491 -0.25198972 1.2797627 -0.18387043 0.55924714 999.84 
20150622154319 -9.223063 1.7866731 -0.88645315 1.1646146 -0.0888809 0.22327125 999.84 
20150622154319 -10.168773 0.5626374 -2.1984756 1.07665 0.034208454 -0.19456059 999.84 
20150622154319 -10.166978 -0.44951138 -1.757344 1.0454959 0.057726767 -0.41355577 999.84 
20150622154319 -11.057022 -1.5831659 0.65780693 1.0094548 -0.093462385 -0.505491 999.84 
20150622154319 -12.800001 -2.8658595 2.3122003 0.84971356 -0.4437936 -0.43004912 999.84 
20150622154319 -12.634801 -2.3415294 2.4001873 0.627664 -0.6768387 -0.18325958 999.84 
20150622154319 -12.565369 -0.20171149 1.2922704 0.39492437 -0.44929138 0.2947425 999.86 
20150622154319 -13.751098 0.96785605 -2.2523453 0.20066923 -0.1160644 0.6068946 999.86 
20150622154319 -15.033193 0.16938977 -7.8308353 -0.19394971 0.12644911 0.766025 999.86 
20150622154319 -12.006922 2.034473 -8.507197 -0.49938235 0.8063421 0.9957104 999.86 
20150622154319 -10.02153 3.7732618 -6.7450647 -0.89919364 1.6853772 1.5763378 999.86 
20150622154319 -9.916783 3.6649241 -7.1460934 -1.2983941 1.0210613 1.5873333 999.86 
20150622154319 -11.207258 2.9215245 -8.905233 -1.0897835 0.26939157 1.2638801 999.86 
20150622154319 -12.716204 1.8507179 -6.9838862 -0.28710666 0.034513887 0.7284568 999.86 
20150622154319 -11.337742 0.39803603 -3.4997244 0.4822781 -0.12980886 0.15821409 999.86 
20150622154319 -8.359355 0.20949265 -1.7429788 0.6020077 -0.56107974 -0.3417791 999.89 
20150622154319 -7.157466 0.55246204 -1.0450691 0.2724459 -1.042747 -0.6017023 999.89 
20150622154319 -6.6492968 1.5197195 -1.8154035 0.1414153 -0.915687 -0.66553766 999.89 
20150622154319 -6.405687 2.5354595 -3.4440591 0.09621128 -0.51923543 -0.6768387 999.89 
20150622154319 -6.8288617 2.835932 -3.982156 -0.03940081 -0.056505036 -0.6627888 999.89 
20150622154319 -6.8144965 2.9628246 -2.9861681 -0.39920044 0.27550024 -0.7199047 999.89 
20150622154319 -6.347627 1.6543933 -2.0841527 -0.77366084 0.26358834 -0.73945236 999.89 
20150622154319 -5.689222 -1.0336965 -1.6262615 -0.956615 0.026267206 -0.81183994 999.89 
20150622154319 -6.084265 -3.4781766 -1.3521254 -0.9822713 -0.11148291 -0.95447695 999.89 
20150622154319 -7.132327 -5.04578 -0.8774749 -0.8454375 -0.29840767 -1.0436633 999.88 
20150622154319 -8.090008 -4.5819035 -0.40701428 -0.88514376 -0.36193767 -0.8906415 999.88 
20150622154319 -8.5143795 -2.7635074 -0.6147113 -1.0375546 -0.21227567 -0.47342056 999.88 
20150622154319 -8.854955 -0.7930793 -1.0139444 -1.1023064 0.0852157 -0.07391469 999.88 
20150622154319 -9.664195 0.0676362 -0.9487024 -1.1545353 0.28802297 0.3631594 999.88 
20150622154319 -10.2657385 -0.08379706 -0.61530983 -1.1258247 0.3472769 0.46670106 999.88 
20150622154319 -10.741586 -0.28311434 0.7541735 -0.9101892 0.15271631 0.32375857 999.88 
20150622154320 -11.23539 -0.44771573 2.034473 -0.5522222 -0.07941248 0.059253927 999.88 
20150622154320 -11.88362 -1.1791444 2.2906525 -0.30665436 -0.40042216 -0.1600467 999.88 
20150622154320 -11.856686 -1.8076223 2.404377 -0.036957346 -0.49510628 -0.52687126 999.83 
20150622154320 -11.201871 -1.8273745 2.9801826 0.044593163 -0.37568212 -0.78038037 999.83 
20150622154320 -10.479421 -0.4854244 -0.4309563 -0.04550946 -0.23151793 -0.6188065 999.83 
20150622154320 -10.972028 -1.210269 -5.4246626 0.012217305 0.040011674 -0.627664 999.83 
20150622154320 -11.313202 -3.9109285 -10.736199 0.31337386 1.2006557 -0.9294315 999.83 
20150622154320 -11.166556 -4.338892 -13.307571 0.95325524 1.87444 -1.3350459 999.83 
20150622154320 -13.383588 -3.0885203 -13.875596 1.3460416 1.7699821 -1.1520919 999.83 
20150622154320 -16.829443 -0.83856916 -8.447342 0.8188649 1.0262536 -0.77579886 999.83 
20150622154320 -13.74571 -0.24540567 -4.748899 0.080634214 0.6386596 -0.3005457 999.83 
20150622154320 -9.648034 -0.7404069 -2.3481133 0.03390302 -0.1386664 0.13561209 999.83 
20150622154320 -6.2985463 -1.5490485 -0.7350199 0.22204952 -0.9456194 0.30115658 999.83 
20150622154320 -5.197213 -2.6677392 0.41718966 0.47891834 -1.6297885 0.51159966 999.83 
20150622154320 -5.7389016 -3.1675289 0.32441434 0.54519725 -1.6209309 0.6743952 999.83 
20150622154320 -7.2861543 -2.665345 -1.3437457 0.43585235 -1.0760391 0.8323039 999.83 
20150622154320 -8.462905 -1.0295067 -3.5242648 0.35033122 -0.108123146 0.92179567 999.83 
20150622154320 -8.370728 0.75716627 -3.8325183 0.40500367 0.6209445 0.95172805 999.83 
20150622154320 -7.228095 1.6639702 -2.8083985 0.70432764 1.039998 0.8524625 999.83 
20150622154320 -5.9238534 1.9405005 -1.7908629 1.0259482 0.57726765 0.7266242 999.83 
20150622154320 -5.2756233 1.946486 -0.66858083 1.128879 -0.07666359 0.68294734 999.89 
20150622154320 -5.2199583 1.3198037 -0.29568392 1.0906999 -0.37995818 0.6609562 999.89 
20150622154320 -5.881955 0.4381389 -0.52732295 0.9633345 -0.40408736 0.6044512 999.89 
20150622154320 -7.4082584 -0.2669535 -1.0857705 0.88331115 -0.21410827 0.42180246 999.89 
20150622154320 -9.530719 -0.47644615 -1.1701661 0.8671232 0.08307768 0.15271631 999.89 
20150622154320 -10.495582 -0.17597382 -1.6376339 0.895223 0.22418754 -0.007941248 999.89 
20150622154320 -10.989386 -0.16340427 -1.5316905 0.9236283 0.13775012 -0.026267206 999.89 
20150622154320 -11.818976 -0.57161564 -0.56443304 0.9593639 -0.042760566 -0.0421497 999.89 
20150622154320 -12.527061 -0.79367787 1.1354501 0.93645644 -0.2996294 -0.111177474 999.89 
20150622154320 -11.974001 -0.5907693 2.7682958 0.82650065 -0.4831944 -0.052534413 999.89 
20150622154320 -10.08318 -0.12389994 2.8652608 0.6435465 -0.6209445 0.20005837 999.89 
20150622154320 -10.59973 0.025139118 1.8118122 0.5271767 -0.66889745 0.45998153 999.89 
20150622154320 -12.956223 -0.79607207 -2.801216 0.3930918 -0.57543504 0.6224717 999.89 
20150622154320 -15.207371 -0.6895301 -9.784504 -0.0693332 -0.13836098 0.7510588 999.89 
20150622154320 -11.340137 3.6529531 -9.065644 -0.46792278 1.1777482 1.2287555 999.89 
20150622154320 -10.200497 6.3697734 -5.394735 -0.93309665 2.1007655 1.863139 999.89 
20150622154320 -11.794436 5.2259436 -8.37013 -1.0809261 0.6621779 1.6310102 999.89 
20150622154320 -14.970345 3.1016884 -9.709685 -0.40775254 -0.26236662 0.89919364 999.89 
20150622154320 -13.690045 2.2038627 -7.105392 0.3933972 0.10567969 0.3576616 999.85 
20150622154320 -9.680955 1.3210008 -4.128801 0.7473936 0.27152961 -0.15302174 999.85 
20150622154320 -7.3406224 0.49081135 -1.448492 0.47616947 -0.6582073 -0.5766568 999.85 
20150622154320 -6.6361284 0.5518635 -0.32680854 0.25686884 -1.1585059 -0.76052725 999.85 
20150622154320 -6.593033 1.299453 -1.0354922 0.100792766 -1.0867293 -0.8793405 999.85 
20150622154320 -6.3721676 1.4748282 -2.6252422 0.053450707 -0.6432411 -0.8332202 999.85 
20150622154320 -6.375759 1.1988965 -3.5218706 -0.092240654 -0.06291912 -0.82802784 999.85 
20150622154320 -5.9292407 1.0534488 -2.5647886 -0.2929099 0.3399465 -0.8894198 999.85 
20150622154320 -5.517438 0.32142156 -1.7723078 -0.48838675 0.20372356 -0.90408057 999.85 
20150622154320 -5.667674 -1.5340848 -1.4927847 -0.66523224 -0.080634214 -0.92179567 999.89 
20150622154320 -6.4511766 -3.6649241 -1.0301052 -0.68294734 -0.34147367 -0.97310835 999.89 
20150622154320 -7.489063 -4.4777555 -0.35254622 -0.5992588 -0.36682457 -0.906524 999.89 
20150622154321 -8.294712 -4.272453 -0.24959552 -0.65668017 -0.35369098 -0.6356053 999.89 
20150622154321 -8.651448 -3.2172086 -0.91937345 -0.68966687 -0.24648413 -0.35246924 999.89 
20150622154321 -8.967483 -1.8411411 -0.5291186 -0.6957755 -0.14477506 0.04153884 999.89 
20150622154321 -9.109339 -0.52732295 0.7625532 -0.63194007 -0.004581489 0.30634892 999.89 
20150622154321 -9.343372 0.362123 1.9099745 -0.50243664 -0.19456059 0.37904188 999.89 
20150622154321 -9.93474 0.9720459 2.1679497 -0.3549127 -0.44715336 0.29260445 999.89 
20150622154321 -10.716447 0.9175778 2.0189106 -0.2406809 -0.41538838 0.14721853 999.84 
20150622154321 -12.043433 -0.21906945 1.2330139 -0.14446963 -0.2443461 -0.13316862 999.84 
20150622154321 -12.66832 -2.348712 -0.13227965 -0.10720685 0.013439035 -0.5149594 999.84 
20150622154321 -11.91295 -3.0998926 -1.6633717 -0.15821409 0.21777347 -0.7425067 999.84 
20150622154321 -11.334151 -1.3814543 -2.9358897 -0.1881465 0.3222314 -0.77091193 999.84 
20150622154321 -10.98759 -1.508347 -4.0581717 -0.062002823 0.46822822 -0.9083566 999.84 
20150622154321 -10.658387 -2.3666685 -7.7709804 0.35063666 0.7257079 -1.2315043 999.84 
20150622154321 -12.284649 -2.3762453 -11.414356 0.81153446 0.7507534 -1.5903877 999.84 
20150622154321 -14.722545 -1.3910311 -12.100894 0.99173975 0.9166033 -1.6200147 999.84 
20150622154321 -15.30254 -0.76075757 -7.9942393 0.441961 0.8784242 -0.97127575 999.86 
20150622154321 -13.395558 -1.596334 -3.9133227 -0.10476339 0.6032294 -0.33964106 999.86 
20150622154321 -9.983821 -2.2505496 -1.7675194 -0.32559118 0.21624629 0.1518 999.86 
20150622154321 -7.4088573 -3.2770636 -0.37588966 -0.2321288 -0.7357872 0.43279803 999.86 
20150622154321 -6.4721255 -3.9953241 -0.25438392 -0.067500606 -1.0760391 0.6933321 999.86 
20150622154321 -6.139332 -4.1000705 -0.7146692 0.18967366 -0.84421575 0.7742717 999.86 
20150622154321 -6.5990186 -2.7383683 -0.94451255 0.35643986 -0.30695978 0.829555 999.86 
20150622154321 -6.95755 -0.8559271 -1.5520413 0.5552765 0.08246681 0.9841039 999.86 
20150622154321 -6.971317 0.6572084 -2.586935 0.7489208 0.37659842 1.0729848 999.86 
20150622154321 -6.7426705 1.5059528 -2.3139958 0.97097033 0.5723807 0.9850202 999.92 
20150622154321 -6.06571 1.5951369 -1.1779473 1.2049317 0.5207626 0.82619524 999.92 
20150622154321 -5.771223 1.2988545 -1.1875241 1.2620476 0.19608775 0.7495316 999.92 
20150622154321 -6.67683 0.85413146 -1.9662381 1.258077 0.019547688 0.68111473 999.92 
20150622154321 -7.8930845 0.82240826 -2.4301147 1.2608259 0.043676864 0.52626044 999.92 
20150622154321 -8.933365 0.94810385 -2.2505496 1.3716979 0.31215215 0.30848694 999.92 
20150622154321 -9.671976 0.8170213 -1.4957775 1.4117095 0.2687807 0.05467244 999.92 
20150622154321 -10.060435 0.7212533 -0.91578215 1.3674219 -0.055588737 -0.16249016 999.92 
20150622154321 -10.126276 0.3597288 0.415394 1.2275337 -0.40775254 -0.38240165 999.92 
20150622154321 -10.633248 -0.74758947 2.8407204 1.0925325 -0.7305948 -0.3811799 999.88 
20150622154321 -11.201273 -1.8357542 3.8229415 0.97494096 -0.84207773 -0.14752395 999.88 
20150622154321 -10.383054 -2.5809495 3.0621839 0.7516697 -0.81489426 0.18845193 999.88 
20150622154321 -11.742961 -2.2242134 2.0961237 0.49205196 -0.46578476 0.4654793 999.88 
20150622154321 -14.688427 -0.3561375 -0.9648633 0.14721853 -0.008246681 0.6267477 999.88 
20150622154321 -16.325462 0.14425065 -9.367314 -0.21105394 0.41874814 0.70341134 999.88 
20150622154321 -13.661315 1.7154455 -9.487024 -0.33017266 1.2275337 1.0473285 999.88 
20150622154321 -9.070433 4.197634 -5.752668 -0.5907067 2.1255057 1.5424347 999.88 
20150622154321 -8.844181 4.1305966 -5.397728 -0.81245077 0.8970556 1.5763378 999.88 
20150622154321 -10.107721 2.7341783 -9.012972 -0.6618725 -0.23090707 1.1053606 999.88 
20150622154321 -12.661736 1.7824832 -8.765771 -0.13316862 -0.30787608 0.7556403 999.88 
20150622154321 -12.489952 2.6222494 -5.915474 0.58184916 0.28955013 0.6988298 999.88 
20150622154321 -9.643246 2.220622 -3.3452983 0.53786683 -0.15454891 0.2434298 999.88 
20150622154321 -7.52737 1.7645266 -1.578976 0.18112154 -0.745561 -0.31978795 999.88 
20150622154321 -6.6846113 2.15957 -1.0606314 -0.09101892 -0.8341365 -0.77091193 999.88 
20150622154321 -6.493075 2.1529858 -1.9871874 -0.1133155 -0.68416905 -0.9627236 999.88 
20150622154322 -6.609792 1.3964181 -3.4500446 -0.1020145 -0.31978795 -0.98563105 999.88 
20150622154322 -6.467337 -0.05746084 -3.8714242 -0.3203988 0.065973446 -0.979217 999.88 
20150622154322 -6.0824695 -1.0402806 -2.4366987 -0.53786683 0.23915374 -0.9575313 999.86 
20150622154322 -6.23091 -1.685518 -0.8194155 -0.7110472 0.13713925 -0.8881981 999.86 
20150622154322 -6.9731126 -2.4558525 -0.32621 -0.818254 -0.2507602 -0.82894415 999.86 
20150622154322 -7.6907744 -2.9466639 -1.18094 -0.8032878 -0.3567453 -0.6881397 999.86 
20150622154322 -8.328231 -2.8880057 -1.4454993 -0.84116143 -0.24190263 -0.48747048 999.86 
20150622154322 -8.683171 -2.3864205 -1.198298 -0.91232723 0.028405234 -0.34269542 999.86 
20150622154322 -8.926183 -1.2838906 -0.9660604 -0.9279043 0.07238753 -0.13469578 999.86 
20150622154322 -9.231443 -0.32800564 -1.0989386 -0.87781334 -0.018325957 0.081855945 999.86 
20150622154322 -9.244013 -0.18854338 -0.16400282 -0.8350528 -0.19394971 0.15882497 999.86 
20150622154322 -9.275137 -0.26396075 1.3485341 -0.8014552 -0.36163223 0.15149458 999.92 
20150622154322 -9.765948 -0.10414778 2.6743233 -0.7134906 -0.59650993 0.12064589 999.92 
20150622154322 -10.933721 0.1412579 3.6008794 -0.5674938 -0.72204274 0.033292156 999.92 
20150622154322 -12.115858 -0.664391 3.3399115 -0.41355577 -0.6038403 -0.17898351 999.92 
20150622154322 -12.044032 -2.8508956 1.6340426 -0.27885997 -0.28527406 -0.5653558 999.92 
20150622154322 -11.428721 -4.0462008 -1.0935516 -0.13775012 0.11056661 -0.84788096 999.92 
20150622154322 -11.374852 -2.8311436 -2.6737247 -0.047647487 0.4251622 -0.90041536 999.92 
20150622154322 -10.9025955 -2.9753942 -4.009091 0.21655174 0.7199047 -0.97005403 999.92 
20150622154322 -10.490194 -3.7726634 -6.10701 0.7651087 1.1001683 -1.2049317 999.92 
20150622154322 -9.758167 -2.8275523 -9.0429 1.1410962 0.88025683 -1.389413 999.82 
20150622154322 -11.723807 -0.7314286 -12.684481 1.1065824 0.7049385 -1.0253373 999.82 
20150622154322 -17.240646 0.8559271 -10.488997 0.766025 0.7974846 -0.7431176 999.82 
20150622154322 -15.238495 1.1599907 -7.0622964 0.010995574 1.0216721 -0.4364632 999.82 
20150622154322 -11.226412 -0.6183026 -3.8815994 0.022907447 0.81245077 0.14508049 999.82 
20150622154322 -7.235876 -2.297835 -1.388637 0.26297748 -0.22907446 0.10415252 999.82 
20150622154322 -5.20679 -3.378817 0.5674258 0.43004912 -1.3200798 0.37720928 999.82 
20150622154322 -5.1744685 -4.2700586 1.4915876 0.4990769 -1.4046847 0.5332854 999.82 
20150622154322 -6.2446766 -4.362834 0.84934306 0.4529566 -1.2137892 0.62125 999.82 
20150622154322 -8.3072815 -3.259107 -1.4772224 0.46792278 -0.47158796 0.77763146 999.88 
20150622154322 -8.189965 -0.7266402 -4.597466 0.6270532 0.46822822 0.9370673 999.88 
20150622154322 -7.747637 1.3988123 -3.793014 0.90102625 1.2195925 1.0415252 999.88 
20150622154322 -6.8121023 2.5761611 -2.3864205 1.0366384 1.1914927 0.95356065 999.88 
20150622154322 -6.3584013 3.0550013 -1.2401965 1.1856894 0.6273586 0.84788096 999.88 
20150622154322 -6.451775 2.8329391 -0.8678981 1.1557571 -0.044898596 0.7644979 999.88 
20150622154322 -6.895301 2.0248961 -1.0360907 0.990518 -0.2929099 0.5644395 999.88 
20150622154322 -7.6889787 0.93254155 -0.729633 0.8924741 -0.1731803 0.2706133 999.88 
20150622154322 -8.65025 -0.10534488 0.025737667 0.89369583 -0.01863139 0.022907447 999.88 
20150622154322 -9.1350765 -0.9427169 -0.60812724 0.93554014 -0.08735373 -0.19822577 999.89 
20150622154322 -9.900024 -2.3648727 -0.9008184 1.0424415 -0.30695978 -0.3155119 999.89 
20150622154322 -11.13244 -3.4877534 -0.3489549 1.1392636 -0.38026363 -0.35033122 999.89 
20150622154322 -12.443265 -3.513491 0.7565677 1.0754282 -0.3903429 -0.25870144 999.89 
20150622154322 -12.603676 -1.7208325 1.5454572 0.9129381 -0.3744604 -0.061391957 999.89 
20150622154322 -12.687473 1.0995371 1.3491327 0.6301075 -0.3277292 0.4279111 999.89 
20150622154322 -14.159308 2.4384944 0.40521863 0.31948254 -0.25503623 0.8054258 999.89 
20150622154322 -14.159907 1.1851299 -5.498883 -0.042455133 -0.13927728 0.8210029 999.89 
20150622154322 -12.340913 1.5490485 -7.389105 -0.35277468 0.24831672 0.9807441 999.89 
20150622154322 -9.216479 3.5811272 -5.8041434 -0.6203337 1.1542299 1.3014483 999.98 
20150622154322 -9.479243 3.7828386 -5.9849057 -1.1145236 0.9388999 1.5589281 999.98 
20150622154322 -9.844957 3.2609026 -9.878476 -1.1242975 0.17898351 1.2247849 999.98 
20150622154322 -13.300987 1.6382325 -9.730036 -0.39675698 0.3023783 0.89369583 999.98 
20150622154323 -13.801375 0.6536171 -6.947375 0.56199604 0.70371675 0.3894266 999.98 
20150622154323 -10.023325 0.7302315 -3.5990837 0.71776664 0.08674286 -0.07360926 999.98 
20150622154323 -7.1754227 1.2282255 -2.124854 0.29840767 -0.50579643 -0.54092115 999.98 
20150622154323 -6.121375 2.4774003 -0.65301853 -0.083383106 -1.1038336 -0.65179324 999.98 
20150622154323 -5.625177 3.2638955 -1.0384849 -0.2733622 -0.91813046 -0.6637051 999.98 
20150622154323 -5.7825956 3.2980127 -2.4187422 -0.35277468 -0.58459806 -0.67073005 999.91 
20150622154323 -6.3063273 1.95307 -3.857059 -0.48991394 -0.122783914 -0.7498371 999.91 
20150622154323 -6.5140243 -0.077213004 -3.5649664 -0.7333437 0.21013765 -0.9062186 999.91 
20150622154323 -6.8198833 -2.4510639 -2.0733786 -0.9239337 0.38698313 -0.9615019 999.91 
20150622154323 -7.3657618 -4.289212 -0.9283517 -0.95356065 0.14538592 -0.9260717 999.91 
20150622154323 -7.666234 -4.9984946 -0.23882163 -0.93828905 -0.2556471 -0.8035932 999.91 
20150622154323 -8.06008 -4.0821137 0.0796072 -0.95356065 -0.36285394 -0.602924 999.91 
20150622154323 -8.27496 -2.831742 0.075417355 -0.97585726 -0.3032946 -0.30085114 999.91 
20150622154323 -9.021352 -1.8501194 -0.037708677 -0.89644474 -0.16829337 -0.032375857 999.91 
20150622154323 -10.132261 -1.3138182 -0.30166942 -0.7104363 -0.09682214 0.12370021 999.92 
20150622154323 -10.648212 -1.0067618 -0.079008654 -0.5925393 -0.14508049 0.15424347 999.92 
20150622154323 -10.277111 -0.5374983 1.2330139 -0.5729916 -0.21991149 0.16523905 999.92 
20150622154323 -9.689933 0.34715924 2.6629508 -0.571159 -0.34300083 0.20433442 999.92 
20150622154323 -10.064626 0.6877344 4.2742486 -0.4202753 -0.54428095 0.13744467 999.92 
20150622154323 -11.206061 0.089782566 4.1742907 -0.15821409 -0.59864795 -0.12217305 999.92 
20150622154323 -12.0488205 -1.8058267 2.7006595 0.100792766 -0.5458081 -0.6114761 999.92 
20150622154323 -12.052411 -2.5701754 -1.283292 0.15393804 -0.2574797 -0.8915578 999.92 
20150622154323 -11.925519 -2.070386 -5.645528 0.113926366 0.12522738 -1.040609 999.92 
20150622154323 -11.452663 -2.9251158 -7.101202 0.3839288 0.9822713 -1.0451905 999.93 
20150622154323 -10.295666 -3.329736 -9.840768 0.7302894 1.5216653 -1.0622946 999.93 
20150622154323 -10.901399 -2.046444 -11.261726 0.8894198 1.0369438 -0.9746355 999.93 
20150622154323 -12.715007 0.12030864 -8.488642 0.7761043 0.8744536 -0.82802784 999.93 
20150622154323 -14.314932 1.376666 -4.669292 0.1777618 0.6020077 -0.6102544 999.93 
20150622154323 -11.56579 0.40761283 -2.107496 -0.13988814 0.09407325 -0.30818152 999.93 
20150622154323 -8.910022 -1.2916719 -0.5141548 0.06719518 -0.5702427 0.10354166 999.93 
20150622154323 -7.1448965 -3.008913 0.32142156 0.3136793 -1.1349876 0.25900686 999.93 
20150622154323 -6.9850836 -4.6896424 -0.16519992 0.34330627 -1.1023064 0.39675698 999.93 
20150622154323 -7.316082 -5.261258 -1.2324153 0.28191432 -0.72204274 0.54519725 999.93 
20150622154323 -8.154053 -3.8726213 -2.1440077 0.27977628 0.03726278 0.7153232 999.93 
20150622154323 -8.397064 -1.1240777 -2.5157075 0.41080686 0.59956425 0.8781188 999.93 
20150622154323 -7.6291237 1.335366 -2.0362685 0.6737844 0.7742717 0.9776898 999.93 
20150622154323 -6.6720414 2.3612814 -1.2850877 0.86467975 0.6056729 0.9828822 999.93 
20150622154323 -5.9358244 2.6001031 -0.9056068 1.0421361 0.34147367 0.88239485 999.93 
20150622154323 -5.683835 2.428319 -0.5943606 1.1349876 0.05375614 0.7699956 999.93 
20150622154323 -6.1608796 1.3820529 -0.7715315 1.0806206 -0.009773844 0.64904433 999.93 
20150622154323 -7.5525093 0.01616086 -1.2623428 1.0729848 0.12644911 0.40500367 999.93 
20150622154323 -9.291897 -1.110311 -1.3467385 1.1343768 0.3472769 0.17165314 999.87 
20150622154323 -10.224439 -1.7561469 -1.5981296 1.278541 0.4279111 -0.08093964 999.87 
20150622154323 -10.753557 -2.2888567 -1.5382746 1.4929546 0.32895094 -0.16218472 999.87 
20150622154323 -11.608886 -1.982399 -0.9816227 1.6010778 0.058337633 -0.21746802 999.87 
20150622154323 -12.989142 -0.9528923 0.29628247 1.4758505 -0.20616703 -0.17562376 999.87 
20150622154323 -12.394184 0.42078096 0.736217 1.2935071 -0.3231477 0.0 999.87 
20150622154323 -11.386225 1.5574282 1.151611 0.95417154 -0.41630468 0.40194935 999.87 
20150622154323 -11.583148 1.6849195 0.17836803 0.58551437 -0.40317106 0.6713409 999.87 
20150622154324 -12.634801 0.6997054 -4.617218 0.226631 -0.3979787 0.6395759 999.87 
20150622154324 -12.233772 1.5113398 -7.7129207 -0.030543262 0.12858713 0.7098254 999.87 
20150622154324 -12.091317 2.8993783 -9.328408 -0.3051272 1.0989466 0.96974856 999.87 
20150622154324 -11.168352 3.496133 -9.437943 -0.8713993 1.169807 1.1661417 999.87 
20150622154324 -11.614272 2.6342204 -9.774927 -0.8228355 1.1142182 1.2971723 999.87 
20150622154324 -12.534843 1.1677719 -7.7230964 -0.22540927 0.5571091 0.874759 999.87 
20150622154324 -11.101315 1.1444284 -4.2239704 0.2837469 -0.11728613 0.18448131 999.87 
20150622154324 -8.4664955 1.074398 -1.958457 0.41783184 -0.64568454 -0.16768251 999.87 
20150622154324 -6.9090676 1.9261353 -0.79248077 0.1863139 -1.1472049 -0.49846604 999.87 
20150622154324 -6.007651 2.8939912 -1.0133458 -0.21624629 -1.1774428 -0.61575216 999.87 
20150622154324 -5.9825115 3.271078 -2.094328 -0.41263947 -0.70096785 -0.6072 999.91 
20150622154324 -6.461352 2.4265234 -3.3153708 -0.5152648 -0.15027285 -0.7174612 999.91 
20150622154324 -6.7564373 0.45250413 -4.204817 -0.6056729 0.24709499 -0.84391034 999.91 
20150622154324 -6.976105 -1.763928 -3.2788591 -0.66859204 0.38453966 -0.9636399 999.91 
20150622154324 -7.133524 -3.5075054 -1.6346412 -0.7538077 0.33261612 -0.99082345 999.91 
20150622154324 -7.5201874 -4.594473 -0.6386533 -0.79901177 -9.162979E-4 -0.9324858 999.91 
20150622154324 -7.647679 -3.9151182 -0.52073884 -0.8063421 -0.2932153 -0.73945236 999.91 
20150622154324 -8.570643 -3.0017304 -0.85054016 -0.8527679 -0.32406402 -0.4868596 999.91 
20150622154324 -9.091981 -1.8650831 -0.83737206 -0.8793405 -0.16432275 -0.20158553 999.91 
20150622154324 -9.651027 -0.51954174 -0.8690952 -0.8323039 0.03940081 0.08032878 999.89 
20150622154324 -9.827001 0.25677812 -0.7068881 -0.79137594 -0.007941248 0.25961772 999.89 
20150622154324 -10.059837 0.039504327 0.59256494 -0.77671516 -0.15454891 0.26908615 999.89 
20150622154324 -9.69113 -0.18794483 2.2469583 -0.7162395 -0.42730024 0.17715092 999.89 
20150622154324 -9.553463 -0.44771573 3.8391025 -0.5766568 -0.71776664 -0.029932396 999.89 
20150622154324 -9.946711 -0.88405895 4.537012 -0.36163223 -0.97433007 -0.27152961 999.89 
20150622154324 -10.96305 -1.7070658 3.9121256 -0.15454891 -0.90316427 -0.5381723 999.89 
20150622154324 -11.876437 -3.21661 2.5743654 -0.004581489 -0.516792 -0.7831292 999.89 
20150622154324 -11.589732 -2.4259248 -2.5647886 0.043066 -0.03176499 -0.7901542 999.89 
20150622154324 -11.628039 -1.4317327 -6.9425864 -0.013133603 0.39400807 -0.6704246 999.9 
20150622154324 -11.344925 -1.8387469 -7.9607205 0.21380283 1.5079209 -0.70280045 999.9 
20150622154324 -10.181941 -2.3529017 -9.867104 0.5729916 1.8894062 -0.91721416 999.9 
20150622154324 -11.191696 -1.7938557 -11.634025 0.8741482 1.133155 -0.9242391 999.9 
20150622154324 -15.777789 -0.9816227 -9.214086 0.895223 0.7425067 -0.81306165 999.9 
20150622154324 -14.586674 -1.1210849 -6.1207767 0.4700608 0.45081854 -0.675617 999.9 
20150622154324 -10.943896 -1.6927006 -2.3139958 0.3463606 -6.1086525E-4 -0.25961772 999.9 
20150622154324 -7.270592 -2.3810337 0.7068881 0.35277468 -0.8668178 0.04184427 999.9 
20150622154324 -5.019444 -3.4554317 1.4820108 0.42302418 -1.6249015 0.42210788 999.9 
20150622154324 -5.111022 -4.5992613 1.7070658 0.464563 -1.5503759 0.6612616 999.88 
20150622154324 -6.585252 -4.4448357 0.58298814 0.42485678 -0.97219205 0.79320854 999.88 
20150622154324 -8.862736 -2.7694929 -2.405574 0.4615087 -0.017715093 0.9077458 999.88 
20150622154324 -8.737639 0.5279215 -5.5760956 0.6392705 0.945314 1.0076222 999.88 
20150622154324 -8.157045 2.823961 -3.876811 0.87995136 1.5916094 1.1029172 999.88 
20150622154324 -7.113772 3.5392287 -2.2254105 1.0247264 1.3029755 0.9935723 999.88 
20150622154324 -6.43322 3.157952 -1.0073603 1.1749994 0.52412236 0.7877107 999.88 
20150622154324 -6.2793927 2.284667 -0.908001 1.1099422 -0.105068825 0.6264423 999.88 
20150622154324 -6.871359 1.2970588 -1.4215573 0.9611965 -0.28099802 0.44318274 999.88 
20150622154324 -8.00621 0.2777274 -1.1935096 0.86254174 -0.090713486 0.18173242 999.86 
20150622154324 -8.822035 -1.0911574 -0.088585466 0.890947 0.106595986 -0.032070424 999.86 
20150622154324 -9.32362 -2.3882163 -0.14664486 1.0454959 0.040317107 -0.21930063 999.86 
20150622154324 -10.280104 -3.1082723 -0.7158663 1.2547172 -0.28191432 -0.29901853 999.86 
20150622154324 -11.11149 -3.0220811 -0.47225627 1.357648 -0.408058 -0.267559 999.86 
20150622154325 -11.852495 -2.2900538 1.0672154 1.2745703 -0.3359759 -0.14294247 999.86 
20150622154325 -11.812991 -1.1468226 1.9566613 1.0946705 -0.40378192 0.024740042 999.86 
20150622154325 -12.121843 0.91458505 1.1115081 0.8038987 -0.46975538 0.37965274 999.86 
20150622154325 -13.137584 2.1015105 -1.1486182 0.5311473 -0.26419923 0.7086037 999.86 
20150622154325 -13.782222 1.5388732 -6.906075 0.07727446 0.095294975 0.81397796 999.93 
20150622154325 -12.908937 1.6651673 -7.2286935 -0.31245756 0.788627 0.96852684 999.93 
20150622154325 -11.062409 2.653374 -6.5720835 -0.64568454 1.4957036 1.1985176 999.93 
20150622154325 -9.834184 2.7204118 -6.31351 -0.9101892 0.99204516 1.325883 999.93 
20150622154325 -9.246407 1.9865888 -7.375937 -0.7602218 0.23762658 1.0115929 999.93 
20150622154325 -11.320384 0.24720132 -7.571663 -0.06536258 -0.040011674 0.5021312 999.93 
20150622154325 -11.629236 1.3994108 -4.6136265 0.6988298 -0.09407325 -0.0125227375 999.93 
20150622154325 -9.820416 2.292448 -2.2679076 0.8588765 -0.27916542 -0.1441642 999.93 
20150622154325 -8.150461 2.6479871 -2.3307555 0.47708577 -0.68386364 -0.34147367 999.93 
20150622154325 -7.7087307 3.2196028 -2.3373394 0.038789943 -0.81581056 -0.51159966 999.86 
20150622154325 -7.674015 3.4314895 -3.2626984 -0.18845193 -0.24098633 -0.59681535 999.86 
20150622154325 -7.6907744 2.2152352 -4.4077253 -0.40317106 0.09101892 -0.7296785 999.86 
20150622154325 -7.0940194 0.16579847 -4.5046906 -0.550695 0.30695978 -0.8594874 999.86 
20150622154325 -6.4002995 -1.7184383 -2.694674 -0.6969972 0.3036 -0.9410379 999.86 
20150622154325 -6.250662 -3.1669302 -0.98700964 -0.7626653 -0.009468411 -0.9450085 999.86 
20150622154325 -6.6271505 -4.147356 -0.18914193 -0.698219 -0.42363504 -0.93554014 999.86 
20150622154325 -7.16824 -4.1371803 0.11851298 -0.6038403 -0.56596667 -0.81061816 999.86 
20150622154325 -8.004415 -3.0280666 -0.25617957 -0.6420194 -0.4746423 -0.5919284 999.86 
20150622154325 -8.376115 -1.395221 -1.2096704 -0.75777835 -0.24770586 -0.24709499 999.84 
20150622154325 -9.048885 -0.3286042 -1.4754268 -0.806953 0.058948494 0.093767814 999.84 
20150622154325 -9.792285 -0.065242 -1.1264719 -0.84971356 0.1777618 0.29932398 999.84 
20150622154325 -9.986814 -0.2861071 -0.65242 -0.8585711 0.03573562 0.27550024 999.84 
20150622154325 -9.889849 -0.45190558 0.9660604 -0.82711154 -0.29718593 0.16279559 999.84 
20150622154325 -9.735423 -0.219668 2.8407204 -0.752586 -0.5320636 -0.022296581 999.84 
20150622154325 -10.301053 -0.427365 4.478953 -0.58276546 -0.7883216 -0.1591304 999.84 
20150622154325 -11.294646 -1.501763 4.5926776 -0.4437936 -0.872621 -0.3744604 999.84 
20150622154325 -12.091916 -2.9897594 3.353678 -0.28191432 -0.7089091 -0.65026605 999.84 
20150622154325 -11.729194 -3.0460231 -0.007182605 -0.20250183 -0.35888332 -0.74097955 999.9 
20150622154325 -11.057621 -1.83336 -5.8586116 -0.21685717 -0.026572637 -0.711658 999.9 
20150622154325 -11.139024 -2.731784 -6.915053 0.027183503 0.81092364 -0.816116 999.9 
20150622154325 -10.448297 -3.2501287 -9.49301 0.43982297 1.6062702 -1.0403035 999.9 
20150622154325 -11.033679 -1.6567876 -11.340137 0.7733554 1.1808025 -1.1279627 999.9 
20150622154325 -14.106636 0.1604115 -9.746197 0.8222246 1.061073 -0.9804387 999.9 
20150622154325 -15.036784 1.352724 -6.6391215 0.45448375 0.79779 -0.7675522 999.9 
20150622154325 -11.767501 0.036511578 -3.0532057 0.20280726 0.22999077 -0.398895 999.9 
20150622154325 -8.364742 -1.3856442 -0.3286042 0.19181168 -0.4972443 -0.038179077 999.9 
20150622154325 -6.108207 -2.878429 0.90979666 0.20066923 -1.387275 0.2434298 999.9 
20150622154325 -6.075287 -4.5801077 0.74399817 0.19058995 -1.4214834 0.47616947 999.9 
20150622154325 -6.9240313 -5.3887496 -0.5823896 0.16676621 -0.98624194 0.569021 999.9 
20150622154325 -8.827422 -5.122993 -1.7615339 0.30298916 -0.071776666 0.65057147 999.9 
20150622154325 -8.772954 -2.8538885 -2.7730842 0.5674938 0.66614854 0.7687739 999.9 
20150622154325 -7.8715367 0.2088941 -3.0424318 0.9431759 0.9379836 0.95081174 999.9 
20150622154325 -7.033566 1.83336 -2.0290859 1.1163563 0.7641924 0.960891 999.9 
20150622154325 -6.306926 2.5270798 -0.94211835 1.244638 0.4914411 0.88025683 999.9 
20150622154325 -6.0716953 2.509722 0.04369418 1.2733486 0.053450707 0.8402451 999.9 
20150622154325 -6.401497 1.7304093 -0.047285482 1.1960741 -0.12217305 0.7440339 999.92 
20150622154326 -7.60997 0.39983168 -0.39863458 1.1200215 -0.035430185 0.473726 999.92 
20150622154326 -8.738237 -0.7978677 -0.81881696 1.1236867 0.24862215 0.20372356 999.92 
20150622154326 -9.727043 -1.7998412 -1.9955671 1.2366967 0.37812558 -0.047036625 999.92 
20150622154326 -10.794258 -2.3403323 -3.072958 1.395827 0.28710666 -0.13316862 999.92 
20150622154326 -11.381436 -2.059612 -2.336741 1.4208726 0.18173242 -0.10873401 999.92 
20150622154326 -11.694478 -1.3988123 -0.6667852 1.273654 0.025350908 0.030848695 999.92 
20150622154326 -11.519701 -0.4309563 0.52852005 1.1218541 -0.30634892 0.20463985 999.92 
20150622154326 -10.968436 0.93014735 1.365892 0.8756753 -0.516792 0.49388456 999.92 
20150622154326 -12.355876 1.9776106 2.3894134 0.5907067 -0.5858198 0.70249504 999.86 
20150622154326 -13.755287 1.13964 -1.3784616 0.2773328 -0.5714644 0.68294734 999.86 
20150622154326 -13.517663 0.5422867 -6.8563952 0.026267206 -0.30757064 0.6951646 999.86 
20150622154326 -10.796054 2.1763294 -7.052121 -0.19853121 0.8536842 0.8943067 999.86 
20150622154326 -9.66659 2.9239187 -5.544971 -0.627664 1.2739595 1.1569787 999.86 
20150622154326 -9.637859 2.3834279 -6.755839 -0.75594574 0.46761733 0.9605856 999.86 
20150622154326 -11.898584 1.7711107 -8.635885 -0.36285394 0.040317107 0.8045095 999.86 
20150622154326 -13.610438 2.0416555 -7.2628107 0.098043874 0.21746802 0.59864795 999.86 
20150622154326 -11.587936 2.224812 -4.0677485 0.52870387 0.08735373 0.3494149 999.86 
20150622154326 -8.62152 1.7842789 -2.8508956 0.36041048 -0.30543262 -0.12186762 999.88 
20150622154326 -7.361572 2.333748 -1.804031 -0.018325957 -0.8927795 -0.49968776 999.88 
20150622154326 -6.4505777 3.1322143 -1.7316064 -0.17898351 -0.7247916 -0.61544675 999.88 
20150622154326 -6.42903 3.1848867 -2.4953568 -0.25228736 -0.49541172 -0.6151413 999.88 
20150622154326 -6.4978633 1.9123687 -3.3105824 -0.43585235 -0.2171626 -0.68600166 999.88 
20150622154326 -6.3392477 0.030526072 -3.0585926 -0.73273283 -0.005192355 -0.8210029 999.88 
20150622154326 -6.4380083 -1.8423382 -1.9853917 -0.9086621 0.16584991 -0.9092729 999.88 
20150622154326 -7.0407486 -3.496133 -1.3174095 -0.8738427 0.02565634 -0.98837996 999.88 
20150622154326 -7.9810715 -4.4436383 -0.9379285 -0.7834347 -0.21013765 -0.9621128 999.88 
20150622154326 -8.480861 -3.7750576 -0.5291186 -0.75747293 -0.30757064 -0.79229224 999.85 
20150622154326 -8.701726 -2.5037365 -0.31304187 -0.9077458 -0.2648101 -0.3933972 999.85 
20150622154326 -8.677185 -1.1456255 -0.32920274 -1.0112875 -0.10629055 -0.009773844 999.85 
20150622154326 -8.921394 -0.1945289 -0.109534726 -0.9914343 -0.053450707 0.28313604 999.85 
20150622154326 -9.004593 -0.073621705 0.12569559 -0.95478237 -0.13836098 0.36193767 999.85 
20150622154326 -9.443929 -0.59974754 1.1725603 -0.87995136 -0.31978795 0.29840767 999.85 
20150622154326 -9.800665 -0.9247604 2.0805612 -0.7141015 -0.43554693 0.09162979 999.85 
20150622154326 -10.010158 -0.83018947 3.1010897 -0.45448375 -0.5500842 -0.1685988 999.85 
20150622154326 -10.889428 -0.89902276 3.6804867 -0.2657264 -0.5757405 -0.37965274 999.85 
20150622154326 -11.805809 -1.4628572 3.1920695 -0.17654006 -0.49021935 -0.62980205 999.86 
20150622154326 -12.430696 -2.5396495 2.5019407 -0.062308256 -0.22052236 -0.7770206 999.86 
20150622154326 -12.045827 -2.2158337 -0.4914099 0.008857546 -0.016493361 -0.8078693 999.86 
20150622154326 -11.78845 -1.5448587 -5.1846437 -0.057726767 0.18417588 -0.763887 999.86 
20150622154326 -11.192893 -2.3523033 -6.4362125 0.14019357 0.97127575 -0.8304713 999.86 
20150622154326 -9.868899 -3.074155 -7.7949224 0.36163223 1.4618006 -0.9914343 999.86 
20150622154326 -10.395624 -2.0895395 -9.442133 0.6032294 1.0922271 -1.0180069 999.86 
20150622154326 -12.3989725 -0.25438392 -8.554482 0.74036866 0.82558435 -0.9370673 999.86 
20150622154326 -14.778809 0.7882909 -4.758476 0.47647488 0.6429357 -0.7302894 999.86 
20150622154326 -11.951855 -0.1412579 -1.9422961 0.20799962 0.22479841 -0.44532076 999.86 
20150622154326 -9.129091 -1.46585 -0.2885013 0.17867808 -0.355829 0.00580322 999.86 
20150622154326 -7.076063 -2.9526494 0.25318682 0.2171626 -0.883922 0.22999077 999.86 
20150622154326 -6.64391 -4.5543704 -0.3417723 0.20952678 -1.0882565 0.539394 999.86 
20150622154326 -7.1634517 -5.145738 -1.8902222 0.16340645 -0.64812803 0.679893 999.86 
20150622154327 -8.397064 -3.8187518 -2.5731683 0.28771752 0.083383106 0.79137594 999.86 
20150622154327 -8.3150625 -1.2617443 -2.533664 0.46517387 0.70249504 0.84971356 999.86 
20150622154327 -7.350199 0.75477207 -1.9722236 0.7324274 0.88239485 0.88025683 999.86 
20150622154327 -6.6241574 1.7238252 -1.3491327 0.97341377 0.6646214 0.86651236 999.86 
20150622154327 -6.2464724 1.9578584 -0.27593175 1.1609493 0.27275133 0.7846564 999.85 
20150622154327 -6.4960675 1.2078748 -0.073023155 1.2330315 -0.010995574 0.7171558 999.85 
20150622154327 -7.3831196 0.17298107 -0.52612585 1.1759156 -0.119729586 0.63194007 999.85 
20150622154327 -8.003817 -0.6171055 -0.45489833 1.0946705 -0.06841691 0.40530908 999.85 
20150622154327 -8.382699 -1.0378864 -0.1316811 1.071763 0.1518 0.124005646 999.85 
20150622154327 -9.521142 -1.2569559 -0.5859809 1.1230757 0.19975294 -0.03268129 999.85 
20150622154327 -10.9187565 -1.1522095 -1.1569979 1.207986 -0.02076942 -0.0693332 999.85 
20150622154327 -11.607688 -0.81283146 -0.9816227 1.244027 -0.047036625 -0.0421497 999.85 
20150622154327 -11.512519 -0.6811504 -0.044292733 1.1847731 0.014966198 0.023823744 999.85 
20150622154327 -11.129447 -0.40102878 0.9139865 1.0183123 -0.0421497 0.11178834 999.86 
20150622154327 -11.279683 0.018555064 1.5125369 0.8127562 -0.26419923 0.2733622 999.86 
20150622154327 -13.070545 0.035314474 2.0620062 0.57543504 -0.41996986 0.46181414 999.86 
20150622154327 -13.828909 -0.5201403 -3.8732197 0.37720928 -0.37720928 0.5122105 999.86 
20150622154327 -13.331513 0.670975 -7.715315 -0.014049901 -0.26328292 0.61727935 999.86 
20150622154327 -11.992557 2.8042088 -6.7199254 -0.27855456 0.54153204 0.9288206 999.86 
20150622154327 -11.088146 3.4614172 -6.994062 -0.70524395 1.566564 1.1899655 999.86 
20150622154327 -9.809045 2.5929205 -8.459911 -0.75228053 0.86254174 1.1108584 999.86 
20150622154327 -10.487202 0.6374562 -8.725668 -0.47311515 0.36071593 1.0137309 999.86 
20150622154327 -10.721235 0.6404489 -6.321291 0.13439035 0.40042216 0.7965683 999.92 
20150622154327 -9.76535 2.3900118 -3.2746694 0.6899723 0.07819075 0.36193767 999.92 
20150622154327 -8.14268 3.2788591 -2.1290438 0.6612616 -0.41722095 0.07391469 999.92 
20150622154327 -7.2047515 4.0982747 -0.9660604 0.16187929 -1.0021244 -0.20280726 999.92 
20150622154327 -7.032369 4.2862196 -1.4401124 -0.1704314 -0.8268061 -0.34147367 999.92 
20150622154327 -7.150882 3.5416229 -2.9119477 -0.37048978 -0.49388456 -0.46731192 999.92 
20150622154327 -6.9407907 1.1300632 -4.6363716 -0.4541783 -0.124311075 -0.7483099 999.92 
20150622154327 -6.8827314 -1.827973 -4.1144357 -0.54611355 0.2938262 -0.97219205 999.92 
20150622154327 -7.092224 -3.715801 -2.2936451 -0.6041457 0.37048978 -1.097114 999.92 
20150622154327 -7.48607 -4.426879 -0.31184477 -0.6792821 0.069027774 -1.0852021 999.87 
20150622154327 -7.728483 -3.9390604 0.40162733 -0.7516697 -0.25045475 -0.9773844 999.87 
20150622154327 -7.926005 -2.5911248 -0.12030864 -0.8136725 -0.46517387 -0.7415904 999.87 
20150622154327 -8.267179 -1.3227965 -0.5566519 -0.8762862 -0.45173484 -0.42424592 999.87 
20150622154327 -8.476671 -0.60094464 -0.33399114 -0.8875872 -0.1301143 -0.1142318 999.87 
20150622154327 -9.149442 -0.0053869537 -0.4794389 -0.88056225 0.036957346 0.07269296 999.87 
20150622154327 -9.673173 0.010175358 -0.6805518 -0.8527679 -0.0067195175 0.22296582 999.87 
20150622154327 -10.4010105 -0.56203884 0.17298107 -0.8552113 -0.16554448 0.23457226 999.87 
20150622154327 -10.324396 -0.61112 1.721431 -0.8381071 -0.25686884 0.13805555 999.87 
20150622154327 -10.070012 -0.41479546 3.7415388 -0.68325275 -0.4111123 -0.008246681 999.9 
20150622154327 -10.703279 -0.6961141 5.0505686 -0.5158757 -0.67073005 -0.11759156 999.9 
20150622154327 -11.746552 -1.8261774 4.324527 -0.32711834 -0.8032878 -0.38820487 999.9 
20150622154327 -11.84651 -3.0310593 2.682703 -0.09712757 -0.7699956 -0.7504479 999.9 
20150622154327 -11.577761 -2.3475149 -3.494936 0.026267206 -0.45356745 -0.8881981 999.9 
20150622154327 -11.753136 -2.0739772 -7.079056 0.05375614 0.1337795 -0.9257663 999.9 
20150622154327 -11.262923 -2.557606 -8.946533 0.29443705 1.2556335 -0.9746355 999.9 
20150622154327 -11.212646 -1.9255368 -11.110891 0.58368176 1.8380935 -1.0650436 999.9 
20150622154327 -11.926716 -0.032920275 -10.5704 0.6612616 1.317331 -1.0531317 999.9 
20150622154327 -13.267468 1.7788919 -7.08564 0.42302418 0.96974856 -0.8921687 999.87 
20150622154327 -12.235568 1.7926586 -2.8802247 -0.13316862 0.5326745 -0.6401868 999.87 
20150622154328 -9.831191 -1.1354501 -1.2521675 -0.30879238 -0.07971791 -0.38056904 999.87 
20150622154328 -7.7230964 -3.5697548 -0.24720132 -0.16432275 -0.5671884 -0.067500606 999.87 
20150622154328 -6.950966 -5.2917843 -0.46327803 0.06872234 -1.0793989 0.10873401 999.87 
20150622154328 -7.2783732 -6.351817 -1.2958617 0.1255328 -0.94714653 0.40653083 999.87 
20150622154328 -8.407838 -5.783194 -2.0590134 0.14752395 -0.3622431 0.62888575 999.87 
20150622154328 -8.788516 -2.9508536 -3.0657754 0.24648413 0.34300083 0.8136725 999.87 
20150622154328 -7.827842 0.6835446 -2.7246015 0.46578476 0.65057147 1.0125091 999.87 
20150622154328 -7.1191587 2.4911668 -1.5688007 0.7611381 0.7556403 1.153619 999.83 
20150622154328 -6.2883706 3.093907 -0.8655039 0.9624182 0.46975538 1.0112875 999.83 
20150622154328 -5.9483943 2.7138276 -0.27952304 1.2305881 -0.0021380284 0.8378017 999.83 
20150622154328 -6.393716 1.5197195 -0.63206923 1.3243558 -0.22693644 0.74220127 999.83 
20150622154328 -7.436989 0.27952304 -1.0534488 1.2718215 -0.23335053 0.59406644 999.83 
20150622154328 -8.272566 -0.32022446 -1.049259 1.1539245 -0.038179077 0.38820487 999.83 
20150622154328 -8.714894 -0.6853402 -0.47046062 1.0897835 0.20005837 0.15027285 999.83 
20150622154328 -9.485827 -1.3042414 -0.51116204 1.1520919 0.22418754 0.019547688 999.83 
20150622154328 -10.67814 -1.5442601 -1.0893618 1.2589933 -0.004886922 -0.04550946 999.83 
20150622154328 -11.629236 -0.7685388 -0.9708488 1.3808609 -0.12705997 -0.16310102 999.84 
20150622154328 -12.273875 -0.107140526 0.3776853 1.2904528 -0.15393804 -0.1731803 999.84 
20150622154328 -11.9374895 0.2633622 1.055843 1.0372492 -0.17256944 -0.003970624 999.84 
20150622154328 -11.750742 0.31364042 1.3102269 0.70371675 -0.3408628 0.2941316 999.84 
20150622154328 -12.336722 -0.073023155 0.92176765 0.4700608 -0.36835176 0.49938235 999.84 
20150622154328 -13.248315 -1.2078748 -4.281431 0.19181168 -0.29779682 0.5552765 999.84 
20150622154328 -12.841301 -0.45729253 -7.391499 -0.07880162 -0.15515977 0.57848936 999.84 
20150622154328 -10.733805 2.634819 -7.506421 -0.258396 0.7678576 0.9477574 999.84 
20150622154328 -10.916962 4.023456 -7.270592 -0.6994407 1.2712106 1.3820826 999.84 
20150622154328 -10.612898 3.9378633 -8.213309 -0.8894198 0.679893 1.3542882 999.87 
20150622154328 -11.756727 2.1278467 -8.121731 -0.6395759 0.31306845 1.1652255 999.87 
20150622154328 -11.645397 1.2641385 -5.163096 0.11728613 0.14813483 0.82253003 999.87 
20150622154328 -9.255385 1.6130934 -2.9269116 0.7049385 -0.25809056 0.32375857 999.87 
20150622154328 -7.89907 1.7992426 -1.6903064 0.67256266 -0.7623598 -0.13713925 999.87 
20150622154328 -7.524976 2.7090392 -1.6124948 0.3680463 -1.0302242 -0.3830125 999.87 
20150622154328 -7.294534 3.7541082 -2.6007016 0.06078109 -0.7489208 -0.5476407 999.87 
20150622154328 -7.2753806 4.0467997 -3.1082723 -0.15668693 -0.30879238 -0.55863625 999.87 
20150622154328 -6.5523314 2.755726 -3.3363202 -0.419359 0.112704635 -0.66981375 999.87 
20150622154328 -5.9621606 -0.017956512 -2.60549 -0.5879578 0.26053402 -0.829555 999.86 
20150622154328 -6.2392898 -2.8389246 -1.8980033 -0.6545421 0.14263703 -0.95111716 999.86 
20150622154328 -7.20116 -4.731541 -1.1115081 -0.6218608 -0.015882496 -1.1212431 999.86 
20150622154328 -8.032547 -4.7536874 -0.5057751 -0.57848936 -0.20189096 -1.1081096 999.86 
20150622154328 -8.76637 -3.245939 -0.7685388 -0.6948592 -0.26939157 -0.829555 999.86 
20150622154328 -9.181764 -1.7340006 -0.81283146 -0.8897252 -0.20219639 -0.40439278 999.86 
20150622154328 -9.15423 -0.5291186 -0.6757634 -0.9251554 0.0125227375 -0.13439035 999.86 
20150622154328 -9.1668 0.107739076 -0.516549 -0.87109387 0.03023783 0.12644911 999.86 
20150622154328 -9.023148 0.24839842 -0.16400282 -0.7644979 -0.14263703 0.20158553 999.86 
20150622154328 -8.754398 -0.24121583 1.2192472 -0.6976081 -0.42058071 0.15943582 999.88 
20150622154328 -8.647857 -0.51714754 2.834735 -0.68752885 -0.5907067 0.069027774 999.88 
20150622154328 -8.923788 -0.32621 4.214992 -0.66614854 -0.7461719 0.03726278 999.88 
20150622154328 -10.354922 -0.24779987 4.666898 -0.61117065 -0.8078693 -0.021380283 999.88 
20150622154328 -12.28405 -1.0785879 3.4973302 -0.5180137 -0.61269784 -0.19730948 999.88 
20150622154328 -12.806585 -2.2481554 0.6901286 -0.36163223 -0.22632557 -0.5681047 999.88 
20150622154329 -12.864046 -2.3008277 -4.381389 -0.19120082 0.3323107 -0.77824235 999.88 
20150622154329 -12.649765 -3.152565 -6.0405707 -0.08277224 0.8237518 -0.93218035 999.88 
20150622154329 -10.617087 -3.6224272 -7.0449386 0.2125811 1.2583824 -1.1801916 999.88 
20150622154329 -10.470443 -3.2668881 -8.552687 0.63621616 1.486846 -1.2773192 999.91 
20150622154329 -10.7194395 -1.903989 -9.735423 0.97494096 1.01312 -1.3961325 999.91 
20150622154329 -10.63684 0.6087258 -9.370307 1.0247264 0.8940013 -1.208597 999.91 
20150622154329 -11.68969 2.4809916 -6.10282 0.7156286 0.6469063 -0.8216137 999.91 
20150622154329 -10.621277 1.0767922 -2.3211784 0.067500606 0.35155296 -0.4007276 999.91 
20150622154329 -9.147646 -1.8471266 -0.6362591 -0.37323865 -0.31978795 -0.06169739 999.91 
20150622154329 -8.710106 -4.6381674 0.14305355 -0.14508049 -0.7623598 0.21044308 999.91 
20150622154329 -9.606135 -7.109582 -0.7954735 0.071776666 -0.9651671 0.2843578 999.91 
20150622154329 -9.965266 -7.991845 -2.516306 0.17531833 -0.59986967 0.3631594 999.91 
20150622154329 -9.490616 -4.9625816 -3.99293 0.32498032 -0.084910266 0.6267477 999.88 
20150622154329 -8.519767 -0.60932434 -3.2573113 0.5665775 0.44929138 0.9569204 999.88 
20150622154329 -7.72968 1.5765818 -1.9219455 0.75808376 0.5467244 1.1163563 999.88 
20150622154329 -6.894104 2.5091233 -1.0085574 0.9257663 0.24129178 1.1068878 999.88 
20150622154329 -5.815516 2.8742392 0.15023616 1.0965031 -0.18784106 1.061073 999.88 
20150622154329 -5.3007627 2.6599581 1.0055647 1.174083 -0.3484986 1.0424415 999.88 
20150622154329 -5.990891 1.6633717 0.108936176 1.0512991 -0.43249258 0.99387777 999.88 
20150622154329 -7.60997 0.24480712 -1.5328877 0.86315256 -0.28588495 0.75655663 999.88 
20150622154329 -8.50181 -0.7769185 -1.9003977 0.8032878 0.22174409 0.40378192 999.88 
20150622154329 -9.276335 -1.4616601 -1.4329298 0.88208944 0.7467828 0.21502456 999.88 
20150622154329 -9.97185 -1.8974048 -2.0638018 1.1163563 0.7049385 0.094989546 999.88 
20150622154329 -10.430939 -1.4736311 -2.4642322 1.2739595 0.24037547 -0.033292156 999.88 
20150622154329 -10.78947 -0.5129577 -1.3377602 1.3164146 -0.059253927 -0.10567969 999.88 
20150622154329 -11.095928 0.16220717 0.7344214 1.162782 -0.2574797 -0.01985312 999.88 
20150622154329 -10.961852 0.36511576 2.3540988 1.0216721 -0.5018258 0.1386664 999.88 
20150622154329 -11.039065 0.33518824 2.3558946 0.82986045 -0.70371675 0.37843102 999.88 
20150622154329 -12.609063 0.7236475 2.0135236 0.65118235 -0.7458665 0.5216789 999.88 
20150622154329 -13.76247 -0.25438392 -3.8265328 0.38515055 -0.56382865 0.4370741 999.88 
20150622154329 -12.977172 0.320823 -8.118738 -0.0018325958 -0.12736541 0.43249258 999.94 
20150622154329 -10.887632 2.0853498 -7.049727 -0.113926366 0.99387777 0.6814202 999.94 
20150622154329 -10.839748 2.7605145 -7.0754647 -0.42302418 1.5537357 1.1527027 999.94 
20150622154329 -10.088568 2.861071 -9.271546 -0.559858 0.7144069 1.2012665 999.94 
20150622154329 -11.475409 1.6250644 -9.272743 -0.3368922 0.15485434 1.0983357 999.94 
20150622154329 -11.390414 1.5346833 -5.555745 0.28313604 0.23518312 0.8579602 999.94 
20150622154329 -9.275736 2.5845408 -1.7543513 0.70096785 -0.1441642 0.47525316 999.94 
20150622154329 -7.5644803 3.17531 -0.85891986 0.7626653 -0.7153232 0.06414085 999.94 
20150622154329 -7.270592 3.9085343 -1.3030443 0.2837469 -1.3121386 -0.3231477 999.94 
20150622154329 -7.896077 4.019266 -2.5623944 0.0015271631 -0.84788096 -0.5329799 999.95 
20150622154329 -8.08462 3.2172086 -4.2060137 -0.14844026 -0.08735373 -0.6478226 999.95 
20150622154329 -7.4202294 1.3299791 -4.596867 -0.3295618 0.43585235 -0.75411314 999.95 
20150622154329 -6.963536 -1.0606314 -3.1549592 -0.5864306 0.5907067 -0.90194255 999.95 
20150622154329 -6.9383965 -3.063381 -1.7675194 -0.75961095 0.45631635 -1.006095 999.95 
20150622154329 -7.2729864 -4.173692 -0.7787141 -0.7464773 0.0290161 -1.0369438 999.95 
20150622154329 -7.675811 -4.095282 -0.46567222 -0.68630713 -0.27580565 -0.9828822 999.95 
20150622154329 -8.136096 -2.939481 -0.415394 -0.6606508 -0.3481932 -0.86284715 999.95 
20150622154329 -8.342596 -1.5394717 -0.6242881 -0.77304995 -0.32406402 -0.56169057 999.95 
20150622154329 -8.53054 -0.5805939 -0.6572084 -0.84329945 -0.09621128 -0.17928895 999.89 
20150622154329 -9.163208 -0.16819267 -0.8050503 -0.8588765 0.03023783 0.15974127 999.89 
20150622154330 -9.630676 -0.11432313 -0.6715736 -0.84574294 -0.022602014 0.24373524 999.89 
20150622154330 -9.586982 -0.56203884 0.5069722 -0.840856 -0.269697 0.19639318 999.89 
20150622154330 -9.106945 -0.5434838 2.815581 -0.83260936 -0.4605924 0.12858713 999.89 
20150622154330 -9.367912 -0.17896658 4.8775873 -0.7425067 -0.7473936 0.115453534 999.89 
20150622154330 -10.9582615 -0.1352724 5.145139 -0.516792 -0.9398162 0.047036625 999.89 
20150622154330 -12.546814 -0.985214 3.3512838 -0.2556471 -0.82558435 -0.27122417 999.89 
20150622154330 -12.225991 -2.03567 0.13946225 -0.10903945 -0.34666604 -0.6215554 999.89 
20150622154330 -12.304999 -2.4570496 -3.9558198 0.03023783 0.11759156 -0.8912524 999.93 
20150622154330 -12.268488 -2.64679 -3.9743748 0.16554448 0.56505036 -1.033584 999.93 
20150622154330 -11.452065 -3.019687 -4.32333 0.42424592 1.0341948 -1.0748174 999.93 
20150622154330 -10.125677 -3.098097 -6.39192 0.6627888 0.87689704 -1.0882565 999.93 
20150622154330 -9.791088 -1.359308 -9.336788 0.7101309 0.6105598 -1.0671816 999.93 
20150622154330 -9.915586 1.3754689 -8.528147 0.68539083 0.5748242 -0.9639453 999.93 
20150622154330 -10.853515 3.1705215 -6.4326215 0.24556783 0.75991637 -0.6747007 999.93 
20150622154330 -11.529877 2.1080947 -2.8473043 -0.28221974 0.46670106 -0.51923543 999.93 
20150622154330 -10.513538 -0.9223662 -1.8219875 -0.46395215 -0.0012217305 -0.27916542 999.93 
20150622154330 -9.698911 -4.0683475 -1.5951369 -0.24709499 -0.37415496 -0.12522738 999.86 
20150622154330 -9.335591 -6.4062853 -1.9812019 0.14080444 -0.5320636 9.162979E-4 999.86 
20150622154330 -9.317036 -7.4848733 -2.1260512 0.22082779 -0.40378192 0.1826487 999.86 
20150622154330 -9.035119 -5.807735 -2.3888147 0.26511553 -0.044898596 0.4642576 999.86 
20150622154330 -8.059482 -1.6843209 -2.5145104 0.38056904 0.19028452 0.80848014 999.86 
20150622154330 -7.503428 0.9044097 -1.8830396 0.56077427 0.31673363 1.022283 999.86 
20150622154330 -6.6840124 2.1888988 -0.9331401 0.72021013 0.28313604 1.1099422 999.86 
20150622154330 -5.7263317 2.5312698 0.2669535 0.8790351 0.05375614 1.0467176 999.86 
20150622154330 -5.439626 2.0231004 0.97384155 0.98471475 -0.18661933 0.981355 999.86 
20150622154330 -6.4763155 0.60333884 0.089782566 0.9896017 -0.2950479 0.81245077 999.86 
20150622154330 -7.687782 -0.49081135 -0.8463503 0.98837996 -0.10903945 0.6246097 999.86 
20150622154330 -8.265982 -0.49559975 -1.1815386 1.0048733 0.2443461 0.3652974 999.86 
20150622154330 -8.632295 -0.5710171 -1.0480618 1.0461067 0.61666846 0.18875736 999.86 
20150622154330 -9.418191 -0.9008184 -1.1905168 1.1102476 0.5815437 0.094989546 999.86 
20150622154330 -10.231023 -1.1306617 -2.0380642 1.1835514 0.3622431 0.038789943 999.86 
20150622154330 -10.617087 -0.7230489 -2.3546975 1.2269229 0.23060162 -0.0021380284 999.86 
20150622154330 -11.3167925 -0.062249243 -1.590947 1.1517864 0.19822577 0.011911872 999.86 
20150622154330 -12.270883 0.22505496 0.0011971008 0.9104946 0.07452556 0.12675454 999.86 
20150622154330 -12.010512 0.41120413 1.1911154 0.6236934 -0.095294975 0.2843578 999.91 
20150622154330 -12.835316 0.14784196 2.2409728 0.43799037 -0.27030787 0.45906523 999.91 
20150622154330 -13.798982 -1.763928 -0.8391677 0.39950588 -0.43982297 0.49357912 999.91 
20150622154330 -13.857639 -2.5743654 -7.016208 0.23945917 -0.535118 0.4071417 999.91 
20150622154330 -11.510124 0.021547815 -8.33242 0.16737708 0.07788532 0.6356053 999.91 
20150622154330 -10.398617 2.534861 -7.2394676 -0.19120082 1.1294898 1.1954633 999.91 
20150622154330 -9.096769 4.2078094 -7.8158712 -0.65179324 0.8374963 1.2437216 999.91 
20150622154330 -10.562021 4.8494554 -8.77834 -0.48930305 0.28344148 1.2348641 999.91 
20150622154330 -11.950658 4.103063 -6.6403184 0.2657264 0.12736541 1.0500773 999.91 
20150622154330 -11.021708 3.127426 -4.414908 0.91354895 -0.08857546 0.5170974 999.87 
20150622154330 -9.093777 2.184709 -2.8389246 0.9297369 -0.38423425 0.029932396 999.87 
20150622154330 -7.911041 2.4708161 -2.202067 0.3417791 -0.78954333 -0.4813618 999.87 
20150622154330 -7.0227923 3.3087866 -2.0967221 0.00580322 -0.67073005 -0.659429 999.87 
20150622154330 -6.595427 3.3321302 -2.6910827 -0.17195857 -0.4184427 -0.6753115 999.87 
20150622154330 -6.551733 1.6472107 -3.6469676 -0.2883284 -0.2134974 -0.7180721 999.87 
20150622154330 -6.3063273 -0.6799533 -3.1962593 -0.45356745 -0.022907447 -0.8622363 999.87 
20150622154331 -6.2746043 -2.6593595 -1.8022354 -0.5674938 0.10048734 -0.9828822 999.87 
20150622154331 -6.6056023 -3.9109285 -0.7074866 -0.5900958 -0.05375614 -0.9837985 999.87 
20150622154331 -7.261614 -4.1695023 -0.18734628 -0.5360342 -0.29443705 -0.9596693 999.93 
20150622154331 -8.49343 -3.515885 -0.6721721 -0.5363397 -0.42302418 -0.768163 999.93 
20150622154331 -9.651626 -2.4343045 -1.1145009 -0.61850107 -0.32895094 -0.4370741 999.93 
20150622154331 -9.263166 -1.091756 -1.2120646 -0.70280045 -0.016187929 -0.094989546 999.93 
20150622154331 -9.403227 0.07182605 -0.8367735 -0.745561 0.13591751 0.15790866 999.93 
20150622154331 -9.176376 0.6362591 -0.6099229 -0.7699956 0.059253927 0.34116822 999.93 
20150622154331 -9.028535 0.31064767 0.6931214 -0.73639804 -0.16646078 0.3032946 999.93 
20150622154331 -8.775947 -0.34955344 2.171541 -0.6743952 -0.39858958 0.1881465 999.93 
20150622154331 -8.954913 -0.7739257 3.1962593 -0.52870387 -0.59559363 0.040011674 999.93 
