20150622155539 0.60693014 -5.3995233 -1.2892777 -0.2874121 0.4596761 0.14874569 999.52 
20150622155539 0.36272156 -5.1756654 -1.6873137 -0.0421497 0.50915617 -0.19425514 999.65 
20150622155539 0.91817635 -5.2798133 -1.5658079 0.061086524 0.22266038 -0.4578435 999.65 
20150622155539 1.1204864 -9.36492 -1.9620483 -0.17379116 0.03268129 -0.50854534 999.65 
20150622155539 2.509722 -14.695011 -1.7304093 -0.42485678 0.4596761 -0.5555819 999.65 
20150622155539 -1.0456676 -11.529877 2.3762453 -0.81581056 0.874759 -0.5314528 999.65 
20150622155539 -0.25797522 -8.892065 1.0720038 -1.1047498 1.2757921 -0.33200526 999.65 
20150622155539 0.58298814 -7.317279 0.29568392 -0.7846564 1.3652838 0.10170906 999.65 
20150622155539 0.8499416 -5.9262476 -0.770933 -0.5876524 1.276403 0.34055737 999.65 
20150622155539 -0.25438392 -6.667253 -0.83138657 -0.55680364 1.5112807 0.38789943 999.65 
20150622155539 -1.4856021 -9.03452 -0.7260417 -0.6206391 1.5225816 0.12522738 999.49 
20150622155539 -1.7729063 -11.490373 0.3333926 -0.7846564 1.3600914 -0.21227567 999.49 
20150622155539 -0.7146692 -10.184934 1.822586 -0.840856 1.3799446 -0.26175576 999.49 
20150622155539 0.58119243 -8.290522 1.1875241 -0.7620544 1.491733 -0.09560041 999.49 
20150622155539 0.7990648 -7.439383 0.83138657 -0.50915617 1.4404203 0.108123146 999.49 
20150622155539 1.2324153 -8.111555 1.6466122 -0.32528573 1.3701707 0.03573562 999.49 
20150622155539 0.16938977 -9.112331 2.0440497 -0.27397305 1.3420709 -0.1386664 999.49 
20150622155539 -1.4197617 -9.32781 1.3425486 -0.2171626 1.312444 -0.34972036 999.49 
20150622155539 -2.1272483 -9.43076 0.6679823 -0.1441642 1.3643675 -0.4709771 999.49 
20150622155539 -1.3904326 -8.926781 0.8403648 -0.17623462 1.5683966 -0.355829 999.53 
20150622155539 -0.89902276 -8.011598 0.4357447 -0.2843578 1.690875 -0.15271631 999.53 
20150622155539 -2.285864 -8.89805 0.54288524 -0.3594942 1.6441438 -0.14385876 999.53 
20150622155539 -2.7353754 -10.656591 0.86729956 -0.41538838 1.3857478 -0.40286562 999.53 
20150622155539 -2.734777 -12.042236 -0.45489833 -0.4896085 1.0668762 -0.4596761 999.53 
20150622155539 -3.3979707 -14.039598 -0.46507367 -0.6795876 0.7101309 -0.4343252 999.53 
20150622155539 -3.2962172 -12.950237 -0.27234045 -0.8524625 0.56688297 -0.3830125 999.53 
20150622155540 -2.3187842 -12.187684 -1.1839328 -0.84329945 0.23915374 -0.2275473 999.53 
20150622155540 -1.234211 -12.720992 -2.789245 -0.7312057 -0.087659165 0.25289822 999.53 
20150622155540 0.5542577 -13.300389 -2.8951883 -0.20922135 -0.25809056 0.6068946 999.53 
20150622155540 4.2383356 -13.491925 -0.8098387 0.57696223 -0.4334089 0.97066486 999.53 
20150622155540 4.7866077 -15.35222 -1.1372458 0.85062987 -0.6927212 1.2938126 999.53 
20150622155540 3.6643257 -12.023083 -3.1040826 1.0680978 -0.66523224 1.3151928 999.53 
20150622155540 1.941099 -11.689092 -1.673547 1.3643675 -0.6575964 0.9416488 999.53 
20150622155540 -1.0324994 -12.914324 -0.24839842 1.4468343 -0.5662721 0.6597345 999.53 
20150622155540 -4.677073 -13.825317 -1.1779473 1.2614367 -0.3359759 0.09682214 999.53 
20150622155540 -2.3020248 -10.934917 -1.3706805 1.4181237 -0.593761 -0.27122417 999.53 
20150622155540 -1.3449428 -7.309498 -0.9504981 1.4272866 -0.7602218 0.032375857 999.53 
20150622155540 -0.87089086 -5.731719 -0.31304187 1.5632042 -1.1322387 0.21471913 999.59 
20150622155540 0.10354923 -6.1064115 -0.14425065 1.6462818 -1.9834795 0.0030543262 999.59 
20150622155540 1.436521 -6.3302693 -0.16759412 1.4074335 -2.8542678 -0.14935656 999.59 
20150622155540 1.9764135 -5.9238534 0.18375498 1.2357804 -2.8487701 -0.038789943 999.59 
20150622155540 1.9099745 -4.943428 1.0791864 0.915687 -2.5427265 0.09285152 999.59 
20150622155540 1.4269443 -4.4861355 1.8022354 0.50426924 -2.1881194 0.3295618 999.59 
20150622155540 0.8230068 -4.4304705 2.4654293 0.25442538 -1.8310685 0.48288897 999.59 
20150622155540 0.012569559 -6.539762 3.304597 0.1908954 -1.4150693 0.4859433 999.59 
20150622155540 -1.3623008 -7.542334 4.368221 0.129198 -1.1734722 0.39614612 999.59 
20150622155540 -2.0350714 -8.394072 5.203199 -0.0125227375 -1.0207558 0.3408628 999.63 
20150622155540 -2.1021092 -9.02614 4.908712 -0.0729984 -0.8219192 0.3115413 999.63 
20150622155540 -1.4167689 -9.500791 3.0693667 0.08093964 -0.5552765 0.28130344 999.63 
20150622155540 0.095169514 -11.316195 1.6950948 0.41447207 -0.35979962 0.2171626 999.63 
20150622155540 -0.038307227 -13.405135 2.5121162 0.4550946 -0.3304781 0.08307768 999.63 
20150622155540 2.2080526 -12.034455 4.9146976 0.25717425 -0.6270532 -0.111177474 999.63 
20150622155540 3.2004492 -15.218144 4.735731 -0.20769419 -0.9673051 -0.33750305 999.63 
20150622155540 1.5658079 -17.81346 4.437054 -0.046120327 -1.255328 -0.58459806 999.63 
20150622155540 2.219425 -12.541427 2.593519 0.38148534 -1.0112875 -0.6817256 999.63 
20150622155540 3.6577415 -14.01027 -2.3720553 0.35033122 -0.9294315 -0.47678033 999.5 
20150622155540 1.0755951 -12.507908 -2.308609 0.20066923 -0.5681047 -0.03756821 999.5 
20150622155540 1.6639702 -6.5403605 -0.7170634 0.18661933 0.13439035 0.19792034 999.5 
20150622155540 -0.15023616 -6.670246 -1.5849615 -0.16829337 0.72265357 0.18875736 999.5 
20150622155540 -0.53450555 -6.0758853 -2.8365304 0.0076358155 0.60231316 -0.22082779 999.5 
20150622155540 0.45789108 -4.8883615 -3.383007 0.355829 0.44715336 -0.514654 999.5 
20150622155540 1.6478093 -5.593454 -1.9728222 -0.13194689 0.50488013 -0.31612277 999.5 
20150622155540 3.0119057 -10.022128 -1.1935096 -0.6780604 0.70432764 -0.27550024 999.5 
20150622155540 3.3824084 -13.663709 0.7811083 -1.1976013 0.80481493 -0.3494149 999.5 
20150622155540 0.3824737 -11.792641 2.1350293 -1.4428637 0.91507614 -0.3145956 999.49 
20150622155540 -0.3196259 -9.268554 0.18914193 -1.106277 1.4407257 -0.14019357 999.49 
20150622155540 -0.33159694 -7.2472486 -0.6847417 -0.68936145 1.7201965 0.16768251 999.49 
20150622155540 0.28790274 -6.125565 -0.28311434 -0.66981375 1.7650951 0.41722095 999.49 
20150622155540 -0.7308301 -6.807314 -0.7092823 -0.8897252 1.9187278 0.3857614 999.49 
20150622155540 -1.9333179 -9.091382 -0.22625206 -0.904386 1.9034561 0.13591751 999.49 
20150622155540 -2.5145104 -11.258135 0.6913257 -0.7834347 1.8726074 -0.2932153 999.49 
20150622155540 -0.6679823 -8.859743 0.85173726 -0.68325275 1.7232509 -0.37659842 999.49 
20150622155540 0.39564183 -7.60578 1.228824 -0.5421429 1.6313156 -0.15027285 999.49 
20150622155540 1.0319009 -7.8224554 1.2988545 -0.41386122 1.5060883 -0.12522738 999.49 
20150622155540 0.8774749 -8.459313 1.2904748 -0.26206118 1.3182472 -0.31764993 999.49 
20150622155540 -0.17537527 -9.374496 1.9512744 -0.32650748 1.1328496 -0.52473325 999.49 
20150622155541 -1.2036849 -9.923966 0.9032126 -0.38912117 1.2379184 -0.6411031 999.49 
20150622155541 -1.8495208 -9.577405 0.18255788 -0.34330627 1.3301591 -0.6001751 999.49 
20150622155541 -2.0841527 -9.1255 -0.011971008 -0.36071593 1.4761559 -0.37048978 999.49 
20150622155541 -2.9831753 -11.432912 -0.3645172 -0.48991394 1.3500122 -0.25289822 999.49 
20150622155541 -3.8139634 -13.821727 -0.90740246 -0.5992588 1.0106765 -0.31215215 999.49 
20150622155541 -2.9502552 -12.639589 -1.01574 -0.7272351 0.72784597 -0.37751472 999.49 
20150622155541 -1.7304093 -11.704654 -1.661576 -0.7666359 0.38973203 -0.19883664 999.51 
20150622155541 -1.4431051 -12.562975 -3.3662477 -0.7489208 -0.19058995 0.3643811 999.51 
20150622155541 0.7074866 -13.426683 -2.3864205 -0.4654793 -0.45753807 0.66767573 999.51 
20150622155541 4.2999864 -14.469358 -0.82360536 0.20250183 -0.65057147 1.0760391 999.51 
20150622155541 6.3512187 -17.406445 -0.43993455 0.8396343 -0.7415904 1.5253305 999.51 
20150622155541 5.4474072 -14.601638 -2.0626047 1.0152581 -0.8790351 1.6258179 999.51 
20150622155541 4.249708 -11.504139 -2.517503 1.3338243 -0.84940815 1.2428054 999.51 
20150622155541 1.1150994 -11.444284 -0.688333 1.6383406 -0.66156703 0.8552113 999.51 
20150622155541 -3.8480806 -13.0442095 -0.90500826 1.352761 -0.29046643 0.22388211 999.51 
20150622155541 -3.3387144 -12.02009 -1.1115081 1.3561208 -0.33108896 -0.2144137 999.48 
20150622155541 -1.5077485 -8.488642 -1.2737153 1.3494014 -0.39645153 -0.10354166 999.48 
20150622155541 -1.6962919 -6.4008985 -0.078410104 1.4624114 -0.5900958 0.36193767 999.48 
20150622155541 -1.2378023 -6.4589577 0.6560113 1.6056592 -1.5812247 0.2171626 999.48 
20150622155541 0.6548142 -6.7708025 0.16160862 1.6056592 -2.593123 0.047647487 999.48 
20150622155541 1.7962499 -6.700772 -0.10354923 1.3869696 -3.0607402 0.20158553 999.48 
20150622155541 2.0919337 -5.78918 0.4321534 1.0763446 -2.6493225 0.32589662 999.48 
20150622155541 1.8728642 -4.410718 1.4814123 0.7266242 -2.2779164 0.410196 999.48 
20150622155541 1.270124 -3.1352072 2.3756466 0.3390302 -2.060143 0.46883908 999.48 
20150622155541 0.25558102 -5.0212393 3.0579941 0.122478485 -1.6804903 0.35888332 999.51 
20150622155541 -0.6063316 -6.1542954 4.5543704 0.01038471 -1.2742649 0.1695151 999.51 
20150622155541 -1.2773066 -7.723695 5.514445 -0.0870483 -1.0210613 0.10323623 999.51 
20150622155541 -2.5755625 -9.365519 4.518457 -0.11911872 -0.81306165 0.016187929 999.51 
20150622155541 -2.212841 -10.246585 1.7860745 0.15699236 -0.48533243 -0.047647487 999.51 
20150622155541 0.60812724 -12.467805 1.7788919 0.47494772 -0.20738874 0.020463986 999.51 
20150622155541 0.9283517 -12.9652 3.764882 0.5122105 -0.25992316 0.21074851 999.51 
20150622155541 3.9863458 -12.633005 5.923255 0.024740042 -0.68630713 0.13103059 999.51 
20150622155541 3.2477345 -15.9022875 4.859032 -0.38423425 -1.0231993 -0.090713486 999.51 
20150622155541 1.210269 -16.61217 3.4117374 -0.22479841 -0.9993755 -0.24801129 999.52 
20150622155541 3.928885 -14.302961 1.7178397 0.38056904 -0.68661255 -0.6921103 999.52 
20150622155541 2.4211364 -16.051926 -1.934515 0.42913285 -0.72784597 -0.5555819 999.52 
20150622155541 2.3906105 -10.581773 -0.2208651 0.52534413 -0.2874121 -0.32498032 999.52 
20150622155541 0.3878607 -6.4242415 -0.27832595 -0.119729586 0.3491095 -0.07880162 999.52 
20150622155541 -1.5227122 -6.299743 -2.2140381 -0.38453966 0.5681047 -0.09193522 999.52 
20150622155541 -1.6687586 -5.381567 -3.5565867 0.29565877 0.569021 -0.48075095 999.52 
20150622155541 -0.31364042 -5.367202 -4.220978 0.4541783 0.6215554 -0.58184916 999.52 
20150622155541 1.2258313 -5.895123 -2.9861681 -0.093462385 0.53878313 -0.419359 999.52 
20150622155541 2.8904 -9.185355 -0.7398083 -0.945314 0.61300325 -0.2773328 999.52 
20150622155541 4.2461166 -13.008895 2.5737667 -1.59558 0.66553766 -0.2910773 999.52 
20150622155541 1.0827777 -13.566145 3.8486793 -1.7073684 0.60994893 -0.30176744 999.52 
20150622155541 0.15023616 -9.55885 -0.035314474 -1.2040154 0.872621 -0.2275473 999.52 
20150622155541 0.36870706 -6.4020953 -1.335366 -0.5299256 1.2366967 0.20158553 999.52 
20150622155541 0.5327099 -5.592855 -0.53570265 -0.5403103 1.5170839 0.37782016 999.52 
20150622155541 -0.5009867 -7.013814 -0.2657564 -0.8906415 1.6184875 0.34574974 999.52 
20150622155541 -1.3186066 -9.476251 0.21188685 -0.94714653 1.6447546 0.03268129 999.52 
20150622155542 -1.6639702 -10.588956 0.74639237 -0.7666359 1.6609426 -0.27977628 999.52 
20150622155542 -0.2813187 -8.545505 0.8194155 -0.6215554 1.5027285 -0.34574974 999.51 
20150622155542 0.038307227 -7.967903 0.79367787 -0.50426924 1.3756685 -0.19456059 999.51 
20150622155542 0.28550854 -8.768764 1.3359646 -0.42943826 1.3066407 -0.2761111 999.51 
20150622155542 -0.6206968 -10.155006 1.6765398 -0.42149702 1.169807 -0.3933972 999.51 
20150622155542 -0.43993455 -10.5123415 1.8956091 -0.4269948 1.0870347 -0.47952923 999.51 
20150622155542 0.093972415 -9.69951 1.6238673 -0.3213151 1.1603385 -0.4578435 999.51 
20150622155542 -1.3994108 -8.947132 0.7380127 -0.2507602 1.3002267 -0.2415972 999.51 
20150622155542 -3.7630866 -9.792285 0.85532856 -0.3036 1.396438 -0.1518 999.51 
20150622155542 -5.4881086 -11.686697 -0.002992752 -0.45051312 1.4950926 -0.1740966 999.51 
20150622155542 -5.917868 -13.560759 -1.1653777 -0.5571091 1.2904528 -0.20799962 999.59 
20150622155542 -3.369839 -12.0967045 -1.6214731 -0.5983425 0.83169305 -0.22876903 999.59 
20150622155542 -1.2802993 -11.373056 -1.3838485 -0.59712076 0.23396139 0.038179077 999.59 
20150622155542 -1.4682442 -12.202647 -2.7419596 -0.6041457 -0.37110063 0.48563787 999.59 
20150622155542 1.1426327 -13.187263 -3.2004492 -0.19547687 -0.9224065 0.81000733 999.59 
20150622155542 5.716755 -14.250289 -1.5783775 0.29779682 -1.1908818 1.0797043 999.59 
20150622155542 8.329428 -18.880674 -0.3842694 0.89980453 -1.0601566 1.6285667 999.59 
20150622155542 5.810129 -14.919468 -1.8686744 1.0622946 -0.97494096 1.625207 999.59 
20150622155542 3.6230257 -11.12406 -2.5594015 1.3481796 -1.112691 1.0711522 999.59 
20150622155542 0.2633622 -11.66874 -0.90500826 1.5867225 -0.7180721 0.74036866 999.39 
20150622155542 -3.8857894 -12.657546 -0.58657944 1.3115277 -0.33628133 0.12339478 999.39 
20150622155542 -3.0843303 -11.558009 -0.8834604 1.31672 -0.29229903 -0.28588495 999.39 
20150622155542 -1.2348095 -8.110957 -1.0851719 1.310306 -0.4352415 -0.10720685 999.39 
20150622155542 -1.6849195 -6.0848637 -0.095169514 1.4437801 -0.48899764 0.32528573 999.39 
20150622155542 -1.5646108 -5.592855 0.7541735 1.6123788 -1.3631458 0.113926366 999.39 
20150622155542 -0.0712275 -6.007651 0.48602295 1.5641204 -2.670703 0.005497787 999.39 
20150622155542 1.2431892 -6.2303114 0.19093758 1.3316863 -3.0500503 0.061086524 999.39 
20150622155542 1.6711528 -5.21936 1.3748703 1.0088439 -2.7275133 0.14996742 999.39 
20150622155542 1.7615339 -4.2916064 2.1230583 0.56321776 -2.2736404 0.2519819 999.57 
20150622155542 1.2868834 -4.3981485 2.4013844 0.21197024 -1.93797 0.30879238 999.57 
20150622155542 -0.10474633 -5.925649 3.0268695 0.028710667 -1.3805555 0.27397305 999.57 
20150622155542 -0.6428431 -6.8665705 4.7189717 -0.14446963 -1.0326678 0.18478674 999.57 
20150622155542 -1.4395138 -8.409035 5.5180364 -0.34238997 -0.84116143 0.12461651 999.57 
20150622155542 -2.2062569 -10.635044 3.7720647 -0.39675698 -0.6957755 0.12583824 999.57 
20150622155542 -0.7110779 -11.33894 3.0322564 -0.17898351 -0.4831944 0.12889257 999.57 
20150622155542 1.751957 -13.976751 1.9859903 0.26389378 -0.12308934 0.27397305 999.57 
20150622155542 3.1531637 -13.648147 3.3261447 0.528093 -0.2932153 0.3753767 999.57 
20150622155542 4.7189717 -13.091495 4.699818 0.32253686 -0.75869465 0.22235495 999.64 
20150622155542 3.0556 -14.657902 4.4556093 -0.16646078 -0.9056077 -0.19150625 999.64 
20150622155542 1.1300632 -14.3813715 3.4991257 0.01985312 -0.82986045 -0.5681047 999.64 
20150622155542 0.6697779 -12.29243 2.1122844 0.21655174 -0.5018258 -0.8399397 999.64 
20150622155542 1.0630256 -13.708002 -0.92057055 0.33475417 -0.33261612 -0.7293731 999.64 
20150622155542 1.5466543 -12.316372 -2.5145104 0.36346483 0.061391957 -0.30909783 999.64 
20150622155542 1.8183962 -8.013991 -1.9859903 -0.0421497 0.49693888 0.27916542 999.64 
20150622155542 1.0935516 -6.0800753 -1.1438298 -0.38606682 0.86651236 0.40408736 999.64 
20150622155542 -0.3417723 -7.2101383 -2.7515364 -0.13622294 0.84238315 0.093462385 999.64 
20150622155542 0.16998832 -7.018004 -2.8072014 0.10781772 0.61422503 -0.3830125 999.52 
20150622155542 1.7118542 -6.8384385 -1.4514848 -0.20341812 0.95478237 -0.36132678 999.52 
20150622155542 2.682703 -8.447941 -0.49919105 -0.6301075 1.099252 -0.2932153 999.52 
20150622155543 2.35769 -10.778097 0.4285621 -1.03786 1.1362094 -0.39522982 999.52 
20150622155543 0.0676362 -12.006922 1.4754268 -1.0235047 1.1728612 -0.5366451 999.52 
20150622155543 -1.2683283 -11.040262 0.6985083 -0.8197812 1.3613132 -0.40500367 999.52 
20150622155543 -0.20350714 -7.216124 0.05746084 -0.5311473 1.5528195 0.12889257 999.52 
20150622155543 0.40462008 -6.105813 -0.108337626 -0.58184916 1.8029687 0.5946773 999.52 
20150622155543 -0.9115923 -7.023989 -0.54408234 -0.7467828 1.9669861 0.64599 999.52 
20150622155543 -2.7778726 -9.376891 0.320823 -0.7058548 2.0387628 0.3726278 999.53 
20150622155543 -3.4099417 -11.190498 0.973243 -0.5928447 1.9865338 -0.04917465 999.53 
20150622155543 -1.1498153 -8.683171 1.0241197 -0.48533243 1.6264287 -0.23243423 999.53 
20150622155543 -0.3854665 -7.7584105 1.2521675 -0.43035457 1.3564262 -0.1469131 999.53 
20150622155543 0.53211135 -7.8410106 1.7172412 -0.35613444 1.3084733 -0.11942416 999.53 
20150622155543 0.7823054 -8.340201 2.4169466 -0.34055737 1.1371256 -0.30634892 999.53 
20150622155543 -0.52732295 -8.945934 2.0536265 -0.35705075 1.0274754 -0.49449542 999.53 
20150622155543 -1.7956513 -9.202713 1.3461399 -0.3820962 1.0958922 -0.627664 999.53 
20150622155543 -2.4037786 -9.322423 0.6733692 -0.35002577 1.1835514 -0.70554936 999.53 
20150622155543 -2.8281507 -10.4405155 0.93732995 -0.4279111 1.260215 -0.49541172 999.62 
20150622155543 -3.139397 -11.692682 0.078410104 -0.602924 1.1985176 -0.3023783 999.62 
20150622155543 -3.952827 -13.857639 -0.30885202 -0.70738196 0.93401295 -0.20372356 999.62 
20150622155543 -3.064578 -13.722367 -0.41958386 -0.7846564 0.7440339 -0.12797627 999.62 
20150622155543 -1.7477672 -12.156559 -0.84814596 -0.5653558 0.3717115 0.121256754 999.62 
20150622155543 -1.412579 -12.634801 -3.4033577 -0.41722095 -0.17715092 0.48288897 999.62 
20150622155543 1.2318168 -13.224972 -3.3345244 -0.009773844 -0.3885103 0.8219192 999.62 
20150622155543 5.149928 -13.673884 -0.9540894 0.6945538 -0.57604593 1.1191051 999.62 
20150622155543 6.9132576 -17.318459 -0.7290344 1.0445796 -0.82436264 1.4480561 999.62 
20150622155543 4.4645877 -13.928268 -1.584363 1.0626001 -0.82894415 1.3530666 999.4 
20150622155543 2.5899277 -11.560403 -2.5408466 1.4019357 -0.6942484 0.8940013 999.4 
20150622155543 -0.23044191 -11.818378 -1.2030864 1.5589281 -0.3371976 0.45570546 999.4 
20150622155543 -4.055179 -11.471817 -1.0109516 1.4428637 0.13225232 0.025045475 999.4 
20150622155543 -2.7090392 -8.810662 -0.5955577 1.5622878 0.020463986 -0.30940324 999.4 
20150622155543 -2.0296845 -6.8785415 0.034715924 1.4059063 -0.13591751 -0.093462385 999.4 
20150622155543 -1.271321 -6.0758853 0.75118077 1.4440855 -0.4868596 0.1142318 999.4 
20150622155543 0.046686932 -5.6281695 1.1492168 1.5430456 -1.543351 0.007941248 999.4 
20150622155543 0.7715315 -5.9920883 1.1881226 1.4697418 -2.1859813 -0.06352998 999.4 
20150622155543 0.95827925 -5.9424086 1.6065093 1.0867293 -2.4666739 -0.01282817 999.59 
20150622155543 0.7685388 -5.1140146 2.3104045 0.677755 -2.1817052 0.047647487 999.59 
20150622155543 0.12868834 -4.4155064 2.9843724 0.36926803 -1.7938058 0.11789699 999.59 
20150622155543 -0.40940848 -5.3845596 3.323152 0.03023783 -1.4743233 0.13530666 999.59 
20150622155543 -1.4149733 -6.9126587 4.000711 -0.17104226 -1.042747 0.1133155 999.59 
20150622155543 -2.32058 -7.9421654 4.9643774 -0.2556471 -0.8170323 0.11026118 999.59 
20150622155543 -1.584363 -8.6257105 4.711789 -0.33414328 -0.86009824 0.052839845 999.59 
20150622155543 -0.58418524 -9.2069025 3.525462 -0.06994407 -0.91782504 0.10903945 999.59 
20150622155543 0.80445176 -11.841123 2.1404164 0.22510384 -0.7993172 0.13347405 999.59 
20150622155543 1.2162545 -13.733141 2.3427265 0.34147367 -0.60139686 0.11759156 999.63 
20150622155543 0.55605334 -11.865065 4.0162735 0.24678956 -0.6441574 0.09254608 999.63 
20150622155543 4.0779243 -11.323976 4.72376 -0.10751228 -0.88208944 0.016493361 999.63 
20150622155543 1.9512744 -14.875175 4.3957543 -0.26267207 -1.3151928 -0.03145956 999.63 
20150622155543 1.6639702 -14.631565 3.0083144 0.23457226 -1.3130548 -0.33078352 999.63 
20150622155543 0.83258367 -12.243349 1.2916719 0.52687126 -1.104139 -0.48258355 999.63 
20150622155543 3.0322564 -14.533402 -0.25438392 0.4370741 -0.76052725 -0.2706133 999.63 
20150622155543 2.0296845 -14.410102 -1.127669 0.1142318 -0.13744467 0.022602014 999.63 
20150622155543 1.7166426 -7.16824 -0.676362 0.015271631 0.16249016 0.28955013 999.63 
20150622155544 -0.48243165 -6.6247563 -2.4624364 -0.080634214 0.49968776 0.23732115 999.52 
20150622155544 -1.2000936 -5.7083755 -3.5745432 0.3484986 0.3885103 -0.41996986 999.52 
20150622155544 0.21906945 -5.346851 -2.255338 0.36560285 0.36163223 -0.6264423 999.52 
20150622155544 1.7663223 -8.588001 -0.6290765 -0.30268374 0.24373524 -0.4334089 999.52 
20150622155544 4.1718965 -13.480553 0.44472298 -1.0155635 0.35277468 -0.3005457 999.52 
20150622155544 1.5819688 -14.068928 1.7232267 -1.2687671 0.50579643 -0.24190263 999.52 
20150622155544 -0.12988544 -10.751761 1.3180081 -1.3127494 0.68111473 -0.23671028 999.52 
20150622155544 0.26156655 -7.994838 -0.029927522 -0.9691377 1.3420709 0.018020526 999.52 
20150622155544 0.7380127 -5.6545057 -0.207697 -0.5479461 1.7947221 0.39858958 999.52 
20150622155544 -0.02813187 -5.4354362 -0.5129577 -0.58123827 1.8713857 0.44501534 999.46 
20150622155544 -1.8297687 -7.45734 -0.4417302 -0.71929383 1.7941113 0.19975294 999.46 
20150622155544 -2.3642743 -10.186729 0.52852005 -0.81183994 1.6261233 -0.22052236 999.46 
20150622155544 -2.1877017 -9.793482 1.7160441 -0.86467975 1.6410894 -0.37415496 999.46 
20150622155544 -1.2431892 -7.759608 1.4748282 -0.7687739 1.6875153 -0.33628133 999.46 
20150622155544 -0.30107087 -7.32506 1.5412674 -0.5329799 1.5326608 -0.14538592 999.46 
20150622155544 0.2885013 -8.287529 1.8177977 -0.33322698 1.2745703 -0.15424347 999.46 
20150622155544 0.18854338 -9.31943 2.8485014 -0.2950479 0.9850202 -0.24709499 999.46 
20150622155544 -0.5021838 -10.020931 2.7192147 -0.3182608 0.88086766 -0.3744604 999.46 
20150622155544 -2.0841527 -9.624092 1.6867151 -0.2941316 0.92057395 -0.4156938 999.52 
20150622155544 -2.5306711 -8.330027 1.0977415 -0.2284636 1.0616838 -0.23579398 999.52 
20150622155544 -3.0340521 -8.711902 0.6967127 -0.32711834 1.1924089 -0.042455133 999.52 
20150622155544 -2.741361 -10.521918 0.29209262 -0.50732356 1.1227703 -0.013439035 999.52 
20150622155544 -2.7742813 -13.814544 -0.66858083 -0.66523224 0.71868294 -0.11575896 999.52 
20150622155544 -3.3572693 -15.298949 -1.2755109 -0.763887 0.24648413 -0.22388211 999.52 
20150622155544 -1.2509704 -13.257892 -1.5215151 -0.7703011 -0.07147124 -0.07666359 999.52 
20150622155544 -0.93493575 -12.481572 -3.3758245 -0.55924714 -0.52442783 0.5308419 999.52 
20150622155544 2.4971523 -13.257892 -2.532467 0.099265605 -0.6792821 0.86193085 999.52 
20150622155544 6.589442 -14.750677 0.06464344 0.63255095 -0.7086037 1.1496484 999.51 
20150622155544 6.2303114 -16.434399 -2.1266496 0.97005403 -0.6542367 1.6172657 999.51 
20150622155544 5.0960584 -11.600506 -3.2148144 1.1710287 -0.6096435 1.4123205 999.51 
20150622155544 1.6986861 -10.907384 -0.55725044 1.3988814 -0.5717699 0.9963212 999.51 
20150622155544 -3.6218286 -13.375807 -0.13347675 1.4391985 -0.310625 0.47403142 999.51 
20150622155544 -4.446631 -12.966398 -0.11492168 1.20371 -0.27366763 -0.4016439 999.51 
20150622155544 -1.5239093 -8.736442 -1.1474211 1.3784174 -0.28038713 -0.59315014 999.51 
20150622155544 -1.9458874 -6.2991447 -0.45549688 1.3753631 -0.2003638 -0.13805555 999.51 
20150622155544 -1.9794062 -5.5407815 1.2491747 1.5610662 -0.3484986 -0.18295415 999.51 
20150622155544 -0.21547815 -5.7239375 1.0169371 1.6355917 -1.7385225 -0.46181414 999.57 
20150622155544 1.4694413 -5.8358665 0.6290765 1.3677273 -2.734233 -0.28130344 999.57 
20150622155544 1.5310919 -5.985504 1.0444705 1.1407908 -2.398257 -0.04184427 999.57 
20150622155544 1.1659763 -5.8532248 2.0470424 0.7107417 -1.9178114 0.17256944 999.57 
20150622155544 0.97862995 -5.1666875 2.5169046 0.26633725 -1.6325374 0.35308012 999.57 
20150622155544 0.21787235 -4.0462008 2.4331074 0.059253927 -1.3200798 0.4111123 999.57 
20150622155544 -0.93134445 -6.1117983 2.6515784 -0.08399397 -0.96761054 0.3378085 999.57 
20150622155544 -1.8483237 -6.969521 4.1683054 -0.21013765 -0.6432411 0.18661933 999.57 
20150622155544 -2.5737667 -9.123106 5.439028 -0.39522982 -0.6218608 0.076052725 999.57 
20150622155544 -2.2188265 -10.748769 5.507861 -0.41599923 -0.67347896 0.009162978 999.68 
20150622155544 -0.13347675 -11.232996 3.6619315 0.0 -0.66859204 0.06719518 999.68 
20150622155544 2.9706059 -14.153922 2.9071593 0.49266282 -0.6197228 0.26725355 999.68 
20150622155544 2.866458 -12.937668 3.4290953 0.57971114 -0.54061574 0.35185838 999.68 
20150622155544 3.3087866 -12.641385 4.283227 0.28008172 -0.54519725 0.15821409 999.68 
20150622155545 -0.091578215 -17.07365 4.9302597 -0.044593163 -0.8268061 -0.16768251 999.68 
20150622155545 1.0546459 -13.418902 3.1711202 0.37110063 -0.79626286 -0.55955255 999.68 
20150622155545 0.25917232 -14.098257 -1.7818847 0.6563747 -0.79443026 -0.5684101 999.68 
20150622155545 1.1300632 -10.596737 -2.6162639 0.71593404 -0.61483586 -0.1518 999.68 
20150622155545 1.4347254 -5.9890957 -1.4664485 0.24281894 0.010995574 0.3417791 999.62 
20150622155545 -0.09756372 -6.545149 -1.3425486 -0.52320606 0.41416663 0.6246097 999.62 
20150622155545 -0.43993455 -6.7803793 -1.8722657 -0.32559118 0.39920044 0.27152961 999.62 
20150622155545 -0.51714754 -6.683414 -2.5677812 0.08246681 0.13530666 -0.3136793 999.62 
20150622155545 -0.521936 -8.371924 -2.3355439 -0.16768251 0.02076942 -0.50762904 999.62 
20150622155545 0.729633 -10.9103775 -0.6464345 -0.6105598 0.19028452 -0.55955255 999.62 
20150622155545 2.6150668 -12.127829 0.88765025 -1.1340714 0.37323865 -0.5045747 999.62 
20150622155545 1.1683705 -10.91756 2.5474305 -1.3399329 0.15118915 -0.2275473 999.62 
20150622155545 -0.06584055 -9.299079 1.0648212 -1.0506883 0.2666427 -0.06536258 999.62 
20150622155545 0.15083471 -7.395689 0.08559271 -0.7623598 0.48472157 0.21044308 999.44 
20150622155545 1.3215994 -5.5946507 -0.44232875 -0.6765333 0.61178154 0.47616947 999.44 
20150622155545 1.0881647 -5.393538 -0.61650693 -0.7840455 0.97310835 0.5155703 999.44 
20150622155545 0.21547815 -6.907272 -0.3788824 -0.8417723 1.1450669 0.28710666 999.44 
20150622155545 -0.729633 -9.901819 0.2208651 -0.79534656 1.1569787 -0.13041973 999.44 
20150622155545 -1.5873557 -11.192893 1.5233108 -0.6554584 1.0198395 -0.41905355 999.44 
20150622155545 -0.3405752 -9.444528 1.7669208 -0.537256 0.9950995 -0.39614612 999.44 
20150622155545 -0.090381116 -8.905233 1.1941081 -0.4428773 0.98440933 -0.20005837 999.44 
20150622155545 -0.47465047 -9.157223 1.8231846 -0.33292156 1.105666 -0.13164146 999.44 
20150622155545 -0.7236475 -9.172187 2.2942438 -0.3390302 1.2293663 -0.2012801 999.5 
20150622155545 -1.3479356 -8.798093 0.89184016 -0.45234573 1.2461652 -0.19792034 999.5 
20150622155545 -2.9484594 -9.316438 0.39025488 -0.44532076 1.3848315 -0.22968534 999.5 
20150622155545 -2.8461072 -10.962451 1.0881647 -0.505491 1.4126259 -0.28099802 999.5 
20150622155545 -2.4193408 -11.787852 0.31124622 -0.59437186 1.1246029 -0.22907446 999.5 
20150622155545 -3.7457285 -14.222755 -0.14963761 -0.6246097 0.70707655 -0.19364429 999.5 
20150622155545 -2.8389246 -13.51048 -0.076614454 -0.66431594 0.46181414 -0.19211712 999.5 
20150622155545 -1.3323733 -12.03266 -1.3796587 -0.6414085 0.3576616 0.043676864 999.5 
20150622155545 -0.37948096 -12.083536 -3.2357635 -0.25870144 -0.06291912 0.6010914 999.5 
20150622155545 2.1098902 -12.360066 -4.0342298 0.19853121 -0.22082779 0.91751957 999.52 
20150622155545 5.565322 -13.932458 -2.3666685 0.91324353 -0.44440445 1.2608259 999.52 
20150622155545 6.201581 -17.931374 -3.180697 1.201572 -0.56046885 1.5567901 999.52 
20150622155545 6.155493 -14.6998 -2.0338743 1.276403 -0.6722572 1.4886786 999.52 
20150622155545 2.1374235 -13.543401 0.55844754 1.2681563 -0.7901542 1.0476339 999.52 
20150622155545 -1.4077905 -13.675081 -0.05925649 1.2815952 -0.6227771 0.4111123 999.52 
20150622155545 -3.9552212 -13.459603 -0.7703344 1.3955216 -0.27091873 -0.24801129 999.52 
20150622155545 -1.8668787 -9.419388 -1.3018472 1.5125023 -0.10873401 -0.34666604 999.52 
20150622155545 -2.023699 -6.8144965 -1.2366052 1.3478742 0.16462818 0.17470746 999.52 
20150622155545 -1.9596541 -5.191228 0.037708677 1.4526376 0.13194689 0.25473082 999.49 
20150622155545 -0.29688102 -4.3819876 0.4369418 1.461495 -1.2797627 -3.0543262E-4 999.49 
20150622155545 0.9552865 -4.370615 0.5009867 1.2779301 -2.4437664 -0.12308934 999.49 
20150622155545 1.0923545 -4.097078 1.2886791 0.86529064 -2.6367998 -0.100792766 999.49 
20150622155545 0.6332663 -3.8295257 2.498948 0.49418998 -2.4010057 -0.04520403 999.49 
20150622155545 -0.37588966 -3.8456864 2.641403 0.22602014 -2.2595906 -0.021991149 999.49 
20150622155545 -0.61291564 -4.6740804 2.7724855 -0.053450707 -1.9382755 -0.007330383 999.49 
20150622155545 -0.8762778 -5.577293 3.2854433 -0.20616703 -1.2232577 0.040011674 999.49 
20150622155545 -1.5807717 -6.7731967 3.669114 -0.23426682 -0.73456544 -0.0027488936 999.49 
20150622155545 -2.1643584 -9.029732 3.8857894 -0.22999077 -0.55741453 -0.09560041 999.58 
20150622155546 -1.0923545 -11.723208 3.2626984 -0.014966198 -0.56199604 0.0036651916 999.58 
20150622155546 0.60693014 -16.56189 3.0532057 0.28588495 -0.6252206 0.2855795 999.58 
20150622155546 1.9183542 -17.399261 4.457405 0.3371976 -0.52015173 0.408058 999.58 
20150622155546 2.9233203 -10.912173 5.1397524 0.20616703 -0.22266038 0.52106804 999.58 
20150622155546 4.5274353 -9.39365 5.0421886 0.1518 -0.29932398 0.36468655 999.58 
20150622155546 1.572392 -14.469956 3.4452562 0.11484267 -0.55741453 0.064446285 999.58 
20150622155546 2.4528596 -14.796166 3.4745853 0.5348125 -0.74097955 -0.46914452 999.58 
20150622155546 0.7727286 -13.7367325 2.2278047 0.68752885 -0.6093381 -0.8604037 999.58 
20150622155546 0.6314707 -11.808802 2.6162639 0.46303585 -0.40744713 -0.6704246 999.51 
20150622155546 2.1960814 -11.128848 -0.6278794 -0.116980694 0.040317107 -0.29626966 999.51 
20150622155546 1.5891514 -9.752781 -2.8413188 -0.28038713 0.19792034 0.1695151 999.51 
20150622155546 1.316811 -6.959346 -3.448249 0.1695151 0.6429357 0.46792278 999.51 
20150622155546 -1.204882 -6.754043 -2.9562407 0.2275473 1.044885 0.069027774 999.51 
20150622155546 -1.7244238 -7.1275387 -1.8183962 0.18875736 0.76052725 -0.49541172 999.51 
20150622155546 -1.62686 -7.9086466 -0.9403227 -0.14294247 0.61483586 -0.6478226 999.51 
20150622155546 1.2180501 -11.097723 -0.06584055 -0.66675943 0.56046885 -0.4370741 999.51 
20150622155546 2.8119898 -12.3277445 0.19572599 -1.0241156 0.63285637 -0.18295415 999.51 
20150622155546 1.3000516 -9.738416 1.4502877 -1.0283916 0.51251596 -0.10598512 999.51 
20150622155546 0.6206968 -8.289924 1.3251907 -0.9282097 0.52412236 -0.033292156 999.51 
20150622155546 0.86131406 -7.015011 0.22146365 -0.6032294 0.8735373 0.17501289 999.51 
20150622155546 0.75237787 -6.075287 0.26276365 -0.5910121 1.0934488 0.2742785 999.51 
20150622155546 0.22445641 -6.179435 -0.14425065 -0.77732605 1.2748758 0.23976462 999.51 
20150622155546 -0.8218097 -7.650073 -0.3298013 -0.8509353 1.3833044 0.023518313 999.51 
20150622155546 -2.6737247 -11.0061455 1.2779051 -0.8735373 1.3845261 -0.24129178 999.51 
20150622155546 -1.780089 -9.138069 1.8806454 -0.86132 1.459357 -0.36132678 999.51 
20150622155546 -0.599149 -7.8996687 1.5454572 -0.66675943 1.4584408 -0.28680122 999.51 
20150622155546 -0.16101007 -8.413823 1.2389994 -0.3943135 1.2702943 -0.13072516 999.47 
20150622155546 -0.03232172 -9.326612 1.95307 -0.26908615 1.1707232 -0.20586158 999.47 
20150622155546 -0.16400282 -9.6845455 2.3355439 -0.22266038 1.1554517 -0.2773328 999.47 
20150622155546 -1.5975311 -9.010578 1.0013748 -0.18325958 1.149343 -0.31887165 999.47 
20150622155546 -2.9107506 -8.288726 0.74519527 -0.12797627 1.108415 -0.27091873 999.47 
20150622155546 -3.0550013 -8.5700445 0.42197806 -0.18997909 1.3179418 -0.18936823 999.47 
20150622155546 -2.7724855 -10.019135 1.1097125 -0.40653083 1.3084733 -0.0012217305 999.47 
20150622155546 -2.4887726 -11.814787 0.039504327 -0.5522222 0.9828822 0.0125227375 999.47 
20150622155546 -4.341286 -14.727932 0.516549 -0.6918049 0.44043383 -0.077579886 999.47 
20150622155546 -4.192846 -13.920487 0.011971008 -0.71593404 0.105374254 -0.13225232 999.59 
20150622155546 -1.9243397 -12.221801 -0.24540567 -0.6835582 -0.1255328 0.14813483 999.59 
20150622155546 -0.7266402 -11.990761 -3.3955765 -0.5204572 -0.4071417 0.72509706 999.59 
20150622155546 1.9387048 -12.257115 -3.9636009 -0.007330383 -0.5342017 0.91751957 999.59 
20150622155546 6.0483522 -13.236942 -1.8369513 0.6765333 -0.700357 1.0882565 999.59 
20150622155546 6.8132997 -17.038935 -2.842516 0.9459248 -0.82558435 1.2635747 999.59 
20150622155546 5.0541596 -14.296377 -1.7076644 1.0699304 -0.94225967 0.97066486 999.59 
20150622155546 1.9734207 -13.156737 0.10354923 1.2305881 -0.84574294 0.66614854 999.59 
20150622155546 -0.13706805 -13.697826 0.5793968 1.2840388 -0.7141015 0.3173445 999.59 
20150622155546 -2.8461072 -13.485341 -1.0803835 1.2415836 -0.3313944 -0.18051068 999.49 
20150622155546 -2.4169466 -11.163564 -1.3934253 1.4877623 0.06505715 -0.21899518 999.49 
20150622155546 -2.2134395 -8.572439 -0.58777654 1.3252722 0.17592919 0.08246681 999.49 
20150622155546 -1.2354081 -5.7646394 0.9864111 1.3503176 0.061086524 0.28771752 999.49 
20150622155546 0.29209262 -5.0254292 0.6889315 1.4712689 -1.094976 0.15821409 999.49 
20150622155546 0.88286185 -4.8584337 0.8619126 1.4532484 -2.186592 0.0421497 999.49 
20150622155547 1.027711 -4.371214 1.6250644 1.1682798 -2.339003 -0.07971791 999.49 
20150622155547 0.54887074 -4.0719385 2.2266076 0.80756384 -2.0839667 -0.16584991 999.49 
20150622155547 -0.12389994 -3.9803603 2.0931308 0.42241332 -1.7751744 -0.18295415 999.49 
20150622155547 -0.40761283 -5.0547585 2.328361 0.1853976 -1.3310753 -0.17562376 999.48 
20150622155547 -1.2018893 -5.710171 2.932897 -0.029626964 -0.981355 -0.121256754 999.48 
20150622155547 -2.1709423 -6.830059 3.7421372 -0.23335053 -0.6918049 -0.05955936 999.48 
20150622155547 -2.4133554 -8.640076 4.5657425 -0.33933565 -0.66737026 -0.1282817 999.48 
20150622155547 -1.5113398 -10.060435 4.43885 -0.29932398 -0.7538077 -0.08979719 999.48 
20150622155547 0.7445967 -11.906365 3.435081 -0.013133603 -0.82253003 0.12064589 999.48 
20150622155547 1.7890673 -14.507067 3.7062242 0.22602014 -0.63499445 0.35155296 999.48 
20150622155547 0.94211835 -14.244303 4.486734 0.27152961 -0.26908615 0.4251622 999.48 
20150622155547 3.6164417 -10.548853 5.85921 0.13255776 -0.2864958 0.3222314 999.48 
20150622155547 1.4000094 -14.3281 4.8722005 -0.092240654 -0.7296785 0.17440203 999.57 
20150622155547 0.6087258 -15.073296 4.1838675 0.34972036 -0.8979719 -0.30482176 999.57 
20150622155547 1.0229226 -12.4289 3.3063924 0.6105598 -0.82253003 -0.5510005 999.57 
20150622155547 0.42556936 -14.345458 1.1701661 0.52687126 -0.7519751 -0.3943135 999.57 
20150622155547 1.2078748 -12.745533 -0.789488 0.376293 -0.3371976 -0.13683382 999.57 
20150622155547 1.1677719 -7.81228 -2.1140802 0.16982053 -0.17654006 0.13164146 999.57 
20150622155547 -0.53809685 -7.3322425 -2.859874 -0.13530666 0.038789943 0.25259277 999.57 
20150622155547 -1.1647792 -7.1550717 -2.8568811 0.10720685 0.16890424 -0.25045475 999.57 
20150622155547 -0.9451111 -6.9246297 -2.9071593 0.098043874 0.13041973 -0.54458636 999.57 
20150622155547 -0.45010993 -7.2107368 -2.0326772 -0.2837469 -0.08552113 -0.4783075 999.51 
20150622155547 2.9855695 -10.586561 -0.0023942017 -0.906524 0.015271631 -0.24220806 999.51 
20150622155547 2.8275523 -12.491149 1.9387048 -1.3741413 0.12461651 -0.10354166 999.51 
20150622155547 0.8230068 -10.708666 2.582745 -1.4792101 0.14844026 -0.13744467 999.51 
20150622155547 0.94930094 -8.598776 0.52133745 -1.2092078 0.3585779 -0.13225232 999.51 
20150622155547 1.9069817 -6.261436 -0.76554596 -0.62949663 0.74220127 0.25411993 999.51 
20150622155547 1.7316064 -5.0284224 -0.64823014 -0.4972443 0.95905846 0.3998113 999.51 
20150622155547 0.41359833 -5.8238955 -0.8182184 -0.64873886 1.2269229 0.29993483 999.51 
20150622155547 -0.7224504 -8.533533 -0.8122329 -0.78984874 1.353372 -0.030543262 999.51 
20150622155547 -1.400608 -11.744158 0.26874915 -0.786489 1.4535538 -0.27183503 999.61 
20150622155547 -1.0043676 -10.348338 1.3491327 -0.77732605 1.6019942 -0.28863382 999.61 
20150622155547 0.36391866 -8.087613 0.92655605 -0.68294734 1.7507398 -0.113926366 999.61 
20150622155547 0.44232875 -7.992444 1.0582372 -0.4605924 1.7507398 0.13103059 999.61 
20150622155547 -0.034715924 -8.643068 1.6226702 -0.3323107 1.6893479 0.027488936 999.61 
20150622155547 -0.87328506 -9.470863 1.3365631 -0.3100141 1.625207 -0.13194689 999.61 
20150622155547 -1.8231846 -9.904214 1.1354501 -0.26908615 1.5760323 -0.34788775 999.61 
20150622155547 -1.8890251 -9.339182 0.8355764 -0.26725355 1.5989398 -0.47403142 999.61 
20150622155547 -1.6783354 -8.848371 0.45609543 -0.28710666 1.6475036 -0.3744604 999.61 
20150622155547 -2.31639 -9.248202 0.908001 -0.36835176 1.5329664 -0.29718593 999.46 
20150622155547 -2.8874073 -10.542868 0.3561375 -0.5198463 1.3060299 -0.43982297 999.46 
20150622155547 -4.69084 -13.735536 -0.26276365 -0.75900006 0.8374963 -0.52564955 999.46 
20150622155547 -3.9306808 -14.225748 -0.81761986 -0.9816604 0.5671884 -0.5131268 999.46 
20150622155547 -1.2156559 -13.002311 -1.3210008 -1.1215485 0.38331795 -0.16249016 999.46 
20150622155547 -1.6112977 -13.624804 -3.1884782 -0.89644474 -0.050396383 0.4007276 999.46 
20150622155547 -0.2172738 -14.034212 -3.582923 -0.14905111 -0.3820962 0.6383542 999.46 
20150622155547 4.836886 -14.314333 -0.6242881 0.4098906 -0.6356053 0.92485 999.46 
20150622155547 4.71957 -15.272613 -1.7310078 0.9618073 -0.655153 1.4251486 999.46 
20150622155547 3.5051112 -13.089101 -3.015497 1.1200215 -0.79137594 1.4770721 999.47 
20150622155547 2.6497827 -11.562199 -2.8694508 1.4172074 -0.90194255 1.0900891 999.47 
20150622155548 -0.54168814 -11.999739 -0.53689975 1.53205 -0.84482664 0.7733554 999.47 
20150622155548 -3.858256 -13.15135 -0.98222125 1.385137 -0.5739079 0.10048734 999.47 
20150622155548 -1.5765818 -11.146206 -1.4622587 1.4899004 -0.70738196 -0.38789943 999.47 
20150622155548 -1.299453 -7.8326306 -0.9032126 1.4737124 -0.9282097 -0.26389378 999.47 
20150622155548 -1.6777369 -6.196194 0.38726214 1.5326608 -0.9477574 0.093462385 999.47 
20150622155548 -0.46327803 -5.9142766 0.51595044 1.6029104 -1.629483 -0.12736541 999.47 
20150622155548 0.8714894 -6.05733 -0.25917232 1.5234979 -2.6535985 -0.080634214 999.47 
20150622155548 1.3066356 -5.6999955 0.049081136 1.3429873 -2.7464502 0.030848695 999.6 
20150622155548 1.3497312 -4.571728 1.1988965 1.0180069 -2.4614816 0.16554448 999.6 
20150622155548 1.3365631 -3.4757824 1.9327193 0.593761 -2.2656991 0.34605515 999.6 
20150622155548 0.75596917 -3.2381577 2.385822 0.3839288 -2.006387 0.40439278 999.6 
20150622155548 -0.22505496 -5.5976434 2.8951883 0.183565 -1.6523905 0.312763 999.6 
20150622155548 -0.801459 -6.498462 4.1120415 0.10567969 -1.2153164 0.2125811 999.6 
20150622155548 -0.91578215 -7.3364325 3.4955344 0.04795292 -1.0164797 0.18203785 999.6 
20150622155548 -0.878672 -8.605359 2.657564 0.08002335 -0.84116143 0.16707164 999.6 
20150622155548 0.12749124 -9.888053 1.8674773 0.30970868 -0.62125 0.1423316 999.6 
20150622155548 0.107739076 -14.170681 2.6874914 0.33964106 -0.49266282 0.20677789 999.64 
20150622155548 -0.6123171 -14.750078 4.2179847 -0.053145275 -0.51343226 0.14813483 999.64 
20150622155548 -1.174356 -13.152547 5.5617304 -0.3659083 -0.59956425 0.0693332 999.64 
20150622155548 2.5713725 -10.777499 7.3178773 -0.5708536 -0.6954701 -0.04886922 999.64 
20150622155548 1.3628993 -14.656704 4.529231 -0.3417791 -0.95386606 -0.13469578 999.64 
20150622155548 2.4247277 -14.156316 1.8423382 0.47616947 -1.0424415 -0.35643986 999.64 
20150622155548 1.447295 -12.067375 1.0809821 0.75777835 -0.874759 -0.4343252 999.64 
20150622155548 2.4995465 -11.990761 0.2801216 0.38148534 -0.70341134 -0.2996294 999.64 
20150622155548 2.136825 -11.683105 -1.6364368 -0.1591304 -0.30909783 -0.04886922 999.64 
20150622155548 1.970428 -8.835203 -1.7340006 -0.16584991 0.10720685 0.18753563 999.59 
20150622155548 0.9720459 -7.615357 -2.2254105 -0.009468411 0.61911196 0.34513888 999.59 
20150622155548 0.18255788 -6.569091 -2.082357 0.092240654 0.74036866 -0.105068825 999.59 
20150622155548 -0.39025488 -6.281787 -1.0420763 0.1255328 0.52687126 -0.52320606 999.59 
20150622155548 -0.29328972 -7.754221 -1.3042414 -0.129198 0.44990227 -0.47403142 999.59 
20150622155548 1.9901801 -11.760918 -1.5855601 -0.5143485 0.5326745 -0.3371976 999.59 
20150622155548 2.9735985 -13.151949 -1.3413515 -0.7449502 0.7504479 -0.14049901 999.59 
20150622155548 1.6645688 -9.695918 0.60453594 -0.84207773 0.84940815 -0.04886922 999.59 
20150622155548 0.6895301 -8.286931 0.6895301 -0.97310835 0.9850202 -0.015271631 999.59 
20150622155548 0.53689975 -7.0371575 0.23582886 -0.77854776 1.353372 0.21105394 999.47 
20150622155548 1.4437037 -5.8023477 -0.12689269 -0.7699956 1.5063937 0.3399465 999.47 
20150622155548 0.8439561 -6.0525417 -0.97264445 -0.82711154 1.8212948 0.4156938 999.47 
20150622155548 -0.57281274 -7.885902 -1.1587936 -0.76174897 1.9095647 0.16798794 999.47 
20150622155548 -2.5103204 -10.645818 0.29149407 -0.7318166 1.8078557 -0.27366763 999.47 
20150622155548 -2.7473464 -11.182717 1.7884687 -0.7629707 1.7369953 -0.4642576 999.47 
20150622155548 -0.020949265 -8.382699 1.939902 -0.66889745 1.7583756 -0.28313604 999.47 
20150622155548 0.4782418 -7.8116817 1.4688427 -0.5158757 1.6814066 0.024740042 999.47 
20150622155548 0.22505496 -8.140884 1.5442601 -0.25473082 1.7559321 -0.086132 999.47 
20150622155548 -0.8846575 -8.134899 1.3880384 -0.16890424 1.6691893 -0.24251351 999.49 
20150622155548 -2.3882163 -8.499416 1.8273745 -0.19120082 1.541213 -0.3979787 999.49 
20150622155548 -2.819771 -9.096769 1.5951369 -0.26633725 1.4645494 -0.4654793 999.49 
20150622155548 -1.9644425 -9.1033535 0.6859388 -0.33322698 1.4187346 -0.376293 999.49 
20150622155548 -1.9716251 -9.862315 1.359308 -0.4334089 1.3329079 -0.24740042 999.49 
20150622155548 -4.0402155 -12.083536 -0.75237787 -0.6068946 1.067487 -0.32834008 999.49 
20150622155548 -4.775235 -14.978126 -0.5590461 -0.8142834 0.689056 -0.51923543 999.49 
20150622155549 -2.2307975 -13.217191 -1.38325 -0.99021256 0.36774087 -0.5335908 999.49 
20150622155549 -0.37229836 -12.689269 -1.6023195 -1.0564915 0.15027285 -0.040011674 999.49 
20150622155549 -0.8487445 -13.461998 -3.4685998 -0.8570439 -0.25961772 0.5503896 999.52 
20150622155549 1.5508442 -13.590087 -4.0581717 -0.050701816 -0.4538729 0.7987063 999.52 
20150622155549 4.7722425 -14.056956 -0.049679685 0.5522222 -0.6395759 1.0662653 999.52 
20150622155549 4.8907557 -16.658257 -1.0019734 0.98990715 -0.64476824 1.5567901 999.52 
20150622155549 4.8823757 -13.934853 -2.697667 1.174083 -0.91507614 1.4679092 999.52 
20150622155549 3.8025908 -12.2224 -2.6527755 1.416902 -1.0537425 1.1976013 999.52 
20150622155549 0.016759412 -12.807782 -0.16938977 1.5372424 -0.6151413 0.7620544 999.52 
20150622155549 -5.0523643 -14.244902 -0.44472298 1.4083499 -0.18203785 -0.0580322 999.52 
20150622155549 -2.0949266 -10.921151 -1.5053543 1.5842791 -0.49327368 -0.5317582 999.52 
20150622155549 -1.7465701 -7.2340803 -0.84694886 1.4703526 -0.5839872 -0.21105394 999.57 
20150622155549 -2.3894134 -5.98311 0.9187749 1.5360206 -0.52839845 -0.024740042 999.57 
20150622155549 -1.0313023 -5.66947 0.85652566 1.5888605 -1.5836681 -0.33505958 999.57 
20150622155549 0.6697779 -5.631761 -0.0796072 1.4862351 -2.626415 -0.2666427 999.57 
20150622155549 1.2838906 -5.1720743 -0.034715924 1.2577715 -2.6028967 0.002443461 999.57 
20150622155549 1.4275428 -4.2862196 1.2946646 0.8668178 -2.1679606 0.1881465 999.57 
20150622155549 1.6627731 -3.555988 2.4061728 0.40225476 -1.949271 0.38362336 999.57 
20150622155549 1.1061212 -3.4051533 2.345719 0.1853976 -1.6804903 0.42271876 999.57 
20150622155549 -0.20709845 -4.778228 2.5719712 0.07391469 -1.3338243 0.24007004 999.57 
20150622155549 -1.1899183 -5.5725045 3.567959 -0.017715093 -0.9324858 0.05222898 999.6 
20150622155549 -2.8820202 -8.527548 3.309984 -0.22540927 -0.8784242 -0.10873401 999.6 
20150622155549 -2.7659016 -9.929353 3.9522285 -0.21166481 -0.8536842 -0.16249016 999.6 
20150622155549 -0.4818331 -12.472593 1.9620483 0.06627888 -0.7593055 0.0030543262 999.6 
20150622155549 2.5384524 -17.365744 3.2758665 0.49235737 -0.799928 0.39370266 999.6 
20150622155549 2.0727801 -16.756418 4.911705 0.38728857 -0.73273283 0.5109888 999.6 
20150622155549 6.3003416 -10.079589 6.5247984 -0.08246681 -0.5983425 0.37598756 999.6 
20150622155549 2.1290438 -15.26124 4.994903 -0.40653083 -0.9850202 0.0018325958 999.6 
20150622155549 1.1647792 -15.439609 2.4355016 0.2666427 -0.99296147 -0.5674938 999.6 
20150622155549 1.2988545 -13.047801 1.8525136 0.7147123 -0.95081174 -0.9089675 999.47 
20150622155549 1.4945804 -14.257471 -1.3174095 0.6994407 -0.82802784 -0.72265357 999.47 
20150622155549 0.9403227 -12.056003 -1.9267339 0.36835176 -0.33292156 -0.3417791 999.47 
20150622155549 0.83497787 -7.0407486 -1.4137762 0.0018325958 0.14172074 -0.018020526 999.47 
20150622155549 -0.11851298 -6.3991027 -2.295441 -0.3717115 0.4071417 0.30695978 999.47 
20150622155549 -0.6404489 -6.2901664 -3.2255883 0.0030543262 0.72418076 0.0033597588 999.47 
20150622155549 0.2741361 -5.345654 -3.0663738 0.18387043 0.6365216 -0.43127087 999.47 
20150622155549 1.3257892 -5.8083334 -2.4265234 -0.16126843 0.41050145 -0.36651915 999.47 
20150622155549 3.684078 -9.063251 -0.3345897 -0.820392 0.46303585 -0.30818152 999.47 
20150622155549 3.809175 -13.3386965 1.1653777 -1.2928963 0.6575964 -0.34880406 999.49 
20150622155549 0.01436521 -13.192051 1.9800048 -1.3154984 0.6704246 -0.52687126 999.49 
20150622155549 -0.36511576 -9.827001 0.077213004 -1.0421361 1.1224649 -0.44226643 999.49 
20150622155549 0.22744916 -7.410054 -0.3705027 -0.63255095 1.4969252 0.24251351 999.49 
20150622155549 0.7368156 -5.637148 -0.24061728 -0.79076505 1.7873917 0.61117065 999.49 
20150622155549 -0.044891283 -5.8885393 -0.59376204 -0.97066486 1.91323 0.6178902 999.49 
20150622155549 -1.3401544 -7.9702973 -0.7038953 -0.8671232 1.8933768 0.28313604 999.49 
20150622155549 -1.8650831 -10.986393 0.8882488 -0.72265357 1.7131716 -0.13255776 999.49 
20150622155549 -0.5614403 -8.669404 1.6071079 -0.6582073 1.6105462 -0.27214047 999.49 
20150622155549 -0.21308395 -7.908048 1.3132197 -0.5552765 1.5903877 -0.17287487 999.58 
20150622155549 0.076015905 -8.7125 1.2509704 -0.38515055 1.4905112 -0.07574729 999.58 
20150622155550 0.60453594 -9.320028 1.845331 -0.22724187 1.3518448 -0.21594086 999.58 
20150622155550 0.545878 -8.693945 1.5508442 -0.2125811 1.2837334 -0.27000242 999.58 
20150622155550 -1.3198037 -8.585009 0.676362 -0.17531833 1.2938126 -0.30298916 999.58 
20150622155550 -3.2112231 -9.150041 0.9403227 -0.1853976 1.3579534 -0.37904188 999.58 
20150622155550 -3.833117 -10.150218 0.7194576 -0.32406402 1.4957036 -0.38453966 999.58 
20150622155550 -3.5727475 -11.324574 0.8738836 -0.43401974 1.3249667 -0.30848694 999.58 
20150622155550 -2.9227216 -11.736377 -0.9983821 -0.5705481 1.0305296 -0.33536503 999.58 
20150622155550 -4.653131 -12.938266 -1.0462662 -0.7247916 0.65393126 -0.3390302 999.57 
20150622155550 -1.9913772 -11.842918 -1.1815386 -0.84207773 0.38331795 -0.22113322 999.57 
20150622155550 -0.85473 -11.851897 -1.8016368 -0.8518516 -0.1853976 0.1777618 999.57 
20150622155550 0.9660604 -13.241731 -3.442862 -0.54092115 -0.42241332 0.7367035 999.57 
20150622155550 4.4143095 -14.365211 -2.0386627 0.23854288 -0.6731735 1.0732902 999.57 
20150622155550 6.0782795 -18.01158 -0.7092823 0.73945236 -0.70554936 1.4333953 999.57 
20150622155550 5.565322 -16.17762 -1.3000516 1.1441506 -0.7476991 1.5537357 999.57 
20150622155550 4.8841715 -12.889185 -2.095525 1.3655893 -1.1194105 1.2156218 999.57 
20150622155550 1.963844 -12.882601 -0.6931214 1.6145169 -0.8378017 0.84238315 999.57 
20150622155550 -2.460641 -13.048399 -1.2443863 1.4199562 -0.17898351 0.321926 999.44 
20150622155550 -4.5358152 -12.621633 -0.8170213 1.4086553 -0.06994407 -0.23396139 999.44 
20150622155550 -1.8848352 -8.455722 -1.1049241 1.3072516 -0.20463985 -0.0693332 999.44 
20150622155550 -2.0919337 -5.7263317 -0.6973112 1.3942999 -0.3539964 0.38912117 999.44 
20150622155550 -1.7669208 -5.20679 0.6985083 1.6557503 -1.0241156 0.22204952 999.44 
20150622155550 0.7954735 -5.741296 -0.11611878 1.5787812 -2.4220808 -0.06811147 999.44 
20150622155550 1.4508862 -5.277419 0.06464344 1.2996159 -3.019507 -0.048563786 999.44 
20150622155550 1.3994108 -4.420295 1.1162965 1.0317514 -2.656042 0.029932396 999.44 
20150622155550 1.2042835 -3.7325604 2.2499511 0.537256 -2.4104743 0.15699236 999.44 
20150622155550 0.80684596 -4.3418846 3.0520086 0.09468412 -2.1832323 0.26083946 999.5 
20150622155550 0.10414778 -5.990891 3.6727054 -0.11056661 -1.6869044 0.23823744 999.5 
20150622155550 -0.96067345 -6.9970546 4.2437224 -0.1328632 -1.1850786 0.18448131 999.5 
20150622155550 -2.694674 -8.5886 3.7355533 -0.20647246 -0.9923506 0.06047566 999.5 
20150622155550 -2.8449101 -9.522937 4.261679 -0.2134974 -0.7861836 -0.061391957 999.5 
20150622155550 -1.2258313 -10.362703 3.0334535 -0.04734206 -0.68477994 -0.006414085 999.5 
20150622155550 2.058415 -14.927249 2.2517467 0.39920044 -0.67103547 0.25809056 999.5 
20150622155550 3.9552212 -14.909891 3.4608185 0.5155703 -0.61666846 0.410196 999.5 
20150622155550 5.439626 -12.19307 5.2079873 0.18906279 -0.5235115 0.31245756 999.5 
20150622155550 5.0505686 -13.500903 4.369418 -0.10323623 -0.7492262 0.0143553335 999.6 
20150622155550 1.7836803 -15.817293 3.9193082 -0.006414085 -0.8332202 -0.42302418 999.6 
20150622155550 1.4317327 -13.208811 2.2547395 0.45142943 -0.6435465 -0.95417154 999.6 
20150622155550 1.8166006 -13.953407 -0.01316811 0.50335294 -0.5561928 -0.86132 999.6 
20150622155550 1.1617863 -12.7335615 -0.8655039 0.45448375 -0.23151793 -0.48258355 999.6 
20150622155550 0.6302736 -8.401853 -1.4053963 0.103847094 0.25045475 -0.043066 999.6 
20150622155550 -0.55365914 -6.184223 -1.8255788 -0.17104226 0.67011917 0.22510384 999.6 
20150622155550 -1.6771383 -6.7480574 -3.2423477 0.07666359 0.70066243 0.06505715 999.6 
20150622155550 -0.6278794 -6.5247984 -3.6290112 0.36468655 0.6301075 -0.38759398 999.6 
20150622155550 1.1240777 -6.687604 -2.5192988 0.027183503 0.70157874 -0.27885997 999.58 
20150622155550 3.550601 -8.376115 -0.801459 -0.75655663 0.6719518 -0.13133603 999.58 
20150622155550 4.663905 -10.928932 1.186327 -1.2455542 0.7189884 -0.16432275 999.58 
20150622155550 0.74639237 -12.142194 2.1092918 -1.3842206 0.7611381 -0.37720928 999.58 
20150622155550 -0.41838676 -9.959281 -0.2645593 -0.9569204 1.0140363 -0.35796702 999.58 
20150622155550 0.2717419 -7.0994067 -0.8619126 -0.54336464 1.4810427 -0.019547688 999.58 
20150622155550 0.6691794 -5.849035 -0.3681085 -0.56505036 1.7033978 0.4007276 999.58 
20150622155551 -0.66738373 -6.5738792 -0.54049104 -0.9660834 2.0503693 0.54825157 999.58 
20150622155551 -2.6647465 -9.082404 0.009576807 -1.0537425 2.1847596 0.24648413 999.58 
20150622155551 -3.0125043 -10.825981 0.59017074 -0.89461213 2.1426098 -0.0711658 999.53 
20150622155551 -0.7170634 -8.267179 0.6859388 -0.6826419 1.8897116 -0.31337386 999.53 
20150622155551 -0.62249243 -7.9355817 1.1174936 -0.5552765 1.6056592 -0.1853976 999.53 
20150622155551 -0.415394 -8.428188 1.6280571 -0.47403142 1.5583172 -0.16126843 999.53 
20150622155551 -0.21787235 -9.575011 2.3235726 -0.3378085 1.4291192 -0.32986724 999.53 
20150622155551 -0.42197806 -10.086772 2.3020248 -0.269697 1.2565498 -0.39736784 999.53 
20150622155551 -1.3293805 -9.287108 1.2886791 -0.29901853 1.287704 -0.40530908 999.53 
20150622155551 -2.2164323 -8.6334915 0.7236475 -0.25625798 1.4495832 -0.35735616 999.53 
20150622155551 -2.5983074 -9.093178 0.13467385 -0.25137106 1.5234979 -0.25411993 999.53 
20150622155551 -2.779668 -10.517728 1.079785 -0.38973203 1.3805555 -0.2012801 999.52 
20150622155551 -1.9865888 -10.852318 0.74758947 -0.5225952 0.97158116 -0.27397305 999.52 
20150622155551 -3.3692403 -13.441647 -0.931943 -0.6462954 0.44440445 -0.3885103 999.52 
20150622155551 -3.4979286 -13.309367 -0.48123455 -0.75502944 0.22021692 -0.48747048 999.52 
20150622155551 -1.0953473 -11.594521 -0.8110358 -0.7467828 0.04184427 -0.1957823 999.52 
20150622155551 -0.5931635 -11.383232 -1.4556746 -0.72784597 -0.41172317 0.30909783 999.52 
20150622155551 -0.09876082 -12.099098 -3.208829 -0.17806722 -0.39706242 0.70829827 999.52 
20150622155551 2.521693 -13.054385 -1.6717514 0.6068946 -0.5751296 1.0332786 999.52 
20150622155551 4.1042604 -18.125902 -0.931943 0.9049969 -0.5644395 1.475545 999.52 
20150622155551 5.535394 -16.493656 -3.0520086 1.2012665 -0.7333437 1.5106697 999.42 
20150622155551 2.7521348 -12.764088 -1.1498153 1.5406022 -1.0381655 1.3206906 999.42 
20150622155551 -1.8171991 -13.198635 -0.41180268 1.4825699 -0.7648033 0.7538077 999.42 
20150622155551 -4.477157 -12.509704 -0.24899697 1.2956452 -0.4801401 0.06505715 999.42 
20150622155551 -1.8968062 -8.735245 -1.1941081 1.3787229 -0.6924158 -0.3827071 999.42 
20150622155551 -2.8538885 -6.7205243 -0.27593175 1.2428054 -0.8023715 0.034513887 999.42 
20150622155551 -2.5181017 -6.2422824 0.50637364 1.4040737 -0.8732319 0.14172074 999.42 
20150622155551 -0.40701428 -6.078878 0.15023616 1.5265522 -2.0164661 0.049480084 999.42 
20150622155551 1.0067618 -6.085462 -0.34835634 1.5060883 -2.7229319 0.19272798 999.42 
20150622155551 1.6017209 -5.433641 0.49679685 1.1798862 -2.819143 0.28344148 999.53 
20150622155551 1.7016789 -4.5681367 1.8650831 0.7806858 -2.5659394 0.38759398 999.53 
20150622155551 1.596334 -3.9175124 2.4971523 0.4886922 -2.4724772 0.49418998 999.53 
20150622155551 1.0079589 -5.0763063 2.6503813 0.22235495 -2.291661 0.48899764 999.53 
20150622155551 -0.62009823 -5.288193 2.885013 0.082161374 -1.7290541 0.3277292 999.53 
20150622155551 -1.9165585 -6.149507 3.5924997 0.0021380284 -1.258077 0.20861048 999.53 
20150622155551 -2.3038206 -7.460931 4.1078515 -0.16982053 -1.10139 0.02107485 999.53 
20150622155551 -2.3116016 -9.3822775 3.4524388 -0.18600847 -1.0082331 -0.01863139 999.53 
20150622155551 -0.5943606 -12.004527 2.5701754 0.09590584 -0.8570439 0.0870483 999.53 
20150622155551 1.9129672 -16.081255 2.9311013 0.2660318 -0.63346726 0.26633725 999.58 
20150622155551 2.7192147 -14.648325 3.7618895 0.12767084 -0.54825157 0.43096542 999.58 
20150622155551 4.0078936 -11.207857 5.663484 -0.13836098 -0.56016344 0.24465153 999.58 
20150622155551 2.7263973 -13.605051 4.875193 -0.37598756 -0.6881397 -0.118202426 999.58 
20150622155551 1.0594343 -15.947179 3.9085343 -0.003970624 -0.91446525 -0.66431594 999.58 
20150622155551 2.3247697 -14.132374 1.6968905 0.5861252 -1.0085385 -1.026559 999.58 
20150622155551 2.1643584 -11.651382 1.673547 0.5534439 -0.9550878 -0.7675522 999.58 
20150622155551 3.4332852 -11.971607 0.2717419 0.27275133 -0.15974127 -0.5366451 999.58 
20150622155551 0.55964464 -9.147646 -1.1893197 -0.31978795 0.21502456 -0.26358834 999.58 
20150622155551 0.15562311 -5.6269727 -2.429516 -0.018325957 0.54275376 0.004276057 999.51 
20150622155551 -1.3096284 -6.077681 -3.3363202 0.21777347 0.7770206 0.08552113 999.51 
20150622155551 -0.7685388 -5.993285 -3.532046 0.36377025 0.87109387 -0.20525073 999.51 
20150622155552 0.27712885 -6.4745197 -1.5693992 0.13194689 0.7623598 -0.43371433 999.51 
20150622155552 2.980781 -10.048465 -0.25677812 -0.5149594 0.51159966 -0.25411993 999.51 
20150622155552 3.775656 -12.823344 1.1665748 -0.9450085 0.49449542 -0.27885997 999.51 
20150622155552 1.0815806 -11.704055 1.9147629 -1.1954633 0.56230146 -0.44684792 999.51 
20150622155552 0.3597288 -9.820416 0.3441665 -1.0198395 0.8729264 -0.36163223 999.51 
20150622155552 0.7721301 -7.9074497 -0.7290344 -0.64751714 1.2647965 0.16554448 999.51 
20150622155552 1.049259 -6.0345855 -0.87927055 -0.6597345 1.6111571 0.41691554 999.44 
20150622155552 -0.038905777 -6.2883706 -0.7505822 -0.90285885 1.8173242 0.51893 999.44 
20150622155552 -1.258153 -8.441956 -1.1049241 -1.0268645 1.8084666 0.24648413 999.44 
20150622155552 -1.9339164 -10.734404 0.2645593 -0.9789116 1.720502 0.002443461 999.44 
20150622155552 -0.28191724 -8.934562 0.9911995 -0.93676186 1.7201965 -0.14446963 999.44 
20150622155552 0.7541735 -7.4968443 0.53929394 -0.8393288 1.733941 -0.022296581 999.44 
20150622155552 0.64583594 -7.732673 0.58418524 -0.6398814 1.822211 0.04886922 999.44 
20150622155552 0.219668 -8.723274 1.602918 -0.54519725 1.8729129 -0.11453723 999.44 
20150622155552 -1.049259 -10.509348 1.7393875 -0.45020768 1.7873917 -0.3378085 999.44 
20150622155552 -1.3150153 -10.763134 1.8746599 -0.355829 1.6557503 -0.4352415 999.53 
20150622155552 -0.6817489 -9.294889 1.2785037 -0.22266038 1.7519615 -0.28130344 999.53 
20150622155552 -2.131438 -9.090185 1.2958617 -0.15241088 1.820073 -0.12186762 999.53 
20150622155552 -2.9173348 -8.903438 1.1013328 -0.17562376 1.8432859 -0.14996742 999.53 
20150622155552 -3.618836 -9.820416 1.2276269 -0.25625798 1.6053538 -0.16523905 999.53 
20150622155552 -4.787805 -12.282853 -0.56682724 -0.35918877 1.0928379 -0.28160888 999.53 
20150622155552 -5.798158 -13.891158 -0.21188685 -0.516792 0.6792821 -0.47861293 999.53 
20150622155552 -2.7730842 -12.25113 -0.89064306 -0.7800749 0.23854288 -0.48624873 999.53 
20150622155552 -0.9355343 -11.592725 -1.3742718 -0.9425651 -0.32620203 -0.034513887 999.53 
20150622155552 0.18076223 -12.193669 -3.6349967 -0.8338311 -0.795652 0.43463063 999.49 
20150622155552 2.896984 -13.037625 -3.1944637 -0.13041973 -1.0167851 0.7779369 999.49 
20150622155552 6.1123967 -15.659276 -0.34237084 0.5653558 -1.1780536 1.1398746 999.49 
20150622155552 5.389348 -18.079815 -2.5198972 0.8188649 -0.9819659 1.4410311 999.49 
20150622155552 5.180454 -13.435062 -4.268263 1.0809261 -0.87598073 1.3231341 999.49 
20150622155552 3.4889505 -10.9834 -2.7216089 1.53205 -0.9025534 1.0858129 999.49 
20150622155552 -0.58538234 -12.079945 -0.9498995 1.713477 -0.5360342 0.6985244 999.49 
20150622155552 -5.0374002 -13.082517 -0.34356794 1.4556919 -0.48258355 0.087659165 999.49 
20150622155552 -2.516306 -10.17416 -1.5334862 1.4718798 -0.5729916 -0.47036624 999.49 
20150622155552 -2.5845408 -7.431602 -0.1388637 1.3542882 -0.7333437 -0.1020145 999.5 
20150622155552 -2.6497827 -6.637326 1.0851719 1.4465289 -0.9089675 -0.029321533 999.5 
20150622155552 -1.0498575 -6.455366 0.8319851 1.5546521 -2.147802 -0.18875736 999.5 
20150622155552 0.5919664 -6.199785 0.2088941 1.50731 -2.9239066 -0.12950343 999.5 
20150622155552 1.2623428 -5.7365074 0.23523031 1.2299771 -2.8863382 0.005192355 999.5 
20150622155552 1.2952632 -5.1541176 1.0450691 0.9618073 -2.4828618 0.113926366 999.5 
20150622155552 1.7274165 -4.36044 1.6843209 0.52503866 -2.2956316 0.2828306 999.5 
20150622155552 1.4909891 -3.3632548 2.6060886 0.17440203 -2.008525 0.34788775 999.5 
20150622155552 0.18315643 -5.129577 3.132813 -0.028405234 -1.5546521 0.21991149 999.5 
20150622155552 -0.89902276 -5.849633 3.9480386 -0.13072516 -1.2773192 0.11911872 999.49 
20150622155552 -1.335366 -7.140108 4.969166 -0.26389378 -1.1908818 0.032375857 999.49 
20150622155552 -1.4137762 -8.956709 3.9145198 -0.16523905 -0.99021256 0.05375614 999.49 
20150622155552 -0.12389994 -14.947599 2.156577 0.12461651 -0.69913524 0.1414153 999.49 
20150622155552 2.0991163 -15.916055 2.6557682 0.3643811 -0.37934732 0.32528573 999.49 
20150622155552 1.3605051 -11.564592 4.559159 0.30268374 -0.1142318 0.4905248 999.49 
20150622155552 3.9480386 -8.081628 5.601235 0.04917465 -0.25259277 0.27000242 999.49 
20150622155552 1.970428 -14.048577 4.659715 -0.15851954 -0.745561 -0.023823744 999.49 
20150622155553 1.5233108 -16.096218 3.6523547 0.07666359 -1.0308352 -0.5002986 999.49 
20150622155553 2.1775265 -14.638748 1.1593921 0.5204572 -0.9437868 -0.91354895 999.48 
20150622155553 3.1531637 -15.040974 0.5093664 0.51007247 -0.6236934 -0.67347896 999.48 
20150622155553 1.1007342 -14.591462 -0.7715315 0.23151793 -0.10598512 -0.45356745 999.48 
20150622155553 -0.14784196 -8.411429 -1.0408791 0.09743301 0.095294975 -0.13591751 999.48 
20150622155553 -0.46866497 -4.7387238 -1.6430209 -0.06811147 0.33261612 0.31245756 999.48 
20150622155553 -1.5460558 -5.134964 -3.0885203 0.0021380284 0.6383542 0.45204028 999.48 
20150622155553 -0.45789108 -4.370615 -3.3985693 0.3304781 0.84971356 -0.013439035 999.48 
20150622155553 0.7116765 -4.9057193 -2.2852654 0.06352998 0.7370089 -0.17837265 999.48 
20150622155553 2.569577 -9.030331 -0.99419224 -0.52656585 0.45234573 -0.19058995 999.48 
20150622155553 4.220978 -13.767259 0.093373865 -0.93309665 0.35124752 -0.38056904 999.58 
20150622155553 1.8171991 -13.941437 3.0298622 -1.2574661 0.34238997 -0.6224717 999.58 
20150622155553 0.7553706 -11.146805 1.3072342 -1.1133019 0.7360926 -0.49113566 999.58 
20150622155553 0.7134721 -8.297705 -0.35913026 -0.7119634 1.2544118 0.021991149 999.58 
20150622155553 0.9295488 -5.758055 -0.31423897 -0.65148777 1.409877 0.3979787 999.58 
20150622155553 0.38726214 -5.1636944 -0.6123171 -0.84849185 1.7504344 0.4801401 999.58 
20150622155553 -1.234211 -7.290344 -0.7553706 -0.926988 1.6829338 0.2864958 999.58 
20150622155553 -2.0667946 -10.985794 0.39803603 -0.9221011 1.720502 -0.008246681 999.58 
20150622155553 -1.1234791 -9.710882 1.2318168 -0.89675015 1.8005253 -0.18570304 999.58 
20150622155553 -0.23104046 -7.3926964 0.80086046 -0.7703011 1.8472565 -0.09682214 999.57 
20150622155553 -0.16340427 -8.112753 1.4808137 -0.50426924 1.8524488 -0.09865474 999.57 
20150622155553 -0.88645315 -9.840768 2.3110032 -0.32711834 1.6646078 -0.2761111 999.57 
20150622155553 -1.8327614 -10.965444 1.8489223 -0.22907446 1.4337007 -0.4822781 999.57 
20150622155553 -1.2988545 -9.758766 1.3664906 -0.22724187 1.361924 -0.52015173 999.57 
20150622155553 -1.8914193 -8.574833 0.6123171 -0.20341812 1.568702 -0.34422258 999.57 
20150622155553 -2.5528176 -7.9331875 0.18255788 -0.21471913 1.6566665 -0.0693332 999.57 
20150622155553 -3.7738605 -9.710882 1.3245921 -0.32375857 1.5903877 -0.081855945 999.57 
20150622155553 -3.9869444 -12.37503 -0.16819267 -0.4437936 1.201572 -0.29840767 999.57 
20150622155553 -4.3179426 -14.802751 -0.6793547 -0.54000485 0.50579643 -0.4746423 999.53 
20150622155553 -2.416348 -12.368446 -0.8888474 -0.6441574 0.09132435 -0.46181414 999.53 
20150622155553 -1.2114661 -11.104307 -1.1767502 -0.79809546 -0.23732115 0.04153884 999.53 
20150622155553 -1.0229226 -11.543045 -2.2822728 -0.7654142 -0.605062 0.46395215 999.53 
20150622155553 1.5047557 -12.142194 -3.3435028 -0.1826487 -0.70371675 0.77091193 999.53 
20150622155553 5.5419784 -13.204022 -0.7751228 0.5112942 -0.8597928 1.0998629 999.53 
20150622155553 5.893926 -18.11034 -1.2156559 0.8081747 -0.68111473 1.5531249 999.53 
20150622155553 5.5527525 -14.696807 -2.4241292 0.9682214 -0.65209866 1.4446963 999.53 
20150622155553 3.7726634 -12.058995 -2.4881742 1.3429873 -0.87109387 1.0793989 999.53 
20150622155553 -0.76195467 -13.426683 -0.4177882 1.4425583 -0.52778757 0.7141015 999.4 
20150622155553 -4.1174283 -13.663111 -1.086369 1.1749994 -0.0076358155 -0.035430185 999.4 
20150622155553 -2.6821043 -10.309433 -1.5412674 1.2705997 -0.008857546 -0.27977628 999.4 
20150622155553 -2.9005754 -7.678205 -0.079008654 1.2434162 -0.1414153 0.07971791 999.4 
20150622155553 -2.9879637 -7.433996 1.0049661 1.3454307 -0.61178154 0.14966199 999.4 
20150622155553 -1.460463 -7.079056 0.8403648 1.5042557 -1.9654589 0.055283304 999.4 
20150622155553 0.014963761 -7.2245035 -0.13108255 1.5690074 -2.7284296 0.10567969 999.4 
20150622155553 1.1492168 -7.0275807 0.19931729 1.3200798 -2.874121 0.18448131 999.4 
20150622155553 1.5155296 -4.619612 0.96426475 0.87598073 -2.5619688 0.25320363 999.4 
20150622155553 1.5460558 -2.8293478 1.8393455 0.52839845 -2.414445 0.31673363 999.49 
20150622155553 0.8002619 -3.6996403 2.6270378 0.16493362 -2.228742 0.27580565 999.49 
20150622155553 -0.5410896 -5.309741 3.4368765 -0.019547688 -1.9214766 0.08124508 999.49 
20150622155553 -1.1168951 -6.6983776 4.817134 -0.08827003 -1.6074919 0.004276057 999.49 
20150622155554 -1.5316905 -8.397064 5.2522798 -0.29260445 -1.4966198 0.02107485 999.49 
20150622155554 -1.8016368 -9.888652 3.3722332 -0.2510656 -1.2757921 0.07941248 999.49 
20150622155554 -0.2801216 -11.5155115 2.3511062 0.13836098 -0.9627236 0.20341812 999.49 
20150622155554 1.6370354 -14.449606 1.8351556 0.3417791 -0.6291912 0.3930918 999.49 
20150622155554 1.5065514 -12.915521 3.2854433 0.41233405 -0.5833763 0.46273044 999.49 
20150622155554 3.5930982 -11.683704 5.0984526 0.19425514 -0.7690793 0.08735373 999.58 
20150622155554 2.123657 -13.914502 4.7620673 -0.2764165 -1.0974194 -0.34300083 999.58 
20150622155554 0.11133038 -15.333665 3.7912183 -0.09896017 -1.1572843 -0.61941737 999.58 
20150622155554 -0.7218518 -12.241553 2.4127567 0.39858958 -0.9957104 -0.88697636 999.58 
20150622155554 2.475006 -13.278243 1.4395138 0.4034765 -0.8762862 -0.6133087 999.58 
20150622155554 2.011728 -16.504429 -2.307412 0.024740042 -0.4334089 -0.20525073 999.58 
20150622155554 2.2499511 -9.69951 -1.1755531 -0.07544186 -0.020463986 0.4156938 999.58 
20150622155554 1.192911 -5.805939 -1.5041572 -0.34422258 0.6792821 0.5992588 999.58 
20150622155554 -0.24540567 -5.5246205 -2.7485435 -0.008552114 0.70432764 0.024740042 999.58 
20150622155554 0.6901286 -4.270657 -3.5571852 0.36682457 0.3295618 -0.48716503 999.61 
20150622155554 1.1312603 -4.4436383 -2.747945 0.13347405 0.18478674 -0.464563 999.61 
20150622155554 2.2164323 -7.554305 -1.5041572 -0.5815437 0.32498032 -0.31673363 999.61 
20150622155554 4.0940847 -12.277467 -1.0791864 -1.0198395 0.6704246 -0.2773328 999.61 
20150622155554 1.9387048 -14.784196 1.2395979 -1.350623 0.8405506 -0.24220806 999.61 
20150622155554 0.33758244 -9.82341 0.3890578 -1.2907583 1.4309518 -0.25259277 999.61 
20150622155554 0.1921347 -7.653664 -0.6895301 -0.7272351 1.8188512 0.19333886 999.61 
20150622155554 0.5231331 -6.2404866 -0.55605334 -0.65270954 1.8017471 0.45753807 999.61 
20150622155554 -1.0181342 -6.89171 -1.0181342 -0.79137594 2.0775528 0.4654793 999.61 
20150622155554 -2.2942438 -9.223662 -0.58538234 -0.79351395 2.0567832 0.14385876 999.49 
20150622155554 -2.7515364 -11.064803 0.6835446 -0.74128497 1.9834795 -0.25137106 999.49 
20150622155554 -1.2366052 -8.775947 1.1432313 -0.7067711 1.9956968 -0.36713 999.49 
20150622155554 -0.94092125 -7.631518 0.97144735 -0.5992588 1.9850066 -0.21471913 999.49 
20150622155554 -0.19931729 -8.1480665 1.0588357 -0.37995818 1.8197676 -0.121256754 999.49 
20150622155554 0.4950012 -8.814852 1.9865888 -0.28099802 1.5745052 -0.19456059 999.49 
20150622155554 -0.040102877 -9.445126 2.3702598 -0.3136793 1.4095715 -0.29077184 999.49 
20150622155554 -1.1767502 -9.446322 1.1552023 -0.3491095 1.3222178 -0.46639562 999.49 
20150622155554 -1.9177556 -9.2907 1.09834 -0.1966986 1.3420709 -0.6041457 999.49 
20150622155554 -2.3307555 -9.11293 0.8110358 -0.19303341 1.4236214 -0.5546656 999.57 
20150622155554 -3.3560722 -9.48044 0.5554548 -0.41538838 1.426065 -0.3555236 999.57 
20150622155554 -4.1066546 -11.612476 -1.0654198 -0.56107974 1.1759156 -0.3475823 999.57 
20150622155554 -4.841076 -13.776835 -1.3742718 -0.68111473 0.79229224 -0.43004912 999.57 
20150622155554 -2.4971523 -12.901754 -1.3934253 -0.8219192 0.5009095 -0.42821655 999.57 
20150622155554 -2.1721394 -12.68867 -2.8491 -0.895223 -0.09712757 -0.04520403 999.57 
20150622155554 -0.25917232 -13.781624 -3.6457705 -0.6762278 -0.64660084 0.4465425 999.57 
20150622155554 2.789245 -14.522031 -1.8626889 -0.22204952 -0.9578367 0.75533485 999.57 
20150622155554 6.7109475 -15.162479 -0.22565351 0.63591075 -0.9984592 1.2812898 999.57 
20150622155554 6.217742 -16.509218 -0.31244332 1.026559 -1.1389582 1.6847663 999.57 
20150622155554 4.617218 -12.94066 -3.0125043 1.1899655 -0.9807441 1.4208726 999.57 
20150622155554 3.7612908 -10.812814 -3.3249476 1.5289958 -0.70463306 1.1682798 999.57 
20150622155554 -2.4349031 -11.936293 -1.2593501 1.5451837 -0.36010507 0.788627 999.57 
20150622155554 -4.995502 -12.710218 -1.4862007 1.3478742 -0.08277224 0.106901415 999.57 
20150622155554 -2.5540147 -8.563461 -1.6106992 1.4712689 -0.48166725 -0.2284636 999.57 
20150622155554 -2.5181017 -6.323685 -0.10295067 1.378112 -0.5861252 0.1469131 999.57 
20150622155554 -1.7310078 -6.179435 0.717662 1.5063937 -1.1160508 0.17959438 999.57 
20150622155554 0.12509704 -6.338649 0.3196259 1.5442673 -2.5601363 -0.0870483 999.57 
20150622155555 1.1288661 -6.1746464 0.17357962 1.3720033 -3.1835241 -0.036957346 999.64 
20150622155555 1.2916719 -5.5748987 0.7164649 1.1743884 -2.853657 0.14385876 999.64 
20150622155555 1.4443022 -5.207389 1.4053963 0.7809912 -2.3631322 0.29871312 999.64 
20150622155555 1.6484078 -4.8506527 2.231396 0.52595496 -2.0570886 0.42546764 999.64 
20150622155555 0.4345476 -4.859032 2.7180176 0.1685988 -1.8026633 0.4156938 999.64 
20150622155555 -1.2036849 -6.494272 3.180697 -0.056505036 -1.4285084 0.20525073 999.64 
20150622155555 -1.7088615 -6.9246297 4.3406878 -0.160963 -1.1704178 0.04886922 999.64 
20150622155555 -2.0015526 -8.249222 5.1846437 -0.30757064 -1.1554517 -0.01038471 999.64 
20150622155555 -2.0272903 -10.277709 3.4440591 -0.30726522 -1.0516045 -0.059864793 999.64 
20150622155555 -0.41359833 -12.228385 1.988983 -0.08368854 -0.69974613 0.0030543262 999.62 
20150622155555 0.7152678 -13.828909 2.456451 0.17134771 -0.2779437 0.1441642 999.62 
20150622155555 1.4437037 -12.305598 3.9803603 0.21471913 -0.441961 0.19547687 999.62 
20150622155555 4.795586 -12.597691 4.5525746 -0.023518313 -0.8622363 -0.025961773 999.62 
20150622155555 1.2569559 -17.354969 3.5625722 -0.1459968 -1.3344351 -0.26175576 999.62 
20150622155555 1.4221559 -15.696386 1.6639702 0.21044308 -1.071763 -0.6236934 999.62 
20150622155555 3.7840357 -14.294581 -1.1312603 0.2929099 -0.5821546 -0.70432764 999.62 
20150622155555 2.3068132 -14.3975315 -3.445855 0.3943135 -0.046120327 -0.33414328 999.62 
20150622155555 1.6849195 -8.5383215 -1.2982559 0.2602286 0.70402217 0.05375614 999.62 
20150622155555 0.34835634 -4.7919946 0.5566519 -0.22815818 1.054048 0.23243423 999.6 
20150622155555 -1.2156559 -6.7612257 -2.7461493 -0.07941248 0.72509706 0.09193522 999.6 
20150622155555 0.0700304 -5.843049 -3.1334114 0.3539964 0.37384954 -0.18570304 999.6 
20150622155555 1.6424223 -5.5748987 -2.2254105 0.23793201 0.57451874 -0.118202426 999.6 
20150622155555 3.776853 -8.284536 -0.9475053 -0.35002577 0.70646566 -0.10598512 999.6 
20150622155555 4.2820296 -12.385804 0.47524905 -0.8943067 0.74006325 -0.39095375 999.6 
20150622155555 1.1312603 -14.939818 1.6196774 -1.1530081 0.7031059 -0.7174612 999.6 
20150622155555 -0.6584055 -11.219828 0.40581718 -1.0155635 1.1523973 -0.79290307 999.6 
20150622155555 -0.6715736 -8.416218 -0.777517 -0.602924 1.6032158 -0.23182335 999.6 
20150622155555 0.11252748 -6.371569 -0.004189853 -0.60048056 1.5833627 0.33841935 999.4 
20150622155555 0.6913257 -5.585074 -0.2777274 -0.8698721 1.6722436 0.6105598 999.4 
20150622155555 -0.9624691 -7.4190326 -0.56802434 -0.8561276 1.8380935 0.5137377 999.4 
20150622155555 -2.7246015 -10.951078 0.19931729 -0.66828656 1.9755383 0.03268129 999.4 
20150622155555 -2.2415714 -10.3214035 0.9175778 -0.58032197 1.8817704 -0.32498032 999.4 
20150622155555 0.22445641 -7.877522 1.2485762 -0.50335294 1.6609426 -0.3539964 999.4 
20150622155555 1.5382746 -7.9750857 1.2773066 -0.44257188 1.4596626 -0.115453534 999.4 
20150622155555 1.8201919 -8.842385 1.6412252 -0.32650748 1.258077 -0.24404067 999.4 
20150622155555 0.15143326 -9.354745 1.7244238 -0.23396139 1.1612549 -0.5002986 999.4 
20150622155555 -1.9482816 -9.200318 0.96905315 -0.20463985 1.2153164 -0.6585127 999.53 
20150622155555 -2.3403323 -8.95611 0.49799395 -0.20677789 1.3622295 -0.6365216 999.53 
20150622155555 -2.3918076 -9.11293 0.25198972 -0.3213151 1.5528195 -0.35613444 999.53 
20150622155555 -2.9921536 -10.62427 0.6386533 -0.4089743 1.4358387 -0.23273966 999.53 
20150622155555 -3.912724 -13.130401 -0.2172738 -0.52412236 1.1557571 -0.28955013 999.53 
20150622155555 -3.7576995 -13.302185 -0.55725044 -0.6618725 0.65668017 -0.35094208 999.53 
20150622155555 -1.9961656 -11.799225 -0.70509243 -0.70005155 0.32650748 -0.09468412 999.53 
20150622155555 -1.6178818 -11.120468 -2.345719 -0.6789767 -0.09040806 0.2003638 999.53 
20150622155555 -0.3657143 -12.689868 -3.527856 -0.41386122 -0.3811799 0.5015204 999.53 
20150622155555 3.3572693 -12.481572 -1.9566613 0.19822577 -0.76144356 0.7501425 999.47 
20150622155555 6.9623384 -13.963583 -0.26156655 0.7272351 -0.9294315 1.1902709 999.47 
20150622155555 5.7544637 -15.972917 -1.0199299 0.9053023 -1.072374 1.4929546 999.47 
20150622155555 4.6902413 -12.198458 -2.1906946 1.0916162 -1.0519099 1.3017539 999.47 
20150622155555 2.307412 -11.903971 -1.6819267 1.3869696 -0.9682214 0.82436264 999.47 
20150622155556 -2.4534583 -13.0519905 -0.78410107 1.3435981 -0.50671273 0.46578476 999.47 
20150622155556 -5.0146556 -13.126809 -0.700304 1.1960741 -0.12614368 -0.14630222 999.47 
20150622155556 -1.8387469 -9.114726 -1.2174516 1.2730432 -0.17287487 -0.3454443 999.47 
20150622155556 -1.7830818 -6.652888 0.13467385 1.2113458 -0.3594942 0.23548855 999.47 
20150622155556 -1.5179238 -6.241085 0.9624691 1.3417655 -0.82436264 0.27183503 999.51 
20150622155556 -0.12629414 -6.7145386 0.7781156 1.4703526 -1.8661933 0.09285152 999.51 
20150622155556 0.96905315 -7.2664022 0.43394905 1.3362677 -2.612976 0.16462818 999.51 
20150622155556 1.3437457 -7.0347633 0.5315128 1.1487321 -2.413834 0.24770586 999.51 
20150622155556 1.3748703 -5.93343 1.2324153 0.82833326 -2.165212 0.34269542 999.51 
20150622155556 1.5089456 -4.2730513 2.1859062 0.42638394 -1.9978348 0.45020768 999.51 
20150622155556 0.8678981 -4.207211 2.428319 0.1853976 -1.7489072 0.42210788 999.51 
20150622155556 -0.61052144 -5.877765 2.991555 0.10720685 -1.3869696 0.28344148 999.51 
20150622155556 -1.0660183 -6.745663 4.4514194 0.020158553 -1.0995574 0.129198 999.51 
20150622155556 -1.9740193 -8.34499 4.542998 -0.14905111 -0.87781334 0.10751228 999.53 
20150622155556 -2.7234044 -9.886257 3.4745853 -0.14508049 -0.6640105 0.1432479 999.53 
20150622155556 -1.5029601 -11.003153 3.043629 0.008857546 -0.38148534 0.26542094 999.53 
20150622155556 0.6422446 -13.102867 2.295441 0.16462818 -0.33108896 0.47128254 999.53 
20150622155556 1.1198878 -12.776657 3.3991678 0.17654006 -0.5552765 0.34025195 999.53 
20150622155556 3.2998085 -12.578537 4.3873744 0.03481932 -0.81397796 0.034513887 999.53 
20150622155556 1.1348516 -15.411476 4.256891 -0.14660765 -1.0961977 -0.33353242 999.53 
20150622155556 0.5009867 -14.083293 2.8904 0.0729984 -1.1746938 -0.59712076 999.53 
20150622155556 1.4281414 -13.399749 1.8189948 0.27214047 -1.0024298 -0.6936375 999.53 
20150622155556 1.4371196 -14.941015 -0.85772276 0.26847526 -0.8011498 -0.5009095 999.52 
20150622155556 2.327164 -11.138425 -2.2864625 0.18234327 -0.39461896 -0.10476339 999.52 
20150622155556 2.2625206 -5.8400564 -1.5095441 -0.26419923 0.15393804 0.37384954 999.52 
20150622155556 1.3970166 -5.276222 -2.297835 -0.47525316 0.6038403 0.48533243 999.52 
20150622155556 1.2096704 -5.348048 -3.1352072 -0.034513887 0.77518797 0.129198 999.52 
20150622155556 2.154183 -4.871602 -2.8562827 0.17959438 0.51159966 -0.3817908 999.52 
20150622155556 1.9566613 -6.83365 -1.6154876 -0.2443461 0.5708536 -0.46883908 999.52 
20150622155556 2.309806 -12.178107 -0.5734113 -0.7076874 0.8854492 -0.54702985 999.52 
20150622155556 0.29149407 -14.500483 1.0971429 -1.1337659 1.1774428 -0.6450737 999.52 
20150622155556 -0.9403227 -11.285668 1.5286977 -1.0409144 1.303281 -0.48899764 999.42 
20150622155556 -0.9091981 -9.519944 0.17537527 -0.7800749 1.4370605 -0.03145956 999.42 
20150622155556 -0.5847838 -7.7320743 0.32680854 -0.59681535 1.5360206 0.3659083 999.42 
20150622155556 0.11552023 -6.2129536 0.2717419 -0.7357872 1.784032 0.59437186 999.42 
20150622155556 -0.5374983 -6.8809357 0.01616086 -0.79137594 1.7650951 0.5308419 999.42 
20150622155556 -1.5765818 -8.862138 0.017357962 -0.6765333 1.6475036 0.26053402 999.42 
20150622155556 -1.7591397 -10.715848 0.6254852 -0.5497787 1.5418239 -0.0983493 999.42 
20150622155556 -0.39025488 -9.098565 1.0133458 -0.4813618 1.3796391 -0.16523905 999.42 
20150622155556 0.25378537 -8.05589 1.0618285 -0.4297437 1.3646729 0.0033597588 999.42 
20150622155556 0.48722005 -8.2169 1.1671734 -0.39461896 1.3319917 -0.01985312 999.44 
20150622155556 0.4417302 -8.714894 1.1061212 -0.35613444 1.3170254 -0.20738874 999.44 
20150622155556 -0.88166475 -9.422979 1.1707647 -0.3539964 1.3185526 -0.3924809 999.44 
20150622155556 -1.9656396 -9.20391 0.5081693 -0.3594942 1.3884968 -0.5403103 999.44 
20150622155556 -1.5951369 -8.76996 0.78290397 -0.3371976 1.4175128 -0.625526 999.44 
20150622155556 -1.8962077 -9.47206 0.7152678 -0.44257188 1.4517213 -0.53023106 999.44 
20150622155556 -2.2822728 -10.737994 0.011971008 -0.5723807 1.4110987 -0.49632803 999.44 
20150622155556 -3.235165 -13.422493 -0.50996494 -0.6383542 1.1328496 -0.52381694 999.44 
20150622155556 -2.8275523 -14.186244 -0.7194576 -0.79412484 0.93767816 -0.47219884 999.44 
20150622155556 -0.36750996 -13.148357 -0.93134445 -0.82833326 0.73426 -0.19364429 999.5 
20150622155557 -1.0660183 -13.202826 -3.2357635 -0.70707655 0.36468655 0.3032946 999.5 
20150622155557 -0.19153613 -13.468581 -3.5739446 -0.29718593 0.108123146 0.54702985 999.5 
20150622155557 2.973 -13.445837 -1.0133458 0.37873647 -0.07727446 0.83260936 999.5 
20150622155557 5.3247046 -15.208568 -0.51714754 0.9230174 -0.10629055 1.2760975 999.5 
20150622155557 4.0066967 -14.423868 -1.4131776 1.0842859 -0.39675698 1.4251486 999.5 
20150622155557 3.3500867 -12.006323 -2.1260512 1.244638 -0.548557 1.0577132 999.5 
20150622155557 1.3443443 -11.945869 -0.86490536 1.4923438 -0.528093 0.6383542 999.5 
20150622155557 -2.825158 -12.952033 -0.7565677 1.3704761 -0.3032946 0.07544186 999.5 
20150622155557 -2.996942 -12.090718 -0.670975 1.4370605 -0.36285394 -0.3381139 999.51 
20150622155557 -0.7517793 -8.717887 -0.7422025 1.459357 -0.5305365 -0.31795537 999.51 
20150622155557 -1.0684125 -6.093842 0.10594343 1.5570955 -0.6056729 0.060170226 999.51 
20150622155557 -1.240795 -5.740697 0.6955156 1.6597209 -1.3063353 -0.09315695 999.51 
20150622155557 0.05267244 -6.0902505 -0.08259996 1.5546521 -2.0619757 -0.2406809 999.51 
20150622155557 1.1605892 -5.9531827 -0.31004912 1.3151928 -2.3353379 -0.0571159 999.51 
20150622155557 1.3431472 -5.510854 0.43873745 1.0167851 -2.0894647 0.2144137 999.51 
20150622155557 1.2856863 -4.6579194 1.6621746 0.7254025 -1.9025398 0.35613444 999.51 
20150622155557 0.8762778 -3.8899791 2.7144263 0.43188173 -1.8787161 0.46303585 999.51 
20150622155557 -0.09876082 -6.290765 3.2034419 0.26939157 -1.611768 0.37934732 999.48 
20150622155557 -0.7930793 -7.08145 4.189853 0.1881465 -1.1545353 0.2489276 999.48 
20150622155557 -1.4209588 -8.486248 4.733337 0.06963864 -0.7984009 0.22693644 999.48 
20150622155557 -1.5729905 -9.856929 4.3520603 -0.06383542 -0.5992588 0.2003638 999.48 
20150622155557 -1.0163386 -11.380837 3.1244333 0.06688975 -0.39920044 0.23823744 999.48 
20150622155557 1.9099745 -14.560936 1.894412 0.2950479 -0.24831672 0.28619036 999.48 
20150622155557 1.881244 -13.021464 2.8832173 0.46639562 -0.23609942 0.2864958 999.48 
20150622155557 2.8383262 -10.266935 4.960786 0.19028452 -0.39370266 0.03573562 999.48 
20150622155557 3.8851907 -11.318588 5.229535 -0.30634892 -0.61269784 -0.23915374 999.48 
20150622155557 0.63087213 -15.366585 4.382586 -0.34300083 -0.7348709 -0.31856623 999.52 
20150622155557 -0.1933318 -13.1238165 1.714847 0.13836098 -0.6597345 -0.64843345 999.52 
20150622155557 1.8309658 -12.429498 0.11671733 0.37720928 -0.48747048 -0.52106804 999.52 
20150622155557 2.308609 -14.294581 -2.9239187 0.24129178 -0.21135938 -0.23915374 999.52 
20150622155557 2.460641 -10.165182 -2.3110032 0.14813483 0.11148291 0.18692477 999.52 
20150622155557 1.1139023 -6.485294 -0.5530606 -0.16920967 0.68019843 0.25350907 999.52 
20150622155557 -0.65182143 -7.0485296 -1.9542671 -0.019242255 0.9465357 -0.0571159 999.52 
20150622155557 -0.040102877 -6.4565635 -2.4720132 0.24801129 0.7415904 -0.5015204 999.52 
20150622155557 0.7009025 -5.7239375 -2.2517467 3.0543262E-4 0.8072584 -0.4538729 999.52 
20150622155557 0.7428011 -8.291121 -1.2156559 -0.65057147 0.9245446 -0.33964106 999.36 
20150622155557 1.5969325 -12.260108 -0.05267244 -1.0100657 1.0803152 -0.37415496 999.36 
20150622155557 -0.19153613 -13.080122 1.1605892 -1.2562444 0.84604836 -0.33841935 999.36 
20150622155557 -0.6488287 -10.439917 1.0217255 -1.1215485 0.929126 -0.26145032 999.36 
20150622155557 -0.724246 -8.531737 0.43993455 -0.7690793 1.2538009 0.10629055 999.36 
20150622155557 -0.073621705 -7.097611 0.5081693 -0.7415904 1.2388347 0.32162055 999.36 
20150622155557 0.4854244 -5.973533 0.40821138 -0.8597928 1.2892311 0.3481932 999.36 
20150622155557 -0.8996213 -7.6548615 0.49320555 -0.82253003 1.2544118 0.070249505 999.36 
20150622155557 -1.6017209 -9.510966 0.85532856 -0.6899723 1.0934488 -0.34391713 999.36 
20150622155557 -1.6472107 -9.225458 1.2749124 -0.6249151 0.9960158 -0.5323691 999.57 
20150622155557 -1.01574 -8.664018 1.3946224 -0.49602258 1.0042624 -0.5174029 999.57 
20150622155557 -0.16519992 -9.040505 0.93014735 -0.36774087 0.91232723 -0.3200934 999.57 
20150622155557 0.87328506 -9.532514 2.1188686 -0.2874121 0.7629707 -0.26633725 999.57 
20150622155557 1.2958617 -9.52593 2.8137856 -0.2959642 0.7370089 -0.21502456 999.57 
20150622155557 -0.7194576 -8.94773 0.57760113 -0.31490102 0.7675522 -0.16523905 999.57 
20150622155558 -2.9454668 -9.059061 0.54887074 -0.14446963 0.8539896 -0.20311269 999.57 
20150622155558 -3.5152867 -10.226234 0.7565677 -0.15974127 1.1722504 -0.21899518 999.57 
20150622155558 -3.5541923 -11.641207 0.30166942 -0.38728857 1.1484267 -0.1863139 999.57 
20150622155558 -4.4502225 -13.3704195 -0.9175778 -0.6151413 0.81092364 -0.29138273 999.49 
20150622155558 -3.2674868 -12.2080345 -0.5758055 -0.72234815 0.42119157 -0.2929099 999.49 
20150622155558 -1.4532804 -11.522096 -0.4417302 -0.745561 0.031154128 -0.030848695 999.49 
20150622155558 -0.7248446 -11.379042 -1.2569559 -0.67103547 -0.3594942 0.49968776 999.49 
20150622155558 1.0875661 -12.354679 -3.2968156 -0.14446963 -0.6423248 0.8903361 999.49 
20150622155558 4.296395 -14.151527 -1.1007342 0.41691554 -0.7663304 1.1386528 999.49 
20150622155558 4.9458222 -19.60133 -1.1875241 0.84971356 -0.63285637 1.5012014 999.49 
20150622155558 5.6820393 -15.810111 -1.9919758 1.185384 -0.70157874 1.3374895 999.49 
20150622155558 3.626617 -12.7575035 -1.7657237 1.4165965 -1.2012665 0.9990701 999.49 
20150622155558 0.2184709 -12.943054 0.062249243 1.4691309 -0.75747293 0.58062744 999.4 
20150622155558 -3.2734723 -12.981361 -0.29867667 1.2831224 -0.30482176 -0.15271631 999.4 
20150622155558 -1.2150574 -10.311827 -1.3485341 1.3967434 -0.48166725 -0.419359 999.4 
20150622155558 -1.2000936 -7.191583 -0.83018947 1.3918564 -0.50579643 -0.08552113 999.4 
20150622155558 -1.5472529 -5.7119665 0.3453636 1.5720617 -0.5338962 0.08857546 999.4 
20150622155558 -0.05626374 -4.993108 -0.015562311 1.6850718 -1.534799 -0.09621128 999.4 
20150622155558 1.3132197 -4.9105077 -0.32621 1.5170839 -2.5476136 -0.051618114 999.4 
20150622155558 1.8124107 -4.5962687 0.5602432 1.2388347 -2.624888 0.035124753 999.4 
20150622155558 1.7711107 -4.2239704 1.8136078 0.86284715 -2.3677137 0.1414153 999.4 
20150622155558 1.3934253 -3.9881415 2.7665 0.4428773 -2.2149973 0.20647246 999.52 
20150622155558 0.97743285 -5.446809 3.4931402 0.20799962 -1.9617938 0.13988814 999.52 
20150622155558 0.35553896 -6.2392898 4.171298 0.021380283 -1.4126259 0.07513642 999.52 
20150622155558 -1.1312603 -7.643489 3.8965633 -0.09132435 -1.0021244 0.061391957 999.52 
20150622155558 -2.2936451 -9.849147 5.083489 -0.172264 -0.53878313 -0.0106901415 999.52 
20150622155558 -2.4534583 -11.969811 5.0212393 -0.18570304 -0.23640485 0.009162978 999.52 
20150622155558 -0.27593175 -12.197859 4.2054152 0.028405234 -0.22815818 0.23060162 999.52 
20150622155558 3.3494883 -13.866019 3.3877954 0.43463063 -0.33353242 0.5497787 999.52 
20150622155558 4.735132 -12.602479 3.7337575 0.41080686 -0.25411993 0.6441574 999.52 
20150622155558 5.655703 -11.697471 4.745308 0.18997909 -0.36071593 0.28160888 999.66 
20150622155558 1.0809821 -15.966332 4.6016555 -0.14660765 -0.6258314 -0.33628133 999.66 
20150622155558 0.5327099 -13.297995 3.5242648 0.19517145 -0.6582073 -0.9502009 999.66 
20150622155558 0.7637503 -11.563994 2.5462334 0.32070425 -0.7101309 -0.97402465 999.66 
20150622155558 1.0552444 -13.368624 -2.172738 0.4364632 -0.6407976 -0.5546656 999.66 
20150622155558 0.64583594 -12.546814 -2.9376855 0.30024028 -0.27214047 -0.029932396 999.66 
20150622155558 1.3533225 -7.4483614 -1.714847 -0.06261369 0.36987892 0.39706242 999.66 
20150622155558 -0.4794389 -7.5213847 -1.4646529 -0.22876903 0.68936145 0.4801401 999.66 
20150622155558 -1.8124107 -7.5830355 -2.2703018 -0.0290161 0.55924714 -0.16065755 999.66 
20150622155558 -1.4670471 -6.947375 -2.4732103 -0.011301007 0.6026186 -0.34972036 999.5 
20150622155558 0.39803603 -7.1472907 -1.7016789 -0.44409904 0.81031275 -0.15882497 999.5 
20150622155558 4.7081976 -10.776301 0.6476316 -1.0800097 0.9294315 -0.05100725 999.5 
20150622155558 3.4344823 -11.868656 1.4670471 -1.271516 0.7516697 -0.074830994 999.5 
20150622155558 0.61291564 -10.245986 0.53091425 -1.1169671 0.6062838 -0.3182608 999.5 
20150622155558 -0.36272156 -8.119336 -0.6242881 -0.850019 1.0589349 -0.3387248 999.5 
20150622155558 -0.27593175 -6.771401 -0.24600422 -0.70341134 1.3924674 0.00580322 999.5 
20150622155558 0.24839842 -6.117185 -0.729633 -0.97158116 1.7754798 0.23335053 999.5 
20150622155558 -1.0324994 -7.351396 -0.5033809 -1.0571023 2.0781636 0.25259277 999.5 
20150622155558 -2.1649568 -9.490616 0.64583594 -0.97066486 2.1276436 0.008246681 999.47 
20150622155558 -1.9806033 -9.919178 0.7589619 -0.8164214 1.9856175 -0.3472769 999.47 
20150622155559 -0.7212533 -8.5383215 1.2587515 -0.625526 1.7272215 -0.44165558 999.47 
20150622155559 0.10414778 -8.6257105 1.1378443 -0.46761733 1.642922 -0.3662137 999.47 
20150622155559 0.789488 -8.809465 1.8884265 -0.28313604 1.5418239 -0.4251622 999.47 
20150622155559 0.92416185 -8.743026 2.4654293 -0.28221974 1.3680327 -0.5314528 999.47 
20150622155559 -0.43873745 -8.651448 1.435324 -0.28221974 1.2993103 -0.5644395 999.47 
20150622155559 -3.4368765 -9.455899 1.1450269 -0.1957823 1.2904528 -0.6010914 999.47 
20150622155559 -4.023456 -9.966463 1.1180922 -0.28710666 1.3753631 -0.6261369 999.47 
20150622155559 -2.956839 -10.837953 0.6326678 -0.49113566 1.2654073 -0.39920044 999.46 
20150622155559 -3.8349125 -13.262082 -1.1599907 -0.63713247 0.883922 -0.24312437 999.46 
20150622155559 -4.3981485 -14.556148 -1.1659763 -0.8381071 0.57360244 -0.28588495 999.46 
20150622155559 -2.2242134 -12.97777 -2.0817583 -0.8943067 0.26328292 -0.19242255 999.46 
20150622155559 -1.4119805 -12.343905 -2.3624785 -0.65179324 -0.4166101 0.39950588 999.46 
20150622155559 0.08259996 -12.5743475 -2.8736405 -0.17470746 -0.7144069 0.7275405 999.46 
20150622155559 2.8814218 -12.120048 -1.9488802 0.7498371 -0.95081174 1.1420126 999.46 
20150622155559 5.5743003 -14.5645275 -0.24420857 1.1221595 -1.0732902 1.6401732 999.46 
20150622155559 5.3821654 -14.054563 -4.981137 1.3292428 -0.86406887 1.7898352 999.46 
20150622155559 4.2838254 -11.634025 -1.2940661 1.7150042 -0.904386 1.59558 999.37 
20150622155559 -2.2613235 -14.10125 1.2479776 1.6966782 -1.0253373 1.1930199 999.37 
20150622155559 -4.847061 -16.054918 0.80804306 1.3161092 -1.0103711 0.33475417 999.37 
20150622155559 -1.714847 -10.943297 -1.1821371 1.3674219 -0.90102625 -0.10720685 999.37 
20150622155559 -2.5234885 -6.333262 0.3345897 1.2675453 -0.806953 0.39522982 999.37 
20150622155559 -2.510919 -6.2488666 1.7764976 1.3784174 -0.4868596 0.58123827 999.37 
20150622155559 -0.26276365 -6.730101 1.151611 1.2993103 -1.6578883 0.2574797 999.37 
20150622155559 1.1204864 -5.9364233 0.2861071 1.1780536 -2.6465738 0.10293079 999.37 
20150622155559 1.644218 -4.5555673 0.825401 1.1212431 -2.606562 0.051618114 999.37 
20150622155559 1.5388732 -3.9594111 1.6382325 0.7703011 -2.3698518 0.17165314 999.49 
20150622155559 1.5813702 -3.5212722 1.7956513 0.38331795 -2.2342396 0.26419923 999.49 
20150622155559 0.5710171 -3.5924997 2.15957 0.07360926 -1.8933768 0.22418754 999.49 
20150622155559 -0.7529764 -4.4981065 3.1064768 -0.13713925 -1.5219707 -0.02321288 999.49 
20150622155559 -1.5640123 -6.05733 5.194819 -0.3640757 -1.2669345 -0.2602286 999.49 
20150622155559 -1.9578584 -7.599196 5.8442464 -0.55924714 -1.2205088 -0.40530908 999.49 
20150622155559 -2.4013844 -8.920795 3.0573955 -0.42149702 -1.16492 -0.41691554 999.49 
20150622155559 -1.122282 -11.759122 1.0576386 0.22204952 -0.8695667 -0.19364429 999.49 
20150622155559 1.8375498 -18.68016 2.2409728 0.5656612 -0.49021935 0.23090707 999.49 
20150622155559 2.633622 -16.599 3.8001966 0.41355577 -0.45570546 0.4792238 999.59 
20150622155559 6.522404 -11.282676 6.1638722 0.115453534 -0.6218608 0.4279111 999.59 
20150622155559 3.369839 -13.748703 5.4743423 -0.15790866 -1.003957 0.10598512 999.59 
20150622155559 2.4594438 -14.920067 2.4905684 0.25320363 -1.2076806 -0.35094208 999.59 
20150622155559 1.9099745 -13.4979105 1.8620903 0.65668017 -0.93218035 -0.7852673 999.59 
20150622155559 0.7392098 -13.384186 -1.0342951 0.5320636 -0.2742785 -0.6123924 999.59 
20150622155559 0.05746084 -8.268974 -1.1935096 0.21624629 0.3323107 -0.2968805 999.59 
20150622155559 -0.36272156 -6.76362 -1.3257892 -0.050396383 0.3903429 0.06291912 999.59 
20150622155559 -0.8972271 -7.117363 -3.0178912 -0.048563786 0.40103304 0.26816985 999.59 
20150622155559 -0.8170213 -6.356007 -3.8827965 0.2501493 0.5842926 -0.1459968 999.49 
20150622155559 -0.44232875 -6.646304 -3.2202013 0.13530666 0.8155051 -0.25167647 999.49 
20150622155559 2.3127987 -9.376292 -0.6775591 -0.5335908 0.87964594 -0.19547687 999.49 
20150622155559 3.5697548 -12.509106 1.6825253 -1.3051136 0.95539325 -0.19608775 999.49 
20150622155559 1.8177977 -12.039244 3.0059202 -1.4511104 0.73853606 -0.3399465 999.49 
20150622155559 1.1432313 -10.069414 1.0486604 -1.1823297 0.5348125 -0.40775254 999.49 
20150622155559 0.97743285 -7.6829934 -0.492607 -0.7098254 0.8622363 -0.014660766 999.49 
20150622155600 0.7086837 -5.923255 -0.8463503 -0.6563747 1.4434745 0.27763826 999.49 
20150622155600 -0.10295067 -5.5509567 -0.42317516 -0.9682214 1.9443841 0.30268374 999.49 
20150622155600 -1.7351977 -7.2352777 -0.2741361 -1.1362094 2.0680842 0.1853976 999.43 
20150622155600 -3.196858 -10.332177 0.41718966 -1.0760391 2.01555 -0.13836098 999.43 
20150622155600 -2.271499 -9.843162 0.5895722 -0.9236283 1.9538525 -0.33108896 999.43 
20150622155600 0.2753332 -7.510012 0.9816227 -0.8017606 1.8829921 -0.25137106 999.43 
20150622155600 0.97025025 -7.6764092 1.958457 -0.59620446 1.8606955 -0.043982297 999.43 
20150622155600 0.5805939 -8.704719 2.088941 -0.30909783 1.6291776 -0.21960606 999.43 
20150622155600 -1.3503298 -9.77792 1.775899 -0.1826487 1.3176364 -0.43982297 999.43 
20150622155600 -2.992752 -10.115502 1.3802572 -0.20830505 1.3857478 -0.52687126 999.43 
20150622155600 -2.8652608 -9.6528225 1.4957775 -0.23915374 1.5851953 -0.3594942 999.43 
20150622155600 -3.0765493 -9.264363 0.362123 -0.34055737 1.6588045 -0.0030543262 999.53 
20150622155600 -3.1711202 -9.952697 1.3940239 -0.40744713 1.5076154 0.02107485 999.53 
20150622155600 -3.0370448 -11.112687 -0.18435353 -0.5012149 1.0256428 -0.18081611 999.53 
20150622155600 -4.5202527 -13.992313 -0.37708676 -0.6209445 0.58184916 -0.44440445 999.53 
20150622155600 -1.4754268 -12.339117 -0.9876082 -0.689056 0.24953845 -0.462425 999.53 
20150622155600 0.05207389 -12.236166 -1.6693572 -0.7440339 -0.21105394 -0.058948494 999.53 
20150622155600 1.4508862 -12.995129 -3.7445314 -0.56138515 -0.5021312 0.5363397 999.53 
20150622155600 4.899135 -14.597447 -3.1872811 0.31429017 -0.7067711 0.8374963 999.53 
20150622155600 4.7644615 -19.078794 -2.0979192 0.9334021 -0.8240572 1.1841623 999.53 
20150622155600 4.921282 -16.963518 -0.23044191 1.1615603 -0.70646566 1.2366967 999.51 
20150622155600 4.074931 -13.520656 -1.9865888 1.2892311 -1.0598512 0.97310835 999.51 
20150622155600 1.0187328 -12.604275 -1.4024036 1.5500705 -1.2311989 0.838718 999.51 
20150622155600 -3.0172927 -12.537237 -1.9913772 1.5280794 -0.20738874 0.40561453 999.51 
20150622155600 -3.2393548 -10.221446 -1.2970588 1.5091426 0.059253927 -0.05222898 999.51 
20150622155600 -2.2732944 -6.6492968 -0.717662 1.2153164 -0.17867808 0.09437868 999.51 
20150622155600 -2.2589293 -5.2301335 0.52073884 1.2278391 -0.3662137 0.43066 999.51 
20150622155600 -0.64942724 -4.665102 0.6266823 1.4138476 -1.4391985 0.16462818 999.51 
20150622155600 0.670975 -5.0876784 -0.073621705 1.5192219 -2.5589144 -0.15149458 999.51 
20150622155600 1.2156559 -4.9057193 0.044891283 1.3335189 -3.0699034 -0.15699236 999.63 
20150622155600 1.2826935 -3.8337154 1.271321 1.1136073 -2.7510316 -0.05222898 999.63 
20150622155600 1.1773487 -2.980781 2.4720132 0.7147123 -2.574186 0.09315695 999.63 
20150622155600 0.66858083 -4.243124 3.0382419 0.38453966 -2.3683245 0.23548855 999.63 
20150622155600 0.08738836 -5.007473 3.7499185 0.18387043 -1.8121318 0.2773328 999.63 
20150622155600 -1.0522517 -6.419453 3.620033 0.06566802 -1.2614367 0.25045475 999.63 
20150622155600 -2.255338 -8.563461 3.233968 -0.025045475 -0.96974856 0.13958271 999.63 
20150622155600 -1.9620483 -9.81503 3.4560301 0.07452556 -0.6762278 0.13775012 999.63 
20150622155600 -1.401805 -14.471752 2.6677392 0.34238997 -0.7067711 0.28160888 999.63 
20150622155600 2.11827 -16.229095 3.4422636 0.4071417 -0.8017606 0.3115413 999.57 
20150622155600 3.4889505 -11.643601 6.5505357 0.17256944 -0.5635232 0.3662137 999.57 
20150622155600 5.209184 -10.898406 6.1129956 -0.15760323 -0.5503896 0.10048734 999.57 
20150622155600 2.0811598 -15.016433 3.775656 -0.20555615 -0.9993755 -0.13439035 999.57 
20150622155600 3.0735564 -14.068329 1.4945804 0.37232238 -1.1053606 -0.602924 999.57 
20150622155600 3.5871127 -14.785991 -0.2088941 0.61086524 -0.8237518 -0.6921103 999.57 
20150622155600 0.94451255 -15.070901 -2.355296 0.3399465 -0.30207285 -0.44532076 999.57 
20150622155600 1.271321 -8.263587 -1.9476831 0.24923302 0.25350907 -0.26542094 999.57 
20150622155600 -0.44472298 -4.5872903 -0.7918822 -0.15760323 0.51159966 0.06780604 999.57 
20150622155600 -2.1374235 -6.9306154 -2.2056582 0.035124753 0.4905248 0.1414153 999.57 
20150622155600 -1.5011644 -6.976105 -3.1902738 0.37782016 0.4822781 -0.3933972 999.57 
20150622155600 -0.2172738 -7.20116 -2.825158 0.14996742 0.8961393 -0.32711834 999.57 
20150622155601 1.3257892 -9.130288 -1.1384429 -0.6236934 0.98471475 -0.2134974 999.57 
20150622155601 3.1615434 -10.616488 1.0821792 -1.3005321 0.9682214 -0.22999077 999.57 
20150622155601 2.5552118 -11.5951185 2.5659857 -1.4947872 0.5714644 -0.26145032 999.57 
20150622155601 0.44771573 -11.049839 0.7667431 -1.3176364 0.52381694 -0.23945917 999.57 
20150622155601 0.044292733 -8.223484 -0.64583594 -0.8567385 1.0415252 -0.055588737 999.57 
20150622155601 0.50278234 -6.405687 -0.26156655 -0.73792523 1.400714 0.2593123 999.57 
20150622155601 0.7140707 -5.977723 -0.12808979 -0.9086621 1.6520851 0.3912592 999.4 
20150622155601 -0.28072014 -6.908469 0.017357962 -1.0366384 1.7867808 0.3286455 999.4 
20150622155601 -1.192911 -9.13388 0.16998832 -0.8848383 1.917506 0.027488936 999.4 
20150622155601 -1.8764555 -10.153211 0.39803603 -0.7272351 1.8668042 -0.16829337 999.4 
20150622155601 -0.5883751 -8.924387 1.7842789 -0.56199604 1.8133535 -0.26419923 999.4 
20150622155601 -0.6452374 -9.202713 1.9458874 -0.4034765 1.7583756 -0.16462818 999.4 
20150622155601 -0.8062474 -9.59177 1.9219455 -0.24984388 1.5393804 -0.32834008 999.4 
20150622155601 -1.0767922 -9.438541 1.6412252 -0.2947425 1.4810427 -0.4352415 999.4 
20150622155601 -1.7770962 -8.2593975 0.45010993 -0.34116822 1.6175711 -0.40286562 999.4 
20150622155601 -2.2720973 -7.791331 -0.04189853 -0.12064589 1.752267 -0.3894266 999.62 
20150622155601 -2.665345 -9.080608 0.19572599 -0.070249505 1.4834863 -0.37843102 999.62 
20150622155601 -3.6230257 -11.604695 0.1604115 -0.29718593 1.1133019 -0.40744713 999.62 
20150622155601 -3.9630024 -14.382568 -0.007182605 -0.5751296 0.7733554 -0.49418998 999.62 
20150622155601 -2.5234885 -13.031041 -0.78290397 -0.8530733 0.3381139 -0.43676865 999.62 
20150622155601 -1.0947487 -11.877635 -1.4030021 -0.8570439 0.032986723 -0.14538592 999.62 
20150622155601 -0.84814596 -11.469423 -2.8341362 -0.7113526 -0.2959642 0.3231477 999.62 
20150622155601 0.79726917 -12.316372 -4.0144777 -0.4877759 -0.4783075 0.7309003 999.62 
20150622155601 3.982156 -13.187263 -2.404377 0.18845193 -0.63499445 1.0351112 999.62 
20150622155601 7.418434 -15.619772 -0.7086837 0.7302894 -0.6545421 1.3057245 999.58 
20150622155601 5.81791 -15.814301 -1.6340426 0.91354895 -0.8136725 1.5552629 999.58 
20150622155601 5.185242 -12.204443 -2.1003134 1.1777482 -0.870483 1.2040154 999.58 
20150622155601 1.4718355 -13.330915 0.035913024 1.4688255 -0.6252206 0.9810496 999.58 
20150622155601 -2.5145104 -14.016854 -0.8086416 1.4288138 -0.2648101 0.38026363 999.58 
20150622155601 -4.5753193 -13.422493 -1.2856863 1.3869696 0.14172074 -0.0983493 999.58 
20150622155601 -2.7611132 -9.154829 -1.1139023 1.3460416 0.27305678 0.087659165 999.58 
20150622155601 -2.3756466 -6.362591 -0.6344634 1.3038919 0.3042109 0.5549711 999.58 
20150622155601 -1.4371196 -5.7041855 0.6332663 1.520749 -0.31642818 0.49357912 999.58 
20150622155601 0.29987377 -5.990891 0.7086837 1.6142114 -2.0421226 0.10476339 999.5 
20150622155601 1.0480618 -6.5403605 0.83617496 1.4159856 -2.9620855 -0.061086524 999.5 
20150622155601 1.0857705 -5.9561753 1.3796587 1.0204504 -2.7375927 -0.095294975 999.5 
20150622155601 0.7493851 -4.8548427 1.7010803 0.56321776 -2.40742 -0.08307768 999.5 
20150622155601 0.31783026 -3.6302083 1.9393034 0.17073683 -1.953547 -0.024129177 999.5 
20150622155601 -0.59735334 -5.0906715 3.103484 -0.021685716 -1.4410311 0.013439035 999.5 
20150622155601 -1.775899 -5.9998693 3.5464113 -0.22266038 -1.1530081 0.009773844 999.5 
20150622155601 -2.778471 -7.5112095 4.31495 -0.3323107 -1.0048733 -0.019547688 999.5 
20150622155601 -2.3062148 -8.813655 4.709395 -0.3567453 -0.9431759 -0.098043874 999.5 
20150622155601 -0.9044097 -10.2896805 2.4953568 -0.18753563 -0.87964594 0.021380283 999.51 
20150622155601 1.6502035 -14.848839 1.9865888 0.2764165 -0.7800749 0.27214047 999.51 
20150622155601 3.079542 -14.88535 3.2465374 0.3903429 -0.41325033 0.38453966 999.51 
20150622155601 3.0544028 -11.401787 5.1636944 0.21166481 -0.3359759 0.3811799 999.51 
20150622155601 3.9707835 -10.9025955 4.256891 -0.11301007 -0.75502944 0.15118915 999.51 
20150622155601 0.83617496 -14.998477 2.6910827 -0.22815818 -1.2483032 -0.15974127 999.51 
20150622155601 2.3439236 -13.885173 0.58897364 0.38606682 -1.1398746 -0.7812967 999.51 
