20150622194636 -10.310031 4.722563 -5.995081 0.56077427 -0.31429017 0.11178834 999.96 
20150622194636 -8.650849 2.1769278 -11.990761 -0.09468412 0.2874121 0.30207285 999.96 
20150622194636 -10.707469 -0.24779987 -8.407239 -0.13133603 2.0344868 0.44135013 999.96 
20150622194636 -12.501923 0.9528923 -9.520543 -0.39675698 2.0045543 0.09468412 999.96 
20150622194636 -12.885593 0.5231331 -6.237494 0.15577064 3.0543262E-4 -0.08979719 999.96 
20150622194636 -10.860099 -1.198298 -2.054225 0.30604348 -0.33505958 -0.11362094 999.96 
20150622194636 -8.637083 -0.5374983 -2.212841 0.17256944 -0.93187493 -0.08460484 999.87 
20150622194636 -8.041525 1.5304934 -5.9250507 0.076052725 -1.0806206 -0.080634214 999.87 
20150622194636 -8.393473 2.0135236 -4.2778397 0.30604348 -0.30573806 -0.20616703 999.87 
20150622194636 -7.838018 1.1677719 -2.7168205 0.4288274 0.6658431 -0.5323691 999.87 
20150622194636 -6.59004 0.49559975 -1.8668787 0.27122417 0.3463606 -1.1301007 999.87 
20150622194636 -5.0942626 0.24361002 -0.7691373 0.21868975 -0.29046643 -1.2663237 999.87 
20150622194636 -3.2662897 0.11971009 0.49679685 -0.006414085 -0.5186246 -1.1429288 999.87 
20150622194636 -2.2918496 -0.50876784 0.14844051 -0.22052236 -0.5308419 -0.883922 999.87 
20150622194636 -2.529474 -1.520318 -1.7962499 -0.17623462 -0.3378085 -0.7076874 999.87 
20150622194636 -3.0202854 -2.2667105 -2.9753942 -0.0015271631 -0.1554652 -0.5656612 999.87 
20150622194636 -6.5607114 -3.433884 -1.6292542 0.32498032 0.11636983 -0.40683624 999.87 
20150622194636 -9.862315 -2.6623523 -0.20649989 0.3368922 -0.25320363 -0.31795537 999.87 
20150622194636 -12.512696 -1.7489643 -1.4514848 0.13561209 -0.79259765 -0.089186326 999.87 
20150622194636 -12.959215 -0.78050977 -0.9331401 0.076358154 -0.8582657 0.0290161 999.87 
20150622194636 -11.498154 -1.0384849 -0.019752163 0.06414085 -0.80970186 0.026267206 999.87 
20150622194636 -13.096882 -1.6112977 2.6856956 0.12064589 -0.872621 -0.031154128 999.87 
20150622194636 -13.772645 -1.174356 6.821679 0.09285152 -1.2198979 0.04337143 999.87 
20150622194636 -14.623185 -1.650802 5.613206 -0.27183503 -1.1829406 -0.021685716 999.87 
20150622194636 -15.724518 -4.642357 5.671864 -0.32986724 -1.389413 -0.2171626 999.83 
20150622194636 -12.741941 -3.9228995 -3.0532057 -0.56199604 -0.98868537 -0.17592919 999.83 
20150622194636 -10.143634 -3.4757824 -16.183607 -0.5635232 -0.80848014 0.3200934 999.83 
20150622194636 -15.316905 -1.2378023 -14.420876 -0.30879238 0.7498371 0.29229903 999.83 
20150622194636 -15.967529 1.0911574 -4.630985 0.4156938 2.8735101 -0.37873647 999.83 
20150622194636 -12.690466 1.9973627 -1.1695676 0.38728857 0.4288274 -0.49266282 999.83 
20150622194636 -9.888053 1.6759412 0.98820674 0.17592919 -1.2779301 -0.31123585 999.83 
20150622194636 -7.7494326 -0.9935937 0.19273324 0.064446285 -1.6108516 0.14202617 999.83 
20150622194636 -4.912902 -1.4185646 -1.5975311 0.086132 -0.66156703 0.54428095 999.83 
20150622194636 -3.0963013 -1.1115081 -2.2260091 0.10476339 0.37782016 0.93034774 999.87 
20150622194636 -3.2381577 -0.9283517 -0.46866497 0.06994407 1.1481212 1.0842859 999.87 
20150622194636 -2.754529 -0.85772276 -1.3521254 -0.1441642 1.3646729 1.1068878 999.87 
20150622194636 -3.1268275 0.076015905 -1.4706384 0.14874569 1.0656544 1.0219775 999.87 
20150622194636 -2.8095956 1.8620903 -2.9179332 0.20616703 0.70402217 0.75686204 999.87 
20150622194636 -5.313332 2.6180596 -3.982156 0.16340645 0.84391034 0.71959925 999.87 
20150622194636 -7.3088994 2.9119477 -3.0142999 0.1151481 0.93309665 0.49174652 999.87 
20150622194636 -9.156625 2.9873652 -2.6270378 0.37507126 0.9092729 0.16187929 999.87 
20150622194636 -9.679757 3.3955765 1.6543933 0.6817256 -0.40653083 -0.049785517 999.87 
20150622194636 -9.199121 1.1653777 6.0172276 0.66859204 -1.7684549 -0.12492194 999.9 
20150622194636 -13.057378 1.5167267 7.644686 0.8142834 -2.9416215 -0.1994475 999.9 
20150622194636 -16.29793 2.6408045 7.972093 0.9663888 -3.3964107 -0.31703907 999.9 
20150622194636 -15.227123 3.3824084 6.851008 0.49418998 -2.905275 0.061391957 999.9 
20150622194637 -13.14297 6.530185 6.743269 0.55771995 -1.0528263 0.4147775 999.9 
20150622194637 -15.134348 6.91625 2.3780408 0.5390886 -0.46670106 0.6010914 999.9 
20150622194637 -14.225748 2.0452468 -4.268862 0.6044512 -0.7528914 0.14660765 999.9 
20150622194637 -12.479776 1.2940661 -11.746552 0.74189585 -0.17592919 -0.3885103 999.9 
20150622194637 -11.712435 0.59376204 -19.066824 -0.011911872 1.9715676 0.1432479 999.9 
20150622194637 -16.180614 1.1055226 -8.644864 -0.36102137 4.7635274 0.68630713 999.9 
20150622194637 -12.600085 0.14065935 -1.0301052 -0.95264435 3.6346483 0.36774087 999.9 
20150622194637 -8.770559 -0.6254852 -0.4938041 -0.2510656 -1.0910053 -0.04917465 999.9 
20150622194637 -6.247669 0.08259996 -0.2657564 -0.022602014 -2.0909917 -0.3827071 999.9 
20150622194637 -4.4687777 0.40462008 1.1312603 0.011301007 -1.7024814 -0.69058317 999.9 
20150622194637 -3.2752678 0.4441244 1.6496049 -0.13469578 -1.0231993 -0.9126327 999.9 
20150622194637 -2.7407625 0.25498247 -0.018555064 -0.076052725 -0.59895337 -1.094976 999.9 
20150622194637 -2.6779146 0.16759412 -0.74519527 0.10140363 0.020158553 -1.2858714 999.9 
20150622194637 -2.9011738 -0.5793968 -1.2366052 0.129198 0.6160576 -1.3182472 999.9 
20150622194637 -3.6134489 -1.3940239 -2.8095956 0.10873401 0.9104946 -1.1841623 999.88 
20150622194637 -3.6332011 -1.163582 -4.3873744 0.1386664 1.078788 -0.84482664 999.88 
20150622194637 -5.7305217 -1.7908629 -3.867833 0.087659165 1.1997393 -0.33383787 999.88 
20150622194637 -9.576208 -1.8297687 -0.33039984 -0.23976462 0.8723156 -0.08857546 999.88 
20150622194637 -12.880207 -2.1122844 3.0370448 -0.57604593 -0.040317107 0.1001819 999.88 
20150622194637 -12.556391 -3.57993 5.771822 -0.47433686 -0.98868537 0.32834008 999.88 
20150622194637 -10.761338 -4.0563765 2.135628 -0.35185838 -2.3115141 0.35124752 999.88 
20150622194637 -12.826337 -2.088941 5.294777 0.15332718 -2.525317 0.17684549 999.88 
20150622194637 -13.957598 -0.3274071 8.616134 0.07880162 -0.7284568 0.060170226 999.88 
20150622194637 -16.773777 -2.9616275 8.258799 -0.17745635 -0.6563747 -0.023823744 999.88 
20150622194637 -13.586496 -2.4540567 4.586692 -0.17165314 -1.1795808 -0.45937067 999.88 
20150622194637 -8.197746 -0.16759412 -15.355811 -0.37934732 -0.9914343 -0.21502456 999.88 
20150622194637 -16.641497 -2.3157916 -18.818426 -0.52870387 0.29168814 0.20311269 999.88 
20150622194637 -19.60911 -0.6596026 -9.419388 0.051923547 5.513975 -0.33567044 999.88 
20150622194637 -16.231491 0.48602295 -4.0545807 0.20433442 3.4837644 -0.4465425 999.88 
20150622194637 -11.8261595 1.0779893 -1.1007342 0.441961 -0.25350907 -0.21013765 999.88 
20150622194637 -7.4603324 0.7787141 1.7471687 0.47158796 -1.4856243 0.11209377 999.88 
20150622194637 -3.7660792 -0.3609259 -1.1857284 0.30573806 -1.4132367 0.49113566 999.88 
20150622194637 -2.2134395 -0.6536171 -0.39624038 0.38728857 -0.81153446 0.7495316 999.9 
20150622194637 -1.8327614 -0.28311434 -0.8912416 0.19822577 0.56291234 0.8335256 999.9 
20150622194637 -1.8171991 -0.5895722 -1.8363527 0.024129177 1.0693196 0.8173377 999.9 
20150622194637 -1.0893618 -0.22685061 -3.352481 0.34238997 1.2327261 0.6059783 999.9 
20150622194637 0.062249243 1.4161704 -6.8013287 0.5494733 1.5506815 0.56169057 999.9 
20150622194637 -5.0158525 1.7705121 -3.7989995 0.5696318 1.2867876 0.4999932 999.9 
20150622194637 -8.097789 2.4103625 -1.3024458 0.50823987 1.0189233 0.2947425 999.9 
20150622194637 -9.755774 1.3078327 2.6940753 0.7357872 0.098043874 0.10476339 999.9 
20150622194637 -10.763732 0.9044097 6.70975 1.1224649 -0.58093286 -0.07238753 999.9 
20150622194637 -11.771092 0.57400984 4.4675803 1.1111639 -1.9410243 -0.14508049 999.9 
20150622194637 -12.217611 2.9700072 1.4939818 1.2159272 -2.0140228 -0.029321533 999.9 
20150622194637 -11.921329 5.2720323 0.6278794 0.9492846 -0.88422745 0.06963864 999.9 
20150622194637 -15.991471 4.7159786 1.6328455 0.6291912 -0.016493361 0.18325958 999.9 
20150622194637 -14.126389 4.378995 4.7321396 0.6597345 0.6215554 -0.14294247 999.9 
20150622194637 -14.12579 4.923077 7.879916 0.7858781 -0.14019357 0.08246681 999.9 
20150622194637 -12.000936 0.22505496 -2.4115596 0.6041457 -1.2913691 0.56291234 999.9 
20150622194637 -14.152725 -3.2136173 -19.608511 0.7669413 -1.2910637 0.24556783 999.9 
20150622194637 -15.360001 0.66738373 -16.209345 0.42455134 0.93126404 -0.36560285 999.9 
20150622194638 -17.274166 1.6484078 -5.377377 -0.08307768 5.468466 1.0054842 999.89 
20150622194638 -13.543999 -0.6937199 -3.702633 -0.75625116 1.3750577 0.86498517 999.89 
20150622194638 -10.128072 -1.5747862 1.1641805 -0.10140363 -1.9107865 0.09621128 999.89 
20150622194638 -8.492832 -0.55964464 1.7729063 -0.1469131 -2.0005836 -0.1001819 999.89 
20150622194638 -6.169858 0.6895301 -0.16160862 0.016187929 -1.8228219 -0.37598756 999.89 
20150622194638 -4.6483426 0.79367787 -1.9865888 0.028099801 -0.88789266 -0.58368176 999.89 
20150622194638 -3.714604 0.57281274 -3.4219127 -0.15943582 0.28985557 -0.8491027 999.89 
20150622194638 -2.6880898 0.7978677 -3.3159695 -0.28313604 1.1997393 -0.9923506 999.89 
20150622194638 -2.4289176 0.5542577 -2.3259668 -0.22327125 1.3396275 -0.9398162 999.89 
20150622194638 -2.204461 -0.6338649 -1.3275849 -0.21105394 0.8228355 -0.806953 999.9 
20150622194638 -1.8866309 -1.1737574 -0.7128736 -0.21044308 0.067500606 -0.6047566 999.9 
20150622194638 -2.5133133 -1.5119383 -1.2006922 -0.11789699 -0.20708331 -0.28160888 999.9 
20150622194638 -6.2285156 -2.2224178 -1.8596961 -0.089491755 -0.42913285 0.037873644 999.9 
20150622194638 -14.077308 -1.1617863 -0.7212533 -0.33658674 -0.29810223 0.1881465 999.9 
20150622194638 -13.835493 -0.2645593 2.203264 -0.8384125 -0.1685988 0.076358154 999.9 
20150622194638 -11.205462 -1.8207904 0.008379706 -1.0210613 -0.6243043 0.42455134 999.9 
20150622194638 -12.921507 -4.402937 -1.7477672 -0.4636467 -1.3561208 0.19639318 999.9 
20150622194638 -13.974956 -3.6643257 3.0753522 -0.014049901 -1.1585059 -0.28619036 999.9 
20150622194638 -13.392566 -3.705027 12.9167185 -0.22693644 -1.1224649 -0.007941248 999.91 
20150622194638 -13.257892 -3.8444893 13.208212 -0.36254853 -2.0992384 0.012217305 999.91 
20150622194638 -12.322357 -0.9211691 4.921282 -0.41508293 -4.0268235 -0.10415252 999.91 
20150622194638 -9.844358 2.1535845 -5.81372 -0.6020077 -2.9297097 0.42210788 999.91 
20150622194638 -13.658322 -0.99179804 -19.608511 -0.5494733 1.2290609 0.45540005 999.91 
20150622194638 -18.839375 1.2419921 -9.476849 0.03573562 6.702108 -0.27672195 999.91 
20150622194638 -16.296133 1.2838906 -2.296638 0.5696318 7.2750998 -0.6704246 999.91 
20150622194638 -11.899182 0.2873042 -1.4508862 0.46303585 -0.7690793 -0.49357912 999.91 
20150622194638 -7.5082164 -0.6488287 1.1198878 0.41325033 -2.575408 -0.050396383 999.91 
20150622194638 -3.9474401 -1.1546037 0.11911154 0.2434298 -1.9095647 0.54641896 999.81 
20150622194638 -2.4917655 0.6338649 3.2794578 0.22143865 -1.4630222 0.84665924 999.81 
20150622194638 -1.8770541 0.46327803 1.0342951 0.084910266 -0.70280045 1.0830641 999.81 
20150622194638 -1.7226281 -0.40701428 0.4381389 0.42332962 -0.16432275 0.8072584 999.81 
20150622194638 -0.9684546 -0.16639702 -0.55485624 0.5140431 0.52626044 0.4071417 999.81 
20150622194638 -0.110133275 0.6859388 -8.534731 0.52839845 1.5531249 0.37232238 999.81 
20150622194638 -2.4474726 1.6783354 -10.56681 0.5757405 2.4150558 0.35979962 999.81 
20150622194638 -7.018004 3.0137014 -2.9317 0.54092115 3.1343496 0.2846632 999.81 
20150622194638 -9.029732 2.5169046 -2.7162218 0.37384954 2.1881194 0.23182335 999.81 
20150622194638 -10.597934 1.4754268 4.5663414 0.9126327 -1.0467176 -0.15577064 999.85 
20150622194638 -12.250531 3.0484173 13.68406 1.1826351 -1.7299703 -0.18295415 999.85 
20150622194638 -14.724939 0.7092823 5.3965306 1.3432927 -4.307516 0.0729984 999.85 
20150622194638 -13.142372 2.7132292 1.0001777 1.2379184 -4.67037 -0.13713925 999.85 
20150622194638 -14.275428 3.1729157 6.4350157 0.6239988 -1.2263119 -0.14263703 999.85 
20150622194638 -13.906122 2.9041667 10.113707 0.8723156 0.5537493 -0.12767084 999.85 
20150622194638 -15.155296 3.6260185 7.8452005 1.1621711 -0.37965274 0.06963864 999.85 
20150622194638 -14.83567 2.3810337 0.374094 1.0421361 -1.2834278 0.13927728 999.85 
20150622194638 -10.642825 1.5628152 -5.106832 1.108415 -0.72509706 -0.12644911 999.85 
20150622194638 -10.072407 2.1332338 -19.608511 0.6417139 1.0235047 -0.3662137 999.93 
20150622194638 -14.820707 3.58412 -7.7159133 0.38973203 4.92785 0.26358834 999.93 
20150622194638 -14.3496475 0.3866636 -2.4558525 -0.4841107 5.944635 0.9651671 999.93 
20150622194638 -11.212047 -1.1707647 -1.2850877 -0.66339964 -1.102001 0.47067168 999.93 
20150622194638 -7.8493905 0.0053869537 -0.9600749 -0.2593123 -2.166739 0.47067168 999.93 
20150622194639 -5.275025 0.11372458 0.9427169 -0.21074851 -1.8613064 -0.33536503 999.93 
20150622194639 -3.3883939 -0.50397944 1.6657659 -0.19639318 -1.4761559 -0.8142834 999.93 
20150622194639 -2.142212 -0.20051439 1.0857705 -0.19303341 -1.3154984 -1.0549643 999.93 
20150622194639 -1.9440918 0.32920274 0.14664486 -0.25259277 -0.65301496 -1.047023 999.93 
20150622194639 -1.7154455 0.557849 -0.7134721 -0.38423425 0.027794369 -0.9398162 999.88 
20150622194639 -2.4971523 0.58418524 -0.74399817 -0.453262 0.9673051 -0.8756753 999.88 
20150622194639 -3.1435869 -0.789488 -5.7418942 -0.43676865 1.6487253 -0.81153446 999.88 
20150622194639 -4.697424 -1.8010383 -7.4507556 -0.2443461 2.0320432 -0.5946773 999.88 
20150622194639 -12.522273 -4.1659107 -3.9612067 0.3118467 2.185065 -0.25717425 999.88 
20150622194639 -13.405135 -4.614824 2.0392613 -0.087964594 1.1074986 -0.19517145 999.88 
20150622194639 -12.977172 -3.764882 10.534488 -0.32162055 -0.79473567 0.109650314 999.88 
20150622194639 -10.973824 -0.9091981 6.38354 -0.2489276 -2.821892 0.28893927 999.88 
20150622194639 -13.10167 -2.3427265 0.374094 -0.30268374 -3.5341609 0.2574797 999.88 
20150622194639 -14.698004 -1.4065934 2.1918917 0.059864793 -1.3973542 0.0983493 999.9 
20150622194639 -15.102026 -1.8614918 4.7919946 -0.1133155 0.6218608 0.004886922 999.9 
20150622194639 -16.284163 -3.34051 7.241862 -0.33200526 0.2687807 -0.16493362 999.9 
20150622194639 -12.057798 -0.8798691 3.1411927 -0.70280045 -0.89827734 -0.17287487 999.9 
20150622194639 -5.8466406 0.4357447 -18.686146 -0.94806284 -0.9932669 0.45998153 999.9 
20150622194639 -15.267824 0.3657143 -15.676634 -0.9868528 0.4428773 0.68844515 999.9 
20150622194639 -18.338388 -0.93373865 -5.257667 -0.321926 4.8753157 -0.11178834 999.9 
20150622194639 -14.340071 -0.17956513 -2.3654714 0.28405234 2.5922067 -0.82833326 999.9 
20150622194639 -10.455479 0.40043023 0.38307226 0.26847526 -1.4416419 -0.5390886 999.9 
20150622194639 -7.277176 -0.6302736 2.0482395 0.21227567 -1.7397442 0.20005837 999.79 
20150622194639 -3.4231098 -0.997185 -0.3597288 0.23060162 -1.3277156 0.6227771 999.79 
20150622194639 -2.0045455 -0.76434886 0.96546185 0.30451632 -0.6780604 0.97524637 999.79 
20150622194639 -3.1872811 -1.3946224 -0.08499416 0.18448131 0.5342017 1.0338894 999.79 
20150622194639 -2.3122003 -1.0366893 -2.042254 0.34972036 1.1746938 0.7706065 999.79 
20150622194639 -1.1815386 0.29867667 -6.3470287 0.68325275 1.4382823 0.6646214 999.79 
20150622194639 -1.5059528 1.8219875 -6.071097 0.677755 1.702176 0.70554936 999.79 
20150622194639 -3.6349967 3.316568 -1.8483237 0.4392121 1.7562376 0.5907067 999.79 
20150622194639 -7.129334 2.9706059 -0.6087258 0.6722572 0.77763146 0.40866885 999.79 
20150622194639 -11.900978 1.9967642 0.6171055 1.3591752 -0.48563787 -0.031154128 999.85 
20150622194639 -13.69663 2.7210102 4.216788 1.4074335 -0.9639453 -0.10354166 999.85 
20150622194639 -11.832145 3.0041246 3.7343562 0.91965765 -1.1942415 -0.057421334 999.85 
20150622194639 -12.039842 2.7216089 2.0530279 0.98715824 -1.5625933 0.016187929 999.85 
20150622194639 -15.536573 2.183512 2.3481133 0.6844745 -1.2507466 -0.099265605 999.85 
20150622194639 -16.235083 1.0702082 4.2371383 0.559858 -0.26083946 -0.1001819 999.85 
20150622194639 -13.047801 3.3542767 6.8402343 0.81581056 0.14660765 -0.0143553335 999.85 
20150622194639 -14.1186075 5.4192758 6.645107 0.9245446 -0.54611355 0.31490102 999.85 
20150622194639 -12.100295 0.9792285 -8.063073 0.98868537 -1.5280794 0.2959642 999.85 
20150622194639 -12.197261 -0.43873745 -19.608511 1.0656544 -1.208597 -0.52381694 999.9 
20150622194639 -16.935984 2.7808652 -11.255142 0.6389651 3.0949488 -0.15363261 999.9 
20150622194639 -15.127764 0.9403227 -4.256292 -0.43157628 5.050023 1.0797043 999.9 
20150622194639 -11.414955 -0.30705637 -2.3463178 -0.73884153 0.3463606 0.9575313 999.9 
20150622194639 -9.244612 -0.6512229 1.6310499 -0.3304781 -1.9575176 0.19700404 999.9 
20150622194639 -6.969521 0.22146365 0.88645315 -0.07360926 -1.9107865 -0.24862215 999.9 
20150622194639 -4.673482 0.25677812 -0.11492168 0.20586158 -1.6362026 -0.6441574 999.9 
20150622194639 -3.105878 0.45190558 -1.1761516 -0.05497787 -0.6612616 -0.92271197 999.9 
20150622194639 -2.4821887 0.39025488 -1.2443863 -0.27030787 0.11209377 -1.0690142 999.9 
20150622194640 -1.9620483 0.37110126 -1.2982559 -0.37659842 0.84329945 -1.0784826 999.91 
20150622194640 -2.256535 -0.59017074 -1.7375919 -0.3820962 1.1169671 -1.0216721 999.91 
20150622194640 -2.2864625 -1.2808979 -2.256535 -0.29779682 1.0748174 -0.88239485 999.91 
20150622194640 -2.2691047 -1.234211 -2.730587 -0.12156218 1.0054842 -0.5742133 999.91 
20150622194640 -3.6433764 -1.560421 -3.7511156 -0.014966198 0.6105598 -0.17806722 999.91 
20150622194640 -11.642405 -3.0951042 -3.2375593 -0.09865474 0.18173242 0.12034045 999.91 
20150622194640 -16.81029 -2.3020248 1.1827357 -0.5164866 -0.054061573 0.16554448 999.91 
20150622194640 -14.135366 -1.2940661 2.208651 -0.6658431 -0.3643811 0.23976462 999.91 
20150622194640 -11.94168 -1.6867151 2.5121162 -0.70096785 -1.9672915 0.37720928 999.91 
20150622194640 -13.376405 -1.4927847 6.969521 -0.33017266 -1.7467692 0.21960606 999.86 
20150622194640 -14.735114 -2.9993362 7.1395097 -0.40408736 -1.3600914 0.04642576 999.86 
20150622194640 -15.376162 -4.8147397 7.1820064 -0.49235737 -1.6811012 -0.26450464 999.86 
20150622194640 -13.916297 -3.164536 4.968567 -0.5858198 -1.4932601 -0.301462 999.86 
20150622194640 -7.9732904 0.19632454 -16.04594 -0.75655663 -1.1624765 0.17867808 999.86 
20150622194640 -16.886904 0.33638534 -17.7141 -0.659429 -0.07727446 0.40225476 999.86 
20150622194640 -19.402012 2.291251 -7.7147164 0.0852157 4.8047605 -0.31398472 999.86 
20150622194640 -15.343841 1.5215151 -2.9233203 0.29993483 3.0552425 -0.56382865 999.86 
20150622194640 -10.758944 -0.5494693 -0.84814596 0.3295618 -1.314582 -0.52870387 999.86 
20150622194640 -6.621763 -1.4802152 1.1025299 0.3827071 -2.0344868 -0.3036 999.77 
20150622194640 -3.6870706 -1.7669208 -0.7194576 0.28802297 -1.9077321 0.21838433 999.77 
20150622194640 -3.4901476 -0.46926352 3.0280666 0.1863139 -1.3136657 0.80573124 999.77 
20150622194640 -2.3989902 -0.6171055 0.06344634 0.008552114 0.22510384 1.1542299 999.77 
20150622194640 -1.6364368 -0.7080852 -0.45130703 0.5671884 0.23243423 0.7476991 999.77 
20150622194640 -0.49440265 -0.3357868 -2.6431987 0.5500842 0.9410379 0.62858033 999.77 
20150622194640 0.65242 1.1893197 -11.7627125 0.52320606 1.5940529 0.65668017 999.77 
20150622194640 -1.4000094 2.2948422 -4.11264 0.5513059 2.4297166 0.6114761 999.77 
20150622194640 -8.547898 2.3900118 -3.402759 0.39675698 2.6661212 0.3848451 999.77 
20150622194640 -10.155605 2.8323407 -3.603872 0.7247916 -0.2125811 0.03726278 999.89 
20150622194640 -13.202227 3.0430303 1.5544355 1.2302825 -0.27458394 6.1086525E-4 999.89 
20150622194640 -12.051214 5.6485205 14.81532 1.2730432 -1.0302242 -0.19456059 999.89 
20150622194640 -11.821969 4.07553 9.849746 0.9941832 -3.8826594 0.029932396 999.89 
20150622194640 -14.485518 1.8022354 3.1310172 0.8481864 -4.681671 -0.25259277 999.89 
20150622194640 -15.658079 0.23642741 4.867412 0.310625 -1.7027869 -0.28405234 999.89 
20150622194640 -12.868236 2.1122844 8.527548 0.55863625 0.61086524 -0.09621128 999.89 
20150622194640 -14.233529 4.3299136 6.940192 0.7305948 0.19181168 0.28252518 999.89 
20150622194640 -13.264476 1.174356 0.45609543 0.8866709 -0.956615 0.27763826 999.89 
20150622194640 -11.077373 -0.24061728 -17.408241 1.1258247 -0.66981375 -0.38606682 999.85 
20150622194640 -13.068151 1.780089 -19.385252 0.72051555 2.287385 -0.3484986 999.85 
20150622194640 -15.364789 4.3406878 -4.675277 0.4083634 7.1578135 0.66523224 999.85 
20150622194640 -11.508927 1.3904326 -2.0392613 -1.3918564 5.010317 1.3246613 999.85 
20150622194640 -9.323022 0.24361002 -1.2958617 -0.39767328 -2.2913556 0.25534168 999.85 
20150622194640 -7.2167225 0.061052144 1.2593501 0.06505715 -2.4339926 -0.51007247 999.85 
20150622194640 -4.9015293 -0.46088383 1.9141643 0.05467244 -2.08977 -0.9334021 999.85 
20150622194640 -3.53863 -0.5398925 2.1990743 -0.021991149 -2.0442605 -1.0986412 999.85 
20150622194640 -2.2810757 0.39683893 1.3521254 -0.2929099 -1.5635096 -1.0769554 999.85 
20150622194640 -1.5658079 0.6703765 0.6452374 -0.44135013 -0.37720928 -0.93859446 999.85 
20150622194640 -1.6693572 0.29269117 -0.5746084 -0.61941737 0.51007247 -0.9459248 999.85 
20150622194640 -1.9063832 -0.0017956513 -0.89603 -0.5488624 1.5519031 -0.90041536 999.85 
20150622194640 -3.0705638 -1.3569138 -6.8049197 -0.50243664 2.2229385 -0.79412484 999.85 
20150622194640 -3.8839936 -1.4251486 -8.002619 -0.18600847 2.5555549 -0.47800204 999.85 
20150622194640 -12.479177 -3.727772 -3.876811 0.2779437 2.7036896 0.08735373 999.85 
20150622194641 -16.28596 -4.55856 2.2146366 -0.48349985 0.82527894 -0.051923547 999.85 
20150622194641 -12.630611 -4.4358573 6.9725137 -0.52534413 -1.2965615 0.116980694 999.85 
20150622194641 -8.9279785 -2.0416555 7.767389 -0.1777618 -3.4684927 0.30298916 999.85 
20150622194641 -12.97358 0.12928689 6.7229185 0.16065755 -3.9159517 0.20525073 999.92 
20150622194641 -16.696564 0.39923313 5.075109 0.046731193 -1.933083 0.09132435 999.92 
20150622194641 -17.80089 -3.6619315 7.4711065 -0.2406809 -0.44257188 -0.21074851 999.92 
20150622194641 -12.33792 -3.3608606 5.2169657 -0.54702985 -0.13469578 -0.39950588 999.92 
20150622194641 -5.9370217 -0.86011696 -15.333066 -0.6719518 -0.5458081 0.04734206 999.92 
20150622194641 -15.491083 -2.123657 -19.608511 -0.48808134 0.2452624 0.42577308 999.92 
20150622194641 -19.594147 1.4490906 -7.7308774 0.20189096 4.934264 -0.25289822 999.92 
20150622194641 -15.157691 2.5647886 -2.9388826 0.35613444 4.0894375 -0.68386364 999.92 
20150622194641 -9.882068 1.2503718 -0.75237787 0.27183503 -1.1841623 -0.45937067 999.92 
20150622194641 -7.1514807 -1.5717934 0.5231331 0.2602286 -1.9483547 -0.09193522 999.79 
20150622194641 -4.473566 -2.0709844 0.12928689 0.34025195 -1.5604553 0.37293324 999.79 
20150622194641 -2.0967221 -1.4221559 0.31423897 0.36896262 -1.1441506 0.8081747 999.79 
20150622194641 -1.2066777 -0.78888947 2.0751743 0.17715092 -0.19456059 1.0687088 999.79 
20150622194641 -1.5622166 -0.90021986 -0.48123455 0.038179077 0.49754974 1.1246029 999.79 
20150622194641 -0.97384155 -0.59615624 -2.7096379 0.45570546 0.9957104 0.88361657 999.79 
20150622194641 -0.48961425 1.3186066 -8.212111 0.679893 1.7550159 0.7461719 999.79 
20150622194641 -7.704541 2.3373394 -3.0280666 0.42088616 2.1099286 0.605062 999.79 
20150622194641 -8.780735 3.681085 -2.5773582 0.4428773 2.209805 0.19028452 999.79 
20150622194641 -12.157158 2.0380642 0.89902276 1.1560625 0.12064589 0.18967366 999.87 
20150622194641 -11.915343 1.9363106 5.8741736 1.3423764 -1.1979067 -0.18997909 999.87 
20150622194641 -10.981605 1.0354922 4.8895583 0.93492925 -1.8784106 -0.116980694 999.87 
20150622194641 -11.8339405 1.5071499 2.5965118 0.96791595 -2.5350907 -0.051618114 999.87 
20150622194641 -14.103045 4.38498 1.1474211 0.5158757 -1.8188512 0.034513887 999.87 
20150622194641 -14.313735 3.8594532 3.705027 0.3827071 -0.2687807 0.105068825 999.87 
20150622194641 -15.591042 4.6255975 7.8613615 0.6554584 0.28130344 -0.06536258 999.87 
20150622194641 -17.064672 2.332551 2.2427685 0.9950995 -0.6114761 -0.039095376 999.87 
20150622194641 -13.246519 -1.2850877 -13.183073 1.2290609 -1.7040086 -0.30634892 999.87 
20150622194641 -11.735778 -1.1079168 -19.34096 0.5705481 -0.5290093 -0.6236934 999.88 
20150622194641 -16.04175 1.8579005 -9.148843 0.019547688 4.764138 0.6310238 999.88 
20150622194641 -14.480132 1.0295067 -3.582923 -0.64812803 3.2143729 1.2635747 999.88 
20150622194641 -10.594342 -1.0127473 6.019622 -0.040317107 -0.52534413 0.7583892 999.88 
20150622194641 -7.9822683 -0.3890578 2.955642 -0.26939157 -2.105958 0.0106901415 999.88 
20150622194641 -4.022857 1.086369 -0.11851298 -0.002443461 -2.8350255 -0.32986724 999.88 
20150622194641 -2.8844144 0.43754035 -3.0119057 -0.52534413 -0.45906523 -0.6365216 999.88 
20150622194641 -1.3964181 0.18136078 -4.777031 -0.6414085 1.3744467 -0.97524637 999.88 
20150622194641 -1.780089 0.1604115 -2.8927941 -0.6637051 2.1200078 -1.1478158 999.88 
20150622194641 -1.9794062 0.09636662 -1.5699978 -0.4202753 1.930945 -1.003957 999.83 
20150622194641 -2.32058 -1.1127052 -1.1348516 -0.3491095 0.6588182 -0.7107417 999.83 
20150622194641 -3.6092591 -2.3020248 -2.837129 -0.19120082 0.25870144 -0.43249258 999.83 
20150622194641 -5.310938 -3.281852 -3.9905357 -0.040011674 0.24129178 -0.3313944 999.83 
20150622194641 -8.085817 -3.6984432 -2.7880478 0.065973446 0.30726522 -0.14660765 999.83 
20150622194641 -12.075156 -4.695628 1.1791444 0.06169739 0.115453534 0.28588495 999.83 
20150622194641 -14.262858 -2.4115596 4.3927617 0.09010262 -0.5112942 0.36987892 999.83 
20150622194641 -12.971187 -0.5895722 2.4450784 0.0106901415 -1.6077974 0.2828306 999.83 
20150622194641 -15.611991 1.7609353 0.019752163 -0.032070424 -1.4343116 0.30665436 999.83 
20150622194641 -16.452953 2.042254 1.8644845 -0.009162978 -0.61269784 0.2415972 999.86 
20150622194641 -13.632585 -0.89303726 4.172495 -0.36163223 0.03726278 0.0021380284 999.86 
20150622194642 -13.332112 -5.12838 7.091027 -0.7058548 -0.7333437 -0.3005457 999.86 
20150622194642 -11.18152 -1.1246762 -0.76315176 -1.0137309 -1.5937474 -0.11942416 999.86 
20150622194642 -11.799823 -0.4249708 -18.471266 -1.0806206 -1.704925 0.3707952 999.86 
20150622194642 -19.136255 -0.29568392 -14.20839 -1.282817 0.5766568 0.21319197 999.86 
20150622194642 -18.476055 -0.8499416 -5.653309 0.09285152 4.946787 -0.70554936 999.86 
20150622194642 -14.510059 -1.4508862 -2.5115175 0.3585779 0.7098254 -0.73823065 999.86 
20150622194642 -10.015544 -1.0151415 -0.8206126 0.5158757 -1.6169603 -0.29046643 999.86 
20150622194642 -5.638345 -1.3263878 -0.61291564 0.55955255 -1.7311921 0.049480084 999.8 
20150622194642 -4.255095 0.635062 -1.6603789 0.42180246 -1.4043792 0.54092115 999.8 
20150622194642 -3.4003649 2.208651 0.24839842 0.2968805 -0.31856623 0.9822713 999.8 
20150622194642 -2.510919 1.0857705 -1.7124528 0.19272798 0.9117164 1.0589349 999.8 
20150622194642 -2.5965118 0.17896658 -4.502895 0.70554936 0.72204274 0.3885103 999.8 
20150622194642 -2.7371712 -0.20111294 -4.9266686 0.8680395 1.527774 0.30726522 999.8 
20150622194642 -3.2632968 0.79487497 -4.781221 0.7538077 1.738828 0.42332962 999.8 
20150622194642 -4.119224 1.785476 -3.4021606 0.7302894 0.96669424 0.44898596 999.8 
20150622194642 -4.783615 1.9057846 -1.8602947 0.75777835 0.30207285 0.34269542 999.8 
20150622194642 -4.1120415 2.2014685 1.311424 0.8454375 -0.42424592 0.06414085 999.94 
20150622194642 -5.4887075 1.5304934 6.347627 0.8713993 -1.3118331 -0.09162979 999.94 
20150622194642 -11.105505 0.1933318 4.5777135 1.0644327 -1.9871446 -0.22113322 999.94 
20150622194642 -16.205154 1.4293385 3.6804867 1.2519683 -2.6780334 -0.06536258 999.94 
20150622194642 -16.110582 4.271256 -0.12868834 0.8210029 -1.8753563 0.3408628 999.94 
20150622194642 -16.16505 4.486734 2.0242975 0.7467828 -0.8536842 0.37598756 999.94 
20150622194642 -13.581109 4.19943 10.9343195 0.8197812 0.15607607 -0.0711658 999.94 
20150622194642 -14.355035 4.984728 11.13603 1.0781772 -0.56779927 -0.22540927 999.94 
20150622194642 -13.963583 2.0566192 2.9580362 0.9309586 -2.375655 -0.054061573 999.94 
20150622194642 -12.114062 0.48482585 -7.088034 0.44776422 -2.0567832 0.13713925 999.92 
20150622194642 -10.436325 1.8285716 -19.608511 0.26236662 1.2443326 0.112399206 999.92 
20150622194642 -15.028404 2.7389667 -10.191518 -0.36987892 5.9223385 0.46578476 999.92 
20150622194642 -16.015413 0.78888947 -4.7722425 -0.9080512 6.488916 0.7510588 999.92 
20150622194642 -11.790246 -1.0702082 -1.5292963 -0.31123585 0.46761733 0.31764993 999.92 
20150622194642 -8.1480665 -0.54887074 1.6543933 -0.22021692 -2.043955 -0.24495697 999.92 
20150622194642 -4.6399627 0.338181 3.292626 -0.2180789 -2.5231788 -0.36865717 999.92 
20150622194642 -3.0388405 0.15203181 2.1888988 -0.2556471 -2.0815234 -0.51923543 999.92 
20150622194642 -2.0506337 0.21188685 0.80325466 -0.18600847 -1.5335772 -0.8356637 999.92 
20150622194642 -1.7884687 0.15322891 -0.47884035 -0.25686884 -0.44806966 -0.96486163 999.88 
20150622194642 -1.4281414 0.24061728 -1.0151415 -0.2171626 0.7602218 -1.0436633 999.88 
20150622194642 -2.8616695 -0.21428105 -2.4570496 -0.26145032 1.4559973 -1.0195341 999.88 
20150622194642 -3.316568 -1.5532384 -6.853402 -0.29016098 1.9474384 -0.9660834 999.88 
20150622194642 -6.071097 -2.4121583 -5.858013 -0.24495697 2.2806654 -0.65240407 999.88 
20150622194642 -10.866683 -2.8742392 -3.6176388 0.014049901 2.2009475 -0.17470746 999.88 
20150622194642 -12.172121 -1.9512744 -0.29688102 -0.21044308 0.41386122 0.06566802 999.88 
20150622194642 -12.015302 -1.5077485 3.3859997 -0.48808134 -0.8472701 0.15271631 999.88 
20150622194642 -10.0508585 -1.8106151 7.7452426 -0.5369505 -2.5460863 0.25809056 999.88 
20150622194642 -12.501324 -3.614646 5.715558 -0.52564955 -3.254079 0.34208453 999.85 
20150622194642 -14.238916 -1.4664485 4.506486 -0.061086524 -2.4813347 0.20311269 999.85 
20150622194642 -14.809933 -1.4957775 4.7901993 -0.3585779 -1.2177598 0.25473082 999.85 
20150622194642 -18.65981 -4.658518 5.269638 -0.44623706 -0.24556783 -0.08002335 999.85 
20150622194642 -10.979211 1.0576386 1.0235212 -0.38973203 -0.63407815 -0.25411993 999.85 
20150622194642 -10.436325 -0.96546185 -18.737621 -0.6239988 -0.754724 0.15974127 999.85 
20150622194642 -17.748217 -0.866701 -15.928624 -0.46914452 2.3463335 -0.15668693 999.85 
20150622194643 -17.695545 0.7026982 -2.6862943 0.5561928 5.9308906 -0.66156703 999.85 
20150622194643 -13.382989 1.1234791 -0.96785605 0.2049453 0.7443393 -0.35369098 999.85 
20150622194643 -8.896255 0.12449849 -0.16579847 0.24678956 -2.0253236 0.010995574 999.81 
20150622194643 -5.2798133 -1.3784616 -1.0636241 0.30818152 -1.767844 0.4184427 999.81 
20150622194643 -4.1036615 -1.4203602 0.18974048 0.37720928 -0.95539325 0.7443393 999.81 
20150622194643 -3.2908301 0.18076223 0.0023942017 0.17562376 0.0693332 1.0467176 999.81 
20150622194643 -2.6360161 -0.7098808 -0.6434417 0.5516113 0.93737274 1.0671816 999.81 
20150622194643 -1.9207484 -0.41120413 -4.9643774 0.8304713 1.0201449 0.713796 999.81 
20150622194643 -2.111686 0.5057751 -9.946711 0.874759 1.6508633 0.54336464 999.81 
20150622194643 -4.4580035 1.8489223 -5.145738 0.66950834 2.4712553 0.39858958 999.81 
20150622194643 -5.5258174 2.3289597 -3.2333694 0.7315111 2.1609359 0.36713 999.81 
20150622194643 -4.768651 2.0859482 -2.6138697 0.92057395 -0.26389378 0.15393804 999.88 
20150622194643 -4.6166196 2.3409307 4.249708 1.0360274 -1.2486086 -0.080634214 999.88 
20150622194643 -7.9996266 4.0563765 11.1174755 0.84421575 -2.293799 -0.31856623 999.88 
20150622194643 -12.710218 1.6591818 8.104373 1.2082914 -3.8789942 -0.2611449 999.88 
20150622194643 -15.784972 2.1176715 1.021127 1.0815369 -3.843564 -0.008246681 999.88 
20150622194643 -16.255432 4.297592 0.48961425 0.42760566 -1.4074335 0.14263703 999.88 
20150622194643 -14.9625635 3.739743 5.61979 0.39920044 0.8888089 0.07360926 999.88 
20150622194643 -13.9516115 3.544017 10.469246 0.5720753 1.1630874 -0.0061086523 999.88 
20150622194643 -15.064317 2.7126305 6.039374 0.72204274 -0.72295904 0.16126843 999.88 
20150622194643 -13.038822 -0.57879823 -1.7872716 0.56779927 -1.709201 0.25534168 999.87 
20150622194643 -10.973225 0.1436521 -19.592352 0.5543602 0.21410827 -0.20372356 999.87 
20150622194643 -13.189058 3.2255883 -15.875952 0.24617869 4.7925434 0.087659165 999.87 
20150622194643 -14.828488 3.393781 -5.433641 -0.419359 6.9995995 1.0986412 999.87 
20150622194643 -11.446678 1.4191631 -3.074155 -0.8561276 1.9611828 0.6914995 999.87 
20150622194643 -8.507795 0.46866497 0.4165911 -0.18448131 -1.6468927 -0.1001819 999.87 
20150622194643 -5.5096564 -0.66738373 3.0789435 -0.04184427 -1.7150042 -0.6918049 999.87 
20150622194643 -3.6062663 -0.82899237 1.7794905 0.032986723 -1.5619824 -0.99082345 999.87 
20150622194643 -2.6408045 -0.33039984 -0.6787562 -0.0720821 -1.07665 -1.1157454 999.87 
20150622194643 -2.1386206 0.107140526 -1.7675194 -0.15210545 0.39675698 -1.061073 999.86 
20150622194643 -2.8215668 -0.6075287 -2.9939492 -0.22449298 1.5082263 -1.0522153 999.86 
20150622194643 -3.457826 -1.4389153 -3.3626564 -0.25686884 1.7061466 -1.0616838 999.86 
20150622194643 -4.5938745 -1.4478935 -2.148796 -0.14080444 1.464244 -0.8304713 999.86 
20150622194643 -5.899313 -0.34117374 -1.6274586 -0.1554652 0.9211848 -0.35094208 999.86 
20150622194643 -9.219472 -0.5303157 -1.1007342 -0.3979787 0.24220806 0.10720685 999.86 
20150622194643 -12.836513 -2.1523874 -0.7116765 -0.60903263 -0.23487769 0.25870144 999.86 
20150622194643 -12.465411 -2.3570917 -0.6715736 -0.5751296 -0.56107974 0.065973446 999.86 
20150622194643 -10.740389 -2.6431987 0.47285482 -0.63407815 -1.2321151 0.03726278 999.86 
20150622194643 -13.145963 -2.0853498 2.8018146 -0.539394 -1.2140946 0.17501289 999.85 
20150622194643 -15.173852 -0.94331545 6.7923503 -0.5867361 -1.2003502 0.30695978 999.85 
20150622194643 -17.926586 -3.7193923 6.2261214 -0.782213 -1.1114693 0.35460728 999.85 
20150622194643 -15.799935 -2.8508956 -0.6817489 -0.45234573 -1.3704761 -0.2950479 999.85 
20150622194643 -7.5722613 -0.6338649 -19.608511 -0.48197266 -1.0894781 -0.23457226 999.85 
20150622194643 -16.109985 1.4814123 -10.9834 -0.37568212 0.087964594 0.19211712 999.85 
20150622194643 -19.038692 2.5528176 -3.5242648 -0.19517145 3.261104 -0.17684549 999.85 
20150622194643 -14.189835 3.256713 -1.0169371 -0.17623462 -0.015882496 -0.3555236 999.85 
20150622194643 -11.153389 -0.6907272 -0.33039984 -0.10415252 -1.4947872 -0.098043874 999.85 
20150622194643 -7.651869 -1.8908207 0.24001873 0.23793201 -1.1511755 -0.1600467 999.85 
20150622194643 -5.4527946 -2.0937295 -2.1110873 0.35888332 -0.80756384 0.070249505 999.85 
20150622194643 -4.51307 0.130484 -0.3764882 0.2275473 0.038789943 0.69974613 999.85 
20150622194644 -2.6557682 -0.092775315 -2.544438 0.13133603 1.221425 0.8417723 999.85 
20150622194644 -1.602918 -0.17058687 -2.6114755 0.528093 0.79412484 0.763887 999.85 
20150622194644 -0.7703344 0.3573346 -3.3812113 0.59986967 1.0451905 0.7107417 999.85 
20150622194644 -1.1725603 1.299453 -3.881001 0.6606508 0.8368854 0.66828656 999.85 
20150622194644 -3.4051533 2.7329812 -4.1934443 0.6985244 0.71685034 0.5534439 999.85 
20150622194644 -5.2756233 2.9484594 -2.3529017 0.7724391 0.54458636 0.33200526 999.85 
20150622194644 -6.728904 2.7371712 -1.1563994 0.7473936 0.28191432 -0.10293079 999.88 
20150622194644 -8.808268 2.079364 1.555034 0.816116 -0.28863382 -0.32834008 999.88 
20150622194644 -12.621633 0.9935937 4.2437224 0.8888089 -0.7797695 -0.31490102 999.88 
20150622194644 -14.115016 2.4355016 5.3863554 0.97585726 -1.561677 -0.15790866 999.88 
20150622194644 -14.435241 1.827973 3.8893807 0.9275989 -2.0018053 0.021991149 999.88 
20150622194644 -16.646286 0.49440265 3.8061821 0.77274454 -1.4697418 -0.11636983 999.88 
20150622194644 -14.4107 1.1563994 5.422867 0.9407325 -0.24587326 -0.1966986 999.88 
20150622194644 -16.540941 4.320337 5.9400144 1.2198979 -0.32742378 0.046731193 999.88 
20150622194644 -14.853627 1.2485762 -1.3018472 1.1059716 -1.153619 0.24709499 999.88 
20150622194644 -13.120225 -0.18315643 -19.56003 1.1316279 -1.1172725 0.13103059 999.9 
20150622194644 -13.207614 4.201824 -14.220361 0.6032294 2.604424 0.40958515 999.9 
20150622194644 -15.850214 5.2474914 -3.9414546 -0.23854288 5.693875 1.2571607 999.9 
20150622194644 -12.573749 1.3096284 -1.3587095 -0.689056 1.3955216 0.7993172 999.9 
20150622194644 -10.36031 -0.75836337 2.3654714 -0.0711658 -2.4263568 -0.007941248 999.9 
20150622194644 -8.271967 -0.729633 2.5725696 0.056505036 -2.7156014 -0.3585779 999.9 
20150622194644 -4.857237 0.5117606 0.79966336 0.058337633 -2.2525656 -0.6398814 999.9 
20150622194644 -2.9281087 0.16819267 -0.26635495 -0.15851954 -0.7849618 -0.78801614 999.9 
20150622194644 -1.2653356 0.2669535 -1.0720038 -0.27885997 0.45753807 -0.98349303 999.9 
20150622194644 -0.81522566 0.14305355 -3.1256304 -0.22937989 1.2605205 -1.1548407 999.91 
20150622194644 -0.6979098 0.09816227 -6.703765 -0.16493362 1.8493946 -1.2586879 999.91 
20150622194644 -1.3569138 -0.6218939 -4.320337 0.01985312 2.211332 -1.1129965 999.91 
20150622194644 -1.5251064 -1.0378864 -4.2102036 -0.071776666 1.3756685 -0.786489 999.91 
20150622194644 -6.0585275 -0.047884032 -7.328053 -0.23640485 0.01282817 -0.16584991 999.91 
20150622194644 -16.391304 -3.247136 -0.58418524 -0.52748215 -0.13530666 0.20372356 999.91 
20150622194644 -15.920244 -1.9309237 4.35625 -1.5500705 0.45204028 -0.059253927 999.91 
20150622194644 -10.210671 -2.8263552 5.2983685 -0.9505063 -1.3698653 0.38331795 999.91 
20150622194644 -9.088389 -4.4957123 5.9956794 -0.56413406 -3.4028249 0.04520403 999.91 
20150622194644 -12.509704 -2.4372973 6.3524156 -0.065973446 -2.1713204 -0.2724459 999.91 
20150622194644 -14.896125 -2.0733786 4.3299136 -0.31948254 -1.4153748 0.084910266 999.91 
20150622194644 -17.241844 -3.8983588 4.6980224 -0.44226643 -0.44868052 0.013133603 999.91 
20150622194644 -13.628993 -1.5095441 2.255338 -0.48716503 -0.10934488 -0.24648413 999.91 
20150622194644 -9.811439 -0.41718966 -19.195513 -0.48808134 -0.1957823 0.053450707 999.91 
20150622194644 -17.70931 0.76195467 -16.259623 -0.204029 0.9642508 0.12064589 999.91 
20150622194644 -18.811243 0.98940384 -6.108207 0.29749137 4.595234 -0.4538729 999.91 
20150622194644 -14.825496 0.9947908 -2.171541 0.31398472 0.784351 -0.6441574 999.91 
20150622194644 -11.365275 -0.10654198 0.38486794 0.31764993 -1.7751744 -0.29138273 999.91 
20150622194644 -7.1826053 -1.1402385 2.1906946 0.34330627 -2.0091357 0.03145956 999.78 
20150622194644 -3.7720647 -1.6555905 -0.7038953 0.25870144 -1.7333301 0.5137377 999.78 
20150622194644 -3.0430303 -0.6075287 1.5676036 0.19700404 -0.77396625 1.0155635 999.78 
20150622194644 -2.658761 -0.7146692 -0.26994625 0.13439035 0.88270026 1.2052372 999.78 
20150622194644 -1.6412252 -0.5351041 -0.7044938 0.49418998 0.9117164 0.7703011 999.78 
20150622194644 -1.13964 0.076015905 -5.433042 0.4541783 1.4425583 0.71776664 999.78 
20150622194644 -0.40940848 2.858677 -11.005547 0.5170974 1.9840903 0.72418076 999.78 
20150622194644 -5.0080714 3.1669302 -3.2603042 0.4813618 2.637716 0.6783658 999.78 
20150622194645 -7.291541 2.7682958 -2.4600422 0.4175264 1.7626517 0.20341812 999.78 
20150622194645 -8.335413 2.421735 -0.7799112 0.8353582 -0.86345804 -0.20280726 999.86 
20150622194645 -9.998785 1.9710265 6.39192 1.099252 -1.2241739 -0.29657507 999.86 
20150622194645 -10.813412 2.5659857 12.4468565 1.1414018 -2.8900034 -0.2519819 999.86 
20150622194645 -12.810176 2.6018987 1.5370775 1.4089607 -4.079358 -0.26267207 999.86 
20150622194645 -14.408904 4.2054152 0.6159084 0.59528816 -3.4767396 -0.19028452 999.86 
20150622194645 -15.519814 2.2828712 5.920861 0.19456059 0.17928895 0.106595986 999.86 
20150622194645 -13.169307 2.3463178 10.199898 0.4034765 1.3341297 0.17165314 999.86 
20150622194645 -11.174936 3.1501708 5.204396 0.675617 0.011911872 0.32650748 999.86 
20150622194645 -12.00333 0.51834464 -2.3702598 1.0607675 -1.7168368 0.22021692 999.86 
20150622194645 -12.610859 -0.62249243 -19.608511 1.2516629 -1.1450669 -0.5919284 999.87 
20150622194645 -16.716316 1.5095441 -11.370663 0.89552844 2.0766363 -0.4560109 999.87 
20150622194645 -14.320319 3.4237084 -3.357868 0.3484986 7.5444913 0.72326446 999.87 
20150622194645 -11.28088 3.1310172 -0.93493575 -1.5457945 4.4275513 1.402852 999.87 
20150622194645 -8.696339 0.49799395 1.5508442 -0.73548174 -2.417194 0.5534439 999.87 
20150622194645 -6.0699 -0.5189432 2.8054059 -0.2415972 -2.0271564 -0.4700608 999.87 
20150622194645 -3.520075 -1.0085574 1.0085574 -0.0421497 -1.6481144 -0.9456194 999.87 
20150622194645 -2.1086931 -0.15622166 -0.87328506 -0.15454891 -1.035722 -1.0268645 999.87 
20150622194645 -1.9740193 0.31184477 -3.7313633 -0.42424592 -0.05589417 -0.93951076 999.87 
20150622194645 -2.328361 -0.11552023 -4.341286 -0.59223384 1.2956452 -0.94714653 999.94 
20150622194645 -2.7395654 -0.492607 -2.6473885 -0.62858033 1.9770653 -0.9776898 999.94 
20150622194645 -2.8736405 -1.115698 -3.3411086 -0.64843345 1.6132951 -0.82986045 999.94 
20150622194645 -4.5657425 -2.059612 -3.6152446 -0.5491679 0.6591236 -0.5665775 999.94 
20150622194645 -9.73662 -2.9322984 -0.6422446 -0.36346483 0.40011674 -0.23976462 999.94 
20150622194645 -15.003863 -3.6463692 4.224569 -0.41630468 0.24220806 -0.14172074 999.94 
20150622194645 -11.886613 -2.0242975 2.3397336 -0.5983425 -0.30726522 0.116980694 999.94 
20150622194645 -8.954913 -1.6663644 -0.7870938 -0.56169057 -1.1890492 0.31031954 999.94 
20150622194645 -12.898163 -2.8125885 1.3437457 -0.36163223 -1.2922854 0.34116822 999.94 
20150622194645 -16.780361 -0.08140286 5.068525 0.18906279 -0.42638394 0.08827003 999.88 
20150622194645 -16.217125 0.30645782 2.6755204 0.18692477 -0.19792034 0.03604105 999.88 
20150622194645 -15.327081 -1.9273324 4.1641154 -0.22327125 -0.46028697 -0.004581489 999.88 
20150622194645 -11.581951 -3.2130187 -0.30885202 -0.3717115 -0.5720753 -0.29168814 999.88 
20150622194645 -5.331289 -0.5859809 -17.012598 -0.7867944 -0.6826419 -0.08032878 999.88 
20150622194645 -16.055517 -1.3054385 -12.64737 -0.6221663 -1.006095 0.6227771 999.88 
20150622194645 -19.589956 -0.14724341 -5.354632 -0.6041457 1.4544702 0.50518554 999.88 
20150622194645 -14.848241 2.1523874 -2.372654 0.5864306 2.3863451 -0.5170974 999.88 
20150622194645 -10.776301 2.3157916 -1.4694413 0.63407815 -0.33475417 -0.7128797 999.88 
20150622194645 -8.24204 0.05865794 -0.10295067 0.67164636 -1.5305228 -0.28771752 999.84 
20150622194645 -4.068946 -0.09935937 -1.3838485 0.5421429 -1.1297953 0.28985557 999.84 
20150622194645 -4.061165 -0.97623575 -1.1091139 0.3323107 -0.37598756 0.77640975 999.84 
20150622194645 -4.238934 -1.0941502 -0.7236475 0.35735616 0.46089783 1.1728612 999.84 
20150622194645 -3.2956185 -0.8265981 -3.6858735 0.43890667 1.4969252 0.8414669 999.84 
20150622194645 -3.1196449 0.22146365 -4.373608 0.8872818 0.63499445 0.6994407 999.84 
20150622194645 -2.9358897 2.360683 -2.8030117 1.0180069 0.9260717 0.66248333 999.84 
20150622194645 -2.546832 3.3973722 -2.0727801 0.9618073 0.8918633 0.61758476 999.84 
20150622194645 -2.4492683 3.0550013 -1.7782934 0.95264435 0.32620203 0.50946164 999.84 
20150622194645 -4.624999 2.4762032 -0.27952304 1.2287555 -0.070554934 0.1459968 999.89 
20150622194645 -9.67018 0.8110358 -0.6464345 1.2873985 -0.32528573 -0.1441642 999.89 
20150622194645 -15.706562 1.352724 -0.89184016 1.1655309 -0.37934732 -0.2706133 999.89 
20150622194645 -15.9262295 4.044405 2.4319103 1.1499538 -0.25473082 -0.30970868 999.89 
20150622194646 -13.454815 3.9121256 3.899556 1.1029172 -0.53023106 0.016798794 999.89 
20150622194646 -14.902708 1.5149311 7.1155677 0.49174652 -1.6325374 -0.061086524 999.89 
20150622194646 -14.434044 1.376666 7.687782 0.47219884 -1.1716396 -0.04917465 999.89 
20150622194646 -14.08449 4.4879313 7.3466077 0.69058317 -1.0928379 0.106595986 999.89 
20150622194646 -12.476784 3.9091327 1.7190368 0.6420194 -1.3939945 0.29932398 999.89 
20150622194646 -11.559206 0.3226187 -16.555305 0.83260936 -1.1322387 0.14782938 999.94 
20150622194646 -14.391546 1.9740193 -19.572 1.0403035 -0.30298916 -0.61666846 999.94 
20150622194646 -15.391725 1.0217255 -3.405752 0.68019843 3.8429532 -0.27275133 999.94 
20150622194646 -11.84232 1.83336 -2.6138697 -0.8417723 5.899431 0.84635377 999.94 
20150622194646 -9.551667 1.2108675 0.23104046 -1.0998629 -0.44959682 0.79717916 999.94 
20150622194646 -7.7464395 0.4997896 0.6715736 -0.655153 -2.4694228 0.2764165 999.94 
20150622194646 -5.9483943 0.25737667 -0.33039984 -0.22968534 -1.6572775 -0.44776422 999.94 
20150622194646 -4.4568067 -0.46447513 -0.6631939 -0.086132 -1.0855075 -0.7849618 999.94 
20150622194646 -3.5817258 -0.7326257 -1.1857284 -0.18203785 -0.4269948 -1.0641272 999.94 
20150622194646 -3.2172086 -0.4345476 -2.0021513 -0.28893927 0.3924809 -1.1646146 999.88 
20150622194646 -3.25372 -0.5943606 -3.228581 -0.23701571 0.8341365 -1.1582005 999.88 
20150622194646 -2.665345 -0.62967503 -3.9671922 -0.18661933 0.9645562 -1.0558805 999.88 
20150622194646 -2.7287915 -0.99060094 -3.684078 -0.15149458 0.9086621 -0.86926126 999.88 
20150622194646 -4.50888 -1.7788919 -2.9346926 -0.13133603 0.6765333 -0.50854534 999.88 
20150622194646 -7.6093717 -1.780089 0.18734628 -0.17592919 0.09590584 -0.25228736 999.88 
20150622194646 -12.595297 -1.5340848 3.5930982 -0.46517387 -0.37110063 -0.08735373 999.88 
20150622194646 -14.206594 -2.1134815 5.9106855 -0.7415904 -0.8323039 0.03176499 999.88 
20150622194646 -10.740389 -3.5128925 1.846528 -0.72509706 -1.6584991 0.029932396 999.88 
20150622194646 -12.417527 -4.797382 -1.4670471 -0.54275376 -1.9776763 -0.01740966 999.87 
20150622194646 -14.848241 -0.29209262 4.396951 -0.080634214 -0.7305948 0.01282817 999.87 
20150622194646 -16.11657 -0.5506664 7.4310036 -0.29016098 0.3494149 0.2678644 999.87 
20150622194646 -16.045341 -3.539827 9.022549 -0.589485 -0.4654793 0.12797627 999.87 
20150622194646 -9.725247 -0.7314286 1.027711 -0.5537493 -1.7635679 -0.24007004 999.87 
20150622194646 -9.527127 -2.7269957 -19.608511 -0.59528816 -1.813048 -0.022907447 999.87 
20150622194646 -19.50197 0.24540567 -15.948975 -0.4092797 0.12797627 0.34483343 999.87 
20150622194646 -18.525734 2.5450363 -4.1701007 0.47036624 5.497482 -0.24740042 999.87 
20150622194646 -13.6649065 2.343325 -1.210269 0.36377025 2.3918428 -0.62125 999.87 
20150622194646 -9.566631 0.5279215 1.0522517 0.37598756 -1.7330247 -0.3903429 999.87 
20150622194646 -6.2512608 -1.0336965 1.9422961 0.35155296 -2.3356433 0.036651913 999.87 
20150622194646 -3.2333694 -1.3395559 -0.9900024 0.21960606 -1.8225164 0.464563 999.87 
20150622194646 -2.4516625 -0.53450555 2.1470003 0.18570304 -0.9260717 0.8561276 999.87 
20150622194646 -2.4809916 -1.0019734 0.034117375 -0.018325957 0.37782016 1.0473285 999.87 
20150622194646 -2.2146366 -0.92655605 -1.5514427 0.10354166 0.958753 0.94959 999.87 
20150622194646 -1.5987282 -0.688333 -3.359065 0.7602218 1.0855075 0.5311473 999.87 
20150622194646 -0.15741876 2.110489 -10.21127 0.6591236 1.5919148 0.5338962 999.87 
20150622194646 -4.343082 3.2357635 -4.047398 0.54641896 2.0216584 0.7131852 999.87 
20150622194646 -8.967483 3.072958 -2.3469162 0.3231477 2.223244 0.49510628 999.89 
20150622194646 -10.499173 3.4506433 -1.115698 0.32284227 0.36865717 0.11301007 999.89 
20150622194646 -12.28824 2.7407625 5.9412117 0.7678576 -0.8378017 -0.27122417 999.89 
20150622194646 -11.543644 2.391209 6.467337 1.0797043 -1.6426166 -0.35827246 999.89 
20150622194646 -11.562199 2.944868 6.105214 1.0100657 -3.8997638 -0.13958271 999.89 
20150622194646 -14.244303 0.8936358 6.254852 0.70921457 -3.3933563 -0.12339478 999.89 
20150622194646 -14.006679 0.24959552 7.457938 0.52870387 -1.5381587 -0.10170906 999.89 
20150622194646 -12.743138 3.2722752 7.401076 0.8594874 -0.45356745 0.10629055 999.89 
20150622194647 -14.009072 4.281431 2.0709844 0.96883225 -0.6786713 0.4016439 999.89 
20150622194647 -14.801554 1.3491327 -5.5389857 1.2345587 -0.93951076 0.36163223 999.94 
20150622194647 -14.620193 0.5734113 -14.798561 1.4199562 -0.7128797 -0.39675698 999.94 
20150622194647 -12.818556 3.1256304 -18.582596 1.0042624 2.4489589 -0.15118915 999.94 
20150622194647 -14.097658 3.702633 -4.7381253 -0.042455133 4.732373 0.7254025 999.94 
20150622194647 -11.637017 1.4580688 0.7649474 -0.99082345 4.4904704 0.9233228 999.94 
20150622194647 -8.968081 0.18674773 0.7799112 -0.5149594 -0.7690793 0.16371189 999.94 
20150622194647 -6.431424 0.02813187 0.46387658 -0.16126843 -2.4049764 -0.49571714 999.94 
20150622194647 -4.3448777 -0.54408234 0.5177461 -0.19761491 -1.7424932 -0.79626286 999.94 
20150622194647 -3.1681273 -0.6302736 -0.34596214 -0.26847526 -0.97219205 -1.0225884 999.94 
20150622194647 -2.5767596 -0.09995792 -0.7332243 -0.37598756 -0.2321288 -1.0699304 999.9 
20150622194647 -2.4516625 -0.10474633 -1.2898762 -0.3387248 0.4447099 -0.9831876 999.9 
20150622194647 -3.0747535 -0.80445176 -3.4650085 -0.3042109 0.99296147 -0.96577793 999.9 
20150622194647 -3.164536 -1.2503718 -6.715137 -0.20616703 1.3790283 -0.9486737 999.9 
20150622194647 -4.302979 -1.371279 -3.9498343 0.009468411 1.5870279 -0.7296785 999.9 
20150622194647 -6.975507 -2.248754 -1.4856021 -0.03573562 1.5030339 -0.3472769 999.9 
20150622194647 -10.666168 -2.2900538 0.712275 -0.48502702 0.23701571 -0.15118915 999.9 
20150622194647 -14.544177 -3.128623 5.8161144 -0.6404922 -0.8078693 0.022602014 999.9 
20150622194647 -12.323555 -3.964798 6.9342065 -0.4382958 -1.5723672 0.038179077 999.9 
20150622194647 -11.659762 -3.9707835 1.3790601 -0.36560285 -2.400395 0.16126843 999.87 
20150622194647 -14.100053 -0.15801731 4.501099 -0.02565634 -2.5360072 0.21471913 999.87 
20150622194647 -15.133749 0.533907 7.864354 -0.11881329 -0.42119157 0.3998113 999.87 
20150622194647 -17.167624 -2.657564 7.385514 -0.4120286 0.04062254 0.32498032 999.87 
20150622194647 -12.353482 -1.9285295 3.8205473 -0.41172317 -1.0253373 -0.12950343 999.87 
20150622194647 -6.339846 -0.10055647 -15.872959 -0.643852 -0.9468411 -0.16340645 999.87 
20150622194647 -15.661671 -0.40282443 -18.702906 -0.8078693 -0.24220806 0.43371433 999.87 
20150622194647 -19.60911 0.9331401 -5.294777 -0.35918877 3.402214 0.2742785 999.87 
20150622194647 -15.556924 0.41479546 -2.381632 -0.10751228 5.0723195 -0.49266282 999.87 
20150622194647 -11.113286 -1.3275849 -0.33638534 0.30543262 -0.42180246 -0.6719518 999.86 
20150622194647 -6.6445084 -1.7064673 0.05805939 0.6102544 -1.9068159 -0.33414328 999.86 
20150622194647 -3.1226375 -1.0055647 -1.091756 0.5934556 -1.320996 0.32406402 999.86 
20150622194647 -2.4390929 -0.78769237 1.3060371 0.5320636 -0.636827 0.956615 999.86 
20150622194647 -1.3054385 -0.6027403 -3.0855274 0.2510656 0.890947 1.1285735 999.86 
20150622194647 -1.0073603 -0.80205756 -5.677251 0.7254025 0.91751957 0.93737274 999.86 
20150622194647 -1.6160861 0.30286652 -5.42167 1.2709051 1.3634512 0.62888575 999.86 
20150622194647 -2.5755625 1.8429368 -4.626795 1.2928963 1.9611828 0.50976706 999.86 
20150622194647 -3.2261868 2.541445 -3.90614 1.0421361 1.0485502 0.3820962 999.86 
20150622194647 -4.59986 2.754529 -2.6461914 0.88086766 0.19792034 0.23793201 999.85 
20150622194647 -7.08145 8.660426 4.9464207 0.72143185 -0.24740042 -0.018325957 999.85 
20150622194647 -8.497621 2.7868507 8.426393 0.6649268 -0.7855727 -0.32620203 999.85 
20150622194647 -12.003929 -0.43514615 3.4207156 0.40683624 -1.6798794 -0.36285394 999.85 
20150622194647 -15.301343 0.7846996 -1.6561891 0.72356987 -2.051591 -0.38820487 999.85 
20150622194647 -16.943766 3.0137014 -2.433706 0.67256266 -0.49938235 -0.16707164 999.85 
20150622194647 -19.572 2.059612 3.7882257 0.42210788 0.65240407 0.003970624 999.85 
20150622194647 -17.327436 1.127669 7.097611 0.3286455 1.1542299 0.13041973 999.85 
20150622194647 -14.544177 3.1142578 5.3199162 0.68325275 0.21013765 0.1908954 999.85 
20150622194647 -10.682928 3.9815574 -4.630386 0.6423248 -0.9859365 0.48288897 999.9 
20150622194647 -10.312426 -0.66259533 -16.311697 0.7302894 -0.8378017 0.46486846 999.9 
20150622194647 -14.877569 0.5243302 -11.365874 1.0140363 0.15882497 0.13958271 999.9 
20150622194647 -15.707759 1.6328455 -5.969343 0.8014552 1.9071213 0.41447207 999.9 
20150622194647 -14.368801 2.2218192 -6.940192 -0.21685717 1.6475036 0.8142834 999.9 
20150622194648 -11.525088 1.5897499 -2.204461 -0.28221974 -0.6068946 0.5693264 999.9 
20150622194648 -8.186973 1.3964181 -0.7954735 -0.32284227 -0.34880406 0.24770586 999.9 
20150622194648 -5.7107697 1.1139023 -0.9828198 -0.29016098 -0.7302894 -0.122783914 999.9 
20150622194648 -3.7834373 0.43394905 -1.3916297 -0.19914207 -0.6203337 -0.58123827 999.9 
20150622194648 -2.4504654 0.39264908 -1.1587936 -0.26450464 -0.20799962 -0.9193522 999.91 
20150622194648 -2.202067 0.06703765 -1.0498575 -0.3943135 0.11789699 -1.0742066 999.91 
20150622194648 -2.742558 -1.033098 -1.2886791 -0.41447207 0.2733622 -1.1276573 999.91 
20150622194648 -3.4051533 -1.5442601 -1.632247 -0.33353242 0.32986724 -1.1340714 999.91 
20150622194648 -3.496133 -1.6250644 -2.0859482 -0.21655174 0.30695978 -1.0250319 999.91 
20150622194648 -4.534618 -1.7429788 -2.2864625 -0.16371189 0.30695978 -0.63132924 999.91 
20150622194648 -8.358757 -2.6928782 -1.5759833 -0.19547687 0.34697145 -0.24373524 999.91 
20150622194648 -12.309788 -1.9590555 0.39743748 -0.42332962 0.08460484 -0.11911872 999.91 
20150622194648 -13.447633 -2.5540147 3.0137014 -0.6960809 -0.2501493 -0.050396383 999.91 
20150622194648 -11.089942 -3.0244753 1.0696096 -0.57360244 -0.713796 0.07971791 999.9 
20150622194648 -11.369465 -4.3598413 -0.7685388 -0.5699373 -1.5503759 0.16615535 999.9 
20150622194648 -13.295601 -0.62608373 4.107253 -0.105068825 -1.047023 0.15210545 999.9 
20150622194648 -15.079281 0.6332663 8.915408 -0.16340645 -0.43676865 0.2593123 999.9 
20150622194648 -17.481863 -3.750517 8.851962 -0.6078109 -0.91446525 0.2556471 999.9 
20150622194648 -11.932701 -1.8267759 1.5903485 -0.56382865 -2.1743748 -0.2742785 999.9 
20150622194648 -7.000047 -2.0572178 -19.608511 -0.45204028 -2.0195205 -0.09712757 999.9 
20150622194648 -17.673399 -1.4377182 -13.035232 -0.39675698 0.5858198 0.2406809 999.9 
20150622194648 -18.549677 -0.08738836 -4.621408 0.16890424 6.3594127 -0.43493605 999.9 
20150622194648 -13.196839 2.2050598 -0.83737206 0.30573806 3.465744 -0.79809546 999.93 
20150622194648 -9.323022 1.2150574 2.7551277 0.049480084 -2.1908681 -0.40683624 999.93 
20150622194648 -7.551911 -1.0187328 3.4183214 -0.08002335 -2.5341744 0.129198 999.93 
20150622194648 -5.385158 -1.9339164 -0.5069722 0.07696902 -2.0525072 0.3866777 999.93 
20150622194648 -5.5030727 -1.821389 0.43035775 0.23487769 -1.0097603 0.6899723 999.93 
20150622194648 -3.980959 -1.2539631 -1.3036429 0.24098633 0.3885103 0.883922 999.93 
20150622194648 -2.789245 -1.1085154 -4.9961004 0.4447099 1.563815 0.9932669 999.93 
20150622194648 -1.4862007 -0.038905777 -7.9810715 0.7180721 1.6991217 0.7706065 999.93 
20150622194648 -1.7178397 1.6172832 -3.833117 0.5476407 2.2418754 0.73639804 999.93 
20150622194648 -4.144363 1.809418 -1.3455414 0.3659083 2.0830505 0.7244862 999.9 
20150622194648 -1.9135658 2.2224178 -0.5506664 0.2507602 0.68203104 0.6976081 999.9 
20150622194648 -6.5750766 2.4714148 -0.25019407 0.74464476 -0.38545597 0.30879238 999.9 
20150622194648 -12.172121 1.8148049 3.004723 1.4804319 -0.8707884 -0.06505715 999.9 
20150622194648 -14.919468 3.2519245 3.596091 1.475545 -2.0674734 0.08093964 999.9 
20150622194648 -13.834894 6.1608796 3.8588545 1.2592987 -2.2256875 0.06719518 999.9 
20150622194648 -12.220604 4.156334 7.2221093 1.0085385 -2.159714 -0.0027488936 999.9 
20150622194648 -13.453618 1.8992004 9.181165 0.79626286 -1.815186 -0.15088372 999.9 
20150622194648 -13.575124 2.6677392 8.7053175 0.91324353 -0.893085 -0.29657507 999.9 
20150622194648 -15.717336 4.285621 4.8979383 0.8008443 -0.97097033 0.15057829 999.93 
20150622194648 -14.956578 0.6871359 -4.8344917 0.8170323 -0.9049969 0.3827071 999.93 
20150622194648 -13.032837 0.17896658 -10.734404 1.1417072 -0.6065892 -0.12003502 999.93 
20150622194648 -13.22138 1.8447324 -19.608511 0.70524395 0.82924956 -0.4007276 999.93 
20150622194648 -15.498266 1.7112557 -6.693589 0.037873644 4.457178 0.61666846 999.93 
20150622194648 -13.415909 0.23523031 -1.0833763 -1.1285735 5.33377 1.0864239 999.93 
20150622194648 -9.427768 -1.0139444 -0.25737667 -0.81336707 -0.5164866 0.6258314 999.93 
20150622194648 -6.3248825 -1.0360907 -1.1001357 -0.1423316 -2.2834144 -0.19761491 999.93 
20150622194648 -4.8542438 -0.78410107 1.328782 0.077579886 -1.9825631 -0.69027776 999.93 
20150622194648 -3.4452562 0.0724246 1.7166426 0.004276057 -1.4278975 -0.83260936 999.94 
20150622194649 -2.5139117 0.6428431 1.1881226 -0.12156218 -1.3414601 -0.7648033 999.94 
20150622194649 -2.1865046 0.79966336 0.08619126 -0.20433442 -0.8539896 -0.6948592 999.94 
20150622194649 -1.8435353 0.81343 0.1352724 -0.26847526 -0.1414153 -0.8011498 999.94 
20150622194649 -3.039439 -0.19093758 -0.9720459 -0.3295618 0.6795876 -0.8454375 999.94 
20150622194649 -4.7506948 -1.5759833 -2.907758 -0.22052236 1.128879 -0.7678576 999.94 
20150622194649 -6.1938 -1.6609775 -5.035605 -0.019242255 1.3949108 -0.58551437 999.94 
20150622194649 -10.928932 -2.815581 -4.326921 0.0027488936 1.6612481 -0.24587326 999.94 
20150622194649 -15.386936 -3.1118636 -0.12868834 -0.33200526 1.3826935 0.1328632 999.94 
20150622194649 -12.515091 -3.2267854 5.2181625 -0.66920286 0.52656585 0.16829337 999.9 
20150622194649 -8.284536 -3.6044707 6.571485 -0.6206391 -1.2733486 0.31642818 999.9 
20150622194649 -11.598111 -3.4925418 5.3983264 -0.21563543 -2.620001 0.1957823 999.9 
20150622194649 -14.067731 -0.94092125 5.625177 0.22937989 -2.1997259 -0.11056661 999.9 
20150622194649 -16.95035 -1.0720038 4.855441 -0.009162978 -0.97249746 -0.14966199 999.9 
20150622194649 -17.474081 -1.8166006 4.784812 -0.22724187 -0.35094208 -0.3378085 999.9 
20150622194649 -9.215282 0.48841715 -1.5053543 -0.591623 -0.3494149 -0.17165314 999.9 
20150622194649 -9.514558 -2.6390088 -19.608511 -0.78801614 -0.47067168 0.44104472 999.9 
20150622194649 -19.14224 -1.0319009 -12.460623 -0.49877146 1.9199494 0.3640757 999.9 
20150622194649 -17.663822 0.7469909 -3.3369186 0.20677789 4.874399 -0.4089743 999.92 
20150622194649 -12.647969 1.5161282 -1.8082209 0.33078352 2.339614 -0.8915578 999.92 
20150622194649 -8.593389 -0.2208651 1.1534066 0.37293324 -1.68385 -0.43310347 999.92 
20150622194649 -5.397129 -1.4634558 -1.0666169 0.2648101 -1.7208074 0.26389378 999.92 
20150622194649 -5.559336 0.51834464 1.0522517 0.24556783 -1.0207558 0.68966687 999.92 
20150622194649 -3.4979286 0.5554548 -0.7404069 0.19425514 -0.20708331 1.0754282 999.92 
20150622194649 -2.4223335 -0.17597382 -3.4213142 0.516792 0.8045095 0.95386606 999.92 
20150622194649 -1.9608512 -0.6075287 -5.391144 0.87598073 1.1264355 0.5299256 999.92 
20150622194649 -1.8884265 -0.48362875 -4.5340195 1.0729848 1.9016235 0.27977628 999.92 
20150622194649 -2.405574 0.74878657 -3.638588 1.3756685 1.8020525 0.29016098 999.86 
20150622194649 -2.8263552 2.3570917 -1.8195933 1.3481796 0.96761054 0.2733622 999.86 
20150622194649 -4.5980644 3.2094274 -0.5793968 1.207986 0.30115658 0.3231477 999.86 
20150622194649 -6.603208 4.0001125 0.50517654 1.1117748 -0.24007004 0.13622294 999.86 
20150622194649 -10.199299 5.5725045 6.066907 1.0430524 -0.75136423 -0.23762658 999.86 
20150622194649 -11.63582 1.0905589 5.7005944 0.8249735 -1.0189233 -0.37568212 999.86 
20150622194649 -13.481152 0.46387658 0.065242 0.49357912 -1.5222762 -0.30543262 999.86 
20150622194649 -17.489643 0.78410107 -1.2455834 0.69058317 -1.4123205 -0.13836098 999.86 
20150622194649 -19.60911 0.20350714 4.1359835 0.5186246 -0.061391957 -0.03634648 999.86 
20150622194649 -17.578228 1.9925743 6.5864487 0.7134906 1.0418307 0.027488936 999.89 
20150622194649 -13.69663 5.121796 6.257845 0.97005403 0.028099801 0.10415252 999.89 
20150622194649 -9.148245 3.9390604 -0.16160862 0.95386606 -1.0916162 0.24190263 999.89 
20150622194649 -10.490793 -0.013766659 -19.320011 1.0152581 -1.1068878 0.17470746 999.89 
20150622194649 -15.46774 2.9334955 -16.596605 1.2632693 -0.49938235 -0.40042216 999.89 
20150622194649 -15.783176 0.7032967 -2.6874914 0.54336464 2.9862146 0.3481932 999.89 
20150622194649 -13.251906 -0.023942016 -4.079121 -1.2116512 2.7177396 1.0002918 999.89 
20150622194649 -10.011354 0.6254852 -1.7926586 -1.1276573 -0.6771441 0.8338311 999.89 
20150622194649 -7.0365586 0.30466217 -0.4854244 -0.93859446 -1.4859297 0.47403142 999.89 
20150622194649 -5.349245 0.3513491 0.3429694 -0.58246 -0.8356637 -0.22449298 999.86 
20150622194649 -4.405331 0.034117375 -0.9528923 -0.35888332 -0.5867361 -0.63071835 999.86 
20150622194649 -3.7738605 -0.074818805 -1.7004818 -0.46089783 -0.32834008 -0.8213083 999.86 
20150622194649 -3.684078 -0.2825158 -1.70946 -0.6560693 0.25625798 -0.90377516 999.86 
20150622194649 -3.74094 -1.0755951 -2.6384103 -0.6988298 0.86651236 -0.9401216 999.86 
20150622194649 -3.6290112 -1.6328455 -3.4566288 -0.6542367 0.7620544 -1.0207558 999.86 
20150622194650 -3.3782187 -1.7471687 -3.7732618 -0.5476407 0.58062744 -0.9233228 999.86 
20150622194650 -4.2521024 -1.2126632 -1.5981296 -0.59742624 0.355829 -0.64751714 999.86 
20150622194650 -6.6385226 -0.8912416 0.2657564 -0.8167268 0.15668693 -0.26053402 999.86 
20150622194650 -13.421895 -2.7383683 1.567005 -1.0659598 -0.1826487 -0.039095376 999.89 
20150622194650 -15.549742 -4.350863 2.461838 -1.070236 -0.5882632 0.1001819 999.89 
20150622194650 -11.999739 -3.8163576 -1.0271125 -0.8597928 -0.7828238 0.019242255 999.89 
20150622194650 -11.2132435 -4.4406457 -0.20709845 -0.4990769 -1.1890492 0.042760566 999.89 
20150622194650 -13.157335 -0.31663316 7.631518 3.0543262E-4 -0.5900958 0.07238753 999.89 
20150622194650 -15.710752 0.055066638 8.2276745 -0.103847094 -0.24007004 0.026267206 999.89 
20150622194650 -17.814058 -2.6677392 7.992444 -0.20158553 -1.7928895 -0.22052236 999.89 
20150622194650 -11.013328 -0.9911995 -4.24492 -0.4166101 -2.3435845 -0.38026363 999.89 
20150622194650 -10.155605 -1.8537107 -19.608511 -0.50640726 -1.0833695 0.056505036 999.89 
20150622194650 -17.560272 0.0077811554 -11.835137 -0.3436117 0.8790351 0.48533243 999.91 
20150622194650 -15.610195 0.79966336 -4.119224 -0.0888809 5.0912566 -0.22540927 999.91 
20150622194650 -12.082937 0.4141969 -1.2497733 0.2706133 1.1200215 -0.7495316 999.91 
20150622194650 -10.499173 -1.5388732 0.83976626 0.40469822 -1.675298 -0.57971114 999.91 
20150622194650 -6.983288 -1.8674773 1.079785 0.43157628 -1.8209893 -0.24770586 999.91 
20150622194650 -4.3598413 -1.7208325 0.65062433 0.34513888 -1.432479 0.4092797 999.91 
20150622194650 -2.8353333 -0.9487024 0.7553706 0.26511553 -0.6432411 1.0158689 999.91 
20150622194650 -2.5300727 -0.6003461 -0.6392518 0.3359759 0.376293 1.1957687 999.91 
20150622194650 -1.963844 -0.5919664 -1.2946646 0.64660084 0.82833326 0.99204516 999.91 
20150622194650 -1.3317747 0.30526072 -5.837064 0.72082096 1.2990049 0.8026769 999.85 
20150622194650 -1.965041 2.7210102 -8.583812 0.75869465 1.7311921 0.79076505 999.85 
20150622194650 -4.104859 3.7134068 -2.504335 0.8872818 2.1594086 0.8866709 999.85 
20150622194650 -9.341577 2.8514943 -2.8658595 0.745561 1.8261817 0.68508536 999.85 
20150622194650 -12.660539 3.0478187 0.02813187 1.0558805 -0.37934732 0.09315695 999.85 
20150622194650 -11.659762 3.2561142 6.0022635 1.2574661 -0.7910705 -0.17104226 999.85 
20150622194650 -9.785701 3.3105824 3.5075054 1.0790935 -1.6264287 -0.080634214 999.85 
20150622194650 -9.909601 3.5422213 5.5683146 1.001819 -3.2476652 -0.13194689 999.85 
20150622194650 -13.746907 1.1875241 5.632958 0.7770206 -3.1175508 -0.11575896 999.85 
20150622194650 -13.360244 0.40342298 7.9726915 0.4981606 -1.8274034 -0.16432275 999.91 
20150622194650 -14.34067 3.3740287 9.940127 0.6969972 -0.806953 -0.022296581 999.91 
20150622194650 -15.694591 4.159327 2.44448 0.88178396 -1.0512991 0.28985557 999.91 
20150622194650 -14.191032 2.8054059 -7.641693 0.7706065 -1.6966782 0.17654006 999.91 
20150622194650 -14.441226 2.5246856 -9.237429 1.3130548 -0.2510656 -0.18295415 999.91 
20150622194650 -11.915343 1.0079589 -19.608511 0.79626286 2.6426032 0.07269296 999.91 
20150622194650 -14.271836 -0.53450555 -6.206968 -0.18875736 4.3197336 0.5119051 999.91 
20150622194650 -13.156138 -1.1204864 -0.3752911 -0.3753767 4.8099527 0.63194007 999.91 
20150622194650 -11.048044 -0.5351041 0.9768343 -0.36774087 0.6010914 0.20799962 999.91 
20150622194650 -8.542512 0.97144735 -0.30047232 -0.23396139 -2.245846 -0.16554448 999.87 
20150622194650 -5.692813 0.66498953 -0.76434886 -0.1160644 -1.5888605 -0.49235737 999.87 
20150622194650 -3.9121256 0.6015432 -1.3796587 -0.07727446 -0.6411031 -0.73853606 999.87 
20150622194650 -2.5432408 0.91578215 -1.3449428 -0.17654006 -0.19425514 -0.9492846 999.87 
20150622194650 -2.822764 0.46567222 -1.5334862 -0.2510656 0.15271631 -1.0345002 999.87 
20150622194650 -2.4875755 -5.985504E-4 -1.5047557 -0.43676865 0.4120286 -1.0708468 999.87 
20150622194650 -2.7329812 -0.7673417 -1.8567034 -0.5867361 0.68752885 -0.90010995 999.87 
20150622194650 -3.6463692 -1.3281834 -2.7976246 -0.64476824 0.8344419 -0.6881397 999.87 
20150622194650 -4.5316253 -1.3754689 -2.4600422 -0.60903263 0.7266242 -0.45051312 999.87 
20150622194650 -8.377911 -2.4893713 -1.6771383 -0.7174612 0.57604593 -0.16920967 999.91 
20150622194650 -12.012907 -3.3321302 0.43993455 -0.852157 0.058948494 0.069027774 999.91 
20150622194651 -13.6331835 -4.2305546 2.790442 -0.7867944 -0.410196 0.15057829 999.91 
20150622194651 -11.553819 -3.6846764 3.1735144 -0.57696223 -1.4306464 0.15790866 999.91 
20150622194651 -10.757148 -3.6768951 2.018312 -0.4288274 -2.3426683 0.3371976 999.91 
20150622194651 -11.485584 -2.0021513 12.9723835 0.04886922 -2.1981986 0.32589662 999.91 
20150622194651 -13.748105 -1.1474211 10.565014 0.08032878 -1.8249599 0.2125811 999.91 
20150622194651 -17.847576 -3.084929 5.9202623 -0.18234327 -2.6306913 -0.19150625 999.91 
20150622194651 -12.380417 -0.14065935 2.408567 -0.26145032 -2.0552561 -0.43982297 999.91 
20150622194651 -9.551069 0.78769237 -11.253945 -0.26511553 -0.50579643 0.023518313 999.86 
20150622194651 -14.725537 -1.0666169 -19.608511 -0.36651915 1.2308935 0.37110063 999.86 
20150622194651 -18.89923 1.3838485 -6.703765 0.5403103 5.7684007 -0.5345071 999.86 
20150622194651 -14.019847 0.724246 -1.9381063 0.42058071 6.649574 -0.57604593 999.86 
20150622194651 -10.878056 -0.9888053 -0.39803603 0.23243423 -1.5244142 -0.25259277 999.86 
20150622194651 -6.6684504 -1.6382325 1.9255368 0.34269542 -2.7351491 0.003970624 999.86 
20150622194651 -4.805163 -0.56563014 2.0739772 0.1572978 -2.5100453 0.5458081 999.86 
20150622194651 -3.9594111 0.87687635 4.308366 0.07452556 -2.20278 1.0635164 999.86 
20150622194651 -2.7132292 -0.1328782 1.5999253 0.16493362 -0.82741696 1.1743884 999.86 
20150622194651 -2.5073278 -0.81761986 0.12090719 0.56413406 -0.7858781 0.8002335 999.91 
20150622194651 -2.0805612 -0.46267948 -0.97623575 0.94959 0.17684549 0.44623706 999.91 
20150622194651 -2.0925324 0.39324763 -4.1054573 0.9633345 1.4782939 0.37843102 999.91 
20150622194651 -1.2665327 2.8042088 -11.21085 0.9138544 2.3377812 0.32711834 999.91 
20150622194651 -3.3746274 3.1022868 -2.6282349 0.91965765 2.994156 0.3631594 999.91 
20150622194651 -8.073248 2.3187842 -2.995745 0.8924741 2.821892 0.16737708 999.91 
20150622194651 -12.404359 2.8269536 0.3441665 0.91507614 0.36713 -0.09468412 999.91 
20150622194651 -16.156672 3.1376014 5.313332 1.1282681 -0.5332854 -0.3390302 999.91 
20150622194651 -14.545374 3.7361517 6.1638722 1.1530081 -1.3906348 -0.06566802 999.91 
20150622194651 -11.960834 0.7356185 2.4690206 0.840856 -2.9804115 -0.077579886 999.9 
20150622194651 -13.199833 -1.3198037 3.705027 0.4202753 -2.2305744 -0.19028452 999.9 
20150622194651 -11.866262 -0.32561144 7.0012445 0.6783658 -0.23823744 -0.13041973 999.9 
20150622194651 -9.840169 3.3494883 7.8727336 0.8927795 -0.13225232 0.26175576 999.9 
20150622194651 -11.757326 4.8177323 4.710592 1.0137309 -0.9166033 0.44135013 999.9 
20150622194651 -13.666103 1.5598224 -1.5113398 1.2638801 -0.9456194 0.11728613 999.9 
20150622194651 -10.553641 1.1366472 -19.608511 1.459968 -0.110872045 -0.47769663 999.9 
20150622194651 -15.845426 1.4873978 -15.416863 0.97127575 1.736079 -0.59589905 999.9 
20150622194651 -15.850214 -0.3489549 -4.51307 0.46731192 5.877745 0.8561276 999.9 
20150622194651 -11.982381 -0.7248446 -2.2984335 -0.78984874 2.3374758 0.84604836 999.88 
20150622194651 -10.630256 0.415394 1.5245079 -0.30543262 -2.723848 0.19822577 999.88 
20150622194651 -9.660604 0.39923313 -0.56922144 -0.40683624 -2.5427265 0.101098195 999.88 
20150622194651 -8.9124155 0.50158525 -3.37762 -0.3830125 -2.0409007 -0.16920967 999.88 
20150622194651 -7.3178773 0.04129998 -5.8544216 -0.37843102 -0.8940013 -0.38881573 999.88 
20150622194651 -5.8143187 0.10295067 -3.4093432 -0.49174652 0.7266242 -0.55741453 999.88 
20150622194651 -5.1002483 -0.023343466 -2.2511482 -0.5488624 1.1621711 -0.64721173 999.88 
20150622194651 -4.577115 0.36272156 -1.5161282 -0.6383542 0.36987892 -0.6771441 999.88 
20150622194651 -4.63697 0.14065935 0.43394905 -0.6765333 -0.04734206 -0.6933321 999.88 
20150622194651 -4.7524905 -0.6703765 0.46507367 -0.79137594 -0.022602014 -0.6075055 999.88 
20150622194651 -3.9845502 -1.1755531 0.5710171 -0.55741453 -0.364992 -0.49480084 999.88 
20150622194651 -2.9083564 -1.6514006 -0.025139118 -0.34238997 -0.40958515 -0.47708577 999.88 
20150622194651 -3.685275 -2.4013844 -1.3605051 -0.21288654 -0.24862215 -0.4260785 999.88 
20150622194651 -8.104373 -1.8088194 -1.7112557 -0.035124753 -0.099571034 -0.3182608 999.88 
20150622194651 -15.248072 -1.3239936 3.5757403 -0.0711658 0.23671028 0.004276057 999.88 
20150622194651 -14.128783 -0.22924481 1.6819267 -0.63163465 0.2602286 0.14905111 999.88 
20150622194652 -10.755951 -1.1905168 -4.0976763 -0.6075055 -0.46609017 0.23426682 999.88 
20150622194652 -8.918402 -0.82240826 -4.9146976 -0.42455134 -0.74281216 0.19486602 999.88 
20150622194652 -11.136629 -1.3772645 3.1352072 -0.30451632 0.42332962 0.27916542 999.91 
20150622194652 -11.385028 -3.6948519 8.948928 -0.6068946 0.35796702 0.07513642 999.91 
20150622194652 -15.494675 -3.791817 8.756793 -0.48533243 -1.3933836 -0.3848451 999.91 
20150622194652 -16.390705 0.6512229 -0.23223756 -0.6203337 -2.835331 -0.38881573 999.91 
20150622194652 -9.960478 -1.2282255 -19.347544 -0.79443026 -1.5583172 -0.14355333 999.91 
