20150625183349 10.322002 -1.9189527 -0.23104046 -0.38240165 -0.08827003 0.021380283 994.89 
20150625183349 11.936293 -1.2952632 0.62009823 -0.52626044 0.01282817 0.03145956 994.89 
20150625183349 12.786833 -1.2755109 2.4331074 -0.6337727 0.17684549 0.002443461 994.89 
20150625183349 12.70543 -3.2495303 3.0250738 -0.63041294 0.21135938 -0.129198 994.89 
20150625183349 12.983756 -4.3700166 4.808754 -0.2874121 0.37323865 -0.14660765 994.86 
20150625183349 12.514492 -2.8167782 3.6314054 -0.12156218 0.4334089 0.092240654 994.86 
20150625183350 13.757083 0.35434186 0.7870938 -0.02565634 0.52748215 0.2678644 994.86 
20150625183350 13.032837 -0.059855044 -3.5823243 -0.018936822 0.48166725 0.22937989 994.86 
20150625183350 9.217078 -3.7223852 -4.6698904 0.0021380284 0.21533 0.20463985 994.86 
20150625183350 9.76535 -1.9925743 -3.5446155 0.31978795 -0.21105394 0.6398814 994.86 
20150625183350 10.900801 1.3371617 -3.8055837 0.34147367 -0.64843345 0.7809912 994.86 
20150625183350 13.970765 -0.3633201 -0.22685061 -0.05131268 -0.2180789 0.34025195 994.86 
20150625183350 16.825253 -1.822586 -0.7739257 -0.0125227375 0.35430184 0.1994475 994.86 
20150625183350 13.368624 0.57760113 -1.3383588 0.20708331 0.027488936 0.19853121 994.88 
20150625183350 9.697714 1.0324994 0.12270284 0.3463606 -0.1441642 -0.004581489 994.88 
20150625183350 6.1219735 -0.06464344 0.56802434 0.3662137 -0.06505715 -0.31031954 994.88 
20150625183350 3.17531 -0.5434838 -0.033518825 0.46761733 0.20189096 -0.5338962 994.88 
20150625183350 1.8734628 -2.391209 -0.26036942 0.5213735 0.4783075 -0.58062744 994.88 
20150625183350 3.8654387 -2.171541 0.6991069 0.5491679 0.42302418 -0.5720753 994.88 
20150625183350 4.824915 -0.49559975 0.8822633 0.4373795 -0.043066 -0.35827246 994.88 
20150625183350 5.1397524 0.40342298 0.623091 0.40958515 -0.4251622 -0.28099802 994.88 
20150625183350 6.157887 0.4225766 0.1933318 0.56321776 -0.52473325 -0.23335053 994.88 
20150625183350 7.571663 0.009576807 0.33039984 0.7021896 -0.5143485 -0.0870483 994.84 
20150625183350 9.759365 0.17118542 1.0217255 0.754724 -0.43249258 0.039095376 994.84 
20150625183350 10.653599 0.2160767 0.9828198 0.79290307 -0.22296582 0.101098195 994.84 
20150625183350 11.777079 0.6338649 -0.60214174 0.9049969 -0.11056661 0.07544186 994.84 
20150625183350 14.514848 2.7575219 0.14903906 0.926988 -0.018936822 0.11301007 994.84 
20150625183350 16.2692 4.185663 2.7539306 0.5491679 0.0 0.15027285 994.84 
20150625183350 13.369223 1.4754268 2.078167 0.3005457 0.0070249503 -0.07971791 994.84 
20150625183350 11.71842 -0.076614454 -5.2289367 0.19242255 0.20769419 -0.40042216 994.84 
20150625183350 13.34109 1.6675615 -6.6247563 -0.15974127 0.6554584 -0.14874569 994.84 
20150625183350 15.368979 0.43514615 -1.4754268 -0.40866885 0.35430184 -0.24465153 994.87 
20150625183350 10.286688 -1.9452889 -2.1200657 -0.50671273 -0.8533788 -0.5708536 994.87 
20150625183350 13.8241205 0.55246204 -0.7906851 -0.44684792 -0.5363397 -0.47036624 994.87 
20150625183350 15.62456 0.8391677 -1.3521254 0.019547688 0.8686504 -0.11362094 994.87 
20150625183350 14.264654 -1.471237 -2.1266496 0.32498032 0.4202753 -0.160963 994.87 
20150625183350 10.453085 -0.63206923 -1.7154455 0.07727446 0.22143865 0.042455133 994.87 
20150625183350 6.534375 0.62967503 -1.2755109 -0.13225232 -0.31398472 0.2846632 994.87 
20150625183350 3.654749 1.7046716 -0.7763199 -0.09437868 -0.3494149 0.45478916 994.87 
20150625183350 2.28347 1.8477252 -0.25677812 -0.065973446 0.013439035 0.5479461 994.87 
20150625183350 1.8387469 0.5422867 -0.1921347 -0.015577064 0.3155119 0.5305365 994.86 
20150625183350 3.259107 -0.8098387 -0.030526072 0.02321288 0.23823744 0.43066 994.86 
20150625183350 5.2008047 -1.1683705 -0.107739076 -0.03145956 -0.048258353 0.3109304 994.86 
20150625183350 6.789956 -0.31543607 -0.16819267 -0.21410827 -0.37384954 0.1386664 994.86 
20150625183350 9.028535 -0.40162733 0.81283146 -0.5137377 -0.57910025 0.04062254 994.86 
20150625183350 9.939528 -1.1659763 0.6931214 -0.7156286 -0.30940324 0.03604105 994.86 
20150625183350 11.288661 -1.7621324 1.1414356 -0.72204274 0.06414085 0.11362094 994.86 
20150625183350 13.066356 -2.6240451 1.8207904 -0.7696902 0.20158553 0.13652839 994.86 
20150625183350 13.138781 -4.7818193 3.7367504 -0.5412266 0.22266038 -0.026267206 994.86 
20150625183350 14.117411 -5.255273 5.6042275 -0.27091873 0.27275133 -0.16584991 994.86 
20150625183350 13.526641 -2.2697031 4.4621935 -0.07666359 0.2843578 0.08155051 994.86 
20150625183350 11.654974 1.460463 0.48362875 0.17440203 0.22449298 0.36254853 994.86 
20150625183350 9.4457245 2.0530279 -6.0184245 0.30298916 0.15332718 0.16279559 994.86 
20150625183350 7.9068513 -2.3235726 -7.459734 0.05131268 0.23793201 0.013439035 994.86 
20150625183350 11.829152 -3.5290532 -3.9282866 -0.38637227 -0.025045475 0.14049901 994.86 
20150625183350 14.90211 -1.4425066 -0.41359833 -0.29046643 -0.48899764 0.5149594 994.86 
20150625183351 17.33043 1.0175357 -0.79846627 0.084910266 -0.12583824 0.6423248 994.86 
20150625183351 16.23987 0.1328782 -1.797447 0.5900958 0.18173242 0.5290093 994.86 
20150625183351 12.929886 0.15502456 -1.9847932 0.5164866 0.06414085 0.16768251 994.84 
20150625183351 8.280347 0.9696517 0.04189853 0.34300083 0.11789699 -0.12614368 994.84 
20150625183351 5.0236335 -0.16639702 0.3226187 0.26053402 0.22266038 -0.31795537 994.84 
20150625183351 3.3560722 -1.6376339 0.8379706 0.23060162 0.33261612 -0.53786683 994.84 
20150625183351 2.6874914 -1.6502035 0.12389994 0.38545597 0.47952923 -0.5858198 994.84 
20150625183351 1.821389 -0.8086416 -0.39145198 0.46975538 0.24190263 -0.44623706 994.84 
20150625183351 3.093907 0.10414778 -0.027533319 0.44043383 0.026572637 -0.33414328 994.84 
20150625183351 5.3019595 0.56084174 0.33279404 0.45265114 -0.18387043 -0.15577064 994.84 
20150625183351 7.131728 -0.23822308 0.53211135 0.5555819 -0.5366451 -0.06994407 994.84 
20150625183351 9.700109 -0.7380127 0.4914099 0.6478226 -0.6282749 -0.07696902 994.89 
20150625183351 11.78845 0.30945057 1.1121067 0.8530733 -0.5009095 -9.162979E-4 994.89 
20150625183351 12.360664 1.9644425 0.46028528 0.9114109 -0.34147367 0.022296581 994.89 
20150625183351 11.996147 1.7304093 0.039504327 0.8741482 -0.21746802 -0.049480084 994.89 
20150625183351 14.0234375 3.0855274 2.0272903 0.63529986 -0.21746802 -0.02076942 994.89 
20150625183351 15.631145 1.5179238 3.596091 0.23396139 -0.15302174 0.03268129 994.89 
20150625183351 13.748105 -1.1767502 -3.1334114 0.064446285 -0.16157386 -0.18845193 994.89 
20150625183351 15.502456 1.2354081 -7.5136037 -0.014049901 0.089491755 -0.2837469 994.89 
20150625183351 12.922704 0.092176765 -3.317765 -0.32895094 0.49113566 -0.37140608 994.89 
20150625183351 9.384073 -1.216853 -2.509722 -0.10323623 -0.26389378 -0.816116 994.9 
20150625183351 11.668142 -0.16998832 -1.4688427 -0.19608775 -0.37110063 -0.54305923 994.9 
20150625183351 16.519394 3.5529952 0.02932897 -0.16249016 0.5693264 -0.16584991 994.9 
20150625183351 16.535555 0.6302736 -1.3868413 0.2144137 0.7089091 -0.036651913 994.9 
20150625183351 14.031817 -1.5646108 -1.6645688 0.22693644 0.36926803 0.007941248 994.9 
20150625183351 9.794081 -1.4718355 -0.7757214 -0.03726278 0.021991149 0.2724459 994.9 
20150625183351 3.6924577 0.4417302 -0.5398925 -0.122478485 -0.0870483 0.39950588 994.9 
20150625183351 1.4167689 1.5927427 -0.635062 -0.087659165 0.099571034 0.50335294 994.9 
20150625183351 1.0690111 1.762731 -0.7068881 -0.05497787 0.46486846 0.5323691 994.9 
20150625183351 2.3415294 0.029927522 -0.7625532 -0.055283304 0.36163223 0.50762904 994.89 
20150625183351 4.980538 -1.1821371 0.108936176 -0.11148291 0.09162979 0.33536503 994.89 
20150625183351 5.635352 -1.2090719 0.095169514 -0.29016098 -0.3885103 0.25137106 994.89 
20150625183351 7.946954 -0.44891283 0.712275 -0.44990227 -0.61483586 0.20097467 994.89 
20150625183351 9.622296 0.142455 0.48961425 -0.52656585 -0.35246924 0.1863139 994.89 
20150625183351 10.969035 -1.8369513 0.415394 -0.5928447 -0.1966986 0.19700404 994.89 
20150625183351 13.582905 -2.9765913 2.1308396 -0.602924 -0.027488936 0.09132435 994.89 
20150625183351 13.92348 -3.6912606 2.5270798 -0.569021 0.03604105 0.029932396 994.89 
20150625183351 13.303382 -4.0677485 4.386776 -0.35277468 0.03359759 -0.05467244 994.89 
20150625183351 13.053187 -2.8006175 3.6379895 -0.10629055 0.19639318 -0.06627888 994.88 
20150625183351 13.15973 0.439336 0.11731588 0.09896017 0.38606682 0.22052236 994.88 
20150625183351 12.7335615 1.6603789 -5.9603653 0.160963 0.45051312 0.31795537 994.88 
20150625183351 9.599552 -2.3995886 -5.885546 0.070554934 0.3200934 0.15057829 994.88 
20150625183351 11.443686 -1.3772645 -3.1675289 0.12522738 0.03390302 0.5015204 994.88 
20150625183351 11.8261595 1.134253 -1.8992004 0.012217305 -0.54336464 0.74281216 994.88 
20150625183351 14.671069 -1.6418238 0.37948096 -0.07513642 0.1572978 0.43951756 994.88 
20150625183351 16.102802 -2.8395233 -0.46926352 0.13652839 0.41905355 0.27152961 994.88 
20150625183351 13.4422455 -0.24540567 -1.0265139 0.30909783 0.028405234 0.12889257 994.88 
20150625183351 10.0664215 1.4496891 -0.15801731 0.2773328 -0.16371189 -0.13744467 994.89 
20150625183351 6.675633 1.5053543 0.45130703 0.31948254 -0.2593123 -0.47311515 994.89 
20150625183351 3.0232782 0.2741361 -0.7858967 0.4297437 -0.048258353 -0.6239988 994.89 
20150625183352 2.1649568 -2.3451207 -0.37469256 0.52381694 0.26816985 -0.6795876 994.89 
20150625183352 3.2507274 -1.4760253 0.3238158 0.5131268 0.19456059 -0.5726862 994.89 
20150625183352 4.59986 0.004189853 0.32022446 0.38973203 -0.13530666 -0.35308012 994.89 
20150625183352 6.7241154 1.6932992 0.7649474 0.45204028 -0.4071417 -0.258396 994.89 
20150625183352 8.446744 1.7705121 1.2372037 0.46089783 -0.5900958 -0.16493362 994.89 
20150625183352 10.237008 0.52732295 1.0217255 0.46181414 -0.65179324 -0.11789699 994.89 
20150625183352 10.627263 -0.50757074 1.5227122 0.56688297 -0.5479461 -0.10293079 994.81 
20150625183352 11.209652 0.075417355 -0.0664391 0.636827 -0.20830505 -0.09987647 994.81 
20150625183352 12.642582 0.8762778 1.2826935 0.643852 0.1133155 -0.0693332 994.81 
20150625183352 15.374366 3.6254199 3.0298622 0.3640757 0.21044308 0.09437868 994.81 
20150625183352 14.933234 1.958457 3.8031895 0.19486602 0.13439035 0.12767084 994.81 
20150625183352 11.148601 -0.374094 -1.6106992 0.2770274 0.093767814 -0.27183503 994.81 
20150625183352 11.753136 1.3682863 -7.3549876 0.19242255 0.30115658 -0.20158553 994.81 
20150625183352 13.702615 2.830545 -3.721188 -0.1518 0.5720753 -0.05681047 994.81 
20150625183352 12.943054 -0.4429273 -1.8489223 -0.31795537 -0.102319926 -0.43982297 994.81 
20150625183352 14.462175 -1.851915 -1.2785037 -0.3717115 -0.62858033 -0.6224717 994.97 
20150625183352 16.19378 -0.6171055 -1.021127 -0.16218472 0.21471913 -0.37598756 994.97 
20150625183352 15.289372 -0.5955577 -0.1604115 0.03359759 0.7733554 -0.17715092 994.97 
20150625183352 13.753491 -0.87807345 -0.8750807 0.077579886 0.4905248 0.05467244 994.97 
20150625183352 10.259154 -0.9451111 -0.8702923 0.122783914 -0.03268129 0.26206118 994.97 
20150625183352 5.993884 0.34476504 -0.43634325 0.025045475 -0.1459968 0.3894266 994.97 
20150625183352 2.5145104 1.8237832 -0.10354923 -0.063224554 0.16584991 0.4718934 994.97 
20150625183352 0.2124854 2.3259668 -0.40521863 -0.10262536 0.50579643 0.5235115 994.97 
20150625183352 0.25617957 1.0259154 -1.5382746 -0.09773844 0.47769663 0.4914411 994.97 
20150625183352 3.402759 -0.53809685 -0.6254852 -0.16676621 0.2171626 0.41508293 994.89 
20150625183352 6.3859344 -0.9959879 0.44951138 -0.36987892 -0.3231477 0.28771752 994.89 
20150625183352 9.130887 -1.039682 1.435324 -0.5653558 -0.8396343 0.18784106 994.89 
20150625183352 10.545261 -1.2198458 1.1563994 -0.8081747 -0.88056225 0.07422013 994.89 
20150625183352 11.068993 -2.694674 0.7846996 -0.8732319 -0.5299256 0.02687807 994.89 
20150625183352 13.092093 -4.2054152 1.7549498 -0.75319684 -0.16646078 0.015577064 994.89 
20150625183352 14.123396 -3.4243069 3.2704794 -0.65057147 -0.048258353 -0.034208454 994.89 
20150625183352 14.72434 -2.3588872 4.550779 -0.38606682 -0.011911872 -0.10415252 994.89 
20150625183352 13.79958 -1.2042835 3.4685998 -0.1731803 0.15424347 0.019547688 994.89 
20150625183352 11.156382 0.93014735 0.80086046 0.1001819 0.3631594 0.20525073 994.93 
20150625183352 9.123106 1.5699978 -6.3422403 0.11484267 0.43860126 0.21868975 994.93 
20150625183352 11.155783 -5.8909335 -6.715736 -0.16523905 0.48472157 0.034208454 994.93 
20150625183352 15.282788 -2.9741971 -4.1413703 -0.1518 0.062002823 0.44104472 994.93 
20150625183352 15.474923 1.9351135 -2.2750902 0.13622294 -0.9950995 0.75900006 994.93 
20150625183352 15.817293 1.3012487 -0.39205053 0.17898351 -0.47036624 0.4447099 994.93 
20150625183352 14.783597 -2.1152773 -1.412579 0.44532076 0.5112942 0.2602286 994.93 
20150625183352 12.706028 -0.06584055 -1.2755109 0.49327368 0.3866777 0.17470746 994.93 
20150625183352 10.275315 0.7577648 -0.9684546 0.26053402 0.41783184 0.018936822 994.93 
20150625183352 8.268375 0.4225766 0.1352724 0.10751228 0.079107046 -0.35613444 994.93 
20150625183352 5.2223525 -0.18974048 0.3776853 0.106901415 -0.0033597588 -0.5516113 994.93 
20150625183352 2.4791958 -1.5664065 -0.2789245 0.26847526 0.25167647 -0.59803706 994.93 
20150625183352 2.1535845 -2.3864205 -0.2741361 0.5103779 0.37110063 -0.5693264 994.93 
20150625183352 2.947861 -0.8230068 0.16519992 0.52015173 0.14996742 -0.408058 994.93 
20150625183352 4.642357 0.42676646 0.88765025 0.52473325 -0.16279559 -0.33475417 994.93 
20150625183352 5.8741736 0.770933 1.2515689 0.6536258 -0.41263947 -0.28893927 994.93 
20150625183352 6.8450227 -0.29747957 0.8972271 0.7996226 -0.5299256 -0.22021692 994.93 
20150625183353 9.291298 -0.36511576 0.6913257 0.92179567 -0.43157628 -0.17623462 994.93 
20150625183353 11.403583 1.0079589 0.7679402 0.9767735 -0.26939157 -0.13103059 994.85 
20150625183353 12.822745 2.7629087 -0.40521863 0.9804387 -0.26267207 -0.05467244 994.85 
20150625183353 14.996681 4.68246 1.7322049 0.8512407 -0.34422258 -0.029321533 994.85 
20150625183353 15.549742 3.7253778 3.9869444 0.29840767 -0.38759398 0.021991149 994.85 
20150625183353 12.694656 -1.4215573 2.944868 0.10476339 -0.26267207 -0.13500121 994.85 
20150625183353 11.138425 -3.2321723 -5.559336 0.13408493 -0.019547688 -0.24495697 994.85 
20150625183353 12.529456 1.323395 -8.091205 0.20311269 0.6072 -0.011911872 994.85 
20150625183353 14.629171 2.0859482 -4.7722425 0.10262536 0.6606508 -0.043066 994.85 
20150625183353 15.570691 1.2312182 -2.1242554 -0.0421497 -0.4034765 -0.5458081 994.85 
20150625183353 15.649699 0.01316811 -2.5360582 -0.3555236 -0.7302894 -0.64568454 994.92 
20150625183353 15.5754795 -0.25019407 -0.93852705 -0.30634892 0.23060162 -0.3735441 994.92 
20150625183353 13.276447 -1.6364368 -0.70509243 -0.118202426 0.6123924 -0.098043874 994.92 
20150625183353 10.250774 -1.875857 -0.80205756 0.17073683 0.44348818 0.33108896 994.92 
20150625183353 6.679224 -1.1971009 -0.20290859 0.30390546 0.14080444 0.50426924 994.92 
20150625183353 3.1130607 0.7218518 -0.36870706 0.36835176 0.012217305 0.49754974 994.92 
20150625183353 0.6871359 2.144606 -0.33518824 0.36896262 0.26419923 0.48655418 994.92 
20150625183353 0.6997054 2.5995045 -0.34356794 0.2846632 0.27458394 0.43127087 994.92 
20150625183353 2.445677 1.4167689 -0.91937345 0.058643065 -0.010079277 0.37751472 994.92 
20150625183353 6.8246717 0.28790274 -0.07182605 -0.14660765 -0.364992 0.3042109 994.87 
20150625183353 8.5299425 -0.24121583 0.39145198 -0.48472157 -0.5925393 0.2003638 994.87 
20150625183353 10.001778 -0.78170687 0.664391 -0.7629707 -0.5879578 0.092240654 994.87 
20150625183353 10.971429 -2.1051018 0.8535329 -0.8332202 -0.2406809 0.11636983 994.87 
20150625183353 14.613608 -2.9789855 3.198055 -0.7840455 0.035124753 0.15882497 994.87 
20150625183353 14.436438 -4.059369 2.2655134 -0.67073005 0.10995574 0.14263703 994.87 
20150625183353 14.236522 -4.879383 3.8379054 -0.29657507 0.14660765 -0.020158553 994.87 
20150625183353 13.318345 -2.030283 2.9113493 -0.15943582 0.47525316 -0.023518313 994.87 
20150625183353 10.970831 1.3874398 -0.58777654 -0.101098195 0.5891795 0.25595254 994.87 
20150625183353 8.082825 1.7286136 -6.027403 -0.021991149 0.7122689 0.28344148 994.97 
20150625183353 8.611345 -4.4196963 -4.455011 0.022296581 0.61941737 0.13500121 994.97 
20150625183353 14.198813 -1.7064673 -2.178125 0.19333886 0.13652839 0.5140431 994.97 
20150625183353 15.405491 0.4249708 -1.5969325 0.047036625 -0.5723807 0.91629785 994.97 
20150625183353 17.649456 -1.0540473 -0.4165911 0.076052725 -0.25473082 0.44776422 994.97 
20150625183353 15.353417 -0.8230068 -1.9644425 0.41233405 0.17531833 0.31856623 994.97 
20150625183353 12.756307 1.6585833 -0.93972415 0.3145956 0.027794369 0.17256944 994.97 
20150625183353 9.758167 1.4820108 -0.2220622 -0.0290161 0.13988814 -0.13408493 994.97 
20150625183353 7.049727 0.4261679 1.0869676 -0.08368854 0.032070424 -0.47678033 994.97 
20150625183353 3.25372 -1.1306617 0.40162733 -9.162979E-4 0.16707164 -0.61453044 994.9 
20150625183353 1.7561469 -3.506907 -0.26755205 0.2666427 0.30298916 -0.78801614 994.9 
20150625183353 2.3331497 -2.3732524 -0.12509704 0.410196 0.29626966 -0.7302894 994.9 
20150625183353 2.6132712 -0.415394 -0.17058687 0.27580565 -0.14813483 -0.5390886 994.9 
20150625183353 4.4155064 1.6280571 0.95588505 0.2828306 -0.37690386 -0.40683624 994.9 
20150625183353 5.8681884 0.9223662 1.459266 0.40591997 -0.58001655 -0.16554448 994.9 
20150625183353 8.696938 -0.7918822 0.79008657 0.6612616 -0.70341134 -0.06505715 994.9 
20150625183353 10.270527 0.724246 0.9696517 0.8384125 -0.5158757 -0.07788532 994.9 
20150625183353 11.344326 2.4127567 -0.20111294 0.8524625 -0.36682457 -0.08857546 994.9 
20150625183353 13.520656 2.645593 1.2910733 0.7492262 -0.22266038 -0.0106901415 994.91 
20150625183353 14.992491 2.0308816 2.4486697 0.3912592 -0.20586158 0.14019357 994.91 
20150625183353 13.276447 -0.76554596 -0.18674773 0.27855456 -0.21624629 0.071776666 994.91 
20150625183353 13.599664 0.32561144 -7.244256 0.18784106 -0.1255328 -0.16065755 994.91 
20150625183354 19.239805 2.8856115 -4.956596 -0.18295415 0.23579398 -0.15057829 994.91 
20150625183354 13.84507 0.74399817 -2.5779567 -0.49418998 0.21044308 -0.43799037 994.91 
20150625183354 12.145785 -1.7603368 -1.5209166 -0.34666604 -0.6743952 -0.89919364 994.91 
20150625183354 15.160684 2.1493945 -1.0031705 -0.09682214 -0.16218472 -0.52534413 994.91 
20150625183354 16.513407 2.0524294 -1.6154876 0.34483343 0.8921687 -0.03573562 994.91 
20150625183354 15.245079 -0.89902276 -1.1737574 0.46731192 0.97524637 -0.009468411 994.88 
20150625183354 11.827955 -2.110489 -1.2791022 0.31612277 0.5714644 0.2321288 994.88 
20150625183354 6.3009405 -1.7118542 -0.5518635 0.1133155 -0.081855945 0.41447207 994.88 
20150625183354 1.7070658 0.74998367 -0.23163901 0.044898596 -0.15271631 0.50243664 994.88 
20150625183354 -0.5279215 3.1202433 -0.15023616 0.05955936 0.4092797 0.55680364 994.88 
20150625183354 -0.6697779 3.1387985 -1.0953473 0.05100725 0.5381723 0.5305365 994.88 
20150625183354 1.8219875 0.7032967 -1.6968905 0.012217305 0.27122417 0.39645153 994.88 
20150625183354 5.8639984 -1.0839748 -0.036511578 -0.14508049 -0.26908615 0.3042109 994.88 
20150625183354 8.120534 -1.5155296 0.46627077 -0.44348818 -0.75502944 0.20555615 994.88 
20150625183354 9.111733 -0.9780314 0.587178 -0.68325275 -0.8604037 0.09865474 994.91 
20150625183354 9.526528 -2.0260932 0.33039984 -0.71593404 -0.19242255 0.15332718 994.91 
20150625183354 12.310387 -2.7287915 3.4632127 -0.6096435 0.23457226 0.17531833 994.91 
20150625183354 12.413338 -3.5458126 3.4506433 -0.5821546 0.2919936 0.14874569 994.91 
20150625183354 13.57692 -4.449025 5.1720743 -0.38148534 0.30787608 0.025045475 994.91 
20150625183354 13.15973 -3.2680852 3.657143 -0.12308934 0.35369098 -0.06078109 994.91 
20150625183354 12.389994 0.10414778 0.6859388 0.15057829 0.29657507 0.22968534 994.91 
20150625183354 12.386402 1.5699978 -5.379771 0.28008172 0.38973203 0.45112398 994.91 
20150625183354 9.920375 -1.8195933 -4.4753613 0.07422013 0.30024028 0.36774087 994.91 
20150625183354 12.801198 -2.1410148 -5.8215013 0.13652839 0.14202617 0.7119634 994.87 
20150625183354 14.711172 -1.4263457 -4.2904096 0.66706485 -0.19364429 1.2617421 994.87 
20150625183354 17.891272 -1.1504139 0.35673606 0.22449298 -0.06658431 0.7199047 994.87 
20150625183354 16.234484 -0.57041854 -1.8860323 0.29016098 -0.06566802 0.25900686 994.87 
20150625183354 13.392566 0.99898064 -1.5310919 0.51343226 -0.3820962 0.01038471 994.87 
20150625183354 9.372103 1.2336124 -0.65660983 0.4868596 -0.22052236 -0.28527406 994.87 
20150625183354 5.931635 0.37828386 0.45729253 0.49602258 -0.09712757 -0.6133087 994.87 
20150625183354 3.0238767 -0.5021838 0.5674258 0.505491 0.084910266 -0.7290677 994.87 
20150625183354 1.6478093 -2.0961237 -0.5255273 0.5357288 0.18570304 -0.7174612 994.87 
20150625183354 2.4833858 -1.8974048 -0.7733272 0.5842926 0.098043874 -0.6389651 994.82 
20150625183354 3.430891 0.17537527 -0.28790274 0.4288274 -0.2574797 -0.5137377 994.82 
20150625183354 4.6232033 1.8004397 0.49679685 0.40683624 -0.5311473 -0.44501534 994.82 
20150625183354 5.3606176 1.4155718 0.61052144 0.43188173 -0.63713247 -0.26450464 994.82 
20150625183354 7.244256 0.7098808 0.86370826 0.44929138 -0.65270954 -0.13561209 994.82 
20150625183354 10.262147 0.23642741 1.477821 0.4007276 -0.5494733 -0.07238753 994.82 
20150625183354 12.188282 -0.34117374 1.5035586 0.4465425 -0.5161811 -0.029321533 994.82 
20150625183354 14.895526 -0.6278794 0.7356185 0.64660084 -0.36651915 0.009468411 994.82 
20150625183354 15.860988 2.5755625 2.6731262 0.5864306 -0.172264 0.095294975 994.82 
20150625183354 14.453795 2.4821887 3.144784 0.35338554 -0.043066 0.11209377 994.89 
20150625183354 10.653001 0.724246 -1.3862427 0.2556471 0.15760323 -0.14080444 994.89 
20150625183354 12.574945 0.60812724 -6.0746884 0.032070424 0.38912117 -0.24617869 994.89 
20150625183354 12.528259 1.1204864 -3.822343 -0.36987892 0.6606508 -0.1133155 994.89 
20150625183354 12.98196 -1.3461399 -3.3836055 -0.36102137 0.2706133 -0.39553526 994.89 
20150625183354 14.576498 -1.5586253 -1.6220716 -0.39522982 -0.5103779 -0.6401868 994.89 
20150625183354 16.675615 1.2150574 -1.8309658 -0.1740966 -0.14721853 -0.36926803 994.89 
20150625183354 15.874156 0.6075287 -1.328782 0.11789699 0.20341812 -0.17867808 994.89 
20150625183354 13.530232 -0.26036942 -1.8243817 0.31520647 0.26511553 0.01282817 994.89 
20150625183355 8.93935 -0.6745663 -1.2557588 0.2275473 0.032986723 0.2773328 994.88 
20150625183355 4.4023385 0.55006784 -0.15861586 0.07574729 -0.01863139 0.37201694 994.88 
20150625183355 0.866701 1.543063 -0.08140286 0.01863139 0.398895 0.45051312 994.88 
20150625183355 -0.6332663 2.2906525 -0.7392098 0.04795292 0.75319684 0.48166725 994.88 
20150625183355 0.39504328 1.5556326 -0.95229375 0.0711658 0.71929383 0.45173484 994.88 
20150625183355 3.1591492 0.4405331 -0.66858083 0.007330383 0.15668693 0.36835176 994.88 
20150625183355 5.614403 -0.20350714 -0.3878607 -0.18448131 -0.2843578 0.24617869 994.88 
20150625183355 8.561067 -0.6099229 0.57161564 -0.473726 -0.68783426 0.122783914 994.88 
20150625183355 10.663176 -1.9955671 0.641646 -0.8173377 -0.63255095 0.051923547 994.88 
20150625183355 11.668142 -2.8892028 1.4047978 -0.90224797 -0.42241332 0.070249505 994.83 
20150625183355 13.094487 -2.7126305 1.7555484 -0.8888089 -0.25320363 0.19547687 994.83 
20150625183355 14.005482 -3.57993 2.1679497 -0.59986967 -0.08002335 0.3109304 994.83 
20150625183355 14.294581 -5.142745 4.4657845 -0.13927728 0.07849618 0.14752395 994.83 
20150625183355 12.800599 -1.7184383 3.1238346 0.06261369 0.42241332 0.15424347 994.83 
20150625183355 11.300632 2.4720132 -1.763928 0.19761491 0.57848936 0.29657507 994.83 
20150625183355 9.56304 1.8058267 -8.064868 0.14630222 0.38423425 0.02321288 994.83 
20150625183355 10.272323 -2.7509377 -5.559935 -0.07513642 0.19792034 -0.11484267 994.83 
20150625183355 13.026253 -1.5981296 -2.5384524 0.026572637 -0.11484267 0.38912117 994.83 
20150625183355 13.454216 0.5279215 -0.049081136 0.0067195175 -0.8524625 0.82802784 994.9 
20150625183355 16.321274 -1.2814964 -0.25558102 0.13713925 -0.19303341 0.48349985 994.9 
20150625183355 15.890317 -0.45070848 -2.9245174 0.6560693 0.2837469 0.36713 994.9 
20150625183355 13.590087 3.3357215 -1.7220296 0.7855727 0.04153884 0.21227567 994.9 
20150625183355 10.168175 2.7754784 -1.1372458 0.24465153 0.023518313 -0.172264 994.9 
20150625183355 7.4286094 1.1815386 -0.0712275 0.07360926 -0.14966199 -0.48472157 994.9 
20150625183355 4.666898 0.14185645 0.46327803 0.043066 0.0106901415 -0.6169739 994.9 
20150625183355 1.9973627 -1.9506758 -0.6919243 0.13744467 0.2593123 -0.58368176 994.9 
20150625183355 1.762731 -3.4554317 -0.016759412 0.33964106 0.34666604 -0.6407976 994.9 
20150625183355 2.0691888 -2.509722 0.1352724 0.39858958 0.018325957 -0.5729916 994.94 
20150625183355 3.3842041 0.12090719 0.46148238 0.36346483 -0.3295618 -0.36346483 994.94 
20150625183355 5.6323595 1.5011644 0.45908818 0.37720928 -0.46486846 -0.082161374 994.94 
20150625183355 8.432977 1.4748282 1.2072762 0.45478916 -0.5830709 0.07360926 994.94 
20150625183355 11.018116 0.1448492 2.3768437 0.6010914 -0.5317582 0.0842994 994.94 
20150625183355 11.654375 -1.2916719 0.023942016 0.88117313 -0.4111123 0.034208454 994.94 
20150625183355 12.867039 1.2551602 0.694917 0.93767816 -0.15241088 0.12186762 994.94 
20150625183355 15.878944 5.275025 3.1477766 0.56382865 0.1685988 0.3200934 994.94 
20150625183355 12.48217 0.079008654 1.2138603 0.26297748 0.1386664 0.16493362 994.94 
20150625183355 12.022484 -1.7178397 -6.6612678 0.3118467 0.13561209 -0.25350907 994.93 
20150625183355 14.229938 0.79487497 -6.689998 0.19028452 0.6374379 -0.082161374 994.93 
20150625183355 14.705187 0.7062895 -4.1222167 -9.162979E-4 0.8023715 -0.057421334 994.93 
20150625183355 15.213955 0.2885013 -1.6843209 -0.23701571 -0.2284636 -0.4999932 994.93 
20150625183355 15.659875 1.5023615 -1.6071079 -0.4279111 -0.4361578 -0.6010914 994.93 
20150625183355 15.962143 0.37708676 -0.724246 -0.19883664 0.4905248 -0.44257188 994.93 
20150625183355 13.911509 -1.9608512 -1.2707225 -0.14935656 0.9059132 -0.11575896 994.93 
20150625183355 9.582193 -2.6276364 -0.8379706 -0.106595986 0.43768495 0.35246924 994.93 
20150625183355 5.04159 -1.3443443 -0.47524905 -0.16249016 -0.013439035 0.47555858 994.93 
20150625183355 1.79206 1.0319009 -0.37229836 -0.14110987 -0.004581489 0.46578476 994.95 
20150625183355 0.05925649 2.724003 -0.7721301 -0.027183503 0.30115658 0.49296826 994.95 
20150625183355 0.85054016 2.1978772 -1.0414777 0.036651913 0.4859433 0.45631635 994.95 
20150625183355 2.77069 0.81881696 -1.3976152 -0.09132435 0.1966986 0.3594942 994.95 
20150625183355 4.732738 -0.27353755 -0.7541735 -0.4089743 -0.22479841 0.27305678 994.95 
20150625183356 5.580884 -1.0666169 0.15023616 -0.6994407 -0.46975538 0.15485434 994.95 
20150625183356 6.3165026 -1.9895816 1.0115502 -0.77549344 -0.4447099 0.046120327 994.95 
20150625183356 8.254609 -2.0757728 2.0093338 -0.8347474 -0.13988814 0.03634648 994.95 
20150625183356 10.903194 -2.4498668 1.6011224 -0.8405506 -0.06963864 0.015882496 994.95 
20150625183356 13.837289 -3.5230677 2.1894975 -0.6203337 -0.07238753 -0.110872045 994.86 
20150625183356 16.03756 -1.8088194 3.7732618 -0.40591997 -0.006414085 -0.15790866 994.86 
20150625183356 17.062279 -0.26396075 4.8081555 -0.3662137 -0.0125227375 -0.14172074 994.86 
20150625183356 14.64593 -1.3730747 3.6463692 -0.44165558 0.089491755 0.15210545 994.86 
20150625183356 9.728839 -3.793014 2.5366566 -0.22693644 0.18936823 0.38240165 994.86 
20150625183356 6.661866 -3.596091 -4.1102457 -0.19394971 0.22876903 0.34605515 994.86 
20150625183356 8.346786 -6.6864066 -6.3482256 -0.20341812 0.3894266 0.14538592 994.86 
20150625183356 16.525978 -3.4763808 -4.6273932 0.1469131 0.20005837 0.24373524 994.86 
20150625183356 19.581577 4.648941 -3.8851907 1.1209377 -0.50732356 1.2159272 994.86 
20150625183356 14.744093 1.1791444 -2.586935 0.6872234 -1.1074986 0.9923506 994.9 
20150625183356 14.966753 -2.8149827 -1.091756 0.41813725 -0.550695 -0.11759156 994.9 
20150625183356 13.92767 -0.23523031 -1.7657237 0.5687156 0.086437434 -0.06505715 994.9 
20150625183356 12.602479 2.6270378 -0.86131406 0.43279803 0.23335053 -0.1881465 994.9 
20150625183356 9.811439 2.321777 -0.022744916 0.19639318 -0.09468412 -0.44623706 994.9 
20150625183356 6.6546836 1.270124 0.54647654 0.17440203 -0.1301143 -0.7654142 994.9 
20150625183356 3.8205473 -0.7661445 0.095169514 0.16768251 0.24801129 -0.7318166 994.9 
20150625183356 2.1230583 -3.0496144 -0.6835446 0.23854288 0.35979962 -0.677755 994.9 
20150625183356 2.0883424 -3.3075895 -0.50996494 0.2950479 0.2761111 -0.59498274 994.9 
20150625183356 2.4702177 -2.0392613 -0.091578215 0.26297748 0.07727446 -0.42424592 994.91 
20150625183356 3.8720226 0.06943185 0.130484 0.46089783 -0.11575896 -0.2764165 994.91 
20150625183356 5.8161144 0.74758947 0.78888947 0.5861252 -0.30818152 -0.15271631 994.91 
20150625183356 8.409035 0.664391 2.0572178 0.6759224 -0.39370266 -0.06078109 994.91 
20150625183356 9.662998 -0.07182605 2.96881 0.63499445 -0.33841935 -0.019547688 994.91 
20150625183356 10.658986 -0.011971008 -0.60453594 0.73792523 -0.07360926 -0.03756821 994.91 
20150625183356 13.263878 1.8830396 1.2096704 0.9221011 0.15118915 0.022602014 994.91 
20150625183356 16.21533 3.8845923 3.402759 0.6337727 0.17287487 0.24098633 994.91 
20150625183356 12.199057 1.714847 2.3828292 0.46670106 0.02076942 0.011301007 994.91 
20150625183356 6.959346 0.57520694 -4.3197384 0.2751948 0.17501289 -0.19853121 994.9 
20150625183356 7.8966756 2.80361 -8.65025 -0.03481932 0.5338962 -0.0711658 994.9 
20150625183356 12.785636 -0.39145198 -3.762488 -0.24770586 0.90469146 -0.080634214 994.9 
20150625183356 19.607914 -1.9207484 -2.328361 -0.35002577 0.20677789 -0.6933321 994.9 
20150625183356 18.80825 -1.9644425 -3.9001546 -0.50885075 -0.82650065 -0.68783426 994.9 
20150625183356 18.033127 0.7811083 -0.712275 -0.25809056 -0.528093 -0.21777347 994.9 
20150625183356 15.379154 -0.45190558 -1.1713632 -0.08002335 0.70616025 -0.0842994 994.9 
20150625183356 11.791444 -0.8948329 -0.90021986 0.20433442 0.36651915 0.1301143 994.9 
20150625183356 9.218275 -0.4950012 0.14844051 0.21777347 0.3109304 0.2706133 994.9 
20150625183356 4.8069587 0.10654198 -0.06344634 0.18753563 0.17867808 0.38912117 994.91 
20150625183356 2.0979192 0.97623575 0.30585927 0.15974127 0.30543262 0.52290064 994.91 
20150625183356 1.2174516 0.97264445 0.39085343 0.10873401 0.39858958 0.5867361 994.91 
20150625183356 1.5197195 1.2449849 -0.43514615 0.09437868 0.16401732 0.548557 994.91 
20150625183356 2.718616 1.1869255 -1.1923125 0.05467244 -0.2098322 0.39920044 994.91 
20150625183356 4.421492 0.6931214 -0.62967503 -0.13255776 -0.5045747 0.24862215 994.91 
20150625183356 6.5625067 -0.57281274 0.830788 -0.48838675 -0.6432411 0.050396383 994.91 
20150625183356 8.483255 -2.420538 0.4261679 -0.7788532 -0.64660084 0.0012217305 994.91 
20150625183356 10.62008 -3.5924997 0.42676646 -0.81000733 -0.4260785 0.093462385 994.91 
20150625183356 12.566566 -2.7299886 1.532289 -0.7150178 -0.25137106 0.14752395 994.92 
20150625183357 14.185046 -3.0418332 2.8909986 -0.48899764 -0.27152961 0.06505715 994.92 
20150625183357 14.178462 -3.8013937 4.768651 -0.21197024 -0.044898596 -0.1853976 994.92 
20150625183357 13.65892 -2.4947581 4.076727 -0.096516706 0.2864958 -0.108123146 994.92 
20150625183357 12.282853 0.99898064 1.8543092 0.07666359 0.45448375 0.2941316 994.92 
20150625183357 9.485229 0.019153614 -7.353192 0.07544186 0.410196 0.29229903 994.92 
20150625183357 10.003573 -4.8536453 -6.2728086 -0.035430185 0.45081854 0.05375614 994.92 
20150625183357 14.205996 -2.2499511 -3.9067385 0.02443461 -0.028405234 0.28313604 994.92 
20150625183357 15.262437 1.6609775 -1.6166847 0.31429017 -0.8906415 0.7480045 994.92 
20150625183357 16.986263 0.12330139 0.1328782 0.15851954 -0.86345804 0.47403142 994.91 
20150625183357 15.312117 -1.5664065 -1.5167267 0.3640757 0.08674286 0.2837469 994.91 
20150625183357 12.706028 0.20649989 -1.264737 0.4129449 0.11911872 0.18478674 994.91 
20150625183357 10.598533 1.1061212 -0.3286042 0.14446963 0.14355333 -0.07452556 994.91 
20150625183357 8.119935 0.12389994 0.60812724 0.0033597588 -0.009162978 -0.39400807 994.91 
20150625183357 4.3718123 -1.2120646 0.39324763 0.06627888 -0.024740042 -0.55680364 994.91 
20150625183357 2.0392613 -2.8383262 -0.27593175 0.28985557 0.24862215 -0.65148777 994.91 
20150625183357 2.2110453 -2.7581203 0.05746084 0.4813618 0.44898596 -0.63224554 994.91 
20150625183357 2.321777 -1.1713632 -0.3693056 0.45234573 0.14782938 -0.40011674 994.91 
20150625183357 3.5889084 0.4973954 0.32621 0.5122105 -0.1591304 -0.2660318 994.89 
20150625183357 5.1966147 0.83018947 0.26396075 0.66553766 -0.3454443 -0.0852157 994.89 
20150625183357 6.543353 0.22864626 0.088585466 0.83291477 -0.60231316 -0.023518313 994.89 
20150625183357 8.986037 0.025139118 0.84814596 0.88453287 -0.4831944 -0.042760566 994.89 
20150625183357 10.75655 0.635062 1.0193313 0.87109387 -0.2883284 0.0106901415 994.89 
20150625183357 12.056602 2.2176294 0.079008654 0.8912524 -0.18142697 0.03634648 994.89 
20150625183357 14.409503 4.534618 1.2030864 0.6579019 -0.11942416 0.08155051 994.89 
20150625183357 17.180792 4.914099 3.0053217 0.31520647 -0.1994475 0.14172074 994.89 
20150625183357 15.638327 -0.38965634 2.4528596 0.041233405 -0.24007004 -0.022907447 994.89 
20150625183357 13.479954 -3.3075895 -6.7241154 0.03970624 -0.07941248 -0.23701571 994.89 
20150625183357 15.012243 1.0809821 -2.7593174 -0.13530666 0.6930266 -0.13194689 994.89 
20150625183357 9.526528 -0.39264908 -2.5210943 -0.31306845 0.46028697 -0.4783075 994.89 
20150625183357 12.348095 -0.8086416 -2.3588872 -0.16249016 -0.623388 -0.85062987 994.89 
20150625183357 15.301942 1.9548657 -0.60932434 -0.23609942 0.33750305 -0.49510628 994.89 
20150625183357 14.380773 0.17178397 -0.40761283 -0.20525073 0.71929383 -0.24770586 994.89 
20150625183357 13.351864 -1.6915035 -0.6135142 -0.053450707 0.58184916 -0.13530666 994.89 
20150625183357 10.180744 -2.722806 -0.7032967 0.059253927 0.27091873 0.23762658 994.89 
20150625183357 5.9998693 -1.7525556 -0.21787235 0.048563786 -0.24281894 0.43310347 994.89 
20150625183357 2.4019828 0.22385786 -0.32621 0.046731193 -0.10598512 0.49266282 994.86 
20150625183357 1.2204443 2.0254946 -0.31483752 0.067500606 0.19272798 0.5326745 994.86 
20150625183357 1.5334862 2.3744495 -0.6434417 0.095294975 0.36865717 0.46822822 994.86 
20150625183357 3.566762 0.9139865 -0.6991069 0.03848451 0.050701816 0.37507126 994.86 
20150625183357 6.8653736 -0.78649527 0.3238158 -0.1572978 -0.24556783 0.2602286 994.86 
20150625183357 8.135497 -1.8938135 0.16101007 -0.3622431 -0.5757405 0.23090707 994.86 
20150625183357 9.765948 -1.9117701 0.6871359 -0.41233405 -0.51923543 0.18784106 994.86 
20150625183357 9.1272955 -1.555034 0.33758244 -0.47861293 -0.110872045 0.17867808 994.86 
20150625183357 10.1621895 -0.39863458 0.90740246 -0.5155703 0.11728613 0.11178834 994.86 
20150625183357 13.048998 -1.2312182 2.1033063 -0.6236934 0.19822577 0.02076942 994.86 
20150625183357 15.115194 -4.643554 3.828927 -0.46181414 0.07360926 -0.24678956 994.86 
20150625183357 14.401123 -4.841076 3.843891 -0.28771752 0.12156218 -0.24740042 994.86 
20150625183357 13.29979 -1.541866 1.6717514 -0.07238753 0.20280726 0.17684549 994.86 
20150625183357 12.334928 0.9211691 -3.8851907 0.003970624 0.4633413 0.37110063 994.86 
20150625183357 9.314642 -2.3427265 -5.377377 0.070249505 0.44348818 0.26206118 994.86 
20150625183358 13.399749 -0.9672575 -3.9923313 0.3387248 0.25381452 0.6392705 994.86 
20150625183358 13.682862 -0.27593175 -2.681506 0.44135013 -0.3753767 0.9282097 994.86 
20150625183358 15.495274 -1.2252327 0.37229836 0.10903945 0.026267206 0.38820487 994.86 
20150625183358 14.899715 -0.7769185 -0.62967503 0.03359759 0.3417791 0.10048734 994.83 
20150625183358 12.80838 1.0187328 -0.41000703 0.095294975 0.17867808 0.014966198 994.83 
20150625183358 9.953295 0.7074866 0.18555063 0.13133603 0.01160644 -0.16371189 994.83 
20150625183358 6.435614 -1.0342951 0.49559975 0.3042109 -0.12003502 -0.33292156 994.83 
20150625183358 2.6833014 -3.1621418 -0.095768064 0.57604593 -0.07422013 -0.5296202 994.83 
20150625183358 2.1547816 -3.0974984 -0.1364695 0.7742717 0.2751948 -0.6927212 994.83 
20150625183358 2.0644004 -1.0953473 -0.4890157 0.75869465 0.27947086 -0.57848936 994.83 
20150625183358 3.019687 0.66618663 -0.25378537 0.77304995 0.05497787 -0.52381694 994.83 
20150625183358 4.171298 1.602918 1.3431472 0.83291477 -0.15241088 -0.40958515 994.83 
20150625183358 5.4378304 0.4830302 1.8339585 0.8536842 -0.43004912 -0.2049453 994.85 
20150625183358 7.951742 -0.25677812 1.0606314 0.86345804 -0.52534413 0.022296581 994.85 
20150625183358 11.7782755 1.5496471 0.46088383 0.8237518 -0.48930305 0.13225232 994.85 
20150625183358 12.188881 4.502895 -8.683171 0.44898596 -0.5928447 0.14263703 994.85 
20150625183358 11.713632 6.118981 -7.920019 -0.4147775 -1.1233811 -0.053450707 994.85 
20150625183358 15.190013 4.1180267 1.6747441 -1.0348058 -1.5387696 -0.20219639 994.85 
20150625183358 13.320141 -2.8269536 -1.4879963 -0.8539896 -1.4669929 0.13683382 994.85 
20150625183358 11.890204 -5.1170077 -1.4514848 -0.06352998 -1.4672983 0.56505036 994.85 
20150625183358 12.3516865 -3.8127663 2.1152773 0.03634648 -0.93034774 0.45020768 994.85 
20150625183358 8.469488 -1.6795325 5.067328 0.15332718 -0.679893 0.0852157 994.83 
20150625183358 3.5206735 0.08020575 5.1523223 0.33536503 -0.48838675 -0.269697 994.83 
20150625183358 0.81043726 4.9883194 0.46088383 0.26328292 0.0983493 -0.24465153 994.83 
20150625183358 5.9771247 6.880337 -9.5385 -0.07574729 0.028099801 -0.124005646 994.83 
20150625183358 19.607914 6.694188 -4.658518 -0.68508536 -0.12950343 0.17898351 994.83 
20150625183358 18.800468 -8.333019 -3.7978024 -1.1227703 -0.30848694 0.43157628 994.83 
20150625183358 12.962208 -5.8544216 -1.8339585 -0.76174897 -0.675617 0.10476339 994.83 
20150625183358 11.122264 -1.2838906 -0.30705637 -0.9660834 1.3503176 -0.14355333 994.83 
20150625183358 12.449849 -0.75118077 -2.131438 -0.42119157 1.8096883 -0.27550024 994.83 
20150625183358 14.673464 -1.0773908 -3.6110547 0.35185838 0.86529064 -0.083383106 994.84 
20150625183358 16.804304 -1.5161282 -2.475006 0.3378085 0.2510656 0.1459968 994.84 
20150625183358 15.835849 -1.246182 -1.2952632 0.14569137 -0.069027774 0.22479841 994.84 
20150625183358 13.641562 -1.4203602 0.45848963 0.14905111 -0.081855945 0.18203785 994.84 
20150625183358 11.988965 -1.2785037 0.47644615 0.24770586 0.22785273 0.12614368 994.84 
20150625183358 10.57878 -0.6703765 1.4838065 0.30604348 0.3213151 0.056505036 994.84 
20150625183358 9.147646 -1.1857284 1.7956513 0.31245756 0.3182608 0.060170226 994.84 
20150625183358 8.093 -1.1965023 1.146224 0.47739118 0.24923302 0.14080444 994.84 
20150625183358 8.403648 -0.14065935 1.5239093 0.6081163 0.23945917 0.17348573 994.84 
20150625183358 7.227496 0.8822633 1.7866731 0.60903263 0.31123585 0.15302174 994.83 
20150625183358 4.1916485 0.66379243 1.2378023 0.53878313 0.46822822 0.06658431 994.83 
20150625183358 0.9127894 0.2160767 -0.57640404 0.5109888 0.8933904 -0.16829337 994.83 
20150625183358 -1.0761937 1.1905168 -3.3291376 0.4016439 1.1239921 -0.29840767 994.83 
20150625183358 0.7918822 2.267309 -1.8950106 -0.1142318 1.185384 -0.23915374 994.83 
20150625183358 3.5996823 0.5057751 -3.8307228 -0.72234815 1.0552697 -0.18112154 994.83 
20150625183358 8.576031 -0.053869538 -8.455722 -0.9972375 0.6209445 -0.17806722 994.83 
20150625183358 19.607914 -2.3732524 -5.466561 -1.5451837 0.24007004 -0.13103059 994.83 
20150625183358 19.607914 0.87807345 -7.147889 -0.08582657 0.019242255 1.5650368 994.83 
20150625183358 17.053898 -0.5033809 -0.919972 0.45234573 -1.3435981 1.4031575 994.84 
20150625183358 11.7627125 -3.3393128 -0.65062433 0.1020145 -0.441961 0.25595254 994.84 
20150625183359 13.136386 -0.2753332 -0.66020113 0.41874814 -0.064751714 -0.18234327 994.84 
20150625183359 13.722367 1.8261774 0.64583594 0.48502702 0.7959574 -0.28099802 994.84 
20150625183359 10.156203 2.1146786 0.97982705 0.044898596 0.54733527 -0.6612616 994.84 
20150625183359 5.8125234 0.6398504 0.5482722 -0.033292156 0.16310102 -0.8961393 994.84 
20150625183359 2.9502552 -1.264737 -0.10354923 0.074830994 0.14813483 -0.78954333 994.84 
20150625183359 2.3810337 -3.020884 -0.142455 0.29718593 -0.02321288 -0.60048056 994.84 
20150625183359 2.4079683 -2.6210523 -0.26994625 0.39950588 -0.3643811 -0.39767328 994.84 
20150625183359 2.6036944 -1.2216414 -0.50637364 0.42210788 -0.50946164 -0.2510656 994.85 
20150625183359 3.5966895 0.42437226 0.39085343 0.5103779 -0.47891834 -0.1563815 994.85 
20150625183359 5.4647655 1.1324574 0.92296475 0.59559363 -0.4746423 -0.015577064 994.85 
20150625183359 7.349601 0.50397944 0.52612585 0.64660084 -0.6252206 0.11911872 994.85 
20150625183359 9.269751 0.5770026 0.36750996 0.72082096 -0.6068946 0.20311269 994.85 
20150625183359 10.617087 1.5179238 0.7194576 0.68325275 -0.39095375 0.20372356 994.85 
20150625183359 12.150574 1.0839748 0.2669535 0.68508536 -0.312763 0.129198 994.85 
20150625183359 13.746309 1.8088194 1.0444705 0.569021 -0.28252518 0.14905111 994.85 
20150625183359 14.215572 1.8596961 3.7002387 0.21868975 -0.1826487 0.22418754 994.85 
20150625183359 12.185289 -0.694917 3.4332852 0.054061573 0.0015271631 -0.049785517 994.91 
20150625183359 10.784083 -0.94451255 -4.068946 0.061391957 0.33933565 -0.1255328 994.91 
20150625183359 13.181876 4.280833 -8.776545 -0.01038471 0.7058548 -0.064446285 994.91 
20150625183359 15.067309 -0.11971009 -3.6415808 -0.3023783 0.57787853 -0.3213151 994.91 
20150625183359 15.720328 -2.0937295 -1.9117701 -0.4343252 -0.8216137 -0.7654142 994.91 
20150625183359 19.376274 0.6362591 -1.1695676 -0.5946773 -0.7296785 -0.43004912 994.91 
20150625183359 17.395672 0.504578 -1.3982137 -0.3463606 0.09865474 -0.10598512 994.91 
20150625183359 13.862428 -1.3126211 -1.525705 0.02565634 0.87964594 -0.13072516 994.91 
20150625183359 10.026319 -1.5544355 -0.85054016 0.10598512 0.8396343 0.08002335 994.91 
20150625183359 6.7324953 -0.6979098 -0.44771573 0.043676864 0.44104472 0.24709499 994.87 
20150625183359 4.0174704 0.81163436 -0.47165772 0.10598512 0.14660765 0.47891834 994.87 
20150625183359 2.5384524 2.1027076 -0.56084174 0.1554652 0.26847526 0.6401868 994.87 
20150625183359 2.19668 2.1942859 -1.1605892 0.15790866 0.36346483 0.6001751 994.87 
20150625183359 2.5737667 1.043872 -1.8788497 -0.002443461 0.22327125 0.49021935 994.87 
20150625183359 3.7283707 0.15861586 -1.2389994 -0.25381452 0.05681047 0.29443705 994.87 
20150625183359 5.0571527 -0.31124622 -0.059855044 -0.61178154 -0.25992316 0.13194689 994.87 
20150625183359 6.664859 -0.8002619 0.4938041 -0.79534656 -0.44073927 0.05589417 994.87 
20150625183359 8.208521 -1.3275849 0.9552865 -0.8881981 -0.441961 0.022296581 994.87 
20150625183359 9.73662 -3.117849 0.05865794 -0.9379836 -0.32498032 0.106901415 994.88 
20150625183359 12.810176 -3.8379054 2.042254 -0.799928 -0.08155051 0.09101892 994.88 
20150625183359 12.507908 -3.2309752 2.8287494 -0.61544675 -0.0030543262 0.06719518 994.88 
20150625183359 12.46601 -3.3530796 4.9123034 -0.24617869 0.20250183 -0.073303826 994.88 
20150625183359 13.769652 -2.469619 5.100847 0.017715093 0.34788775 -0.04642576 994.88 
20150625183359 13.587094 -0.12150574 3.164536 0.17654006 0.17715092 0.172264 994.88 
20150625183359 12.354679 1.4443022 -2.5582044 0.25717425 0.12217305 0.22266038 994.88 
20150625183359 11.720216 -1.4311341 -7.1251445 0.03481932 0.18325958 0.06505715 994.88 
20150625183359 11.506534 -2.6426 -4.8841715 -0.14263703 0.11484267 0.26206118 994.88 
20150625183359 14.872183 -0.5554548 -2.9376855 0.18142697 -0.33353242 0.7101309 994.81 
20150625183359 15.4084835 0.10055647 -0.1340753 0.26267207 -0.35613444 0.7507534 994.81 
20150625183359 14.889541 -1.7513585 -0.51834464 0.20097467 0.15057829 0.3155119 994.81 
20150625183359 13.491326 -0.61052144 -1.2952632 0.36682457 0.102319926 0.0693332 994.81 
20150625183359 11.101315 1.3365631 -0.56443304 0.3903429 0.03390302 -0.02565634 994.81 
20150625183359 8.204929 1.2844892 0.28072014 0.27885997 0.06963864 -0.32986724 994.81 
20150625183359 5.0278234 0.16759412 0.020350715 0.30879238 0.038179077 -0.6246097 994.81 
20150625183400 2.7844565 -1.7274165 -0.6374562 0.37965274 0.2883284 -0.6774496 994.81 
20150625183400 2.854487 -1.83336 -0.65541273 0.45875978 0.33964106 -0.6337727 994.81 
20150625183400 2.882619 -0.9475053 -0.7541735 0.38698313 0.0983493 -0.4792238 994.89 
20150625183400 4.1258082 0.55126494 0.24600422 0.3640757 -0.12461651 -0.43493605 994.89 
20150625183400 5.6509147 0.83378077 0.60573304 0.3839288 -0.25045475 -0.21777347 994.89 
20150625183400 6.5990186 0.6853402 0.9504981 0.45937067 -0.4700608 -0.06352998 994.89 
20150625183400 7.8589673 0.39863458 1.0570401 0.38606682 -0.48716503 -0.018936822 994.89 
20150625183400 9.859323 0.22744916 0.3226187 0.42271876 -0.3912592 -0.009162978 994.89 
20150625183400 12.448053 0.7739257 1.1019313 0.5152648 -0.38240165 0.0421497 994.89 
20150625183400 13.861231 0.6560113 0.7320272 0.52381694 -0.35827246 0.093767814 994.89 
20150625183400 14.593258 1.2324153 1.3491327 0.43890667 -0.28985557 0.054367006 994.89 
20150625183400 15.274408 3.027468 3.205836 0.27275133 -0.090713486 0.06963864 994.87 
20150625183400 12.559383 0.6841431 4.061165 0.039095376 0.055283304 -0.118507855 994.87 
20150625183400 9.625888 -1.7585411 -2.5755625 0.053145275 0.19883664 -0.27947086 994.87 
20150625183400 12.391191 0.7236475 -7.1185603 0.12583824 0.6230826 -0.11636983 994.87 
20150625183400 13.902531 1.7046716 -4.7177744 -0.038789943 0.68661255 -0.053145275 994.87 
20150625183400 12.957419 -0.13826515 -0.45310268 -0.20555615 -0.47861293 -0.56413406 994.87 
20150625183400 13.189657 -0.91697925 0.05207389 -0.5164866 -0.8228355 -0.66981375 994.87 
20150625183400 14.75367 0.46926352 -0.66139823 -0.2284636 0.2968805 -0.50701815 994.87 
20150625183400 14.583082 -0.79008657 -0.6063316 0.14294247 0.75900006 -0.10598512 994.87 
20150625183400 12.01171 -1.8728642 -1.282095 0.28893927 0.40194935 0.16065755 994.91 
20150625183400 8.289924 -1.8249803 -0.8996213 0.2773328 -0.03023783 0.35735616 994.91 
20150625183400 4.167108 -0.05746084 -0.5943606 0.17256944 -0.2275473 0.4447099 994.91 
20150625183400 1.845331 1.899799 -0.41958386 0.22785273 -0.037873644 0.47128254 994.91 
20150625183400 1.4089876 2.7246015 -0.25079262 0.29932398 0.35033122 0.48930305 994.91 
20150625183400 2.967613 1.240795 -0.5746084 0.24556783 0.30909783 0.4813618 994.91 
20150625183400 5.346851 -0.46088383 -0.39863458 0.13744467 0.08460484 0.32345316 994.91 
20150625183400 6.4739213 -0.91338795 -0.47225627 -0.07147124 -0.34116822 0.20341812 994.91 
20150625183400 8.095993 -0.3681085 0.29448682 -0.32345316 -0.57787853 0.12767084 994.91 
20150625183400 9.441534 -0.23283611 0.7110779 -0.5338962 -0.5045747 0.099265605 994.87 
20150625183400 10.766725 -1.6998832 0.825401 -0.6215554 -0.35827246 0.022602014 994.87 
20150625183400 12.566566 -2.5893292 1.7513585 -0.5534439 -0.11453723 -0.005192355 994.87 
20150625183400 12.97358 -2.9921536 1.6956934 -0.5354234 -6.1086525E-4 0.015882496 994.87 
20150625183400 12.48217 -3.7325604 3.2441432 -0.2733622 0.043066 -0.06078109 994.87 
20150625183400 12.607267 -3.4751837 3.915717 -0.03573562 0.23640485 -0.099571034 994.87 
20150625183400 12.476185 -0.47105917 1.8489223 0.11575896 0.3885103 0.118507855 994.87 
20150625183400 12.026673 2.0518308 -3.9270895 0.23151793 0.4569272 0.19150625 994.87 
20150625183400 10.758346 -1.5059528 -5.90889 0.21074851 0.3817908 0.1554652 994.87 
20150625183400 11.841123 -2.0021513 -4.7734394 0.17928895 0.06505715 0.49602258 994.88 
20150625183400 13.75828 2.8999767 -1.9859903 0.12583824 -0.5015204 0.85154617 994.88 
20150625183400 16.109985 0.13108255 0.3357868 -0.22907446 0.01985312 0.68416905 994.88 
20150625183400 16.162657 -2.1332338 -1.2665327 -0.14721853 0.5039638 0.37048978 994.88 
20150625183400 13.693038 -0.22325931 -1.3551182 -0.013744468 0.32162055 0.16768251 994.88 
20150625183400 10.723629 -0.13706805 -0.5847838 -0.02687807 0.02443461 -0.06078109 994.88 
20150625183400 7.7494326 -0.6619968 0.6823475 0.036651913 -0.10934488 -0.4098906 994.88 
20150625183400 4.2820296 -2.2349873 0.046686932 0.19883664 -0.094989546 -0.60139686 994.88 
20150625183400 2.7832594 -3.0909145 -0.32022446 0.5748242 0.14263703 -0.68630713 994.88 
20150625183400 2.678513 -0.9283517 -0.39683893 0.7706065 0.2657264 -0.65057147 994.87 
20150625183400 2.9724014 1.5286977 -0.7787141 0.6979135 0.082161374 -0.47250426 994.87 
20150625183400 3.7720647 2.56419 -0.23104046 0.57940567 -0.1600467 -0.2733622 994.87 
20150625183401 4.3580456 1.477821 -0.055066638 0.505491 -0.4147775 -0.11942416 994.87 
20150625183401 6.1524997 -0.4914099 0.6901286 0.43066 -0.47494772 -0.018325957 994.87 
20150625183401 9.46847 -1.0720038 0.08439561 0.42913285 -0.3662137 0.052534413 994.87 
20150625183401 12.798205 0.05805939 2.1493945 0.5858198 -0.3662137 0.10140363 994.87 
20150625183401 13.197438 1.5855601 0.65182143 0.634689 -0.41386122 0.12339478 994.87 
20150625183401 12.725182 2.8526914 0.18016368 0.6404922 -0.42638394 0.07238753 994.87 
20150625183401 14.203602 3.7152026 2.2571337 0.2929099 -0.23060162 0.15760323 994.88 
20150625183401 13.685257 0.6997054 3.833117 0.10354166 0.0018325958 0.07788532 994.88 
20150625183401 11.599907 -2.8473043 -1.2431892 0.06719518 0.111177474 -0.17715092 994.88 
20150625183401 13.059174 -0.9708488 -7.5800424 0.06719518 0.34147367 -0.05131268 994.88 
20150625183401 13.679272 1.0468647 -4.5992613 -0.058643065 0.7535023 -0.105068825 994.88 
20150625183401 11.0695915 -1.2162545 -2.3020248 -0.005192355 -0.42730024 -0.47800204 994.88 
20150625183401 12.807782 -0.09756372 -1.0528502 -0.1591304 -0.8940013 -0.66339964 994.88 
20150625183401 16.276382 1.6705543 -0.825401 -0.18906279 0.2312125 -0.39370266 994.88 
20150625183401 15.984289 -0.59855044 -1.2282255 0.064446285 0.75441855 -0.11911872 994.88 
20150625183401 13.351864 -1.5161282 -1.8004397 0.2510656 0.39736784 -0.040011674 994.89 
20150625183401 9.108741 -0.99538934 -0.78888947 0.16646078 0.1133155 0.20616703 994.89 
20150625183401 4.9374423 0.39145198 -0.30466217 0.1133155 0.018020526 0.32345316 994.89 
20150625183401 2.3558946 1.5071499 -0.33039984 0.099265605 0.30818152 0.39095375 994.89 
20150625183401 1.8130093 2.046444 -0.031124622 0.07269296 0.49418998 0.45173484 994.89 
20150625183401 2.4355016 1.1061212 -0.66259533 0.028099801 0.39736784 0.4529566 994.89 
20150625183401 4.4927197 -0.40282443 -0.26276365 -0.031154128 -0.0018325958 0.30573806 994.89 
20150625183401 6.118981 -0.961272 -0.22266077 -0.15607607 -0.28863382 0.23579398 994.89 
20150625183401 7.5525093 -0.9391256 0.08738836 -0.34025195 -0.51159966 0.17348573 994.89 
20150625183401 9.090185 -0.7428011 0.338181 -0.5375614 -0.4615087 0.095294975 994.93 
20150625183401 9.70789 -1.3221979 -0.1328782 -0.5900958 -0.31764993 0.043676864 994.93 
20150625183401 11.134833 -1.9578584 0.80804306 -0.571159 -0.16187929 -0.0036651916 994.93 
20150625183401 13.06037 -2.4594438 2.0847511 -0.56779927 0.0070249503 -0.047036625 994.93 
20150625183401 13.356054 -3.494936 3.0095115 -0.39095375 0.052534413 -0.10323623 994.93 
20150625183401 13.804368 -3.3925838 4.2981906 -0.16982053 0.14660765 -0.1423316 994.93 
20150625183401 13.555371 -0.30526072 2.9574378 -0.0125227375 0.23915374 0.09407325 994.93 
20150625183401 13.116634 2.2930467 -1.8698715 -0.019242255 0.42241332 0.28099802 994.93 
20150625183401 10.248381 -1.0785879 -6.233304 -0.043982297 0.4605924 0.09162979 994.93 
20150625183401 9.307459 -4.423288 -4.654927 0.021380283 0.29718593 0.20891592 994.93 
20150625183401 12.939463 0.50876784 -1.638831 0.2770274 -0.26847526 0.77274454 994.93 
20150625183401 14.914081 0.5542577 0.4782418 0.01863139 -0.5039638 0.6203337 994.93 
20150625183401 15.271416 -1.7070658 -0.4417302 0.07238753 0.2302962 0.3735441 994.93 
20150625183401 13.715184 -0.035913024 -0.99658644 0.3277292 0.3475823 0.1966986 994.93 
20150625183401 10.802039 1.1599907 -0.5153519 0.2669481 0.18112154 0.032070424 994.93 
20150625183401 7.7691846 1.0049661 0.094570965 0.16829337 0.09773844 -0.35430184 994.93 
20150625183401 5.3205147 -0.025737667 0.24061728 0.18325958 0.07544186 -0.54367006 994.93 
20150625183401 3.0262709 -1.5873557 -0.2705448 0.30573806 0.20097467 -0.6123924 994.93 
20150625183401 3.3010056 -2.27928 0.09756372 0.45356745 0.33353242 -0.5821546 994.87 
20150625183401 4.332308 -1.2156559 0.27712885 0.47983465 0.12156218 -0.50915617 994.87 
20150625183401 4.9901147 0.46387658 -0.13826515 0.36346483 -0.15699236 -0.4092797 994.87 
20150625183401 6.2913637 1.7010803 0.5494693 0.38423425 -0.34147367 -0.3747658 994.87 
20150625183401 7.3819222 1.4909891 1.2551602 0.37965274 -0.44073927 -0.23671028 994.87 
20150625183401 8.340201 0.48362875 1.3934253 0.39187005 -0.45875978 -0.09987647 994.87 
20150625183401 9.072228 -0.12808979 1.1725603 0.51251596 -0.33414328 0.009162978 994.87 
20150625183401 10.330381 -0.25378537 0.3842694 0.6383542 -0.13897185 0.046731193 994.87 
20150625183402 12.685678 0.79846627 0.54647654 0.69027776 -0.01038471 0.09590584 994.87 
20150625183402 15.749658 3.2549171 2.1200657 0.5516113 -0.08124508 0.20372356 994.86 
20150625183402 14.647726 1.3215994 3.618836 0.33108896 -0.17928895 0.15057829 994.86 
20150625183402 11.769896 -1.2012907 -3.0041246 0.47647488 0.03390302 -0.2724459 994.86 
20150625183402 14.050971 1.0833763 -7.1748238 0.4260785 0.539394 -0.23487769 994.86 
20150625183402 12.625823 1.5801731 -2.9526494 0.028405234 0.83108217 -0.2574797 994.86 
20150625183402 11.11987 -1.2797008 -1.1013328 0.058948494 -0.15210545 -0.6942484 994.86 
20150625183402 14.750677 0.35194764 0.1364695 -0.23640485 -0.09621128 -0.6444628 994.86 
20150625183402 16.41345 0.9660604 -0.8331822 -0.17134771 0.5546656 -0.37140608 994.86 
20150625183402 15.653291 -0.7326257 -1.3449428 0.30207285 0.6908886 -0.004581489 994.86 
20150625183402 12.158954 -1.0259154 -1.0989386 0.37598756 0.31887165 0.23243423 994.85 
20150625183402 8.595184 -0.45310268 -0.46986207 0.09132435 -0.050701816 0.40194935 994.85 
20150625183402 3.9983168 0.55844754 -0.45429978 -0.1133155 -0.16523905 0.44806966 994.85 
20150625183402 2.1817162 1.4520833 -0.22685061 -0.15210545 0.15332718 0.4007276 994.85 
20150625183402 2.0751743 1.5029601 -0.6859388 -0.15821409 0.40408736 0.38973203 994.85 
20150625183402 3.4913447 0.09636662 -0.6697779 -0.03573562 0.19486602 0.36865717 994.85 
20150625183402 5.5581393 -1.2449849 -0.11492168 -0.0061086523 -0.09254608 0.36957347 994.85 
20150625183402 6.498462 -1.4993688 -0.004189853 -0.103847094 -0.3555236 0.30298916 994.85 
20150625183402 7.307702 -1.0187328 0.7428011 -0.15760323 -0.4202753 0.19394971 994.85 
20150625183402 8.069656 -0.59974754 1.6825253 -0.25992316 -0.29993483 0.094989546 994.84 
20150625183402 9.592369 -1.210269 1.5310919 -0.37507126 -0.16462818 0.031154128 994.84 
20150625183402 11.467628 -1.7244238 1.7322049 -0.398895 -0.06505715 -0.005192355 994.84 
20150625183402 12.563574 -1.797447 2.5390508 -0.45631635 -0.1151481 -0.06383542 994.84 
20150625183402 12.601881 -3.1693244 2.3277626 -0.3659083 -0.06719518 -0.13622294 994.84 
20150625183402 12.767679 -3.6002808 3.369839 -0.080634214 0.12614368 -0.16462818 994.84 
20150625183402 12.708423 -0.9367314 2.7299886 -0.04062254 0.2406809 0.02687807 994.84 
20150625183402 12.94066 1.4915876 -2.0278888 -0.08979719 0.46517387 0.21991149 994.84 
20150625183402 10.535086 -1.2611457 -5.7790046 -0.06994407 0.45081854 0.1695151 994.84 
20150625183402 10.954071 -1.654992 -4.8781857 0.24190263 0.15515977 0.46792278 994.88 
20150625183402 13.504495 1.3904326 -2.006341 0.30115658 -0.56596667 0.9550878 994.88 
20150625183402 16.124949 -0.21547815 1.4550761 -0.16462818 -0.52412236 0.75961095 994.88 
20150625183402 16.220118 -2.1140802 0.05746084 -0.026267206 0.2666427 0.3381139 994.88 
20150625183402 13.447633 -0.093373865 -0.5746084 0.12736541 0.1957823 0.12522738 994.88 
20150625183402 9.946711 -0.06284779 -0.22026655 0.12583824 0.12034045 -0.06352998 994.88 
20150625183402 6.6750345 -0.6218939 0.024540568 0.18173242 0.02565634 -0.4129449 994.88 
20150625183402 3.3806129 -1.7465701 0.0035913025 0.28130344 0.09468412 -0.5849035 994.88 
20150625183402 2.2906525 -2.4259248 0.04249708 0.40225476 0.31123585 -0.6047566 994.88 
20150625183402 2.8760347 -1.429937 0.17477672 0.66614854 0.3472769 -0.5170974 994.87 
20150625183402 4.1305966 -0.025737667 0.13946225 0.73914695 -0.015577064 -0.35613444 994.87 
20150625183402 6.1638722 1.1067197 0.46746787 0.729984 -0.4092797 -0.23609942 994.87 
20150625183402 7.3525934 1.4862007 0.5895722 0.7284568 -0.6789767 -0.124005646 994.87 
20150625183402 7.849989 1.0259154 1.1785458 0.7315111 -0.8045095 -0.019242255 994.87 
20150625183402 8.324639 -0.0676362 1.4754268 0.7507534 -0.6630942 0.06261369 994.87 
20150625183402 9.14226 -0.048482586 1.2593501 0.8338311 -0.376293 0.09407325 994.87 
20150625183402 10.175357 0.5105635 -1.2862848 0.82833326 -0.15393804 0.11484267 994.87 
20150625183402 11.960834 1.4981717 -1.62686 0.7641924 -0.105374254 0.14202617 994.87 
20150625183402 15.699379 3.6194344 1.4867992 0.4822781 -0.28008172 0.23182335 994.86 
20150625183402 15.807716 0.91817635 3.1878796 0.28008172 -0.3744604 0.14630222 994.86 
20150625183402 13.812748 -2.2038627 -2.735974 0.29229903 -0.269697 -0.26633725 994.86 
20150625183402 14.774619 5.985504E-4 -6.6109896 0.034513887 0.2012801 -0.2003638 994.86 
20150625183403 13.131 2.0691888 -2.460641 -0.20799962 0.75808376 -0.38026363 994.86 
20150625183403 7.471705 -0.2088941 -2.8054059 0.02565634 -0.3549127 -0.6603453 994.86 
20150625183403 10.1143055 -1.2785037 -0.62368953 0.02076942 -0.34147367 -0.6429357 994.86 
20150625183403 15.727511 1.0115502 -0.32142156 0.03268129 0.54153204 -0.14538592 994.86 
20150625183403 15.689203 -0.33997664 -1.2449849 0.31764993 0.625526 0.011301007 994.86 
20150625183403 13.466786 -0.8984242 -1.3509283 0.44257188 0.36957347 -9.162979E-4 994.88 
20150625183403 9.108142 -0.32800564 -1.0600328 0.08460484 0.018325957 0.12186762 994.88 
20150625183403 5.3354783 0.6679823 -0.45190558 -0.14294247 -0.12675454 0.20830505 994.88 
20150625183403 2.7976246 1.2797008 -0.41359833 -0.20525073 0.2171626 0.29535335 994.88 
20150625183403 3.4386723 1.412579 0.1328782 -0.22724187 0.47311515 0.3924809 994.88 
20150625183403 4.844667 0.14963761 0.051475335 -0.23151793 0.3930918 0.40103304 994.88 
20150625183403 5.8622026 -1.2156559 0.11133038 -0.23457226 -0.07391469 0.3036 994.88 
20150625183403 6.2859764 -1.7735049 0.40342298 -0.27030787 -0.33475417 0.2666427 994.88 
20150625183403 7.335834 -1.5400703 0.28790274 -0.29779682 -0.4196644 0.2049453 994.88 
20150625183403 8.572439 -1.0384849 1.0402806 -0.30818152 -0.41325033 0.15027285 994.84 
20150625183403 9.187749 -0.92057055 1.0755951 -0.41599923 -0.30115658 0.09407325 994.84 
20150625183403 10.728417 -1.2060791 1.6705543 -0.47433686 -0.18417588 0.045814894 994.84 
20150625183403 12.202049 -2.1176715 1.7711107 -0.5158757 -0.0076358155 0.02321288 994.84 
20150625183403 12.499529 -3.9671922 1.4903905 -0.32345316 0.062002823 -0.057726767 994.84 
20150625183403 12.83352 -3.793014 2.947861 -0.09162979 0.13347405 -0.13744467 994.84 
20150625183403 13.263878 -0.13946225 2.630629 0.0036651916 0.1600467 0.06536258 994.84 
20150625183403 12.661736 2.8083985 -1.9758149 0.032070424 0.35216382 0.28771752 994.84 
20150625183403 9.964667 0.037110128 -5.5042696 0.05681047 0.5458081 0.17989981 994.84 
20150625183403 9.266758 -1.6256629 -3.5811272 0.08307768 0.54550266 0.26908615 994.84 
20150625183403 11.915343 0.2873042 -1.316811 -0.06169739 -0.18448131 0.7165449 994.84 
20150625183403 15.481506 0.62728083 0.12988544 -0.22937989 -0.20769419 0.68386364 994.84 
20150625183403 17.159243 -1.2551602 -0.86969376 -0.034513887 0.30298916 0.505491 994.84 
20150625183403 13.790602 -0.14544775 -0.57281274 0.0711658 0.21380283 0.25167647 994.84 
20150625183403 9.692925 -0.15741876 -0.12509704 0.089186326 0.116675265 -0.13805555 994.84 
20150625183403 6.6504936 -0.090381116 0.6823475 0.09896017 0.20647246 -0.42913285 994.84 
20150625183403 3.9612067 -1.3132197 0.33997664 0.15790866 0.3390302 -0.52534413 994.84 
20150625183403 3.0460231 -2.0626047 0.5542577 0.3622431 0.42424592 -0.61391956 994.84 
20150625183403 3.2154129 -1.3024458 0.10594343 0.5766568 0.355829 -0.5476407 994.85 
20150625183403 3.5045128 -0.37469256 -0.29867667 0.6044512 -0.029932396 -0.44684792 994.85 
20150625183403 4.9021277 0.83617496 -0.022146367 0.602924 -0.172264 -0.33750305 994.85 
20150625183403 6.308123 1.7256209 0.29508537 0.6310238 -0.40378192 -0.2134974 994.85 
20150625183403 7.41185 1.5065514 0.5033809 0.65179324 -0.57451874 -0.079107046 994.85 
20150625183403 8.670602 1.0283096 0.64463884 0.6609562 -0.5873469 6.1086525E-4 994.85 
20150625183403 9.297284 0.5255273 0.25438392 0.657291 -0.51159966 0.096516706 994.85 
20150625183403 11.048044 0.18016368 -1.0582372 0.6627888 -0.38087448 0.09621128 994.85 
20150625183403 13.962984 0.6548142 -0.24660277 0.61269784 -0.30573806 0.06047566 994.85 
20150625183403 16.701952 2.0757728 2.80361 0.23609942 -0.33536503 0.07238753 994.86 
20150625183403 15.8065195 0.35194764 4.608838 0.040011674 -0.31245756 -0.052839845 994.86 
20150625183403 13.263279 -0.85293436 -1.6543933 0.19394971 -0.0720821 -0.36896262 994.86 
20150625183403 14.02284 2.509722 -5.4204726 0.15332718 0.49541172 -0.31642818 994.86 
20150625183403 11.687296 2.6485856 -3.9600096 -0.05955936 0.7910705 -0.33169982 994.86 
20150625183403 8.192958 0.3393781 -1.9021933 0.11575896 -0.15515977 -0.5403103 994.86 
20150625183403 7.8368206 -2.1134815 -1.560421 -0.0870483 -0.36102137 -0.49418998 994.86 
20150625183403 15.076288 0.030526072 1.7651252 -0.22418754 0.50823987 -0.33169982 994.86 
20150625183404 16.767193 0.32800564 -0.40402153 0.06047566 0.7339546 -0.051923547 994.86 
20150625183404 13.709798 0.08678981 -1.0115502 0.41263947 0.35888332 -0.027794369 994.84 
20150625183404 9.64564 0.6781576 -0.99538934 0.23273966 0.050701816 0.08124508 994.84 
20150625183404 5.4126916 0.3854665 -1.0606314 -0.10567969 -0.094989546 0.27275133 994.84 
20150625183404 3.4871547 0.2753332 -0.6584055 -0.111177474 0.026572637 0.40683624 994.84 
20150625183404 3.4769795 0.3585317 -0.3728969 -0.20372356 0.37659842 0.50701815 994.84 
20150625183404 4.803367 -0.4333505 -0.050876785 -0.22204952 0.38973203 0.46486846 994.84 
20150625183404 5.6497173 -1.2545617 0.29029694 -0.20341812 0.16371189 0.37384954 994.84 
20150625183404 6.1183825 -1.4730326 0.41240123 -0.18875736 -0.15699236 0.3005457 994.84 
20150625183404 7.301717 -1.0420763 0.64823014 -0.17928895 -0.2751948 0.25992316 994.84 
20150625183404 8.347384 -0.7038953 1.5460558 -0.2510656 -0.2773328 0.19975294 994.86 
20150625183404 8.439561 -0.059855044 1.3976152 -0.40866885 -0.20677789 0.110872045 994.86 
20150625183404 9.612122 -0.6584055 1.7202339 -0.48899764 -0.05375614 0.06261369 994.86 
20150625183404 11.803414 -1.6394296 2.1392193 -0.5180137 0.065973446 0.0015271631 994.86 
20150625183404 12.883798 -3.9893386 1.9632454 -0.46853364 0.11484267 -0.012217305 994.86 
20150625183404 14.172477 -3.5637693 4.665102 -0.20189096 0.13622294 -0.059864793 994.86 
20150625183404 13.481152 -1.1869255 2.0709844 -0.1282817 0.12705997 0.15241088 994.86 
20150625183404 13.961787 1.6980876 -2.4953568 0.004276057 0.34391713 0.30787608 994.86 
20150625183404 12.108076 -0.8882488 -4.4304705 0.034513887 0.5222898 0.2519819 994.86 
20150625183404 9.214086 -1.073201 -3.9264908 0.24251351 0.3222314 0.49877146 994.9 
