20150625184831 -4.267066 -1.2054806 -0.16879122 0.78954333 2.5298984 -0.6948592 995.48 
20150625184831 -5.0421886 -7.055114 2.4839842 0.13591751 2.7522533 -0.24129178 995.48 
20150625184831 -5.755661 -14.272435 8.411429 -1.1859949 2.8243356 0.16249016 995.48 
20150625184831 -4.358644 -19.608511 10.725425 -2.4367414 1.8576412 0.38545597 995.48 
20150625184831 -0.59855044 -19.608511 19.136255 -2.557082 0.88270026 0.40866885 995.48 
20150625184831 2.6102784 -8.12592 4.800973 -0.890947 0.782213 0.5103779 995.48 
20150625184831 -2.0751743 -13.9198885 4.0641575 1.8811595 -0.23793201 0.116675265 995.46 
20150625184831 -2.4025815 -19.608511 -13.504495 1.5546521 0.04917465 -0.7528914 995.46 
20150625184831 -3.2375593 -3.6607344 -6.947375 -0.1908954 0.112704635 -0.1255328 995.46 
20150625184831 -11.652579 0.09636662 17.539324 0.06811147 -0.66248333 0.30085114 995.46 
20150625184831 -3.807978 3.1992521 -13.677476 0.34025195 -2.931237 -1.3570372 995.46 
20150625184831 -1.6944963 -15.83525 -19.10573 0.7367035 -0.9639453 -0.48991394 995.46 
20150625184831 -6.081272 -19.562424 -3.90614 -1.4257594 2.7397306 1.6881261 995.46 
20150625184831 9.625888 -13.98154 8.12592 -4.6544876 -0.9746355 1.2287555 995.46 
20150625184831 0.55006784 -10.254366 0.91578215 -4.033238 -4.004527 1.2944235 995.46 
20150625184831 -2.8179753 -9.309255 -1.2970588 -1.8866574 -2.350915 -9.162979E-4 995.48 
20150625184831 -1.3389573 -6.183026 -3.90614 -2.200642 -1.1749994 -0.4578435 995.48 
20150625184831 -0.7661445 -2.724003 1.3341689 -2.3802364 -1.4840971 0.42485678 995.48 
20150625184831 -2.111686 -6.7450647 -1.4748282 -1.3683381 0.10293079 0.7993172 995.48 
20150625184831 -1.7190368 -8.164826 -2.111686 -0.79504114 -0.2180789 0.77763146 995.48 
20150625184831 -0.01316811 -9.045294 -1.5370775 -1.4306464 -0.2932153 0.6282749 995.48 
20150625184831 1.210269 -9.537901 1.9428947 -1.4801265 -0.102319926 0.73456544 995.48 
20150625184831 -0.14664486 -10.5602255 3.0334535 -1.2620476 -0.8891144 0.87781334 995.48 
20150625184831 0.30107087 -12.435484 -0.15442601 -1.5198327 -0.66614854 1.0598512 995.48 
20150625184831 1.5053543 -12.4073515 4.2012253 -1.536937 -0.24770586 1.0485502 995.27 
20150625184831 -0.90381116 -15.494675 1.0348936 -1.2018774 -0.26450464 1.0549643 995.27 
20150625184831 0.81343 -13.746907 2.6767175 -0.63224554 -0.91813046 0.74067414 995.27 
20150625184831 3.2597055 -11.902175 3.0322564 -0.19883664 -0.91538155 0.43676865 995.27 
20150625184831 2.7138276 -11.336545 4.502895 0.26450464 -0.94959 0.47494772 995.27 
20150625184831 4.59567 -10.19092 1.2856863 0.8713993 -1.1209377 0.28710666 995.27 
20150625184831 2.058415 -11.3640785 2.5594015 1.9095647 -1.3750577 -0.20922135 995.27 
20150625184831 -2.460641 -17.65604 -0.8571242 2.957504 -0.7996226 -1.2996159 995.27 
20150625184831 -5.9322333 -19.608511 -6.0746884 3.7647624 0.090713486 -1.9807305 995.27 
20150625184831 -8.2037325 -19.608511 -3.1878796 2.7568347 -0.17592919 -1.8497 995.19 
20150625184831 -5.3863554 -16.525978 -1.4413095 1.7253889 1.6850718 -1.2434162 995.19 
20150625184832 -7.019201 -13.870808 -0.8206126 1.5628988 2.4483478 0.16249016 995.19 
20150625184832 -3.638588 -9.416994 3.846285 2.240043 -0.77213365 0.03940081 995.19 
20150625184832 -0.12988544 -6.208165 2.0290859 2.0500638 -2.654515 -0.14202617 995.19 
20150625184832 -2.094328 -5.378574 -4.969764 2.7382035 -1.6759088 -0.9999864 995.19 
20150625184832 -0.06404489 -1.2144588 -3.2082303 2.6306913 -0.82894415 -2.2742512 995.19 
20150625184832 0.130484 -0.4997896 -4.2940006 1.7116444 0.63804877 -2.6309967 995.19 
20150625184832 -1.09834 -1.002572 -5.6066217 1.3219124 1.1734722 -2.201253 995.19 
20150625184832 -3.6631286 -0.82899237 -3.655946 1.5793921 1.1365148 -1.6108516 995.46 
20150625184832 -4.7255554 0.3705027 -0.46028528 1.4052955 2.0723603 -1.0323622 995.46 
20150625184832 -4.797382 0.82719666 0.5823896 0.9841039 2.493552 -0.7370089 995.46 
20150625184832 -3.6709096 -3.9360676 1.6932992 0.36713 2.5329528 -0.16035213 995.46 
20150625184832 -2.44448 -12.9005575 7.150882 -0.7464773 2.5760188 0.36468655 995.46 
20150625184832 -0.50397944 -19.608511 13.949816 -2.269059 2.350915 0.63255095 995.46 
20150625184832 -4.3041763 -19.608511 19.27093 -2.322204 2.0131063 0.5177083 995.46 
20150625184832 0.15382746 -2.112883 10.612898 -0.3295618 1.5439619 0.18845193 995.46 
20150625184832 -6.0118403 -16.514605 -10.625467 2.1691825 -0.7330383 -0.2687807 995.46 
20150625184832 -3.1836896 -13.46918 -10.33936 1.9853121 -0.68508536 -0.81306165 995.35 
20150625184832 -4.607641 -0.45130703 0.8463503 0.23793201 -0.044898596 0.08460484 995.35 
20150625184832 -8.628104 -0.9624691 1.3275849 0.47250426 -1.709201 0.19425514 995.35 
20150625184832 0.5351041 -10.509348 -16.605585 -0.04428773 -0.4999932 -0.38637227 995.35 
20150625184832 -5.707178 -15.831658 -8.70831 0.6462954 1.930945 1.0195341 995.35 
20150625184832 -1.2240356 -14.343662 -0.048482586 -3.213762 -0.7473936 1.5253305 995.35 
20150625184832 4.3185415 -10.147225 -0.374094 -3.3423493 -1.5699236 1.2461652 995.35 
20150625184832 -1.2934675 -11.591528 0.7565677 -2.654515 -1.5378532 0.41080686 995.35 
20150625184832 -2.1511903 -9.731233 -2.0691888 -2.6151142 -0.20830505 -0.6740898 995.35 
20150625184832 -0.12988544 -2.9574378 -1.3162124 -2.588847 -1.3271047 -0.34513888 995.0 
20150625184832 -2.292448 -3.7846344 -2.9496565 -1.9908098 -1.2641857 0.42730024 995.0 
20150625184832 -2.5911248 -7.5136037 -0.54887074 -1.142318 -0.8854492 0.6432411 995.0 
20150625184832 -1.6627731 -7.5572977 -0.75357497 -1.5567901 -0.61300325 0.5458081 995.0 
20150625184832 -1.555034 -9.909002 -1.0779893 -1.779756 -0.12492194 0.605062 995.0 
20150625184832 -1.1851299 -10.813412 2.0392613 -1.351234 -0.49449542 0.7840455 995.0 
20150625184832 -0.049081136 -11.6986685 1.9482816 -1.3429873 -0.8185594 1.0317514 995.0 
20150625184832 3.079542 -12.468404 2.4887726 -1.4810427 -0.77274454 1.244027 995.0 
20150625184832 1.3227965 -13.300389 3.481768 -1.2956452 -0.9447031 1.2275337 995.0 
20150625184832 1.4460979 -14.888343 2.280477 -0.9618073 -0.9569204 0.95264435 995.31 
20150625184832 4.196437 -13.129802 2.9460652 -0.30085114 -1.2519683 0.61636305 995.31 
20150625184832 4.577115 -12.711415 4.5914803 0.13713925 -1.1246029 0.42730024 995.31 
20150625184832 5.5431757 -11.828553 3.0388405 0.7806858 -0.7840455 0.32375857 995.31 
20150625184832 3.0232782 -8.868123 1.9434932 1.8115209 -1.1194105 -0.2144137 995.31 
20150625184832 -2.460641 -16.05372 1.3988123 2.538145 -0.550695 -1.0409144 995.31 
20150625184832 -4.702811 -19.33318 -4.4837413 3.3985488 0.33078352 -1.9327776 995.31 
20150625184832 -10.245986 -19.608511 -4.07553 3.0503557 0.058948494 -2.0693061 995.31 
20150625184832 -7.5351515 -19.08478 -1.2731167 1.6847663 0.95569867 -1.5497651 995.31 
20150625184832 -8.749012 -15.725716 -3.4542346 1.5717562 2.6670377 0.041233405 995.15 
20150625184832 -4.291008 -9.671976 0.46507367 2.4071145 0.10415252 0.40286562 995.15 
20150625184832 0.91817635 -6.6774287 4.0402155 1.9761491 -1.8377881 0.30818152 995.15 
20150625184832 -0.47046062 -7.7224975 -2.0895395 2.3561072 -1.5118915 -0.71868294 995.15 
20150625184832 0.21308395 -3.3877954 -4.0821137 2.751337 -1.4749341 -2.6511552 995.15 
20150625184832 -0.6739678 -0.825401 -3.560178 1.9550742 0.6102544 -2.8221974 995.15 
20150625184833 -1.9351135 -0.06703765 -4.110844 1.2324207 1.450805 -2.2974641 995.15 
20150625184833 -3.3662477 -0.020350715 -3.5805287 1.2061534 0.7501425 -1.5748106 995.15 
20150625184833 -3.8624458 1.8016368 -0.92176765 1.0797043 1.3472633 -1.0430524 995.15 
20150625184833 -5.6844335 0.42317516 -0.18315643 0.71837753 2.144137 -0.54183745 995.37 
20150625184833 -4.7279496 -6.6804214 1.8525136 0.19394971 2.543643 0.10476339 995.37 
20150625184833 -2.6521769 -14.198813 5.2121773 -0.6994407 2.477975 0.6178902 995.37 
20150625184833 0.39683893 -19.608511 14.133572 -2.0604484 2.2672265 0.8402451 995.37 
20150625184833 -2.6342204 -19.355326 18.843565 -2.1474967 2.6493225 0.5665775 995.37 
20150625184833 1.4730326 3.091513 3.6499605 0.8038987 1.8429805 0.02443461 995.37 
20150625184833 -2.3199813 -0.18734628 -9.365519 3.0500503 -1.954158 -0.33169982 995.37 
20150625184833 -6.597821 -17.302896 -14.039598 1.5528195 -0.77457714 -0.8136725 995.37 
20150625184833 -11.098322 -18.81603 7.4591355 -0.5693264 -0.38881573 0.1966986 995.37 
20150625184833 -1.6579847 -15.96334 -0.7344214 -1.2247849 -1.0720685 1.0005972 995.55 
20150625184833 -0.6805518 2.256535 -7.9607205 0.9575313 -1.8771889 0.7012733 995.55 
20150625184833 -4.8973393 -4.5358152 -17.228676 1.4156802 1.5656476 0.44684792 995.55 
20150625184833 -4.63697 -14.045585 -7.071873 -1.6896533 0.03756821 0.37293324 995.55 
20150625184833 6.3865333 -16.178818 3.9223008 -3.0815098 0.8332202 0.59315014 995.55 
20150625184833 -0.0011971008 -13.83669 1.0618285 -3.522249 -1.3713925 0.59620446 995.55 
20150625184833 -2.6102784 -6.537368 -2.0248961 -2.4758368 -1.294118 -1.0769554 995.55 
20150625184833 -1.186327 -0.96306765 -5.5168395 -2.2950208 -1.6261233 -0.83016586 995.55 
20150625184833 -5.0703206 -6.3865333 0.6596026 -1.6600263 -0.7699956 0.13713925 995.55 
20150625184833 -4.751293 -7.0569096 -2.0973208 -0.7360926 0.7959574 0.45845437 995.39 
20150625184833 -1.5275006 -7.875128 -2.6982653 -1.8823812 0.12217305 0.539394 995.39 
20150625184833 -0.7398083 -9.69532 -0.45310268 -1.6554449 -0.4981606 0.72784597 995.39 
20150625184833 0.7200562 -10.441113 2.022502 -1.4569136 -0.6713409 1.0140363 995.39 
20150625184833 1.1695676 -10.861895 2.328361 -1.4382823 -1.1792754 1.1591167 995.39 
20150625184833 1.8303672 -12.943054 2.2260091 -1.3814718 -1.073901 1.2247849 995.39 
20150625184833 0.8038532 -12.790424 5.097255 -1.3362677 -0.9111055 1.1826351 995.39 
20150625184833 0.6973112 -14.285005 0.11492168 -1.0253373 -0.7837401 0.86406887 995.39 
20150625184833 4.1252093 -13.232154 3.3117795 -0.22968534 -0.95356065 0.5513059 995.39 
20150625184833 3.5984852 -12.789227 4.3861775 0.06505715 -0.893085 0.58368176 995.37 
20150625184833 4.26527 -12.479177 2.9526494 0.45845437 -0.84116143 0.464563 995.37 
20150625184833 2.755726 -7.5441294 1.1767502 1.5137241 -0.8258898 0.016493361 995.37 
20150625184833 -0.7811083 -13.327922 2.304419 2.3295345 -0.6728681 -0.88117313 995.37 
20150625184833 -5.1810527 -18.684351 -1.0845734 3.329521 0.35155296 -1.6606371 995.37 
20150625184833 -8.830415 -19.608511 -6.6726403 3.6456437 -0.070554934 -1.999362 995.37 
20150625184833 -7.0742674 -19.608511 0.29628247 2.5644124 -0.077579886 -1.8945986 995.37 
20150625184833 -6.505645 -15.828666 0.23702596 1.0784826 0.93034774 -0.72387534 995.37 
20150625184833 -6.0357823 -11.790246 1.3623008 1.498147 0.40500367 -0.09437868 995.37 
20150625184833 1.365892 -6.9437833 4.144363 1.9272798 -2.0409007 -0.34788775 995.22 
20150625184833 0.6476316 -7.3088994 -1.30484 1.9107865 -2.0503693 -0.42149702 995.22 
20150625184833 -0.19033903 -5.1062336 -4.8123455 2.2354615 -0.91751957 -1.8808541 995.22 
20150625184833 0.039504327 -2.3361423 -4.2610803 2.0030272 1.235475 -2.5848763 995.22 
20150625184833 -1.6244658 -1.2892777 -4.727351 1.3787229 2.012801 -2.1242838 995.22 
20150625184833 -3.5913026 -1.316811 -4.8901567 1.1664472 1.3350459 -1.6029104 995.22 
20150625184833 -5.3755813 -0.47046062 -2.3050177 1.5241088 1.5259414 -1.1340714 995.22 
20150625184833 -4.271256 0.18614918 -0.6961141 1.2577715 2.1529946 -0.88086766 995.22 
20150625184833 -4.976947 -0.9008184 -0.25797522 0.49602258 2.2687535 -0.5381723 995.22 
20150625184833 -3.3812113 -7.0209966 1.7741034 -0.17959438 2.5326474 -0.03359759 995.33 
20150625184833 -3.3752258 -16.928204 7.009624 -1.4440855 2.3808472 0.5155703 995.33 
20150625184833 0.777517 -19.608511 17.589003 -2.5185974 1.6646078 0.6160576 995.33 
20150625184834 -0.8888474 -18.07323 17.320852 -2.3845124 1.6358972 0.8258898 995.33 
20150625184834 1.1935096 1.5514427 4.695628 1.1157454 0.67164636 0.3182608 995.33 
20150625184834 -5.2624555 -8.314464 -9.957485 2.298075 -1.8420641 -0.6646214 995.33 
20150625184834 -4.656722 -16.685192 -11.871649 0.57696223 -0.43982297 -0.63194007 995.33 
20150625184834 -9.938332 -14.109031 1.8315643 -0.39095375 0.17715092 0.5910121 995.33 
20150625184834 0.8870517 -10.026319 4.695628 -0.52778757 -1.1273518 0.589485 995.33 
20150625184834 -2.1272483 -1.8968062 -9.959879 -0.105068825 -1.5674802 0.044593163 995.31 
20150625184834 -8.223484 -7.593809 -14.398729 0.9841039 1.6811012 -0.020158553 995.31 
20150625184834 -5.9681463 -13.167511 -2.460641 -2.3057108 -0.34116822 0.48441613 995.31 
20150625184834 3.46022 -11.9853735 4.6830587 -2.866485 0.21166481 0.47525316 995.31 
20150625184834 -0.95229375 -12.270284 -1.596334 -3.0928106 -1.4718798 0.8240572 995.31 
20150625184834 -1.6915035 -8.003218 -4.068946 -2.361605 -1.1725558 -0.069027774 995.31 
20150625184834 0.9660604 -2.1906946 -3.8498764 -2.3228152 -1.029308 -0.23976462 995.31 
20150625184834 -1.8914193 -7.2113357 2.634819 -1.3628404 -0.73273283 0.20922135 995.31 
20150625184834 -4.293402 -7.3633676 -3.1124623 -0.8744536 0.0693332 0.39828414 995.31 
20150625184834 -2.8000188 -8.585009 -3.232771 -1.4804319 -0.121256754 0.45814893 995.24 
20150625184834 -0.39145198 -11.017518 0.3800795 -1.5745052 -0.23915374 0.62888575 995.24 
20150625184834 0.7278373 -9.874287 2.5600002 -1.3371841 -0.8381071 1.0073168 995.24 
20150625184834 0.7769185 -12.368446 1.4371196 -1.2794572 -1.0928379 1.047023 995.24 
20150625184834 2.8963854 -12.618041 3.4111388 -1.2705997 -1.1621711 0.945314 995.24 
20150625184834 2.0949266 -12.365453 4.7159786 -1.2281445 -1.2250903 0.7806858 995.24 
20150625184834 1.8567034 -13.7445135 0.516549 -0.72356987 -1.1957687 0.6808093 995.24 
20150625184834 3.0699651 -11.995549 2.9526494 0.026572637 -1.2608259 0.48747048 995.24 
20150625184834 2.694674 -13.5775175 4.610634 0.30695978 -0.76174897 0.42149702 995.24 
20150625184834 2.7144263 -10.81461 2.1158757 0.7076874 -0.6169739 0.29749137 995.33 
20150625184834 1.5185224 -10.064626 1.8608932 1.7669277 -0.84665924 -0.26633725 995.33 
20150625184834 -3.4835634 -15.933413 1.168969 2.4578164 -0.1704314 -1.1685852 995.33 
20150625184834 -5.1517234 -17.903242 -3.3452983 3.3402112 0.30176744 -1.736079 995.33 
20150625184834 -9.364322 -19.608511 -3.7008374 2.871983 -0.3182608 -1.8338175 995.33 
20150625184834 -6.5457473 -18.119917 -3.4129345 1.883603 0.86376345 -1.4929546 995.33 
20150625184834 -8.007407 -15.264233 -3.655946 1.3701707 2.0647244 -0.3295618 995.33 
20150625184834 -4.131195 -9.53012 6.9665284 2.3151793 1.0177015 0.022602014 995.33 
20150625184834 1.5023615 -6.8731546 4.3634324 2.0857995 -2.5919013 0.37293324 995.33 
20150625184834 -0.08080431 -7.1981673 -3.6020765 2.6688702 -3.1850514 -0.5354234 995.21 
20150625184834 0.0796072 -3.8187518 -3.0550013 2.381458 -0.86742866 -1.892766 995.21 
20150625184834 0.09995792 -2.111686 -3.5853171 1.6893479 1.5308284 -2.083356 995.21 
20150625184834 -0.87567925 -2.4265234 -4.4759603 1.2544118 0.8744536 -1.6096299 995.21 
20150625184834 -3.233968 -1.3958195 -3.3500867 1.5800029 0.56169057 -1.0858129 995.21 
20150625184834 -4.39755 -1.1845313 -0.9343372 1.4181237 1.3649784 -0.7247916 995.21 
20150625184834 -4.3622355 -0.46986207 0.56323594 0.7602218 1.6649132 -0.58276546 995.21 
20150625184834 -3.280655 -2.939481 2.2709002 0.05467244 1.8380935 -0.2134974 995.21 
20150625184834 -0.7966706 -9.218275 2.6156654 -0.78984874 2.080607 0.30482176 995.21 
20150625184834 -2.44029 -18.701109 5.3049526 -2.141999 1.8869628 0.6395759 995.48 
20150625184834 3.9743748 -19.608511 19.608511 -2.9382617 1.4465289 0.42210788 995.48 
20150625184834 -2.2936451 -11.048642 12.9005575 -1.7620409 1.0882565 0.59528816 995.48 
20150625184834 -11.252748 -8.522759 -0.3693056 2.1746802 -0.12889257 -0.58001655 995.48 
20150625184834 -9.483433 -15.958551 -12.193669 1.6948457 -0.68294734 -0.80664754 995.48 
20150625184834 -6.278794 -4.051588 -0.7152678 0.768163 -1.5344934 0.4266894 995.48 
20150625184834 5.1547165 -6.9186444 -4.791396 1.1026118 -1.2061534 1.1435398 995.48 
20150625184834 2.5181017 -10.830172 -5.1541176 0.22693644 -1.0998629 0.960891 995.48 
20150625184835 -2.4355016 -11.221623 -8.924985 -0.4529566 1.2626585 0.24373524 995.48 
20150625184835 -2.9921536 -12.899959 -2.6084828 -2.1010711 -1.4679092 0.41538838 995.09 
20150625184835 -0.46806642 -10.790668 2.9221232 -2.4721715 -0.7244862 0.36774087 995.09 
20150625184835 -3.539827 -8.173804 -0.62368953 -2.4220808 -0.3378085 0.4801401 995.09 
20150625184835 -3.7068229 -8.550293 -1.543063 -2.3170118 -0.7901542 0.3023783 995.09 
20150625184835 -1.7549498 -7.162853 -4.24492 -2.7488935 -1.4382823 0.2742785 995.09 
20150625184835 0.090381116 -5.6305637 -2.3361423 -1.7241671 -0.8689558 -0.05131268 995.09 
20150625184835 -0.47046062 -7.0365586 1.0223241 -0.65087694 0.20066923 0.17348573 995.09 
20150625184835 -3.0615854 -8.005013 -0.92535895 -1.4697418 0.21563543 0.56779927 995.09 
20150625184835 -2.4277205 -9.56304 -0.6314707 -1.724778 -0.3277292 0.4092797 995.09 
20150625184835 -0.7577648 -10.825383 1.4257472 -1.1887437 -0.344528 0.59803706 995.3 
20150625184835 0.5662287 -10.472239 3.016694 -1.1624765 -0.7156286 0.9560041 995.3 
20150625184835 1.2785037 -11.765706 3.108871 -1.2137892 -0.6979135 1.1856894 995.3 
20150625184835 2.202067 -12.452842 3.2202013 -1.2018774 -0.643852 1.1630874 995.3 
20150625184835 1.4550761 -13.683461 2.0536265 -0.9437868 -0.8784242 0.9034697 995.3 
20150625184835 3.2680852 -13.399749 2.7928362 -0.31520647 -0.61391956 0.65576386 995.3 
20150625184835 3.1651347 -12.355278 5.7005944 0.19211712 -0.7370089 0.5308419 995.3 
20150625184835 2.4791958 -12.488754 4.0821137 0.6068946 -0.54519725 0.27397305 995.3 
20150625184835 3.3782187 -8.316858 0.91578215 1.5882497 -0.40622538 -0.11484267 995.3 
20150625184835 1.38325 -10.971429 2.4349031 2.3167064 -0.34116822 -0.5537493 995.31 
20150625184835 -1.8052281 -17.617733 -1.429937 3.2430835 0.35185838 -1.3771957 995.31 
20150625184835 -5.7963624 -19.608511 -6.2422824 3.9113703 0.26145032 -1.7693712 995.31 
20150625184835 -6.7199254 -19.608511 -5.197213 2.5567765 0.19272798 -1.570229 995.31 
20150625184835 -5.194819 -14.960768 -1.91596 1.1997393 2.4190264 -0.45875978 995.31 
20150625184835 -7.179612 -12.638392 -0.9187749 1.1163563 1.7595973 0.21166481 995.31 
20150625184835 -0.26994625 -7.460931 6.1542954 1.6664404 -1.3063353 -0.08979719 995.31 
20150625184835 1.4999673 -8.707113 2.9053638 1.8264871 -3.2070425 -0.25350907 995.31 
20150625184835 -1.4700398 -6.5002575 -6.1183825 2.4382687 -2.2724187 -1.8072448 995.31 
20150625184835 -1.0235212 -1.6400281 -3.5535939 1.9813415 0.44990227 -2.7937922 995.3 
20150625184835 -1.3718776 -0.5105635 -5.5006785 1.3185526 2.6847527 -2.2974641 995.3 
20150625184835 -2.303222 -0.52852005 -4.211401 1.2791518 1.4724907 -1.6881261 995.3 
20150625184835 -3.7762547 -0.0023942017 -2.8568811 1.5741998 1.7708983 -1.1029172 995.3 
20150625184835 -4.694431 0.13826515 -0.54049104 1.1038336 2.3185391 -0.74036866 995.3 
20150625184835 -5.0014873 -1.0253168 -0.047884032 0.54336464 2.5415049 -0.25595254 995.3 
20150625184835 -5.1583076 -6.5188127 1.1174936 0.13469578 2.4361305 0.124311075 995.3 
20150625184835 -5.1475334 -15.206174 6.2434793 -1.0256428 2.4361305 0.6768387 995.3 
20150625184835 -4.626795 -19.608511 11.487978 -2.3661866 1.9523253 0.90285885 995.3 
20150625184835 -4.9721584 -19.608511 19.479824 -2.2427917 1.3109168 0.57604593 995.43 
20150625184835 2.9993362 -7.1610575 4.234744 0.573297 0.8381071 0.2134974 995.43 
20150625184835 2.8060043 -2.9005754 0.5662287 2.581211 -1.6074919 -0.20005837 995.43 
20150625184835 -0.17896658 -13.059772 -11.294646 2.0677788 -0.956615 -1.1814134 995.43 
20150625184835 -4.736928 -12.504317 -9.448717 -0.24709499 0.24220806 0.044593163 995.43 
20150625184835 -9.231443 -12.198458 14.687829 -0.9923506 -0.39522982 0.7101309 995.43 
20150625184835 -0.2885013 -2.9514523 -6.341043 -0.52320606 -2.4630086 -0.5027421 995.43 
20150625184835 -3.5392287 -3.7966053 -13.706804 0.9095783 -0.74189585 -0.07544186 995.43 
20150625184835 -6.991069 -12.454638 -12.074557 -0.22999077 2.4572055 0.7302894 995.43 
20150625184835 -0.7703344 -14.116812 5.663484 -3.163671 -0.41172317 0.4615087 994.93 
20150625184835 3.4272997 -12.801198 1.103727 -3.5863898 -1.7534887 0.627664 994.93 
20150625184835 -1.9931729 -11.583746 -1.2976574 -2.4092526 -1.7513506 0.15088372 994.93 
20150625184835 -1.1563994 -7.0970125 -4.5842977 -2.382069 -1.0775663 -0.35002577 994.93 
20150625184836 -0.13946225 -2.2631192 -2.1033063 -2.2409592 -1.5528195 0.12675454 994.93 
20150625184836 -2.5923219 -6.908469 0.908001 -0.98746365 -0.022602014 0.5543602 994.93 
20150625184836 -2.9293058 -7.2071457 -3.867833 -1.024421 0.28527406 0.61819565 994.93 
20150625184836 -1.9722236 -9.375694 -2.60549 -1.7440202 -0.26419923 0.4981606 994.93 
20150625184836 -0.57999533 -11.049241 1.7016789 -1.4932601 0.018020526 0.634689 994.93 
20150625184836 -0.5398925 -9.913192 3.0418332 -1.3426818 -0.7501425 0.9211848 995.42 
20150625184836 1.1067197 -12.514492 1.2246342 -1.3503176 -0.7089091 0.958753 995.42 
20150625184836 3.0346506 -12.57734 3.309984 -1.1615603 -0.6881397 0.8732319 995.42 
20150625184836 0.21547815 -13.116634 3.8762126 -1.0311406 -1.1377366 0.713796 995.42 
20150625184836 1.0169371 -13.849858 -0.25438392 -0.64568454 -0.9578367 0.61575216 995.42 
20150625184836 3.4117374 -12.65994 3.1136594 0.02107485 -0.9053023 0.49632803 995.42 
20150625184836 2.022502 -13.3147545 4.2718544 0.15699236 -0.4813618 0.5170974 995.42 
20150625184836 2.8173769 -12.264896 2.0123265 0.7715228 -0.5342017 0.30695978 995.42 
20150625184836 2.344522 -8.637681 0.6715736 1.7336355 -0.8323039 -0.33078352 995.42 
20150625184836 -0.9816227 -13.383588 0.18555063 2.2730296 -0.17867808 -1.0210613 995.25 
20150625184836 -4.4675803 -19.151817 -2.5390508 3.2748485 0.30482176 -1.7708983 995.25 
20150625184836 -10.231023 -19.608511 -3.8361096 3.2265902 0.24465153 -1.9462167 995.25 
20150625184836 -8.090008 -18.25519 -2.9005754 2.0314324 0.70463306 -1.3420709 995.25 
20150625184836 -7.583634 -13.61762 -3.9743748 1.7101172 2.0943515 0.20311269 995.25 
20150625184836 -4.095282 -9.378088 1.7723078 2.1248949 0.3659083 0.5467244 995.25 
20150625184836 2.6683378 -6.669049 6.1447186 1.8545868 -1.8829921 0.4364632 995.25 
20150625184836 -0.20590134 -7.865551 -1.3533225 2.2397375 -2.6004534 -0.4981606 995.25 
20150625184836 -0.55485624 -4.175488 -5.635352 2.257758 -2.1252003 -2.1810944 995.25 
20150625184836 -1.0121487 -1.5496471 -4.429273 1.7809776 0.98563105 -2.1923954 995.32 
20150625184836 -1.3664906 -0.88405895 -5.37199 1.459968 1.5231925 -1.7938058 995.32 
20150625184836 -3.4380736 -1.0618285 -3.520075 1.6969837 1.0775663 -1.3023647 995.32 
20150625184836 -3.879804 -1.240795 -1.7417817 1.7427986 1.4953982 -0.9104946 995.32 
20150625184836 -3.774459 -1.5304934 -0.2669535 0.75777835 1.8038851 -0.6969972 995.32 
20150625184836 -4.5100775 -2.2152352 1.9261353 0.016493361 1.8774943 -0.26419923 995.32 
20150625184836 -2.3169887 -8.426991 3.7858315 -0.441961 1.981036 0.109650314 995.32 
20150625184836 -1.6675615 -18.786703 7.4962454 -1.7290541 1.7229455 0.53786683 995.32 
20150625184836 -0.0053869537 -19.608511 19.301456 -2.7855456 1.4584408 0.700357 995.32 
20150625184836 -2.0488381 -16.22371 15.051747 -1.1307116 1.3930782 0.65301496 995.38 
20150625184836 -2.030283 3.3488896 0.87807345 2.2638667 -1.3203852 -0.20708331 995.38 
20150625184836 -6.8210807 -12.261306 -8.940548 2.5008824 -1.1930199 -0.6084218 995.38 
20150625184836 -3.5152867 -14.850635 -10.851719 0.68783426 0.33078352 -0.2657264 995.38 
20150625184836 -4.6806645 -9.78989 6.968324 -0.07788532 0.5161811 1.1914927 995.38 
20150625184836 0.16280572 -5.593454 1.1109096 -0.118202426 -1.8377881 -0.061086524 995.38 
20150625184836 -1.8142064 -4.107253 -13.998299 0.69913524 -0.47403142 -0.24770586 995.38 
20150625184836 -6.3153057 -11.2449665 -11.075577 0.23701571 1.2501358 0.44623706 995.38 
20150625184836 -3.25372 -14.611215 1.8590976 -3.069598 -0.4822781 0.63071835 995.38 
20150625184836 2.7994204 -11.746552 2.0590134 -3.4623842 -1.2791518 0.45570546 995.2 
20150625184836 -2.1152773 -11.115082 -1.3976152 -3.0488284 -1.3225232 0.3747658 995.2 
20150625184836 -2.2499511 -6.109404 -3.5523968 -2.4743097 -0.33567044 -0.4129449 995.2 
20150625184836 -2.4642322 -1.6124948 -2.581548 -2.0885482 -0.7312057 -0.25137106 995.2 
20150625184836 -3.3171666 -7.41185 -0.42796355 -1.0387764 -0.0290161 0.24740042 995.2 
20150625184836 -2.417545 -8.613739 -2.098518 -1.2635747 -0.026572637 0.53023106 995.2 
20150625184836 -2.19249 -9.327211 -0.37588966 -1.7846428 -0.1441642 0.44684792 995.2 
20150625184836 -0.8050503 -10.62008 1.62686 -1.5076154 -0.055588737 0.59040123 995.2 
20150625184836 0.59256494 -10.694899 2.3259668 -1.312444 -1.0140363 0.7593055 995.2 
20150625184837 2.244564 -12.31278 2.094328 -1.2812898 -1.0864239 0.9816604 995.45 
20150625184837 1.7633295 -12.355876 4.961983 -1.2217305 -1.065349 0.9615019 995.45 
20150625184837 -0.42317516 -13.813945 1.3617022 -1.0986412 -1.4074335 0.77457714 995.45 
20150625184837 2.147599 -12.621633 0.878672 -0.6221663 -1.2046263 0.6047566 995.45 
20150625184837 3.0454245 -12.884397 3.165733 0.08124508 -1.1893547 0.5119051 995.45 
20150625184837 3.4566288 -13.010092 3.2094274 0.34972036 -0.82344633 0.60903263 995.45 
20150625184837 3.7966053 -7.343615 0.59017074 0.9202685 -0.6835582 0.38728857 995.45 
20150625184837 0.7260417 -10.891822 3.1549592 1.8368717 -1.0601566 -0.2751948 995.45 
20150625184837 -4.293402 -18.033726 0.4770447 2.334727 -0.20097467 -1.3341297 995.45 
20150625184837 -7.4681134 -19.608511 -4.783615 3.3099732 0.3576616 -1.8487836 995.33 
20150625184837 -6.8809357 -19.594147 -2.1751323 2.8814514 -0.5870415 -1.9883664 995.33 
20150625184837 -6.0064535 -14.6441345 -4.073136 1.5622878 0.58062744 -1.1462886 995.33 
20150625184837 -6.927623 -12.910134 -1.0845734 1.4107933 2.3499987 0.14996742 995.33 
20150625184837 -1.4047978 -7.4148426 7.2568254 2.1459696 0.11301007 0.048258353 995.33 
20150625184837 0.93014735 -7.4764934 2.0685902 1.8383989 -2.7898216 0.18387043 995.33 
20150625184837 -0.19273324 -6.1165867 -4.859032 2.5170703 -2.806315 -0.3371976 995.33 
20150625184837 -0.17238252 -2.541445 -3.6403837 2.3445008 -1.5922203 -1.9098701 995.33 
20150625184837 -0.7404069 -1.2587515 -3.5954924 1.5164729 1.6136005 -2.1465805 995.33 
20150625184837 -1.8896236 -1.1797429 -5.4049106 1.1047498 1.1386528 -1.7935003 995.4 
20150625184837 -4.1036615 -0.6823475 -2.5438392 1.174083 0.5879578 -1.4123205 995.4 
20150625184837 -4.767454 -0.219668 -0.49679685 1.4040737 1.2403619 -0.84665924 995.4 
20150625184837 -5.671864 -0.48003745 0.6691794 0.73639804 1.9495764 -0.5644395 995.4 
20150625184837 -3.2632968 -5.737106 1.5634137 0.09010262 2.0173824 -0.10781772 995.4 
20150625184837 -2.6390088 -15.409082 5.7748146 -0.52381694 2.1933117 0.41141775 995.4 
20150625184837 1.3221979 -19.608511 15.989676 -2.0433443 2.007914 0.64996064 995.4 
20150625184837 0.21547815 -18.905214 17.933168 -2.9116893 1.8115209 0.6417139 995.4 
20150625184837 0.8331822 0.3764882 7.3166804 -0.46089783 1.3845261 0.40469822 995.4 
20150625184837 -4.2538977 -12.819155 -17.669807 2.889698 -1.6862935 -0.711658 995.33 
20150625184837 -8.660426 -11.552622 -8.461707 2.1878138 -1.5867225 -1.0543534 995.33 
20150625184837 -5.683236 -11.707646 13.482946 0.060170226 -0.27091873 0.2706133 995.33 
20150625184837 1.086369 -3.8845923 -3.8271315 -0.0070249503 -0.7635816 0.4981606 995.33 
20150625184837 -3.6780925 -4.819528 -15.473127 0.321926 -1.4159856 0.28313604 995.33 
20150625184837 -5.6982 -11.678317 -10.497976 0.5326745 2.0485365 0.623388 995.33 
20150625184837 -0.34955344 -14.496891 3.5368345 -2.5259278 -0.76083267 0.8332202 995.33 
20150625184837 2.8395233 -13.172897 1.881244 -3.242778 -0.10170906 0.59131753 995.33 
20150625184837 -2.3570917 -10.723629 -2.3122003 -3.4101553 -1.7754798 0.63499445 995.33 
20150625184837 -0.8062474 -3.6583402 -3.6834793 -2.6239717 -0.7883216 -0.5555819 995.29 
20150625184837 -2.473809 -3.3889925 -3.7325604 -2.1038198 -1.0986412 -0.31764993 995.29 
20150625184837 -4.3807907 -7.642292 0.41479546 -1.1099422 0.02565634 0.44501534 995.29 
20150625184837 -3.5703533 -8.297705 -2.4115596 -0.7828238 0.7049385 0.6084218 995.29 
20150625184837 -1.9375077 -9.6049385 -1.0510546 -1.7638733 0.028099801 0.528093 995.29 
20150625184837 0.45729253 -10.602123 2.0278888 -1.4993688 -0.00580322 0.6221663 995.29 
20150625184837 0.6344634 -10.667964 3.3446999 -1.2669345 -0.81214535 0.9425651 995.29 
20150625184837 2.7335799 -12.221801 0.9816227 -1.2180653 -1.1218541 1.0711522 995.29 
20150625184837 3.359065 -11.95784 3.9677908 -1.1701124 -1.1749994 1.0198395 995.29 
20150625184837 -1.4449008 -12.737153 3.0382419 -1.1618657 -1.0729848 0.9450085 995.27 
20150625184837 -0.108936176 -13.115437 -0.037110128 -0.7318166 -0.6236934 0.77366084 995.27 
20150625184837 2.8862102 -11.775881 3.0921116 -3.0543262E-4 -0.7687739 0.48655418 995.27 
20150625184837 3.1812954 -12.998719 3.3865983 0.23396139 -0.4605924 0.52198434 995.27 
20150625184837 3.5745432 -9.97604 1.115698 0.59498274 -0.6432411 0.46486846 995.27 
20150625184838 1.9117701 -10.586561 2.2637177 1.5809193 -0.8970556 -0.09132435 995.27 
20150625184838 -3.3255463 -17.657238 1.0085574 2.3154848 -0.57787853 -1.1676689 995.27 
20150625184838 -6.2021794 -19.608511 -3.9264908 3.295618 0.14996742 -1.9193386 995.27 
20150625184838 -9.010578 -19.608511 -2.9460652 3.2012393 -0.5656612 -2.0922134 995.27 
20150625184838 -6.120178 -17.338211 -3.3961751 2.0173824 -0.021380283 -1.5763378 995.23 
20150625184838 -7.760206 -14.677653 -2.7485435 1.3148874 1.7996091 -0.17562376 995.23 
20150625184838 -2.9029696 -8.016386 6.9982514 2.1071796 0.9370673 0.061086524 995.23 
20150625184838 1.7723078 -6.8186865 3.4680011 1.8848248 -2.0076087 -0.042455133 995.23 
20150625184838 -0.18315643 -6.6492968 -4.709395 2.2785273 -2.8108964 -0.34422258 995.23 
20150625184838 -0.18315643 -2.5851393 -3.608062 2.3441954 -2.331978 -1.9230038 995.23 
20150625184838 -1.1486182 -1.2569559 -3.9504328 1.672549 0.999681 -2.2904391 995.23 
20150625184838 -2.1308396 -0.6380547 -5.077503 1.2073752 1.3008375 -1.8017471 995.23 
20150625184838 -3.354875 -0.7529764 -4.0803185 1.4721853 0.37720928 -1.1597277 995.23 
20150625184838 -4.3065705 -0.1436521 -1.0498575 1.5204436 1.1972959 -0.8188649 995.4 
20150625184838 -4.619014 1.258153 0.26396075 1.1249083 1.8298469 -0.539394 995.4 
20150625184838 -4.0695443 -5.04997 2.7018566 0.4896085 2.11451 -0.22204952 995.4 
20150625184838 -1.1240777 -13.802573 7.0700774 -0.28619036 2.097406 0.21135938 995.4 
20150625184838 -0.32142156 -19.608511 10.730812 -1.9083431 2.282498 0.50885075 995.4 
20150625184838 1.3012487 -19.608511 19.573795 -2.7501154 2.3185391 0.45112398 995.4 
20150625184838 -0.45250413 -0.8062474 12.546215 -1.398576 2.293188 0.31642818 995.4 
20150625184838 -6.031593 -2.1242554 -8.692149 2.5030203 -0.31642818 -0.47219884 995.4 
20150625184838 -4.912902 -18.429367 -12.914324 2.1242838 -2.189341 -1.1368202 995.4 
20150625184838 -9.490017 -13.608643 3.394978 -0.06963864 -0.052534413 0.33292156 995.43 
20150625184838 -0.3764882 -10.0269165 4.161721 -0.3399465 0.06291912 1.2275337 995.43 
20150625184838 -2.9640217 -0.56922144 -7.3603745 -0.17012598 -2.2797492 0.31703907 995.43 
20150625184838 -5.3247046 -6.2075663 -15.109208 1.241889 -0.1432479 -0.07849618 995.43 
20150625184838 -4.9637785 -15.500062 -4.31076 -0.9550878 0.6930266 0.6704246 995.43 
20150625184838 4.325724 -14.661492 5.0212393 -3.11694 -0.12767084 0.72082096 995.43 
20150625184838 0.30166942 -12.301409 0.75357497 -3.6639698 -1.4871514 0.8784242 995.43 
20150625184838 -2.1092918 -8.3629465 -1.3263878 -3.0305026 -1.6184875 0.38912117 995.43 
20150625184838 -0.65301853 -2.9442697 -5.1487308 -2.5115724 -0.70952 -0.5369505 995.43 
20150625184838 -3.5757403 -6.385336 -2.348712 -1.5848899 -0.5448918 -0.06047566 995.07 
20150625184838 -4.2598834 -7.9888525 -0.31364042 -0.50426924 1.144456 0.61086524 995.07 
20150625184838 -3.5164838 -7.796119 -2.8119898 -1.2589933 0.698219 0.6337727 995.07 
20150625184838 -3.0442274 -9.114726 0.40462008 -1.8451185 -0.38606682 0.5002986 995.07 
20150625184838 -0.7918822 -10.571598 1.1366472 -1.4773777 -0.25473082 0.700357 995.07 
20150625184838 3.0232782 -11.486182 1.6430209 -1.3154984 -0.9819659 1.071763 995.07 
20150625184838 5.5168395 -13.328521 3.478775 -1.2886202 -1.0210613 1.2690725 995.07 
20150625184838 3.0466216 -12.064383 5.9424086 -1.174083 -1.2385293 1.2272283 995.07 
20150625184838 -1.697489 -13.334506 1.3874398 -0.9279043 -1.5259414 0.91813046 995.07 
20150625184838 3.0843303 -11.523891 2.295441 -0.29535335 -1.006095 0.39736784 995.32 
20150625184838 5.939416 -12.086529 3.2944214 0.24556783 -0.7666359 0.22021692 995.32 
20150625184838 5.2169657 -10.797251 2.0272903 0.8713993 -0.57818395 0.52626044 995.32 
20150625184838 -1.0247183 -11.137228 1.9063832 1.5088371 -0.84299403 0.112399206 995.32 
20150625184838 -6.4260373 -16.843208 2.1649568 2.5024095 -0.5137377 -1.16492 995.32 
20150625184838 -6.3667808 -19.028517 -5.306748 3.3050864 0.6065892 -1.8817704 995.32 
20150625184838 -9.881469 -19.608511 -3.1543608 3.3377676 -0.21471913 -1.861001 995.32 
20150625184838 -6.025607 -17.411833 -0.9780314 1.9251418 -0.16371189 -1.2382239 995.32 
20150625184838 -7.04434 -13.464991 0.75836337 1.1707232 1.5622878 -0.26267207 995.32 
20150625184838 -1.5029601 -8.449138 7.3047094 2.2107213 0.47128254 -0.06994407 995.28 
20150625184839 2.9005754 -8.384495 2.72939 1.8671097 -3.0876184 -0.18112154 995.28 
20150625184839 0.6476316 -7.8050976 -2.9245174 1.8173242 -2.9761355 -0.6206391 995.28 
20150625184839 -0.17597382 -4.494515 -4.301782 1.4379768 -1.138042 -1.8774943 995.28 
20150625184839 -0.54408234 -1.9608512 -4.368221 1.3093897 1.6288722 -2.3732114 995.28 
20150625184839 -1.654992 -1.3994108 -5.2810106 1.128879 1.8240436 -1.8322903 995.28 
20150625184839 -2.9484594 -1.2605472 -4.3688197 1.0934488 1.2260065 -1.2366967 995.28 
20150625184839 -4.347272 0.05686229 -2.0129251 1.4608842 1.3640621 -0.7657196 995.28 
20150625184839 -4.39336 -0.41479546 -0.5638345 1.1136073 2.1401663 -0.62796944 995.28 
20150625184839 -5.21098 -1.407192 0.017357962 0.62125 2.074193 -0.48075095 995.35 
20150625184839 -3.192668 -7.700351 2.8042088 -0.043066 2.083356 -0.119729586 995.35 
20150625184839 -3.2255883 -18.05707 8.658031 -1.0442741 2.2366831 0.2742785 995.35 
20150625184839 1.83336 -19.608511 16.82226 -2.6551259 2.083356 0.42424592 995.35 
20150625184839 0.7200562 -18.014572 18.230051 -2.7339275 1.8286251 0.3475823 995.35 
20150625184839 -3.7792473 -7.8039002 4.912902 -0.3155119 1.2669345 0.17592919 995.35 
20150625184839 -4.237737 -15.759234 -19.00637 3.2907312 -1.2724323 -0.7874053 995.35 
20150625184839 -6.601413 -5.1571107 -2.6641479 1.3539828 -1.5210545 -0.8042041 995.35 
20150625184839 -5.04578 -2.5941176 8.02716 0.43463063 0.6258314 0.6609562 995.35 
20150625184839 1.4490906 -2.0141222 -6.0926447 0.2144137 -1.8307631 -0.56382865 995.57 
20150625184839 -2.1739352 -11.934497 -17.348385 -0.30573806 -0.6817256 -0.2950479 995.57 
20150625184839 -5.7389016 -17.94574 -5.752668 0.18051068 2.4129176 0.9596693 995.57 
20150625184839 4.2239704 -12.122441 8.537724 -3.728416 -0.75900006 1.2260065 995.57 
20150625184839 -1.6777369 -10.068815 0.2896984 -2.948952 -1.0931433 0.7965683 995.57 
20150625184839 -3.709217 -9.367314 -3.8325183 -1.8530598 -1.4880677 -0.11148291 995.57 
20150625184839 -2.1589713 -4.311359 -4.546589 -1.7504344 -0.52473325 -0.31642818 995.57 
20150625184839 -3.2585084 -6.4338183 -1.9446903 -2.339003 -0.8585711 0.26236662 995.57 
20150625184839 -2.2307975 -8.218696 0.14604631 -1.1200215 0.05100725 0.35369098 995.57 
20150625184839 -1.7058687 -7.889493 -1.809418 -0.8933904 0.39461896 0.56596667 995.48 
20150625184839 -1.7884687 -9.390059 -1.0336965 -1.6789632 -0.21471913 0.52412236 995.48 
20150625184839 -0.109534726 -10.881647 1.3640964 -1.4343116 -0.44990227 0.62949663 995.48 
20150625184839 1.1198878 -10.727221 3.2136173 -1.2263119 -0.5207626 0.8921687 995.48 
20150625184839 2.915539 -12.331934 4.177882 -1.2883148 -0.9062186 1.0488557 995.48 
20150625184839 3.484162 -11.683105 5.6748567 -1.3747523 -1.0201449 1.1255192 995.48 
20150625184839 1.6711528 -12.553997 1.762731 -1.1349876 -0.9691377 0.98440933 995.48 
20150625184839 1.5592239 -11.35091 1.9668367 -0.6258314 -0.6105598 0.7993172 995.48 
20150625184839 1.1372458 -12.148778 4.3718123 0.0571159 -0.51068336 0.4428773 995.48 
20150625184839 1.8369513 -13.044808 1.3760674 0.5207626 -0.39706242 0.2648101 995.4 
20150625184839 2.3660698 -9.312247 0.85054016 1.3701707 -0.39675698 -0.12705997 995.4 
20150625184839 -3.558981 -15.942989 2.5761611 2.3646593 -0.4166101 -0.8750645 995.4 
20150625184839 -4.12102 -17.036541 -2.6994624 2.8399124 0.18509217 -1.4920384 995.4 
20150625184839 -7.285556 -19.608511 -4.956596 3.3487632 -0.101098195 -1.7889189 995.4 
20150625184839 -4.9308586 -18.871098 -1.7010803 2.2446244 -0.6056729 -1.4596626 995.4 
20150625184839 -6.7426705 -16.33923 -3.2202013 1.1615603 1.5118915 -0.6569856 995.4 
20150625184839 -6.105813 -13.988124 5.1475334 2.0115793 1.6789632 -0.1151481 995.4 
20150625184839 0.66498953 -6.6624646 6.600814 2.20278 -1.8551978 0.069027774 995.4 
20150625184839 -0.42676646 -7.78355 -2.9454668 2.3295345 -3.167947 0.2678644 995.18 
20150625184839 -0.6362591 -4.4657845 -4.547786 2.8112018 -2.7595837 -1.1716396 995.18 
20150625184839 -1.1791444 -2.7006595 -3.705027 2.0161607 0.4370741 -2.2336287 995.18 
20150625184839 -1.560421 -2.0242975 -3.1070752 1.284955 1.5690074 -1.8817704 995.18 
20150625184839 -2.1045034 -1.5334862 -4.7494974 1.2516629 0.32467487 -1.4504995 995.18 
20150625184840 -3.927688 -1.3323733 -1.4670471 1.3307699 0.66553766 -0.95722586 995.18 
20150625184840 -4.687248 0.22984336 0.19812019 1.2305881 1.4272866 -0.65087694 995.18 
20150625184840 -4.4819455 0.27234045 1.2868834 0.5338962 1.8194622 -0.44715336 995.18 
20150625184840 -2.4660277 -4.951209 2.8125885 -0.28008172 1.7510452 -0.036651913 995.18 
20150625184840 -1.484405 -14.400525 7.784148 -1.0482447 1.8674151 0.3555236 995.42 
20150625184840 2.1655555 -19.608511 13.6092415 -2.5231788 1.7351627 0.5928447 995.42 
20150625184840 -0.6338649 -18.713081 18.08101 -2.9373455 1.3939945 0.6606508 995.42 
20150625184840 -0.016759412 0.7254431 7.773973 -0.12217305 1.2843442 0.3023783 995.42 
20150625184840 -7.657854 -10.669162 -12.264298 2.5717428 -1.6740762 -0.5729916 995.42 
20150625184840 -9.287707 -17.10298 -8.779537 1.7553213 -0.8151997 -0.97066486 995.42 
20150625184840 -4.4927197 -11.063007 8.860941 -0.055588737 -0.03268129 0.31306845 995.42 
20150625184840 4.0665517 -6.8144965 -0.31603462 0.16554448 -1.2220359 0.7516697 995.42 
20150625184840 -1.8513165 -4.5681367 -13.092692 0.45478916 -1.9758437 0.16554448 995.42 
20150625184840 -5.5407815 -11.109096 -12.213422 0.6936375 1.8350391 0.27855456 995.35 
20150625184840 -0.80445176 -14.089877 3.3686419 -1.8188512 -0.80573124 0.61300325 995.35 
20150625184840 2.4516625 -12.464812 1.6238673 -2.8139508 0.06994407 0.4428773 995.35 
20150625184840 -1.4089876 -11.293449 -0.26156655 -2.9507847 -1.2901474 0.49021935 995.35 
20150625184840 -0.8607155 -7.2310877 -2.5761611 -2.5561657 -1.0525209 -0.15454891 995.35 
20150625184840 -0.094570965 -3.378817 -3.6715083 -2.3967297 -1.5143349 -0.0571159 995.35 
20150625184840 -4.3676224 -6.7642183 0.38367084 -1.5409076 0.15607607 0.17379116 995.35 
20150625184840 -5.8268886 -6.508039 -2.2278047 -0.65026605 1.0436633 0.4636467 995.35 
20150625184840 -4.0216603 -8.241441 -2.4019828 -1.3796391 0.6169739 0.45173484 995.35 
20150625184840 -1.881244 -10.015544 -1.2084733 -1.6380352 0.22571471 0.47800204 995.13 
20150625184840 0.47465047 -10.396222 1.7298107 -1.3286319 -0.16829337 0.8338311 995.13 
20150625184840 -0.11192893 -10.493188 2.4378958 -1.3460416 -0.9816604 1.0806206 995.13 
20150625184840 3.265691 -12.325949 1.9782091 -1.4010195 -1.0064005 1.1640037 995.13 
20150625184840 2.2337902 -12.661736 3.9234982 -1.2825116 -1.2544118 1.031446 995.13 
20150625184840 0.46148238 -13.855246 1.2330139 -0.9419542 -1.0726794 0.788627 995.13 
20150625184840 3.019687 -13.045406 1.9428947 -0.24862215 -0.9447031 0.5558874 995.13 
20150625184840 3.5093012 -14.0629425 3.5913026 0.025350908 -1.104139 0.45204028 995.13 
20150625184840 4.099472 -12.685678 2.1709423 0.355829 -0.61819565 0.54092115 995.13 
20150625184840 3.5703533 -8.560468 1.2174516 1.1655309 -0.8002335 0.17898351 995.39 
20150625184840 -1.4185646 -12.665327 2.4624364 2.0005836 -0.68203104 -0.7440339 995.39 
20150625184840 -4.7279496 -16.71093 0.61411273 2.7507262 0.528093 -1.568702 995.39 
20150625184840 -6.704962 -19.503166 -3.7588966 3.3078353 0.269697 -1.7211128 995.39 
20150625184840 -6.3230867 -19.375078 -3.496133 2.9150488 -0.116675265 -1.561677 995.39 
20150625184840 -4.6962266 -13.867815 -4.048595 1.824349 1.0167851 -0.8588765 995.39 
20150625184840 -5.149329 -13.65892 -0.6422446 1.6936239 2.3316727 0.027183503 995.39 
20150625184840 0.83018947 -10.525509 7.769783 2.01219 0.06261369 -0.04795292 995.39 
20150625184840 0.6356605 -9.970653 1.62686 1.7357736 -2.8661797 0.11575896 995.39 
20150625184840 -1.4838065 -6.71813 -5.8634 2.221106 -2.9794953 -0.7516697 995.19 
20150625184840 -1.364695 -2.5743654 -4.248511 2.2898283 -1.1001683 -2.2928827 995.19 
20150625184840 -1.5167267 -0.9355343 -4.4837413 1.7803668 2.1655173 -1.9572122 995.19 
20150625184840 -2.6180596 -1.3227965 -3.804985 1.6077974 1.2425 -1.6337591 995.19 
20150625184840 -3.9193082 -1.6801311 -1.8195933 1.6484199 1.3301591 -1.3946054 995.19 
20150625184840 -3.5110967 -0.7374141 0.05626374 1.0571023 1.724778 -1.0613784 995.19 
20150625184840 -4.115034 -0.6823475 0.90261406 0.36713 1.8713857 -0.7583892 995.19 
20150625184840 -4.3640313 -3.875614 1.1198878 -0.12644911 2.08977 -0.31581733 995.19 
20150625184840 -3.8379054 -10.59973 4.257489 -0.8219192 2.3561072 0.30085114 995.19 
20150625184840 -2.4995465 -19.560627 7.7847466 -1.6859881 1.8032742 0.68569624 995.44 
20150625184841 -1.9668367 -19.608511 19.467255 -2.7461448 1.2253957 0.7632761 995.44 
20150625184841 -0.037110128 -8.944737 8.570643 -1.6612481 1.3466524 0.7351763 995.44 
20150625184841 -2.8724434 -7.227496 -2.5192988 1.8362609 -0.0711658 -0.056505036 995.44 
20150625184841 -2.633622 -17.392677 -11.979388 2.0845776 -1.7366899 -0.8038987 995.44 
20150625184841 -6.619968 -5.73112 -2.4594438 0.7431176 0.1423316 -0.591623 995.44 
20150625184841 -3.9725792 -5.5383873 8.655638 0.24098633 -0.5830709 0.56046885 995.44 
20150625184841 4.042011 -5.233126 -10.460267 0.14294247 -2.8735101 -0.106595986 995.44 
20150625184841 -3.933075 -12.075755 -12.474389 0.8576548 0.71929383 0.3643811 995.44 
20150625184841 -4.426879 -14.306552 -2.9502552 -1.960572 1.0906999 0.93309665 995.09 
20150625184841 2.7611132 -10.62427 4.7321396 -3.0500503 -0.7165449 0.7415904 995.09 
20150625184841 -1.8082209 -10.332776 -0.55365914 -2.738509 -1.1624765 0.5842926 995.09 
20150625184841 -2.7832594 -9.946711 -2.557606 -2.1749856 -0.50671273 0.07269296 995.09 
20150625184841 -1.3694834 -4.943428 -3.6248214 -2.4123068 -0.9315695 0.00580322 995.09 
20150625184841 -2.0536265 -5.4659624 -1.6101006 -1.7980819 -0.6805039 0.04337143 995.09 
20150625184841 -2.2744915 -7.789535 -0.3333926 -0.89980453 0.23640485 0.11789699 995.09 
20150625184841 -2.7042508 -8.1163435 -2.0284874 -1.0735956 0.44776422 0.49113566 995.09 
20150625184841 -2.0829554 -9.203311 -0.8218097 -1.6924021 0.12705997 0.3839288 995.09 
20150625184841 -0.3764882 -10.029311 1.9207484 -1.3854424 0.051618114 0.5112942 995.2 
20150625184841 -0.8690952 -10.412982 2.2296004 -1.2257011 -0.70616025 0.8185594 995.2 
20150625184841 0.9032126 -13.108852 1.1097125 -1.2657127 -0.7107417 0.9098838 995.2 
20150625184841 1.4059949 -11.187506 4.477157 -1.255328 -0.77304995 0.9147707 995.2 
20150625184841 0.26515785 -13.270461 1.2252327 -1.1551461 -0.8622363 0.77518797 995.2 
20150625184841 2.2948422 -12.672509 0.52852005 -0.51159966 -0.8579602 0.64934975 995.2 
20150625184841 3.091513 -12.117653 3.9510314 0.050701816 -1.0424415 0.5131268 995.2 
20150625184841 1.7806876 -13.636774 3.4901476 0.17562376 -0.6560693 0.49205196 995.2 
20150625184841 2.8880057 -9.941324 1.5047557 0.7629707 -0.6236934 0.19181168 995.2 
20150625184841 1.6490064 -8.72507 1.6424223 1.7333301 -0.9077458 -0.39950588 995.35 
20150625184841 -3.0484173 -15.711948 0.676362 2.4153612 -0.2855795 -1.2223413 995.35 
20150625184841 -5.719149 -19.366697 -3.198055 3.3695326 0.2742785 -1.7956384 995.35 
20150625184841 -9.091981 -19.608511 -3.1735144 3.0836477 -0.364992 -1.8371773 995.35 
20150625184841 -6.1584854 -17.363947 -4.049194 1.8839084 0.30207285 -1.2947289 995.35 
20150625184841 -6.8827314 -14.462774 -2.771887 1.3622295 2.157576 0.011911872 995.35 
20150625184841 -1.6112977 -9.009381 6.4805055 2.1450534 1.2333369 0.25350907 995.35 
20150625184841 1.8483237 -8.250419 5.024831 1.8695531 -2.4361305 0.29016098 995.35 
20150625184841 -0.88286185 -7.61416 -3.9761705 2.4193318 -3.0934217 -0.3484986 995.35 
20150625184841 -0.82480246 -3.3572693 -4.8584337 2.6190848 -2.2385156 -1.9058995 995.28 
20150625184841 -1.158195 -1.0720038 -4.4897265 2.0201313 1.4807373 -1.9712621 995.28 
20150625184841 -1.927931 -0.3477578 -5.2875943 1.5158621 1.6887369 -1.496009 995.28 
20150625184841 -3.566762 -0.8451532 -3.283049 1.4395039 0.8539896 -1.1539245 995.28 
20150625184841 -3.738546 -1.5197195 -0.55725044 1.5372424 1.0112875 -0.79443026 995.28 
20150625184841 -3.2267854 -0.66858083 0.60453594 0.81092364 1.3628404 -0.5561928 995.28 
20150625184841 -4.3640313 -2.0027497 2.5594015 -0.005192355 1.3206906 -0.22510384 995.28 
20150625184841 -1.5011644 -8.5700445 4.9003325 -0.59131753 1.6539177 0.204029 995.28 
20150625184841 -1.0893618 -19.148825 7.6464815 -1.999362 1.6630806 0.6759224 995.28 
20150625184841 0.014963761 -19.608511 19.383457 -3.0860913 1.4715744 0.66339964 995.43 
20150625184841 -1.2946646 -12.000338 13.461399 -2.1844542 1.6053538 0.59712076 995.43 
20150625184841 -4.8823757 -0.6087258 0.3752911 1.7592919 -0.04153884 -0.105374254 995.43 
20150625184841 -6.3979053 -16.786346 -15.402498 2.550057 -2.288912 -0.90285885 995.43 
20150625184841 -6.8587894 -8.445546 -2.0691888 0.5045747 -0.015271631 -0.25259277 995.43 
20150625184841 1.3491327 -7.457938 5.4312468 0.28985557 0.071776666 0.98990715 995.43 
20150625184842 2.9879637 -4.8763905 -6.253655 0.18448131 -2.533869 0.11178834 995.43 
20150625184842 -5.5018754 -8.802881 -11.562798 0.44868052 0.084910266 -0.12370021 995.43 
20150625184842 -7.271789 -13.983933 -5.422867 -0.97433007 0.9560041 0.6612616 995.43 
20150625184842 -0.061650693 -12.476185 4.5100775 -2.8286116 -1.0100657 0.79290307 994.85 
20150625184842 0.7134721 -10.910975 -0.88046765 -2.9434543 -1.4431691 0.8594874 994.85 
20150625184842 -2.179322 -10.867282 -1.5993267 -2.6535985 -1.464244 0.6151413 994.85 
20150625184842 -0.5009867 -5.17387 -3.6290112 -2.6340508 -0.41905355 -0.3567453 994.85 
20150625184842 -0.96905315 -4.450821 -2.8993783 -2.067168 -1.0983357 -0.23457226 994.85 
20150625184842 -2.5659857 -7.6853876 1.1623849 -0.8405506 -0.13836098 0.2874121 994.85 
20150625184842 -2.835932 -7.6231384 -2.3774424 -0.95417154 0.3539964 0.6096435 994.85 
20150625184842 -2.484583 -8.932168 -1.3144168 -1.704314 -0.36926803 0.5543602 994.85 
20150625184842 -0.7685388 -10.248381 1.5580268 -1.4129313 -0.24862215 0.6462954 994.85 
20150625184842 -0.6667852 -10.185533 2.712032 -1.2241739 -0.49480084 0.9859365 995.4 
20150625184842 1.2282255 -12.48217 0.5770026 -1.2403619 -0.6789767 1.0283916 995.4 
20150625184842 3.0478187 -10.952275 3.323152 -1.1652255 -1.0732902 0.9978484 995.4 
20150625184842 0.6841431 -13.226768 3.044826 -1.0855075 -1.0051788 0.8885035 995.4 
20150625184842 1.228824 -13.513473 0.7044938 -0.6273586 -0.7809912 0.77763146 995.4 
20150625184842 3.153762 -12.306197 3.527856 0.0125227375 -1.0076222 0.5873469 995.4 
20150625184842 4.0946836 -14.066533 3.3315318 0.33933565 -0.6979135 0.5143485 995.4 
20150625184842 4.188656 -10.67814 1.441908 0.8145888 -0.7049385 0.39003745 995.4 
20150625184842 1.2389994 -11.752538 0.84335756 1.8002199 -0.7663304 -0.33628133 995.4 
20150625184842 -4.119224 -17.53274 0.108337626 2.568383 6.1086525E-4 -1.4208726 995.25 
20150625184842 -7.342418 -19.608511 -2.6222494 3.3228016 0.51251596 -1.9456058 995.25 
20150625184842 -8.406641 -19.543869 -2.1888988 2.6285532 0.087964594 -1.5916094 995.25 
20150625184842 -4.8907557 -13.734338 -5.6461263 1.9339994 1.2003502 -0.8323039 995.25 
20150625184842 -4.72376 -12.897565 -1.2605472 1.9566014 2.0616703 0.35246924 995.25 
20150625184842 -0.45908818 -11.329961 5.817312 2.0631974 0.4700608 0.12644911 995.25 
20150625184842 2.5492263 -9.181165 3.4883518 1.7699821 -2.1633792 -0.17959438 995.25 
20150625184842 -0.6218939 -6.995259 -5.026028 2.0622811 -2.7159069 -1.1285735 995.25 
20150625184842 -1.3892355 -2.0841527 -5.1182046 1.7146988 -1.2996159 -2.0137172 995.25 
20150625184842 -2.5863364 -0.30825347 -4.413112 1.3704761 1.3765849 -2.0143282 995.26 
20150625184842 -2.6647465 -0.58119243 -4.3879733 1.4364496 1.4990633 -1.5198327 995.26 
20150625184842 -2.8365304 -0.90859956 -2.553416 1.6181821 0.958753 -1.1771374 995.26 
20150625184842 -3.210026 -0.92057055 -0.45370123 1.1001683 1.7366899 -0.9193522 995.26 
20150625184842 -3.4272997 -2.272696 0.3890578 0.61269784 2.1325307 -0.675617 995.26 
20150625184842 -3.9103298 -6.2823853 0.53091425 0.105068825 2.286163 -0.27000242 995.26 
20150625184842 -4.9308586 -11.732187 3.6870706 -0.6270532 2.3194554 0.35369098 995.26 
20150625184842 -4.2730513 -19.363705 9.424775 -1.7238617 1.9883664 0.7495316 995.26 
20150625184842 1.127669 -19.608511 19.608511 -2.36863 1.3988814 0.72112644 995.26 
20150625184842 4.417302 -7.6470804 7.255628 -1.5806139 0.91415983 0.5296202 995.38 
20150625184842 -1.5119383 -7.3603745 -0.10414778 2.2434027 -0.26053402 -0.14019357 995.38 
20150625184842 -0.50158525 -18.013374 -17.252617 2.24157 -0.9593639 -1.5066991 995.38 
20150625184842 -6.405687 -10.635642 -6.005855 0.03634648 -0.5900958 -0.06047566 995.38 
20150625184842 -9.059061 -8.680777 19.608511 0.22632557 0.14538592 0.591623 995.38 
20150625184842 -2.6420016 3.8133647 -12.589311 0.2706133 -2.5900686 -0.8546005 995.38 
20150625184842 -3.0065188 -6.7666125 -19.573198 1.5167783 -1.6206255 -0.40103304 995.38 
20150625184842 -7.3507977 -18.306665 -6.8611836 -0.63316184 4.245819 1.2516629 995.38 
20150625184842 3.09271 -15.521609 8.252813 -4.0909643 0.19792034 0.75716746 995.38 
20150625184842 2.4241292 -13.970167 2.3439236 -3.6926804 -3.042109 0.9728029 995.17 
20150625184842 -1.785476 -9.619903 -2.8508956 -2.3780985 -1.8887954 0.2837469 995.17 
20150625184843 -0.14185645 -3.5583823 -3.7978024 -1.1820242 -0.124005646 -0.90102625 995.17 
20150625184843 -2.633622 -4.584896 -2.3020248 -1.9058995 -0.68966687 0.17806722 995.17 
20150625184843 -3.0059202 -8.118738 0.43754035 -1.2684617 0.61758476 0.6774496 995.17 
20150625184843 -2.9945478 -7.963713 -2.6839 -1.2745703 1.0748174 0.5381723 995.17 
20150625184843 -3.0579941 -9.931747 -0.91578215 -1.7088956 -0.0421497 0.4529566 995.17 
20150625184843 -1.9363106 -11.245565 2.0009542 -1.4114041 0.19394971 0.6041457 995.17 
20150625184843 1.2850877 -10.837354 2.5025394 -1.241889 -0.39187005 0.9850202 995.17 
20150625184843 3.1262288 -11.957242 2.1470003 -1.3176364 -0.70829827 1.2229522 995.32 
20150625184843 3.6008794 -11.0935335 5.072715 -1.1994339 -0.80481493 1.2153164 995.32 
20150625184843 1.6310499 -12.897565 0.90979666 -1.0409144 -1.0198395 0.9837985 995.32 
20150625184843 1.6687586 -11.818976 1.6184803 -0.3390302 -0.7461719 0.6450737 995.32 
20150625184843 2.5025394 -11.956643 4.1341877 0.19456059 -0.605062 0.32803464 995.32 
20150625184843 3.7403417 -13.083116 2.428319 0.57726765 -0.38087448 0.33444872 995.32 
20150625184843 3.0334535 -9.34397 0.45848963 1.4563028 -0.4908302 -0.014049901 995.32 
20150625184843 -1.9381063 -14.620791 1.1150994 2.108096 -0.36865717 -0.69027776 995.32 
20150625184843 -5.1846437 -18.789097 -1.258153 2.8985555 0.3707952 -1.5900823 995.32 
20150625184843 -9.817424 -19.608511 -4.5298295 3.1697798 0.3680463 -1.8891008 995.28 
20150625184843 -7.043143 -18.660408 -1.3389573 2.1242838 -0.048563786 -1.3362677 995.28 
20150625184843 -7.225701 -13.742119 -4.3041763 1.2660183 1.7415768 0.15485434 995.28 
20150625184843 -6.079477 -10.562021 0.7284359 2.035403 1.711339 0.548557 995.28 
20150625184843 0.30346507 -6.3206925 3.9193082 2.2073615 -0.63499445 0.21166481 995.28 
20150625184843 1.2850877 -6.795343 -0.40940848 2.160325 -2.11451 -0.113926366 995.28 
20150625184843 -1.0055647 -5.2660465 -4.3358994 2.1853704 -1.9468275 -1.3854424 995.28 
20150625184843 -0.52732295 -1.7741034 -4.3275194 1.3692545 -0.27458394 -2.1401663 995.28 
20150625184843 -1.6190789 -1.0726024 -3.7193923 1.1426234 1.108415 -1.8894062 995.28 
20150625184843 -2.179322 -1.0809821 -4.016872 1.2968669 0.7104363 -1.4556919 995.5 
20150625184843 -3.0771477 -1.2958617 -1.9201498 1.6249015 0.83108217 -0.9682214 995.5 
20150625184843 -4.1802764 -1.8866309 -0.6679823 1.078788 1.7608191 -0.6740898 995.5 
20150625184843 -4.8578353 -2.297835 0.50876784 0.35796702 1.8432859 -0.31764993 995.5 
20150625184843 -3.0573955 -6.741473 1.5735891 -0.108123146 2.0182989 0.071776666 995.5 
20150625184843 -2.9993362 -15.907076 7.398083 -1.1026118 1.8952094 0.48563787 995.5 
20150625184843 1.1725603 -19.608511 16.98327 -2.441323 1.6496416 0.52015173 995.5 
20150625184843 -0.55964464 -18.707094 17.797897 -2.0525072 1.3949108 0.35124752 995.5 
20150625184843 0.45130703 2.2679076 7.3579803 1.3393221 0.19181168 -0.41538838 995.5 
20150625184843 -5.957372 -4.3281183 -9.027337 2.8930578 -1.8979583 -0.8970556 995.26 
20150625184843 -4.0557775 -16.625336 -16.360777 1.5653422 -0.91599244 -1.0115929 995.26 
20150625184843 -11.459248 -14.276026 4.782418 -0.14508049 0.48808134 0.9071349 995.26 
20150625184843 3.2632968 -11.359888 3.705027 -0.20341812 -0.52595496 0.7021896 995.26 
20150625184843 -1.9189527 -1.541866 -6.5619082 0.18448131 -2.1704042 -0.08093964 995.26 
20150625184843 -8.476671 -6.766014 -15.6790285 1.2993103 1.6707164 -0.29718593 995.26 
20150625184843 -6.937798 -14.15452 -2.9909565 -1.6362026 0.18661933 0.40286562 995.26 
20150625184843 2.2188265 -12.950237 5.239112 -3.1193833 0.037873644 0.5748242 995.26 
20150625184843 0.4141969 -12.328941 -1.7124528 -3.261715 -2.0928242 1.2186762 995.26 
20150625184843 -0.7733272 -9.142858 -3.3135753 -2.6697865 -1.3811663 0.42760566 995.28 
20150625184843 1.8315643 -3.3183637 -4.07134 -2.5454755 -0.5928447 -0.16493362 995.28 
20150625184843 -1.2354081 -6.257246 0.28072014 -1.6279559 -0.5137377 -0.04184427 995.28 
20150625184843 -4.3526587 -7.4884644 -0.74519527 -0.5852089 0.5122105 0.38453966 995.28 
20150625184843 -3.6792896 -8.186973 -3.66672 -1.387275 0.01863139 0.46914452 995.28 
20150625184843 -2.2050598 -9.866506 0.79008657 -1.541213 -0.39645153 0.45753807 995.28 
20150625184843 0.93014735 -10.681132 2.5073278 -1.3213016 -0.43004912 0.7495316 995.28 
20150625184843 1.0061632 -11.295245 0.84814596 -1.2534955 -0.97310835 1.208597 995.28 
20150625184844 0.8331822 -12.706028 0.87089086 -1.0662653 -0.70554936 1.2366967 995.28 
20150625184844 -0.8631097 -13.487736 1.2617443 -0.95172805 -0.5876524 0.9486737 995.25 
20150625184844 -2.171541 -15.43063 -1.3467385 -0.75411314 -0.07574729 0.89919364 995.25 
20150625184844 -1.2312182 -13.1477585 0.12868834 -0.35308012 0.23335053 0.799928 995.25 
20150625184844 1.9075803 -11.029489 3.6236243 -0.3399465 0.49021935 0.7162395 995.25 
20150625184844 2.3050177 -8.78672 5.831078 -0.3032946 0.26053402 0.7901542 995.25 
20150625184844 3.5823243 -4.9524064 6.2925606 0.23671028 -0.19822577 0.49418998 995.25 
20150625184844 6.3458314 -6.801927 5.825691 0.88453287 -1.1383474 -0.03481932 995.25 
20150625184844 2.3906105 -12.339117 5.643732 1.781283 -0.9795224 -0.29871312 995.25 
20150625184844 -1.283292 -15.40968 -1.3844471 2.7446175 -0.7275405 -1.1304061 995.25 
20150625184844 -1.2970588 -19.608511 -5.346851 3.1413746 -1.2928963 -1.8640553 995.29 
20150625184844 -0.9816227 -19.608511 -6.0262055 2.0357084 0.004276057 -1.5329664 995.29 
20150625184844 -12.65575 -19.608511 -1.6059108 1.289842 3.2791247 -1.258077 995.29 
20150625184844 -14.884153 -17.896059 9.913791 2.5085182 2.6331346 -1.7513506 995.29 
20150625184844 -5.78499 -9.19972 -0.7290344 3.2940907 -1.9804251 0.058643065 995.29 
20150625184844 -3.1669302 -10.869077 -7.619547 4.445877 -3.4174857 1.4257594 995.29 
20150625184844 -0.17118542 -8.461707 1.7741034 2.8820622 -0.05100725 -1.1337659 995.29 
20150625184844 0.7188591 -6.1938 -0.3812766 1.0720685 0.6536258 -2.5558603 995.29 
20150625184844 0.19273324 -0.7625532 -1.2282255 0.559858 -1.9184223 -2.796541 995.29 
20150625184844 -1.5155296 4.485537 -1.6484078 0.9306532 -0.92149025 -2.042428 995.48 
20150625184844 -1.1174936 7.4166384 -1.3892355 0.9275989 0.21991149 -0.6310238 995.48 
20150625184844 -1.4437037 5.8466406 -1.8644845 0.52778757 1.3973542 0.32559118 995.48 
20150625184844 -2.248754 -1.9710265 -0.49081135 -0.31520647 1.7681495 0.7788532 995.48 
20150625184844 1.8650831 -13.98513 6.681618 -1.822211 1.536326 0.9605856 995.48 
20150625184844 11.502942 -19.608511 19.608511 -3.2308662 1.1701124 0.7449502 995.48 
20150625184844 6.343437 -14.303559 -7.3071036 -1.6410894 2.1713204 0.31520647 995.48 
20150625184844 -18.833988 -19.608511 -18.738817 4.6266932 0.8368854 -1.3548992 995.48 
20150625184844 -13.860632 -3.502717 3.1908724 2.6053402 -3.023783 -2.336865 995.48 
20150625184844 -7.7027454 3.982156 0.94331545 1.4361442 -3.4639113 -0.3998113 995.34 
20150625184844 -2.707842 -0.7032967 -19.197308 2.2699752 1.8341229 -0.768163 995.34 
20150625184844 -7.1059904 -19.608511 -13.873201 -0.6588182 3.9455786 0.5030475 995.34 
20150625184844 12.25113 -19.608511 7.641693 -3.710701 -2.826168 0.700357 995.34 
20150625184844 -0.18076223 -13.2189865 5.3079453 -3.8786888 -2.5744915 1.0577132 995.34 
20150625184844 -5.8693852 -7.5411367 -2.2469583 -2.5842655 -2.8619037 -0.267559 995.34 
20150625184844 -4.734534 -7.4507556 -4.0521865 -1.598329 -1.4648548 0.06383542 995.34 
20150625184844 -3.4596214 -6.944382 -0.9367314 -2.0696115 -0.18081611 0.98929626 995.34 
20150625184844 0.04189853 -7.1221514 -0.7326257 -1.9703459 1.1059716 1.0842859 995.34 
20150625184844 -0.6967127 -6.9719152 -2.5270798 -1.3610078 0.70096785 0.89766645 995.42 
20150625184844 -1.9099745 -7.5686703 -0.6997054 -1.2278391 0.32528573 0.52320606 995.42 
20150625184844 -3.1956608 -8.4904375 -0.6596026 -1.93797 0.45814893 0.52015173 995.42 
20150625184844 -3.1986535 -9.160814 -0.34955344 -1.3170254 0.07422013 0.65484756 995.42 
20150625184844 0.7206547 -9.673772 0.46387658 -1.3298537 -0.29352075 0.981355 995.42 
20150625184844 2.919729 -10.710462 1.8297687 -1.4602734 -0.66339964 1.3466524 995.42 
20150625184844 3.1956608 -11.574169 4.164714 -1.4559973 -0.4728097 1.6218473 995.42 
20150625184844 1.7363948 -12.337321 2.1033063 -1.1606439 -0.75716746 1.3451253 995.42 
20150625184844 -0.44113165 -12.841899 3.0753522 -0.68844515 -1.105666 0.8393288 995.42 
20150625184844 2.4366987 -11.310209 2.295441 -0.28221974 -0.8518516 0.3680463 995.3 
20150625184844 5.799355 -10.621876 3.6834793 0.03634648 -0.8249735 0.32162055 995.3 
20150625184844 6.647501 -12.07336 1.5466543 0.6814202 -1.0146471 0.49510628 995.3 
20150625184844 2.8395233 -10.930129 1.7459716 1.7214183 -1.1691961 0.061391957 995.3 
20150625184845 -5.125387 -17.489643 2.529474 2.643214 -0.45478916 -1.3295482 995.3 
20150625184845 -6.455366 -19.608511 -4.409521 3.275154 0.63407815 -2.2800546 995.3 
20150625184845 -10.951078 -19.608511 -5.655703 3.2119296 0.09101892 -2.3124304 995.3 
20150625184845 -7.7105265 -19.416975 0.25617957 2.0674734 0.3567453 -1.5082263 995.3 
20150625184845 -9.179369 -17.176003 -0.85891986 1.1801916 1.6459764 0.03634648 995.3 
20150625184845 -5.5341973 -11.826757 2.6282349 2.5274549 0.3454443 0.16798794 995.36 
20150625184845 1.2348095 -7.7290816 2.131438 2.6499333 -2.0790799 0.022907447 995.36 
20150625184845 0.2112883 -7.143699 -2.617461 2.9486465 -1.713477 -0.55680364 995.36 
20150625184845 -0.6877344 -3.8414967 -4.0958805 2.660929 -1.0852021 -2.1798725 995.36 
20150625184845 -0.350152 -0.75237787 -4.736928 1.8567249 0.48716503 -2.724459 995.36 
20150625184845 -0.82899237 0.2208651 -5.849035 1.4575244 0.91874135 -2.1633792 995.36 
20150625184845 -2.4378958 -0.30406362 -4.2060137 2.1093178 0.7431176 -1.3759739 995.36 
20150625184845 -3.1184478 0.06584055 -1.7244238 2.055867 1.6914859 -0.8668178 995.36 
20150625184845 -2.9831753 1.3455414 -0.8678981 1.2687671 1.8912388 -0.6236934 995.36 
20150625184845 -3.5727475 -1.685518 0.36272156 0.4792238 2.2122486 -0.22479841 995.31 
20150625184845 -2.6138697 -8.465299 3.945046 -0.59437186 2.3802364 0.23548855 995.31 
20150625184845 -3.888782 -18.498201 6.667852 -2.1508565 1.9941696 0.548557 995.31 
20150625184845 -1.2856863 -19.608511 17.568651 -2.989269 1.4785993 0.54336464 995.31 
20150625184845 -2.8125885 -16.203358 16.55351 -2.1077905 1.7373008 0.8729264 995.31 
20150625184845 1.1791444 2.6461914 4.920683 1.4779885 -0.12522738 0.084910266 995.31 
20150625184845 -5.3845596 -6.803723 -11.98298 1.9025398 -2.5286767 -0.5479461 995.31 
20150625184845 -8.140884 -17.993025 -8.941745 0.90285885 0.37507126 -0.3839288 995.31 
20150625184845 -6.3925185 -16.882713 7.735666 -0.42577308 0.42119157 0.5021312 995.31 
20150625184845 3.525462 -10.901998 0.5386954 -0.7583892 -1.9007072 0.57696223 995.49 
20150625184845 -1.1450269 -0.81522566 -9.589376 0.41172317 -1.1038336 -0.12797627 995.49 
20150625184845 -8.057087 -8.066066 -12.709022 0.8051204 1.1212431 0.083383106 995.49 
20150625184845 -4.185663 -13.586496 -1.5316905 -2.0625865 -0.54275376 0.3231477 995.49 
20150625184845 2.019509 -14.510658 2.7850552 -2.8276951 -0.22540927 0.38637227 995.49 
20150625184845 0.521936 -11.4837885 -3.2303767 -3.1215215 -1.4706581 0.87689704 995.49 
20150625184845 -1.0223241 -9.391256 -0.89184016 -2.905275 -1.613906 0.34025195 995.49 
20150625184845 -0.8391677 -4.507085 0.6380547 -1.8875736 -1.5766432 0.01282817 995.49 
20150625184845 -3.4464533 -3.3662477 -1.3180081 -1.5213599 -2.0964894 0.18295415 995.49 
20150625184845 -3.3572693 -6.775591 -1.963844 -1.2583824 -0.1704314 0.23701571 995.51 
20150625184845 -1.9141643 -8.944737 -2.1320367 -1.5033394 1.2773192 0.32375857 995.51 
20150625184845 -0.055066638 -10.199898 -0.3657143 -1.5769486 0.5934556 0.7189884 995.51 
20150625184845 1.0049661 -9.837176 3.839701 -1.4367551 -0.8222246 0.8912524 995.51 
20150625184845 -0.43873745 -10.186729 2.3175871 -1.2843442 -0.70066243 1.0757337 995.51 
20150625184845 2.5629928 -11.910555 -0.34596214 -1.2907583 -0.9795224 1.073901 995.51 
20150625184845 3.1962593 -12.122441 3.1890767 -1.0818423 -0.90010995 0.9947941 995.51 
20150625184845 -0.034117375 -12.675503 1.893215 -0.95722586 -0.40866885 0.80756384 995.51 
20150625184845 -0.20231004 -13.024457 0.96306765 -0.28038713 -0.7309003 0.5112942 995.51 
20150625184845 1.5239093 -13.659519 3.489549 0.10934488 -0.7809912 0.27885997 995.32 
20150625184845 3.7906199 -13.436858 3.3494883 0.3640757 -0.3811799 0.3848451 995.32 
20150625184845 3.6864722 -9.77373 1.043872 1.0870347 -0.7171558 0.15760323 995.32 
20150625184845 0.64463884 -10.394426 1.3922282 2.0286834 -0.90041536 -0.7800749 995.32 
20150625184845 -5.080496 -18.461689 -0.58119243 2.9132164 0.18417588 -1.756543 995.32 
20150625184845 -9.76535 -19.608511 -3.9558198 3.461468 0.18875736 -2.0405953 995.32 
20150625184845 -8.681973 -19.500174 -4.373608 2.7678304 0.14569137 -1.6331482 995.32 
20150625184845 -6.147113 -14.432846 -5.075109 1.7663169 1.4575244 -0.124005646 995.32 
20150625184846 -5.626374 -13.6092415 1.3922282 1.8988746 1.7479908 0.6417139 995.32 
20150625184846 0.3429694 -9.767146 6.679823 1.9089539 -1.1994339 0.15302174 995.22 
20150625184846 2.3355439 -8.046313 1.9919758 2.1340578 -3.4303138 -0.3136793 995.22 
20150625184846 0.24839842 -6.481104 -3.5488055 2.0683897 -3.2336152 -1.1407908 995.22 
20150625184846 -1.3748703 -4.727351 -4.0054994 1.4437801 -1.0680978 -2.0790799 995.22 
20150625184846 -0.8230068 0.27952304 -6.261436 1.2519683 1.7449366 -1.9077321 995.22 
20150625184846 -3.3985693 -0.05626374 -3.927688 1.2883148 1.1997393 -1.1841623 995.22 
20150625184846 -4.2838254 -1.5556326 -1.6879122 1.6215417 1.4062119 -0.84329945 995.22 
20150625184846 -3.9013517 -1.103727 -0.24361002 1.3665055 1.1435398 -0.7312057 995.22 
20150625184846 -4.188656 -0.16819267 -0.5327099 0.48258355 1.2620476 -0.46700647 995.22 
20150625184846 -4.1299977 -5.0960584 0.9720459 -0.079107046 1.6310102 0.02687807 995.41 
20150625184846 -2.2631192 -10.36031 4.770447 -1.070236 1.5586227 0.58551437 995.41 
20150625184846 0.45429978 -18.022354 9.103952 -2.3463335 1.138042 0.84849185 995.41 
20150625184846 0.61650693 -19.608511 19.608511 -2.5237896 1.4080443 0.75411314 995.41 
20150625184846 2.6426 -8.525154 8.2995 -0.8399397 1.8726074 0.44073927 995.41 
20150625184846 -4.4645877 -10.098145 -5.74369 2.4788911 -0.2678644 -0.32345316 995.41 
20150625184846 -5.4683566 -16.563087 -16.83902 1.4538593 -1.4480561 -1.1850786 995.41 
20150625184846 -10.104729 -12.855067 8.330027 -0.020463986 -1.3176364 0.0 995.41 
20150625184846 3.8504748 -7.2580223 -0.15322891 0.4089743 -1.425454 0.4034765 995.41 
