20150625183224 -2.6605566 -6.4392056 2.7736826 0.029321533 1.8793269 0.1908954 995.17 
20150625183224 -0.635062 -13.88218 9.030331 -0.9068295 1.8093829 0.44073927 995.17 
20150625183224 -2.148796 -19.608511 16.993444 -1.9013181 1.4480561 0.49846604 995.17 
20150625183224 -2.067393 -18.899828 13.585299 -1.9575176 1.1630874 0.31306845 995.17 
20150625183224 0.7811083 -3.5224693 4.9637785 0.04917465 0.9767735 0.20861048 995.17 
20150625183224 -5.6185927 -11.216236 6.0585275 2.164601 -0.25350907 -0.30573806 995.17 
20150625183224 -2.1613655 -18.634071 -6.136339 1.2596041 -0.30176744 -0.8741482 995.22 
20150625183224 0.01616086 -4.1395745 -6.443994 0.13683382 -0.50854534 0.26175576 995.22 
20150625183224 -9.235633 -1.1127052 4.6680946 0.88025683 0.6230826 0.6243043 995.22 
20150625183224 -1.7160441 -1.8297687 -8.090008 0.3313944 -1.0369438 -0.9850202 995.22 
20150625183224 -2.160767 -16.757616 -14.981118 0.0033597588 -1.539075 -0.17195857 995.22 
20150625183224 -3.527856 -19.561226 2.7688942 -1.3035865 1.3683381 1.0497719 995.22 
20150625183224 3.5284548 -12.955026 1.8483237 -3.6193767 -1.7956384 1.2287555 995.22 
20150625183224 -1.271321 -7.6494746 -0.5566519 -2.7797422 -2.4743097 1.0167851 995.22 
20150625183224 -5.466561 -5.7041855 -2.89459 -1.8509218 -0.7501425 0.119729586 995.22 
20150625183224 -2.4498668 -8.829816 -2.5115175 -2.2806654 -0.36163223 0.52412236 994.88 
20150625183224 0.37588966 -8.700529 1.5544355 -2.7140744 -1.3698653 1.0906999 994.88 
20150625183224 -0.7020996 -5.4342394 -2.4756045 -2.3075435 -0.7623598 0.6453791 994.88 
20150625183224 -3.353678 -6.1100025 -0.5422867 -1.3429873 -0.081855945 0.15454891 994.88 
20150625183224 -3.8253357 -8.413225 -2.421735 -1.2321151 0.7797695 0.42119157 994.88 
20150625183224 -1.6801311 -10.102933 -2.1027076 -1.3997977 0.44806966 0.6588182 994.88 
20150625183224 0.61411273 -10.387244 2.3995886 -1.2318097 -0.4636467 0.98807454 994.88 
20150625183224 1.9476831 -11.228208 1.6891093 -1.4816537 -0.42485678 1.3524556 994.88 
20150625183224 2.7754784 -12.0159 2.505532 -1.6108516 -0.7076874 1.3759739 994.88 
20150625183224 -0.6817489 -13.130401 2.3582888 -1.2608259 -1.0283916 0.94042706 995.07 
20150625183224 0.25617957 -14.403518 0.3357868 -0.81031275 -1.0317514 0.5164866 995.07 
20150625183224 3.378817 -13.507487 1.8968062 -0.16523905 -0.96852684 0.27977628 995.07 
20150625183224 2.6922798 -13.597869 4.8159366 0.03940081 -0.8216137 0.41447207 995.07 
20150625183224 3.4512417 -13.758879 1.4281414 0.22296582 -0.79443026 0.41783184 995.07 
20150625183224 2.517503 -9.348759 2.071583 1.1930199 -0.93859446 0.13958271 995.07 
20150625183224 -1.7393875 -11.063007 3.2130187 1.9355265 -0.7101309 -0.6291912 995.07 
20150625183224 -4.228759 -15.029601 0.2172738 2.7690523 0.1469131 -1.3542882 995.07 
20150625183224 -6.333262 -18.469471 -4.630985 3.3325753 -0.15882497 -1.5800029 995.07 
20150625183224 -8.51857 -19.608511 -3.7283707 2.8313603 0.21380283 -1.6536123 994.91 
20150625183224 -6.8127007 -18.16421 -3.1387985 1.8585575 1.5189165 -1.1948525 994.91 
20150625183224 -5.2480903 -15.132552 -0.7763199 2.002111 2.257147 -0.13194689 994.91 
20150625183224 1.2431892 -8.5862055 3.8839936 2.123673 -0.8151997 0.21991149 994.91 
20150625183224 1.5652094 -7.0610995 2.8113914 1.9037615 -2.6578746 0.049785517 994.91 
20150625183224 -1.0839748 -5.5258174 -3.8127663 2.2293527 -2.2107213 -1.1032226 994.91 
20150625183224 -0.8523358 -1.6537948 -6.1387334 2.1997259 -1.4737124 -2.409558 994.91 
20150625183224 -2.0213048 -0.33518824 -4.2700586 1.9022343 1.1227703 -2.0363193 994.91 
20150625183224 -2.9053638 0.036511578 -4.5657425 1.4691309 1.3292428 -1.5735888 994.91 
20150625183225 -2.694674 -1.5173253 -3.6475663 1.2574661 0.5571091 -1.282817 995.22 
20150625183225 -3.614646 -1.1623849 -0.76434886 1.2571607 1.2275337 -0.91629785 995.22 
20150625183225 -4.5842977 -0.55605334 1.6537948 0.8200866 2.0402899 -0.6426302 995.22 
20150625183225 -3.0352492 -6.0621185 3.3883939 0.08277224 2.2858577 -0.14630222 995.22 
20150625183225 -2.0392613 -15.689203 6.9808936 -1.2431108 2.4904976 0.27214047 995.22 
20150625183225 -1.91596 -19.608511 17.269377 -2.493552 2.162463 0.39675698 995.22 
20150625183225 -0.84694886 -17.91701 17.741632 -2.3246477 1.7318029 0.3210097 995.22 
20150625183225 1.2605472 1.5951369 8.063073 0.67347896 0.73975784 0.03023783 995.22 
20150625183225 -4.677073 -7.735666 -7.228095 2.557082 -1.4080443 -0.729984 995.22 
20150625183225 -2.9376855 -17.752407 -12.73835 1.1939361 -0.8536842 -0.6575964 995.31 
20150625183225 -8.369531 -9.927557 -1.3096284 -0.226631 0.19364429 0.63163465 995.31 
20150625183225 -6.294955 -11.218631 8.67539 -0.28955013 -1.2913691 0.22479841 995.31 
20150625183225 -0.79726917 -2.944868 -12.031462 -0.27947086 -2.0372355 -0.36560285 995.31 
20150625183225 -6.751649 -10.177153 -11.335946 1.3420709 1.4639386 0.46578476 995.31 
20150625183225 -4.2437224 -13.785813 -2.220622 -2.443461 0.18448131 0.91354895 995.31 
20150625183225 2.087744 -12.100894 1.9339164 -3.118467 -0.7449502 0.68477994 995.31 
20150625183225 -0.15562311 -11.114483 0.05566519 -3.2458324 -1.9147571 0.87689704 995.31 
20150625183225 -0.2633622 -10.147824 -3.4033577 -2.7931814 -1.2366967 0.528093 995.31 
20150625183225 0.52612585 -4.0863037 -2.273893 -2.7507262 -1.6869044 0.516792 994.9 
20150625183225 -2.1350293 -4.571728 -0.5057751 -1.7299703 -0.76144356 0.35063666 994.9 
20150625183225 -4.3155484 -6.5283895 -1.2000936 -0.8176431 -0.038789943 0.49266282 994.9 
20150625183225 -2.533664 -7.885902 -2.2427685 -1.3713925 -0.19792034 0.5739079 994.9 
20150625183225 -0.6302736 -10.324396 -1.0516531 -1.5827519 -0.20005837 0.59986967 994.9 
20150625183225 0.43514615 -9.982624 2.396596 -1.2910637 -0.5830709 0.9428705 994.9 
20150625183225 0.3764882 -11.163564 2.373851 -1.2797627 -0.9569204 1.1597277 994.9 
20150625183225 3.7086184 -12.8053875 0.56323594 -1.2846496 -0.8344419 1.2034045 994.9 
20150625183225 2.2583308 -13.002311 4.281431 -1.1664472 -0.94714653 1.1453724 994.9 
20150625183225 -0.37828386 -14.9068985 1.845331 -1.0137309 -0.786489 0.8680395 995.09 
20150625183225 0.7128736 -14.289793 1.5376761 -0.33750305 -0.784351 0.4978552 995.09 
20150625183225 2.7144263 -13.339893 3.833117 0.12156218 -0.7263188 0.28924468 995.09 
20150625183225 5.303157 -12.74254 2.2936451 0.58459806 -0.5271767 0.38331795 995.09 
20150625183225 3.1944637 -8.7951 1.8986019 1.3741413 -0.84696466 0.13591751 995.09 
20150625183225 -2.5498247 -13.652337 3.1411927 2.300213 -0.6236934 -0.7984009 995.09 
20150625183225 -2.9586349 -15.160085 -1.2150574 3.1645875 0.40286562 -1.5570955 995.09 
20150625183225 -8.194754 -19.608511 -4.367024 3.2583551 -0.040927973 -1.6420058 995.09 
20150625183225 -7.6919713 -19.594746 -2.9376855 2.2369885 0.46578476 -1.7831156 995.09 
20150625183225 -6.153697 -15.326482 -2.9287071 1.6881261 2.4507914 -1.0894781 994.98 
20150625183225 -3.4542346 -14.017452 1.09834 2.4507914 2.1655173 0.041233405 994.98 
20150625183225 1.6519991 -9.147048 6.758233 2.368019 -1.7843374 0.18875736 994.98 
20150625183225 -0.24899697 -8.929175 0.020350715 2.2660046 -2.794403 -0.37018433 994.98 
20150625183225 -1.8261774 -5.33907 -6.861782 2.21683 -2.1856759 -2.0137172 994.98 
20150625183225 -1.7890673 -1.1707647 -4.771045 1.988061 0.76083267 -2.3671029 994.98 
20150625183225 -2.3714569 -0.023942016 -4.0575733 1.7284433 1.9825631 -1.7693712 994.98 
20150625183225 -2.4181437 0.022744916 -4.7046065 1.7168368 0.86834496 -1.484708 994.98 
20150625183225 -2.92751 -1.1414356 -2.0620062 1.2699889 0.8594874 -1.2916746 994.98 
20150625183225 -2.517503 -0.44592008 -0.05865794 0.84574294 1.4871514 -0.8481864 995.07 
20150625183225 -2.8341362 -2.9191303 0.92895025 0.43860126 2.0195205 -0.46486846 995.07 
20150625183225 -1.3437457 -7.8212585 3.1322143 -0.25961772 2.191479 -0.047647487 995.07 
20150625183225 -1.0462662 -17.42081 4.876989 -1.5778649 2.1508565 0.38698313 995.07 
20150625183225 -1.2186487 -19.608511 19.605518 -2.4764478 1.6569719 0.4370741 995.07 
20150625183226 -5.0385976 -12.374432 15.832257 -1.1490375 1.4718798 0.13255776 995.07 
20150625183226 -0.4369418 1.7004818 -1.5358804 1.7009543 0.053145275 -0.441961 995.07 
20150625183226 -8.647258 -19.326595 -6.3548098 1.7024814 -0.7247916 -0.68966687 995.07 
20150625183226 -3.8367083 -13.39915 -3.5871127 1.0760391 0.25534168 -0.20433442 995.07 
20150625183226 -1.8968062 -7.0928226 1.2144588 0.7675522 -0.94042706 1.0421361 995.2 
20150625183226 -1.7298107 -6.51163 -0.28191724 0.65118235 -1.9578232 0.40439278 995.2 
20150625183226 -2.0602105 -8.704121 -13.532028 0.7357872 0.8414669 0.31978795 995.2 
20150625183226 -2.5959132 -13.730148 -4.168904 -0.6310238 0.45051312 0.88361657 995.2 
20150625183226 2.4390929 -14.428058 0.8834604 -2.7299569 -0.63713247 0.73853606 995.2 
20150625183226 0.0047884034 -11.328165 0.6925228 -2.9782734 -1.3326025 0.28099802 995.2 
20150625183226 -2.695871 -8.536526 0.7906851 -2.5836546 -0.5992588 0.05009095 995.2 
20150625183226 -2.1547816 -9.395446 -2.0763714 -2.7678304 -1.7730364 0.4428773 995.2 
20150625183226 -0.7781156 -6.5984197 -1.3946224 -2.888171 -2.1487186 0.9596693 995.2 
20150625183226 -2.509722 -4.007295 -1.4796166 -1.9920316 -0.6081163 0.65148777 995.09 
20150625183226 -5.351041 -5.729325 0.15801731 -0.77824235 0.28802297 0.3622431 995.09 
20150625183226 -3.9444473 -7.629722 -1.3239936 -1.5247196 0.6239988 0.5329799 995.09 
20150625183226 -1.0959458 -10.607511 -1.103727 -1.8341229 0.099571034 0.63713247 995.09 
20150625183226 2.9125464 -11.727399 1.6514006 -1.3790283 -0.7076874 1.054048 995.09 
20150625183226 3.2441432 -10.306439 4.012682 -1.350623 -1.2449434 1.3338243 995.09 
20150625183226 2.1254525 -12.188282 2.7371712 -1.3933836 -1.0421361 1.4618006 995.09 
20150625183226 1.8920178 -13.507487 2.5067291 -1.0381655 -1.1355985 1.0537425 995.09 
20150625183226 1.893215 -13.888764 1.8177977 -0.77579886 -0.59223384 0.72082096 995.09 
20150625183226 2.758719 -13.08491 3.1878796 -0.1469131 -0.4025602 0.46486846 995.11 
20150625183226 2.843713 -12.70543 3.8115692 0.2415972 -0.6976081 0.3555236 995.11 
20150625183226 3.9977183 -10.713454 1.0073603 0.95203346 -0.3753767 0.21410827 995.11 
20150625183226 1.7046716 -8.459313 1.9416976 1.997224 -0.6747007 -0.37415496 995.11 
20150625183226 -2.6324248 -15.139734 1.436521 2.5717428 0.25045475 -1.1578951 995.11 
20150625183226 -5.485116 -18.934544 -3.74094 3.4306192 0.61422503 -1.7397442 995.11 
20150625183226 -10.817003 -19.608511 -4.449624 2.7714956 -0.12156218 -1.919644 995.11 
20150625183226 -6.477513 -18.422783 -1.7088615 1.649947 1.2501358 -1.280679 995.11 
20150625183226 -6.7324953 -14.739305 -1.4856021 1.6267341 2.1282544 0.16340645 995.11 
20150625183226 -2.106299 -9.490616 4.156933 2.0454822 -0.9462303 0.17959438 995.04 
20150625183226 2.1996727 -7.992444 4.426879 1.9624046 -2.4938574 -0.07147124 995.04 
20150625183226 -1.0169371 -7.4525514 -3.6966474 2.3738225 -2.182316 -1.1774428 995.04 
20150625183226 -0.7457938 -2.6120741 -5.969343 2.196977 -0.91904676 -2.5806003 995.04 
20150625183226 -1.8171991 -0.17597382 -3.9336734 1.641395 1.9101756 -2.275473 995.04 
20150625183226 -2.3493104 0.13227965 -4.8961425 1.3008375 1.5396858 -1.8759671 995.04 
20150625183226 -3.0801406 -0.47764325 -3.7469256 1.4068227 0.83260936 -1.426065 995.04 
20150625183226 -3.614646 -0.58418524 -0.9032126 1.2492194 1.4639386 -1.0015136 995.04 
20150625183226 -4.123414 0.076614454 0.3609259 0.5830709 2.0949624 -0.70341134 995.04 
20150625183226 -4.361637 -4.209605 1.8435353 0.043676864 2.2757785 -0.1881465 995.18 
20150625183226 -2.693477 -11.317391 5.613206 -0.63041294 2.4080307 0.21960606 995.18 
20150625183226 -2.1739352 -19.608511 10.548254 -2.1142046 2.2602015 0.6563747 995.18 
20150625183226 -1.2126632 -19.608511 19.608511 -2.6282477 2.0140228 0.7733554 995.18 
20150625183226 -0.2873042 -5.2636523 9.027337 -0.031154128 1.3991868 0.5320636 995.18 
20150625183226 -4.185663 -4.646547 -1.299453 2.7275133 -1.4999796 -0.5036584 995.18 
20150625183226 -1.501763 -19.608511 -15.446791 1.8090774 -1.0207558 -0.8781188 995.18 
20150625183226 -5.4911017 -6.818088 -4.995502 0.21197024 -0.10140363 0.19975294 995.18 
20150625183226 -8.251018 -5.007473 13.015479 0.38026363 -0.37995818 0.269697 995.18 
20150625183226 -0.48961425 -2.6090813 -9.136273 -0.035430185 -2.3493876 -0.5830709 995.27 
20150625183227 -5.2756233 -11.808203 -11.760918 1.4355333 1.7922786 0.7507534 995.27 
20150625183227 -4.099472 -15.83106 -1.5370775 -1.434617 0.2049453 1.3020593 995.27 
20150625183227 4.4597993 -12.213422 2.2744915 -3.3041701 -1.0778717 0.83016586 995.27 
20150625183227 -0.4830302 -10.895413 1.1552023 -3.0473013 -2.3112087 0.49602258 995.27 
20150625183227 -1.2964603 -10.779893 -1.6065093 -2.6236663 -0.9972375 -0.18600847 995.27 
20150625183227 0.14963761 -5.5180364 -2.1523874 -2.6401596 -1.7919732 0.21166481 995.27 
20150625183227 -0.70509243 -4.172495 -1.6885108 -2.067168 -0.7874053 0.35308012 995.27 
20150625183227 -4.0539823 -6.0782795 0.56323594 -0.8924741 0.16890424 0.46028697 995.27 
20150625183227 -5.0703206 -6.8324533 -1.1887212 -1.5274686 0.5109888 0.48258355 995.08 
20150625183227 -3.1130607 -9.182362 -2.6485856 -1.6887369 0.115453534 0.49449542 995.08 
20150625183227 -0.90620536 -11.673529 0.095768064 -1.3298537 -0.15577064 0.893085 995.08 
20150625183227 0.29807812 -10.90499 2.556409 -1.3949108 -0.54733527 1.146594 995.08 
20150625183227 1.7052702 -12.10269 2.098518 -1.4993688 -0.6762278 1.3387111 995.08 
20150625183227 3.4733882 -13.8163395 3.4320881 -1.2574661 -0.90377516 1.2321151 995.08 
20150625183227 2.273893 -13.916896 2.337938 -0.8753699 -1.2321151 0.8402451 995.08 
20150625183227 3.0029275 -13.587693 2.2505496 -0.27183503 -0.93615097 0.52748215 995.08 
20150625183227 3.7415388 -12.4229145 4.188656 0.07727446 -0.97585726 0.36377025 995.08 
20150625183227 5.1642933 -11.663354 3.578733 0.5198463 -0.5696318 0.3491095 995.17 
20150625183227 3.9725792 -7.4363904 0.8026561 1.4648548 -0.8405506 0.0290161 995.17 
20150625183227 -1.3844471 -13.406332 2.517503 2.4602597 -0.58032197 -0.97524637 995.17 
20150625183227 -3.8301241 -17.369934 -1.3102269 3.38175 0.7330383 -1.8173242 995.17 
20150625183227 -9.414599 -19.608511 -5.5922565 3.2907312 0.03145956 -2.047315 995.17 
20150625183227 -8.589199 -19.608511 -2.1942859 2.094046 0.35827246 -1.8869628 995.17 
20150625183227 -7.728483 -15.815498 -3.4973302 1.1982121 2.5833492 -0.3277292 995.17 
20150625183227 -5.579687 -11.364676 -0.6973112 2.1456642 1.8274034 0.47952923 995.17 
20150625183227 0.41000703 -5.9585695 5.407305 2.0690005 -2.0237966 0.2764165 995.17 
20150625183227 -0.78170687 -7.309498 1.1366472 2.3218987 -2.1661282 -0.25320363 994.98 
20150625183227 -1.7022774 -4.3526587 -5.6102133 2.715296 -2.0173824 -1.9727893 994.98 
20150625183227 -0.9283517 -0.48482585 -3.8504748 1.9724839 -0.005497787 -2.406809 994.98 
20150625183227 -1.543063 -0.30825347 -3.851672 1.3542882 1.7437148 -1.8219056 994.98 
20150625183227 -2.0296845 -0.9900024 -4.9745526 1.2629639 0.64904433 -1.4089607 994.98 
20150625183227 -3.8971617 -0.93493575 -2.0446482 1.4019357 0.9505063 -0.9569204 994.98 
20150625183227 -4.696825 0.08738836 0.45669398 0.9663888 1.6969837 -0.60048056 994.98 
20150625183227 -5.692813 -2.3469162 2.5330653 0.34605515 1.7953329 -0.13255776 994.98 
20150625183227 -1.9710265 -8.062474 4.541202 -0.6020077 1.8304577 0.36377025 994.98 
20150625183227 1.1623849 -18.516756 7.342418 -2.189341 1.8973475 0.7770206 995.23 
20150625183227 0.9091981 -19.608511 19.438524 -2.7757716 1.928807 0.63621616 995.23 
20150625183227 -1.3928268 -10.502166 11.878233 -0.88208944 1.947133 0.23579398 995.23 
20150625183227 -4.689044 -0.6853402 2.4732103 2.31915 -0.9630291 -0.45998153 995.23 
20150625183227 -6.331466 -18.6634 -14.74529 2.1273382 -1.244027 -0.7861836 995.23 
20150625183227 -6.3584013 -5.418677 -2.5025394 0.54428095 -0.344528 0.22327125 995.23 
20150625183227 -4.5256395 -6.654085 0.6913257 0.44043383 -0.79259765 0.5363397 995.23 
20150625183227 3.318962 -6.4846954 -7.252037 0.26328292 -1.8414533 -0.24465153 995.23 
20150625183227 -5.5461683 -11.915343 -10.562021 0.6817256 1.9446895 0.6872234 995.23 
20150625183227 -3.5128925 -14.061745 -2.6378117 -2.4236078 -0.94134337 0.9251554 994.9 
20150625183227 1.3120226 -11.668142 0.046088383 -2.8906143 -1.0509937 0.6249151 994.9 
20150625183227 -1.4694413 -10.150218 1.4383167 -2.6624563 -0.68019843 0.43676865 994.9 
20150625183227 -3.086126 -9.544485 -1.9135658 -2.4987442 -0.20861048 0.1386664 994.9 
20150625183227 -1.9141643 -6.801927 -1.9955671 -2.8612928 -1.9007072 0.41233405 994.9 
20150625183227 -0.6368576 -4.3795934 -2.7593174 -2.2806654 -1.251052 0.26236662 994.9 
20150625183228 -2.0829554 -7.140108 0.50038815 -0.9419542 -0.27763826 0.2669481 994.9 
20150625183228 -3.2237926 -7.1592617 0.09816227 -1.1429288 0.14966199 0.5421429 994.9 
20150625183228 -2.1380222 -8.952518 -1.9213469 -1.9385809 -0.24953845 0.54550266 994.9 
20150625183228 -0.46447513 -10.878654 0.50038815 -1.4501941 -0.39920044 0.8008443 995.03 
20150625183228 0.82779527 -10.824784 3.7283707 -1.3643675 -0.7641924 1.1016954 995.03 
20150625183228 3.6685154 -12.777855 3.1998506 -1.4902058 -0.71837753 1.2745703 995.03 
20150625183228 3.0753522 -12.902951 5.1343656 -1.3845261 -1.1313224 1.2089024 995.03 
20150625183228 1.0301052 -13.523648 1.7735049 -0.9279043 -0.9969321 0.82986045 995.03 
20150625183228 2.2014685 -12.002731 3.6379895 -0.18081611 -0.71837753 0.49449542 995.03 
20150625183228 2.9017725 -11.692682 2.4648306 0.30298916 -0.61727935 0.33353242 995.03 
20150625183228 4.408324 -12.138004 -0.11492168 0.9981538 -0.41783184 0.20097467 995.03 
20150625183228 2.1152773 -9.937733 3.9815574 1.8145752 -0.6310238 -0.25045475 995.03 
20150625183228 -4.425682 -15.817892 -0.3800795 2.681393 -0.1777618 -1.3842206 995.09 
20150625183228 -6.741473 -16.266207 -5.380968 3.304781 0.56596667 -1.9788979 995.09 
20150625183228 -8.517971 -19.608511 -2.5450363 2.7214046 -0.41233405 -1.7003434 995.09 
20150625183228 -7.299921 -19.110518 -2.7730842 1.5430456 1.1673635 -1.2794572 995.09 
20150625183228 -6.30513 -15.72392 -0.21787235 1.520749 2.2650883 -0.3726278 995.09 
20150625183228 -0.13587095 -8.93576 6.754043 2.3945918 0.061086524 0.022602014 995.09 
20150625183228 0.8194155 -7.748235 2.19668 2.186592 -3.0179799 0.25503623 995.09 
20150625183228 -0.9588778 -5.875371 -6.2087636 2.6163359 -2.9404 -0.6914995 995.09 
20150625183228 -1.003769 -2.295441 -2.6563668 2.1230621 -1.5937474 -2.276084 995.09 
20150625183228 -0.6835446 -0.9983821 -4.292804 1.7443258 1.5509869 -2.2434027 995.13 
20150625183228 -1.3335704 -1.5472529 -5.2905874 1.2522738 1.2944235 -1.709201 995.13 
20150625183228 -3.915717 -2.0159178 -2.7036524 1.6261233 0.61269784 -1.0097603 995.13 
20150625183228 -4.103063 -0.01616086 0.2112883 1.3665055 1.7705929 -0.5626069 995.13 
20150625183228 -3.8349125 1.270124 2.3971944 0.79198676 2.2870796 -0.28588495 995.13 
20150625183228 -2.5450363 -4.772841 5.5647235 0.3839288 2.2461514 0.018325957 995.13 
20150625183228 -0.48243165 -14.918271 8.792706 -0.7837401 2.4132233 0.15393804 995.13 
20150625183228 -0.5793968 -19.608511 11.116279 -2.3173172 2.2256875 0.34330627 995.13 
20150625183228 -4.250905 -17.519571 16.497845 -2.6716192 1.7935003 0.31642818 995.13 
20150625183228 -3.1842883 2.319383 10.922348 0.13103059 1.7238617 0.09987647 995.26 
20150625183228 -7.257424 -17.432781 -13.63438 2.3377812 -1.6584991 -0.40439278 995.26 
20150625183228 -2.321777 -12.161946 -6.794146 2.2537873 -1.8164078 -0.5036584 995.26 
20150625183228 -3.3327289 -3.9725792 -0.5363012 0.4654793 0.6203337 0.6218608 995.26 
20150625183228 -1.3694834 -3.2668881 -0.700304 0.81245077 -0.8918633 0.30818152 995.26 
20150625183228 -0.6039374 -8.465299 -13.46918 0.10903945 -1.3912456 -0.17073683 995.26 
20150625183228 -4.255095 -16.8881 -4.235343 0.6930266 0.8863655 0.4822781 995.26 
20150625183228 3.7642837 -15.989078 0.83138657 -2.6578746 -0.7461719 1.056186 995.26 
20150625183228 0.18614918 -10.577583 0.10534488 -3.2806518 -1.2458596 0.82650065 995.26 
20150625183228 -3.2680852 -8.644265 -0.51595044 -2.5152376 -1.1316279 0.03848451 995.13 
20150625183228 -2.6198552 -8.829217 -1.5215151 -2.3747387 -0.54000485 -0.24495697 995.13 
20150625183228 -1.9201498 -4.9919105 -0.02633622 -2.620612 -1.5928311 0.29352075 995.13 
20150625183228 -2.9227216 -6.467936 -3.6822822 -2.154827 -0.7153232 0.54000485 995.13 
20150625183228 -3.8349125 -7.077859 0.06344634 -0.92179567 0.40194935 0.43982297 995.13 
20150625183228 -2.6767175 -7.567473 -0.42317516 -1.4236214 0.70829827 0.54550266 995.13 
20150625183228 -1.0235212 -9.555259 -0.59495914 -2.008525 0.18967366 0.6096435 995.13 
20150625183228 2.645593 -11.133636 2.248754 -1.5464053 -0.5177083 0.84238315 995.13 
20150625183228 3.163339 -11.531074 3.3991678 -1.4462235 -0.62796944 1.2162327 995.13 
20150625183228 1.4652514 -12.025476 4.7500963 -1.4776831 -0.5714644 1.378112 995.16 
20150625183228 -0.6937199 -13.259089 1.2605472 -1.1475104 -0.9633345 0.990518 995.16 
20150625183229 1.2695254 -12.753913 1.8321629 -0.8011498 -0.75228053 0.46517387 995.16 
20150625183229 2.9257145 -11.605294 4.0402155 -0.043982297 -0.50946164 0.34574974 995.16 
20150625183229 4.6285906 -13.716381 2.6180596 0.25992316 -0.63499445 0.34483343 995.16 
20150625183229 4.871003 -10.011953 0.6332663 0.96974856 -0.768163 0.1826487 995.16 
20150625183229 -1.0546459 -13.449428 3.2968156 1.9834795 -0.9789116 -0.48838675 995.16 
20150625183229 -4.537611 -17.790115 -0.17537527 2.605951 -0.057726767 -1.6639969 995.16 
20150625183229 -7.8888946 -19.608511 -4.8985367 3.4681873 0.45570546 -1.930945 995.16 
20150625183229 -7.6949644 -19.608511 -1.5107412 2.8906143 -0.655153 -1.7397442 995.08 
20150625183229 -7.0347633 -16.584635 -1.751957 1.6786577 0.6918049 -1.047023 995.08 
20150625183229 -5.018845 -13.071144 0.015562311 1.8301523 1.8414533 0.129198 995.08 
20150625183229 1.2054806 -7.1861963 6.5601125 2.2174408 -0.96974856 0.2284636 995.08 
20150625183229 0.55126494 -7.4992385 1.2366052 1.8820758 -2.2632558 0.20525073 995.08 
20150625183229 -0.66738373 -4.608838 -6.063316 2.3011293 -2.0925188 -1.0925325 995.08 
20150625183229 -0.42556936 -1.6160861 -3.6326025 2.005165 -1.063211 -2.483778 995.08 
20150625183229 -1.2611457 -0.93254155 -4.724957 1.4300356 1.8069394 -2.144137 995.08 
20150625183229 -2.4103625 -2.0338743 -4.7578773 1.1065824 1.312444 -1.6603317 995.08 
20150625183229 -3.7301662 -1.3850456 -2.5049336 1.3616186 1.0968086 -1.2229522 995.27 
20150625183229 -3.8163576 -0.7433996 -0.37229836 1.2324207 1.9633209 -0.9062186 995.27 
20150625183229 -4.268862 -0.12270284 0.99060094 0.61086524 2.1792617 -0.68233645 995.27 
20150625183229 -3.1160536 -5.473145 3.289633 0.0018325958 2.1777346 -0.25259277 995.27 
20150625183229 -2.3295584 -15.062521 6.615179 -0.66798115 2.1881194 0.20372356 995.27 
20150625183229 -1.1965023 -19.608511 12.050017 -2.032654 1.8283197 0.52503866 995.27 
20150625183229 -2.3122003 -19.392435 19.503765 -2.7449229 1.7467692 0.5122105 995.27 
20150625183229 0.9983821 1.4257472 10.131064 -0.42332962 1.8185458 0.27000242 995.27 
20150625183229 -3.454833 -9.099164 -10.400413 2.8765645 -1.1921035 -0.5699373 995.27 
20150625183229 -2.2427685 -19.08418 -14.781801 2.3875668 -1.7256943 -0.8561276 995.17 
20150625183229 -8.587403 -8.397662 0.36990416 0.31856623 -0.026267206 0.047647487 995.17 
20150625183229 -8.337808 -5.708974 7.4992385 -0.10781772 -0.1731803 0.5112942 995.17 
20150625183229 0.41299978 -2.5965118 -14.999674 -0.11453723 -2.6282477 -0.52656585 995.17 
20150625183229 -5.73531 -12.565369 -11.716026 1.779145 1.3213016 0.5852089 995.17 
20150625183229 -0.9115923 -16.305113 -0.24361002 -1.1655309 0.93309665 1.1276573 995.17 
20150625183229 2.926313 -13.008296 1.8848352 -3.3625078 -0.35185838 0.7272351 995.17 
20150625183229 -1.9135658 -10.411186 0.019153614 -3.2107077 -1.8698585 0.5186246 995.17 
20150625183229 -1.7136499 -8.738836 -3.1142578 -2.769663 -1.361924 -0.13194689 995.17 
20150625183229 -1.1444284 -3.596091 -1.2940661 -2.6502388 -1.9743165 0.23304509 994.88 
20150625183229 -2.255338 -5.5264163 -3.1477766 -2.1368067 -0.79229224 0.36896262 994.88 
20150625183229 -2.9466639 -7.2699933 -0.50517654 -0.86467975 0.13194689 0.44257188 994.88 
20150625183229 -2.178125 -8.619126 -1.7980455 -1.2675453 0.1872302 0.68019843 994.88 
20150625183229 -1.1168951 -11.052234 -0.29867667 -1.7046194 -0.32070425 0.6536258 994.88 
20150625183229 0.8403648 -10.426748 1.6795325 -1.3093897 -0.53786683 0.8558222 994.88 
20150625183229 1.3808558 -10.381259 3.4955344 -1.284955 -1.0042624 1.0516045 994.88 
20150625183229 2.3959973 -11.757326 2.3810337 -1.4123205 -0.84788096 1.2345587 994.88 
20150625183229 2.971803 -13.581109 2.6611552 -1.3185526 -1.1322387 1.1502593 994.88 
20150625183229 1.6118963 -13.896545 2.130241 -0.9859365 -1.0574077 0.8573494 995.09 
20150625183229 1.3425486 -13.0442095 2.9825768 -0.4025602 -0.83199847 0.5671884 995.09 
20150625183229 1.4784195 -13.077728 3.4464533 -0.013744468 -0.9663888 0.37598756 995.09 
20150625183229 3.8845923 -12.0248785 1.99437 0.40653083 -0.6936375 0.32467487 995.09 
20150625183229 2.6060886 -7.379528 1.3509283 1.2208142 -0.6426302 0.18051068 995.09 
20150625183229 -1.6962919 -12.173319 2.7760768 2.0894647 -0.8170323 -0.627664 995.09 
20150625183229 -4.8680105 -17.154455 -0.2896984 2.9104674 0.15088372 -1.488984 995.09 
20150625183230 -8.7053175 -19.608511 -4.3179426 3.352123 -0.055283304 -1.777007 995.09 
20150625183230 -7.3226657 -19.608511 -1.8339585 2.8368583 -0.4428773 -1.9373591 995.09 
20150625183230 -5.5868697 -15.5599165 -2.0428526 1.7702875 0.93554014 -1.1847731 994.98 
20150625183230 -4.681263 -12.727576 2.779668 1.783421 1.7513506 -0.05375614 994.98 
20150625183230 0.9235633 -8.070255 7.144298 2.0842721 -0.89736104 -0.19730948 994.98 
20150625183230 -0.34356794 -8.678981 -0.736217 2.0082195 -2.6288586 -0.33200526 994.98 
20150625183230 -0.7942764 -5.2289367 -5.583278 2.3243423 -2.6746736 -1.2177598 994.98 
20150625183230 -1.3138182 -1.8602947 -4.4741645 2.11451 -0.41508293 -2.2134702 994.98 
20150625183230 -1.2246342 -0.85772276 -3.8720226 1.7870862 2.0433443 -1.947133 994.98 
20150625183230 -2.1266496 -0.82240826 -3.7660792 1.6945401 1.1582005 -1.5879441 994.98 
20150625183230 -2.9861681 -1.5376761 -2.8862102 1.736079 0.65209866 -1.3329079 994.98 
20150625183230 -3.8959646 -1.4867992 -0.4225766 1.2119566 1.260215 -1.003957 995.11 
20150625183230 -3.857059 0.2753332 1.3742718 0.68294734 2.069917 -0.5751296 995.11 
20150625183230 -2.7096379 -4.4879313 3.5901055 0.06505715 2.182927 -0.10476339 995.11 
20150625183230 -1.3940239 -13.032837 8.536526 -0.9334021 2.2687535 0.2669481 995.11 
20150625183230 -0.6290765 -19.608511 12.386402 -2.175902 1.9822577 0.50732356 995.11 
20150625183230 -1.3814543 -19.432539 18.859726 -3.220787 1.6203201 0.61178154 995.11 
20150625183230 -1.8201919 -2.3265655 11.8818245 -1.2067643 1.7394388 0.7318166 995.11 
20150625183230 -6.581062 -14.287997 -12.835914 2.0754147 -0.7959574 -0.3231477 995.11 
20150625183230 -6.0525417 -14.416685 -9.103952 1.7040086 -1.724778 -0.7122689 995.11 
20150625183230 -3.7576995 -5.747281 2.645593 0.27030787 0.3747658 0.093462385 995.27 
20150625183230 2.4791958 -4.1784806 1.8734628 0.40194935 -0.50701815 0.44348818 995.27 
20150625183230 -0.16220717 -7.132327 -14.326903 -0.03145956 -2.329229 -0.115453534 995.27 
20150625183230 -5.5946507 -14.025233 -9.156625 0.75991637 1.6249015 0.4428773 995.27 
20150625183230 -0.40222588 -14.769232 3.6074634 -2.6108382 -0.44929138 0.93951076 995.27 
20150625183230 1.0576386 -10.772112 2.521693 -3.1172454 -0.5934556 0.6078109 995.27 
20150625183230 -2.146402 -9.086594 -1.4574703 -2.728735 -1.0836749 0.5513059 995.27 
20150625183230 -2.1045034 -6.8623805 -2.846706 -2.320677 -0.7535023 0.071776666 995.27 
20150625183230 -1.6639702 -3.750517 -3.8708255 -2.4294112 -1.14018 -9.162979E-4 995.27 
20150625183230 -3.0400376 -7.055712 0.5793968 -1.3723087 -0.011301007 0.02687807 994.96 
20150625183230 -4.185065 -7.2783732 -1.2180501 -0.8384125 0.8872818 0.37048978 994.96 
20150625183230 -2.9005754 -7.9104424 -2.7988217 -1.7030923 0.5140431 0.5158757 994.96 
20150625183230 -1.5107412 -10.67814 -0.016759412 -1.6206255 -0.105374254 0.49021935 994.96 
20150625183230 0.3585317 -10.782288 2.4516625 -1.2959507 -0.41630468 0.83199847 994.96 
20150625183230 1.3305776 -11.172543 2.2948422 -1.31672 -0.8035932 1.1203269 994.96 
20150625183230 3.3303347 -12.707824 4.047398 -1.3393221 -0.7519751 1.1365148 994.96 
20150625183230 1.9925743 -13.125013 3.549404 -1.2336423 -1.0506883 0.9960158 994.96 
20150625183230 1.7322049 -13.400347 1.4742297 -0.8744536 -1.1346822 0.70554936 994.96 
20150625183230 3.6493618 -12.2241955 4.293402 -0.095294975 -0.9098838 0.44715336 995.14 
20150625183230 2.348712 -12.68508 4.3795934 0.33017266 -0.829555 0.3005457 995.14 
20150625183230 3.145981 -9.937733 1.1390414 0.77579886 -0.47769663 0.17654006 995.14 
20150625183230 0.748188 -10.081984 2.28347 1.7641789 -0.713796 -0.3222314 995.14 
20150625183230 -3.3800142 -15.348629 -0.43155485 2.6975808 -0.37568212 -1.1301007 995.14 
20150625183230 -5.737106 -19.568409 -4.4484267 3.510337 0.37873647 -1.6722436 995.14 
20150625183230 -8.99322 -19.608511 -3.2758665 2.679255 -0.41508293 -1.6136005 995.14 
20150625183230 -5.7185507 -16.567278 -1.8507179 1.7876972 1.0488557 -1.3142766 995.14 
20150625183230 -6.785766 -14.295179 -0.2100912 1.5103643 2.1826215 -0.016798794 995.14 
20150625183230 -1.9267339 -8.143877 6.1369376 2.2214115 0.044898596 0.20922135 995.01 
20150625183230 2.3385365 -7.2981253 3.38181 2.312125 -2.6816983 0.0720821 995.01 
20150625183231 -0.5117606 -7.5453267 -4.8494554 2.7348437 -2.5757134 -0.57696223 995.01 
20150625183231 -0.41240123 -3.4380736 -3.8612487 2.39337 -1.2837334 -1.7214183 995.01 
20150625183231 -1.0690111 -1.8309658 -4.2419267 1.6612481 1.1484267 -2.1545217 995.01 
20150625183231 -1.7004818 -0.8403648 -5.931036 1.1053606 1.4825699 -1.7876972 995.01 
20150625183231 -3.2902317 -0.8972271 -3.5613751 1.149343 0.78984874 -1.423316 995.01 
20150625183231 -4.144962 0.077811554 -0.54647654 1.3970488 1.536937 -0.8762862 995.01 
20150625183231 -4.260482 1.447295 0.26396075 1.0305296 2.2910502 -0.62858033 995.01 
20150625183231 -4.2221746 -2.878429 3.0777464 0.38698313 2.0738876 -0.1704314 995.14 
20150625183231 -1.5490485 -12.410943 7.807492 -0.4605924 2.1038198 0.204029 995.14 
20150625183231 1.6226702 -19.608511 10.43872 -1.9663752 1.8374827 0.45937067 995.14 
20150625183231 -2.3750482 -19.608511 19.464859 -2.7409523 1.6887369 0.22510384 995.14 
20150625183231 -3.3973722 -1.4101849 12.190677 -1.1685852 2.2901337 -0.03756821 995.14 
20150625183231 -9.132084 -6.4463882 -3.8013937 2.2424862 0.08277224 -0.22632557 995.14 
20150625183231 -4.282628 -18.032528 -9.957485 2.1927009 -1.9453003 -0.61117065 995.14 
20150625183231 -2.7629087 -6.918046 -0.89184016 0.37812558 -0.031154128 0.34055737 995.14 
20150625183231 -5.0451818 -6.5511346 1.8237832 0.21746802 -0.05955936 0.68630713 995.14 
20150625183231 1.0941502 -6.175245 -11.156382 0.038179077 -1.7773124 0.053145275 995.18 
20150625183231 -3.8720226 -13.024457 -10.225636 0.50762904 0.28099802 0.44043383 995.18 
20150625183231 -2.0386627 -15.805921 -0.64703304 -1.7308867 -0.45845437 0.7498371 995.18 
20150625183231 1.6531962 -10.997766 0.30885202 -3.2140675 -1.1908818 0.84299403 995.18 
20150625183231 -1.9524715 -8.866327 -0.9756372 -2.6572638 -1.0100657 0.5390886 995.18 
20150625183231 -2.72939 -9.362526 -1.7310078 -2.2531765 -0.3943135 0.25289822 995.18 
20150625183231 -0.6512229 -5.609016 -0.9947908 -2.738509 -1.3417655 0.48258355 995.18 
20150625183231 -0.04249708 -5.040992 -3.1495724 -2.5399778 -1.8680259 0.52656585 995.18 
20150625183231 -2.2750902 -6.8204823 0.6278794 -1.1960741 -0.8249735 0.22815818 995.18 
20150625183231 -4.0054994 -7.428011 -1.009156 -1.3848315 0.2012801 0.4877759 995.09 
20150625183231 -2.7760768 -9.094376 -1.2659341 -1.8124372 0.03023783 0.40744713 995.09 
20150625183231 -0.10474633 -10.879252 2.184709 -1.4398094 -0.2134974 0.5910121 995.09 
20150625183231 1.2635399 -10.465654 2.6779146 -1.2660183 -0.5561928 0.93309665 995.09 
20150625183231 3.193865 -12.620436 0.908001 -1.3991868 -0.63529986 1.2363913 995.09 
20150625183231 2.391209 -12.345102 3.6816838 -1.2974777 -0.8576548 1.187522 995.09 
20150625183231 -0.9247604 -14.453795 1.472434 -1.1829406 -0.86193085 0.9285152 995.09 
20150625183231 2.1122844 -13.560759 1.271321 -0.6600399 -0.7883216 0.5320636 995.09 
20150625183231 4.2341456 -13.226169 4.2161894 -0.09468412 -0.9098838 0.26939157 995.09 
20150625183231 3.934272 -14.681844 3.5781345 0.22082779 -0.7492262 0.462425 995.15 
20150625183231 3.0992942 -10.430939 1.5682021 0.9089675 -0.7067711 0.2669481 995.15 
20150625183231 1.115698 -9.448717 0.39743748 1.7146988 -0.9251554 -0.2556471 995.15 
20150625183231 -3.9947255 -16.691177 -1.1887212 2.5384505 -0.3387248 -1.1753048 995.15 
20150625183231 -7.560889 -19.608511 -4.3209357 3.4119878 0.5305365 -1.8576412 995.15 
20150625183231 -9.503185 -19.608511 -1.6537948 2.9703321 0.4972443 -1.8979583 995.15 
20150625183231 -7.0610995 -16.857574 -3.5488055 1.7962493 1.0705414 -0.9407325 995.15 
20150625183231 -5.5766945 -13.29979 -1.6861166 1.7550159 1.9040669 0.11484267 995.15 
20150625183231 -0.36870706 -8.079832 3.2620997 2.1407773 0.45081854 0.36041048 995.15 
20150625183231 1.7501614 -7.5405383 3.353678 1.9000963 -1.8032742 0.11484267 995.0 
20150625183231 -0.8888474 -6.193201 -4.944625 2.2901337 -2.1255057 -1.0375546 995.0 
20150625183231 0.015562311 -1.6017209 -4.6375685 2.3445008 -1.4187346 -2.475226 995.0 
20150625183231 -1.3485341 -0.5291186 -4.1491513 1.9251418 1.3377949 -2.3747387 995.0 
20150625183231 -2.0123265 -0.40940848 -5.6485205 1.4034629 1.6575829 -1.8228219 995.0 
20150625183231 -3.7128084 -0.4985925 -2.6258407 1.4902058 1.0051788 -1.4520267 995.0 
20150625183231 -3.8031895 -0.29568392 -0.12629414 1.3997977 1.6975945 -1.0396926 995.0 
20150625183231 -3.9911342 -0.45010993 0.6979098 0.6542367 2.1206186 -0.7498371 995.0 
20150625183232 -4.0186677 -5.626374 1.678934 0.18875736 2.3722951 -0.40530908 995.0 
20150625183232 -4.3502645 -13.864822 6.769605 -0.7156286 2.5534167 0.14049901 995.21 
20150625183232 -1.7836803 -19.608511 12.46601 -2.112372 2.1248949 0.5390886 995.21 
20150625183232 0.06404489 -19.608511 19.608511 -2.8029552 1.4428637 0.6478226 995.21 
20150625183232 1.0133458 -3.8001966 7.765593 -0.5180137 1.3942999 0.539394 995.21 
20150625183232 -6.851607 -13.287221 -4.083311 2.293799 -1.3096951 -0.16310102 995.21 
20150625183232 -0.36272156 -16.944963 -14.810532 2.0103576 -1.6475036 -1.0057896 995.21 
20150625183232 -5.627571 -3.3087866 -1.9554642 0.1459968 0.052839845 0.18509217 995.21 
20150625183232 -9.279925 -2.6844985 15.790957 0.7654142 0.0888809 0.3399465 995.21 
20150625183232 0.4177882 -1.073201 -12.651561 -0.16187929 -2.6972754 -1.0317514 995.21 
20150625183232 -3.8923733 -14.609419 -15.579669 0.86315256 0.70738196 -0.1740966 995.16 
20150625183232 -4.420295 -19.542072 0.020350715 -0.8668178 1.9950858 1.3518448 995.16 
20150625183232 5.759252 -13.232753 3.9480386 -4.039346 -0.8762862 1.01312 995.16 
20150625183232 -1.8088194 -8.833407 0.09636662 -3.2168164 -2.6364944 0.66706485 995.16 
20150625183232 -2.8095956 -9.233837 -3.151368 -2.0018053 -1.1551461 -0.41386122 995.16 
20150625183232 -0.9211691 -5.5365915 -2.7222073 -2.4260514 -1.3075571 0.03970624 995.16 
20150625183232 -1.2737153 -4.469376 -1.2689269 -2.2983804 -1.0564915 0.6450737 995.16 
20150625183232 -2.7874494 -6.986879 -0.6733692 -1.2525792 0.38820487 0.65301496 995.16 
20150625183232 -3.6260185 -7.327454 -2.2463598 -1.1065824 0.3371976 0.5879578 995.16 
20150625183232 -3.5296519 -9.217676 -1.2473791 -1.8133535 0.26511553 0.57360244 995.03 
20150625183232 -1.2018893 -10.237606 1.2162545 -1.5134187 0.04520403 0.6618725 995.03 
20150625183232 2.1984756 -11.230003 2.2038627 -1.3164146 -0.30085114 1.0057896 995.03 
20150625183232 4.0132804 -12.743138 2.926313 -1.4285084 -0.5479461 1.271516 995.03 
20150625183232 1.3557167 -11.85489 4.2862196 -1.2357804 -1.1291844 1.0461067 995.03 
20150625183232 0.74639237 -14.106636 0.49320555 -0.84299403 -1.3579534 0.6765333 995.03 
20150625183232 2.9622262 -14.152725 3.1854854 -0.32986724 -1.0235047 0.42302418 995.03 
20150625183232 2.9466639 -12.776059 5.354632 0.059864793 -0.7458665 0.3912592 995.03 
20150625183232 4.8380833 -13.236942 2.5354595 0.35796702 -0.6737844 0.3454443 995.03 
20150625183232 3.875614 -8.533533 1.353921 1.3982705 -0.78984874 0.08368854 995.18 
20150625183232 -2.3343468 -15.196597 2.1398177 2.3487768 -0.6078109 -0.70188415 995.18 
20150625183232 -4.2395325 -18.623896 -3.0681696 3.0604348 0.50671273 -1.4807373 995.18 
20150625183232 -10.699687 -19.608511 -4.9182887 3.5931094 0.40133846 -1.7623463 995.18 
20150625183232 -8.667608 -19.487604 -1.1893197 2.350915 0.017104227 -1.6258179 995.18 
20150625183232 -7.9236107 -15.140931 -2.1404164 1.4107933 2.0131063 -0.47250426 995.18 
20150625183232 -6.2847795 -11.151593 0.78529817 2.330451 1.2461652 0.52626044 995.18 
20150625183232 0.095768064 -5.921459 3.0238767 2.2492058 -2.0409007 0.4728097 995.18 
20150625183232 0.95349085 -5.513248 0.6937199 2.3414464 -2.0485365 0.19058995 995.18 
20150625183232 -0.1933318 -4.675876 -5.068525 2.87687 -1.4391985 -1.1530081 995.06 
20150625183232 0.7278373 -0.9451111 -5.0667295 2.4840834 -0.41599923 -2.3435845 995.06 
20150625183232 -0.3441665 -0.56682724 -4.630985 1.6914859 1.2867876 -2.2024746 995.06 
20150625183232 -2.2182279 -0.3776853 -5.9047 1.2421945 1.2586879 -1.9556851 995.06 
20150625183232 -4.3903675 -0.43514615 -2.3481133 1.5916094 0.81031275 -1.3762794 995.06 
20150625183232 -4.056975 -0.26994625 -1.1911154 1.432479 1.6636915 -0.87872964 995.06 
20150625183232 -5.0242324 -0.99299514 0.7469909 0.5720753 1.7599027 -0.6432411 995.06 
20150625183232 -2.6330233 -7.8290396 4.3406878 -0.26267207 2.1337523 -0.2864958 995.06 
20150625183232 -0.79248077 -17.887081 10.5919485 -1.2223413 2.0772474 0.0421497 995.06 
20150625183232 -0.034715924 -19.608511 18.060661 -2.6395488 1.5079209 0.15577064 995.26 
20150625183232 -3.0382419 -15.277401 16.855778 -2.165212 1.3561208 0.10293079 995.26 
20150625183232 -4.100669 -1.3988123 4.7099934 0.7800749 0.68875057 0.046120327 995.26 
20150625183232 -6.3871317 -18.574217 -5.1367598 2.240043 -1.6630806 -0.30818152 995.26 
20150625183233 1.1474211 -13.343485 -9.669582 1.0968086 0.10903945 -0.37384954 995.26 
20150625183233 -5.295376 -1.7172412 -1.0636241 0.21655174 0.7846564 0.72509706 995.26 
20150625183233 -7.480085 -1.347337 6.0142345 0.7049385 -0.53969944 -0.19975294 995.26 
20150625183233 1.881244 -7.740454 -18.807652 -0.14874569 -2.4388795 -0.691194 995.26 
20150625183233 -5.310938 -16.557701 -9.739613 0.45234573 1.7757853 1.0690142 995.26 
20150625183233 -0.14604631 -14.993689 4.247314 -2.9358184 0.56169057 1.3093897 994.79 
20150625183233 1.9686323 -9.54209 1.1647792 -3.6978729 -1.2104294 0.89949906 994.79 
20150625183233 -2.7036524 -9.296685 -1.5568297 -2.576935 -2.0152445 0.4831944 994.79 
20150625183233 -1.6454151 -9.038112 -3.9001546 -2.2317963 -0.28099802 -0.12156218 994.79 
20150625183233 0.28909984 -3.5978866 -0.88525605 -2.5854871 -1.3808609 0.41416663 994.79 
20150625183233 -1.7705121 -6.6947865 -1.0642227 -2.121535 -0.8213083 0.5497787 994.79 
20150625183233 -3.9815574 -7.113772 0.37469256 -0.98532563 -0.49602258 0.47128254 994.79 
20150625183233 -3.3919852 -7.4088573 -2.3666685 -1.6349808 0.27763826 0.408058 994.79 
20150625183233 -2.2290018 -10.748769 0.66139823 -1.7763962 0.06963864 0.43188173 994.79 
20150625183233 1.7375919 -10.923545 1.8118122 -1.4636332 -0.46120325 0.79351395 995.11 
20150625183233 2.677316 -11.732187 1.5466543 -1.3264939 -0.96974856 1.1334605 995.11 
20150625183233 1.7561469 -12.28824 4.5082817 -1.1701124 -0.84299403 1.2263119 995.11 
20150625183233 0.36990416 -14.216769 2.9819782 -1.0491611 -0.8949176 0.9324858 995.11 
20150625183233 1.6484078 -14.121001 0.89543146 -0.7761043 -1.0708468 0.5867361 995.11 
20150625183233 4.0258503 -12.0889225 3.0921116 -0.058337633 -0.6432411 0.4392121 995.11 
20150625183233 2.7365725 -12.72997 4.554969 0.22021692 -0.77518797 0.43279803 995.11 
20150625183233 3.4715924 -10.596138 1.0444705 0.69974613 -0.63438356 0.2929099 995.11 
20150625183233 1.9273324 -9.392453 1.9093759 1.7928895 -0.8173377 -0.2565634 995.11 
20150625183233 -3.8947675 -16.765995 0.8367735 2.6685648 -0.4184427 -1.17897 995.02 
20150625183233 -7.2592196 -19.608511 -5.181651 3.5396585 0.49602258 -1.8845193 995.02 
20150625183233 -10.977415 -19.608511 -3.1884782 3.0219505 -0.2864958 -1.9165897 995.02 
20150625183233 -6.7372837 -16.750433 -1.3138182 1.7449366 0.60903263 -1.1582005 995.02 
20150625183233 -6.803723 -13.131 -0.4782418 1.6404786 1.8753563 0.410196 995.02 
20150625183233 -1.9261353 -8.172607 2.5366566 2.2143865 -0.8875872 0.39858958 995.02 
20150625183233 2.9574378 -6.6983776 3.675698 2.0809124 -2.4352143 0.06841691 995.02 
20150625183233 0.2741361 -6.555923 -2.0027497 2.420248 -1.6395624 -0.5888741 995.02 
20150625183233 -0.13946225 -2.92751 -6.145317 2.2421808 -1.3677273 -2.1084013 995.02 
20150625183233 -1.316811 -1.0450691 -4.6142254 1.5974126 0.605062 -2.486527 995.11 
20150625183233 -1.9722236 -0.4429273 -6.8707604 0.9379836 1.7263051 -1.9117028 995.11 
20150625183233 -3.582923 -0.5847838 -3.638588 1.4068227 0.8359691 -1.3264939 995.11 
20150625183233 -3.819949 -0.04249708 -0.87927055 1.6969837 1.6872098 -0.89644474 995.11 
20150625183233 -4.07553 -0.16220717 0.8355764 1.1151345 1.9187278 -0.75900006 995.11 
20150625183233 -3.6140475 -4.3436804 2.1260512 0.32895094 2.1361957 -0.37415496 995.11 
20150625183233 -2.1894975 -12.364256 5.659294 -0.70921457 2.3606887 0.0290161 995.11 
20150625183233 -1.0666169 -19.608511 12.955624 -2.3310618 2.169488 0.25686884 995.11 
20150625183233 -1.1318588 -19.608511 19.608511 -2.9315424 2.0094411 0.16035213 995.11 
20150625183233 -0.24959552 -4.180875 8.595782 -0.82344633 1.5931365 0.1441642 995.24 
20150625183233 -6.9366007 -8.893861 -1.5610195 2.6853635 -0.99173975 -0.1863139 995.24 
20150625183233 -0.8678981 -19.324799 -15.818491 1.8545868 -1.131017 -0.8231409 995.24 
20150625183233 -6.2967505 -4.5561657 -1.7579426 0.0720821 0.24129178 0.31948254 995.24 
20150625183233 -10.624868 -4.8039656 14.3179245 0.49021935 0.22235495 0.5036584 995.24 
20150625183233 0.9295488 -0.5231331 -11.78486 -0.05222898 -2.235767 -0.87995136 995.24 
20150625183233 -3.342904 -13.2985935 -16.681002 1.2144 0.32742378 0.4538729 995.24 
20150625183233 -4.1706996 -19.441517 -0.80804306 -1.9150625 1.4504995 1.3716979 995.24 
20150625183233 6.4505777 -12.664728 3.5344403 -4.106236 -0.9486737 0.9419542 995.24 
20150625183234 -1.5801731 -9.028535 0.7781156 -3.4061847 -2.4367414 0.8381071 995.04 
20150625183234 -3.2124202 -9.533113 -3.283049 -2.1050417 -1.1319333 -0.3747658 995.04 
20150625183234 -0.53570265 -5.5312047 -2.8095956 -2.450486 -1.0454959 0.06352998 995.04 
20150625183234 -0.92655605 -3.4727895 -1.6430209 -2.3463335 -0.9810496 0.7809912 995.04 
20150625183234 -2.783858 -7.316082 -0.22146365 -1.1890492 -0.057726767 0.6966918 995.04 
20150625183234 -3.733159 -7.8583684 -1.869273 -1.0067059 0.18600847 0.5225952 995.04 
20150625183234 -3.5021186 -9.572019 -0.9463082 -1.7864754 0.3943135 0.3631594 995.04 
20150625183234 -1.6783354 -10.432136 2.1051018 -1.428203 0.21563543 0.52015173 995.04 
20150625183234 1.702876 -11.180324 3.1358056 -1.3151928 -0.6261369 0.88422745 995.04 
20150625183234 4.836886 -12.983756 1.8393455 -1.2333369 -0.745561 1.1542299 995.22 
20150625183234 2.7814639 -11.930307 5.5383873 -1.1096367 -1.3753631 1.0778717 995.22 
20150625183234 0.21787235 -13.608044 1.1468226 -0.9764681 -1.4059063 0.7339546 995.22 
20150625183234 2.367267 -13.056779 1.9033904 -0.2660318 -0.95539325 0.50793445 995.22 
20150625183234 3.1591492 -12.159552 4.7500963 0.22999077 -0.75747293 0.33017266 995.22 
20150625183234 3.9785647 -12.917915 2.034473 0.61361414 -0.5332854 0.26206118 995.22 
20150625183234 3.0615854 -8.594585 1.0755951 1.4315627 -0.7974846 -0.081855945 995.22 
20150625183234 -2.8682537 -15.486894 2.345719 2.408947 -0.62949663 -0.9282097 995.22 
20150625183234 -4.789002 -18.30427 -2.8323407 3.25469 0.46181414 -1.7928895 995.22 
20150625183234 -9.812037 -19.608511 -4.44304 3.182608 0.03970624 -1.7999145 995.14 
20150625183234 -5.9621606 -18.714876 -2.6527755 1.956296 0.45662177 -1.2663237 995.14 
20150625183234 -6.273407 -15.494077 -1.9482816 1.5775595 2.2773056 -0.2648101 995.14 
20150625183234 -4.7518916 -13.039421 2.681506 2.0546453 0.9764681 0.25167647 995.14 
20150625183234 1.168969 -7.3627687 5.2929816 1.9220876 -2.071444 0.07696902 995.14 
20150625183234 -0.60693014 -6.9246297 -1.62686 2.379931 -2.355191 -0.43676865 995.14 
20150625183234 -0.76075757 -3.3854012 -6.135142 2.4480424 -2.0069978 -1.9428569 995.14 
20150625183234 -0.80445176 -1.4933833 -3.976769 2.0265455 0.86834496 -2.4083362 995.14 
20150625183234 -1.3826514 -0.29149407 -4.5980644 1.412015 1.7788396 -2.0097466 995.14 
20150625183234 -2.6324248 -0.91697925 -4.5082817 1.3494014 0.711658 -1.602605 995.28 
20150625183234 -3.6421793 -1.0019734 -1.2844892 1.4828753 1.1200215 -1.069625 995.28 
20150625183234 -3.3919852 -0.11432313 -0.20829555 0.8943067 2.0384574 -0.7593055 995.28 
20150625183234 -3.916914 -1.9309237 1.1402385 0.43401974 2.1316142 -0.4266894 995.28 
20150625183234 -1.7675194 -8.444349 3.3740287 -0.2171626 2.3692408 0.06811147 995.28 
20150625183234 -2.48578 -18.242022 6.945579 -1.5091426 2.2375994 0.49388456 995.28 
20150625183234 -0.7074866 -19.608511 18.788498 -2.7235427 1.758681 0.4813618 995.28 
20150625183234 -2.557606 -15.8065195 14.551359 -1.7611245 1.7165314 0.58368176 995.28 
20150625183234 -1.477821 -1.472434 3.7792473 1.1887437 0.027183503 0.22021692 995.28 
20150625183234 -3.7762547 -15.66586 -14.618397 2.2492058 -1.8719965 -0.72326446 995.17 
20150625183234 -6.3943143 -10.961254 -6.5206084 1.0054842 -0.47128254 -0.62858033 995.17 
20150625183234 -6.6989765 -6.202778 8.981848 0.22113322 0.0983493 0.34513888 995.17 
20150625183234 -0.22146365 -5.070919 -2.2631192 -0.06383542 -2.4678955 -0.16126843 995.17 
20150625183234 -1.2012907 -9.959879 -14.314932 0.4709771 0.19975294 0.046731193 995.17 
20150625183234 -3.8642416 -13.983933 -6.5846534 0.0070249503 1.7864754 0.9987647 995.17 
20150625183234 3.0998926 -12.842498 1.9800048 -3.145956 -1.0210613 0.90469146 995.17 
20150625183234 0.7368156 -11.250354 2.4953568 -2.9773571 -1.2638801 0.56107974 995.17 
20150625183234 -2.0727801 -9.5570545 -0.7715315 -2.5763242 -0.8906415 -0.004581489 995.17 
20150625183234 -1.3491327 -8.445546 -2.2798786 -2.5372288 -1.3607023 0.07422013 995.09 
20150625183234 -0.50757074 -3.2243912 -1.192911 -2.536618 -1.5864171 0.6218608 995.09 
20150625183234 -2.0991163 -6.3643866 -1.6585833 -1.4880677 -0.48899764 0.5503896 995.09 
20150625183234 -3.7062242 -7.5094137 -0.3286042 -0.91904676 0.0720821 0.54336464 995.09 
20150625183234 -2.9574378 -8.312668 -1.8525136 -1.8081611 0.46486846 0.5002986 995.09 
20150625183235 -1.2216414 -9.634866 0.076015905 -1.5906931 0.09132435 0.54367006 995.09 
20150625183235 0.58418524 -9.998186 2.3942018 -1.3820826 -0.4804455 0.87781334 995.09 
20150625183235 1.3066356 -11.672931 2.3523033 -1.2754866 -0.6392705 1.1349876 995.09 
20150625183235 2.9137435 -12.623428 2.859874 -1.320996 -0.75961095 1.1334605 995.09 
20150625183235 0.3417723 -12.361263 3.1028855 -1.1407908 -1.0809261 0.8677341 995.13 
20150625183235 1.3503298 -13.936049 0.12808979 -0.7834347 -0.88147855 0.65484756 995.13 
20150625183235 3.8953662 -12.306197 2.9765913 -0.07727446 -0.7779369 0.46761733 995.13 
20150625183235 3.3955765 -13.222577 3.2160115 0.19456059 -0.61391956 0.50579643 995.13 
20150625183235 3.657143 -11.598111 1.5472529 0.77457714 -0.51893 0.28496864 995.13 
20150625183235 -0.08020575 -9.370307 1.7645266 1.7623463 -0.6453791 -0.3707952 995.13 
20150625183235 -4.9506106 -14.824298 1.8195933 2.3081543 0.18478674 -1.1621711 995.13 
20150625183235 -6.0130377 -17.81346 -3.3363202 3.2400293 0.7788532 -1.668273 995.13 
20150625183235 -10.892421 -19.608511 -4.2359414 3.0973923 0.06658431 -1.565953 995.13 
20150625183235 -6.023213 -17.159243 -3.99293 1.9801197 0.8338311 -1.146594 994.99 
20150625183235 -6.351817 -15.490485 -2.4720132 1.7461584 2.3289237 0.09865474 994.99 
20150625183235 -2.4648306 -12.275671 3.1729157 2.1487186 0.30390546 0.15149458 994.99 
20150625183235 1.1785458 -8.9279785 4.9045224 1.8084666 -2.2815816 0.016187929 994.99 
20150625183235 0.0688333 -8.273164 -0.635062 2.1975877 -2.7601945 -0.6994407 994.99 
20150625183235 -0.6961141 -4.450821 -6.5110316 2.1190915 -2.3432791 -1.8613064 994.99 
20150625183235 -1.7304093 -1.7717092 -3.359065 1.6765196 0.39522982 -2.0522017 994.99 
20150625183235 -2.4678235 -0.80445176 -4.56694 1.323745 1.5112807 -1.6896533 994.99 
20150625183235 -2.597709 -0.7200562 -4.209007 1.2944235 0.6068946 -1.2696834 994.99 
20150625183235 -3.3249476 0.19033903 -2.160767 1.1404854 0.90041536 -1.0207558 995.18 
20150625183235 -3.8726213 1.5239093 -0.31244332 0.63346726 1.5189165 -0.75655663 995.18 
20150625183235 -4.0054994 -2.4534583 0.25498247 0.36743546 1.6242907 -0.076358154 995.18 
20150625183235 -2.2385786 -9.126099 2.2613235 -0.22021692 1.8374827 0.32986724 995.18 
20150625183235 -1.5849615 -19.461866 11.128848 -1.7318029 1.8356501 0.79381937 995.18 
20150625183235 3.1585505 -19.608511 19.608511 -2.9727757 1.7690657 0.7461719 995.18 
20150625183235 3.9558198 -5.418677 10.919954 -1.2315043 1.5042557 0.3820962 995.18 
20150625183235 -0.3878607 -3.3399115 -6.455965 2.9712486 -0.6270532 -0.6078109 995.18 
20150625183235 -6.4380083 -19.022532 -14.900913 2.4953845 -1.2971723 -1.3414601 995.18 
20150625183235 -11.502942 -10.466851 4.0863037 0.34025195 -0.8194757 -0.37995818 995.25 
20150625183235 -6.2865753 -8.78672 2.8886044 -0.26145032 -0.41630468 0.37048978 995.25 
20150625183235 -2.758719 -1.1486182 -10.011953 0.29932398 -1.6701056 -0.39675698 995.25 
20150625183235 -6.733692 -9.612122 -14.886548 1.4544702 2.3994787 0.5647449 995.25 
20150625183235 -4.859631 -15.558121 -4.042011 -1.3982705 -0.4538729 1.1774428 995.25 
20150625183235 4.9458222 -13.678673 5.1523223 -3.1322114 -0.32436943 1.0198395 995.25 
20150625183235 -0.019752163 -12.392986 -0.05746084 -3.3829718 -2.3958135 1.0815369 995.25 
20150625183235 -1.1558008 -10.477027 -3.0963013 -2.6881125 -1.5170839 0.05497787 995.25 
20150625183235 0.39025488 -3.5452142 -2.4187422 -2.6401596 -1.4172074 0.029932396 995.25 
20150625183235 -1.7908629 -4.572925 -1.553837 -2.0289888 -0.8219192 0.23487769 994.82 
20150625183235 -3.3357215 -7.2831616 0.5434838 -0.75991637 -0.0061086523 0.50701815 994.82 
20150625183235 -2.28347 -7.2646065 -3.0280666 -1.4935656 0.160963 0.6035349 994.82 
20150625183235 -1.6861166 -9.359533 -1.0384849 -1.6487253 -0.32986724 0.61758476 994.82 
20150625183235 -0.47225627 -10.0029745 1.7579426 -1.2956452 -0.32711834 0.88178396 994.82 
20150625183235 0.9876082 -11.08276 2.7048495 -1.2925909 -0.63132924 1.0864239 994.82 
20150625183235 3.638588 -13.35366 1.3150153 -1.3197744 -0.5555819 1.1178834 994.82 
20150625183235 1.661576 -11.576564 4.31495 -1.1927143 -1.0317514 0.9624182 994.82 
20150625183235 0.18375498 -14.558542 0.57400984 -0.9263771 -0.9092729 0.72692966 994.82 
20150625183236 2.4366987 -13.39077 1.4742297 -0.21624629 -0.88025683 0.5030475 995.15 
20150625183236 2.5851393 -12.181698 4.045004 0.06811147 -0.59315014 0.4279111 995.15 
20150625183236 2.0171149 -13.772645 2.9167361 0.31398472 -0.47616947 0.4352415 995.15 
20150625183236 2.9831753 -10.128671 1.1779473 1.1337659 -0.7165449 0.08307768 995.15 
20150625183236 0.4345476 -9.739014 1.567005 2.1114557 -0.82619524 -0.54702985 995.15 
20150625183236 -3.031658 -15.9256315 0.29987377 2.7391198 0.0870483 -1.4196508 995.15 
20150625183236 -6.6588736 -19.608511 -3.9695864 3.5277467 0.23151793 -1.7376062 995.15 
20150625183236 -9.194932 -19.608511 -3.9791632 2.7876835 -0.16462818 -1.8368717 995.15 
20150625183236 -5.5347958 -16.235083 -3.6816838 1.7941113 1.4535538 -0.9621128 995.15 
20150625183236 -4.8775873 -13.533824 -1.8405426 1.9364429 2.1856759 0.3136793 995.02 
20150625183236 1.09834 -8.822035 7.356185 2.166739 -1.010982 0.22082779 995.02 
20150625183236 0.5907693 -8.547898 2.8395233 1.9602666 -2.8930578 0.0061086523 995.02 
20150625183236 -0.5327099 -5.071518 -6.159084 2.489276 -2.7565293 -1.4416419 995.02 
20150625183236 -0.7613561 -1.5592239 -5.077503 2.0879374 -0.86162543 -2.4178047 995.02 
20150625183236 -1.3383588 0.39504328 -4.921282 1.3649784 1.9404135 -2.0323486 995.02 
20150625183236 -2.3355439 -1.0271125 -4.613028 1.2574661 0.9202685 -1.6694947 995.02 
20150625183236 -3.8594532 -1.033098 -2.582745 1.6279559 1.2089024 -1.2889256 995.02 
20150625183236 -3.9719806 -0.52253455 0.24181437 1.2113458 1.9043725 -0.97341377 995.02 
20150625183236 -4.2580876 -0.8026561 1.204882 0.51007247 2.288912 -0.5516113 995.08 
20150625183236 -4.2580876 -5.0822916 1.845331 -0.054367006 2.443461 0.043066 995.08 
20150625183236 -5.45878 -13.060968 7.3645644 -0.83016586 2.2962425 0.66614854 995.08 
20150625183236 -1.5394717 -19.608511 12.108076 -2.2693644 1.5137241 0.8268061 995.08 
20150625183236 1.673547 -19.608511 19.5726 -2.7721064 1.1560625 0.84513205 995.08 
20150625183236 2.4911668 -5.13257 7.735666 -0.36560285 1.2721269 0.53969944 995.08 
20150625183236 -4.895544 -17.692553 -7.6764092 2.7892108 -1.1349876 -0.6423248 995.08 
20150625183236 -0.7721301 -12.873623 -14.867992 1.8102992 -1.2168436 -1.1016954 995.08 
20150625183236 -7.3645644 -0.7565677 2.4127567 0.21746802 -0.1908954 0.44165558 995.08 
20150625183236 -8.319252 -0.45968673 8.118738 0.75900006 -1.110553 -0.3643811 995.24 
20150625183236 1.9237411 -6.915053 -19.019539 -0.13469578 -2.1948388 -0.895223 995.24 
20150625183236 -5.8119245 -17.031155 -12.087726 0.625526 2.7058277 1.006095 995.24 
20150625183236 -0.7404069 -17.650055 3.7391446 -3.4162638 0.10323623 1.2449434 995.24 
20150625183236 2.995745 -10.807426 3.9683893 -3.7910297 -1.6502525 0.91965765 995.24 
20150625183236 -3.311181 -8.683769 -1.910573 -2.640465 -2.4904976 0.408058 995.24 
20150625183236 -1.8423382 -6.9796963 -4.9063177 -1.8527542 -0.49205196 -0.20219639 995.24 
20150625183236 -0.51355624 -2.107496 -1.2677298 -2.3726006 -1.0650436 0.4364632 995.24 
20150625183236 -1.7579426 -6.827665 -1.3748703 -1.8270979 0.16462818 0.5390886 995.24 
20150625183236 -3.6619315 -6.862979 -0.12090719 -0.68875057 0.44104472 0.5354234 995.33 
20150625183236 -3.2369606 -8.902839 -1.9476831 -1.7437148 0.5699373 0.29779682 995.33 
20150625183236 -1.1408371 -11.11987 0.635062 -1.4920384 -0.048563786 0.49754974 995.33 
20150625183236 1.0163386 -10.468048 2.7114334 -1.276403 -0.6374379 0.89675015 995.33 
20150625183236 3.9312792 -11.477204 1.8579005 -1.2794572 -0.7266242 1.3005321 995.33 
20150625183236 4.6710877 -12.637196 3.503914 -1.2742649 -0.7828238 1.3683381 995.33 
20150625183236 0.62728083 -13.072341 3.0663738 -1.149343 -1.1511755 0.9239337 995.33 
20150625183236 -0.74399817 -14.024635 -0.044292733 -0.56107974 -0.6658431 0.52870387 995.33 
20150625183236 1.6035166 -13.299191 3.675698 0.0021380284 -0.6267477 0.20280726 995.33 
20150625183236 2.0733786 -13.528437 4.1545386 0.17928895 -0.19547687 0.38423425 995.17 
20150625183236 4.0318356 -10.778696 1.2395979 0.77304995 -0.4636467 0.3436117 995.17 
20150625183236 1.4688427 -8.923788 1.2384008 1.9049833 -1.063211 -0.24617869 995.17 
20150625183236 -3.6888664 -15.635334 0.8726865 2.8347201 -0.2669481 -1.3616186 995.17 
20150625183236 -6.4248405 -19.594746 -3.3500867 3.608381 0.36041048 -1.9486601 995.17 
20150625183236 -10.639234 -19.608511 -3.0454245 3.0976977 -0.44409904 -1.9220876 995.17 
20150625183237 -5.1080294 -16.754025 -3.2980127 2.0182989 0.68019843 -1.1304061 995.17 
20150625183237 -4.348469 -13.685257 -2.2421699 2.0378466 2.2922719 0.43463063 995.17 
20150625183237 0.6835446 -10.296863 4.6884456 2.3591616 -0.14202617 0.2751948 995.17 
20150625183237 0.61291564 -9.81922 3.9091327 1.958434 -2.4492643 -0.24862215 994.97 
20150625183237 -1.95307 -7.023989 -5.2103815 2.2247713 -2.4110851 -1.3475688 994.97 
20150625183237 -1.757344 -2.3391352 -4.2413282 1.999362 -1.7330247 -2.388483 994.97 
20150625183237 -1.7513585 0.26396075 -4.313753 1.5506815 1.2318097 -2.060143 994.97 
20150625183237 -2.3187842 -0.013766659 -4.359243 1.4633276 1.1835514 -1.668273 994.97 
20150625183237 -3.3147724 -0.33877954 -2.7569232 1.6985108 1.0125091 -1.3011429 994.97 
20150625183237 -3.151368 0.36750996 -0.5410896 1.276403 1.7434094 -1.0366384 994.97 
20150625183237 -3.2680852 1.2844892 0.50278234 0.64904433 2.1190915 -0.6356053 994.97 
20150625183237 -4.471172 -3.4171243 1.520318 0.10476339 2.2602015 -0.086437434 994.97 
20150625183237 -3.8845923 -11.051635 5.985504 -0.86193085 2.182316 0.5183192 995.28 
20150625183237 -3.3680432 -19.608511 7.9152308 -2.2091942 1.4416419 0.88789266 995.28 
20150625183237 2.2936451 -19.608511 19.608511 -2.8301387 1.0815369 0.84665924 995.28 
20150625183237 1.9009962 -8.063073 11.030087 -1.5928311 1.6792686 0.88208944 995.28 
20150625183237 -5.9878983 -17.826628 -6.4631476 2.468812 -0.3268129 -0.2751948 995.28 
20150625183237 -0.6123171 -13.921684 -14.678252 1.3716979 -2.0818288 -1.1673635 995.28 
20150625183237 -5.270835 1.4568717 0.6099229 0.62888575 -0.90194255 0.31123585 995.28 
20150625183237 -9.130887 1.4030021 12.822147 1.4022411 -2.058005 -0.5183192 995.28 
20150625183237 2.689287 -9.080608 -19.275719 -0.28099802 -2.3875668 -1.3054191 995.28 
20150625183237 -7.08983 -19.276316 -10.69011 0.98471475 2.7293458 0.6258314 995.11 
20150625183237 0.54527944 -17.376518 7.663241 -4.0225477 0.46609017 1.5375478 995.11 
20150625183237 2.3953989 -11.21085 2.0326772 -3.2901201 -2.2650883 1.2861768 995.11 
20150625183237 -3.691859 -9.226655 -2.047641 -2.0332649 -1.8839084 0.49113566 995.11 
20150625183237 -2.1906946 -8.698134 -4.6495395 -2.0100522 -0.1994475 -0.23945917 995.11 
20150625183237 -0.623091 -3.1256304 -1.6699557 -2.726597 -0.8921687 0.35185838 995.11 
20150625183237 -1.0660183 -6.4260373 -1.2737153 -2.0350976 -0.22571471 0.35246924 995.11 
20150625183237 -3.799598 -6.892308 -1.5041572 -0.8304713 0.12889257 0.5326745 995.11 
20150625183237 -3.448249 -7.342418 -1.9237411 -1.5519031 0.13652839 0.54275376 995.11 
20150625183237 -2.7102363 -10.175956 -1.4275428 -1.9083431 -0.19822577 0.7348709 994.94 
20150625183237 1.3988123 -9.424775 2.40318 -1.3836098 -0.31642818 1.054048 994.94 
20150625183237 4.405331 -11.32218 2.6779146 -1.5674802 -0.5222898 1.382999 994.94 
20150625183237 3.3482912 -11.702858 3.2561142 -1.3939945 -1.0888673 1.2702943 994.94 
20150625183237 -0.587178 -13.005303 1.9662381 -1.1954633 -0.9502009 0.9486737 994.94 
20150625183237 0.08738836 -13.563152 0.47285482 -0.6310238 -0.7339546 0.48441613 994.94 
20150625183237 1.2599486 -11.825561 3.514688 -0.1151481 -0.5897904 0.30726522 994.94 
20150625183237 2.058415 -13.183672 2.5929205 0.24953845 -0.6429357 0.30787608 994.94 
20150625183237 4.5076833 -11.366472 2.071583 1.135293 -1.0485502 0.04428773 994.94 
20150625183237 -1.049259 -13.060968 3.1932666 1.9651535 -1.1859949 -0.33414328 995.1 
20150625183237 -3.8229415 -15.802928 0.86729956 2.9770517 -0.46822822 -1.4770721 995.1 
20150625183237 -4.7758336 -18.456303 -4.3358994 3.5784485 0.16676621 -1.6859881 995.1 
20150625183237 -7.6829934 -19.608511 -4.474763 2.765998 -0.5381723 -1.5396858 995.1 
20150625183237 -5.6946087 -18.14386 -3.6182373 1.6899587 1.4608842 -1.1181889 995.1 
20150625183237 -4.6537294 -15.539566 0.7080852 1.9049833 2.0286834 -0.37904188 995.1 
20150625183237 0.10115502 -11.317391 6.897695 2.117259 -0.8371908 0.0852157 995.1 
20150625183237 0.23523031 -8.896255 0.45250413 2.085494 -3.4119878 0.021991149 995.1 
20150625183237 -1.7345991 -4.8745947 -4.585495 2.4022276 -2.5702155 -1.6077974 995.1 
20150625183237 -0.8996213 -1.2300211 -4.691438 1.6371188 0.076358154 -2.4758368 995.1 
20150625183238 -0.6931214 -0.012569559 -4.747702 1.3399329 1.3918564 -2.1108449 995.1 
20150625183238 -2.3828292 -0.7260417 -4.267066 1.7919732 1.0742066 -1.4059063 995.1 
20150625183238 -3.578733 -0.8146271 -3.2010477 1.6588045 1.6349808 -0.9505063 995.1 
20150625183238 -4.26946 -0.25438392 0.05327099 1.0754282 1.8048013 -0.6386596 995.1 
20150625183238 -4.1258082 0.38965634 1.2443863 0.59956425 2.2091942 -0.17989981 995.1 
20150625183238 -2.6898856 -5.2421045 3.9815574 0.15241088 2.0549507 0.16279559 995.1 
20150625183238 -1.4556746 -13.524845 7.571663 -1.0855075 2.0522017 0.46120325 995.1 
20150625183238 0.78410107 -19.608511 10.555437 -2.4694228 1.8072448 0.5207626 995.1 
20150625183238 1.1641805 -19.17157 16.95035 -2.284636 1.9150625 0.48349985 995.23 
20150625183238 -1.1240777 -0.9576807 12.876616 1.2089024 1.636508 0.07147124 995.23 
20150625183238 -6.685808 -14.474745 -16.261417 2.4288 -1.9205604 -0.7733554 995.23 
20150625183238 -7.7254906 -12.670115 -8.225879 1.0943651 -2.116648 -0.6609562 995.23 
20150625183238 -6.475717 -7.5291657 5.768829 0.13713925 0.057726767 0.8536842 995.23 
20150625183238 5.070919 -5.0026846 -5.605425 -0.0030543262 -2.1542163 0.269697 995.23 
20150625183238 -1.7118542 -9.522937 -11.808203 0.3472769 0.29749137 0.3203988 995.23 
20150625183238 -6.7318964 -14.6441345 -7.0221934 -0.7272351 0.5338962 0.58123827 995.23 
20150625183238 -3.1830912 -14.896125 -0.57999533 -3.3551774 -1.6588045 1.4825699 995.23 
20150625183238 3.0478187 -11.945869 2.8072014 -2.7293458 -0.91904676 1.7067575 995.13 
20150625183238 -1.697489 -9.308058 -1.2401965 -2.239432 -0.6053675 0.8915578 995.13 
20150625183238 -2.3002293 -5.310938 -1.8261774 -1.7455474 0.05009095 -0.6035349 995.13 
20150625183238 -1.927931 -0.7739257 -3.028665 -2.3313673 -0.84482664 -0.5739079 995.13 
20150625183238 -2.5450363 -6.5152216 -0.6596026 -2.072971 -0.75991637 -0.04886922 995.13 
20150625183238 -1.8764555 -8.2354555 -0.5859809 -1.1432343 -0.21166481 0.47616947 995.13 
20150625183238 -1.6250644 -8.99322 -0.09636662 -1.7852536 -0.34208453 0.5839872 995.13 
20150625183238 -0.42676646 -10.447698 3.4781766 -1.4929546 -0.35796702 0.77549344 995.13 
20150625183238 1.2683283 -11.863868 3.4853592 -1.3845261 -0.39278635 0.9502009 995.13 
20150625183238 3.681085 -13.482946 1.352724 -1.2819008 -0.5635232 1.010982 995.22 
20150625183238 1.1210849 -11.779472 5.04578 -1.0574077 -1.2629639 0.82253003 995.22 
20150625183238 -1.8291701 -14.015656 1.0259154 -0.7800749 -0.66431594 0.66248333 995.22 
20150625183238 1.435324 -13.059174 1.3623008 -0.048563786 -0.70829827 0.45173484 995.22 
20150625183238 3.091513 -12.319963 4.525041 0.23640485 -0.43768495 0.48288897 995.22 
20150625183238 4.098873 -12.977172 2.1092918 0.66523224 -0.46578476 0.43860126 995.22 
20150625183238 3.714604 -8.401254 0.91338795 1.6872098 -0.93645644 -0.106595986 995.22 
20150625183238 -0.9020155 -13.162723 1.0696096 2.545781 -0.6444628 -1.1410962 995.22 
20150625183238 -4.122815 -18.401236 -4.148553 3.5326338 0.5039638 -2.0173824 995.22 
20150625183238 -9.602545 -19.608511 -2.4169466 3.268129 -0.18692477 -2.0427334 995.08 
20150625183238 -6.55293 -19.062634 -5.033809 1.9898936 0.45998153 -1.5180001 995.08 
20150625183238 -6.0321913 -14.415488 -1.8441339 1.6368134 2.3765712 -0.029932396 995.08 
20150625183238 2.597709 -10.118495 6.8599863 2.2434027 0.71868294 0.34147367 995.08 
20150625183238 0.65062433 -10.342952 2.2631192 1.7989981 -2.6306913 0.26083946 995.08 
20150625183238 -0.7218518 -6.0716953 -5.48751 2.1991148 -2.8087585 -0.6808093 995.08 
20150625183238 -0.8900445 -1.4508862 -4.633379 2.479502 -1.8683313 -2.404671 995.08 
20150625183238 -1.1821371 0.5602432 -4.629189 1.8643607 1.303281 -2.097406 995.08 
20150625183238 -2.1170728 0.664391 -3.9396589 1.5326608 1.4144585 -1.6013832 995.08 
20150625183238 -3.940856 0.16639702 -2.1458032 1.2559389 0.95081174 -1.361924 995.37 
20150625183238 -4.2862196 1.7046716 -0.30226797 0.95539325 1.2373075 -1.1236867 995.37 
20150625183238 -4.68665 -2.1906946 1.323395 0.54305923 1.8716911 -0.4642576 995.37 
20150625183238 -3.0705638 -9.098565 3.5673606 -0.034208454 2.0442605 0.24312437 995.37 
20150625183238 -2.7503393 -18.984823 7.1395097 -1.2699889 2.0005836 0.7593055 995.37 
20150625183238 -0.8834604 -19.608511 18.299482 -2.723848 1.9251418 0.8402451 995.37 
20150625183238 2.3630772 -12.771869 11.734581 -2.6682594 2.5470026 0.85062987 995.37 
20150625183239 -3.0220811 -5.0116625 -0.45370123 0.36041048 1.9480493 0.41783184 995.37 
20150625183239 -3.3022027 -18.243816 -17.752407 2.5109615 -2.7366762 -0.77946407 995.37 
20150625183239 -7.4190326 -7.0964136 -2.3786395 0.96944314 -1.248914 -1.0537425 995.13 
20150625183239 -4.6501384 -5.856816 14.60882 0.19883664 0.062002823 0.4718934 995.13 
20150625183239 1.8788497 -2.2301989 -8.813655 0.52442783 -2.303573 -0.29749137 995.13 
20150625183239 -5.3462524 -12.079346 -15.717336 0.9309586 -1.5134187 -0.3381139 995.13 
20150625183239 -6.9928646 -17.155054 -5.194819 0.15607607 2.8887818 0.91690874 995.13 
20150625183239 2.7886465 -12.507908 5.710171 -3.3460143 -0.3594942 1.1450669 995.13 
20150625183239 -0.8870517 -11.775881 1.0570401 -2.761111 -0.8399397 0.8530733 995.13 
20150625183239 -2.4331074 -9.620501 -4.1718965 -2.31915 -1.2889256 0.29535335 995.13 
20150625183239 -0.9427169 -3.5434184 -2.1984756 -1.7556267 -0.44990227 -0.5888741 995.13 
20150625183239 -1.1468226 -5.163096 -2.2936451 -2.307849 -0.6203337 -0.14569137 994.77 
20150625183239 -2.1410148 -7.577648 0.33758244 -1.4263704 -0.19120082 0.25350907 994.77 
20150625183239 -2.2810757 -7.01142 -0.54408234 -0.82772243 -0.051618114 0.52839845 994.77 
20150625183239 -1.5699978 -8.996812 -0.26755205 -1.6566665 -0.10170906 0.4437936 994.77 
20150625183239 0.9840169 -10.788273 2.5863364 -1.5234979 -0.11178834 0.6020077 994.77 
20150625183239 1.5107412 -9.519944 3.7253778 -1.2030991 -0.57696223 0.88453287 994.77 
20150625183239 3.1130607 -11.526285 1.6214731 -1.2140946 -0.6249151 1.1392636 994.77 
20150625183239 2.4061728 -11.150395 3.0556 -1.0797043 -0.68386364 1.0430524 994.77 
20150625183239 -0.54049104 -12.530653 1.9554642 -0.89461213 -0.8304713 0.7651087 994.77 
20150625183239 0.59376204 -12.02428 0.9588778 -0.5103779 -0.5726862 0.44868052 995.15 
20150625183239 2.617461 -12.850279 4.1623197 0.17837265 -0.6453791 0.17562376 995.15 
20150625183239 4.326921 -13.288418 3.74513 0.6038403 -0.41874814 0.21746802 995.15 
20150625183239 1.5628152 -9.302073 1.5873557 1.2721269 -0.6084218 -0.093462385 995.15 
20150625183239 -4.26527 -12.19307 2.475006 2.0540345 -0.8481864 -0.6563747 995.15 
20150625183239 -3.9683893 -15.421053 -4.0839095 3.0317242 -0.0070249503 -1.4752395 995.15 
20150625183239 -9.743802 -19.608511 -7.5668745 3.7950003 0.112399206 -1.4150693 995.15 
20150625183239 -8.234259 -19.608511 -0.587178 2.5619688 -0.67073005 -1.4077389 995.15 
20150625183239 -6.5846534 -15.203181 1.4957775 1.1246029 1.6624697 -0.79045963 995.15 
20150625183239 -0.24121583 -9.536704 7.7428484 1.509448 1.0070114 0.11881329 995.08 
20150625183239 2.4001873 -7.8793178 1.8022354 2.1743748 -2.5616634 0.21227567 995.08 
20150625183239 0.075417355 -7.08564 -2.9251158 1.9401081 -4.2045856 -0.48716503 995.08 
20150625183239 -1.2617443 -5.286996 -5.421071 1.2687671 -1.8127426 -1.8191566 995.08 
20150625183239 -1.690905 -2.8592753 -3.6182373 1.1591167 1.2000448 -2.19209 995.08 
20150625183239 -2.7114334 -2.088941 -2.746748 1.1328496 1.5018122 -1.7849482 995.08 
20150625183239 -2.3451207 -2.4253263 -2.373851 1.1117748 0.82344633 -1.0763446 995.08 
20150625183239 -3.2519245 -1.2054806 -1.0498575 1.14018 0.65301496 -0.91782504 995.08 
20150625183239 -3.8432922 0.017956512 1.5334862 0.6582073 1.3054191 -0.7473936 995.08 
20150625183239 -4.9703627 -2.4552538 0.7254431 0.17867808 1.702176 -0.2929099 995.14 
20150625183239 -3.5847185 -8.016386 1.4700398 -0.28405234 1.2394456 0.07391469 995.14 
20150625183239 -1.5269021 -14.550162 6.583456 -1.2409728 1.2073752 0.8026769 995.14 
20150625183239 3.0137014 -19.608511 11.575367 -2.384207 1.0968086 1.2370021 995.14 
20150625183239 1.460463 -19.530102 17.961302 -2.5970936 0.829555 0.9388999 995.14 
20150625183239 0.21906945 -4.969166 5.779603 -0.2406809 1.4288138 0.18845193 995.14 
20150625183239 -5.29358 -16.033968 -6.003461 2.4278839 0.27947086 -0.52015173 995.14 
20150625183239 -6.407482 -13.831902 -10.58297 1.6533068 -1.0134255 -0.84604836 995.14 
20150625183239 -7.2909427 -9.311649 16.197971 0.2782491 -1.393689 -0.01863139 995.14 
