20150625183905 -3.9234982 -14.413692 5.995081 -0.88361657 2.005165 0.52534413 995.27 
20150625183905 -1.1767502 -19.608511 13.866618 -2.1200078 1.9908098 0.6200282 995.27 
20150625183905 2.629432 -19.472042 16.662447 -1.9932534 2.1380284 0.6771441 995.27 
20150625183905 -1.3389573 -5.2899885 9.099164 -0.2134974 1.4492778 0.5183192 995.27 
20150625183905 -8.364143 -15.597626 -0.38965634 2.4153612 -0.77824235 -0.8014552 995.27 
20150625183905 0.41000703 -11.824364 -16.325462 1.5509869 -1.430341 -0.95081174 995.27 
20150625183905 -5.3438582 -1.311424 2.343325 0.7162395 -0.11301007 0.5839872 995.27 
20150625183905 -5.6604915 -1.359308 1.5628152 1.2351695 0.2321288 -0.02107485 995.27 
20150625183905 0.58538234 -8.591593 -14.204799 0.12980886 -2.3386977 -0.77488256 995.27 
20150625183905 -7.249643 -17.560272 -10.667366 0.29168814 0.40011674 0.3042109 995.2 
20150625183905 -1.0588357 -17.067066 5.85502 -2.5277603 0.5552765 1.0012082 995.2 
20150625183905 1.4634558 -10.26933 -0.48841715 -3.097087 -1.958434 1.4532484 995.2 
20150625183905 -2.2092497 -6.622362 -2.1703439 -2.0027218 -2.2565362 1.0848967 995.2 
20150625183905 -2.48159 -8.419808 -3.8085763 -1.9559906 0.073303826 0.4147775 995.2 
20150625183905 0.06404489 -8.096592 0.12389994 -2.6068676 -0.7812967 0.59681535 995.2 
20150625183905 0.4758476 -6.1387334 0.688333 -2.6273315 -1.0259482 0.5152648 995.2 
20150625183905 -1.9057846 -6.0357823 -3.0310593 -1.3961325 -0.7663304 0.2510656 995.2 
20150625183905 -2.3062148 -7.414244 -0.48602295 -0.9447031 0.06169739 0.53786683 995.2 
20150625183905 -0.7469909 -8.740632 -1.9764135 -1.5775595 0.17256944 0.52870387 995.09 
20150625183905 0.17537527 -10.967838 2.0410569 -1.3078625 -0.5161811 0.67011917 995.09 
20150625183905 0.46148238 -10.170568 4.2042184 -1.269378 -0.70249504 0.9462303 995.09 
20150625183905 2.7665 -11.613674 0.7260417 -1.425454 -0.7510588 1.1997393 995.09 
20150625183905 2.4223335 -11.310209 3.289633 -1.4486669 -0.7861836 1.1304061 995.09 
20150625183905 -1.7328035 -14.412496 0.4237737 -1.0833695 -0.593761 0.8762862 995.09 
20150625183905 0.23343466 -14.702792 1.7411832 -0.6072 -0.35094208 0.4569272 995.09 
20150625183905 2.689287 -13.104663 3.2986114 -0.21227567 -0.70829827 0.29016098 995.09 
20150625183905 2.5809495 -12.928689 3.406949 0.11911872 -0.6765333 0.4896085 995.09 
20150625183905 3.7116113 -10.59973 1.3922282 0.5580254 -0.9053023 0.3182608 995.25 
20150625183905 2.5791538 -8.447342 2.1697452 1.5296066 -1.0103711 -0.014660766 995.25 
20150625183905 -1.1145009 -14.577696 0.30166942 2.330451 -0.72387534 -0.87689704 995.25 
20150625183905 -4.56275 -18.741812 -3.9097314 3.26874 0.03145956 -1.6145169 995.25 
20150625183905 -10.611102 -19.608511 -4.6926355 2.9465084 -0.22266038 -1.9517145 995.25 
20150625183905 -7.0491285 -19.050064 -0.9008184 2.1450534 0.97402465 -1.6355917 995.25 
20150625183905 -7.6285253 -15.39771 -1.9626468 1.3545936 2.1233675 -0.5119051 995.25 
20150625183906 -4.0575733 -11.047445 0.75477207 2.3240368 1.0555751 0.20158553 995.25 
20150625183906 2.2170308 -7.425018 3.1112652 2.204002 -1.7599027 0.15149458 995.25 
20150625183906 -0.18914193 -7.7159133 -1.99437 2.310598 -1.7336355 -0.38820487 995.1 
20150625183906 -0.760159 -3.3674448 -3.4554317 2.5579982 -1.0778717 -2.3295345 995.1 
20150625183906 -0.825401 0.02873042 -4.120421 2.0622811 0.32620203 -2.7553077 995.1 
20150625183906 -2.0757728 0.4890157 -4.3119574 1.5198327 1.1957687 -2.0555615 995.1 
20150625183906 -2.5983074 -0.51834464 -3.888782 1.5219707 0.7501425 -1.4165965 995.1 
20150625183906 -3.2237926 -0.19512744 -1.1725603 1.2635747 1.1505647 -1.058324 995.1 
20150625183906 -3.196858 0.30825347 0.13587095 0.8536842 1.7989981 -0.7480045 995.1 
20150625183906 -4.1683054 -3.0532057 1.7411832 0.34055737 2.1108449 -0.32436943 995.1 
20150625183906 -3.0304608 -10.061633 4.0503907 -0.2666427 2.2064452 0.23915374 995.1 
20150625183906 -1.9554642 -19.520525 8.180987 -1.5748106 2.2363777 0.6658431 995.29 
20150625183906 -1.6921021 -19.608511 19.608511 -2.5677722 2.187203 0.6188065 995.29 
20150625183906 0.15143326 -8.432977 9.633071 -1.7895297 2.1755965 0.3323107 995.29 
20150625183906 -0.31004912 1.9237411 -0.53929394 1.9434677 -0.44043383 -0.17287487 995.29 
20150625183906 -3.7373488 -16.951546 -7.3747396 2.5885415 -1.5656476 -0.89369583 995.29 
20150625183906 -3.5553896 -14.29099 -9.434352 0.46883908 0.12095132 -0.48380527 995.29 
20150625183906 -5.5605335 -8.136695 12.722189 -0.1563815 0.13622294 0.82711154 995.29 
20150625183906 -4.754286 -2.8856115 -3.13401 0.17898351 -1.2483032 -0.29840767 995.29 
20150625183906 -2.9418752 -4.2664676 -16.506226 0.58093286 -1.7006488 -0.6747007 995.29 
20150625183906 -7.270592 -14.751275 -11.412561 0.82711154 1.7828102 0.49174652 995.04 
20150625183906 -2.870648 -16.766594 2.1033063 -3.3014212 -0.07422013 1.0152581 995.04 
20150625183906 3.5410242 -12.864046 1.4688427 -3.6276233 -1.3897184 1.0100657 995.04 
20150625183906 -1.2773066 -11.572972 -0.40342298 -3.1468723 -2.3081543 0.8185594 995.04 
20150625183906 -1.5119383 -8.838196 -5.053561 -2.1108449 -0.74372846 -0.3210097 995.04 
20150625183906 -0.05267244 -2.1068976 -1.1558008 -2.2687535 -1.3197744 -0.20769419 995.04 
20150625183906 -2.7275944 -5.019444 -0.8870517 -1.9300288 -0.4352415 0.45845437 995.04 
20150625183906 -2.9472623 -7.631518 -1.146224 -1.0616838 -0.06811147 0.7641924 995.04 
20150625183906 -1.448492 -8.301296 -2.545635 -1.3093897 -0.26389378 0.5684101 995.04 
20150625183906 -0.99658644 -10.344747 0.60453594 -1.8891008 -0.2919936 0.61391956 995.09 
20150625183906 -0.3585317 -10.6398325 3.1962593 -1.3729197 -0.44929138 0.8765916 995.09 
20150625183906 0.79128367 -11.757924 1.0181342 -1.4511104 -0.94134337 1.1600331 995.09 
20150625183906 3.913921 -12.583924 3.7205894 -1.366811 -0.8426886 1.205848 995.09 
20150625183906 -0.16280572 -12.814366 3.7960067 -1.2052372 -0.98929626 1.1239921 995.09 
20150625183906 0.6793547 -13.942035 0.25318682 -0.895223 -0.8210029 0.8378017 995.09 
20150625183906 2.9819782 -12.625823 2.9777884 -0.11728613 -0.9795224 0.548557 995.09 
20150625183906 5.097854 -13.515268 1.857302 0.19058995 -0.7498371 0.51251596 995.09 
20150625183906 5.4641666 -9.928156 1.5239093 0.8762862 -0.784351 0.28496864 995.09 
20150625183906 0.47465047 -11.941081 2.9466639 1.6572775 -0.6963864 -0.21868975 995.25 
20150625183906 -3.3913867 -16.300922 1.7609353 2.384207 -0.11575896 -1.3185526 995.25 
20150625183906 -5.0643353 -17.996017 -3.8893807 3.207959 0.2996294 -1.88849 995.25 
20150625183906 -9.873688 -19.608511 -3.7062242 2.9092457 -0.06688975 -1.9706513 995.25 
20150625183906 -6.603807 -17.150265 -2.6659436 1.8069394 1.0384709 -1.5015068 995.25 
20150625183906 -8.185177 -15.457564 -2.8646624 1.3277156 2.2192733 -0.43890667 995.25 
20150625183906 -1.9578584 -9.862914 5.109226 2.359467 1.2266175 0.12461651 995.25 
20150625183906 1.5173253 -8.465898 3.4087446 2.1642957 -2.1832323 0.42058071 995.25 
20150625183906 -0.931943 -7.4465656 -3.891775 2.6624563 -2.597399 -0.44257188 995.25 
20150625183906 0.008978256 -2.6270378 -3.098097 2.5867088 -1.2544118 -2.239432 995.12 
20150625183906 -0.8499416 0.13826515 -3.5942953 2.0158553 1.2953397 -2.2974641 995.12 
20150625183906 -1.7968484 0.0011971008 -5.032612 1.3784174 1.2479976 -1.8041905 995.12 
20150625183907 -3.0304608 -0.12808979 -3.58412 1.2959507 0.56016344 -1.3017539 995.12 
20150625183907 -3.4219127 -0.23283611 -1.1833342 1.258077 1.1884383 -0.94042706 995.12 
20150625183907 -4.3317094 -0.044292733 0.3309984 0.57635134 1.6270396 -0.68661255 995.12 
20150625183907 -4.4903255 -3.9552212 3.132813 0.21410827 1.6957619 -0.32986724 995.12 
20150625183907 -2.486977 -12.4869585 6.3284736 -0.52198434 1.8597792 0.17104226 995.12 
20150625183907 1.6017209 -19.608511 11.346721 -2.104736 2.042428 0.5702427 995.12 
20150625183907 1.4688427 -19.608511 19.45648 -2.8026497 2.5170703 0.36560285 995.24 
20150625183907 -0.1328782 0.7212533 10.49199 0.06505715 2.3985624 0.028099801 995.24 
20150625183907 -10.795456 -7.533954 -10.832565 2.8316658 -1.745242 -0.5412266 995.24 
20150625183907 -7.5788455 -16.770185 -11.058818 1.9000963 -1.5418239 -0.88025683 995.24 
20150625183907 -6.7306995 -11.67712 13.526641 -0.2837469 -0.41447207 0.68111473 995.24 
20150625183907 6.178836 -8.216302 -1.3880384 0.16493362 -1.0567969 0.816116 995.24 
20150625183907 -2.7515364 -3.1477766 -9.475652 0.6087272 -1.7889189 -0.20677789 995.24 
20150625183907 -7.2963295 -9.8916445 -12.076952 1.0302242 2.20278 -0.25534168 995.24 
20150625183907 -4.780622 -14.9386215 -0.7445967 -2.085494 -0.64812803 0.57879484 995.24 
20150625183907 4.183269 -13.191453 1.5065514 -3.295618 -0.38087448 0.79901177 994.84 
20150625183907 -0.581791 -12.352883 -1.067814 -3.069598 -1.4639386 0.9810496 994.84 
20150625183907 -1.9309237 -6.56131 -4.2969937 -2.6267207 -0.54702985 -0.2742785 994.84 
20150625183907 -1.5514427 -1.0869676 -3.4195185 -2.5909848 -0.9550878 -0.5546656 994.84 
20150625183907 -4.833295 -6.7360864 0.8900445 -1.9410243 -0.70646566 0.095294975 994.84 
20150625183907 -4.483143 -7.392098 -2.0925324 -0.8213083 0.16218472 0.5213735 994.84 
20150625183907 -2.6150668 -8.547898 -2.9747956 -1.7281377 -0.06811147 0.5717699 994.84 
20150625183907 -1.3257892 -10.041881 0.88405895 -1.7397442 -0.4364632 0.68203104 994.84 
20150625183907 0.29029694 -9.822811 3.2321723 -1.4135422 -0.9285152 0.97585726 994.84 
20150625183907 3.2303767 -12.527061 1.0366893 -1.5118915 -1.1447614 1.2272283 995.39 
20150625183907 6.766014 -12.783241 4.080917 -1.3536774 -1.4016303 1.2632693 995.39 
20150625183907 1.4065934 -13.387777 3.7481227 -1.1863003 -1.566564 0.9773844 995.39 
20150625183907 0.29568392 -13.891757 1.567005 -0.5589417 -1.0290025 0.6789767 995.39 
20150625183907 1.5149311 -12.310986 3.5170822 -0.0015271631 -1.1114693 0.4615087 995.39 
20150625183907 2.8455088 -12.306795 2.6497827 0.312763 -0.6637051 0.34422258 995.39 
20150625183907 4.869208 -9.537901 1.2006922 0.9975429 -0.50793445 0.25045475 995.39 
20150625183907 1.4371196 -11.23958 3.1381998 1.9740111 -0.7828238 -0.25167647 995.39 
20150625183907 -2.6952724 -16.016012 0.2837129 2.7809641 -0.073303826 -1.3090842 995.39 
20150625183907 -5.2157683 -19.569008 -4.892551 3.4724634 0.31306845 -1.7486018 995.12 
20150625183907 -7.065888 -19.608511 -3.5619736 2.8166997 -0.3491095 -1.7763962 995.12 
20150625183907 -5.497087 -16.572065 -3.0388405 1.4996742 1.1685852 -1.2629639 995.12 
20150625183907 -6.8929067 -14.929045 -1.8297687 1.4474452 2.5222626 -0.106595986 995.12 
20150625183907 -0.79367787 -10.034698 6.3763576 2.2559254 -0.3023783 0.03268129 995.12 
20150625183907 1.5999253 -8.103176 3.940856 2.1584923 -2.758362 0.35521814 995.12 
20150625183907 -1.3467385 -6.8647747 -5.5168395 2.869845 -2.381458 -0.49480084 995.12 
20150625183907 -0.8882488 -2.2451627 -3.7259765 2.5017986 -1.260215 -2.1383338 995.12 
20150625183907 -1.0552444 -0.19752164 -4.0821137 1.5158621 1.8115209 -2.173764 995.12 
20150625183907 -1.8656816 -0.83258367 -4.857237 1.0403035 1.2562444 -1.6316211 995.21 
20150625183907 -3.5410242 -0.60333884 -3.4925418 1.1429288 0.6047566 -1.2809844 995.21 
20150625183907 -4.431069 0.5021838 0.008978256 1.1597277 1.1090258 -0.9166033 995.21 
20150625183907 -4.8883615 -0.19812019 1.1216835 0.6563747 1.5870279 -0.539394 995.21 
20150625183907 -3.858256 -4.824915 2.8892028 0.11759156 1.6255124 0.040011674 995.21 
20150625183907 -2.9831753 -12.4707985 6.2285156 -1.0195341 1.7238617 0.70524395 995.21 
20150625183907 0.19153613 -19.608511 14.657303 -2.2162192 1.820073 0.9309586 995.21 
20150625183907 0.88046765 -19.605518 18.885464 -2.747061 1.892766 0.7519751 995.21 
20150625183908 6.3500214 1.0690111 6.9844847 -0.1777618 1.6951511 0.3943135 995.21 
20150625183908 -2.4223335 -11.991359 -15.893908 3.31822 -0.86162543 -0.38087448 995.24 
20150625183908 -8.16722 -17.229275 -14.887146 1.5815301 -0.9184359 -1.4807373 995.24 
20150625183908 -7.201759 -9.713276 16.935387 -0.36377025 -1.0668762 -0.23915374 995.24 
20150625183908 -1.6639702 -2.3355439 -4.3622355 0.3387248 -1.6310102 0.26725355 995.24 
20150625183908 -0.18136078 -3.6176388 -18.036718 1.5909985 -1.3087788 -0.08246681 995.24 
20150625183908 -6.825869 -14.288596 -10.973225 0.97524637 3.9785655 1.0140363 995.24 
20150625183908 1.6382325 -17.286736 2.693477 -3.5763106 -0.41783184 0.8323039 995.24 
20150625183908 3.5362358 -15.813104 4.264672 -3.3759468 -1.133155 0.48563787 995.24 
20150625183908 -2.6246436 -11.24377 -0.5267244 -3.0298917 -2.0891593 -0.095294975 995.24 
20150625183908 -1.893215 -4.7483006 -3.3369186 -1.8854356 -0.6826419 -1.3857478 995.05 
20150625183908 -4.4023385 -0.4345476 -2.6132712 -1.9257526 -1.1447614 -0.3032946 995.05 
20150625183908 -7.441179 -6.869563 -1.0289081 -1.3710871 0.52687126 0.4184427 995.05 
20150625183908 -2.1888988 -7.8715367 -1.4586674 -0.8042041 1.2705997 0.36774087 995.05 
20150625183908 -0.5398925 -8.7053175 -0.44532153 -2.072971 0.4538729 0.6273586 995.05 
20150625183908 0.38965634 -9.415796 -0.049081136 -1.831374 -0.20280726 0.9437868 995.05 
20150625183908 1.8590976 -10.837953 0.8882488 -1.5943583 -0.8356637 1.1682798 995.05 
20150625183908 1.5831659 -10.430939 0.50158525 -1.5448782 -1.1670581 1.3011429 995.05 
20150625183908 -0.060453594 -11.64001 3.5769374 -1.4114041 -0.5564982 1.4114041 995.05 
20150625183908 -0.025139118 -13.907319 0.90381116 -1.3170254 -0.49113566 1.2608259 995.17 
20150625183908 1.6101006 -13.898939 0.5494693 -1.0005972 -0.65148777 0.8570439 995.17 
20150625183908 1.2934675 -12.75511 2.372654 -0.37690386 -0.5213735 0.6618725 995.17 
20150625183908 2.3594859 -13.524247 3.6583402 0.06261369 -0.83291477 0.46517387 995.17 
20150625183908 5.348048 -10.454881 2.415151 0.56016344 -0.8533788 0.31398472 995.17 
20150625183908 3.615843 -6.4224463 1.2773066 1.5253305 -1.2269229 0.013133603 995.17 
20150625183908 -1.8046296 -14.912884 0.99778354 2.4333818 -0.88606006 -0.9624182 995.17 
20150625183908 -4.7884035 -19.071611 -4.3544545 3.5656204 0.3680463 -1.7373008 995.17 
20150625183908 -8.565855 -19.608511 -2.1775265 3.1065552 -0.6728681 -1.9853121 995.17 
20150625183908 -5.3713913 -18.73822 1.3736732 1.7849482 0.015271631 -1.6056592 995.03 
20150625183908 -7.016208 -15.538967 1.1001357 1.2315043 1.4709635 -0.27305678 995.03 
20150625183908 -5.6245785 -11.212047 5.3145294 2.4269676 -0.08979719 -0.062308256 995.03 
20150625183908 1.654992 -7.0329676 1.4155718 2.4266622 -2.276084 -0.10934488 995.03 
20150625183908 0.8912416 -7.743447 -2.8514943 2.7241535 -1.5027285 -0.47494772 995.03 
20150625183908 -1.7316064 -4.7536874 -5.273229 2.2128594 -0.0018325958 -1.6566665 995.03 
20150625183908 -1.8177977 -0.9528923 -3.0304608 1.5238034 1.4147639 -2.6914723 995.03 
20150625183908 -2.2942438 -0.18375498 -4.5112743 0.97341377 1.3634512 -1.9847012 995.03 
20150625183908 -2.6635494 -0.35793316 -3.2423477 1.2977833 0.31215215 -1.2968669 995.03 
20150625183908 -3.1944637 0.020949265 -0.78888947 1.4181237 1.0509937 -0.95233893 995.23 
20150625183908 -3.882198 0.7230489 1.5269021 0.8546005 1.3900238 -0.83169305 995.23 
20150625183908 -4.529231 -2.6150668 3.027468 0.15332718 1.5662584 -0.35246924 995.23 
20150625183908 -2.2140381 -9.912594 4.097078 -0.6945538 1.7122552 0.18295415 995.23 
20150625183908 1.1797429 -19.57978 10.579379 -1.947133 1.967597 0.659429 995.23 
20150625183908 1.5059528 -19.608511 19.608511 -2.6881125 2.3848178 0.66950834 995.23 
20150625183908 -0.42317516 -6.967127 10.603321 -1.4217888 2.1190915 0.48991394 995.23 
20150625183908 -5.3462524 -2.6366146 1.5927427 2.2470677 -0.14966199 -0.15668693 995.23 
20150625183908 -5.2169657 -19.59654 -15.772402 1.9975294 -0.7324274 -0.7122689 995.23 
20150625183908 -4.968567 -6.089652 -5.659893 0.3680463 -0.5180137 0.22602014 995.34 
20150625183908 -2.9885623 -3.3464954 9.976639 1.1612549 0.13255776 0.8313876 995.34 
20150625183908 4.131195 -3.2932243 -7.5483193 0.7199047 -2.2162192 -0.2415972 995.34 
20150625183909 -5.5042696 -13.379397 -14.929045 0.38759398 0.745561 -0.13713925 995.34 
20150625183909 -7.195773 -17.816452 -3.176507 -1.6933185 1.6872098 0.5830709 995.34 
20150625183909 3.1663318 -12.222999 5.353435 -3.9333613 -1.4147639 0.73639804 995.34 
20150625183909 -1.9201498 -11.654375 -1.7118542 -2.967278 -1.9401081 0.65301496 995.34 
20150625183909 -2.6821043 -7.72968 -4.656722 -2.266921 -1.0201449 -0.18081611 995.34 
20150625183909 -1.6944963 -1.6418238 -4.7776294 -2.4361305 -0.6056729 -0.52595496 995.34 
20150625183909 -4.346673 -5.7604494 -0.32321724 -2.3658812 -0.75502944 0.12370021 994.8 
20150625183909 -3.7774518 -7.0108213 -1.4329298 -0.9831876 -0.3203988 0.5198463 994.8 
20150625183909 -2.333748 -7.536947 -3.8151605 -1.8362609 0.11056661 0.73823065 994.8 
20150625183909 -0.4261679 -9.725846 -0.08738836 -2.1664336 -0.36193767 0.79259765 994.8 
20150625183909 1.8908207 -10.30225 2.2056582 -1.6074919 -0.5833763 1.1050552 994.8 
20150625183909 2.4462755 -12.108675 2.653374 -1.5653422 -1.3567317 1.3151928 994.8 
20150625183909 4.84766 -12.791621 3.9995139 -1.3860532 -1.2153164 1.1826351 994.8 
20150625183909 3.0933087 -13.305178 5.227141 -1.1566733 -1.4770721 0.9053023 994.8 
20150625183909 0.3585317 -14.383166 1.780089 -0.818254 -1.1136073 0.70829827 994.8 
20150625183909 2.0254946 -12.64737 4.836886 -0.10995574 -1.1087204 0.35308012 995.16 
20150625183909 4.0384197 -12.904149 3.0172927 0.29718593 -0.729984 0.24495697 995.16 
20150625183909 4.980538 -10.404003 0.18255788 1.1453724 -0.6429357 0.22266038 995.16 
20150625183909 -0.8475474 -14.172477 3.5170822 2.2305744 -0.47250426 -0.47586402 995.16 
20150625183909 -5.418677 -17.178995 -0.557849 2.8307495 0.52748215 -1.4040737 995.16 
20150625183909 -8.005013 -19.592949 -5.6215854 3.4330628 0.77182823 -1.922393 995.16 
20150625183909 -7.032369 -19.608511 -1.8896236 2.4889705 -0.1994475 -1.5580118 995.16 
20150625183909 -5.589264 -15.617377 -2.9370868 1.3497068 1.3652838 -0.5897904 995.16 
20150625183909 -6.1411276 -15.180436 -1.299453 1.8585575 1.5286902 0.09315695 995.16 
20150625183909 -1.210269 -11.48319 1.2150574 2.189952 -0.9944886 -0.099265605 995.16 
20150625183909 0.362123 -8.16363 1.7621324 2.021353 -1.8466456 0.1966986 995.16 
20150625183909 -0.3854665 -6.9545574 -1.8076223 2.6062565 -1.3692545 -0.6606508 995.16 
20150625183909 -0.7966706 -3.3961751 -4.35625 2.620612 -1.0974194 -1.847562 995.16 
20150625183909 -1.7166426 -0.39145198 -3.8815994 1.8197676 0.2874121 -2.002111 995.16 
20150625183909 -2.789245 0.39264908 -4.6519337 1.2311989 1.2119566 -1.6230689 995.16 
20150625183909 -3.4045548 0.7098808 -3.719991 1.2525792 0.8051204 -1.1337659 995.16 
20150625183909 -4.155137 0.94331545 -1.2294226 1.248914 1.2986995 -0.8374963 995.16 
20150625183909 -4.449624 -0.38845924 0.8242039 0.70554936 1.8322903 -0.46181414 995.16 
20150625183909 -2.5151088 -6.4511766 3.9151182 0.0693332 1.7968601 0.14080444 995.15 
20150625183909 0.3441665 -14.547768 6.657078 -0.7968737 1.6688838 0.3933972 995.15 
20150625183909 -0.40821138 -19.608511 16.348806 -2.233018 1.7773124 0.4184427 995.15 
20150625183909 -0.18614918 -17.765575 16.989853 -2.2901337 2.2379048 -0.083383106 995.15 
20150625183909 3.0131028 1.9405005 8.365939 1.4223998 1.1969905 -0.057726767 995.15 
20150625183909 -5.4917 -12.865243 -15.417461 2.9104674 -1.2559389 -0.63529986 995.15 
20150625183909 -7.66384 -18.203115 -13.834894 1.65911 -0.27550024 -0.64476824 995.15 
20150625183909 -8.32404 -8.995016 8.831013 0.20097467 -0.35063666 0.657291 995.15 
20150625183909 0.03232172 -5.683835 1.353921 0.36346483 -1.2153164 0.15943582 995.15 
20150625183909 0.7769185 -2.9783869 -14.186244 1.0076222 -0.20708331 -0.0143553335 995.24 
20150625183909 -5.628768 -13.442844 -9.615114 -0.035124753 2.0546453 0.72692966 995.24 
20150625183909 0.22385786 -15.85201 -0.16639702 -3.1606169 -0.9230174 0.70249504 995.24 
20150625183909 3.4153287 -15.019425 2.2056582 -3.4465017 -1.0231993 0.5332854 995.24 
20150625183909 -1.8261774 -12.169128 2.1972785 -3.1297681 -1.5641204 0.19517145 995.24 
20150625183909 -2.2756886 -6.217143 -2.6162639 -2.4312437 -1.2773192 -0.79198676 995.24 
20150625183909 -1.7729063 -1.1300632 -5.1319714 -2.2003367 -1.8154916 -0.073303826 995.24 
20150625183909 -5.9262476 -6.190807 -0.545878 -1.7461584 0.105374254 0.5748242 995.24 
20150625183909 -4.298789 -7.533954 -0.533907 -0.94714653 0.82253003 0.5876524 995.24 
20150625183910 -1.9961656 -8.981848 -2.622848 -1.9938642 0.17592919 0.6203337 995.11 
20150625183910 -0.8218097 -10.647614 0.12749124 -1.8365663 -0.3042109 0.86651236 995.11 
20150625183910 0.492607 -10.498574 1.99437 -1.559539 -0.84788096 1.1615603 995.11 
20150625183910 2.143409 -11.878233 2.5917234 -1.5711454 -1.1655309 1.3185526 995.11 
20150625183910 3.8762126 -12.820352 4.7901993 -1.4498887 -1.0845913 1.3600914 995.11 
20150625183910 2.719813 -13.630789 2.130241 -1.135904 -1.244027 1.1026118 995.11 
20150625183910 2.3810337 -12.706627 2.622848 -0.5555819 -1.1377366 0.70554936 995.11 
20150625183910 3.0544028 -11.2371855 4.4837413 0.06811147 -1.065349 0.38545597 995.11 
20150625183910 4.5034933 -12.440272 2.397793 0.43279803 -0.8863655 0.28069258 995.11 
20150625183910 4.1395745 -7.891887 0.10055647 1.4172074 -0.84635377 0.024740042 995.25 
20150625183910 -2.907758 -14.903307 3.1836896 2.339003 -0.83016586 -0.8072584 995.25 
20150625183910 -5.246893 -18.264168 -3.1292217 3.1710014 0.52595496 -1.8270979 995.25 
20150625183910 -8.853758 -19.608511 -7.153276 3.3221905 -0.03573562 -1.9058995 995.25 
20150625183910 -6.0746884 -19.608511 0.7769185 2.1450534 -0.52748215 -1.4709635 995.25 
20150625183910 -7.2664022 -16.888699 -0.1364695 0.8216137 1.16492 -0.4288274 995.25 
20150625183910 -6.7468605 -14.22934 4.785411 2.0610592 0.45234573 -0.042455133 995.25 
20150625183910 1.0588357 -7.023391 2.3331497 2.3338106 -2.7641652 0.03481932 995.25 
20150625183910 0.7673417 -6.7145386 -1.2114661 2.6655104 -2.3212879 -0.058337633 995.25 
20150625183910 -1.3700819 -4.624999 -5.269638 2.5595255 -0.54702985 -1.2757921 995.12 
20150625183910 -1.0720038 -1.3257892 -2.367267 1.8891008 0.9505063 -2.4284947 995.12 
20150625183910 -0.8158242 0.10474633 -4.383185 1.2284501 1.4892895 -1.947133 995.12 
20150625183910 -1.6711528 -0.88525605 -4.675277 1.1725558 0.55863625 -1.3332134 995.12 
20150625183910 -3.252523 -0.6332663 -1.8662802 1.5326608 1.1533136 -0.895223 995.12 
20150625183910 -3.86484 0.16998832 0.15682021 1.2534955 1.930945 -0.7806858 995.12 
20150625183910 -3.9630024 -1.0145429 1.1258733 0.52503866 1.9138408 -0.49602258 995.12 
20150625183910 -2.1505916 -6.8869214 2.504335 -0.37843102 2.032654 -0.058337633 995.12 
20150625183910 -1.3383588 -17.099388 6.2339025 -1.5873333 2.2391264 0.3042109 995.12 
20150625183910 0.7080852 -19.608511 16.42542 -2.698192 2.147802 0.35277468 995.31 
20150625183910 -2.9442697 -17.203537 17.052103 -2.11451 2.115121 0.3390302 995.31 
20150625183910 -2.4438813 2.995745 7.9708962 1.1954633 0.8723156 -0.2180789 995.31 
20150625183910 -7.2987237 -7.5614877 -5.989694 2.552195 -1.6957619 -0.7993172 995.31 
20150625183910 -3.316568 -18.359337 -12.151173 1.1114693 -0.63224554 -0.54641896 995.31 
20150625183910 -5.0667295 -8.966884 -1.4879963 -0.16249016 0.5476407 0.96791595 995.31 
20150625183910 -2.670732 -10.05864 5.571307 0.14874569 -1.0354166 0.8347474 995.31 
20150625183910 0.010175358 -3.9043443 -8.993818 0.005497787 -1.8967366 0.005497787 995.31 
20150625183910 -4.3167458 -9.466075 -10.125677 0.9440922 0.8530733 0.34574974 995.31 
20150625183910 -4.3568487 -14.566921 -3.1052797 -2.3991733 -0.5329799 0.86070913 994.91 
20150625183910 3.0532057 -11.814188 2.0015526 -3.3240232 -0.9245446 0.6612616 994.91 
20150625183910 -0.2825158 -13.108254 -0.22385786 -3.4046574 -1.4385877 0.87017757 994.91 
20150625183910 -1.1827357 -9.425972 -2.3876176 -2.6786442 -0.68539083 0.1685988 994.91 
20150625183910 0.19273324 -2.106299 -2.7497406 -2.266921 -1.0140363 0.021380283 994.91 
20150625183910 -3.4608185 -5.035605 -1.8632874 -1.5241088 -0.6753115 0.49602258 994.91 
20150625183910 -3.9031472 -7.295731 -0.2657564 -0.9957104 0.04428773 0.54183745 994.91 
20150625183910 -2.7168205 -8.45213 -2.8640637 -1.6801848 0.19792034 0.50732356 994.91 
20150625183910 -2.4235306 -9.709685 -0.338181 -1.715615 0.065973446 0.5308419 994.91 
20150625183910 -0.22685061 -10.229825 1.8806454 -1.426065 -0.25137106 0.7800749 995.15 
20150625183910 0.66498953 -11.655573 1.827973 -1.3979651 -0.6988298 1.162782 995.15 
20150625183910 3.839701 -12.797606 3.108871 -1.385137 -0.86101454 1.2366967 995.15 
20150625183910 1.0498575 -12.276269 4.009091 -1.1963795 -1.171945 1.0943651 995.15 
20150625183910 0.6667852 -14.386758 -0.2220622 -0.8570439 -1.010982 0.70829827 995.15 
20150625183911 3.5984852 -13.520656 3.2740707 -0.1386664 -0.9645562 0.37598756 995.15 
20150625183911 3.3740287 -12.666524 4.6166196 0.07727446 -0.6768387 0.41722095 995.15 
20150625183911 3.8971617 -13.135788 2.0362685 0.64476824 -0.66737026 0.2941316 995.15 
20150625183911 2.80361 -7.753622 2.1452048 1.4969252 -0.7959574 -0.03359759 995.15 
20150625183911 -2.4169466 -14.378977 2.3391352 2.345417 -0.48075095 -0.8622363 995.15 
20150625183911 -3.6481647 -17.017387 -3.5877113 3.3237178 0.40408736 -1.5427402 995.15 
20150625183911 -9.223662 -19.608511 -5.329493 3.1807754 -0.029626964 -1.7592919 995.15 
20150625183911 -7.495647 -19.598934 -0.7062895 1.9058995 0.5357288 -1.672549 995.15 
20150625183911 -6.9228344 -16.076466 -1.0498575 1.4141531 1.9089539 -0.795652 995.15 
20150625183911 -5.279215 -13.255498 0.051475335 2.2653937 0.71868294 0.079107046 995.15 
20150625183911 1.3946224 -7.6111674 3.7110126 2.254398 -2.1178699 0.13133603 995.15 
20150625183911 0.8900445 -7.511808 0.55126494 2.3930645 -1.6481144 -0.40286562 995.15 
20150625183911 -1.2802993 -5.1421466 -5.485116 2.4862216 -1.2660183 -2.098933 995.15 
20150625183911 -0.93493575 -1.8393455 -4.0186677 2.024102 0.2519819 -2.7116308 995.13 
20150625183911 -1.2318168 -0.22505496 -5.3737855 1.2916746 1.4746287 -2.1719313 995.13 
20150625183911 -2.802413 -0.30825347 -4.593276 1.565953 0.89552844 -1.566564 995.13 
20150625183911 -3.5978866 0.30406362 -2.8389246 1.8680259 1.4468343 -1.0329732 995.13 
20150625183911 -4.27365 0.92535895 0.32800564 1.2464706 1.8267925 -0.75533485 995.13 
20150625183911 -4.5352163 -1.2671312 2.4115596 0.7012733 2.1862867 -0.42485678 995.13 
20150625183911 -1.6639702 -8.267777 4.4633904 -0.20189096 2.3655756 0.01985312 995.13 
20150625183911 -1.1767502 -18.72146 8.1163435 -1.6978999 2.441323 0.31581733 995.13 
20150625183911 -1.934515 -19.608511 17.415422 -2.7241535 2.3044891 0.1685988 995.13 
20150625183911 -3.4662056 -11.909358 14.107834 -1.1979067 2.1832323 0.22266038 995.21 
20150625183911 -2.098518 0.8098387 5.7107697 1.3720033 -0.3005457 0.09865474 995.21 
20150625183911 -6.1782374 -14.947001 -11.11149 2.0320432 -1.6505579 -0.5204572 995.21 
20150625183911 -6.1022215 -13.076531 -6.321291 0.88697636 -0.19333886 -0.2012801 995.21 
20150625183911 -5.040992 -6.8049197 6.4727244 -0.13713925 0.45937067 0.5311473 995.21 
20150625183911 -1.4341269 -6.8198833 0.2741361 3.0543262E-4 -2.144748 0.14110987 995.21 
20150625183911 -1.2162545 -8.973468 -14.40232 0.4370741 -0.08827003 0.15851954 995.21 
20150625183911 -3.8947675 -13.882778 -7.2107368 -0.3378085 0.79076505 0.93309665 995.21 
20150625183911 0.5650316 -13.466786 -0.3405752 -3.4061847 -1.1322387 1.0635164 995.21 
20150625183911 2.303222 -11.176133 -0.3477578 -3.1618385 -1.6084082 0.799928 995.01 
20150625183911 -2.1972785 -11.674128 0.9247604 -2.8747318 -0.90194255 0.18142697 995.01 
20150625183911 -1.8088194 -7.1580644 -1.5610195 -2.8832839 -1.0629056 -0.22296582 995.01 
20150625183911 -1.4502877 -1.4359225 -3.0502129 -2.5454755 -1.9963076 0.23304509 995.01 
20150625183911 -3.3985693 -5.86759 -1.6490064 -1.3765849 -0.83108217 0.47342056 995.01 
20150625183911 -2.665345 -7.397485 -0.31663316 -1.1123856 0.13958271 0.49541172 995.01 
20150625183911 -1.151611 -8.165425 -1.7806876 -1.9617938 -0.21288654 0.48349985 995.01 
20150625183911 0.66858083 -9.558251 0.6410475 -1.5464053 -0.42577308 0.6282749 995.01 
20150625183911 1.5394717 -9.916184 3.445855 -1.3723087 -0.75319684 0.94134337 995.01 
20150625183911 2.7880478 -12.299014 0.8619126 -1.484708 -0.7150178 1.187522 995.2 
20150625183911 2.4791958 -12.378023 2.6527755 -1.3423764 -0.93737274 1.0897835 995.2 
20150625183911 -0.75716627 -14.0072775 1.797447 -1.054048 -0.63529986 0.8063421 995.2 
20150625183911 1.1162965 -16.281769 0.9696517 -0.6206391 -0.5739079 0.5305365 995.2 
20150625183911 4.2664676 -13.63019 3.7463272 -0.16737708 -0.70738196 0.36377025 995.2 
20150625183911 3.4117374 -12.875419 4.6160207 0.105068825 -0.5558874 0.4654793 995.2 
20150625183911 2.743755 -11.407773 2.2278047 0.8197812 -0.83077675 0.2742785 995.2 
20150625183911 0.85473 -7.8733325 1.965041 1.917506 -0.8949176 -0.4541783 995.2 
20150625183912 -3.008913 -14.619595 0.712275 2.6083946 -0.14080444 -1.2009611 995.2 
20150625183912 -5.3743844 -19.09735 -5.401319 3.5860844 0.4578435 -1.74738 995.22 
20150625183912 -11.978789 -19.608511 -3.7217865 2.976441 0.095294975 -1.9135354 995.22 
20150625183912 -7.068282 -19.008764 -1.3251907 1.518611 1.3432927 -1.409877 995.22 
20150625183912 -7.643489 -15.540763 -2.1290438 1.9062049 2.2058344 0.24281894 995.22 
20150625183912 -2.2529438 -9.111733 3.918111 2.6627617 -1.1563679 0.3915646 995.22 
20150625183912 0.46088383 -6.3153057 4.4759603 2.4019222 -2.7207937 0.2846632 995.22 
20150625183912 -0.81522566 -5.8933277 -4.1425676 2.9761355 -2.149024 -0.9016371 995.22 
20150625183912 -0.41838676 -1.99437 -3.4051533 2.4917192 -1.6960673 -2.2681427 995.22 
20150625183912 0.18914193 0.6799533 -4.4364557 1.6291776 1.1258247 -2.193617 995.22 
20150625183912 -0.866701 -0.24361002 -5.7179523 1.3891076 0.8539896 -1.8347337 995.23 
20150625183912 -2.712032 -0.717662 -3.7355533 1.7825048 0.5354234 -1.3176364 995.23 
20150625183912 -3.6792896 0.5434838 -0.6075287 1.5711454 1.5210545 -0.6924158 995.23 
20150625183912 -4.3281183 1.0672154 1.3012487 0.8353582 2.0048597 -0.41599923 995.23 
20150625183912 -3.3991678 -5.0667295 4.9422307 -0.06688975 2.302962 -0.41599923 995.23 
20150625183912 0.16460137 -14.840459 6.26802 -1.1911873 2.4669793 0.2687807 995.23 
20150625183912 -0.19033903 -19.608511 14.69561 -2.654515 2.150551 0.50426924 995.23 
20150625183912 -3.9163153 -18.096573 17.49922 -2.1093178 2.0314324 0.37568212 995.23 
20150625183912 -2.1859062 2.1308396 9.709086 1.2363913 0.45631635 -0.09193522 995.23 
20150625183912 -7.795521 -6.367978 -8.302493 2.2299635 -1.715615 -0.5317582 995.27 
20150625183912 -5.893926 -19.452888 -7.9170265 1.4636332 -0.23151793 -0.29993483 995.27 
20150625183912 -1.8674773 -8.550293 -2.9508536 -0.027183503 0.874759 0.61636305 995.27 
20150625183912 -3.821146 -9.194932 2.0937295 0.051618114 -1.2779301 0.6114761 995.27 
20150625183912 0.7739257 -4.221576 -11.258734 0.21135938 -0.8304713 0.046120327 995.27 
20150625183912 -2.9777884 -10.770915 -9.054871 0.18325958 0.9101892 0.70066243 995.27 
20150625183912 -0.866701 -14.338275 -2.724003 -2.3829854 -0.79412484 0.75136423 995.27 
20150625183912 2.0871453 -11.8339405 0.56563014 -3.2543845 -0.8228355 0.38728857 995.27 
20150625183912 -2.814384 -10.498574 1.6376339 -3.220787 -1.1304061 0.10781772 995.27 
20150625183912 -3.544017 -9.8198185 -2.2218192 -2.8023443 -0.7987063 -0.112704635 995.13 
20150625183912 -1.0151415 -4.5543704 -2.497751 -2.506991 -1.8952094 0.5699373 995.13 
20150625183912 -1.7058687 -3.750517 -3.3626564 -1.8698585 -0.6065892 0.7467828 995.13 
20150625183912 -1.8872294 -7.018004 -0.58777654 -0.88514376 0.023823744 0.5476407 995.13 
20150625183912 -3.1747115 -8.283937 -1.5628152 -1.7681495 0.06994407 0.68569624 995.13 
20150625183912 -3.2016463 -9.557653 -0.64703304 -1.7849482 -0.047036625 0.59559363 995.13 
20150625183912 -0.7679402 -11.232397 2.0213048 -1.4395039 -0.36835176 0.84329945 995.13 
20150625183912 2.3732524 -11.899781 2.4600422 -1.4575244 -0.65026605 1.1239921 995.13 
20150625183912 3.3752258 -13.166314 3.9396589 -1.4871514 -0.9935723 1.3399329 995.13 
20150625183912 1.1917139 -13.044808 3.0322564 -1.1618657 -1.2965615 1.0348058 995.11 
20150625183912 1.4999673 -15.01344 1.6543933 -0.5925393 -1.1420126 0.7476991 995.11 
20150625183912 3.364452 -12.596494 4.280234 -0.07513642 -1.0091494 0.5137377 995.11 
20150625183912 3.1669302 -12.564172 2.992752 0.1994475 -0.8356637 0.48655418 995.11 
20150625183912 3.9306808 -10.494983 1.2384008 0.9984592 -0.8558222 0.28160888 995.11 
20150625183912 0.91219085 -9.817424 3.6661212 2.0992384 -0.98837996 -0.41996986 995.11 
20150625183912 -3.0484173 -15.668255 -0.48482585 2.92299 -0.037873644 -1.4413365 995.11 
20150625183912 -4.92607 -18.565239 -6.4547677 3.671911 0.5305365 -1.6691893 995.11 
20150625183912 -9.035119 -19.608511 -2.2290018 2.8780916 -0.050701816 -1.7055358 995.11 
20150625183912 -6.417059 -17.939156 0.36511576 1.4587462 1.0699304 -1.4608842 994.98 
20150625183912 -8.069058 -16.14889 1.4431051 1.6554449 0.9245446 -0.4831944 994.98 
20150625183912 -0.2896984 -9.8198185 2.622848 2.1206186 -2.1832323 -0.1591304 994.98 
20150625183912 1.774702 -8.049905 1.1683705 1.9905044 -2.574186 0.061391957 994.98 
20150625183912 -1.2120646 -6.4086795 -4.450821 2.228742 -0.5708536 -1.1032226 994.98 
20150625183912 0.1340753 -2.2278047 -3.2261868 2.3228152 0.7275405 -2.5922067 994.98 
20150625183913 -0.88046765 -1.0043676 -4.8069587 1.6710218 1.7162259 -2.116648 994.98 
20150625183913 -1.927931 -0.8379706 -4.9164934 1.1902709 1.0192287 -1.679574 994.98 
20150625183913 -3.9145198 -0.2693477 -3.376423 1.4208726 1.2501358 -1.2971723 994.98 
20150625183913 -4.560954 0.57400984 -0.84455466 1.318858 1.8912388 -1.1304061 995.21 
20150625183913 -4.6920366 -0.08259996 0.8690952 0.6047566 2.245846 -0.7535023 995.21 
20150625183913 -3.7780502 -5.1385555 2.6683378 -0.01160644 2.4529295 -0.15210545 995.21 
20150625183913 -1.8872294 -13.574525 6.2566476 -1.1319333 2.4917192 0.37843102 995.21 
20150625183913 -0.27114335 -19.608511 15.834053 -2.4223862 2.4721715 0.49754974 995.21 
20150625183913 -1.5466543 -19.08897 18.0032 -2.230269 2.5289822 0.37659842 995.21 
20150625183913 1.234211 1.8740613 8.21271 0.78038037 1.4110987 0.0036651916 995.21 
20150625183913 -3.7894228 -11.027693 -12.583325 2.82403 -1.2651019 -0.5235115 995.21 
20150625183913 -6.476914 -17.944542 -12.10269 1.4034629 -0.55833083 -0.6640105 995.21 
20150625183913 -6.863578 -9.725846 11.715427 -0.15057829 0.33658674 0.50823987 995.34 
20150625183913 -5.3115363 -4.1742907 0.56682724 -0.14813483 -1.7571539 0.22724187 995.34 
20150625183913 -0.9768343 -2.895787 -18.562845 1.185384 -0.5317582 -0.034208454 995.34 
20150625183913 -5.1798553 -12.722788 -11.763311 -0.23151793 1.9394971 0.9483683 995.34 
20150625183913 -0.26396075 -15.518617 -0.40222588 -3.5485163 -0.24770586 0.77671516 995.34 
20150625183913 3.4087446 -13.345879 2.0332758 -3.5824192 -1.7186694 0.6047566 995.34 
20150625183913 -2.1763294 -12.095507 1.0540473 -3.263853 -1.3866642 0.18906279 995.34 
20150625183913 -1.8124107 -6.3709707 -2.7659016 -2.6343563 -1.1603385 -0.5946773 995.34 
20150625183913 -0.78410107 -1.3940239 -4.4921207 -2.212554 -2.01219 0.13194689 995.34 
20150625183913 -2.7605145 -7.350199 0.82240826 -0.9828822 -0.023823744 0.63529986 994.99 
20150625183913 -2.4995465 -7.641693 -1.8201919 -0.8753699 0.65301496 0.6441574 994.99 
20150625183913 -2.385822 -8.837597 -2.0518308 -1.9969184 -0.3109304 0.57818395 994.99 
20150625183913 -1.5897499 -9.794081 1.1174936 -1.606881 -0.062002823 0.63255095 994.99 
20150625183913 -0.87328506 -10.9187565 3.1028855 -1.4694363 -0.5766568 0.9431759 994.99 
20150625183913 2.0530279 -12.756906 1.5741876 -1.4712689 -0.7257079 1.1230757 994.99 
20150625183913 3.2968156 -12.227787 4.4807487 -1.3640621 -1.0830641 1.0488557 994.99 
20150625183913 0.6751649 -13.1794815 2.309806 -1.0735956 -1.035722 0.8772025 994.99 
20150625183913 1.6956934 -14.156316 1.7764976 -0.36468655 -1.1001683 0.589485 994.99 
20150625183913 3.1848867 -11.865664 4.333505 0.059253927 -1.2070698 0.40591997 995.26 
20150625183913 4.349666 -12.80479 2.409764 0.48563787 -0.8765916 0.3436117 995.26 
20150625183913 4.38498 -9.051878 0.88765025 1.2495248 -1.0647382 0.006414085 995.26 
20150625183913 -0.5057751 -12.847286 2.5797524 2.1896465 -0.5888741 -0.63529986 995.26 
20150625183913 -3.5488055 -17.802086 -0.7541735 2.9813278 0.34238997 -1.641395 995.26 
20150625183913 -6.9731126 -19.608511 -5.065532 3.3802228 0.15974127 -1.9095647 995.26 
20150625183913 -6.928221 -19.608511 -2.255338 2.17804 -0.029932396 -1.6798794 995.26 
20150625183913 -6.0926447 -15.977705 -1.7477672 1.3390167 1.7632625 -0.5739079 995.26 
20150625183913 -5.9962783 -14.264055 -1.0809821 1.6673567 1.462106 -0.058643065 995.26 
20150625183913 0.14903906 -8.366538 4.210802 1.9055941 -1.5488489 0.010995574 995.07 
20150625183913 0.3890578 -7.8625584 0.5919664 1.9807305 -2.191479 -0.121256754 995.07 
20150625183913 -1.5987282 -5.663484 -5.73112 2.3322835 -1.6007724 -1.7815884 995.07 
20150625183913 -1.1414356 -2.2080526 -3.9917328 2.0433443 0.45020768 -2.5237896 995.07 
20150625183913 -1.9285295 -1.5424645 -4.0396166 1.4159856 1.7046194 -2.090381 995.07 
20150625183913 -2.915539 -1.0139444 -3.5458126 1.2733486 0.9789116 -1.5506815 995.07 
20150625183913 -4.1491513 -0.2896984 -2.2822728 1.423316 1.0476339 -1.0974194 995.07 
20150625183913 -4.4167037 -0.13108255 0.1364695 0.93370754 1.7556267 -0.7800749 995.07 
20150625183913 -5.549161 -1.9997569 1.0582372 0.44959682 1.9520199 -0.28252518 995.07 
20150625183913 -2.5617957 -6.4978633 2.6737247 -0.119729586 1.9556851 0.12003502 995.19 
20150625183914 -1.3275849 -14.264654 6.1387334 -1.2907583 1.9526308 0.6963864 995.19 
20150625183914 -0.2633622 -19.608511 18.784307 -2.2235496 1.8689423 0.6246097 995.19 
20150625183914 0.908001 -16.870743 13.90672 -1.382388 1.820073 0.5290093 995.19 
20150625183914 0.78050977 0.36631286 6.687604 1.2153164 0.050701816 0.27214047 995.19 
20150625183914 -3.7427359 -18.97824 -16.906057 2.3533583 -1.1294898 -0.65484756 995.19 
20150625183914 -5.677251 -9.780912 -8.887277 1.0015136 -1.2507466 -0.36865717 995.19 
20150625183914 -8.74961 -6.4152637 15.364789 0.5842926 -0.41996986 0.54367006 995.19 
20150625183914 0.53450555 -0.2136825 -3.4404678 0.46609017 -2.4055874 -0.46517387 995.19 
20150625183914 -2.5887306 -10.011354 -18.941128 1.5421293 1.2767084 0.24678956 995.12 
20150625183914 -6.4182563 -18.101961 -7.7626004 -1.1914927 1.8811595 1.0363328 995.12 
20150625183914 3.9737763 -13.939641 2.9251158 -4.1276164 -0.9764681 1.0189233 995.12 
20150625183914 0.7104794 -11.903971 3.5625722 -3.218649 -2.1022928 0.95172805 995.12 
20150625183914 -3.1962593 -11.281479 -0.80804306 -2.1365013 -1.0604621 -0.31642818 995.12 
20150625183914 -1.3790601 -6.8144965 -4.3777976 -2.198504 -1.5555683 -0.2828306 995.12 
20150625183914 -0.6865373 -1.9063832 -2.3223755 -2.2290473 -1.4175128 0.41630468 995.12 
20150625183914 -2.618658 -6.831256 -1.0534488 -1.3087788 0.25503623 0.5555819 995.12 
20150625183914 -2.7778726 -7.2765775 0.4914099 -1.0372492 0.45631635 0.57451874 995.12 
20150625183914 -1.8375498 -8.275558 -2.1332338 -2.058616 -0.1966986 0.4746423 995.05 
20150625183914 -1.6567876 -10.337564 0.01436521 -1.6310102 -0.4578435 0.69974613 995.05 
20150625183914 0.002992752 -11.031284 2.8550856 -1.4175128 -0.7272351 1.0299188 995.05 
20150625183914 3.4314895 -11.958439 3.5051112 -1.509448 -0.6743952 1.348485 995.05 
20150625183914 3.4021606 -13.628395 1.8321629 -1.3353515 -0.9550878 1.3139712 995.05 
20150625183914 -0.1436521 -13.256695 1.09834 -0.89675015 -1.1691961 0.88117313 995.05 
20150625183914 0.52133745 -14.074315 0.6368576 -0.43768495 -0.8258898 0.63316184 995.05 
20150625183914 2.6461914 -12.982558 3.513491 -0.03023783 -0.72326446 0.5693264 995.05 
20150625183914 3.645172 -12.874221 1.4478935 0.33414328 -0.3640757 0.5510005 995.05 
20150625183914 1.6956934 -9.149442 1.3108255 1.0571023 -0.72784597 0.2724459 995.19 
20150625183914 -2.8000188 -9.16261 2.3828292 1.9636264 -0.88606006 -0.5983425 995.19 
20150625183914 -4.3275194 -16.494253 -0.96426475 2.4944682 0.31398472 -1.2959507 995.19 
20150625183914 -6.82946 -19.608511 -4.104859 3.4568865 0.32284227 -1.7889189 995.19 
20150625183914 -5.4593782 -19.569008 -2.7180176 2.7049112 -0.6569856 -1.7971655 995.19 
20150625183914 -5.645528 -15.652094 -2.0272903 1.790446 0.9257663 -1.1624765 995.19 
20150625183914 -4.779425 -13.050794 0.6410475 1.7788396 1.57084 -0.3277292 995.19 
20150625183914 1.7735049 -7.33763 6.39611 2.1386392 -0.68477994 -0.1908954 995.19 
20150625183914 0.035314474 -8.417415 -0.8655039 2.0305161 -2.3545802 0.0870483 995.19 
20150625183914 -1.359308 -4.8428717 -5.9047 2.3878722 -2.5011878 -0.93218035 995.04 
20150625183914 -0.6907272 -0.8762778 -4.494515 2.1190915 -0.59986967 -2.3689353 995.04 
20150625183914 -1.1803415 -0.7320272 -3.776853 1.7391334 2.1584923 -2.0366247 995.04 
20150625183914 -1.1204864 -0.5859809 -4.035427 1.6423112 1.3927728 -1.6560557 995.04 
20150625183914 -3.141791 -0.94331545 -1.8201919 1.4178182 1.1081096 -1.3371841 995.04 
20150625183914 -3.4422636 -0.48961425 0.11492168 1.0345002 1.5354098 -0.91690874 995.04 
20150625183914 -5.2115784 -1.4251486 0.7787141 0.4279111 2.1371121 -0.61178154 995.04 
20150625183914 -3.9671922 -7.991845 2.698864 -0.09590584 2.1206186 -0.11362094 995.04 
20150625183914 -4.420295 -17.885284 6.0609217 -0.7987063 2.2470677 0.29993483 995.04 
20150625183914 1.5448587 -19.608511 18.44852 -2.3634377 1.9101756 0.6209445 995.29 
20150625183914 0.79367787 -16.367361 14.468161 -2.7666087 1.6441438 0.84757555 995.29 
20150625183914 -1.7735049 -2.2780828 3.0376434 0.27916542 1.5564847 0.42271876 995.29 
20150625183914 -4.2622776 -19.180548 -16.166248 2.964529 -1.8723019 -0.68600166 995.29 
20150625183914 -6.600814 -6.1159883 -3.9480386 1.7217237 -0.8396343 -1.0009027 995.29 
20150625183914 -3.940856 -3.0490158 10.45907 0.2049453 -0.118202426 0.5681047 995.29 
20150625183915 3.852869 -0.35434186 -6.013636 0.73853606 -1.6297885 -0.038179077 995.29 
20150625183915 -3.1064768 -11.830349 -16.316484 0.57604593 -1.4899004 -0.21991149 995.29 
20150625183915 -6.2901664 -19.279907 -4.9518075 -0.13469578 2.191479 0.75777835 995.29 
20150625183915 4.9362454 -13.73374 8.90643 -3.4165692 -1.1988231 0.94959 994.67 
20150625183915 -2.617461 -9.547478 0.53809685 -3.4901786 -1.4181237 0.8405506 994.67 
20150625183915 -3.5936968 -9.293693 -4.1299977 -2.5152376 -1.9083431 0.28802297 994.67 
20150625183915 -1.7292122 -5.4180784 -4.736928 -1.9581286 -0.65057147 0.10140363 994.67 
20150625183915 -1.7316064 -4.594473 -3.3596635 -2.3200662 -0.659429 0.56321776 994.67 
20150625183915 -3.1573534 -7.8224554 0.09636662 -1.6517797 0.6957755 0.45570546 994.67 
20150625183915 -3.5093012 -6.976105 -1.1366472 -0.7538077 0.97097033 0.59406644 994.67 
20150625183915 -3.352481 -9.166202 -1.6921021 -1.8930714 0.6545421 0.52656585 994.67 
20150625183915 -0.65182143 -10.745177 0.7691373 -1.632232 -0.17684549 0.6377433 994.67 
20150625183915 2.3307555 -11.404779 3.3734303 -1.3881912 -0.269697 1.0177015 995.15 
20150625183915 4.0916905 -12.5186825 2.9891608 -1.457219 -0.7800749 1.3429873 995.15 
20150625183915 2.1643584 -11.584944 3.6409822 -1.3420709 -1.0577132 1.2684617 995.15 
20150625183915 0.98461545 -13.809755 1.4766239 -0.9837985 -1.2999213 0.9098838 995.15 
20150625183915 2.4690206 -13.230957 2.657564 -0.40194935 -0.8051204 0.59742624 995.15 
20150625183915 3.271078 -11.174338 4.394557 0.03176499 -0.7974846 0.47891834 995.15 
20150625183915 3.8109705 -11.945271 1.927931 0.27855456 -0.6084218 0.4334089 995.15 
20150625183915 3.5817258 -7.2568254 0.7356185 1.0482447 -0.73914695 0.16890424 995.15 
20150625183915 -1.9327193 -13.775638 2.995745 2.0546453 -0.72784597 -0.48808134 995.15 
20150625183915 -4.2042184 -17.340605 -2.8263552 2.8576276 0.16554448 -1.4914275 995.12 
20150625183915 -8.5886 -19.608511 -6.8545995 3.504534 0.535118 -1.9138408 995.12 
20150625183915 -7.0826473 -19.608511 0.26156655 2.839607 -0.18234327 -1.892155 995.12 
20150625183915 -7.116166 -16.311098 -0.55006784 1.3973542 0.926988 -1.3213016 995.12 
20150625183915 -6.821679 -13.747506 1.0462662 1.5656476 1.4431691 -0.19822577 995.12 
20150625183915 0.22744916 -8.083424 4.144962 2.3237314 -1.5677856 -0.14996742 995.12 
20150625183915 2.432509 -7.511808 0.49679685 2.2247713 -2.5265386 0.09896017 995.12 
20150625183915 -0.8026561 -6.077681 -5.113416 2.5445592 -1.3435981 -0.65087694 995.12 
20150625183915 -0.29628247 -2.3229742 -2.7102363 2.1169536 -0.5204572 -2.3848178 995.12 
20150625183915 -1.2306197 -0.8265981 -4.541202 1.3826935 1.4999796 -2.6062565 995.15 
20150625183915 -2.44448 -1.1976994 -4.6202106 0.9611965 1.0323622 -2.0280726 995.15 
20150625183915 -4.338892 -0.12629414 -2.9484594 1.4266758 0.81397796 -1.3790283 995.15 
20150625183915 -3.9031472 0.64942724 -1.0767922 1.4688255 1.9220876 -1.029308 995.15 
20150625183915 -4.6740804 -1.292869 -0.24839842 0.8151997 2.2537873 -0.6603453 995.15 
20150625183915 -2.6132712 -5.990891 2.6324248 0.23487769 2.5347853 -0.12217305 995.15 
20150625183915 -2.6144683 -15.592837 6.7384806 -0.79229224 2.579684 0.47128254 995.15 
20150625183915 -0.30346507 -19.608511 18.521544 -2.0277672 2.195755 0.6582073 995.15 
20150625183915 -1.4395138 -16.545132 14.352641 -2.4000895 2.0830505 0.62796944 995.15 
20150625183915 1.3132197 0.2633622 6.4230447 -0.3463606 1.8411479 0.61117065 995.29 
20150625183915 -5.069722 -17.307085 -13.813347 2.2553146 -0.69027776 -0.30482176 995.29 
20150625183915 -5.2810106 -14.175469 -8.06008 1.3411547 -1.3289373 -0.84635377 995.29 
20150625183915 -1.9776106 -5.6940103 10.7990465 -0.15271631 -0.25045475 0.38881573 995.29 
20150625183915 -3.7738605 -2.1386206 2.3199813 0.14172074 -1.4853189 0.36071593 995.29 
20150625183915 -3.7355533 -5.125387 -18.441936 0.46395215 -1.8356501 -0.6918049 995.29 
20150625183915 -6.7630215 -16.420034 -11.118074 1.3536774 1.8506162 0.26267207 995.29 
20150625183915 1.5071499 -16.260221 2.859874 -2.3628268 0.13500121 1.1533136 995.29 
20150625183915 2.7617116 -12.661736 2.9251158 -3.3438764 -1.0381655 0.9306532 995.29 
20150625183915 -1.6537948 -11.1414175 -0.6787562 -3.1401527 -2.223244 0.79290307 995.33 
20150625183915 -0.99179804 -8.816648 -3.1441853 -2.3451116 -1.2705997 -0.3827071 995.33 
20150625183916 0.66498953 -2.1051018 -1.9249382 -2.5497515 -1.8212948 0.013133603 995.33 
20150625183916 -2.5067291 -6.307524 -2.582745 -1.8680259 -0.64965516 0.46700647 995.33 
20150625183916 -3.8133647 -6.917447 0.41838676 -0.6047566 0.30298916 0.68111473 995.33 
20150625183916 -3.2208 -7.960122 -2.2391772 -1.2684617 0.43035457 0.61422503 995.33 
20150625183916 -1.9931729 -10.458471 -0.093373865 -1.9022343 -0.27214047 0.5671884 995.33 
20150625183916 0.5422867 -10.634445 1.489792 -1.4147639 -0.39920044 0.8530733 995.33 
20150625183916 2.460641 -10.916962 2.36188 -1.3640621 -0.9550878 1.1914927 995.33 
20150625183916 4.0186677 -13.121423 3.614646 -1.4358387 -0.7516697 1.3891076 995.18 
20150625183916 1.9273324 -12.320562 2.822764 -1.3435981 -1.1517864 1.3411547 995.18 
20150625183916 -0.25737667 -13.444041 0.66139823 -0.98990715 -1.1759156 0.89369583 995.18 
20150625183916 0.350152 -13.075334 2.771887 -0.23945917 -0.83016586 0.44806966 995.18 
20150625183916 2.9508536 -13.464392 3.608062 0.08155051 -0.5549711 0.24984388 995.18 
20150625183916 5.4701524 -10.549451 0.9427169 0.46853364 -0.41325033 0.39706242 995.18 
20150625183916 3.7062242 -8.360553 2.0248961 1.1441506 -0.89461213 0.2666427 995.18 
20150625183916 -2.248754 -14.808138 2.0979192 1.8637499 -0.81092364 -0.59620446 995.18 
20150625183916 -4.1036615 -17.390284 -1.508347 2.6868908 0.38637227 -1.5796975 995.18 
20150625183916 -8.352173 -19.608511 -4.115034 3.2012393 -0.122478485 -1.7880026 995.16 
20150625183916 -6.0699 -19.401413 -2.3636756 2.3704627 -0.095294975 -1.7351627 995.16 
20150625183916 -6.7486563 -15.979501 -3.6894648 1.5848899 1.7015651 -1.1236867 995.16 
20150625183916 -4.3059716 -12.740146 1.8243817 1.8310685 2.3448062 -0.018020526 995.16 
20150625183916 1.2850877 -7.5770497 6.145916 2.0796907 -0.2910773 0.18203785 995.16 
20150625183916 -0.6865373 -8.131308 -1.0636241 2.046704 -2.409558 0.07544186 995.16 
20150625183916 -1.027711 -4.607043 -4.8937483 2.5219572 -2.4132233 -1.4498887 995.16 
20150625183916 -1.0049661 -2.19249 -4.5005007 2.1523838 0.076358154 -2.3267858 995.16 
20150625183916 -1.5221137 -1.1198878 -3.9917328 1.5873333 2.0454822 -2.0427334 995.16 
20150625183916 -2.6060886 -1.0845734 -4.284424 1.2779301 1.1707232 -1.5876387 995.3 
20150625183916 -4.021062 -0.66139823 -1.934515 1.321607 0.9816604 -1.1914927 995.3 
20150625183916 -4.061165 0.20709845 -0.6183026 1.0079277 1.5451837 -0.88300574 995.3 
20150625183916 -5.6700683 -1.5628152 0.44592008 0.49510628 1.8191566 -0.5891795 995.3 
20150625183916 -3.776853 -7.2981253 2.2643163 0.016493361 1.9080375 -0.047647487 995.3 
20150625183916 -3.750517 -17.970879 7.0569096 -1.0690142 2.1520782 0.57787853 995.3 
20150625183916 1.7286136 -19.608511 19.608511 -2.436436 1.8417587 0.732122 995.3 
20150625183916 1.8680758 -12.302007 11.5951185 -2.2925773 1.6960673 0.8570439 995.3 
20150625183916 -0.7493851 -4.7949877 -3.1190462 0.2874121 0.41416663 0.4605924 995.3 
20150625183916 -5.4725466 -16.545729 -14.913483 2.6514606 -1.7635679 -0.65576386 995.22 
20150625183916 -9.13388 -6.6965823 -2.4851813 1.1786644 -1.2773192 -0.89644474 995.22 
20150625183916 -3.6140475 -9.054273 8.434174 0.027488936 -0.5195409 0.2959642 995.22 
20150625183916 1.9387048 -4.2371383 -7.7224975 -0.004276057 -2.574797 -0.3567453 995.22 
20150625183916 -5.969343 -10.62008 -13.244724 0.97219205 1.2379184 -0.0870483 995.22 
20150625183916 -5.229535 -14.881161 -4.0037036 -0.3622431 2.8588493 0.7315111 995.22 
20150625183916 3.2243912 -12.149377 5.4462104 -2.9220738 -1.1881329 0.627664 995.22 
20150625183916 -2.0201077 -10.5704 0.5279215 -3.02531 -1.3607023 0.7690793 995.22 
20150625183916 -2.204461 -10.347141 -3.6511576 -2.5170703 -1.0882565 0.3567453 995.22 
20150625183916 -0.3693056 -6.343437 -1.9734207 -2.449875 -1.1749994 0.36560285 995.07 
20150625183916 -0.41838676 -3.7978024 -2.8179753 -2.495079 -1.351234 0.52381694 995.07 
20150625183916 -3.2752678 -6.6750345 0.5823896 -1.4428637 -0.39278635 0.19608775 995.07 
20150625183916 -4.656722 -6.862979 -1.9357121 -0.8231409 0.6078109 0.46486846 995.07 
20150625183916 -3.2225955 -9.302073 -2.0817583 -1.7318029 0.33750305 0.45142943 995.07 
20150625183916 -0.22744916 -10.83077 0.7733272 -1.593442 -0.18234327 0.5983425 995.07 
20150625183916 2.641403 -10.574591 2.8856115 -1.3671165 -0.56688297 1.0231993 995.07 
20150625183917 4.135385 -12.849681 2.5396495 -1.5491543 -0.7788532 1.3924674 995.07 
20150625183917 1.9219455 -12.4785795 3.508104 -1.382999 -1.1398746 1.2733486 995.07 
20150625183917 0.06823475 -14.292786 0.78170687 -0.9202685 -1.4068227 0.81214535 995.12 
20150625183917 1.7615339 -14.195222 2.0925324 -0.45234573 -0.84421575 0.4560109 995.12 
20150625183917 2.2331917 -14.040796 4.4316673 0.008857546 -0.7122689 0.33383787 995.12 
20150625183917 4.39336 -12.532449 2.2798786 0.3118467 -0.5119051 0.40775254 995.12 
20150625183917 3.793014 -8.094796 1.7351977 1.180497 -1.0338894 0.18784106 995.12 
20150625183917 -2.3187842 -13.041815 1.7375919 2.0647244 -0.98715824 -0.61941737 995.12 
20150625183917 -4.8524485 -16.606182 -1.5334862 2.6600127 0.29443705 -1.361924 995.12 
20150625183917 -9.185953 -19.608511 -5.6281695 3.4681873 0.38026363 -1.7938058 995.12 
20150625183917 -9.009381 -19.608511 -1.9506758 2.7586675 -0.05589417 -1.7760907 995.12 
20150625183917 -6.956353 -15.905879 -2.0254946 1.600467 1.3255776 -1.0125091 995.06 
20150625183917 -5.0781016 -12.902951 0.9947908 1.8329011 1.5149459 0.29229903 995.06 
20150625183917 1.6454151 -7.875128 5.2049947 2.1175644 -1.6001616 0.3475823 995.06 
20150625183917 0.62967503 -7.4561424 0.6751649 2.0366247 -2.7162123 0.13927728 995.06 
20150625183917 -1.0510546 -4.857237 -5.1624975 2.2947154 -2.3414464 -1.2263119 995.06 
20150625183917 -0.7188591 -1.0839748 -4.2999864 1.8784106 -0.8038987 -2.4825563 995.06 
20150625183917 -1.7729063 -0.48003745 -4.936844 1.3503176 1.4181237 -2.1355848 995.06 
20150625183917 -2.5378537 -0.5614403 -3.9683893 1.2134838 1.1502593 -1.7464638 995.06 
20150625183917 -3.1214404 -0.16938977 -2.2864625 1.6542231 0.9505063 -1.1203269 995.06 
20150625183917 -2.8030117 -0.40701428 0.049679685 1.2577715 1.3946054 -0.82558435 995.13 
20150625183917 -3.572149 -2.783858 1.5658079 0.52564955 1.8414533 -0.5012149 995.13 
20150625183917 -1.0893618 -9.427768 2.8712463 -0.116980694 2.014939 -0.16982053 995.13 
20150625183917 -1.3269863 -18.966267 4.9027267 -0.9935723 2.0900755 0.121256754 995.13 
20150625183917 1.8525136 -19.608511 19.503765 -2.3930645 2.083356 0.28924468 995.13 
20150625183917 -2.7724855 -10.786477 16.529568 -2.1847596 1.817935 0.05497787 995.13 
20150625183917 -3.9588125 -0.24420857 3.120842 1.5121969 0.86437434 -0.5332854 995.13 
20150625183917 -9.197326 -18.555063 -9.178172 1.8625281 -0.602924 -1.0919216 995.13 
20150625183917 -5.9627595 -13.351266 -5.771223 1.1068878 -1.4608842 -0.43218717 995.13 
20150625183917 0.4770447 -6.2315083 -1.5873557 0.3277292 -0.24587326 1.1475104 995.21 
20150625183917 -2.5258827 -8.1959505 1.3964181 0.6453791 -0.52412236 0.91446525 995.21 
20150625183917 -3.6984432 -6.2183404 -10.38066 -0.051923547 -0.9068295 0.12767084 995.21 
20150625183917 -5.0020857 -11.719019 -9.1255 0.098043874 0.5571091 0.46578476 995.21 
20150625183917 -1.2838906 -14.416087 -1.1797429 -1.6896533 -1.2034045 0.91904676 995.21 
20150625183917 2.2942438 -11.137826 0.82121116 -3.011871 -1.2831224 0.82619524 995.21 
20150625183917 -0.997185 -11.031883 0.65301853 -3.3588426 -1.6514742 0.7806858 995.21 
20150625183917 -0.62009823 -10.11251 -2.52289 -2.933375 -1.0461067 0.20555615 995.21 
20150625183917 0.82121116 -3.2190042 -3.6128504 -2.4248295 -1.883603 0.39828414 995.21 
20150625183917 -2.870648 -6.2434793 -1.2378023 -1.6258179 -0.9098838 0.6056729 995.07 
20150625183917 -2.9592333 -7.6973586 0.11312603 -0.79901177 0.14996742 0.5699373 995.07 
20150625183917 -2.295441 -8.585608 -1.7088615 -1.6019942 0.22540927 0.57757306 995.07 
20150625183917 -2.4025815 -9.615712 0.05865794 -1.6487253 -0.33353242 0.5671884 995.07 
20150625183917 -0.6087258 -9.773131 3.0591912 -1.3487904 -0.4914411 0.8509353 995.07 
20150625183917 2.882619 -11.733982 2.0811598 -1.3225232 -0.56138515 1.1346822 995.07 
20150625183917 5.1223946 -13.106459 3.3267434 -1.3991868 -0.6536258 1.393689 995.07 
20150625183917 1.1845313 -12.657546 2.8054059 -1.131017 -1.2495248 1.1582005 995.07 
20150625183917 -0.2220622 -13.9198885 0.41838676 -0.67347896 -1.0082331 0.77121735 995.07 
20150625183917 1.3174095 -12.97358 3.515885 -0.018020526 -0.97097033 0.36987892 995.18 
20150625183917 4.292804 -13.53562 3.2225955 0.16187929 -0.57879484 0.28130344 995.18 
20150625183917 5.269638 -9.386468 1.1773487 0.61544675 -0.64721173 0.4089743 995.18 
20150625183918 2.1212628 -10.335769 1.9686323 1.6465873 -0.9831876 0.029626964 995.18 
20150625183918 -4.196437 -16.255432 1.5011644 2.3726006 -0.1695151 -1.0088439 995.18 
20150625183918 -5.261258 -17.51598 -3.482965 3.3096678 0.7492262 -1.8124372 995.18 
20150625183918 -10.746374 -19.608511 -4.8548427 3.3157766 0.02565634 -1.8148806 995.18 
20150625183918 -5.122993 -17.867928 -1.2138603 2.252871 0.19517145 -1.6029104 995.18 
20150625183918 -7.291541 -16.188993 -1.3156139 1.1221595 1.6383406 -0.43768495 995.18 
20150625183918 -4.1934443 -13.421296 3.1992521 2.0421226 1.3756685 -0.05467244 995.1 
20150625183918 1.3090298 -8.247426 1.7244238 2.2293527 -1.8393153 -0.17440203 995.1 
20150625183918 -1.5765818 -7.055114 -2.2451627 2.415972 -2.1930063 -0.28008172 995.1 
20150625183918 -1.0193313 -3.3135753 -4.249708 2.3808472 -1.6914859 -1.6551393 995.1 
20150625183918 -0.6584055 -1.3102269 -3.6529531 1.8875736 0.42394048 -2.3893993 995.1 
20150625183918 -1.1725603 -0.7404069 -3.6290112 1.4114041 1.2815952 -1.9847012 995.1 
20150625183918 -3.0400376 -0.30226797 -3.2842462 1.5146403 0.77640975 -1.5760323 995.1 
20150625183918 -3.8786068 0.10594343 -0.81283146 1.4395039 1.2757921 -1.1472049 995.1 
20150625183918 -3.6804867 0.6703765 0.22804771 0.8518516 1.7137824 -0.72509706 995.1 
20150625183918 -4.06296 -3.651756 1.738789 0.27488935 1.9398025 -0.25717425 995.17 
20150625183918 -2.2798786 -9.309255 4.3197384 -0.45845437 2.2226331 0.2724459 995.17 
20150625183918 -0.79008657 -19.583372 10.042479 -1.8093829 2.2421808 0.81031275 995.17 
20150625183918 0.32142156 -19.608511 19.608511 -2.6364944 1.9385809 0.8323039 995.17 
20150625183918 1.2665327 -4.1198225 12.906543 -1.7498235 1.8640553 0.80573124 995.17 
20150625183918 -2.754529 -5.2624555 -17.045519 2.1276436 0.07574729 -0.04062254 995.17 
20150625183918 -10.113707 -14.565126 -10.655993 2.4193318 -1.4813483 -0.92179567 995.17 
20150625183918 -8.402451 -9.273342 8.7609825 0.19975294 -0.7687739 -0.45845437 995.17 
20150625183918 1.8423382 -12.114062 -0.4285621 -0.09407325 -1.926669 0.37598756 995.17 
20150625183918 -2.1057005 -6.533178 -11.623849 0.052839845 -1.9257526 0.08857546 995.37 
20150625183918 -6.05733 -9.063251 -9.96766 1.4052955 2.270586 0.5839872 995.37 
20150625183918 -3.8839936 -12.677298 -3.430891 -2.4211645 -1.0048733 0.8454375 995.37 
20150625183918 2.461838 -12.545617 0.8074445 -2.7898216 -0.42058071 0.5726862 995.37 
20150625183918 -0.60693014 -13.930064 0.5303157 -3.0491338 -0.79168135 0.73761976 995.37 
20150625183918 -1.5263035 -8.823831 -0.25737667 -2.7320948 -0.5381723 0.067500606 995.37 
20150625183918 -1.1587936 -2.516306 -3.7870286 -2.5314255 -1.0241156 -0.3173445 995.37 
20150625183918 -3.6421793 -5.455787 -1.2791022 -1.5711454 -0.9456194 0.12644911 995.37 
20150625183918 -3.1896753 -6.6732388 0.21667525 -0.79534656 0.46486846 0.537256 995.37 
20150625183918 -1.9327193 -8.152855 -2.5713725 -1.6789632 0.37140608 0.5546656 995.21 
20150625183918 -0.6787562 -10.183737 -0.17477672 -1.7632625 -0.3717115 0.6826419 995.21 
20150625183918 1.2246342 -10.272921 1.963844 -1.4874569 -0.5332854 0.9801333 995.21 
20150625183918 1.8656816 -11.575965 2.4510639 -1.4544702 -0.6450737 1.2238685 995.21 
20150625183918 1.8489223 -12.226589 4.007295 -1.416902 -0.79534656 1.2391402 995.21 
20150625183918 0.62129533 -12.590508 1.174356 -1.2030991 -0.8793405 1.0396926 995.21 
20150625183918 1.9476831 -13.573927 0.5374983 -0.74372846 -0.82894415 0.65668017 995.21 
20150625183918 2.445677 -12.6222315 3.7750576 -0.093767814 -0.59681535 0.4886922 995.21 
20150625183918 3.614646 -13.45721 2.5594015 0.0842994 -0.50885075 0.4196644 995.21 
20150625183918 4.1252093 -10.888829 0.96187055 0.7119634 -0.63346726 0.25625798 995.19 
20150625183918 -0.25198972 -9.768343 2.9406781 1.4905112 -0.7629707 -0.053145275 995.19 
20150625183918 -3.681085 -15.206772 1.8656816 2.1783454 -0.13194689 -1.0421361 995.19 
20150625183918 -4.0659533 -16.80969 -3.9366663 3.1462615 0.61178154 -1.5436565 995.19 
20150625183918 -9.85633 -19.608511 -4.619014 3.324634 -0.067500606 -1.600467 995.19 
20150625183918 -6.0998273 -19.070415 -1.6897079 2.1068742 0.41996986 -1.7672331 995.19 
20150625183918 -6.31351 -16.415844 -0.8924387 1.4691309 1.6865989 -1.0558805 995.19 
20150625183918 -1.763928 -12.535441 2.9975405 1.9361374 0.8436049 -0.081855945 995.19 
20150625183919 1.982399 -8.356961 4.103063 1.971873 -1.9804251 0.22479841 995.19 
20150625183919 -0.65660983 -7.6249337 -2.3948002 2.2434027 -2.147802 -0.36896262 995.07 
20150625183919 -0.7589619 -4.148553 -5.523423 2.3808472 -1.4740179 -1.9758437 995.07 
20150625183919 -1.4395138 -1.4431051 -3.8947675 1.9877555 1.0213667 -2.349693 995.07 
20150625183919 -2.3882163 -1.1330559 -4.361038 1.4043792 1.9398025 -1.9077321 995.07 
20150625183919 -3.5296519 -1.1510124 -3.5757403 1.351234 1.0748174 -1.4495832 995.07 
20150625183919 -4.1024647 -0.01436521 -1.7052702 1.3655893 1.3921618 -1.1255192 995.07 
20150625183919 -4.2036195 0.8798691 0.24121583 0.8371908 1.7085901 -0.7357872 995.07 
20150625183919 -4.2862196 -2.7629087 0.78769237 0.45081854 2.0405953 -0.35277468 995.07 
20150625183919 -3.0609868 -8.366538 2.369661 -0.15149458 2.0665572 0.23548855 995.07 
20150625183919 -3.8744168 -18.450317 9.36492 -1.4618006 2.0011945 0.8002335 995.32 
20150625183919 -1.6579847 -19.608511 19.074007 -2.833193 1.63437 0.95569867 995.32 
20150625183919 1.453879 -13.573927 11.620856 -2.0479257 1.2916746 1.1007792 995.32 
20150625183919 3.752911 -5.4743423 0.42078096 0.8176431 0.08307768 0.5907067 995.32 
20150625183919 -4.004901 -19.608511 -15.680824 2.586098 -1.790446 -0.6203337 995.32 
20150625183919 -7.6069775 -7.297527 -3.489549 1.0870347 -0.7293731 -1.1582005 995.32 
20150625183919 -5.4324436 -2.6192567 16.463129 -0.31123585 -0.6423248 0.18173242 995.32 
20150625183919 -0.88525605 1.168969 -7.3938932 0.27916542 -2.6603181 -0.6957755 995.32 
20150625183919 -4.2999864 -10.304645 -15.442002 1.0290025 0.28985557 -0.4841107 995.32 
20150625183919 -5.6527104 -18.413206 -7.0006456 0.689056 3.309057 1.1386528 995.15 
20150625183919 5.3821654 -15.685613 2.292448 -3.4272594 -0.8533788 1.3106114 995.15 
20150625183919 2.3768437 -14.370597 4.138976 -3.0457742 -1.3316863 1.0842859 995.15 
20150625183919 -1.7669208 -11.360487 0.27234045 -2.535396 -2.0900755 -0.26450464 995.15 
20150625183919 -1.2551602 -5.6359506 -1.5508442 -2.0916026 -1.0183123 -1.149343 995.15 
20150625183919 -2.2732944 -1.6591818 -3.41473 -2.038152 -1.4278975 -0.20647246 995.15 
20150625183919 -4.5082817 -7.1526775 -2.7377696 -1.3252722 0.16279559 0.6065892 995.15 
20150625183919 -2.1697452 -7.4806833 -0.8870517 -0.64812803 1.1786644 0.5900958 995.15 
20150625183919 -1.1947067 -8.347384 -1.115698 -1.8402315 0.5421429 0.6356053 995.15 
20150625183919 -1.1366472 -10.370484 0.56682724 -1.790446 -0.1881465 0.795652 995.13 
20150625183919 -1.1976994 -9.855133 1.4700398 -1.3967434 -0.73975784 0.95203346 995.13 
20150625183919 1.0857705 -10.199299 1.6801311 -1.4278975 -0.8509353 1.1325442 995.13 
20150625183919 3.6415808 -12.7497225 2.943671 -1.3594806 -0.5589417 1.3045027 995.13 
20150625183919 3.5913026 -12.624027 1.939902 -1.0170907 -0.8604037 1.1490375 995.13 
20150625183919 0.23403321 -12.409746 2.393603 -0.6945538 -1.1206323 0.82924956 995.13 
20150625183919 -0.5931635 -13.156737 2.7844565 -0.14752395 -0.874759 0.3659083 995.13 
20150625183919 2.96881 -13.422493 2.5899277 0.27947086 -0.6044512 0.05681047 995.13 
20150625183919 4.4675803 -9.520543 1.2012907 1.001819 -0.47494772 0.10354166 995.13 
20150625183919 -0.1340753 -9.141661 2.8287494 1.8078557 -1.0772609 -0.31581733 995.13 
20150625183919 -4.3305125 -14.985309 3.5655649 2.324953 -0.2415972 -1.1307116 995.13 
20150625183919 -5.5282116 -18.747198 -2.1505916 3.2519412 0.19303341 -1.638646 995.13 
20150625183919 -8.556278 -19.608511 -4.5112743 3.150232 -1.0158689 -1.7919732 995.13 
20150625183919 -3.1495724 -17.120338 -2.695871 2.2180517 -0.1255328 -1.4013249 995.13 
20150625183919 -4.648941 -15.028404 0.7733272 1.4468343 1.7293595 -0.17501289 995.13 
20150625183919 -0.17357962 -10.895413 9.220071 1.8509218 0.537256 -0.26083946 995.13 
20150625183919 0.29149407 -8.622718 -0.14664486 1.926669 -2.1960607 -0.4914411 995.13 
20150625183919 -0.99419224 -6.4427967 -4.55856 2.194228 -2.982855 -1.0409144 995.13 
20150625183919 -1.8525136 -3.164536 -5.1846437 1.8121318 -0.38087448 -1.8173242 995.17 
20150625183919 -2.8880057 -1.654992 -3.7774518 1.4440855 1.9816469 -1.711339 995.17 
20150625183919 -2.5396495 -1.87047 -2.767697 1.2913691 1.061073 -1.4330899 995.17 
20150625183919 -3.0789435 -1.7441759 -2.4654293 1.4957036 0.61758476 -1.103528 995.17 
20150625183920 -3.855862 -1.0402806 -0.14305355 1.1319333 0.97433007 -0.93951076 995.17 
20150625183920 -4.3400893 -0.30466217 0.97623575 0.49877146 1.5647314 -0.6188065 995.17 
20150625183920 -4.088698 -3.6942532 1.3263878 0.04642576 1.6856827 -0.0067195175 995.17 
20150625183920 -1.7711107 -9.438541 3.3506854 -0.5170974 1.6514742 0.5216789 995.17 
20150625183920 0.39085343 -18.901026 8.45213 -1.9474384 1.6887369 1.099252 995.17 
20150625183920 4.2503066 -19.608511 19.608511 -2.894585 1.4935656 0.95294976 995.22 
20150625183920 0.7679402 -7.9272017 10.447099 -1.4031575 1.5329664 0.7351763 995.22 
20150625183920 -4.5118732 -5.529409 -0.13347675 2.2562308 0.20097467 -0.30634892 995.22 
20150625183920 -5.9106855 -18.000805 -11.845911 2.2314909 -1.0894781 -0.84238315 995.22 
