20150625183408 13.454815 -1.5245079 1.5382746 0.5946773 -0.26053402 -0.312763 994.85 
20150625183408 14.972739 -0.038307227 3.3662477 0.56291234 -0.1459968 -0.1966986 994.85 
20150625183408 12.591705 1.4945804 3.122039 0.6068946 -0.0015271631 -0.18784106 994.85 
20150625183408 11.55741 2.7084408 -1.483208 0.78801614 0.13041973 -0.20647246 994.85 
20150625183408 13.579912 4.1198225 -2.7455509 0.59131753 0.45662177 -0.05222898 994.85 
20150625183408 12.047025 -0.7092823 -3.007716 0.18967366 0.25534168 -0.23732115 994.85 
20150625183408 10.469246 -1.1330559 -4.1880574 0.30879238 -0.38912117 -0.3417791 994.85 
20150625183408 9.762358 0.19871874 -3.3848026 0.01740966 -0.25167647 -0.099571034 994.83 
20150625183408 13.764266 1.186327 -2.1068976 -0.008552114 0.16707164 -0.013133603 994.83 
20150625183408 14.391546 0.006584055 -3.0376434 0.4465425 0.38423425 -0.03634648 994.83 
20150625183408 12.956821 -1.009156 -2.7952304 0.46609017 0.18234327 -0.13500121 994.83 
20150625183408 11.018116 -1.4287399 -1.7357962 0.21563543 0.19730948 -0.13591751 994.83 
20150625183408 8.6574335 -1.0390835 -0.7098808 -0.002443461 0.20647246 0.052534413 994.83 
20150625183408 6.055535 -0.74399817 -0.5895722 -0.019547688 0.31856623 0.21533 994.83 
20150625183408 4.6537294 -0.40761283 -0.33279404 0.18906279 0.41172317 0.34330627 994.83 
20150625183408 4.302979 0.07062895 -0.29508537 0.4447099 0.37782016 0.44257188 994.83 
20150625183408 3.681085 0.16699557 -0.8888474 0.60048056 0.17256944 0.42638394 994.84 
20150625183408 4.027047 0.14425065 -0.6464345 0.63316184 0.10567969 0.30726522 994.84 
20150625183408 5.61141 0.10055647 0.20709845 0.41996986 0.057421334 0.1731803 994.84 
20150625183408 7.5525093 -1.3162124 0.65242 0.129198 -0.01863139 0.15118915 994.84 
20150625183408 9.002797 -1.6089035 0.62009823 0.032070424 0.017104227 0.08460484 994.84 
20150625183408 9.450513 -1.1186907 0.31603462 -0.040927973 0.022602014 0.025961773 994.84 
20150625183408 9.584588 -1.2000936 0.29628247 -0.098043874 -0.016493361 -0.024129177 994.84 
20150625183408 11.386824 -0.94331545 1.7357962 -0.21777347 0.17592919 -0.037873644 994.84 
20150625183408 13.058575 -1.7567455 2.124854 -0.3304781 0.26939157 -0.03268129 994.84 
20150625183408 14.045585 -3.2860417 3.0747535 -0.19822577 0.28588495 -0.07941248 994.78 
20150625183408 14.200609 -3.4219127 4.3448777 -0.05467244 0.18784106 -0.058643065 994.78 
20150625183408 12.798803 -2.1290438 3.1310172 -0.004581489 0.2312125 0.14110987 994.78 
20150625183408 13.019669 -0.23343466 0.2633622 -0.007941248 0.4428773 0.19425514 994.78 
20150625183408 12.006922 -0.7703344 -3.5260606 -0.01863139 0.47952923 0.15943582 994.78 
20150625183408 9.3978405 -1.8938135 -4.5914803 0.06872234 0.23273966 0.23426682 994.78 
20150625183408 9.242816 -1.5652094 -4.672883 0.26206118 -0.183565 0.3894266 994.78 
20150625183408 11.6507845 -0.17477672 -1.3676877 0.29016098 -0.3368922 0.3811799 994.78 
20150625183408 14.244303 0.21308395 0.08140286 -0.0021380284 0.02687807 0.32650748 994.78 
20150625183408 14.794371 0.7811083 -0.830788 0.1881465 0.2996294 0.2761111 994.78 
20150625183408 12.507908 1.2186487 -1.3096284 0.34513888 0.07238753 0.16432275 994.78 
20150625183408 9.81503 0.2717419 -0.7320272 0.33353242 -0.0027488936 -0.16218472 994.78 
20150625183408 7.145495 -0.7787141 -0.6087258 0.28588495 -0.022602014 -0.41722095 994.78 
20150625183408 5.003283 -1.5717934 -0.41958386 0.2883284 0.11148291 -0.5006041 994.78 
20150625183408 4.2275615 -2.2942438 0.17836803 0.32620203 0.22693644 -0.4615087 994.78 
20150625183408 4.4143095 -1.1695676 0.61530983 0.3811799 0.070554934 -0.3866777 994.78 
20150625183408 4.533421 -0.06284779 0.15741876 0.3820962 -0.15241088 -0.27183503 994.78 
20150625183408 4.995502 0.4177882 0.2172738 0.45753807 -0.2779437 -0.2602286 994.78 
20150625183408 5.547964 0.19153613 0.11611878 0.54611355 -0.36010507 -0.17989981 994.87 
20150625183408 6.9024835 0.18195933 0.40342298 0.6230826 -0.45265114 -0.0693332 994.87 
20150625183408 9.38168 0.4866215 0.47225627 0.6404922 -0.41172317 0.05467244 994.87 
20150625183408 10.316615 0.64823014 0.62608373 0.64599 -0.38789943 0.077579886 994.87 
20150625183408 11.127651 -0.095768064 -0.6560113 0.70249504 -0.3191771 0.009773844 994.87 
20150625183408 13.736134 1.127669 0.8750807 0.7141015 -0.1328632 -0.003970624 994.87 
20150625183409 17.188572 3.4249055 2.8514943 0.50762904 -0.13469578 0.13683382 994.87 
20150625183409 16.63192 1.3682863 3.3141737 0.35521814 -0.1908954 0.062002823 994.87 
20150625183409 11.991958 -0.0017956513 -2.4361002 0.43860126 -0.025350908 -0.19150625 994.87 
20150625183409 13.965379 2.8335378 -6.097433 0.24678956 0.47525316 -0.10903945 994.85 
20150625183409 11.503541 3.98874 -3.164536 -0.003970624 0.6411031 -0.13164146 994.85 
20150625183409 9.764751 -0.18794483 -1.6250644 -0.1441642 -0.07544186 -0.45356745 994.85 
20150625183409 13.707403 -1.13964 -0.6159084 -0.24312437 -0.10903945 -0.2648101 994.85 
20150625183409 15.644911 -1.1133038 -1.1145009 -0.1518 0.34483343 -0.047647487 994.85 
20150625183409 14.620791 -0.09995792 -1.0911574 0.095294975 0.6469063 0.01038471 994.85 
20150625183409 12.520478 0.86370826 -1.4688427 -0.0061086523 0.56199604 -0.07788532 994.85 
20150625183409 9.124303 0.98341835 -1.4520833 -0.24281894 0.20066923 -0.03023783 994.85 
20150625183409 6.2285156 0.05207389 -1.0283096 -0.36071593 -0.06658431 0.028405234 994.85 
20150625183409 4.1359835 -0.79846627 -0.1364695 -0.29749137 0.112399206 0.32742378 994.92 
20150625183409 3.0639796 -0.39384618 0.09935937 -0.172264 0.39522982 0.593761 994.92 
20150625183409 2.5863364 -0.25977087 -0.59615624 -0.13897185 0.38026363 0.60231316 994.92 
20150625183409 3.3129766 -0.45250413 -0.7092823 -0.15577064 0.23579398 0.42485678 994.92 
20150625183409 5.0308166 -0.58298814 -0.31902736 -0.23976462 0.03176499 0.15974127 994.92 
20150625183409 7.9092455 -0.29388827 0.56443304 -0.4202753 -0.29077184 0.07391469 994.92 
20150625183409 9.19553 0.02932897 0.4985925 -0.552833 -0.3921755 0.076052725 994.92 
20150625183409 9.66659 -1.389834 0.48841715 -0.63285637 -0.25473082 0.07849618 994.92 
20150625183409 11.11149 -3.2106245 1.4544775 -0.6169739 0.030848695 0.09437868 994.92 
20150625183409 13.444639 -3.4398694 3.5763388 -0.59589905 0.030848695 0.0720821 994.88 
20150625183409 12.889185 -3.4991257 3.6415808 -0.46028697 0.0290161 0.06414085 994.88 
20150625183409 12.921507 -2.433706 3.7642837 0.0018325958 0.059864793 0.014049901 994.88 
20150625183409 11.654974 -0.260968 1.9794062 0.29565877 0.16890424 0.28710666 994.88 
20150625183409 12.039244 2.3253684 -3.0346506 0.40317106 0.2724459 0.34697145 994.88 
20150625183409 9.211093 -0.7302315 -6.2464724 0.2751948 0.3023783 0.20005837 994.88 
20150625183409 9.898229 -2.7275944 -4.6980224 0.13805555 0.16554448 0.32528573 994.88 
20150625183409 14.673464 -0.19812019 -0.21547815 -0.2782491 -0.34391713 0.7489208 994.88 
20150625183409 18.335396 0.5255273 0.42317516 -0.23182335 0.013744468 0.78038037 994.88 
20150625183409 17.26399 -0.2657564 -1.4437037 0.1282817 0.36865717 0.55924714 994.85 
20150625183409 13.161526 0.11671733 -1.1162965 0.096516706 0.07269296 0.14721853 994.85 
20150625183409 8.4647 -0.30885202 -0.29628247 -0.0106901415 0.05222898 -0.24037547 994.85 
20150625183409 5.525219 -1.4287399 0.87448215 0.01740966 0.20463985 -0.49846604 994.85 
20150625183409 3.2082303 -2.8107927 0.79367787 0.12889257 0.32070425 -0.6722572 994.85 
20150625183409 3.0723593 -2.7862523 0.11731588 0.41722095 0.29565877 -0.6966918 994.85 
20150625183409 2.9694088 -0.5650316 -0.30107087 0.59742624 0.10934488 -0.61361414 994.85 
20150625183409 3.2734723 1.1180922 -0.12150574 0.5873469 -0.12492194 -0.52503866 994.85 
20150625183409 4.961983 1.7501614 0.46806642 0.6224717 -0.30390546 -0.44837508 994.85 
20150625183409 6.421249 1.0432734 0.6194997 0.6780604 -0.54092115 -0.2098322 994.88 
20150625183409 8.298303 -0.338181 0.14544775 0.7119634 -0.7247916 -0.018020526 994.88 
20150625183409 10.729615 0.050278235 1.3718776 0.7693848 -0.6609562 0.116980694 994.88 
20150625183409 11.79683 1.4024036 0.6063316 0.7141015 -0.4129449 0.13897185 994.88 
20150625183409 12.402563 2.095525 0.2705448 0.6985244 -0.19914207 0.112399206 994.88 
20150625183409 14.4933 3.5362358 1.4101849 0.50762904 -0.05100725 0.17592919 994.88 
20150625183409 15.213356 2.111686 3.333926 0.23335053 -0.016493361 0.17654006 994.88 
20150625183409 12.919112 -1.1881226 -0.28670564 0.08582657 -0.013133603 -0.18142697 994.88 
20150625183409 13.57692 -0.3728969 -6.42903 0.005192355 0.19547687 -0.24312437 994.88 
20150625183409 14.9386215 1.6178818 -3.8911762 -0.19211712 0.65148777 -0.13622294 994.91 
20150625183409 10.027515 0.480636 -2.6222494 -0.24495697 0.052839845 -0.4642576 994.91 
20150625183410 11.184513 -1.1300632 -0.30346507 -0.3463606 -0.46120325 -0.66859204 994.91 
20150625183410 15.35222 0.15203181 -0.53809685 -0.25442538 0.5723807 -0.49021935 994.91 
20150625183410 15.608998 0.2813187 -1.0582372 0.23884831 0.79137594 -0.03848451 994.91 
20150625183410 12.748526 0.14844051 -1.2515689 0.25473082 0.45112398 0.12339478 994.91 
20150625183410 8.77834 0.23942018 -0.8822633 -0.053145275 0.015577064 0.21410827 994.91 
20150625183410 4.685453 0.51475334 -0.76554596 -0.28008172 -0.17256944 0.31520647 994.91 
20150625183410 2.0033484 1.1192893 -0.3890578 -0.26358834 -0.040317107 0.38331795 994.91 
20150625183410 1.4796166 0.8738836 -0.44711718 -0.258396 0.31490102 0.45753807 994.86 
20150625183410 2.381632 -0.6332663 -1.0827777 -0.20922135 0.3481932 0.44318274 994.86 
20150625183410 5.0062757 -1.186327 -0.4818331 -0.19333886 0.15332718 0.32162055 994.86 
20150625183410 7.0688806 -0.8882488 0.14903906 -0.36041048 -0.3231477 0.19792034 994.86 
20150625183410 7.8547773 -0.272939 0.12509704 -0.51068336 -0.6954701 0.13500121 994.86 
20150625183410 9.805453 -0.006584055 1.1318588 -0.6621779 -0.6221663 0.0729984 994.86 
20150625183410 10.757148 -2.0895395 0.8846575 -0.74464476 -0.33964106 0.056199603 994.86 
20150625183410 12.118252 -4.07553 1.7992426 -0.6133087 -0.0983493 0.019547688 994.86 
20150625183410 13.333309 -3.37762 2.6557682 -0.537256 0.0693332 -0.008857546 994.86 
20150625183410 12.836513 -3.66253 3.323152 -0.33108896 0.13713925 -0.04153884 994.89 
20150625183410 12.724584 -2.9646204 4.0144777 0.004886922 0.26816985 -0.099265605 994.89 
20150625183410 12.32116 -0.65421563 2.7868507 0.16707164 0.4071417 0.18295415 994.89 
20150625183410 12.316971 2.0242975 -1.8788497 0.28344148 0.32711834 0.3210097 994.89 
20150625183410 11.574768 2.0644004 -4.9338512 0.20372356 0.18051068 0.23182335 994.89 
20150625183410 9.288904 -2.6677392 -4.841076 0.046731193 -0.064446285 0.26939157 994.89 
20150625183410 10.688315 -2.4229321 -3.6601357 0.12736541 -0.49480084 0.48716503 994.89 
20150625183410 12.91193 0.10115502 -0.036511578 -0.093767814 -0.41599923 0.64751714 994.89 
20150625183410 15.626954 -0.81761986 0.3573346 -0.22785273 0.23976462 0.4642576 994.89 
20150625183410 14.565126 -0.008379706 -1.1402385 -0.0033597588 0.33536503 0.2510656 994.82 
20150625183410 11.178528 0.32022446 -1.1079168 0.08857546 -0.089186326 0.08124508 994.82 
20150625183410 7.750031 -0.34715924 -0.04129998 0.18417588 -0.24220806 -0.28924468 994.82 
20150625183410 3.9534256 -2.4660277 0.06344634 0.2910773 -0.18845193 -0.550695 994.82 
20150625183410 2.8682537 -3.7804444 0.17956513 0.44593164 0.12522738 -0.6743952 994.82 
20150625183410 2.7246015 -1.6304513 -0.31423897 0.6545421 0.24770586 -0.6056729 994.82 
20150625183410 3.3752258 0.9283517 -0.34237084 0.65393126 0.062002823 -0.4596761 994.82 
20150625183410 5.1385555 2.4091654 0.3609259 0.6918049 -0.13255776 -0.41141775 994.82 
20150625183410 6.6307416 1.9087774 0.3333926 0.71868294 -0.49754974 -0.32986724 994.82 
20150625183410 7.8410106 0.29807812 -0.22445641 0.6747007 -0.72082096 -0.15302174 994.84 
20150625183410 9.977237 -0.17298107 0.3226187 0.64965516 -0.7284568 -0.023518313 994.84 
20150625183410 11.551425 0.34715924 1.5861586 0.64751714 -0.50732356 0.083383106 994.84 
20150625183410 12.558785 1.0307038 0.3172317 0.66553766 -0.35216382 0.10751228 994.84 
20150625183410 13.112444 2.1033063 0.7200562 0.63071835 -0.16218472 0.09101892 994.84 
20150625183410 15.154698 3.590704 2.835932 0.20830505 -0.045814894 0.13500121 994.84 
20150625183410 14.384364 0.2184709 3.6553473 0.05375614 0.08032878 0.01740966 994.84 
20150625183410 12.87482 -2.5917234 -3.558981 0.08155051 0.079107046 -0.2706133 994.84 
20150625183410 13.600263 -0.38486794 -7.2221093 0.015577064 0.34666604 -0.070554934 994.84 
20150625183410 13.095685 2.2876596 -3.0214825 -0.03268129 0.60903263 -0.13194689 994.89 
20150625183410 10.539874 -0.074220255 -1.8441339 -0.051618114 -0.61819565 -0.43127087 994.89 
20150625183410 12.968792 -1.4939818 -1.0049661 -0.12370021 -0.40011674 -0.64996064 994.89 
20150625183410 15.126566 -0.2172738 -1.2090719 0.116980694 0.5140431 -0.3222314 994.89 
20150625183410 13.96478 -0.36152446 -1.638831 0.2773328 0.68966687 -0.122783914 994.89 
20150625183410 10.699687 -0.6422446 -1.4622587 0.21868975 0.46303585 0.11881329 994.89 
20150625183410 6.3177 -0.17238252 -1.0947487 0.103847094 -0.056199603 0.27397305 994.89 
20150625183411 3.117849 0.9451111 -0.95827925 0.06994407 -0.17562376 0.32253686 994.89 
20150625183411 1.5269021 2.0757728 -0.75237787 -0.01160644 0.10170906 0.40317106 994.89 
20150625183411 2.3702598 1.4873978 -0.19033903 -0.1020145 0.27305678 0.46792278 994.89 
20150625183411 4.159327 -0.57161564 -0.3681085 -0.13897185 0.2171626 0.41691554 994.89 
20150625183411 5.7245364 -1.4766239 -0.15981296 -0.15027285 -0.090713486 0.27763826 994.89 
20150625183411 6.862979 -1.0905589 -0.4261679 -0.26847526 -0.3313944 0.13927728 994.89 
20150625183411 8.783728 -0.5153519 0.017956512 -0.4297437 -0.4447099 0.14110987 994.89 
20150625183411 10.144831 -1.009156 0.7374141 -0.54061574 -0.27091873 0.09682214 994.89 
20150625183411 11.632828 -2.3295584 1.429937 -0.5910121 -0.1600467 0.07391469 994.89 
20150625183411 13.112444 -2.5252843 2.5953147 -0.5525276 -0.028710667 0.00580322 994.89 
20150625183411 12.164939 -2.8981812 2.1164744 -0.4352415 0.050396383 -0.074830994 994.89 
20150625183411 12.520478 -3.752911 3.743933 -0.1133155 0.18112154 -0.15149458 994.89 
20150625183411 13.170504 -2.6246436 3.3441012 0.11789699 0.33750305 -0.115453534 994.89 
20150625183411 13.371018 0.93613285 0.6452374 0.23701571 0.31612277 0.18112154 994.89 
20150625183411 12.413936 3.1908724 -4.9919105 0.17837265 0.42149702 0.25717425 994.89 
20150625183411 8.548497 -2.5025394 -6.4487824 0.042760566 0.40866885 0.124311075 994.89 
20150625183411 10.1382475 -4.011485 -3.6230257 0.089186326 0.25870144 0.30085114 994.89 
20150625183411 12.856863 -1.210269 -1.9057846 0.10476339 -0.39522982 0.7968737 994.89 
20150625183411 16.170439 0.83976626 -0.0796072 0.12705997 -0.1151481 0.72051555 994.89 
20150625183411 16.74026 0.095169514 -1.1348516 0.1853976 0.1853976 0.45356745 994.89 
20150625183411 11.749545 0.061052144 -0.80445176 0.22785273 0.04795292 0.06963864 994.86 
20150625183411 7.778163 -0.31543607 -0.04070143 0.14844026 0.038789943 -0.2519819 994.86 
20150625183411 5.0984526 -1.4185646 0.5895722 0.19272798 0.10415252 -0.4541783 994.86 
20150625183411 2.8173769 -2.9813797 0.35553896 0.3042109 0.18325958 -0.5580254 994.86 
20150625183411 2.8820202 -2.7521348 0.30047232 0.5839872 0.2648101 -0.59620446 994.86 
20150625183411 3.304597 -0.6171055 -0.10235212 0.8035932 0.13652839 -0.49296826 994.86 
20150625183411 4.349067 1.0564415 -0.12330139 0.7828238 -0.20311269 -0.4266894 994.86 
20150625183411 6.2823853 2.368464 0.37828386 0.7275405 -0.3717115 -0.37507126 994.86 
20150625183411 7.641693 1.821389 0.6242881 0.6579019 -0.6026186 -0.21410827 994.86 
20150625183411 9.424176 0.51595044 0.46088383 0.6435465 -0.6722572 -0.032070424 994.83 
20150625183411 10.621876 0.4297592 1.1294646 0.732122 -0.44959682 0.06841691 994.83 
20150625183411 11.7303915 0.79008657 -0.010773907 0.8151997 -0.27977628 0.0983493 994.83 
20150625183411 12.557588 0.98222125 0.44891283 0.7855727 -0.15210545 0.056199603 994.83 
20150625183411 14.845247 3.550601 1.6932992 0.45631635 -0.08277224 0.13103059 994.83 
20150625183411 14.781801 2.3187842 3.9624038 0.0018325958 -0.0061086523 0.15699236 994.83 
20150625183411 11.912351 -0.85473 0.2148796 -0.08093964 0.09285152 -0.20555615 994.83 
20150625183411 12.316372 -0.7673417 -5.5407815 -0.06963864 0.20555615 -0.22174409 994.83 
20150625183411 13.880983 0.30406362 -4.595072 -0.124311075 0.5864306 -0.08093964 994.83 
20150625183411 11.159374 -0.9528923 -4.1198225 0.042455133 0.15088372 -0.24953845 994.87 
20150625183411 11.54903 -1.5119383 -1.5101427 0.09682214 -0.6786713 -0.4343252 994.87 
20150625183411 13.78701 0.7338228 0.21906945 -0.07941248 0.27672195 -0.46700647 994.87 
20150625183411 14.455591 1.7669208 -0.90381116 -0.0067195175 0.65576386 -0.32925636 994.87 
20150625183411 14.457986 1.0773908 -1.1139023 0.21930063 0.75594574 -0.1563815 994.87 
20150625183411 9.327211 -0.3842694 -1.1043255 -3.0543262E-4 0.19761491 0.21960606 994.87 
20150625183411 5.1235914 -1.1432313 -1.3575124 -0.13469578 -0.25992316 0.42088616 994.87 
20150625183411 2.2014685 0.17836803 -1.0540473 -0.18753563 -0.23090707 0.52839845 994.87 
20150625183411 2.142212 1.7806876 -0.16998832 -0.21105394 0.11759156 0.50793445 994.87 
20150625183411 3.1531637 1.0031705 -0.74639237 -0.21013765 0.31978795 0.41996986 994.84 
20150625183411 5.5282116 -0.20350714 0.012569559 -0.18234327 0.018020526 0.2846632 994.84 
20150625183411 6.7630215 -0.842759 -0.089184016 -0.37873647 -0.24953845 0.20677789 994.84 
20150625183412 8.574833 -0.7661445 0.480636 -0.49480084 -0.52839845 0.18753563 994.84 
20150625183412 9.81084 -0.56203884 1.0965444 -0.5852089 -0.4569272 0.16920967 994.84 
20150625183412 10.222044 -2.4821887 0.89303726 -0.65087694 -0.29993483 0.124311075 994.84 
20150625183412 11.431715 -3.6128504 2.0260932 -0.55741453 0.006414085 0.06872234 994.84 
20150625183412 12.641984 -2.730587 2.8892028 -0.45265114 0.15790866 0.045814894 994.84 
20150625183412 12.160749 -3.5194764 3.3249476 -0.29718593 0.19242255 0.023823744 994.84 
20150625183412 12.777256 -3.2914288 3.899556 0.080634214 0.30298916 -0.09285152 994.84 
20150625183412 13.257294 -0.7727286 1.3868413 0.3494149 0.34025195 0.09437868 994.84 
20150625183412 13.953407 2.7976246 -3.9869444 0.37720928 0.344528 0.29749137 994.84 
20150625183412 10.497377 0.0664391 -5.506664 0.25900686 0.29932398 0.24373524 994.84 
20150625183412 10.123283 -2.067393 -3.2920272 0.3820962 0.14721853 0.35369098 994.84 
20150625183412 11.625047 -0.90141696 -1.6879122 0.21319197 -0.41325033 0.7296785 994.84 
20150625183412 13.661315 -1.0606314 -0.43275195 -0.025961773 -0.0036651916 0.6151413 994.84 
20150625183412 15.062521 -1.5711949 -0.038905777 -0.014049901 0.45723262 0.34483343 994.84 
20150625183412 13.837887 -0.020949265 -0.96187055 0.110872045 0.20891592 0.09590584 994.84 
20150625183412 10.956466 0.8858546 -0.51116204 0.15851954 -0.04428773 -0.24556783 994.85 
20150625183412 6.0920463 0.9684546 0.36152446 0.2003638 -0.22357668 -0.48075095 994.85 
20150625183412 2.8496985 -1.9243397 -0.4309563 0.31398472 -0.122783914 -0.66767573 994.85 
20150625183412 2.5683799 -2.3463178 -0.439336 0.5360342 0.13041973 -0.73823065 994.85 
20150625183412 2.979584 -1.0815806 -0.35194764 0.5839872 0.116980694 -0.6075055 994.85 
20150625183412 4.3861775 0.7344214 0.130484 0.49632803 -0.07452556 -0.44348818 994.85 
20150625183412 6.3985043 2.3157916 0.85054016 0.55863625 -0.3390302 -0.36102137 994.85 
20150625183412 7.6213427 1.8142064 0.91697925 0.5684101 -0.6392705 -0.21655174 994.85 
20150625183412 9.317635 0.3172317 0.40761283 0.5757405 -0.7449502 -0.099265605 994.85 
20150625183412 11.182119 0.3537433 1.3802572 0.6114761 -0.62888575 0.015271631 994.87 
20150625183412 12.56058 0.92176765 0.6374562 0.6151413 -0.3494149 0.057421334 994.87 
20150625183412 12.939463 1.2952632 0.2100912 0.6178902 -0.16737708 0.0290161 994.87 
20150625183412 14.211383 3.2249897 2.349909 0.27763826 -0.058948494 0.07666359 994.87 
20150625183412 13.345879 1.192911 3.4422636 -0.029321533 0.02443461 0.047036625 994.87 
20150625183412 12.662334 -1.1887212 -2.8874073 0.04153884 0.15149458 -0.2501493 994.87 
20150625183412 15.181633 0.0053869537 -7.16405 3.0543262E-4 0.3304781 -0.18325958 994.87 
20150625183412 12.839505 1.4754268 -3.2106245 -0.20891592 0.59528816 -0.1133155 994.87 
20150625183412 10.433332 -0.36032736 -1.0815806 -0.22204952 -0.27152961 -0.5122105 994.87 
20150625183412 11.902175 -1.0223241 -0.85891986 -0.29810223 -0.3323107 -0.6805039 994.87 
20150625183412 14.113819 0.7009025 -0.7254431 -0.20280726 0.46883908 -0.4718934 994.87 
20150625183412 15.399506 0.5907693 -1.2755109 0.18906279 0.70432764 -0.106595986 994.87 
20150625183412 13.449428 -0.26276365 -1.5376761 0.17195857 0.24465153 0.102319926 994.87 
20150625183412 10.312426 -0.044292733 -1.2270284 -0.08002335 -0.32742378 0.23426682 994.87 
20150625183412 5.457583 0.44532153 -1.7100586 -0.25595254 -0.43951756 0.34238997 994.87 
20150625183412 1.7764976 1.4945804 -0.2837129 -0.24617869 -0.087964594 0.44501534 994.87 
20150625183412 1.7142484 0.6194997 -0.3298013 -0.2761111 0.5131268 0.4981606 994.87 
20150625183412 3.807978 -1.2318168 -0.053869538 -0.27214047 0.4364632 0.44929138 994.87 
20150625183412 5.628768 -1.7914615 0.45609543 -0.2828306 0.15088372 0.29565877 994.86 
20150625183412 6.5643024 -0.9624691 -0.2669535 -0.35460728 -0.40530908 0.1966986 994.86 
20150625183412 8.674192 -0.08559271 -0.23044191 -0.38728857 -0.57360244 0.18997909 994.86 
20150625183412 9.846154 -0.2908955 0.20171149 -0.41508293 -0.41233405 0.16218472 994.86 
20150625183412 11.021708 -1.7980455 1.8459295 -0.4810564 -0.1863139 0.13591751 994.86 
20150625183412 12.410344 -1.8842367 2.979584 -0.57848936 0.07544186 0.1337795 994.86 
20150625183412 12.822147 -2.7204118 2.7365725 -0.56077427 0.099571034 0.103847094 994.86 
20150625183412 13.751098 -4.4017396 4.132392 -0.24984388 0.03573562 -0.05955936 994.86 
20150625183413 13.835493 -3.3824084 2.8568811 3.0543262E-4 -0.007941248 -0.05100725 994.86 
20150625183413 13.652337 0.36870706 -1.0737995 0.09743301 0.19425514 0.27916542 994.89 
20150625183413 12.282255 1.6160861 -5.8280854 0.18875736 0.3277292 0.29138273 994.89 
20150625183413 9.496002 -2.9107506 -5.604826 0.29871312 0.28008172 0.18784106 994.89 
20150625183413 11.787852 -0.89303726 -4.1838675 0.5384777 -0.09193522 0.57848936 994.89 
20150625183413 12.191275 1.5508442 -2.2984335 0.24801129 -0.56596667 0.75319684 994.89 
20150625183413 15.348629 -0.004189853 -0.52852005 -0.06414085 -0.09407325 0.5180137 994.89 
20150625183413 15.744869 -0.28431144 -1.6729485 0.10598512 0.27397305 0.37507126 994.89 
20150625183413 12.956223 0.56563014 -1.7986441 0.23426682 -0.02321288 0.13744467 994.89 
20150625183413 9.056666 -0.24660277 -0.9056068 0.23701571 -0.2144137 -0.17684549 994.89 
20150625183413 6.3033347 -1.0097545 0.33877954 0.29229903 -0.25686884 -0.48288897 994.84 
20150625183413 3.0723593 -1.9369092 -0.07062895 0.42271876 -0.032070424 -0.59773165 994.84 
20150625183413 2.2900538 -2.755726 0.16998832 0.6337727 0.23457226 -0.643852 994.84 
20150625183413 2.9107506 -0.37588966 -0.17836803 0.8038987 0.20189096 -0.54092115 994.84 
20150625183413 3.5631707 1.7699136 -0.19752164 0.66431594 -0.15241088 -0.28313604 994.84 
20150625183413 4.8961425 2.3822308 -0.089184016 0.5311473 -0.3640757 -0.081855945 994.84 
20150625183413 6.9731126 1.472434 0.29807812 0.49388456 -0.57543504 -0.03481932 994.84 
20150625183413 9.9790325 0.5674258 0.29269117 0.46578476 -0.61117065 0.0067195175 994.84 
20150625183413 12.117055 0.3824737 1.460463 0.5308419 -0.54092115 0.10140363 994.84 
20150625183413 14.025233 0.9187749 0.5410896 0.63255095 -0.41630468 0.06291912 994.83 
20150625183413 14.328698 0.9427169 1.2252327 0.64843345 -0.37201694 -0.018325957 994.83 
20150625183413 14.925453 2.3971944 2.4594438 0.1563815 -0.19181168 -0.011911872 994.83 
20150625183413 14.337677 0.83018947 2.3439236 -0.17898351 0.08674286 -0.069027774 994.83 
20150625183413 13.56435 -0.045489833 -4.927267 -0.1908954 0.25045475 -0.24587326 994.83 
20150625183413 14.471752 1.6053122 -6.546346 -0.2947425 0.29871312 -0.21838433 994.83 
20150625183413 12.891579 0.12150574 -2.8173769 -0.40439278 0.47983465 -0.23335053 994.83 
20150625183413 10.599131 -3.0502129 -2.0332758 -0.24312437 -0.6032294 -0.5626069 994.83 
20150625183413 11.924321 -1.6340426 -2.3056161 -0.24465153 -0.2434298 -0.6065892 994.83 
20150625183413 15.4845 2.6491842 -1.7016789 -0.09743301 0.6414085 -0.2593123 994.86 
20150625183413 14.863803 1.5107412 -1.632247 0.112704635 0.9459248 -0.048258353 994.86 
20150625183413 12.151173 -0.8122329 -2.0219033 0.106901415 0.4202753 0.01740966 994.86 
20150625183413 8.434174 -1.9949685 -1.3569138 -0.033292156 -0.013744468 0.19761491 994.86 
20150625183413 4.6764746 -1.2557588 -0.997185 -0.15485434 -0.30787608 0.35216382 994.86 
20150625183413 2.15538 0.7661445 -0.8702923 -0.13958271 9.162979E-4 0.43401974 994.86 
20150625183413 1.7782934 2.2816741 -0.3716998 -0.1301143 0.45937067 0.4541783 994.86 
20150625183413 2.6222494 1.5334862 -0.39085343 -0.1704314 0.41538838 0.37232238 994.86 
20150625183413 5.631162 -0.79367787 0.27234045 -0.23701571 0.105374254 0.19730948 994.86 
20150625183413 6.9491706 -1.5376761 0.7194576 -0.3200934 -0.29046643 0.1554652 994.81 
20150625183413 9.247604 -1.4508862 0.93493575 -0.41905355 -0.44868052 0.18875736 994.81 
20150625183413 10.702681 -1.8207904 0.9995792 -0.3912592 -0.2947425 0.129198 994.81 
20150625183413 11.659163 -2.7419596 1.2372037 -0.37690386 -0.029626964 0.15393804 994.81 
20150625183413 13.207015 -2.7976246 2.4809916 -0.33505958 0.18051068 0.17134771 994.81 
20150625183413 12.552799 -3.54282 2.5875335 -0.23487769 0.1740966 0.080634214 994.81 
20150625183413 13.293805 -2.9233203 3.352481 0.0571159 0.19181168 -0.15332718 994.81 
20150625183413 12.904149 -0.56682724 0.8900445 0.2180789 0.29077184 -0.049480084 994.81 
20150625183413 12.1763115 3.1962593 -4.9781437 0.19058995 0.37812558 0.18478674 994.81 
20150625183413 9.36073 -0.0724246 -7.9511437 0.05222898 0.46517387 0.17379116 994.84 
20150625183413 10.5045595 -2.7724855 -4.437653 -0.15882497 0.40042216 0.20922135 994.84 
20150625183413 13.748703 -0.39145198 -1.6687586 -0.27275133 -0.29718593 0.5235115 994.84 
20150625183413 16.406866 0.6063316 -0.7990648 -0.23457226 -0.5045747 0.72051555 994.84 
20150625183414 16.495451 -0.39085343 -1.0498575 0.112399206 0.14660765 0.50732356 994.84 
20150625183414 13.927072 -0.14425065 -1.1246762 0.18020524 0.101098195 0.12767084 994.84 
20150625183414 10.53748 0.635062 -0.3298013 0.18661933 0.037873644 -0.047036625 994.84 
20150625183414 7.852383 -0.12629414 0.47105917 0.24678956 -0.01038471 -0.27214047 994.84 
20150625183414 5.492897 -1.2533646 0.56323594 0.3930918 0.0720821 -0.4370741 994.84 
20150625183414 3.376423 -2.8963854 0.04309563 0.54550266 0.19425514 -0.51343226 994.86 
20150625183414 3.4793737 -2.3714569 0.23343466 0.84513205 0.3115413 -0.5381723 994.86 
20150625183414 3.5637693 -0.04249708 0.0796072 0.8762862 0.099265605 -0.44532076 994.86 
20150625183414 3.6595373 1.1474211 0.12988544 0.75441855 -0.20555615 -0.3640757 994.86 
20150625183414 5.324106 -0.05626374 0.5363012 0.72143185 -0.3454443 -0.24495697 994.86 
20150625183414 8.043321 -0.16579847 1.1534066 0.752586 -0.4456262 -0.07696902 994.86 
20150625183414 9.959281 0.705691 1.4550761 0.7452556 -0.43310347 0.025961773 994.86 
20150625183414 10.588357 1.5975311 -0.22146365 0.763887 -0.26450464 -0.01985312 994.86 
20150625183414 12.047025 0.9020155 0.10055647 0.7819075 -0.096516706 -0.07880162 994.86 
20150625183414 15.433024 1.7340006 1.5005659 0.7107417 -0.06505715 -0.026267206 994.83 
20150625183414 16.361376 2.1936872 3.4973302 0.57726765 -0.22082779 0.18234327 994.83 
20150625183414 12.449849 0.2837129 0.17118542 0.3652974 -0.20219639 0.055283304 994.83 
20150625183414 12.226589 1.3868413 -7.8236527 0.20769419 -0.022296581 -0.23548855 994.83 
20150625183414 15.6473055 2.0841527 -4.7734394 -0.06291912 0.6918049 -0.129198 994.83 
20150625183414 13.342287 0.58119243 -2.1853075 -0.37598756 0.45173484 -0.4166101 994.83 
20150625183414 12.022484 -2.445677 -1.8112136 -0.40622538 -0.97005403 -0.56016344 994.83 
20150625183414 14.454394 0.40043023 -0.06284779 -0.28191432 -0.23945917 -0.5311473 994.83 
20150625183414 14.92665 1.1976994 -0.9552865 0.009468411 0.9114109 -0.2171626 994.83 
20150625183414 13.38658 0.093972415 -1.2246342 0.28038713 0.69027776 -0.13744467 994.88 
20150625183414 10.214263 -0.2633622 -1.352724 0.16493362 0.1966986 0.16462818 994.88 
20150625183414 5.333084 0.061052144 -0.98581254 -0.07086037 -0.31795537 0.3827071 994.88 
20150625183414 2.6258407 1.2401965 -0.3716998 -0.14844026 -0.10293079 0.5342017 994.88 
20150625183414 0.17058687 1.9021933 -0.39803603 -0.17684549 0.54428095 0.64965516 994.88 
20150625183414 -0.08379706 0.8678981 -0.99060094 -0.22021692 0.6826419 0.6203337 994.88 
20150625183414 3.1040826 -0.6619968 -0.5446809 -0.21013765 0.44990227 0.3912592 994.88 
20150625183414 6.356007 -1.2802993 0.2172738 -0.35888332 -0.29535335 0.23060162 994.88 
20150625183414 8.810063 -0.50996494 0.6428431 -0.48655418 -0.8546005 0.15210545 994.88 
20150625183414 11.626842 -0.9792285 1.1540052 -0.6569856 -0.786489 0.16768251 994.85 
20150625183414 11.874641 -3.9749734 1.0654198 -0.68600166 -0.38026363 0.13622294 994.85 
20150625183414 13.325528 -4.435259 3.2016463 -0.6542367 0.030848695 0.110872045 994.85 
20150625183414 12.165538 -2.6940753 2.8203697 -0.54519725 0.19853121 0.08552113 994.85 
20150625183414 12.4289 -3.555988 4.049194 -0.2660318 0.22907446 -0.0027488936 994.85 
20150625183414 12.946047 -2.622848 3.052607 0.069027774 0.4166101 -0.017104227 994.85 
20150625183414 11.862671 -0.3669114 -0.7787141 0.27855456 0.3210097 0.2452624 994.85 
20150625183414 11.554418 1.9081788 -6.6612678 0.35369098 0.24251351 0.42241332 994.85 
20150625183414 9.623494 -1.2952632 -4.9601874 0.09590584 0.18997909 0.23335053 994.85 
20150625183414 11.176732 -1.3874398 -3.6116533 0.029321533 -0.017715093 0.30268374 994.85 
20150625183414 13.916896 2.6234465 -2.3289597 0.25473082 -0.42852196 0.85062987 994.85 
20150625183414 15.913061 0.90381116 -0.85173726 -0.06536258 -0.11942416 0.68569624 994.85 
20150625183414 16.214132 -2.291251 -0.86131406 -0.026267206 0.17256944 0.29352075 994.85 
20150625183414 14.512454 -0.97623575 -0.74758947 0.053450707 -0.093767814 0.082161374 994.85 
20150625183414 10.94629 0.492607 0.18435353 0.042760566 -0.09407325 -0.13897185 994.85 
20150625183414 7.5590935 0.6751649 0.64583594 0.20616703 -0.11362094 -0.4841107 994.85 
20150625183414 3.5817258 0.29209262 0.5746084 0.33353242 0.12889257 -0.70829827 994.85 
20150625183414 1.3162124 -1.6035166 0.06703765 0.38789943 0.4578435 -0.7425067 994.85 
20150625183415 1.299453 -1.79206 0.33518824 0.42058071 0.44135013 -0.602924 994.81 
20150625183415 2.1817162 -1.0384849 -0.036511578 0.2593123 -0.01038471 -0.40958515 994.81 
20150625183415 4.730344 0.6392518 0.78649527 0.2519819 -0.42546764 -0.3475823 994.81 
20150625183415 7.1592617 0.9804256 0.46208093 0.32803464 -0.70463306 -0.20891592 994.81 
20150625183415 9.896433 0.6500258 0.50038815 0.46761733 -0.872621 -0.116980694 994.81 
20150625183415 11.668142 -0.46148238 1.2503718 0.54458636 -0.67256266 -0.027488936 994.81 
20150625183415 12.086529 -0.6739678 0.08379706 0.6728681 -0.3830125 -0.048258353 994.81 
20150625183415 13.31236 1.6849195 1.22224 0.82558435 -0.16646078 -0.03176499 994.81 
20150625183415 14.511256 4.9003325 3.244742 0.4364632 0.13561209 0.11759156 994.81 
20150625183415 12.481572 1.9596541 3.684078 0.10476339 0.24220806 0.07086037 994.83 
20150625183415 10.036493 -1.5532384 -1.4077905 0.1160644 0.2761111 -0.30909783 994.83 
20150625183415 9.980229 0.04129998 -7.7129207 0.1441642 0.33536503 -0.26389378 994.83 
20150625183415 15.027805 2.135628 -6.7426705 -0.16187929 0.7473936 0.11484267 994.83 
20150625183415 18.150444 1.8872294 -2.296638 -0.3472769 -0.14019357 -0.08002335 994.83 
20150625183415 16.444574 -1.5969325 -1.8950106 -0.7305948 -1.1459832 -0.6035349 994.83 
20150625183415 14.855423 -1.7812861 -2.1978772 -0.48808134 -0.48655418 -0.70646566 994.83 
20150625183415 13.694834 -0.30705637 0.034715924 -0.27977628 0.95447695 -0.33536503 994.83 
20150625183415 11.083957 -0.62129533 -0.8643068 -0.2968805 0.81214535 0.03604105 994.83 
20150625183415 7.554305 -0.4961983 -0.7284359 -0.1160644 0.33658674 0.3481932 994.83 
20150625183415 3.843891 0.2741361 -0.05925649 -0.028710667 -0.006414085 0.3943135 994.83 
20150625183415 1.5119383 1.4221559 -0.17417817 0.0033597588 0.10903945 0.4373795 994.83 
20150625183415 -0.09876082 1.0965444 -0.60214174 0.062002823 0.269697 0.4822781 994.83 
20150625183415 1.4879963 -0.017956512 -0.7266402 0.0067195175 0.25137106 0.44806966 994.83 
20150625183415 4.9637785 -0.4842273 0.050876785 -0.1133155 -0.10415252 0.29626966 994.83 
20150625183415 6.68102 -0.2861071 -0.074220255 -0.25167647 -0.7263188 0.17837265 994.83 
20150625183415 8.696339 -0.019752163 -0.14544775 -0.40653083 -0.8579602 0.09987647 994.83 
20150625183415 10.330381 -0.1364695 -0.038905777 -0.59131753 -0.593761 0.115453534 994.83 
20150625183415 11.091738 -2.356493 0.22325931 -0.6236934 -0.30757064 0.103847094 994.78 
20150625183415 15.275605 -3.5326445 3.1872811 -0.6267477 -0.16737708 0.08552113 994.78 
20150625183415 12.981361 -3.9067385 2.6007016 -0.54367006 -0.13927728 0.084910266 994.78 
20150625183415 13.0442095 -3.7403417 3.7008374 -0.12186762 -0.06719518 -0.035430185 994.78 
20150625183415 12.605472 -0.74399817 1.8327614 0.093462385 0.26542094 0.059253927 994.78 
20150625183415 12.223597 2.066196 -4.2305546 0.28038713 0.37201694 0.2883284 994.78 
20150625183415 9.800066 -1.1839328 -7.2592196 0.3567453 0.41630468 0.21594086 994.78 
20150625183415 11.699266 -2.1739352 -4.1018662 0.31703907 0.24220806 0.31703907 994.78 
20150625183415 12.002731 1.158195 -3.417723 0.20799962 -0.3979787 0.66920286 994.78 
20150625183415 13.800777 0.35434186 -1.1827357 -0.010995574 -0.48808134 0.63255095 994.89 
20150625183415 16.045341 -1.2599486 -1.5412674 0.26053402 0.26908615 0.47555858 994.89 
20150625183415 15.151107 0.15083471 -2.8191724 0.4370741 0.04428773 0.36041048 994.89 
20150625183415 11.80521 1.0408791 -1.459266 0.28038713 -0.18142697 0.07880162 994.89 
20150625183415 8.29531 0.29269117 0.11552023 0.1301143 -0.3371976 -0.3378085 994.89 
20150625183415 4.9943047 -0.6003461 0.65421563 0.18234327 -0.18448131 -0.6020077 994.89 
20150625183415 2.4887726 -2.2936451 -0.05267244 0.3277292 0.14996742 -0.68569624 994.89 
20150625183415 2.6629508 -3.4153287 -0.40462008 0.65026605 0.31490102 -0.6966918 994.89 
20150625183415 3.466804 -1.8423382 -0.1921347 0.7098254 0.052839845 -0.5381723 994.89 
20150625183415 4.4442368 0.6931214 0.16938977 0.57848936 -0.2938262 -0.40011674 994.8 
20150625183415 5.3683987 1.8752584 0.18435353 0.4877759 -0.44043383 -0.24190263 994.8 
20150625183415 7.101801 0.89662856 0.23104046 0.5696318 -0.47678033 -0.14355333 994.8 
20150625183415 9.825804 -0.14724341 1.079785 0.6435465 -0.33414328 -0.099571034 994.8 
20150625183415 12.042236 -0.08080431 1.4903905 0.70402217 -0.17348573 -0.08460484 994.8 
20150625183416 13.269863 1.1198878 0.074220255 0.84391034 -0.06963864 -0.04550946 994.8 
20150625183416 12.56896 4.8883615 2.484583 0.5925393 0.1337795 6.1086525E-4 994.8 
20150625183416 13.427281 3.6463692 3.4003649 0.15943582 0.3381139 -0.05100725 994.8 
20150625183416 12.867039 -0.80325466 1.2240356 0.0571159 0.46639562 -0.20525073 994.8 
20150625183416 11.902774 -1.5951369 -7.3430166 0.110872045 0.30665436 -0.3005457 994.86 
20150625183416 14.410102 1.5023615 -7.0826473 -0.064751714 0.42180246 -0.0421497 994.86 
20150625183416 15.355811 0.8655039 -2.7694929 -0.31612277 0.28160888 -0.09712757 994.86 
20150625183416 13.115437 -1.9614497 -2.046444 -0.49846604 -0.8228355 -0.64965516 994.86 
20150625183416 14.865 -0.6871359 -1.1540052 -0.33505958 -0.3231477 -0.6951646 994.86 
20150625183416 14.57171 -0.11192893 -0.7613561 0.004886922 1.0305296 -0.2910773 994.86 
20150625183416 13.12262 -0.76554596 -0.830788 0.17867808 0.8921687 -0.094989546 994.86 
20150625183416 9.888652 -1.3509283 -0.4165911 0.22693644 0.552833 0.2855795 994.86 
20150625183416 6.467936 -0.6805518 -0.2801216 0.18784106 0.019242255 0.44348818 994.86 
20150625183416 3.6535518 1.0929531 -0.59017074 0.20158553 -0.13744467 0.4783075 994.91 
20150625183416 1.5089456 1.9985598 -0.87687635 0.24801129 0.07788532 0.5109888 994.91 
20150625183416 0.6955156 1.2282255 -0.95468795 0.20433442 0.34483343 0.50762904 994.91 
20150625183416 2.5971103 0.06823475 -0.8182184 0.044593163 0.24740042 0.42455134 994.91 
20150625183416 5.2157683 -0.46627077 -0.10354923 -0.14110987 -0.18020524 0.35277468 994.91 
20150625183416 7.1209545 -0.8182184 0.866701 -0.3454443 -0.5222898 0.2501493 994.91 
20150625183416 8.63828 -0.5943606 0.5021838 -0.4474588 -0.59650993 0.13591751 994.91 
20150625183416 10.096349 -0.9475053 0.39803603 -0.52473325 -0.31642818 0.12980886 994.91 
20150625183416 11.968016 -2.678513 1.2162545 -0.5299256 -0.14477506 0.09773844 994.91 
20150625183416 14.292187 -3.233968 3.3387144 -0.56413406 -0.023823744 0.03268129 994.82 
20150625183416 13.057976 -4.1545386 4.1515455 -0.27672195 0.09407325 0.0015271631 994.82 
20150625183416 13.802573 -1.8369513 3.7313633 0.032986723 0.310625 0.01160644 994.82 
20150625183416 11.981782 0.83258367 -1.2246342 0.21166481 0.37018433 0.2519819 994.82 
20150625183416 11.661558 1.4652514 -6.9886746 0.28588495 0.45814893 0.27977628 994.82 
20150625183416 11.016919 -1.8537107 -4.941034 0.093767814 0.49174652 0.17256944 994.82 
20150625183416 13.810952 -0.142455 -3.3010056 0.018936822 0.099571034 0.40439278 994.82 
20150625183416 13.354259 1.1707647 -1.7525556 0.04917465 -0.3885103 0.7556403 994.82 
20150625183416 15.17445 -2.0991163 1.09834 -0.25228736 -0.0143553335 0.2950479 994.82 
20150625183416 14.820108 -2.7156234 -1.210269 -0.17562376 0.56046885 0.13683382 994.78 
20150625183416 13.112444 0.37828386 -1.003769 0.09621128 0.33475417 0.008552114 994.78 
20150625183416 10.532093 2.2307975 0.61171854 -0.035124753 -0.15363261 -0.25595254 994.78 
20150625183416 7.015011 1.7351977 1.073201 -0.0012217305 -0.25778514 -0.54092115 994.78 
20150625183416 3.7469256 0.3645172 0.3878607 0.1001819 0.04184427 -0.65118235 994.78 
20150625183416 1.7058687 -2.7694929 -0.50278234 0.18478674 0.25167647 -0.6133087 994.78 
20150625183416 1.9907787 -3.0370448 0.10354923 0.1966986 0.18692477 -0.5131268 994.78 
20150625183416 3.1890767 -1.3293805 -0.09816227 0.07360926 -0.14874569 -0.35277468 994.78 
20150625183416 4.809353 0.96905315 0.9415198 0.11636983 -0.3100141 -0.2883284 994.78 
20150625183416 6.063316 0.92535895 0.7679402 0.30940324 -0.47739118 -0.20372356 994.87 
20150625183416 8.095394 -0.43155485 0.81642276 0.5534439 -0.5183192 -0.09682214 994.87 
20150625183416 10.090961 -1.0965444 1.2533646 0.6258314 -0.35185838 -0.018020526 994.87 
20150625183416 11.820174 -0.219668 0.4249708 0.799928 -0.2843578 0.01985312 994.87 
20150625183416 13.5697365 1.8938135 0.093972415 0.88208944 -0.1872302 0.061086524 994.87 
20150625183416 15.770008 4.6202106 3.357868 0.50762904 -0.18692477 0.1160644 994.87 
20150625183416 12.91612 3.2142158 1.7501614 0.28710666 -0.13164146 0.040927973 994.87 
20150625183416 12.28824 -0.0676362 -5.6766524 0.32803464 0.04642576 -0.32559118 994.87 
20150625183416 13.101071 1.6843209 -7.2047515 0.09437868 0.43004912 -0.24312437 994.87 
20150625183416 15.500062 0.24480712 -2.6072857 -0.13225232 0.68569624 -0.22785273 994.79 
20150625183417 12.571355 -2.131438 -2.529474 -0.28191432 -0.16065755 -0.6768387 994.79 
20150625183417 14.671668 0.26276365 -1.4137762 -0.44929138 -0.73548174 -0.7171558 994.79 
20150625183417 15.248671 1.3994108 -0.90620536 -0.03604105 0.539394 -0.2864958 994.79 
20150625183417 14.037205 -1.3581109 -0.961272 0.21410827 1.0100657 -0.11301007 994.79 
20150625183417 10.759542 -1.685518 -0.9768343 0.06261369 0.59040123 0.100792766 994.79 
20150625183417 6.6744356 -0.92057055 -0.7858967 -0.20677789 -0.017104227 0.35796702 994.79 
20150625183417 3.3022027 0.6715736 -0.3573346 -0.20280726 -0.23762658 0.44348818 994.79 
20150625183417 0.80445176 2.1499932 -0.33758244 -0.07513642 -0.023518313 0.48991394 994.79 
20150625183417 0.6967127 1.9847932 -0.8972271 0.002443461 0.321926 0.48197266 994.8 
20150625183417 3.4302924 0.3866636 -0.7026982 0.029932396 0.20372356 0.40011674 994.8 
20150625183417 5.804742 -1.0324994 -0.31364042 -0.055588737 -0.34055737 0.28130344 994.8 
20150625183417 8.204929 -1.1647792 0.18016368 -0.19914207 -0.72051555 0.14996742 994.8 
20150625183417 8.962694 -1.1079168 0.31543607 -0.42730024 -0.7174612 0.09987647 994.8 
20150625183417 10.357915 -1.2856863 0.9223662 -0.50610185 -0.38453966 0.08735373 994.8 
20150625183417 11.297041 -2.1296425 1.5765818 -0.47678033 -0.087659165 0.13805555 994.8 
20150625183417 12.465411 -2.082357 2.4121583 -0.45937067 -0.04642576 0.06994407 994.8 
20150625183417 12.565968 -3.1118636 2.0021513 -0.25259277 0.054367006 -0.06780604 994.8 
20150625183417 13.274652 -3.6032736 3.9103298 -0.027183503 0.16768251 -0.1518 994.83 
20150625183417 13.51886 -1.2976574 3.5194764 -0.013133603 0.18509217 0.0290161 994.83 
20150625183417 10.627861 3.1094694 -3.7780502 -0.03268129 0.29657507 0.31795537 994.83 
20150625183417 8.205527 -1.1306617 -7.083844 -0.057421334 0.36377025 0.14538592 994.83 
20150625183417 10.903194 -3.5021186 -5.0691237 -0.2321288 0.4260785 0.13072516 994.83 
20150625183417 14.994885 -0.31124622 -2.5623944 -0.028405234 -0.0067195175 0.77763146 994.83 
20150625183417 17.133507 0.5710171 -1.1965023 -0.0070249503 -0.6966918 1.0146471 994.83 
20150625183417 17.666815 -0.5638345 -1.2605472 0.23609942 -0.049785517 0.70646566 994.83 
20150625183417 14.31134 0.22505496 -1.8567034 0.4831944 0.09987647 0.35308012 994.83 
20150625183417 11.101913 1.2401965 -0.46028528 0.37415496 0.005497787 -0.013133603 994.85 
20150625183417 7.801506 0.48722005 0.16938977 0.21655174 0.15851954 -0.30482176 994.85 
20150625183417 5.5581393 -0.58298814 1.3634979 0.2144137 0.2602286 -0.4364632 994.85 
20150625183417 2.7593174 -1.9710265 0.64823014 0.25289822 0.33108896 -0.4642576 994.85 
20150625183417 1.757344 -2.553416 -0.46208093 0.46731192 0.3136793 -0.4804455 994.85 
20150625183417 2.5516205 -0.92775315 -0.81343 0.6377433 0.14294247 -0.45478916 994.85 
20150625183417 3.3291376 0.9463082 -0.49679685 0.54825157 -0.28802297 -0.37690386 994.85 
20150625183417 4.787206 0.92895025 -0.1352724 0.51007247 -0.4034765 -0.22540927 994.85 
20150625183417 6.218939 0.05626374 -0.21906945 0.6224717 -0.5045747 -0.099571034 994.85 
20150625183417 8.780136 -0.046686932 0.3298013 0.6383542 -0.5448918 -0.06078109 994.87 
20150625183417 11.781268 0.5686229 1.3108255 0.68203104 -0.54733527 0.0421497 994.87 
20150625183417 13.11005 1.3874398 0.9576807 0.70554936 -0.5882632 0.094989546 994.87 
20150625183417 13.285425 1.050456 -0.28670564 0.69027776 -0.4334089 0.008246681 994.87 
20150625183417 13.848661 2.007538 0.8738836 0.5537493 -0.2742785 0.00580322 994.87 
20150625183417 15.043966 2.143409 3.6290112 0.24556783 -0.115453534 0.10293079 994.87 
20150625183417 12.97358 -0.6793547 2.5240872 0.13713925 0.14721853 -0.08735373 994.87 
20150625183417 11.3551 -0.48602295 -5.4324436 0.1966986 0.28160888 -0.18784106 994.87 
20150625183417 10.479421 2.542642 -4.891354 0.1301143 0.6423248 -0.10262536 994.87 
20150625183417 11.642405 1.9722236 -3.9653966 -0.0076358155 0.535118 -0.24220806 994.89 
20150625183417 14.747684 -0.20290859 -2.384625 -0.20463985 -0.3717115 -0.46792278 994.89 
20150625183417 17.581223 -0.79487497 -1.8058267 -0.36865717 -0.083383106 -0.4447099 994.89 
20150625183417 16.190191 -1.6496049 -1.3102269 -0.30207285 0.26389378 -0.27947086 994.89 
20150625183417 14.22096 -1.5041572 -1.4065934 -0.16432275 0.6640105 -0.1591304 994.89 
20150625183417 9.887454 -0.8726865 -0.9528923 -0.032986723 0.27000242 0.18051068 994.89 
20150625183418 6.0280013 0.717662 0.17717093 -0.018020526 0.07666359 0.26389378 994.89 
20150625183418 2.9562407 2.0057425 0.30226797 -0.10262536 0.19058995 0.32895094 994.89 
20150625183418 1.1767502 2.4839842 -0.061650693 -0.1282817 0.3943135 0.41996986 994.89 
20150625183418 1.340753 1.553837 -0.23642741 -0.15332718 0.42638394 0.43463063 994.86 
20150625183418 2.7132292 -0.40880993 -0.30406362 -0.22327125 0.21410827 0.4392121 994.86 
20150625183418 4.747702 -1.0989386 -0.38307226 -0.29077184 -0.16279559 0.344528 994.86 
20150625183418 7.767389 -0.8972271 0.18974048 -0.47311515 -0.51893 0.2706133 994.86 
20150625183418 9.815628 -0.48961425 0.61052144 -0.6536258 -0.63804877 0.19883664 994.86 
20150625183418 10.097546 -1.5245079 0.62249243 -0.7733554 -0.537256 0.098043874 994.86 
20150625183418 11.443087 -2.4827871 1.115698 -0.67073005 -0.17654006 0.10720685 994.86 
20150625183418 14.02284 -3.2734723 2.5821466 -0.62858033 0.030848695 0.089186326 994.86 
20150625183418 13.545197 -4.5579615 3.280655 -0.3933972 0.052534413 -0.06261369 994.86 
20150625183418 13.47756 -4.6950297 4.406528 0.023518313 0.18112154 -0.18509217 994.86 
20150625183418 11.899781 -2.1266496 2.8173769 0.22449298 0.46211955 0.07269296 994.86 
20150625183418 11.217434 1.5269021 -0.80804306 0.2602286 0.65026605 0.22876903 994.86 
20150625183418 8.6496525 3.8474822 -5.524022 0.19456059 0.54550266 0.11301007 994.86 
20150625183418 10.2735195 -3.127426 -4.735731 -0.09407325 0.3652974 0.10262536 994.86 
20150625183418 14.356232 -1.9153614 -3.6601357 0.0021380284 -0.16768251 0.5870415 994.86 
20150625183418 18.288708 0.9115923 -1.1444284 0.005497787 -0.31703907 0.8927795 994.86 
20150625183418 17.199347 0.64463884 -1.158195 0.05955936 -0.06383542 0.70952 994.86 
20150625183418 13.669695 -0.31364042 -1.2575544 0.2049453 -0.21930063 0.22693644 994.86 
20150625183418 9.770737 -0.5057751 -0.22864626 0.23335053 -0.1872302 -0.06719518 994.9 
20150625183418 6.6774287 -1.0749966 0.717662 0.21166481 -0.044593163 -0.42088616 994.9 
20150625183418 3.5823243 -1.9752164 0.53570265 0.3472769 0.11026118 -0.64965516 994.9 
20150625183418 2.2319946 -2.9221232 0.14425065 0.50732356 0.2779437 -0.7312057 994.9 
20150625183418 2.9741971 -0.9672575 -0.19632454 0.70554936 0.32620203 -0.66981375 994.9 
20150625183418 2.6862943 0.47165772 -0.51714754 0.7275405 0.08246681 -0.50823987 994.9 
20150625183418 4.1293993 1.3533225 0.10115502 0.7302894 -0.19425514 -0.50640726 994.9 
20150625183418 6.1902084 1.7417817 1.0301052 0.66798115 -0.3848451 -0.37934732 994.9 
20150625183418 8.202535 0.670975 1.3299791 0.57360244 -0.61117065 -0.12308934 994.9 
20150625183418 9.954493 0.3842694 1.2378023 0.6133087 -0.8011498 0.021380283 994.85 
20150625183418 11.644798 1.1629834 2.059612 0.6078109 -0.6258314 0.089491755 994.85 
20150625183418 12.1128645 1.22224 0.7272388 0.5696318 -0.31612277 0.099265605 994.85 
20150625183418 12.671911 1.5041572 -0.3812766 0.5170974 -0.11759156 0.070249505 994.85 
20150625183418 16.102203 3.5691562 2.8874073 0.1282817 -0.06658431 0.18570304 994.85 
20150625183418 13.372215 0.30466217 2.8299465 -0.039095376 -0.10598512 -0.03940081 994.85 
20150625183418 11.367071 -1.8339585 -5.0787005 0.16340645 0.053145275 -0.30298916 994.85 
20150625183418 17.239449 0.350152 -6.655282 -0.033292156 0.5674938 -0.059253927 994.85 
20150625183418 13.253103 0.99299514 -2.7874494 -0.2180789 0.63316184 -0.23335053 994.85 
20150625183418 11.824364 -0.9271546 -1.4454993 -0.10293079 -0.65393126 -0.72387534 994.9 
20150625183418 13.836092 1.7735049 -0.66259533 -0.16737708 -0.012217305 -0.605062 994.9 
20150625183418 15.415068 1.3257892 -0.5434838 0.065973446 0.6423248 -0.22266038 994.9 
20150625183418 14.562133 -1.0175357 -1.0247183 0.28893927 0.7147123 0.005497787 994.9 
20150625183418 11.199477 -2.272696 -1.2240356 0.23335053 0.16432275 0.21197024 994.9 
20150625183418 7.162853 -1.4760253 -0.533907 0.06627888 -0.258396 0.4456262 994.9 
20150625183418 3.0705638 0.9540894 -0.46806642 -0.038789943 -0.33505958 0.49388456 994.9 
20150625183418 1.0229226 2.8856115 -0.35434186 -0.035124753 0.23426682 0.5030475 994.9 
20150625183418 1.2797008 2.7132292 -0.8451532 -0.011301007 0.58184916 0.4538729 994.9 
20150625183418 2.7820623 0.20111294 -1.1210849 -0.040927973 0.3304781 0.39461896 994.87 
20150625183418 5.5623293 -1.1109096 -0.11731588 -0.1994475 -0.12186762 0.30879238 994.87 
20150625183419 7.323863 -1.4341269 0.19033903 -0.4352415 -0.5305365 0.33567044 994.87 
20150625183419 9.379884 -0.6919243 0.75716627 -0.64873886 -0.6264423 0.2773328 994.87 
20150625183419 10.619482 -0.25198972 0.9259575 -0.79779 -0.47494772 0.19242255 994.87 
20150625183419 11.818378 -2.4708161 1.9524715 -0.8176431 -0.27550024 0.12064589 994.87 
20150625183419 12.850279 -3.469797 2.4612393 -0.79412484 -0.099265605 0.019547688 994.87 
20150625183419 12.106281 -4.309563 1.8243817 -0.61575216 0.105374254 -0.06169739 994.87 
20150625183419 13.095685 -4.292804 3.8349125 -0.26083946 0.23701571 -0.057726767 994.87 
20150625183419 13.017873 -1.8543092 2.9622262 -0.106595986 0.2302962 0.12736541 994.82 
20150625183419 12.0093155 1.9458874 -2.15538 0.12736541 0.30085114 0.36713 994.82 
20150625183419 10.114903 0.79008657 -6.3763576 0.2406809 0.4260785 0.22082779 994.82 
20150625183419 10.51713 -2.19249 -4.0162735 0.19700404 0.4007276 0.34788775 994.82 
20150625183419 13.869611 0.27952304 -2.8083985 0.1572978 -0.13591751 0.7651087 994.82 
20150625183419 16.700155 -1.9009962 0.90500826 -0.095294975 -0.20280726 0.67103547 994.82 
20150625183419 16.375742 -2.1918917 -0.21906945 0.10354166 0.5140431 0.3594942 994.82 
20150625183419 13.734338 0.3890578 -1.4754268 0.2556471 0.31978795 0.14263703 994.82 
20150625183419 10.654198 1.0666169 -1.3844471 0.29260445 0.12370021 -0.15790866 994.82 
20150625183419 7.597999 0.9720459 -0.50158525 0.30940324 -0.093767814 -0.45875978 994.87 
20150625183419 3.840898 -0.80205756 0.05626374 0.2855795 0.03390302 -0.6102544 994.87 
20150625183419 2.682703 -2.8634653 0.45729253 0.3222314 0.3921755 -0.65087694 994.87 
20150625183419 2.4145525 -2.0135236 0.27353755 0.47128254 0.5128214 -0.5684101 994.87 
20150625183419 2.4648306 -0.24241292 -0.4902128 0.4569272 0.24587326 -0.42485678 994.87 
20150625183419 3.9055414 0.9307459 0.17776948 0.5170974 -0.062308256 -0.41080686 994.87 
20150625183419 6.205172 1.1695676 1.0642227 0.5522222 -0.36896262 -0.35246924 994.87 
20150625183419 7.8966756 0.31364042 1.3239936 0.49968776 -0.74220127 -0.16768251 994.87 
20150625183419 8.902839 -0.6039374 0.61650693 0.4990769 -0.82802784 -0.027488936 994.87 
20150625183419 10.699089 0.5351041 1.079785 0.6188065 -0.59040123 -0.004276057 994.79 
20150625183419 10.885837 1.9243397 -0.40821138 0.64476824 -0.38606682 0.030848695 994.79 
20150625183419 12.319365 2.782661 -0.01616086 0.56016344 -0.29932398 0.044898596 994.79 
20150625183419 14.993689 3.7283707 2.0913353 0.21991149 -0.29077184 0.12705997 994.79 
20150625183419 13.759478 0.07062895 2.0799627 -0.01282817 -0.27214047 0.025350908 994.79 
20150625183419 13.8642235 -2.3989902 -5.5180364 -0.017715093 -0.11026118 -0.23243423 994.79 
20150625183419 15.201983 0.23403321 -4.781221 -0.16798794 0.39950588 -0.15454891 994.79 
20150625183419 13.468581 -0.2896984 -2.429516 -0.30726522 0.40194935 -0.37995818 994.79 
20150625183419 11.944673 -2.211644 -1.6980876 -0.16340645 -0.48838675 -0.7330383 994.79 
20150625183419 14.370597 0.65301853 -0.55365914 -0.09132435 0.0036651916 -0.5119051 994.81 
20150625183419 15.559319 2.0338743 -1.1007342 0.16340645 0.7498371 -0.010079277 994.81 
20150625183419 13.900735 -1.4622587 -1.5819688 0.4251622 0.5742133 0.018020526 994.81 
20150625183419 9.858126 -1.2084733 -1.30484 0.24770586 0.2837469 0.2406809 994.81 
20150625183419 5.631162 0.2172738 -0.7649474 0.056199603 -0.08246681 0.38453966 994.81 
20150625183419 3.2992098 2.0027497 -0.108936176 0.022296581 0.05589417 0.43860126 994.81 
20150625183419 1.3784616 2.8167782 -0.5255273 -0.0729984 0.3817908 0.5155703 994.81 
20150625183419 1.5424645 1.4682442 -0.95229375 -0.1853976 0.54733527 0.44898596 994.81 
20150625183419 4.011485 -0.6374562 -0.41240123 -0.27152961 0.3585779 0.3182608 994.81 
20150625183419 5.9585695 -1.5592239 0.4285621 -0.3436117 -0.1282817 0.24953845 994.83 
20150625183419 6.5032506 -1.7447745 0.40342298 -0.42149702 -0.5222898 0.23518312 994.83 
20150625183419 7.478289 -1.073201 0.8122329 -0.3885103 -0.57879484 0.16462818 994.83 
20150625183419 8.809465 -0.8882488 0.79966336 -0.41905355 -0.2910773 0.12370021 994.83 
20150625183419 10.418967 -2.087744 0.89423436 -0.46700647 -0.2012801 0.06536258 994.83 
20150625183419 12.830527 -3.2333694 2.0021513 -0.49266282 -0.16065755 -0.03359759 994.83 
20150625183419 13.71698 -3.5380316 2.6162639 -0.34972036 -0.17837265 -0.07788532 994.83 
20150625183420 13.97316 -3.4284968 3.8774097 -0.08277224 -0.1563815 -0.1142318 994.83 
20150625183420 13.842675 -1.1318588 2.3882163 0.105068825 0.0012217305 0.055588737 994.83 
20150625183420 13.752893 1.6430209 -2.5372553 0.25381452 0.15271631 0.2938262 994.87 
20150625183420 11.742961 -0.5722142 -6.381745 0.19822577 0.33017266 0.22174409 994.87 
20150625183420 10.728417 -1.7232267 -3.894169 0.15821409 0.28619036 0.39400807 994.87 
20150625183420 12.107478 0.70509243 -4.620809 0.3023783 -0.19975294 0.806953 994.87 
20150625183420 13.550583 0.7835025 -1.1683705 0.07147124 -0.28130344 0.6603453 994.87 
20150625183420 16.657658 -2.3720553 0.6871359 -0.18997909 0.29626966 0.42485678 994.87 
20150625183420 15.907675 -0.99419224 -1.3916297 -0.030543262 0.3585779 0.21288654 994.87 
20150625183420 10.198701 0.31663316 -1.1145009 0.09468412 0.16584991 -0.07696902 994.87 
20150625183420 7.4405804 0.2896984 0.035314474 0.13897185 -0.03634648 -0.44593164 994.87 
20150625183420 4.238934 -0.58298814 -0.16460137 0.18875736 -0.09285152 -0.5867361 994.86 
20150625183420 2.3882163 -2.2691047 -0.1945289 0.37843102 0.01985312 -0.65270954 994.86 
20150625183420 3.0591912 -1.6651673 0.034715924 0.5708536 0.28863382 -0.6414085 994.86 
20150625183420 3.318962 0.090979666 -0.33997664 0.4569272 0.09254608 -0.45112398 994.86 
20150625183420 3.9857473 1.3108255 0.10594343 0.34300083 -0.13439035 -0.38789943 994.86 
20150625183420 5.0864816 0.908001 0.34117374 0.29871312 -0.28344148 -0.32406402 994.86 
20150625183420 6.4745197 -0.2208651 0.33159694 0.39950588 -0.46028697 -0.20097467 994.86 
20150625183420 9.530719 -0.8487445 0.770933 0.5363397 -0.5537493 -0.10567969 994.86 
20150625183420 12.145186 -0.107140526 2.034473 0.7556403 -0.53878313 0.025350908 994.86 
20150625183420 12.385804 1.1575965 0.45010993 0.84391034 -0.55771995 0.06658431 994.87 
20150625183420 12.151173 2.4779987 0.019153614 0.7855727 -0.36713 0.07696902 994.87 
20150625183420 14.312538 4.355053 2.0171149 0.49388456 -0.13347405 0.16065755 994.87 
20150625183420 14.252683 1.400608 3.716998 0.10903945 -0.007941248 0.061391957 994.87 
20150625183420 12.661138 -1.4718355 -2.292448 0.03481932 0.10751228 -0.22602014 994.87 
20150625183420 14.231733 0.14963761 -6.559514 -0.086132 0.36132678 -0.1432479 994.87 
20150625183420 13.584701 0.9696517 -2.871845 -0.3481932 0.66431594 -0.14477506 994.87 
20150625183420 9.774927 -1.3347675 -3.1800983 -0.21166481 -0.2171626 -0.61666846 994.87 
20150625183420 11.101913 -1.3958195 -1.9925743 -0.4098906 -0.5354234 -0.6068946 994.87 
20150625183420 15.864579 0.8972271 -0.13347675 -0.37751472 0.56230146 -0.34238997 994.91 
20150625183420 17.229872 -0.6799533 -2.4109612 0.22266038 0.6988298 -0.046120327 994.91 
20150625183420 13.032837 -1.6238673 -2.0518308 0.39614612 0.36377025 0.057726767 994.91 
20150625183420 8.732252 -0.7110779 -0.9498995 0.07422013 0.36377025 0.26083946 994.91 
20150625183420 4.8853683 0.38187516 -0.39564183 0.036957346 -0.13439035 0.33078352 994.91 
20150625183420 2.9466639 1.5041572 -0.3321955 0.077579886 0.032070424 0.34483343 994.91 
20150625183420 2.2625206 2.1338322 -0.7212533 0.07513642 0.4111123 0.4034765 994.91 
20150625183420 2.7880478 1.83336 -1.0235212 0.08002335 0.39614612 0.36987892 994.91 
20150625183420 4.19943 0.29807812 -0.41240123 0.0018325958 0.1518 0.31429017 994.91 
20150625183420 5.303157 -1.086369 -0.23283611 -0.1966986 -0.12889257 0.24129178 994.83 
20150625183420 7.393295 -1.6160861 0.97384155 -0.33964106 -0.3387248 0.15790866 994.83 
20150625183420 8.8777 -1.5298948 1.5747862 -0.4364632 -0.33444872 0.11026118 994.83 
20150625183420 9.798869 -1.3611037 1.2862848 -0.4905248 -0.25625798 0.047036625 994.83 
20150625183420 10.800244 -2.4540567 0.9115923 -0.46883908 -0.06383542 0.050396383 994.83 
20150625183420 12.813169 -3.122039 1.9985598 -0.42760566 0.064446285 -0.0012217305 994.83 
20150625183420 12.777855 -4.531027 2.6276364 -0.28069258 0.025045475 -0.055283304 994.83 
20150625183420 13.223176 -4.150947 5.051167 0.09254608 0.06291912 -0.12308934 994.83 
20150625183420 12.3989725 -1.4239515 2.3038206 0.3381139 0.1863139 0.028710667 994.83 
20150625183420 12.3516865 1.6047137 -1.8788497 0.4266894 0.3811799 0.25137106 994.81 
20150625183420 11.4119625 0.80445176 -4.7363296 0.29749137 0.3915646 0.20830505 994.81 
20150625183420 10.374675 -2.144606 -4.5920787 0.2406809 0.17684549 0.30207285 994.81 
20150625183421 12.665327 -1.3024458 -5.5407815 0.5140431 -0.18936823 0.86926126 994.81 
20150625183421 14.314932 0.6793547 -2.5252843 0.46914452 -0.33964106 0.8533788 994.81 
20150625183421 15.994465 -0.51954174 0.35793316 0.0693332 -0.06414085 0.43493605 994.81 
20150625183421 15.644313 -1.2719196 -1.1677719 0.22785273 0.10476339 0.16432275 994.81 
20150625183421 12.828133 0.20530279 -0.57640404 0.2843578 -0.07696902 -0.0018325958 994.81 
20150625183421 7.3687544 0.5883751 0.29328972 0.22968534 -0.16035213 -0.28771752 994.81 
20150625183421 4.4556093 -0.35553896 0.7272388 0.32070425 -0.043676864 -0.55833083 994.9 
20150625183421 1.905186 -2.1745336 0.060453594 0.3747658 0.16737708 -0.7150178 994.9 
20150625183421 2.882619 -2.4732103 -0.12090719 0.47983465 0.3032946 -0.73548174 994.9 
20150625183421 3.7271736 -0.7649474 -0.2789245 0.54702985 0.16890424 -0.55863625 994.9 
20150625183421 4.4274774 1.0714053 0.17357962 0.4474588 -0.21135938 -0.4578435 994.9 
20150625183421 5.840655 1.283292 0.6757634 0.41416663 -0.3277292 -0.41722095 994.9 
20150625183421 7.1664443 -0.022744916 1.0516531 0.5143485 -0.38881573 -0.24587326 994.9 
20150625183421 9.396643 -0.6811504 1.2084733 0.62858033 -0.46120325 -0.11148291 994.9 
20150625183421 11.593323 0.2885013 1.8076223 0.7538077 -0.4129449 0.09040806 994.9 
20150625183421 12.312182 1.8351556 0.61770403 0.79229224 -0.321926 0.16768251 994.86 
20150625183421 12.121843 1.3305776 0.2124854 0.7806858 -0.1704314 0.13225232 994.86 
20150625183421 14.726136 3.228581 1.8794483 0.5739079 -0.0030543262 0.17837265 994.86 
20150625183421 14.34067 1.9728222 3.2519245 0.30268374 0.13072516 0.11362094 994.86 
20150625183421 11.8022175 -0.9660604 -2.1230583 0.13408493 0.13744467 -0.21868975 994.86 
20150625183421 14.940417 -0.78170687 -6.915652 0.062002823 0.2837469 -0.2507602 994.86 
20150625183421 12.949638 1.2443863 -3.122039 -0.19517145 0.5891795 -0.20158553 994.86 
20150625183421 9.626487 -1.2090719 -2.4552538 -0.1572978 -0.27275133 -0.5699373 994.86 
20150625183421 12.819155 -1.3700819 -1.1019313 -0.15882497 -0.4089743 -0.63713247 994.86 
20150625183421 15.577873 1.5089456 -0.25438392 -0.0290161 0.37659842 -0.35735616 994.85 
20150625183421 15.331869 0.90261406 -1.2797008 0.32498032 0.49602258 -0.103847094 994.85 
20150625183421 13.869611 -0.7727286 -1.4359225 0.3930918 0.2687807 -0.013744468 994.85 
20150625183421 10.485406 -1.4293385 -1.151611 0.08552113 -0.062308256 0.23640485 994.85 
20150625183421 3.9372647 0.22984336 -1.0522517 -0.089491755 -0.28008172 0.43799037 994.85 
20150625183421 1.5011644 1.8740613 -0.65900403 -0.089186326 -0.1282817 0.5030475 994.85 
20150625183421 1.3640964 2.669535 -0.62608373 -0.11056661 0.27580565 0.5345071 994.85 
20150625183421 3.1561563 1.0755951 -0.65421563 -0.013744468 0.32650748 0.4529566 994.85 
20150625183421 5.383961 -0.59376204 0.29269117 -0.065973446 -0.096516706 0.30634892 994.85 
20150625183421 6.331466 -1.5209166 0.16280572 -0.25381452 -0.50610185 0.2510656 994.9 
20150625183421 8.316259 -1.5849615 0.36391866 -0.39064834 -0.6786713 0.17531833 994.9 
20150625183421 9.624691 -1.6017209 -0.24301147 -0.4831944 -0.5357288 0.19394971 994.9 
20150625183421 11.374852 -1.9027919 0.35793316 -0.49418998 -0.36041048 0.25411993 994.9 
20150625183421 13.107656 -1.8124107 2.03567 -0.5183192 -0.15760323 0.2950479 994.9 
20150625183421 12.37084 -2.7515364 1.7729063 -0.5552765 0.004276057 0.15088372 994.9 
20150625183421 12.127829 -3.9653966 3.567959 -0.15668693 0.16768251 -0.05131268 994.9 
20150625183421 12.179903 -3.056797 3.2477345 0.02565634 0.35094208 -0.045814894 994.9 
20150625183421 12.786234 0.002992752 1.0241197 0.058337633 0.3912592 0.23243423 994.9 
20150625183421 12.590508 1.8010383 -4.2221746 -0.013744468 0.42394048 0.31642818 994.87 
20150625183421 9.380483 -2.542642 -6.0244102 -0.07513642 0.2501493 0.15424347 994.87 
20150625183421 10.685921 -2.2140381 -4.23654 0.11759156 -0.045814894 0.32803464 994.87 
20150625183421 14.332889 1.4694413 -2.7395654 0.16249016 -0.6114761 0.77366084 994.87 
20150625183421 17.260998 1.6406267 -0.62728083 0.07452556 -0.42852196 0.6957755 994.87 
20150625183421 16.381727 -0.42676646 -1.1252748 0.10598512 0.118202426 0.47891834 994.87 
20150625183421 13.642161 -0.092775315 -1.4203602 0.1328632 0.06994407 0.23396139 994.87 
20150625183422 10.272323 -0.45669398 -0.5823896 0.09560041 0.0290161 -0.09743301 994.87 
20150625183422 7.253234 -1.3808558 0.27832595 0.11881329 0.07452556 -0.45937067 994.87 
20150625183422 3.0184898 -1.8872294 -0.014963761 0.20799962 0.22113322 -0.6020077 994.9 
20150625183422 2.178125 -1.6142905 -0.42916065 0.4071417 0.38728857 -0.66339964 994.9 
20150625183422 2.9855695 -0.7404069 -0.350152 0.6618725 0.40866885 -0.57726765 994.9 
20150625183422 4.0503907 0.5255273 -0.1436521 0.64965516 -0.08155051 -0.50823987 994.9 
20150625183422 5.422867 1.0534488 0.18674773 0.54519725 -0.3576616 -0.4071417 994.9 
20150625183422 6.4248405 0.81043726 0.3812766 0.4859433 -0.50640726 -0.24098633 994.9 
20150625183422 7.3507977 -0.15083471 -0.015562311 0.44868052 -0.559858 -0.093462385 994.9 
20150625183422 9.93474 0.50757074 0.3333926 0.54519725 -0.50976706 -0.04520403 994.9 
20150625183422 12.075755 1.0336965 1.4856021 0.63499445 -0.4447099 0.055588737 994.9 
20150625183422 12.389396 1.003769 -0.40043023 0.57451874 -0.38515055 0.12308934 994.87 
20150625183422 12.891579 2.5833437 0.30166942 0.46181414 -0.21655174 0.16646078 994.87 
20150625183422 14.433445 2.0644004 2.9939492 0.05955936 -0.026267206 0.20189096 994.87 
20150625183422 13.283629 -1.3329718 0.6997054 -0.12858713 0.027183503 0.010079277 994.87 
20150625183422 13.181876 -2.082357 -7.0605006 0.08307768 0.09010262 -0.12461651 994.87 
20150625183422 15.857396 1.3964181 -5.701193 -0.0143553335 0.41538838 0.027794369 994.87 
20150625183422 11.191696 1.4951789 -2.2469583 -0.113926366 0.42394048 -0.15241088 994.87 
20150625183422 10.253767 -1.2898762 0.11192893 -0.14110987 -0.44929138 -0.6215554 994.87 
20150625183422 13.909714 0.29388827 -0.88645315 -0.27152961 0.1020145 -0.602924 994.87 
20150625183422 16.847399 1.3275849 -1.4622587 -0.03573562 0.7675522 -0.2724459 994.83 
20150625183422 15.870564 -0.51475334 -1.5041572 0.21410827 0.70188415 -0.03145956 994.83 
20150625183422 12.284649 -1.8375498 -1.6783354 0.046120327 0.35124752 0.15699236 994.83 
20150625183422 8.1720085 -2.183512 -0.80564886 -0.092240654 -0.039095376 0.26053402 994.83 
20150625183422 3.8845923 -0.4201824 -0.623091 -0.06688975 -0.0018325958 0.30909783 994.83 
20150625183422 1.8136078 2.4229321 -0.65242 -0.051923547 0.31398472 0.32375857 994.83 
20150625183422 2.914342 2.2469583 -0.9271546 -0.025961773 0.50976706 0.3539964 994.83 
20150625183422 4.455011 0.60333884 -0.6925228 0.024129177 0.058337633 0.32803464 994.83 
20150625183422 5.723339 -0.7134721 -0.36152446 -0.09254608 -0.25900686 0.27855456 994.83 
20150625183422 7.3106947 -1.2910733 0.6398504 -0.28710666 -0.3912592 0.22876903 994.88 
20150625183422 8.558673 -1.0319009 1.1067197 -0.45051312 -0.31795537 0.14080444 994.88 
20150625183422 9.408614 -1.4664485 1.1408371 -0.516792 -0.11484267 0.089186326 994.88 
20150625183422 10.641029 -1.9147629 1.8070238 -0.50732356 0.06383542 0.062002823 994.88 
20150625183422 11.617265 -2.7287915 1.8728642 -0.5140431 0.1591304 6.1086525E-4 994.88 
20150625183422 12.638392 -3.9995139 2.742558 -0.3753767 0.17348573 -0.06383542 994.88 
20150625183422 14.18325 -3.116652 3.41473 -0.040927973 0.16920967 -0.13530666 994.88 
20150625183422 13.790003 -0.093972415 1.204882 0.06627888 0.09468412 0.09101892 994.88 
20150625183422 13.569139 2.3511062 -4.015076 0.01863139 0.2773328 0.2919936 994.88 
20150625183422 9.622296 -2.0548236 -6.7085533 -0.0015271631 0.34208453 0.17837265 994.86 
20150625183422 10.654198 -2.1458032 -4.214992 0.18112154 0.22876903 0.29871312 994.86 
20150625183422 12.846089 0.47644615 -2.6461914 0.1301143 -0.44409904 0.70280045 994.86 
20150625183422 14.797363 1.0534488 -0.01316811 -0.0711658 -0.43004912 0.55741453 994.86 
20150625183422 16.167446 -0.89303726 -0.40462008 -0.05467244 0.23884831 0.27152961 994.86 
20150625183422 14.995483 -0.3573346 -1.0588357 -0.016798794 0.26816985 0.12370021 994.86 
20150625183422 11.781268 0.022744916 -0.50278234 0.019547688 0.08735373 -0.051923547 994.86 
20150625183422 8.537724 -0.090979666 0.32321724 0.07391469 -0.06811147 -0.25625798 994.86 
20150625183422 5.6784477 -0.545878 0.65900403 0.22876903 -0.065973446 -0.44318274 994.86 
20150625183422 2.6060886 -1.6950948 -0.39504328 0.40439278 0.19333886 -0.52473325 994.84 
20150625183422 3.1854854 -1.3192052 -0.020949265 0.5561928 0.35063666 -0.5112942 994.84 
20150625183422 3.8708255 0.32680854 -0.05566519 0.5290093 0.028099801 -0.40011674 994.84 
20150625183422 4.9081135 1.5496471 0.40043023 0.44868052 -0.29810223 -0.32711834 994.84 
20150625183423 6.401497 1.3198037 1.3503298 0.4813618 -0.41691554 -0.22968534 994.84 
20150625183423 6.882133 0.17058687 1.3892355 0.51343226 -0.39675698 -0.08979719 994.84 
20150625183423 7.7093296 -0.54168814 -0.051475335 0.56230146 -0.37659842 -0.018325957 994.84 
20150625183423 10.484209 0.688333 -0.08379706 0.6041457 -0.16737708 0.013439035 994.84 
20150625183423 12.630611 1.3000516 -1.1240777 0.593761 -0.040317107 0.0729984 994.84 
20150625183423 14.809933 3.083732 1.0229226 0.5656612 -0.29779682 0.0888809 994.79 
20150625183423 16.3925 2.2505496 4.3819876 0.18112154 -0.4465425 0.18112154 994.79 
20150625183423 12.155961 -1.4269443 0.91338795 0.06658431 -0.2669481 -0.105068825 994.79 
20150625183423 12.6222315 -1.5676036 -5.752668 0.21991149 0.25137106 -0.2510656 994.79 
20150625183423 15.6317425 2.256535 -4.8877625 -0.07391469 0.80878556 0.017715093 994.79 
20150625183423 11.044453 3.2441432 -3.7134068 -0.17165314 0.66828656 -0.28008172 994.79 
20150625183423 11.078569 0.019752163 0.14963761 -0.39400807 -0.3717115 -0.6930266 994.79 
20150625183423 13.937246 -1.18094 -0.027533319 -0.5039638 -0.079107046 -0.77121735 994.79 
20150625183423 16.347012 -0.3669114 -0.8984242 -0.04795292 0.39675698 -0.25167647 994.79 
20150625183423 14.827889 -0.32561144 -0.6745663 0.2489276 0.65301496 0.09560041 994.79 
20150625183423 11.978191 -0.6991069 -1.4921862 0.16249016 0.27000242 0.23579398 994.79 
20150625183423 8.666411 -0.49200845 -0.7068881 -0.01160644 -0.04337143 0.2611449 994.79 
20150625183423 4.5513773 0.5189432 -0.2777274 -0.11056661 -0.0061086523 0.2602286 994.79 
20150625183423 2.8078 1.846528 0.20709845 -0.16798794 0.29901853 0.3408628 994.79 
20150625183423 2.367267 1.5370775 -0.3866636 -0.172264 0.5036584 0.42302418 994.79 
20150625183423 3.369839 0.13227965 -0.7218518 -0.06688975 0.33017266 0.42852196 994.79 
20150625183423 5.5760956 -0.87328506 -0.30885202 -0.14630222 -0.04062254 0.3539964 994.79 
20150625183423 7.514202 -0.43155485 0.2885013 -0.3820962 -0.37048978 0.24465153 994.79 
20150625183423 8.902839 -0.12090719 0.83617496 -0.5525276 -0.48899764 0.17745635 994.81 
20150625183423 9.922171 -0.46387658 0.9068039 -0.75411314 -0.4156938 0.08979719 994.81 
20150625183423 10.41358 -2.7491422 1.067814 -0.79168135 -0.16920967 0.10354166 994.81 
20150625183423 12.047623 -2.9281087 2.095525 -0.7498371 0.12583824 0.1001819 994.81 
20150625183423 11.959038 -3.4883518 1.9087774 -0.70402217 0.23426682 0.10170906 994.81 
20150625183423 12.224793 -3.4680011 2.9741971 -0.41325033 0.26206118 -0.03023783 994.81 
20150625183423 11.944673 -1.6112977 1.4921862 -0.23151793 0.2773328 -0.004886922 994.81 
20150625183423 11.901577 1.1414356 -1.8788497 -0.1777618 0.29168814 0.17898351 994.81 
20150625183423 10.954071 2.2026656 -5.4725466 -0.15241088 0.2996294 0.1685988 994.81 
20150625183423 8.388085 -2.0087352 -5.4043117 -0.21074851 0.2275473 0.10415252 994.84 
20150625183423 11.495161 -1.2072762 -1.4089876 -0.09101892 -0.048563786 0.54611355 994.84 
20150625183423 15.218144 0.58777654 -0.11911154 -0.29993483 -0.22602014 0.8396343 994.84 
20150625183423 17.807474 -0.5614403 0.13108255 -0.16676621 0.23548855 0.6957755 994.84 
20150625183423 16.272192 -1.400608 -0.91099375 -0.0143553335 0.33078352 0.312763 994.84 
20150625183423 12.687473 -0.31244332 -0.44532153 0.083383106 0.22540927 0.056505036 994.84 
20150625183423 10.283096 -0.04309563 0.7918822 0.11148291 0.21471913 -0.24007004 994.84 
20150625183423 7.8733325 -0.7212533 1.2378023 0.21197024 0.2733622 -0.41172317 994.84 
20150625183423 5.999271 -1.3365631 1.1677719 0.4334089 0.30390546 -0.46517387 994.84 
20150625183423 4.320337 -2.2637177 0.5722142 0.6169739 0.34055737 -0.43982297 994.9 
20150625183423 3.86903 -1.7190368 0.3657143 0.7593055 0.2764165 -0.40378192 994.9 
20150625183423 4.571728 -0.56682724 0.3681085 0.7715228 -0.06872234 -0.3659083 994.9 
20150625183423 5.4845176 1.0791864 0.34715924 0.70280045 -0.42546764 -0.3304781 994.9 
20150625183423 6.3727665 1.1019313 0.7410054 0.68936145 -0.47616947 -0.2657264 994.9 
20150625183423 7.4286094 0.33279404 0.80325466 0.75747293 -0.4636467 -0.121256754 994.9 
20150625183423 8.624513 0.54767364 1.1971009 0.80878556 -0.39064834 0.024740042 994.9 
20150625183423 8.227076 1.1372458 -0.53450555 0.7623598 -0.21410827 0.14905111 994.9 
20150625183423 8.392874 1.6154876 -2.2373815 0.6215554 -0.11301007 0.21533 994.9 
20150625183424 12.570756 2.5408466 0.961272 0.36865717 0.040317107 0.18295415 994.86 
20150625183424 16.895283 -0.41000703 5.3821654 0.1328632 -0.096516706 0.022907447 994.86 
20150625183424 15.600618 -3.9498343 2.2972364 0.21471913 -0.26419923 -0.16126843 994.86 
20150625183424 14.344261 -2.0332758 -5.603629 0.57757306 -0.15607607 -0.28863382 994.86 
20150625183424 13.441647 3.6260185 -5.145139 0.50488013 0.64996064 -0.086437434 994.86 
20150625183424 11.5316725 3.0095115 -3.072958 0.52870387 0.66798115 -0.3286455 994.86 
