20150702194652 8.080431 -0.30645782 -0.66020113 -0.2938262 0.15118915 -0.24007004 996.5 
20150702194652 9.464279 0.0700304 -1.1055226 -0.15241088 0.2443461 -0.21533 996.5 
20150702194652 11.307216 1.0618285 -1.4341269 -0.15088372 0.10781772 -0.12583824 996.5 
20150702194652 12.720992 2.1493945 -1.1701661 -0.3286455 -0.14813483 -0.016798794 996.5 
20150702194652 14.848839 1.009156 2.1290438 -0.48288897 -0.34880406 -0.028710667 996.5 
20150702194652 16.191986 -1.6232687 3.977966 -0.74036866 -0.3894266 -0.06078109 996.5 
20150702194652 16.345215 -3.6703112 2.790442 -0.8384125 -0.4978552 0.15974127 996.5 
20150702194652 14.0150585 -1.99437 -5.353435 -0.5626069 -0.39767328 0.5558874 996.5 
20150702194652 12.847885 -2.309806 -10.14543 -0.2724459 -0.2938262 0.8081747 996.5 
20150702194652 12.835914 -1.6711528 -8.438364 -0.029321533 -0.17073683 0.7431176 996.5 
20150702194652 13.017275 -0.22744916 -8.002619 0.3200934 -0.40530908 0.537256 996.5 
20150702194652 14.146739 3.4967315 -7.754221 0.6209445 -0.5885687 0.5516113 996.5 
20150702194652 14.738107 4.8997335 -6.1860185 0.61941737 -0.4709771 0.6826419 996.5 
20150702194652 12.933477 2.7036524 -4.7925935 0.40866885 -0.14172074 0.52839845 996.5 
20150702194652 10.334572 -0.02932897 -3.9019501 0.17134771 0.124005646 0.27091873 996.54 
20150702194652 7.8188643 -1.8614918 -3.1483753 0.047647487 0.29932398 -0.12950343 996.54 
20150702194652 5.6000376 -2.0129251 -2.0620062 0.2003638 0.5180137 -0.4288274 996.54 
20150702194652 3.7140055 -1.3192052 -1.0929531 0.4251622 0.5329799 -0.6078109 996.54 
20150702194652 2.2499511 -0.41718966 -1.3652935 0.5928447 0.36193767 -0.68386364 996.54 
20150702194653 1.8908207 -0.4237737 -1.8890251 0.754724 0.13775012 -0.67073005 996.54 
20150702194653 2.7850552 -0.035314474 -1.7860745 0.94134337 0.062002823 -0.59437186 996.54 
20150702194653 3.6990416 0.44951138 -1.3611037 1.0797043 -0.09987647 -0.33414328 996.54 
20150702194653 5.149329 1.0217255 -1.2401965 1.1933253 -0.35705075 -0.05681047 996.54 
20150702194653 7.241862 1.8920178 -0.60453594 1.2373075 -0.4728097 0.15149458 996.52 
20150702194653 9.121908 2.0057425 -0.16639702 1.1646146 -0.39767328 0.25900686 996.52 
20150702194653 10.520123 1.4341269 -0.109534726 1.1099422 -0.3735441 0.34574974 996.52 
20150702194653 10.694899 1.0588357 -1.0654198 1.1508701 -0.30024028 0.29016098 996.52 
20150702194653 9.627684 -0.019752163 -1.8818425 1.1221595 -0.07452556 0.08399397 996.52 
20150702194653 9.662399 -1.4556746 -1.6723499 0.99173975 0.36163223 -0.21594086 996.52 
20150702194653 13.171103 -0.41060558 0.5542577 0.9049969 0.46700647 -0.31978795 996.52 
20150702194653 17.199347 4.159327 1.3371617 1.0317514 0.19975294 -0.1777618 996.52 
20150702194653 18.525734 4.355053 1.1312603 0.93218035 -0.34788775 -0.09560041 996.52 
20150702194653 16.146496 2.4157495 -5.253477 0.62125 -0.43890667 -0.5149594 996.51 
20150702194653 14.40651 2.5366566 -9.594764 0.40866885 -0.37659842 -0.93126404 996.51 
20150702194653 14.126987 3.067571 -8.5622635 0.21380283 -0.15790866 -0.91721416 996.51 
20150702194653 12.622829 0.3800795 -7.221511 0.05100725 -0.14294247 -0.86498517 996.51 
20150702194653 12.464214 -2.3062148 -7.201759 -0.19792034 -0.092240654 -0.870483 996.51 
20150702194653 13.297995 -3.4009635 -5.3941364 -0.19303341 0.10598512 -0.8588765 996.51 
20150702194653 11.897387 -0.87208796 -5.6359506 -0.022296581 0.4111123 -0.6249151 996.51 
20150702194653 10.259753 2.0512323 -5.1050367 0.0729984 0.46273044 -0.28985557 996.51 
20150702194653 8.416816 3.9234982 -3.8283286 0.16249016 0.52534413 0.2275473 996.51 
20150702194653 6.0202203 4.5459905 -3.3105824 0.098043874 0.4642576 0.66553766 996.54 
20150702194653 4.098873 3.484162 -2.883816 -0.12644911 0.19303341 0.98440933 996.54 
20150702194653 2.4361002 1.3078327 -2.4271219 -0.4709771 0.014660766 1.0589349 996.54 
20150702194653 1.7830818 -0.35314476 -2.2709002 -0.677755 0.004581489 0.95142263 996.54 
20150702194653 1.6142905 -2.110489 -1.46585 -0.8237518 0.0027488936 0.77091193 996.54 
20150702194653 1.8728642 -1.6962919 -1.8992004 -0.9462303 0.036957346 0.516792 996.54 
20150702194653 4.150947 -2.8814218 -1.1174936 -1.0076222 0.038179077 0.25289822 996.54 
20150702194653 6.543952 -3.2734723 -0.75477207 -1.0876455 0.005192355 0.022296581 996.54 
20150702194653 8.689157 -3.9372647 -0.8810662 -0.999681 -0.17928895 -0.13500121 996.54 
20150702194653 10.597934 -3.520075 -0.61052144 -0.86193085 -0.2724459 -0.26389378 996.52 
20150702194653 12.159552 -1.8142064 0.36631286 -0.61819565 -0.24923302 -0.26145032 996.52 
20150702194653 12.022484 -0.86251116 0.6398504 -0.28802297 -0.13988814 -0.15332718 996.52 
20150702194653 10.721834 -2.5001452 -0.27952304 0.10170906 0.038789943 -0.07941248 996.52 
20150702194653 10.38904 -4.841076 -0.83497787 0.38637227 0.29352075 0.0143553335 996.52 
20150702194653 12.756307 -5.309142 0.641646 0.6728681 0.44043383 0.095294975 996.52 
20150702194653 15.694591 0.59735334 1.8339585 0.8127562 0.2968805 0.116980694 996.52 
20150702194653 15.330073 3.1016884 -5.2079873 0.82619524 -0.03940081 0.33078352 996.52 
20150702194653 15.507244 2.819771 -11.165958 0.5693264 -0.21471913 0.5183192 996.52 
20150702194653 14.672865 2.1649568 -10.744578 0.5717699 -0.20922135 0.5216789 996.54 
20150702194653 14.0713215 1.4885949 -9.165603 0.38331795 -0.31856623 0.5867361 996.54 
20150702194653 14.091673 3.9019501 -6.409278 0.070249505 -0.39400807 0.6579019 996.54 
20150702194653 14.165893 2.0015526 -5.065532 -0.38087448 -0.20769419 0.72295904 996.54 
20150702194653 13.187861 -0.8194155 -3.7612908 -0.4156938 0.10598512 0.47219884 996.54 
20150702194653 11.68131 -3.3572693 -3.520075 -0.3231477 0.26511553 0.3390302 996.54 
20150702194653 8.929773 -3.6978445 -2.3349452 -0.0888809 0.27030787 -0.058948494 996.54 
20150702194653 4.9506106 -2.634819 -1.0289081 0.16401732 0.4297437 -0.6102544 996.54 
20150702194653 2.2936451 -1.661576 -0.7811083 0.516792 0.43004912 -1.058324 996.54 
20150702194653 1.0145429 -1.2084733 -1.146224 0.92087936 0.31856623 -1.1392636 996.55 
20150702194654 0.664391 -0.88525605 -1.9117701 1.2195925 0.1740966 -0.9602802 996.55 
20150702194654 1.5047557 0.008379706 -2.618658 1.50731 0.0290161 -0.5354234 996.55 
20150702194654 3.208829 1.5209166 -2.1057005 1.5873333 -0.1282817 -0.21746802 996.55 
20150702194654 5.336077 3.3877954 -1.4371196 1.4535538 -0.2929099 -0.051923547 996.55 
20150702194654 6.9569516 3.90614 -1.2785037 1.2654073 -0.4792238 0.0421497 996.55 
20150702194654 8.786121 3.1794999 -1.4646529 1.1704178 -0.40530908 0.043982297 996.55 
20150702194654 10.788273 1.9081788 -1.4939818 1.0793989 -0.25717425 0.004276057 996.55 
20150702194654 12.521675 0.35793316 -0.46507367 0.8918633 -0.13225232 -0.03268129 996.55 
20150702194654 13.038822 -0.91458505 0.076015905 0.7855727 -0.08368854 -0.044898596 996.5 
20150702194654 12.283452 0.40102878 -0.3585317 0.7519751 -0.047647487 0.013133603 996.5 
20150702194654 13.689446 3.7421372 0.24720132 0.68600166 0.13897185 0.116675265 996.5 
20150702194654 15.937602 4.164714 2.3834279 0.5103779 0.2660318 0.12950343 996.5 
20150702194654 14.908095 0.19871874 -0.3776853 0.14080444 0.15393804 -0.24098633 996.5 
20150702194654 14.514848 -0.11312603 -7.6410947 -0.06169739 -0.13164146 -0.83108217 996.5 
20150702194654 15.095442 1.3760674 -10.609306 -0.22540927 -0.28099802 -0.9633345 996.5 
20150702194654 14.308947 2.4349031 -8.893262 -0.13347405 -0.18967366 -0.883922 996.5 
20150702194654 13.187263 0.4794389 -6.318897 0.065973446 -0.2938262 -0.88270026 996.5 
20150702194654 12.108076 -1.8890251 -7.3448124 -0.07849618 -0.015882496 -1.0531317 996.48 
20150702194654 11.975797 -2.6024973 -5.9561753 -0.011301007 0.17745635 -0.97585726 996.48 
20150702194654 10.84334 0.23882163 -5.018845 0.18417588 0.50610185 -0.6432411 996.48 
20150702194654 9.205107 3.1962593 -4.2838254 0.2968805 0.7122689 -0.2782491 996.48 
20150702194654 7.3723454 4.1515455 -3.442862 0.321926 0.8341365 0.28038713 996.48 
20150702194654 6.2219315 3.8612487 -2.9137435 0.25870144 0.729984 0.7648033 996.48 
20150702194654 5.295376 2.6743233 -2.789245 0.015882496 0.31337386 1.1239921 996.48 
20150702194654 4.293402 1.09834 -2.4229321 -0.4111123 -0.12461651 1.1716396 996.48 
20150702194654 3.4488475 -0.88166475 -1.9213469 -0.745561 -0.3830125 1.0021244 996.48 
20150702194654 3.2974143 -2.1080947 -2.2661119 -1.0735956 -0.39858958 0.7113526 996.53 
20150702194654 4.039018 -0.8984242 -1.1893197 -1.1902709 -0.3005457 0.4016439 996.53 
20150702194654 6.173449 -1.4065934 -0.05686229 -1.3381003 -0.18509217 0.16432275 996.53 
20150702194654 7.5495167 -1.3796587 -0.09876082 -1.3356569 -0.19242255 -0.013133603 996.53 
20150702194654 8.521563 -1.5526398 -0.04249708 -1.2089024 -0.106595986 -0.14752395 996.53 
20150702194654 9.381081 -2.2158337 -0.2908955 -1.0085385 0.090713486 -0.26389378 996.53 
20150702194654 10.113108 -2.3169887 -0.24959552 -0.7626653 0.26633725 -0.27366763 996.53 
20150702194654 9.788693 -0.5315128 0.35434186 -0.52106804 0.37415496 -0.13622294 996.53 
20150702194654 9.61272 0.78410107 0.82240826 -0.40103304 0.5549711 0.0076358155 996.53 
20150702194654 10.447698 -0.8810662 0.4333505 -0.31948254 0.7153232 0.020463986 996.5 
20150702194654 14.009072 -1.7316064 1.9422961 -0.19761491 0.65148777 0.005497787 996.5 
20150702194654 15.614385 -2.566584 1.2425907 -0.1337795 0.34116822 0.23243423 996.5 
20150702194654 15.509639 0.2621651 -2.079364 -0.040927973 -0.21410827 0.5891795 996.5 
20150702194654 14.111424 0.22325931 -7.2885485 -0.08155051 -0.36132678 0.63407815 996.5 
20150702194654 13.299191 -0.908001 -7.644686 -0.1160644 -0.09865474 0.57635134 996.5 
20150702194654 13.30817 0.54887074 -7.253833 0.09590584 -0.15027285 0.50610185 996.5 
20150702194654 13.935451 3.169923 -6.429629 0.32742378 -0.2593123 0.59131753 996.5 
20150702194654 15.480908 3.578733 -4.7177744 0.33505958 -0.33628133 0.72143185 996.5 
20150702194654 14.145542 0.23343466 -3.8714242 0.51251596 -0.3173445 0.63163465 996.53 
20150702194654 12.357672 -1.4790181 -3.627814 0.6038403 -0.14202617 0.4529566 996.53 
20150702194654 9.451111 -1.5514427 -2.7102363 0.6835582 -0.03359759 0.023518313 996.53 
20150702194654 6.1303535 -0.99778354 -1.7902644 0.73731434 0.19181168 -0.54153204 996.53 
20150702194654 3.0921116 -0.28491 -1.0785879 0.8503244 0.24465153 -0.9993755 996.53 
20150702194654 1.216853 0.060453594 -0.87448215 0.979217 0.25442538 -1.1560625 996.53 
20150702194655 0.9223662 -0.002992752 -0.6727707 1.0824533 0.13958271 -1.0861185 996.53 
20150702194655 1.8632874 0.39923313 -1.0941502 1.2366967 0.005192355 -0.7874053 996.53 
20150702194655 3.1352072 1.5891514 -1.5340848 1.344209 -0.2574797 -0.25809056 996.53 
20150702194655 4.859032 2.782661 -1.2671312 1.3249667 -0.5366451 0.22449298 996.5 
20150702194655 6.117185 2.60968 -1.168969 1.1633929 -0.6933321 0.47678033 996.5 
20150702194655 8.212111 2.6426 -1.3497312 0.96486163 -0.788627 0.4978552 996.5 
20150702194655 10.579379 2.6132712 -1.1192893 0.7128797 -0.8924741 0.35735616 996.5 
20150702194655 11.737574 1.6514006 -0.9708488 0.53969944 -1.0485502 0.12492194 996.5 
20150702194655 12.583325 -0.6087258 -1.3694834 0.50701815 -0.6545421 -0.05100725 996.5 
20150702194655 12.583924 -1.785476 -2.5025394 0.7110472 -0.08552113 -0.04734206 996.5 
20150702194655 13.866618 1.6879122 -1.5454572 0.7779369 -0.015577064 0.06566802 996.5 
20150702194655 14.816517 4.259285 -0.110731825 0.68691796 -0.07147124 0.16432275 996.5 
20150702194655 14.855423 2.071583 2.1188686 0.37720928 -0.17379116 -0.122783914 996.5 
20150702194655 14.2868 -0.15801731 0.79487497 0.105068825 -0.13347405 -0.5363397 996.5 
20150702194655 13.416508 -0.5446809 -4.7656584 0.09010262 -0.1469131 -0.70829827 996.5 
20150702194655 13.196241 1.6927006 -10.298658 0.06047566 -0.021380283 -0.6783658 996.5 
20150702194655 13.129802 4.510676 -10.899603 0.27885997 0.18661933 -0.5510005 996.5 
20150702194655 12.934674 4.23654 -6.8905125 0.45570546 0.023518313 -0.5299256 996.5 
20150702194655 11.229404 1.2557588 -7.9248075 -0.08582657 -0.1469131 -0.6542367 996.5 
20150702194655 11.307216 -1.4784195 -6.671443 -0.40775254 -0.2049453 -0.7312057 996.5 
20150702194655 10.955867 -1.5005659 -5.5509567 -0.46395215 0.226631 -0.6227771 996.5 
20150702194655 9.512762 0.40102878 -4.308366 -0.3191771 0.34972036 -0.2910773 996.5 
20150702194655 8.072051 1.5035586 -3.5643678 -0.19120082 0.49296826 0.12889257 996.5 
20150702194655 6.8587894 2.2786815 -3.151368 -0.084910266 0.57451874 0.5342017 996.5 
20150702194655 5.662287 2.1188686 -2.3774424 -0.08979719 0.3567453 0.84116143 996.5 
20150702194655 4.803367 1.6561891 -2.0446482 -0.29779682 -0.016493361 0.906524 996.5 
20150702194655 4.3783965 0.9151836 -1.8291701 -0.5726862 -0.2452624 0.8573494 996.5 
20150702194655 3.4153287 1.0953473 -2.5372553 -0.829555 -0.39370266 0.70432764 996.5 
20150702194655 4.1299977 -0.15981296 -1.9919758 -1.0842859 -0.31764993 0.49296826 996.5 
20150702194655 5.8400564 -1.4748282 -1.2611457 -1.3176364 -0.1957823 0.28985557 996.5 
20150702194655 6.927623 -1.9812019 -0.22804771 -1.4819591 -0.1704314 0.11056661 996.54 
20150702194655 7.677606 -1.9578584 -0.31663316 -1.5210545 -0.17470746 -0.10720685 996.54 
20150702194655 9.021352 -0.95588505 -1.0522517 -1.4004086 -0.0693332 -0.20647246 996.54 
20150702194655 10.271125 0.5243302 -0.8062474 -1.2324207 0.15607607 -0.20586158 996.54 
20150702194655 11.41735 0.9068039 -0.57879823 -1.1365148 0.3371976 -0.1423316 996.54 
20150702194655 12.322357 -1.7471687 -0.3286042 -0.9447031 0.2843578 -0.061391957 996.54 
20150702194655 14.146141 -2.517503 1.7178397 -0.6817256 0.20066923 0.07422013 996.54 
20150702194655 14.705786 -1.6472107 2.3953989 -0.48899764 0.2864958 0.22082779 996.54 
20150702194655 13.691841 -0.19812019 0.54887074 -0.3145956 0.24862215 0.43768495 996.54 
20150702194655 13.287221 1.1737574 -4.441244 -0.13164146 0.079107046 0.61453044 996.54 
20150702194655 12.854469 -0.40641573 -7.9385743 -0.047647487 0.09773844 0.6374379 996.54 
20150702194655 12.398374 -1.2814964 -8.1079645 3.0543262E-4 0.18570304 0.5897904 996.54 
20150702194655 12.306795 -0.4213795 -8.640674 0.21563543 -0.12980886 0.54428095 996.54 
20150702194655 13.776835 3.566762 -6.1369376 0.35094208 -0.3622431 0.6224717 996.54 
20150702194655 13.660118 4.0797195 -4.75668 0.35705075 -0.5183192 0.6603453 996.54 
20150702194655 12.065579 1.8782512 -3.9815574 0.28955013 -0.5143485 0.57940567 996.54 
20150702194655 10.424355 -0.53450555 -3.5535939 0.2565634 -0.22602014 0.3399465 996.54 
20150702194655 8.339603 -2.2056582 -2.8820202 0.29749137 0.06719518 -0.007330383 996.54 
20150702194655 5.9250507 -2.2080526 -1.6903064 0.37995818 0.31215215 -0.36987892 996.46 
20150702194655 4.0779243 -1.6118963 -1.049259 0.44959682 0.27580565 -0.7174612 996.46 
20150702194656 3.1549592 -0.7092823 -0.7433996 0.5907067 0.13927728 -0.8784242 996.46 
20150702194656 2.7503393 -0.10354923 -1.4317327 0.79443026 -0.0842994 -0.89461213 996.46 
20150702194656 3.6332011 0.5674258 -1.5741876 1.0497719 -0.24220806 -0.7351763 996.46 
20150702194656 4.6297874 1.4700398 -1.7393875 1.2525792 -0.3023783 -0.4801401 996.46 
20150702194656 5.568913 2.3187842 -1.42455 1.3274102 -0.28191432 -0.23365596 996.46 
20150702194656 6.6510925 2.6252422 -1.3521254 1.319469 -0.3200934 0.0571159 996.46 
20150702194656 7.98586 1.8716671 -1.3802572 1.1972959 -0.21533 0.24984388 996.46 
20150702194656 9.378088 0.98700964 -1.5358804 1.0619892 -0.17501289 0.23457226 996.5 
20150702194656 11.247959 -0.2633622 -0.47345337 0.9224065 -0.16707164 0.073303826 996.5 
20150702194656 13.098678 -1.2844892 -0.4973954 0.83169305 -0.17623462 -0.06291912 996.5 
20150702194656 13.110648 -1.0319009 -1.7417817 0.8723156 -0.15821409 -0.17745635 996.5 
20150702194656 13.680469 2.3690627 -1.0564415 1.0180069 -0.24862215 -0.20005837 996.5 
20150702194656 14.744093 5.2061915 0.41240123 0.9599747 -0.23793201 -0.064446285 996.5 
20150702194656 15.40968 2.3253684 1.7004818 0.68600166 -0.11789699 -0.13591751 996.5 
20150702194656 14.515447 0.31603462 -3.2980127 0.4111123 -0.061391957 -0.4092797 996.5 
20150702194656 14.543578 1.0097545 -9.304466 0.16890424 -0.13775012 -0.79198676 996.5 
20150702194656 13.965379 3.7960067 -8.981848 -0.009468411 -0.310625 -0.9263771 996.53 
20150702194656 12.661138 2.2188265 -6.654085 -0.019547688 -0.36254853 -0.8231409 996.53 
20150702194656 11.526884 0.27234045 -7.41604 -0.10262536 -0.29229903 -0.8002335 996.53 
20150702194656 12.352285 -1.7250223 -5.0930657 -0.21197024 -0.10598512 -0.71776664 996.53 
20150702194656 11.537658 -0.93014735 -5.4432178 -0.18967366 0.11148291 -0.45906523 996.53 
20150702194656 9.737218 0.5967548 -4.7201686 -0.004581489 0.46700647 -0.17562376 996.53 
20150702194656 8.236053 1.8219875 -3.927688 0.07513642 0.68752885 0.11301007 996.53 
20150702194656 6.6265516 2.8449101 -3.3979707 0.15699236 0.8371908 0.321926 996.53 
20150702194656 4.6321816 3.2028434 -3.0627825 0.16371189 0.625526 0.46914452 996.53 
20150702194656 3.6290112 2.4079683 -2.5761611 0.041233405 0.36102137 0.64965516 996.52 
20150702194656 3.1358056 1.4927847 -2.3888147 -0.25809056 0.035124753 0.72356987 996.52 
20150702194656 2.433706 0.0700304 -2.3535004 -0.5543602 -0.23609942 0.7302894 996.52 
20150702194656 3.093907 -1.4059949 -2.5701754 -0.80481493 -0.39461896 0.6227771 996.52 
20150702194656 4.855441 -2.328361 -1.9590555 -0.93828905 -0.32620203 0.5299256 996.52 
20150702194656 6.0716953 -2.2828712 -1.5646108 -1.0369438 -0.35033122 0.35094208 996.52 
20150702194656 7.281366 -1.8884265 -1.3557167 -0.9896017 -0.5103779 0.10781772 996.52 
20150702194656 9.817424 -1.8471266 -0.5422867 -0.838718 -0.47800204 -0.08093964 996.52 
20150702194656 11.595717 -2.1057005 -0.5506664 -0.66675943 -0.3463606 -0.11301007 996.52 
20150702194656 12.542026 -1.3611037 -0.007182605 -0.54519725 -0.2415972 -0.11056661 996.47 
20150702194656 12.258312 -0.5255273 0.24001873 -0.36377025 -0.07788532 -0.07574729 996.47 
20150702194656 11.816583 -0.84814596 0.41240123 -0.17745635 0.17898351 0.024740042 996.47 
20150702194656 12.5264635 -1.4580688 1.9764135 -0.02107485 0.33475417 0.058337633 996.47 
20150702194656 14.572907 0.21787235 0.676362 0.04795292 0.41263947 -0.0015271631 996.47 
20150702194656 14.923657 -0.41958386 -7.7129207 0.07696902 0.18936823 0.06627888 996.47 
20150702194656 16.740856 -1.7776948 -10.414778 0.15974127 0.049785517 0.42241332 996.47 
20150702194656 16.047735 0.23702596 -10.769718 0.44226643 -0.16615535 0.63316184 996.47 
20150702194656 15.6550865 4.8297033 -8.278551 0.7021896 -0.46792278 0.77854776 996.47 
20150702194656 13.446435 5.192425 -6.303933 0.6765333 -0.4279111 0.8176431 996.51 
20150702194656 12.033856 2.6761189 -4.8267107 0.28619036 -0.115453534 0.6392705 996.51 
20150702194656 9.75697 -0.43514615 -3.942053 0.076052725 0.35063666 0.2611449 996.51 
20150702194656 7.8727336 -2.6431987 -3.3171666 -0.12583824 0.72082096 -0.021685716 996.51 
20150702194656 6.3087215 -3.128623 -2.3558946 -0.027488936 0.77488256 -0.29535335 996.51 
20150702194656 4.679467 -1.8680758 -1.6903064 0.19150625 0.713796 -0.50885075 996.51 
20150702194656 3.7792473 -0.22565351 -1.5023615 0.40958515 0.41233405 -0.58459806 996.51 
20150702194657 3.7020345 0.2148796 -1.70946 0.7290677 0.07452556 -0.61911196 996.51 
20150702194657 3.7828386 0.4309563 -2.4259248 1.054048 -0.28863382 -0.573297 996.51 
20150702194657 4.201824 1.3072342 -1.9895816 1.2003502 -0.54061574 -0.4288274 996.49 
20150702194657 4.707599 2.360683 -1.697489 1.1652255 -0.46853364 -0.13683382 996.49 
20150702194657 5.3983264 2.818574 -1.4317327 1.0998629 -0.22785273 0.0693332 996.49 
20150702194657 6.303933 2.8754363 -1.0702082 0.95386606 -0.12492194 0.2489276 996.49 
20150702194657 7.7428484 1.7681179 -0.45310268 0.7901542 -0.042455133 0.25167647 996.49 
20150702194657 9.665991 -0.48243165 -0.0664391 0.6844745 -0.0143553335 0.10842858 996.49 
20150702194657 11.844714 -2.9867666 -0.29209262 0.72784597 -0.050701816 -0.11209377 996.49 
20150702194657 12.910134 -3.6014779 -1.448492 0.82833326 -0.07238753 -0.19028452 996.49 
20150702194657 14.040796 0.39863458 -0.09696517 1.0351112 -0.014660766 -0.15424347 996.49 
20150702194657 15.562909 4.4544125 1.2952632 1.2125676 -0.050396383 0.059864793 996.48 
20150702194657 15.605407 2.8526914 2.219425 1.2009611 0.04734206 0.08277224 996.48 
20150702194657 14.520833 1.6771383 -2.272696 1.0210613 0.09682214 -0.3417791 996.48 
20150702194657 13.738528 2.5635915 -9.003994 0.8417723 -0.12370021 -0.68630713 996.48 
20150702194657 13.456611 4.255095 -11.6669445 0.45631635 -0.122478485 -0.9071349 996.48 
20150702194657 13.582306 3.639785 -7.735666 0.36346483 0.050396383 -0.95386606 996.48 
20150702194657 13.010691 0.44651863 -7.563882 0.24617869 -0.08093964 -0.9896017 996.48 
20150702194657 12.446258 -2.384625 -7.0862384 -0.04886922 -0.1469131 -1.208597 996.48 
20150702194657 11.927315 -2.1176715 -4.9907136 -0.20616703 -0.04337143 -1.1905763 996.48 
20150702194657 9.93893 0.7799112 -4.4394484 -0.09437868 0.2779437 -0.82650065 996.53 
20150702194657 7.7374616 3.2154129 -4.1156325 0.07086037 0.52870387 -0.1872302 996.53 
20150702194657 6.14831 4.3035774 -3.7696705 0.07880162 0.8793405 0.42241332 996.53 
20150702194657 4.71957 4.23654 -3.0621839 -0.03726278 0.9126327 0.9108001 996.53 
20150702194657 3.7894228 2.7563248 -2.8568811 -0.23609942 0.50426924 1.1636983 996.53 
20150702194657 3.6828809 0.9576807 -2.7311857 -0.6123924 0.12217305 1.2415836 996.53 
20150702194657 3.5368345 -0.7667431 -2.5312698 -1.0262536 -0.26267207 1.1279627 996.53 
20150702194657 4.308366 -2.0506337 -2.0727801 -1.366811 -0.5030475 0.93676186 996.53 
20150702194657 5.844845 -2.742558 -1.2743138 -1.5628988 -0.6062838 0.6835582 996.53 
20150702194657 7.371747 -3.1070752 -0.66139823 -1.5885551 -0.54336464 0.4859433 996.51 
20150702194657 8.429385 -2.7419596 -0.86969376 -1.496009 -0.50885075 0.20341812 996.51 
20150702194657 9.093777 -2.2679076 -1.1300632 -1.3368785 -0.44348818 -0.06291912 996.51 
20150702194657 9.214684 -1.9865888 -0.88525605 -1.1340714 -0.2864958 -0.23609942 996.51 
20150702194657 9.876082 -1.2862848 -0.338181 -0.84207773 -0.058643065 -0.31031954 996.51 
20150702194657 11.149797 0.61052144 0.80325466 -0.6056729 0.14508049 -0.25167647 996.51 
20150702194657 11.198878 1.0600328 0.7739257 -0.4129449 0.2501493 -0.064751714 996.51 
20150702194657 10.912771 -1.6208745 0.10534488 -0.38453966 0.2660318 0.059253927 996.51 
20150702194657 13.7367325 -2.203264 1.1312603 -0.16798794 0.25992316 0.06719518 996.51 
20150702194657 15.203779 -0.85891986 2.959832 -3.0543262E-4 0.22785273 0.23426682 996.5 
20150702194657 14.764443 1.7423803 -0.55605334 0.019547688 -0.048563786 0.44593164 996.5 
20150702194657 11.550227 1.0516531 -10.730812 -0.061086524 -0.29901853 0.57360244 996.5 
20150702194657 12.811972 -2.005144 -10.85531 -0.14049901 -0.16798794 0.5403103 996.5 
20150702194657 13.61403 -2.3594859 -7.3849154 0.082161374 -0.009162978 0.34972036 996.5 
20150702194657 14.073716 0.6063316 -6.8162923 0.22479841 -0.6026186 0.37140608 996.5 
20150702194657 15.373169 4.7800236 -5.627571 0.35430184 -0.7449502 0.46761733 996.5 
20150702194657 14.1425495 3.2944214 -4.4873323 0.36254853 -0.4392121 0.5821546 996.5 
20150702194657 11.162966 0.98581254 -4.0641575 0.40561453 -0.048258353 0.4083634 996.5 
20150702194657 7.9116397 -1.2802993 -3.145981 0.27152961 0.16768251 0.06566802 996.51 
20150702194657 5.437232 -2.336741 -1.7585411 0.23579398 0.46578476 -0.33169982 996.51 
20150702194657 3.6326025 -2.678513 -0.7164649 0.33292156 0.52290064 -0.5897904 996.51 
20150702194658 2.5031378 -2.1164744 -0.56982 0.50671273 0.41508293 -0.8005389 996.51 
20150702194658 2.2852654 -1.690905 -1.1803415 0.77457714 0.18234327 -0.782213 996.51 
20150702194658 3.2399535 -0.4369418 -1.6208745 1.0784826 -0.0018325958 -0.60048056 996.51 
20150702194658 4.18686 0.79966336 -1.9746178 1.3017539 -0.16340645 -0.3036 996.51 
20150702194658 5.667674 2.3050177 -1.520318 1.3878858 -0.4288274 -0.10720685 996.51 
20150702194658 6.974908 2.992752 -1.4610616 1.3817772 -0.5345071 0.029321533 996.51 
20150702194658 7.984064 2.5378537 -1.2952632 1.212262 -0.46609017 0.0693332 996.57 
20150702194658 9.379285 1.8507179 -0.9959879 1.0155635 -0.18936823 0.032986723 996.57 
20150702194658 10.714651 0.78769237 -0.5243302 0.8924741 -0.027488936 -0.009468411 996.57 
20150702194658 12.275072 0.0047884034 -1.0690111 0.8170323 -0.022602014 -0.054061573 996.57 
20150702194658 11.964424 -0.3657143 -2.110489 0.8188649 0.009468411 -0.11789699 996.57 
20150702194658 12.810176 2.533664 -1.654992 0.88025683 -0.051618114 -0.10293079 996.57 
20150702194658 15.446791 3.539827 -0.5374983 0.79901177 -0.112704635 -0.03970624 996.57 
20150702194658 17.027563 0.81402856 2.3020248 0.63194007 -0.1151481 -0.16462818 996.57 
20150702194658 15.70716 -1.1432313 0.49320555 0.5036584 -0.29565877 -0.38087448 996.57 
20150702194658 12.636597 -0.53809685 -6.735488 0.46822822 -0.40866885 -0.6239988 996.54 
20150702194658 11.305421 3.34051 -11.917139 0.41599923 -0.23823744 -0.768163 996.54 
20150702194658 12.023681 5.746084 -10.64043 0.43493605 0.27214047 -0.6630942 996.54 
20150702194658 13.092093 3.1256304 -7.2406645 0.5183192 0.28313604 -0.61086524 996.54 
20150702194658 12.204443 -0.492607 -7.7667904 0.15271631 0.02443461 -0.6435465 996.54 
20150702194658 12.442068 -2.5761611 -5.517438 -0.33017266 -0.22174409 -0.80573124 996.54 
20150702194658 10.700885 -1.0785879 -5.076905 -0.41538838 0.14172074 -0.75441855 996.54 
20150702194658 8.841188 1.3365631 -4.243124 -0.22785273 0.37782016 -0.41355577 996.54 
20150702194658 7.5866265 3.2118216 -3.2237926 0.03176499 0.52626044 0.12156218 996.54 
20150702194658 6.1836243 3.4476504 -2.533664 0.16065755 0.6062838 0.5516113 996.49 
20150702194658 4.7159786 2.190096 -2.1296425 0.12644911 0.4175264 1.0348058 996.49 
20150702194658 3.8468835 0.4441244 -1.7806876 -0.15851954 0.14355333 1.208597 996.49 
20150702194658 2.5965118 -0.10654198 -2.842516 -0.5503896 -0.08399397 1.1160508 996.49 
20150702194658 2.6240451 -0.4878186 -2.2559366 -0.8176431 -0.18142697 0.8206975 996.49 
20150702194658 4.585495 -1.6220716 -1.0187328 -1.0173961 -0.16218472 0.59956425 996.49 
20150702194658 6.785766 -2.0171149 0.08619126 -1.1603385 -0.100792766 0.26297748 996.49 
20150702194658 8.46051 -2.1936872 0.7009025 -1.1319333 -0.14813483 -0.086437434 996.49 
20150702194658 8.928576 -2.0907366 -0.15442601 -1.035722 -0.17287487 -0.36041048 996.49 
20150702194658 8.899248 -1.2850877 -1.3706805 -0.9089675 0.0125227375 -0.42149702 996.51 
20150702194658 9.71986 0.52852005 -0.6404489 -0.8038987 0.3979787 -0.35002577 996.51 
20150702194658 10.222643 1.8525136 0.23104046 -0.6606508 0.569021 -0.22418754 996.51 
20150702194658 10.907384 0.142455 -0.11731588 -0.49327368 0.4905248 -0.07269296 996.51 
20150702194658 13.874997 -1.5005659 1.3341689 -0.3231477 0.4465425 0.036957346 996.51 
20150702194658 15.614385 -2.1033063 2.166154 -0.321926 0.17623462 0.25167647 996.51 
20150702194658 15.249867 -2.268506 1.5310919 -0.30634892 -0.25137106 0.3921755 996.51 
20150702194658 14.035409 -0.5398925 -3.82773 -0.094989546 -0.40286562 0.5662721 996.51 
20150702194658 13.176489 -0.86969376 -7.5124063 0.047036625 -0.39492437 0.675617 996.51 
20150702194658 13.424289 -0.7332243 -7.269395 0.15454891 -0.19456059 0.6603453 996.56 
20150702194658 12.832322 -0.020949265 -8.394072 0.40225476 -0.33444872 0.57451874 996.56 
20150702194658 13.328521 2.6761189 -6.039374 0.5030475 -0.27214047 0.58032197 996.56 
20150702194658 13.893553 3.0771477 -4.8781857 0.47983465 -0.35369098 0.5522222 996.56 
20150702194658 12.444462 1.1354501 -3.965995 0.42271876 -0.10781772 0.42302418 996.56 
20150702194658 10.654796 -1.30484 -3.2148144 0.3368922 0.19822577 0.22204952 996.56 
20150702194658 8.811859 -2.8341362 -2.5031378 0.33017266 0.29871312 -0.11575896 996.56 
20150702194658 6.223129 -2.456451 -1.6286557 0.42760566 0.44501534 -0.39828414 996.56 
20150702194659 3.7044287 -1.2731167 -1.3617022 0.5842926 0.41325033 -0.7101309 996.56 
20150702194659 2.3918076 0.39264908 -1.271321 0.7806858 0.23457226 -0.8353582 996.52 
20150702194659 1.8938135 1.3587095 -1.9458874 0.94042706 0.0693332 -0.79504114 996.52 
20150702194659 2.8550856 2.0201077 -1.6567876 1.028697 -0.08582657 -0.6203337 996.52 
20150702194659 3.8067808 1.9782091 -1.5334862 1.063211 -0.22724187 -0.36010507 996.52 
20150702194659 5.129577 1.7328035 -1.3317747 1.0467176 -0.34513888 -0.026572637 996.52 
20150702194659 6.7079544 1.0893618 -1.3569138 0.9627236 -0.3933972 0.16737708 996.52 
20150702194659 8.561666 0.52852005 -1.0881647 0.8353582 -0.33505958 0.22143865 996.52 
20150702194659 10.35193 0.40821138 -0.64463884 0.7324274 -0.3210097 0.18417588 996.52 
20150702194659 12.120646 -0.095768064 0.044292733 0.70005155 -0.27763826 0.09560041 996.52 
20150702194659 13.4739685 -0.66858083 0.2693477 0.72143185 -0.17501289 -0.023518313 996.54 
20150702194659 13.052589 -0.2112883 -0.3645172 0.90102625 -0.07941248 -0.089186326 996.54 
20150702194659 13.925276 2.7503393 1.1204864 0.9969321 -0.086437434 -0.07727446 996.54 
20150702194659 14.944009 4.23654 1.673547 0.890947 0.01863139 -0.013439035 996.54 
20150702194659 13.889961 1.8405426 1.0241197 0.679893 0.029932396 -0.15210545 996.54 
20150702194659 12.915521 0.92057055 -4.59986 0.3622431 -0.008857546 -0.528093 996.54 
20150702194659 12.491747 2.1751323 -10.58297 0.12889257 -0.05467244 -0.83260936 996.54 
20150702194659 12.842498 4.079121 -9.631873 -0.09743301 0.004581489 -0.86498517 996.54 
20150702194659 13.381193 1.7609353 -7.045537 -0.10445796 -0.16340645 -0.72021013 996.54 
20150702194659 13.702615 -1.5867572 -7.958925 -0.30176744 -0.3109304 -0.6945538 996.56 
20150702194659 15.51323 -3.2016463 -5.6904187 -0.4578435 -0.18936823 -0.66553766 996.56 
20150702194659 13.326127 -0.9888053 -5.21098 -0.41386122 0.15882497 -0.4034765 996.56 
20150702194659 10.901998 1.520318 -4.252701 -0.1704314 0.3484986 -0.034208454 996.56 
20150702194659 8.565256 3.016694 -3.5613751 0.036957346 0.5531385 0.35002577 996.56 
20150702194659 6.051345 3.6272156 -2.956839 0.0852157 0.59956425 0.5726862 996.56 
20150702194659 3.870227 3.357868 -2.5570073 -0.015271631 0.45662177 0.77121735 996.56 
20150702194659 2.5025394 1.8674773 -2.1936872 -0.32406402 0.29138273 0.8533788 996.56 
20150702194659 1.6065093 0.12090719 -2.1751323 -0.6640105 0.07849618 0.8029824 996.56 
20150702194659 1.7818847 -1.4730326 -1.8650831 -0.90408057 -0.14813483 0.68966687 996.54 
20150702194659 3.38181 -3.3865983 -1.0307038 -0.9941832 -0.28008172 0.5635232 996.54 
20150702194659 5.527613 -4.550779 -0.47046062 -1.0338894 -0.344528 0.29901853 996.54 
20150702194659 6.892308 -4.016872 -0.25019407 -0.97127575 -0.52412236 -0.007941248 996.54 
20150702194659 7.841609 -2.409764 -0.6123171 -0.8549059 -0.56199604 -0.28863382 996.54 
20150702194659 8.422203 -0.6979098 -0.61890113 -0.70249504 -0.28802297 -0.41538838 996.54 
20150702194659 9.6923275 0.49320555 -0.28072014 -0.50732356 0.03359759 -0.46670106 996.54 
20150702194659 11.6430025 0.90500826 0.43275195 -0.27672195 0.15424347 -0.46761733 996.54 
20150702194659 11.918336 -0.40342298 0.0047884034 -0.16157386 0.096516706 -0.3371976 996.54 
20150702194659 13.620015 -2.03148 1.2910733 -0.20280726 -0.021380283 -0.19792034 996.55 
20150702194659 15.991471 -1.5448587 2.9047651 -0.12339478 0.043982297 0.09315695 996.55 
20150702194659 15.592837 -0.09756372 2.1637597 -0.0125227375 -0.09468412 0.39003745 996.55 
20150702194659 14.035409 0.3393781 -4.4101195 0.16737708 -0.22174409 0.7360926 996.55 
20150702194659 12.272079 0.5057751 -10.758346 0.13713925 -0.19211712 0.8335256 996.55 
20150702194659 12.537237 -0.45489833 -9.3182335 0.1872302 0.05589417 0.6826419 996.55 
20150702194659 12.495338 -1.9674352 -8.619126 0.2415972 -0.08582657 0.58123827 996.55 
20150702194659 14.288596 1.1725603 -7.8930845 0.28344148 -0.45448375 0.634689 996.55 
20150702194659 15.896901 3.1992521 -5.4605756 0.310625 -0.46486846 0.8014552 996.55 
20150702194659 14.284406 1.3066356 -4.2383356 0.33475417 -0.116675265 0.73823065 996.55 
20150702194659 11.911154 -1.5532384 -4.1437645 0.33964106 0.15302174 0.43860126 996.55 
20150702194659 9.250597 -3.1238346 -3.293823 0.4981606 0.49327368 0.06841691 996.55 
20150702194659 6.282984 -3.2531216 -1.9189527 0.59803706 0.7703011 -0.27672195 996.55 
20150702194700 4.1521444 -2.1098902 -0.57161564 0.7199047 0.68966687 -0.72509706 996.55 
20150702194700 1.9602526 -1.0342951 -0.46267948 0.8713993 0.48258355 -0.93676186 996.55 
20150702194700 0.61291564 -0.29628247 -1.7046716 1.1395692 0.23701571 -0.88606006 996.55 
20150702194700 1.5077485 0.6745663 -1.7322049 1.4068227 0.079107046 -0.70005155 996.55 
20150702194700 3.1681273 1.7088615 -1.0468647 1.5213599 0.029321533 -0.50579643 996.55 
20150702194700 5.1942205 2.19249 -0.741604 1.5540411 -0.14630222 -0.16737708 996.49 
20150702194700 6.7905545 2.2122424 -0.6051345 1.484708 -0.4279111 0.0106901415 996.49 
20150702194700 8.04392 1.1228806 -1.1145009 1.3429873 -0.4260785 0.04428773 996.49 
20150702194700 9.965266 -0.35553896 -1.1893197 1.2003502 -0.2919936 -6.1086525E-4 996.49 
20150702194700 12.595895 0.06703765 -0.40641573 1.1377366 -0.10598512 -0.04886922 996.49 
20150702194700 13.169905 1.1839328 -0.076614454 1.0464121 -0.081855945 -0.043066 996.49 
20150702194700 12.876017 3.0005333 -1.0115502 1.0302242 -0.21685717 -0.058337633 996.49 
20150702194700 13.317148 5.361216 0.049679685 0.9401216 -0.11789699 -0.06261369 996.49 
20150702194700 15.011644 2.2110453 3.1381998 0.6239988 0.31612277 -0.056505036 996.49 
20150702194700 13.937246 -1.3084313 -0.760159 0.35185838 0.39736784 -0.2556471 996.52 
20150702194700 14.839861 -1.845331 -6.869563 0.07452556 0.048258353 -0.66339964 996.52 
20150702194700 15.197195 0.44711718 -7.6201453 -0.056505036 -0.21135938 -0.8167268 996.52 
20150702194700 14.018051 3.252523 -7.6949644 -0.040927973 -0.2602286 -0.8402451 996.52 
20150702194700 12.7575035 -0.030526072 -5.1607018 0.15393804 -0.39095375 -0.9297369 996.52 
20150702194700 11.5394535 -2.7234044 -7.593809 0.19181168 -0.21502456 -1.058324 996.52 
20150702194700 11.917738 -2.7766755 -6.169858 0.31612277 -0.15057829 -0.9975429 996.52 
20150702194700 11.080365 0.6871359 -4.8177323 0.3933972 0.2611449 -0.70921457 996.52 
20150702194700 9.431359 3.5703533 -4.36044 0.41783184 0.4034765 -0.34422258 996.52 
20150702194700 7.7548194 4.484938 -3.7936125 0.3680463 0.48991394 0.092240654 996.49 
20150702194700 6.1327477 4.5286326 -2.9933507 0.25503623 0.52870387 0.46700647 996.49 
20150702194700 4.733337 3.3985693 -2.9239187 -0.037873644 0.34391713 0.95233893 996.49 
20150702194700 3.8259344 1.7286136 -2.5384524 -0.462425 0.049480084 1.1615603 996.49 
20150702194700 3.4560301 0.19991584 -2.2337902 -0.8546005 -0.1337795 1.0852021 996.49 
20150702194700 3.7343562 -1.2533646 -1.8088194 -1.1725558 -0.25320363 0.88422745 996.49 
20150702194700 4.3221326 -2.8574798 -0.97384155 -1.3399329 -0.29138273 0.68294734 996.49 
20150702194700 5.8322754 -3.775656 -0.24420857 -1.4223998 -0.29046643 0.37995818 996.49 
20150702194700 6.941988 -3.4422636 0.12629414 -1.3646729 -0.2996294 0.09101892 996.49 
20150702194700 7.6919713 -2.5582044 -0.12270284 -1.210735 -0.19975294 -0.18142697 996.51 
20150702194700 8.085817 -1.8237832 -0.45549688 -0.9804387 -0.06047566 -0.36010507 996.51 
20150702194700 9.339781 -0.58298814 -0.04369418 -0.77946407 0.084910266 -0.41416663 996.51 
20150702194700 11.543644 1.1528081 0.6859388 -0.49693888 0.16493362 -0.36774087 996.51 
20150702194700 11.784261 0.9923966 0.6943185 -0.31245756 0.19181168 -0.24678956 996.51 
20150702194700 12.065579 -1.3617022 1.2569559 -0.23915374 0.099571034 -0.15057829 996.51 
20150702194700 15.051747 -2.107496 2.4881742 -0.1133155 0.04642576 -0.044898596 996.51 
20150702194700 16.625935 0.019752163 0.5177461 -0.029321533 -0.112399206 0.113926366 996.51 
20150702194700 16.211739 0.7577648 -7.4495587 0.0290161 -0.26328292 0.528093 996.51 
20150702194700 16.95813 -1.5969325 -9.069835 0.05497787 -0.43157628 0.68539083 996.54 
20150702194700 16.038158 -0.6991069 -8.1797905 0.35430184 -0.37690386 0.6426302 996.54 
20150702194700 14.489709 1.8950106 -7.08564 0.4886922 -0.46120325 0.6731735 996.54 
20150702194700 12.787432 4.249708 -5.3606176 0.43310347 -0.2883284 0.7318166 996.54 
20150702194700 12.254722 3.2393548 -3.9097314 0.07880162 -0.049480084 0.56077427 996.54 
20150702194700 10.21965 0.7781156 -3.3345244 -0.076052725 0.4990769 0.3286455 996.54 
20150702194700 8.115147 -1.7357962 -2.7575219 -0.13744467 0.643852 0.07666359 996.54 
20150702194700 6.1165867 -2.497751 -1.8962077 -0.01985312 0.7162395 -0.18295415 996.54 
20150702194701 4.671686 -2.0308816 -1.0935516 0.099265605 0.6478226 -0.33933565 996.54 
20150702194701 3.5248635 -1.3138182 -1.0043676 0.3747658 0.44593164 -0.48991394 996.57 
20150702194701 3.1070752 -0.56922144 -1.2096704 0.63529986 0.015271631 -0.55771995 996.57 
20150702194701 3.3566709 -0.021547815 -1.9111716 0.86590147 -0.27091873 -0.5039638 996.57 
20150702194701 3.8714242 1.2360066 -2.1110873 0.98715824 -0.37018433 -0.29077184 996.57 
20150702194701 4.5537715 2.319383 -1.8525136 1.0015136 -0.2706133 -0.09682214 996.57 
20150702194701 5.4168816 2.5594015 -1.364695 0.9120218 -0.16279559 0.0580322 996.57 
20150702194701 6.208165 1.5699978 -1.3257892 0.76174897 -0.049785517 0.13744467 996.57 
20150702194701 7.787141 0.11492168 -0.7457938 0.65301496 -0.05497787 0.023518313 996.57 
20150702194701 10.864887 -1.2719196 0.3274071 0.68936145 -0.13591751 -0.071776666 996.57 
20150702194701 13.880983 -1.62686 0.34596214 0.79320854 -0.2932153 -0.106595986 996.51 
20150702194701 13.730747 -0.6757634 -1.6663644 0.9831876 -0.40591997 -0.03573562 996.51 
20150702194701 13.120824 1.5286977 -1.3251907 1.1902709 -0.398895 -0.013744468 996.51 
20150702194701 14.068928 2.777274 -0.06703765 1.1878275 -0.093767814 -0.04153884 996.51 
20150702194701 13.857041 2.1278467 0.7823054 1.0421361 0.0015271631 -0.12705997 996.51 
20150702194701 13.636176 0.29029694 3.3752258 0.9089675 -0.08979719 -0.34391713 996.51 
20150702194701 12.330139 -1.0432734 0.23642741 0.74189585 -0.18173242 -0.6630942 996.51 
20150702194701 10.521918 0.15143326 -7.319673 0.7147123 -0.23823744 -0.89369583 996.51 
20150702194701 10.47164 2.5504234 -11.323976 0.72387534 -0.09285152 -0.8885035 996.51 
20150702194701 13.813945 5.3701944 -9.791686 0.87017757 0.05955936 -0.7892379 996.49 
20150702194701 15.555727 3.8247373 -7.49026 0.7837401 -0.08979719 -0.72204274 996.49 
20150702194701 15.363592 -0.6452374 -6.2105594 0.04062254 -0.31673363 -0.90010995 996.49 
20150702194701 13.663709 -0.28790274 -4.9284644 -0.38606682 -0.38789943 -1.0341948 996.49 
20150702194701 11.019912 2.143409 -4.183269 -0.2959642 0.0729984 -0.602924 996.49 
20150702194701 8.78672 3.4320881 -3.34051 -0.13897185 0.55955255 0.04520403 996.49 
20150702194701 6.401497 3.5290532 -2.9113493 -0.018936822 0.8371908 0.5375614 996.49 
20150702194701 4.309563 2.3211784 -2.0518308 -0.06352998 0.75808376 0.9923506 996.49 
20150702194701 3.3704374 1.0791864 -1.632247 -0.398895 0.47555858 1.0308352 996.49 
20150702194701 2.2936451 -0.6907272 -1.9674352 -0.7779369 0.0036651916 0.83199847 996.5 
20150702194701 2.058415 -1.3078327 -3.2028434 -0.98440933 -0.3839288 0.5491679 996.5 
20150702194701 3.3572693 -0.7793127 -1.9692309 -1.178359 -0.5381723 0.3576616 996.5 
20150702194701 5.521628 -1.3617022 -0.8451532 -1.3475688 -0.47158796 0.18478674 996.5 
20150702194701 7.2664022 -1.417966 -0.85772276 -1.349096 -0.4266894 -0.0033597588 996.5 
20150702194701 8.253412 -1.6765398 -1.0875661 -1.1884383 -0.3115413 -0.15668693 996.5 
20150702194701 9.594764 -1.9937714 -0.90021986 -1.0396926 -0.08124508 -0.23243423 996.5 
20150702194701 11.025299 -1.7902644 -0.18375498 -0.7825184 0.035124753 -0.19792034 996.5 
20150702194701 11.353305 -0.7517793 0.7661445 -0.5882632 0.032986723 -0.093767814 996.5 
20150702194701 11.070788 0.2789245 1.2491747 -0.46578476 0.050701816 -0.03970624 996.55 
20150702194701 10.908582 -1.2563573 1.8710686 -0.3817908 0.21991149 -0.008552114 996.55 
20150702194701 12.989741 -2.224812 3.2477345 -0.28038713 0.355829 0.014660766 996.55 
20150702194701 14.891934 0.24660277 2.496554 -0.12186762 0.3399465 0.1600467 996.55 
20150702194701 13.702615 1.5616181 -5.5826797 0.01740966 0.18295415 0.59589905 996.55 
20150702194701 13.962984 -0.5351041 -11.304223 0.08674286 -0.14385876 0.8051204 996.55 
20150702194701 15.614984 -0.82599956 -9.529521 0.2864958 -0.22815818 0.6478226 996.55 
20150702194701 16.193184 1.8255788 -7.8505874 0.3594942 -0.83199847 0.54550266 996.55 
20150702194701 14.908694 5.4085016 -6.331466 0.36193767 -0.99173975 0.5693264 996.55 
20150702194701 13.281236 4.5795093 -4.072537 0.096516706 -0.675617 0.59528816 996.5 
20150702194701 10.936115 1.602918 -3.5093012 -0.014660766 -0.06261369 0.40500367 996.5 
20150702194701 8.509591 -1.7202339 -3.1986535 -0.08979719 0.419359 0.183565 996.5 
20150702194701 7.1724296 -3.5990837 -2.2948422 6.1086525E-4 0.71685034 -0.073303826 996.5 
20150702194702 5.5084596 -3.3291376 -1.6101006 0.24709499 0.7257079 -0.2519819 996.5 
20150702194702 4.0336313 -1.7076644 -1.1145009 0.54305923 0.43768495 -0.52106804 996.5 
20150702194702 3.378817 -0.1328782 -1.1546037 0.82833326 0.0027488936 -0.67103547 996.5 
20150702194702 3.354875 1.2036849 -1.7729063 1.0980303 -0.34055737 -0.60994893 996.5 
20150702194702 3.645172 2.1140802 -2.6719291 1.2425 -0.5131268 -0.35338554 996.5 
20150702194702 4.608838 2.854487 -2.148796 1.3136657 -0.49480084 -0.1563815 996.51 
20150702194702 6.1279593 3.493739 -0.95947635 1.2385293 -0.28955013 0.055283304 996.51 
20150702194702 7.3753386 3.2465374 -1.2653356 0.9761627 -0.11026118 0.23365596 996.51 
20150702194702 8.3629465 2.1877017 -1.7292122 0.71929383 -0.14569137 0.26419923 996.51 
20150702194702 9.245809 0.9498995 -0.9552865 0.6200282 -0.17715092 0.20280726 996.51 
20150702194702 10.183139 -0.62129533 -0.25498247 0.50335294 -0.12003502 0.1160644 996.51 
20150702194702 12.552201 -1.79206 0.9672575 0.408058 0.12858713 -0.03268129 996.51 
20150702194702 12.942456 -1.8016368 0.06943185 0.5626069 0.18173242 -0.10445796 996.51 
20150702194702 13.590087 0.49200845 0.3393781 0.72295904 -9.162979E-4 -0.096516706 996.51 
20150702194702 15.046959 2.6018987 1.5508442 0.7663304 0.043066 -0.098043874 996.54 
20150702194702 14.535198 2.0428526 1.4347254 0.7162395 0.017715093 -0.27885997 996.54 
20150702194702 13.867815 2.3870192 -2.9885623 0.6554584 -0.122478485 -0.59223384 996.54 
20150702194702 13.549386 2.3068132 -8.841787 0.5299256 -0.16340645 -0.7461719 996.54 
20150702194702 13.354259 3.0232782 -10.363302 0.40775254 0.07360926 -0.82527894 996.54 
20150702194702 13.310564 2.1613655 -6.220136 0.45845437 0.020158553 -0.80848014 996.54 
20150702194702 11.6585655 0.16400282 -6.5840545 0.14446963 -0.05497787 -0.83199847 996.54 
20150702194702 11.79683 -1.0420763 -5.355231 -0.13713925 -0.024129177 -0.958753 996.54 
20150702194702 11.54065 -0.061650693 -4.557363 -0.1731803 0.35338554 -0.8304713 996.54 
20150702194702 10.171766 2.4498668 -4.086902 0.048258353 0.45906523 -0.43310347 996.58 
20150702194702 9.115324 3.8786068 -3.2908301 0.121256754 0.49449542 -0.024740042 996.58 
20150702194702 7.3992805 3.4003649 -2.8191724 0.095294975 0.49754974 0.51007247 996.58 
20150702194702 5.4498014 1.9375077 -2.7521348 -0.015577064 0.22418754 0.9245446 996.58 
20150702194702 4.0037036 0.12150574 -2.9340942 -0.28221974 -0.10048734 1.0574077 996.58 
20150702194702 3.4111388 -1.2084733 -2.6659436 -0.6658431 -0.27397305 0.8524625 996.58 
20150702194702 2.4157495 -0.093373865 -3.0657754 -0.8949176 -0.39278635 0.6469063 996.58 
20150702194702 3.7834373 -0.219668 -0.7068881 -1.0076222 -0.42088616 0.34513888 996.58 
20150702194702 5.346851 -0.82360536 -0.42916065 -1.07665 -0.4175264 0.17501289 996.58 
20150702194702 5.9843073 -0.6721721 -0.66139823 -0.9257663 -0.45020768 0.027183503 996.57 
20150702194702 7.15567 -0.7667431 -0.83497787 -0.8518516 -0.44684792 -0.059253927 996.57 
20150702194702 8.74961 -1.0073603 -0.9923966 -0.7974846 -0.25137106 -0.0720821 996.57 
20150702194702 10.337564 -1.2791022 -1.4263457 -0.7318166 -0.17287487 -0.057726767 996.57 
20150702194702 12.418126 -0.11611878 -0.30346507 -0.7150178 -0.10048734 -0.039095376 996.57 
20150702194702 12.291832 0.58119243 0.2693477 -0.7360926 -0.003970624 0.04428773 996.57 
20150702194702 12.176909 -2.2014685 1.240795 -0.65668017 0.0106901415 0.0888809 996.57 
20150702194702 13.582905 -4.695628 2.4929626 -0.49296826 0.122783914 0.08979719 996.57 
20150702194702 14.853627 -2.915539 0.93493575 -0.30757064 0.17623462 0.2669481 996.57 
20150702194702 14.440627 1.673547 -4.520851 0.020158553 0.11148291 0.6062838 996.54 
20150702194702 15.433622 -0.46507367 -9.176376 0.3481932 -0.0693332 0.7452556 996.54 
20150702194702 15.934609 0.7404069 -9.11712 0.6765333 -0.22388211 0.7296785 996.54 
20150702194702 15.090653 4.1413703 -8.986037 0.72143185 -0.5012149 0.75594574 996.54 
20150702194702 13.24233 5.040992 -6.7025676 0.51068336 -0.40408736 0.74189585 996.54 
20150702194702 12.723387 3.7594953 -4.4603977 0.093767814 -0.11148291 0.52626044 996.54 
20150702194702 11.452663 0.97623575 -3.8115692 -0.112704635 0.2855795 0.34025195 996.54 
20150702194702 10.323798 -1.857302 -2.5851393 -0.17256944 0.50640726 0.13194689 996.54 
20150702194702 8.44375 -2.8688521 -2.1158757 -0.07971791 0.45814893 -0.08368854 996.54 
20150702194702 6.0130377 -2.0015526 -1.501763 0.18020524 0.42577308 -0.37018433 996.51 
20150702194703 3.8552632 -0.7026982 -1.3329718 0.4868596 0.3726278 -0.59986967 996.51 
20150702194703 3.0579941 0.2693477 -1.4437037 0.7348709 0.21319197 -0.7266242 996.51 
20150702194703 2.6593595 0.8038532 -1.5508442 0.9126327 0.06291912 -0.6743952 996.51 
20150702194703 2.9281087 1.0073603 -1.6962919 0.9789116 -0.17745635 -0.50823987 996.51 
20150702194703 3.7110126 2.0374656 -1.2162545 1.0088439 -0.20647246 -0.23640485 996.51 
20150702194703 4.9015293 2.2343888 -1.2982559 0.93218035 -0.11728613 0.012217305 996.51 
20150702194703 6.3224883 1.9183542 -1.4586674 0.84482664 -0.07269296 0.19730948 996.51 
20150702194703 8.015189 1.2689269 -1.3617022 0.75625116 -0.09285152 0.31948254 996.51 
20150702194703 9.559449 1.1558008 -0.34117374 0.6814202 -0.13408493 0.3213151 996.5 
20150702194703 10.833763 0.51235914 0.8798691 0.5870415 -0.13988814 0.23884831 996.5 
20150702194703 12.345701 -0.59974754 1.5705963 0.54428095 -0.035430185 0.087659165 996.5 
20150702194703 12.780249 -1.5628152 0.58538234 0.64812803 0.083383106 -0.0021380284 996.5 
20150702194703 14.141951 0.04309563 0.1412579 0.7593055 0.0036651916 -0.026572637 996.5 
20150702194703 16.084248 2.3415294 2.3511062 0.768163 -0.011301007 0.0070249503 996.5 
20150702194703 14.854226 1.8351556 1.1300632 0.57848936 -0.07452556 -0.15393804 996.5 
20150702194703 14.078505 1.8423382 -4.0276456 0.56199604 -0.16920967 -0.5381723 996.5 
20150702194703 14.088081 2.566584 -10.506355 0.45234573 -0.03268129 -0.73823065 996.5 
20150702194703 14.796765 4.4927197 -10.630854 0.28130344 0.086437434 -0.86284715 996.57 
20150702194703 13.788806 1.3192052 -4.7267528 0.19028452 -0.21655174 -0.94959 996.57 
20150702194703 11.167754 -1.75076 -6.5247984 -0.2302962 -0.2275473 -1.2147056 996.57 
20150702194703 11.725004 -3.3135753 -4.1922474 -0.24495697 -0.086132 -1.1756102 996.57 
20150702194703 11.122863 -0.2908955 -4.8159366 -0.055588737 0.4560109 -0.69974613 996.57 
20150702194703 9.669582 2.8018146 -4.5280337 0.20219639 0.58032197 -0.094989546 996.57 
20150702194703 8.620922 4.378995 -3.6822822 0.30909783 0.70402217 0.30879238 996.57 
20150702194703 6.71394 4.3221326 -3.110068 0.2751948 0.5684101 0.7131852 996.57 
20150702194703 4.9027267 3.293823 -2.6994624 0.018325957 0.24220806 0.95478237 996.57 
20150702194703 3.8229415 1.7669208 -2.3002293 -0.40286562 -0.106595986 1.0073168 996.55 
20150702194703 3.056797 0.53211135 -2.1894975 -0.8029824 -0.24862215 0.8417723 996.55 
20150702194703 2.885013 -0.5602432 -1.9865888 -1.0192287 -0.38637227 0.66889745 996.55 
20150702194703 3.881001 -1.4754268 -1.074398 -1.2070698 -0.3744604 0.37720928 996.55 
20150702194703 5.632958 -2.111686 -0.52373165 -1.3182472 -0.35277468 0.124005646 996.55 
20150702194703 7.291541 -2.3110032 -0.2645593 -1.2541064 -0.3726278 -0.093767814 996.55 
20150702194703 8.173206 -2.280477 -0.90979666 -1.1065824 -0.34605515 -0.2519819 996.55 
20150702194703 9.794081 -2.2158337 -1.3132197 -0.95814216 -0.20189096 -0.33078352 996.55 
20150702194703 10.729615 -1.2198458 -0.777517 -0.7993172 -0.102319926 -0.29901853 996.55 
20150702194703 11.545439 0.6973112 1.5149311 -0.66859204 -0.06780604 -0.18600847 996.51 
20150702194703 11.362882 0.28790274 2.2990322 -0.5332854 0.12156218 -0.074830994 996.51 
20150702194703 12.129025 -2.0697873 3.1878796 -0.37323865 0.36102137 -0.069027774 996.51 
20150702194703 14.730925 -0.9498995 1.158195 -0.23335053 0.44318274 0.03390302 996.51 
20150702194703 14.46876 0.66379243 -6.7959414 -0.11484267 0.32406402 0.4578435 996.51 
20150702194703 15.317504 0.13227965 -9.029732 -0.004886922 -0.08857546 0.84421575 996.51 
20150702194703 14.921264 -1.1013328 -8.789114 0.14172074 -0.36774087 0.86070913 996.51 
20150702194703 14.8195095 1.9949685 -7.811083 0.3381139 -0.8011498 0.71868294 996.51 
20150702194703 13.676877 4.6860514 -6.0699 0.38728857 -0.7706065 0.7431176 996.51 
20150702194703 12.946047 3.705027 -4.257489 0.15210545 -0.65393126 0.62888575 996.52 
20150702194703 11.241974 1.055843 -3.7541082 -0.099571034 -0.33200526 0.31642818 996.52 
20150702194703 9.334992 -1.4449008 -2.9299042 -0.17379116 0.07544186 0.08032878 996.52 
20150702194703 7.5483193 -2.1290438 -2.2260091 -0.059253927 0.27305678 -0.11636983 996.52 
20150702194703 5.981913 -1.638831 -1.7411832 0.096516706 0.3323107 -0.24984388 996.52 
20150702194704 4.000711 -0.99060094 -1.608305 0.31490102 0.2678644 -0.3979787 996.52 
20150702194704 2.9496565 -0.6655881 -1.7651252 0.54000485 0.029321533 -0.56321776 996.52 
20150702194704 3.2411506 -0.0053869537 -1.6172832 0.7632761 -0.13713925 -0.64568454 996.52 
20150702194704 3.3770216 0.7332243 -1.2964603 0.9434814 -0.19883664 -0.5369505 996.52 
20150702194704 3.618836 1.5454572 -1.6711528 1.0051788 -0.33017266 -0.3118467 996.47 
20150702194704 5.197812 2.7880478 -1.1665748 1.0149527 -0.35460728 -0.0421497 996.47 
20150702194704 6.8587894 2.779668 -0.694917 0.90469146 -0.2501493 0.13897185 996.47 
20150702194704 8.063671 1.757344 -0.830788 0.70707655 -0.20891592 0.19853121 996.47 
20150702194704 9.285912 0.7110779 -1.0821792 0.6026186 -0.4156938 0.124311075 996.47 
20150702194704 10.3453455 -0.6488287 -0.92416185 0.60994893 -0.37934732 0.0290161 996.47 
20150702194704 12.530653 -1.7669208 -0.46686932 0.57451874 -0.24984388 -0.09040806 996.47 
20150702194704 14.258668 -1.6077064 -0.9259575 0.63071835 -0.11942416 -0.18020524 996.47 
20150702194704 15.146318 1.4838065 0.31184477 0.8042041 -0.21227567 -0.13958271 996.47 
20150702194704 15.693394 2.5252843 2.1254525 0.8698721 -0.2883284 -0.013744468 996.49 
20150702194704 14.103643 2.292448 -2.7820623 0.7867944 -0.042455133 -0.0888809 996.49 
20150702194704 14.042591 3.1364043 -9.524733 0.72326446 0.09987647 -0.49602258 996.49 
20150702194704 16.613365 5.3402667 -12.8448925 0.48655418 0.083383106 -0.71868294 996.49 
20150702194704 17.129316 3.8031895 -6.2105594 0.16462818 0.077579886 -0.77824235 996.49 
20150702194704 12.450447 -1.1474211 -6.9252286 -0.011911872 -0.5018258 -0.8597928 996.49 
20150702194704 10.061034 -3.0747535 -6.247669 -0.3213151 -0.61911196 -1.0751228 996.49 
20150702194704 10.480618 -1.9698294 -4.655525 -0.2764165 -0.20891592 -0.98899084 996.49 
20150702194704 9.028535 0.99299514 -5.382764 6.1086525E-4 0.61391956 -0.5329799 996.49 
20150702194704 7.9768815 3.153762 -4.272453 0.29260445 0.7632761 -0.0061086523 996.49 
20150702194704 7.633912 3.7535098 -3.594894 0.3567453 0.92485 0.37018433 996.49 
20150702194704 6.2584434 3.301604 -3.0669725 0.28893927 0.6835582 0.58123827 996.49 
20150702194704 4.7099934 2.0655975 -2.939481 0.053450707 0.29168814 0.79443026 996.49 
20150702194704 3.539827 1.0995371 -2.6581624 -0.31245756 -0.19853121 0.86345804 996.49 
20150702194704 3.5075054 0.45549688 -2.421735 -0.6560693 -0.40378192 0.795652 996.49 
20150702194704 3.6912606 -0.8678981 -1.8429368 -0.88514376 -0.42119157 0.71868294 996.49 
20150702194704 4.6513352 -2.1691468 -1.2497733 -0.9935723 -0.26511553 0.58276546 996.49 
20150702194704 6.1106014 -3.0969 -0.54288524 -1.0555751 -0.15943582 0.35643986 996.49 
20150702194704 7.2149267 -2.7126305 -0.44951138 -1.0421361 -0.09285152 0.12705997 996.46 
20150702194704 8.149862 -2.0440497 -0.83378077 -0.9239337 -0.08368854 -0.073303826 996.46 
20150702194704 8.9040365 -1.3790601 -0.5530606 -0.75900006 -0.0143553335 -0.15454891 996.46 
20150702194704 9.528923 -0.09696517 -1.2138603 -0.67256266 0.14874569 -0.1572978 996.46 
20150702194704 10.828376 1.0498575 -0.050278235 -0.5354234 0.21624629 -0.07819075 996.46 
20150702194704 11.671733 0.58657944 1.1240777 -0.35918877 0.344528 0.05955936 996.46 
20150702194704 12.442068 -1.7118542 1.7896658 -0.3753767 0.3231477 0.11362094 996.46 
20150702194704 15.275605 -1.4371196 2.0913353 -0.41508293 0.19792034 0.07452556 996.46 
20150702194704 15.474923 -0.7757214 -4.123414 -0.37873647 0.10140363 0.20219639 996.46 
20150702194704 16.357784 -2.9053638 -9.528923 -0.17684549 -0.100792766 0.58001655 996.53 
20150702194704 16.658855 -1.8992004 -9.485229 0.07422013 -0.35369098 0.7703011 996.53 
20150702194704 15.606006 1.917157 -7.867945 0.43188173 -0.5748242 0.7654142 996.53 
20150702194704 13.158532 3.9211037 -6.2225304 0.6218608 -0.59223384 0.81214535 996.53 
20150702194704 13.032238 3.2130187 -5.1122193 0.46211955 -0.32803464 0.7101309 996.53 
20150702194704 11.262324 0.62009823 -4.76506 0.2938262 -0.05681047 0.3371976 996.53 
20150702194704 9.431359 -2.0482395 -3.8402996 0.1966986 0.39858958 0.047036625 996.53 
20150702194704 7.6129627 -3.1705215 -3.2794578 0.3023783 0.47158796 -0.2125811 996.53 
20150702194704 6.029797 -2.232593 -2.259528 0.5164866 0.4654793 -0.44623706 996.53 
20150702194704 4.4502225 -0.28550854 -1.8471266 0.66981375 0.3295618 -0.6227771 996.55 
20150702194705 3.4404678 0.92176765 -1.5586253 0.8713993 0.07574729 -0.8219192 996.55 
20150702194705 3.1028855 1.3928268 -1.3946224 0.9978484 -0.3109304 -0.93859446 996.55 
20150702194705 3.1495724 1.0965444 -1.1911154 1.0735956 -0.54367006 -0.8585711 996.55 
20150702194705 3.821146 1.3054385 -1.2515689 1.1172725 -0.55771995 -0.5348125 996.55 
20150702194705 5.0996494 1.6861166 -0.99778354 1.1655309 -0.3136793 -0.2134974 996.55 
20150702194705 6.4661403 2.0482395 -0.79487497 1.1542299 -0.17867808 0.1572978 996.55 
20150702194705 6.7893577 1.9758149 -1.1192893 1.0558805 -0.06169739 0.37812558 996.55 
20150702194705 7.426215 1.5173253 -1.2551602 0.906524 0.07971791 0.45020768 996.55 
20150702194705 9.36073 -0.76195467 -0.54887074 0.79320854 0.28588495 0.321926 996.49 
20150702194705 11.173739 -3.4494462 -0.02633622 0.79717916 0.42332962 0.13316862 996.49 
20150702194705 13.3464775 -2.428319 0.8888474 0.88147855 0.39461896 -0.042760566 996.49 
20150702194705 16.849792 2.7353754 2.2379801 0.89552844 0.28069258 0.05497787 996.49 
20150702194705 17.434576 2.847903 3.0556 0.75655663 0.011911872 -0.023823744 996.49 
20150702194705 16.127941 0.40701428 -0.9876082 0.6575964 -0.16493362 -0.5885687 996.49 
20150702194705 15.266028 1.234211 -9.914988 0.63346726 -0.226631 -0.9254609 996.49 
20150702194705 15.731102 4.755483 -12.35887 0.4654793 -0.2275473 -1.0180069 996.49 
20150702194705 15.354614 4.871602 -6.7743936 0.24373524 -0.108123146 -0.8781188 996.49 
20150702194705 12.504317 -0.017357962 -7.1155677 9.162979E-4 -0.30787608 -0.88270026 996.52 
20150702194705 12.207436 -3.2255883 -6.215946 -0.25534168 -0.21288654 -1.0818423 996.52 
20150702194705 12.451645 -2.5611973 -4.5992613 -0.28191432 0.15424347 -0.96577793 996.52 
20150702194705 10.017939 -0.5494693 -4.8578353 -0.040927973 0.4822781 -0.52656585 996.52 
20150702194705 8.324639 1.1486182 -3.834314 0.26267207 0.7101309 -0.043066 996.52 
20150702194705 7.392098 2.6366146 -2.9909565 0.4560109 0.8588765 0.33505958 996.52 
20150702194705 6.071097 2.9951463 -2.4642322 0.49693888 0.66614854 0.6178902 996.52 
20150702194705 4.4675803 2.0332758 -2.195483 0.35735616 0.22815818 0.7987063 996.52 
20150702194705 3.9414546 0.8738836 -2.1188686 0.038179077 -0.040927973 0.850019 996.52 
20150702194705 3.6858735 0.20590134 -2.0590134 -0.32345316 -0.2837469 0.70554936 996.57 
20150702194705 3.0214825 -0.8122329 -1.690905 -0.6020077 -0.37995818 0.47403142 996.57 
20150702194705 4.1282024 -1.7842789 -1.2096704 -0.77457714 -0.2678644 0.18203785 996.57 
20150702194705 5.7227407 -2.2134395 -0.7673417 -0.82986045 -0.03634648 0.0421497 996.57 
20150702194705 6.9425864 -2.0638018 -0.6619968 -0.84665924 0.030543262 -0.059864793 996.57 
20150702194705 7.8930845 -1.6304513 -0.7260417 -0.7779369 0.054061573 -0.15668693 996.57 
20150702194705 9.119514 -1.6358383 -0.1604115 -0.63591075 0.14508049 -0.22571471 996.57 
20150702194705 10.028712 -1.18094 -0.20171149 -0.47403142 0.23854288 -0.25442538 996.57 
20150702194705 10.851719 0.59735334 1.0372878 -0.3622431 0.27397305 -0.18784106 996.57 
20150702194705 10.927136 1.584363 1.7244238 -0.3145956 0.36713 -0.043066 996.52 
20150702194705 11.822568 -0.11372458 2.4253263 -0.35460728 0.3866777 -0.0067195175 996.52 
20150702194705 14.422072 -0.7679402 2.9215245 -0.4279111 0.2742785 0.0036651916 996.52 
20150702194705 15.181034 -1.1115081 -3.016694 -0.41630468 0.020158553 0.27672195 996.52 
20150702194705 15.25286 -2.8508956 -9.3421755 -0.37659842 -0.35308012 0.62980205 996.52 
20150702194705 15.210962 -2.3828292 -8.032547 -0.16493362 -0.52412236 0.820392 996.52 
20150702194705 14.109031 -0.24600422 -8.775348 0.22204952 -0.6160576 0.78893244 996.52 
20150702194705 14.706983 3.4811692 -6.630143 0.52198434 -0.77946407 0.75594574 996.52 
20150702194705 15.908273 3.7660792 -5.5647235 0.5308419 -0.4428773 0.80573124 996.52 
20150702194705 14.474745 1.4975731 -4.8698063 0.46792278 -0.25961772 0.6426302 996.57 
20150702194705 11.451467 -1.1079168 -3.5093012 0.43371433 0.03145956 0.40744713 996.57 
20150702194705 7.7853456 -2.5157075 -2.6497827 0.4465425 0.22693644 0.03359759 996.57 
20150702194705 4.887164 -2.5025394 -1.8656816 0.5549711 0.5861252 -0.36743546 996.57 
20150702194705 3.1663318 -1.8938135 -1.0881647 0.6963864 0.7153232 -0.6411031 996.57 
20150702194705 2.2182279 -1.1252748 -0.7224504 0.86559606 0.514654 -0.7809912 996.57 
20150702194706 1.6687586 -0.27832595 -1.2755109 1.1505647 0.18417588 -0.8258898 996.57 
20150702194706 2.2732944 0.36152446 -1.6693572 1.4178182 -0.20922135 -0.7290677 996.57 
20150702194706 3.526659 1.4059949 -1.5502456 1.5668694 -0.4373795 -0.49296826 996.57 
20150702194706 5.2923827 2.4408886 -1.3862427 1.6310102 -0.4804455 -0.13041973 996.46 
20150702194706 7.1371155 2.9047651 -1.0576386 1.5677856 -0.58246 0.10934488 996.46 
20150702194706 8.98903 2.689287 -1.2066777 1.3942999 -0.571159 0.25411993 996.46 
20150702194706 10.348338 1.6196774 -1.4915876 1.1685852 -0.61850107 0.24404067 996.46 
20150702194706 10.746374 0.1945289 -2.1080947 1.0299188 -0.5161811 0.08155051 996.46 
20150702194706 11.653777 0.12988544 -0.6967127 0.9379836 -0.2764165 -0.038789943 996.46 
20150702194706 11.711836 0.47405192 -0.6171055 0.8723156 0.012217305 -0.05222898 996.46 
20150702194706 12.64737 1.1785458 0.20949265 0.8579602 -0.048258353 -0.14110987 996.46 
20150702194706 14.827889 1.4927847 1.2264298 0.7293731 -0.09254608 -0.065973446 996.46 
20150702194706 14.891336 1.1761516 -0.7978677 0.5296202 -0.0076358155 -0.1518 996.48 
20150702194706 14.605229 1.0498575 -4.541202 0.2779437 -0.12889257 -0.54244834 996.48 
20150702194706 15.882536 1.353921 -7.697957 0.099571034 -0.29260445 -0.77824235 996.48 
20150702194706 16.800114 3.2279825 -8.756194 -0.17989981 -0.34238997 -0.8775079 996.48 
20150702194706 14.110228 1.2144588 -7.023391 0.051923547 -0.50640726 -0.8527679 996.48 
20150702194706 11.523293 -0.2741361 -8.01878 -0.07788532 -0.5329799 -0.8906415 996.48 
20150702194706 11.092337 -1.3718776 -6.331466 -0.17195857 -0.172264 -0.7272351 996.48 
20150702194706 10.627263 0.62368953 -5.5401826 -0.06994407 0.48441613 -0.50335294 996.48 
20150702194706 9.336189 2.8963854 -4.730344 0.055283304 0.73975784 -0.13469578 996.48 
20150702194706 8.095993 3.177704 -3.7499185 -0.043982297 0.86834496 0.183565 996.54 
20150702194706 6.314707 2.3211784 -3.1585505 -0.23762658 0.77182823 0.3915646 996.54 
20150702194706 4.255095 1.3204023 -2.6850972 -0.5103779 0.41233405 0.5900958 996.54 
20150702194706 3.472191 0.46148238 -2.6150668 -0.6704246 0.009773844 0.7021896 996.54 
20150702194706 3.2273839 -0.39564183 -2.4349031 -0.84482664 -0.21013765 0.7654142 996.54 
20150702194706 3.1747115 -1.0851719 -2.1799207 -0.9221011 -0.47708577 0.7266242 996.54 
20150702194706 4.2634745 -2.235586 -2.2643163 -0.9746355 -0.62796944 0.5766568 996.54 
20150702194706 5.6736593 -2.457648 -1.6262615 -1.0329732 -0.60994893 0.35277468 996.54 
20150702194706 6.3889275 -2.3642743 -1.1007342 -1.03786 -0.5216789 0.17470746 996.54 
20150702194706 7.0874357 -1.7238252 -0.85293436 -0.95081174 -0.45265114 -0.10598512 996.53 
20150702194706 8.637083 -1.1785458 -0.49679685 -0.80664754 -0.28130344 -0.28496864 996.53 
20150702194706 10.67814 -0.17417817 -0.1352724 -0.7119634 0.009773844 -0.3323107 996.53 
20150702194706 12.288838 0.97623575 0.1364695 -0.6200282 0.14110987 -0.32375857 996.53 
20150702194706 12.762891 0.7170634 1.06123 -0.56688297 0.1414153 -0.24251351 996.53 
20150702194706 12.233772 -0.53689975 0.8451532 -0.45906523 0.14905111 -0.07819075 996.53 
20150702194706 12.816162 -1.2114661 1.7088615 -0.2593123 0.20769419 0.18234327 996.53 
20150702194706 13.693038 -1.1839328 1.6825253 -0.172264 0.40194935 0.3753767 996.53 
20150702194706 13.892355 -0.44711718 -2.5821466 -0.16523905 0.41691554 0.5012149 996.53 
20150702194706 13.32074 -1.4568717 -9.8042555 -0.118202426 0.2556471 0.6221663 996.48 
20150702194706 15.05893 -2.4720132 -9.24102 0.05497787 0.12797627 0.68783426 996.48 
20150702194706 15.035586 0.29688102 -8.333617 0.42485678 -0.20677789 0.67073005 996.48 
20150702194706 13.857639 4.329315 -7.9224133 0.55771995 -0.7089091 0.84604836 996.48 
20150702194706 14.380773 4.4179006 -5.4857144 0.3042109 -0.5296202 0.83291477 996.48 
20150702194706 13.05618 1.8291701 -4.3077674 0.18051068 -0.03940081 0.57848936 996.48 
20150702194706 10.804434 -1.1282675 -3.5434184 0.023823744 0.26206118 0.27885997 996.48 
20150702194706 8.98484 -3.5529952 -2.4540567 -0.03145956 0.4260785 -0.06566802 996.48 
20150702194706 6.585252 -3.435081 -1.3186066 0.106595986 0.63132924 -0.44990227 996.48 
20150702194706 4.3341036 -1.7280151 -0.91458505 0.36865717 0.52870387 -0.7254025 996.5 
20150702194706 3.1639376 -0.08319851 -0.9888053 0.62796944 0.21227567 -0.8347474 996.5 
20150702194707 2.4181437 0.81043726 -2.5737667 0.9416488 -0.008552114 -0.84238315 996.5 
20150702194707 2.6036944 1.0289081 -3.2782607 1.1426234 -0.37934732 -0.6783658 996.5 
20150702194707 3.78643 1.9063832 -1.9512744 1.2916746 -0.6261369 -0.48899764 996.5 
20150702194707 4.496909 2.3020248 -1.9949685 1.3778065 -0.52381694 -0.21533 996.5 
20150702194707 5.2780175 2.2278047 -1.9111716 1.3356569 -0.36163223 -0.057421334 996.5 
20150702194707 6.2482677 1.8920178 -2.0721815 1.2076806 -0.20677789 0.016798794 996.5 
20150702194707 7.6428905 1.435324 -2.203264 0.9776898 -0.100792766 -0.019242255 996.5 
20150702194707 10.193314 0.338181 -1.0480618 0.8793405 -0.07788532 -0.111177474 996.47 
20150702194707 13.928268 -0.2693477 0.10594343 0.93218035 -0.124005646 -0.15454891 996.47 
20150702194707 14.54717 -0.43514615 -0.81881696 1.0302242 -0.18173242 -0.118507855 996.47 
20150702194707 13.187861 1.0899603 -1.2012907 1.10139 -0.2134974 -0.057421334 996.47 
20150702194707 14.621988 2.9538465 0.39923313 0.9816604 -0.03848451 -0.027488936 996.47 
20150702194707 14.83208 1.5520413 1.9285295 0.79809546 0.19608775 -0.05589417 996.47 
20150702194707 13.102867 0.6931214 -1.7914615 0.54550266 0.09285152 -0.37690386 996.47 
20150702194707 13.550583 1.578976 -7.7171106 0.43066 0.020463986 -0.6936375 996.47 
20150702194707 15.63294 3.1268275 -9.300875 0.1826487 -0.0106901415 -0.82772243 996.47 
20150702194707 14.867394 2.5611973 -6.819285 0.10262536 0.06994407 -0.8582657 996.49 
20150702194707 11.911154 -1.2042835 -7.5231805 0.015882496 -0.1600467 -1.0677924 996.49 
20150702194707 11.225215 -2.7970262 -7.716512 -0.21105394 0.05375614 -1.3081679 996.49 
20150702194707 11.9614315 -1.5837644 -4.8320975 -0.21288654 0.42638394 -1.2253957 996.49 
20150702194707 10.524911 2.0027497 -4.1401734 -0.018936822 0.60903263 -0.8555168 996.49 
20150702194707 8.8806925 4.533421 -4.0264487 0.20097467 0.5867361 -0.25625798 996.49 
20150702194707 7.61416 4.69084 -3.2160115 0.25870144 0.6844745 0.41538838 996.49 
20150702194707 6.0920463 3.6391866 -2.195483 0.2012801 0.593761 0.99204516 996.49 
20150702194707 4.96318 1.471237 -2.2164323 0.040927973 0.17654006 1.255328 996.49 
20150702194707 4.0599675 -0.90021986 -2.2774844 -0.31306845 -0.087659165 1.2632693 996.55 
20150702194707 3.3303347 -2.1206641 -2.0679917 -0.63224554 -0.25686884 1.0183123 996.55 
20150702194707 3.163339 -2.147599 -1.2982559 -0.81245077 -0.42119157 0.7296785 996.55 
20150702194707 4.608838 -1.5628152 -1.1426327 -0.7993172 -0.41172317 0.45478916 996.55 
20150702194707 5.861006 -1.1456255 -0.60812724 -0.6939429 -0.30879238 0.29779682 996.55 
20150702194707 6.9240313 -0.55964464 -0.694917 -0.528093 -0.29657507 0.110872045 996.55 
20150702194707 7.85358 -0.039504327 -1.0654198 -0.40103304 -0.26053402 0.011301007 996.55 
20150702194707 8.605359 0.27952304 -0.9498995 -0.34391713 -0.03940081 -0.049480084 996.55 
20150702194707 9.86471 0.48362875 -0.676362 -0.35216382 0.1282817 -0.09254608 996.55 
20150702194707 11.531074 0.39025488 0.2220622 -0.35643986 0.20433442 -0.06872234 996.47 
20150702194707 12.035652 -0.6087258 0.093972415 -0.35796702 0.19883664 0.008857546 996.47 
20150702194707 12.0571995 -2.0608091 -0.32321724 -0.32803464 0.079107046 0.103847094 996.47 
20150702194707 13.90313 -1.6406267 0.093373865 -0.24404067 -0.015577064 0.17256944 996.47 
20150702194707 15.771804 0.93373865 -1.7154455 -0.18784106 0.011301007 0.24037547 996.47 
20150702194707 16.080057 -1.0324994 -6.1195793 -0.11575896 -0.083383106 0.50946164 996.47 
20150702194707 15.197195 -1.8130093 -8.505402 0.05131268 -0.17379116 0.8127562 996.47 
20150702194707 14.408306 -0.12988544 -6.475717 0.42210788 -0.20952678 0.9505063 996.47 
20150702194707 11.823765 1.3341689 -6.628946 0.5235115 -0.14019357 0.96974856 996.47 
20150702194707 11.464635 3.8313212 -5.0906715 0.2959642 -0.19333886 0.6600399 996.47 
20150702194707 12.10269 2.417545 -4.2658687 0.06352998 0.032070424 0.40500367 996.47 
20150702194707 11.500547 0.061052144 -3.6032736 -0.008246681 0.108123146 0.16218472 996.47 
20150702194707 10.516531 -1.5610195 -3.0873232 0.010079277 0.099265605 -0.08979719 996.47 
20150702194707 8.284536 -1.7106571 -2.719813 0.06658431 0.10415252 -0.2941316 996.47 
20150702194707 5.9597664 -1.0971429 -2.0129251 0.14721853 0.09865474 -0.4914411 996.47 
20150702194707 4.335301 -0.5943606 -2.079364 0.30757064 0.019242255 -0.6041457 996.47 
20150702194708 3.4769795 0.01616086 -1.9482816 0.43768495 -0.10140363 -0.6914995 996.47 
20150702194708 3.5164838 0.63087213 -1.690905 0.600786 -0.27885997 -0.70249504 996.47 
20150702194708 3.3063924 1.1162965 -1.7417817 0.8026769 -0.55771995 -0.47128254 996.54 
20150702194708 2.9203274 1.9734207 -1.9285295 0.95386606 -0.6713409 -0.22510384 996.54 
20150702194708 3.0053217 2.6102784 -1.2868834 1.0051788 -0.44348818 -0.03390302 996.54 
20150702194708 4.197036 2.0578163 -1.352724 0.88697636 -0.23090707 0.19547687 996.54 
20150702194708 6.4936733 1.0295067 -1.5562311 0.7516697 -0.21288654 0.3368922 996.54 
20150702194708 9.845556 -0.23463176 -1.6262615 0.6768387 -0.4538729 0.37110063 996.54 
20150702194708 13.293206 -1.0839748 -1.8171991 0.65576386 -0.7370089 0.30115658 996.54 
20150702194708 15.494675 -1.0175357 -1.6837224 0.7153232 -0.8689558 0.19547687 996.54 
20150702194708 15.345037 -0.15622166 -0.4405331 0.8933904 -0.9272934 0.027488936 996.54 
20150702194708 14.535198 0.142455 0.6398504 0.9324858 -0.6908886 -0.111177474 996.54 
20150702194708 14.878766 1.7699136 1.4580688 0.8790351 -0.13500121 -0.21074851 996.54 
20150702194708 13.607446 1.4281414 -1.666963 0.6921103 0.3585779 -0.40500367 996.54 
20150702194708 13.542802 4.045004 -8.290522 0.38515055 0.5665775 -0.7657196 996.54 
20150702194708 18.23424 5.368997 -8.456919 0.09437868 0.38606682 -1.0458013 996.54 
20150702194708 17.360954 1.2970588 -7.838018 -0.22571471 0.021685716 -1.1038336 996.54 
20150702194708 11.484985 -2.4438813 -11.051635 -0.39858958 -0.77121735 -1.3396275 996.54 
20150702194708 10.997167 -2.023699 -7.4992385 -0.4783075 -0.7156286 -1.3613132 996.54 
20150702194708 11.133636 -0.7015011 -6.980295 -0.39187005 -0.1133155 -0.8585711 996.54 
20150702194708 10.155605 1.2665327 -6.233304 0.05375614 0.49663344 -0.3735441 996.54 
20150702194708 9.694122 2.2637177 -5.3725886 0.312763 0.7556403 0.09682214 996.54 
20150702194708 8.775947 2.156577 -4.0761285 0.31245756 0.79412484 0.3998113 996.54 
20150702194708 6.89171 1.6238673 -3.7696705 0.14782938 0.68630713 0.5549711 996.54 
20150702194708 4.917092 1.4945804 -3.1741128 -0.118507855 0.4914411 0.61300325 996.54 
20150702194708 3.9486372 1.4131776 -2.5390508 -0.40133846 0.27947086 0.6640105 996.54 
20150702194708 3.9713821 1.0271125 -1.7483658 -0.623388 0.09987647 0.7162395 996.54 
20150702194708 3.3159695 1.2252327 -2.3403323 -0.77274454 -0.079107046 0.6927212 996.54 
20150702194708 3.930082 -0.65062433 -2.0566192 -0.8512407 -0.115453534 0.5684101 996.54 
20150702194708 5.0625396 -1.8249803 -2.2272062 -1.0228939 -0.010995574 0.3659083 996.55 
20150702194708 6.3230867 -2.327164 -1.5586253 -1.0778717 0.03848451 0.13622294 996.55 
20150702194708 7.08145 -2.0278888 -0.8110358 -1.099252 -0.04520403 -0.07391469 996.55 
20150702194708 7.5584946 -1.3491327 -0.7721301 -0.9285152 -0.07941248 -0.18448131 996.55 
20150702194708 8.200141 -0.95349085 -0.91219085 -0.71959925 0.09712757 -0.19150625 996.55 
20150702194708 9.965864 -0.24061728 -0.4902128 -0.4111123 0.28008172 -0.14294247 996.55 
20150702194708 11.079168 0.36272156 -0.1364695 -0.21746802 0.26206118 -0.023518313 996.55 
20150702194708 11.649587 0.05686229 0.19393034 -0.19425514 0.08307768 0.06352998 996.55 
20150702194708 12.232575 -1.1240777 -0.12389994 -0.087659165 0.03268129 0.122478485 996.55 
20150702194708 13.931261 -0.3513491 0.997185 0.040317107 0.03176499 0.1282817 996.5 
20150702194708 14.41908 0.37349546 -0.3393781 0.073303826 0.09407325 0.17073683 996.5 
20150702194708 14.104242 -0.22924481 -6.1141925 0.063224554 -0.004276057 0.41691554 996.5 
20150702194708 14.492702 -1.7794905 -7.727286 0.25350907 -0.13072516 0.6646214 996.5 
20150702194708 13.126809 -2.3463178 -8.89805 0.56138515 -0.2611449 0.75808376 996.5 
20150702194708 13.421296 1.941099 -7.385514 0.7263188 -0.49357912 0.7987063 996.5 
20150702194708 12.537237 4.3239284 -7.095815 0.74067414 -0.4196644 0.8564331 996.5 
20150702194708 12.662932 3.8181531 -5.180454 0.3436117 -0.27458394 0.4999932 996.5 
20150702194708 11.582549 1.1761516 -4.5286326 0.20250183 0.15790866 0.09315695 996.5 
20150702194708 9.704897 -1.6328455 -3.3913867 0.07849618 0.41905355 -0.21135938 996.49 
20150702194708 8.215105 -2.6360161 -3.1411927 0.12217305 0.7141015 -0.4092797 996.49 
20150702194708 7.1251445 -1.9183542 -2.3840263 0.3231477 0.8029824 -0.58551437 996.49 
20150702194709 6.2380924 -0.66139823 -1.958457 0.5833763 0.58246 -0.6429357 996.49 
20150702194709 5.9244523 -0.05686229 -1.8632874 0.86193085 0.12797627 -0.59437186 996.49 
20150702194709 5.521628 -0.17836803 -2.148796 1.0809261 -0.13103059 -0.5030475 996.49 
20150702194709 5.305551 0.57999533 -2.8419175 1.171945 -0.11911872 -0.4569272 996.49 
20150702194709 4.6776714 0.1436521 -1.8381484 1.2895365 0.008857546 -0.32253686 996.49 
20150702194709 5.5790887 1.2515689 -2.3373394 1.314582 0.08582657 -0.129198 996.49 
20150702194709 6.142923 1.2473791 -1.8297687 1.3420709 0.0421497 0.06719518 996.47 
20150702194709 7.235876 1.4502877 -1.5215151 1.1869112 0.019242255 0.073303826 996.47 
20150702194709 8.319851 2.1176715 -0.59256494 1.0720685 -0.18234327 0.07269296 996.47 
20150702194709 8.446744 2.3187842 0.12449849 0.8848383 -0.23609942 0.062002823 996.47 
