20150702194731 0.5614403 -14.690822 -1.9309237 -2.5518897 0.42424592 2.3240368 996.26 
20150702194731 0.45250413 -13.87799 -3.2489316 -1.7986927 -1.4969252 0.9990701 996.26 
20150702194731 1.4065934 -10.083779 -4.994903 -1.1835514 -0.8912524 0.5491679 996.04 
20150702194731 1.2569559 -8.179192 -3.550601 -1.582141 1.1181889 0.6337727 996.04 
20150702194731 -0.44113165 -6.3745623 2.882619 -2.7375927 2.0546453 0.43401974 996.04 
20150702194731 -5.072715 -5.4102974 9.2625675 -3.378085 2.044566 0.04153884 996.04 
20150702194731 -1.3611037 -7.5112095 -0.1400608 -1.1001683 1.3243558 0.79259765 996.04 
20150702194731 0.7380127 -7.619547 0.9911995 -1.0589349 -0.7449502 1.2437216 996.04 
20150702194731 2.2768857 -6.38773 2.456451 -2.7974575 -1.971873 1.1175779 996.04 
20150702194731 1.5598224 -5.5527525 -1.7262194 -2.1691825 -2.543643 1.0882565 996.04 
20150702194731 1.958457 -6.397307 -2.148796 -1.1157454 -1.9141463 1.0720685 996.04 
20150702194731 2.7102363 -6.875549 -1.769315 -0.65209866 -1.4410311 1.0308352 996.16 
20150702194731 4.6698904 -7.705738 0.48243165 -0.8368854 -1.2263119 0.9502009 996.16 
20150702194731 5.04159 -8.402451 5.9442043 -1.4523321 -1.0106765 0.97494096 996.16 
20150702194731 1.9782091 -10.557831 5.710171 -1.9507982 -1.7293595 1.1297953 996.16 
20150702194731 1.9267339 -12.4702 2.6659436 -1.2721269 -2.8075366 0.81061816 996.16 
20150702194731 3.752911 -13.87799 -0.7667431 -0.28802297 -1.81091 0.6221663 996.16 
20150702194731 5.119402 -12.7575035 -2.2732944 -0.02565634 -0.20219639 0.5216789 996.16 
20150702194731 6.615778 -9.861717 1.8435353 -0.03848451 0.46792278 0.53023106 996.16 
20150702194732 5.6185927 -11.274895 10.693104 -0.33628133 0.0061086523 0.6386596 996.16 
20150702194732 7.2227077 -15.544953 4.6698904 -0.54611355 -1.9181169 0.07941248 996.22 
20150702194732 5.9124813 -16.303316 -0.60214174 0.6762278 -2.0674734 -0.41599923 996.22 
20150702194732 3.6996403 -18.31265 -0.18854338 1.5613716 -0.30024028 -1.2907583 996.22 
20150702194732 2.1003134 -19.608511 -2.0368671 1.7082846 1.7782288 -1.9480493 996.22 
20150702194732 -0.2908955 -19.608511 -4.851251 2.3032675 2.3839016 -1.8503108 996.22 
20150702194732 -2.3026235 -19.608511 -6.1728506 2.5411994 2.9434543 -1.5741998 996.22 
20150702194732 -3.7116113 -15.890317 -5.16968 2.3096814 2.5201247 -1.3118331 996.22 
20150702194732 -8.083424 -12.918514 4.458602 1.9908098 1.1227703 -1.319469 996.22 
20150702194732 -3.8881836 -8.623915 1.7381904 2.0622811 -1.0076222 -1.0735956 996.22 
20150702194732 -2.4821887 -5.9603653 -2.6168625 3.5824192 -2.2739458 -0.36071593 996.17 
20150702194732 -0.56084174 -2.9418752 -2.597709 3.7788124 -1.8936822 -0.56138515 996.17 
20150702194732 0.31124622 -1.1414356 -1.2204443 2.490803 -2.0045543 -0.68569624 996.17 
20150702194732 0.8643068 -0.16699557 -1.2791022 1.6765196 -1.6374242 -0.8741482 996.17 
20150702194732 1.2276269 0.36152446 -0.5943606 0.9804387 -1.0509937 -1.1982121 996.17 
20150702194732 1.7082629 -0.14305355 -0.50397944 0.79168135 0.15943582 -1.4953982 996.17 
20150702194732 1.5454572 -1.3329718 -0.6314707 0.9764681 1.063211 -1.7061466 996.17 
20150702194732 0.6039374 -2.9724014 -0.8888474 1.2687671 1.7739527 -1.7974709 996.17 
20150702194732 -0.6404489 -4.331111 -1.0336965 1.7449366 2.538145 -1.7305813 996.17 
20150702194732 -3.1812954 -7.6345105 3.2872388 2.0625865 2.488665 -1.3726143 996.19 
20150702194732 2.552219 -7.9607205 5.1636944 1.8371773 1.9544634 -0.93187493 996.19 
20150702194732 15.564705 -10.873865 19.245192 -1.1792754 1.5879441 0.22388211 996.19 
20150702194732 3.980959 -19.608511 19.591753 -3.1144965 1.8347337 0.6414085 996.19 
20150702194732 7.2747817 -16.513407 4.824915 1.105666 0.1133155 -0.82711154 996.19 
20150702194732 -3.1549592 -9.322423 -1.83336 2.2721133 -0.5757405 -0.68539083 996.19 
20150702194732 -18.249205 -18.635868 17.169418 1.353372 2.590374 -1.4428637 996.19 
20150702194732 -1.2318168 -15.081676 -5.2804117 0.23182335 -1.4150693 0.1301143 996.19 
20150702194732 10.626664 -12.943653 -12.69705 0.43218717 -3.975511 3.1700852 996.19 
20150702194732 5.2061915 -15.625159 -5.392939 -2.2079725 -2.840829 3.6957347 996.2 
20150702194732 3.004723 -13.123219 0.427365 -3.7085629 -0.14202617 1.5170839 996.2 
20150702194732 3.7702692 -10.879851 -1.6663644 -2.1029036 -0.36560285 1.4761559 996.2 
20150702194732 3.5511997 -11.628039 -3.2004492 -0.5983425 1.4306464 1.7266107 996.2 
20150702194732 1.1474211 -9.837176 -2.6126726 -0.27672195 2.7473664 1.3573426 996.2 
20150702194732 -1.2629414 -7.07726 1.1785458 -1.1814134 3.2812626 0.5363397 996.2 
20150702194732 -2.7257986 -7.8996687 5.801749 -1.7614299 2.3344216 0.1554652 996.2 
20150702194732 -4.0096893 -6.3805475 9.027337 -2.9788845 -1.3469579 -0.036957346 996.2 
20150702194732 -2.9801826 -3.3686419 3.793014 -3.1187725 -3.678936 0.5479461 996.2 
20150702194732 -0.6877344 -3.453636 0.36272156 -1.9190332 -1.2470814 1.0345002 996.27 
20150702194732 1.8561049 -5.90889 -1.3628993 -1.2458596 1.0824533 1.0180069 996.27 
20150702194732 1.4143747 -4.9021277 -2.4558525 -0.9776898 0.5494733 0.9639453 996.27 
20150702194732 1.4508862 -4.7387238 -2.2421699 -0.9993755 -0.68630713 0.91904676 996.27 
20150702194732 2.211644 -7.0706763 -1.0199299 -1.1004738 -0.95447695 0.9575313 996.27 
20150702194732 3.064578 -12.9963255 2.130241 -1.1545353 -1.0030408 1.0262536 996.27 
20150702194732 1.7130513 -14.814721 7.071873 -1.498147 -1.221425 1.0381655 996.27 
20150702194732 2.1871033 -11.949461 4.2102036 -1.8347337 -1.2904528 0.88239485 996.27 
20150702194732 5.2343235 -11.814188 -0.79607207 -0.73456544 -2.0158553 0.9850202 996.27 
20150702194732 7.235876 -11.574768 -0.75956047 0.2321288 -1.7724255 1.0705414 996.22 
20150702194732 8.284536 -11.769896 0.20051439 -0.27672195 0.0106901415 0.8393288 996.22 
20150702194732 6.9581485 -11.691485 4.687248 -0.20433442 -0.09407325 0.51923543 996.22 
20150702194732 5.837064 -12.28405 6.7887588 -0.19700404 -0.4636467 0.2843578 996.22 
20150702194732 7.0449386 -12.542026 -0.031124622 0.49296826 -0.8943067 -0.2950479 996.22 
20150702194733 2.6809072 -12.810775 -0.7811083 1.6178766 -0.6579019 -1.2272283 996.22 
20150702194733 2.6072857 -17.10238 -1.7286136 1.7125608 1.2993103 -2.420248 996.22 
20150702194733 0.16759412 -19.608511 -4.553173 2.0048597 2.1206186 -2.6798658 996.22 
20150702194733 -3.1711202 -19.608511 -7.4776907 2.286163 3.0882292 -2.7009406 996.22 
20150702194733 -9.235035 -19.608511 -0.16280572 2.0717494 3.438255 -2.0815234 996.15 
20150702194733 -10.08737 -17.188572 9.213487 1.4718798 2.2547035 -1.3939945 996.15 
20150702194733 -4.2359414 -9.335591 -1.2593501 2.568383 0.21044308 0.060170226 996.15 
20150702194733 -1.7956513 -5.000889 -3.7283707 4.0582833 -0.14966199 -0.07147124 996.15 
20150702194733 0.98581254 -1.5424645 -3.3758245 3.0283644 -0.27580565 -0.7657196 996.15 
20150702194733 1.7597382 0.16699557 -1.8016368 1.8044959 -1.491733 -1.1038336 996.15 
20150702194733 1.3192052 0.51475334 -0.13347675 0.62949663 -1.7986927 -1.6841555 996.15 
20150702194733 0.6428431 0.20649989 -0.37110126 0.1151481 -1.700038 -2.1533 996.15 
20150702194733 -0.31483752 -0.41359833 1.1001357 0.05497787 -1.248914 -2.3503041 996.15 
20150702194733 -1.0767922 -1.1121067 1.9985598 0.2275473 -0.65668017 -2.2568417 996.15 
20150702194733 -0.6793547 -1.4383167 0.9768343 0.8045095 -0.038789943 -1.7974709 996.15 
20150702194733 -0.017956512 -1.5304934 -0.4854244 1.5567901 1.0079277 -1.0311406 996.15 
20150702194733 -0.7074866 -2.6737247 1.8243817 1.9080375 2.1536055 -0.4981606 996.15 
20150702194733 1.2395979 -11.981184 7.615956 1.9391917 2.8319712 -0.035430185 996.15 
20150702194733 13.415311 -9.607333 14.0234375 1.6759088 3.2623258 0.5308419 996.15 
20150702194733 8.877101 -17.565062 19.608511 -0.95356065 3.2360587 0.70707655 996.15 
20150702194733 4.301782 -16.230892 13.116035 -0.9987647 -0.04642576 -0.40103304 996.15 
20150702194733 3.4219127 -12.161347 3.3327289 0.6588182 -2.1804836 -0.550695 996.15 
20150702194733 -3.8792052 -8.968081 4.296395 1.5943583 1.5201381 -0.56291234 996.52 
20150702194733 -13.335704 -18.358738 14.764443 1.5216653 1.4175128 -0.8445212 996.52 
20150702194733 1.6466122 -15.9340105 -7.963713 0.053450707 -2.2992969 0.11728613 996.52 
20150702194733 7.6524673 -16.709133 -11.28926 -1.638646 -2.5784621 2.6929994 996.52 
20150702194733 5.719149 -16.514605 -4.1425676 -3.6914587 -0.01985312 3.137404 996.52 
20150702194733 3.603872 -11.639412 -1.9201498 -3.395189 0.082161374 2.1563544 996.52 
20150702194733 1.6693572 -10.216059 -3.2638955 -1.0903945 -1.7696766 0.8249735 996.52 
20150702194733 1.6023195 -8.678383 -0.97144735 -0.34666604 -1.3765849 0.42638394 996.52 
20150702194733 0.52133745 -5.725135 8.3821 -0.96486163 0.016493361 0.58123827 996.52 
20150702194733 -0.65421563 -8.992621 -0.5710171 -1.0485502 0.83658 0.75441855 996.17 
20150702194733 -1.4754268 -9.355942 -2.0709844 -1.5265522 1.1307116 0.8347474 996.17 
20150702194733 -1.620276 -7.6728177 3.7463272 -3.0149255 0.4196644 0.56077427 996.17 
20150702194733 -0.55605334 -5.197213 1.7938557 -2.8032606 -0.3136793 0.6945538 996.17 
20150702194733 -1.2695254 -4.1706996 0.42796355 -1.251052 -0.77091193 0.8900307 996.17 
20150702194733 -0.061650693 -4.6160207 -2.795829 -0.6933321 -0.79504114 0.8313876 996.17 
20150702194733 -0.092176765 -5.4659624 -2.7443538 -0.96761054 -1.5399913 0.8552113 996.17 
20150702194733 0.85652566 -6.4727244 0.16879122 -1.1600331 -2.0024164 0.97433007 996.17 
20150702194733 4.107253 -10.311228 6.4098763 -1.3350459 -2.2693644 1.3530666 996.17 
20150702194733 3.9863458 -12.001534 5.195418 -1.0684034 -2.2348504 1.5066991 996.2 
20150702194733 5.7640405 -10.134656 1.0235212 -0.6994407 -1.6276505 1.4810427 996.2 
20150702194733 5.7023897 -10.233417 -2.9167361 -0.31856623 -1.6554449 1.6019942 996.2 
20150702194733 6.3380504 -11.708245 -3.7972038 0.0421497 -0.893085 1.1725558 996.2 
20150702194733 6.8408327 -10.725425 0.41000703 -0.19883664 0.344528 0.82802784 996.2 
20150702194733 7.29214 -11.023503 5.073912 -0.80909103 0.21594086 0.73761976 996.2 
20150702194733 7.5985975 -12.881404 4.1784806 -0.95630956 -0.6740898 0.61850107 996.2 
20150702194733 7.7865424 -13.552379 0.050876785 -0.1777618 -1.2052372 0.46853364 996.2 
20150702194733 4.320337 -14.308348 -1.5568297 0.17012598 -0.2574797 0.2733622 996.2 
20150702194733 2.112883 -16.11657 1.2042835 0.2125811 0.66523224 -0.6453791 996.23 
20150702194734 3.8187518 -16.579847 1.6879122 0.65240407 1.320996 -1.3622295 996.23 
20150702194734 1.2264298 -19.363106 -0.50397944 1.92392 1.5916094 -1.8029687 996.23 
20150702194734 -3.7247794 -19.608511 -1.9129672 2.699719 2.5130997 -2.4077253 996.23 
20150702194734 -6.4607534 -19.608511 -3.2914288 2.8212812 2.9636128 -2.5967882 996.23 
20150702194734 -9.083003 -17.658434 2.2439656 2.1022928 2.4199426 -1.7663169 996.23 
20150702194734 -5.1146135 -9.936536 3.0262709 1.5326608 0.7806858 -0.47891834 996.23 
20150702194734 -1.1611878 -5.3007627 0.38187516 1.8490891 -0.6957755 0.31031954 996.23 
20150702194734 -0.21188685 -5.0080714 -0.7422025 2.3341162 -0.8588765 -0.021380283 996.23 
20150702194734 0.8936358 -3.301604 -1.8411411 2.0570886 -1.1597277 -0.5549711 996.19 
20150702194734 1.644218 -1.4670471 -1.7202339 1.5033394 -1.2840388 -0.73639804 996.19 
20150702194734 2.071583 -0.31902736 -1.3784616 0.8353582 -1.2425 -1.0885619 996.19 
20150702194734 1.3413515 -0.6596026 0.50038815 0.3979787 -1.071763 -1.5457945 996.19 
20150702194734 1.1971009 -1.2252327 1.4359225 0.5842926 -0.75441855 -1.7696766 996.19 
20150702194734 1.6448165 -2.4378958 1.9249382 0.874759 0.0015271631 -1.6450601 996.19 
20150702194734 1.6071079 -3.8953662 -0.04249708 1.3106114 0.97005403 -1.3289373 996.19 
20150702194734 1.5705963 -6.953959 -2.172738 2.0894647 2.2317963 -1.1007792 996.19 
20150702194734 0.58777654 -10.0903635 -3.1723173 2.1939225 2.2058344 -1.0195341 996.19 
20150702194734 0.3250129 -11.023503 -0.641646 0.8713993 1.7238617 -0.9193522 996.2 
20150702194734 4.9069166 -12.02009 8.627506 -1.4083499 0.5531385 -0.2843578 996.2 
20150702194734 15.459959 -12.947245 19.608511 -2.474615 -0.33750305 0.6264423 996.2 
20150702194734 13.719973 -12.977172 14.147937 -1.8011361 -1.4727961 0.73731434 996.2 
20150702194734 7.1023993 -13.439851 2.493561 1.4926492 -2.1801782 -0.6637051 996.2 
20150702194734 -1.0408791 -11.381436 1.6430209 0.8872818 1.7183639 -1.4828753 996.2 
20150702194734 -4.8853683 -12.027272 0.545878 0.84513205 4.1679335 -0.9272934 996.2 
20150702194734 -11.399393 -17.20174 7.267599 0.5002986 -2.384207 0.36102137 996.2 
20150702194734 2.023699 -17.764977 -4.570531 -0.50793445 -2.7418687 2.8631253 996.2 
20150702194734 1.9608512 -17.448343 -5.483919 -1.3213016 -0.8533788 4.084856 996.16 
20150702194734 -0.24720132 -11.229404 -4.268862 -1.9159788 0.60139686 2.4223862 996.16 
20150702194734 -0.7044938 -9.060856 -3.470994 -1.1383474 1.9211712 0.21380283 996.16 
20150702194734 0.49799395 -9.024344 -2.882619 -0.82924956 1.2675453 0.0290161 996.16 
20150702194734 1.4287399 -8.568848 -2.1098902 -1.282817 0.40378192 0.57940567 996.16 
20150702194734 0.8888474 -7.7410526 -1.0193313 -1.8692477 0.30634892 0.59956425 996.16 
20150702194734 -5.985504 -6.9318123 11.561002 -2.6542094 0.8332202 0.116980694 996.16 
20150702194734 -3.3063924 -6.9168487 1.0097545 -1.9165897 1.5234979 0.23609942 996.16 
20150702194734 -0.6919243 -6.55712 -2.9724014 -0.66828656 1.9394971 0.88147855 996.16 
20150702194734 0.4141969 -6.1728506 1.353921 -1.3536774 1.5085317 0.6966918 996.2 
20150702194734 1.8567034 -6.0866594 0.10295067 -2.1704042 -1.0054842 0.6047566 996.2 
20150702194734 1.910573 -6.2763996 -1.9123687 -1.4327844 -3.0757065 0.8561276 996.2 
20150702194734 2.896984 -6.4044895 -1.311424 -0.8943067 -2.713158 0.95325524 996.2 
20150702194734 4.9901147 -8.462905 0.39444473 -0.83077675 -1.7977765 1.0564915 996.2 
20150702194734 4.595072 -11.897985 3.9336734 -1.0369438 -1.4810427 0.96883225 996.2 
20150702194734 3.7804444 -11.106103 4.554969 -1.1560625 -1.6233743 0.86162543 996.2 
20150702194734 2.755726 -9.675568 1.7477672 -1.0207558 -2.4523184 1.0705414 996.2 
20150702194734 3.5637693 -11.341932 -0.40701428 -0.40500367 -2.1817052 1.0073168 996.2 
20150702194734 5.4312468 -11.902175 -0.4177882 -0.07544186 -0.605062 0.8491027 996.22 
20150702194734 6.3482256 -11.092935 1.3359646 -0.2910773 0.35246924 0.8579602 996.22 
20150702194734 6.523601 -11.380837 1.9895816 -0.3567453 0.10170906 0.7855727 996.22 
20150702194734 5.571906 -12.662932 4.542998 0.04520403 -0.5861252 0.5222898 996.22 
20150702194734 5.8783636 -13.585299 2.5683799 0.1881465 -0.52564955 0.008857546 996.22 
20150702194735 4.362834 -13.202227 -0.4842273 0.7449502 -0.47036624 -0.44868052 996.22 
20150702194735 3.004723 -15.502456 -1.0031705 1.4737124 0.29443705 -1.3698653 996.22 
20150702194735 1.5053543 -18.889055 -1.7399861 2.0528126 1.409877 -1.9391917 996.22 
20150702194735 -3.7098155 -19.608511 -1.8483237 2.4764478 2.3090706 -2.042428 996.22 
20150702194735 -6.5565214 -19.608511 -3.4967315 2.7614164 2.7104092 -1.8881844 996.22 
20150702194735 -10.336966 -18.85015 3.3961751 2.3530529 2.3115141 -1.1239921 996.22 
20150702194735 -4.597466 -10.1699705 3.4847605 1.956296 0.8958339 -0.27305678 996.22 
20150702194735 -0.8403648 -8.002021 -0.6440403 2.5024095 -0.7144069 -0.08307768 996.22 
20150702194735 0.04309563 -6.6295447 -2.0763714 2.6132815 -1.3026701 -1.02717 996.22 
20150702194735 1.5969325 -3.369839 -2.4390929 1.5635096 -1.8286251 -1.1917981 996.22 
20150702194735 2.6084828 -1.1815386 -0.29448682 0.70249504 -2.1099286 -1.3313808 996.22 
20150702194735 1.7310078 -1.3377602 1.4197617 -0.07696902 -2.060143 -1.6722436 996.22 
20150702194735 0.62728083 -1.3335704 1.3922282 0.010995574 -1.9263636 -2.140472 996.22 
20150702194735 -0.22924481 -1.4347254 0.4758476 0.58459806 -1.3906348 -2.1148155 996.2 
20150702194735 -0.3657143 -1.7465701 0.7104794 0.8943067 -0.007941248 -1.8267925 996.2 
20150702194735 0.43754035 -2.420538 0.32202014 1.1065824 1.1389582 -1.3231341 996.2 
20150702194735 0.7392098 -4.119224 -1.7357962 1.416902 1.994475 -0.95447695 996.2 
20150702194735 0.84216046 -7.45734 -2.6270378 1.5311338 1.9792033 -0.8854492 996.2 
20150702194735 1.4574703 -11.917738 -0.17537527 0.8576548 1.1603385 -0.7440339 996.2 
20150702194735 8.579023 -11.173141 14.100651 -1.2257011 0.6230826 0.021685716 996.2 
20150702194735 18.83758 -12.378023 19.608511 -2.9006937 0.026572637 1.1218541 996.2 
20150702194735 11.756129 -16.759413 3.8618474 -1.1420126 -1.0839803 0.7791586 996.2 
20150702194735 1.5466543 -15.039777 2.3092074 1.6966782 -0.11301007 -1.0711522 996.23 
20150702194735 -2.8161798 -14.434642 5.0583496 -0.2284636 5.289482 -1.0797043 996.23 
20150702194735 -9.394848 -17.363947 7.2670007 1.5628988 4.5701885 0.10445796 996.23 
20150702194735 -0.42796355 -13.352463 -2.7311857 1.9767599 -4.1862597 1.5531249 996.23 
20150702194735 2.8006175 -13.388376 -5.505467 0.3576616 -5.5796432 3.3405166 996.23 
20150702194735 2.9311013 -12.498331 -3.2507274 -1.3594806 -2.1820107 2.783102 996.23 
20150702194735 0.96546185 -10.478823 -3.5811272 -1.4807373 -0.020463986 0.9611965 996.23 
20150702194735 1.2258313 -10.113707 -3.657143 -1.0005972 0.7623598 0.30390546 996.23 
20150702194735 2.5360582 -9.295488 -3.4680011 -1.0534371 1.8026633 0.7293731 996.23 
20150702194735 2.0769699 -8.895657 -3.4997244 -1.5723672 2.7189612 0.6973027 996.1 
20150702194735 -2.7898436 -8.082825 3.539827 -2.085494 2.96178 0.25809056 996.1 
20150702194735 -6.0208187 -7.2843585 6.033987 -2.5692992 2.7281241 -0.09132435 996.1 
20150702194735 -0.35314476 -7.8948803 -0.2645593 -0.91354895 1.7595973 0.91415983 996.1 
20150702194735 0.31783026 -7.0700774 0.931943 -1.6053538 -1.3063353 0.6441574 996.1 
20150702194735 0.87328506 -4.8644195 0.18555063 -2.223855 -2.430022 0.70524395 996.1 
20150702194735 0.545878 -5.0385976 -3.1411927 -1.5424347 -1.8194622 0.9166033 996.1 
20150702194735 0.44532153 -5.7059813 -2.0500352 -0.8573494 -1.1349876 0.72509706 996.1 
20150702194735 1.4748282 -7.1155677 0.31004912 -1.035722 -0.99204516 0.7473936 996.1 
20150702194735 2.4073699 -10.809222 4.8416743 -1.2180653 -1.4514158 1.0549643 996.22 
20150702194735 2.6797101 -11.839926 5.8442464 -1.1979067 -1.8637499 1.2834278 996.22 
20150702194735 4.289212 -10.770316 1.4347254 -0.904386 -1.6639969 1.3429873 996.22 
20150702194735 4.7979803 -11.205462 -2.4319103 -0.32895094 -1.5943583 1.2501358 996.22 
20150702194735 5.3845596 -11.69807 -3.675698 0.1572978 -0.7861836 0.86834496 996.22 
20150702194735 5.1720743 -10.761338 0.82899237 -0.09254608 0.42913285 0.59803706 996.22 
20150702194735 5.4641666 -11.861474 4.999093 -0.61636305 -0.07849618 0.48441613 996.22 
20150702194735 6.5607114 -13.503298 5.04578 -0.52442783 -1.6533068 0.46181414 996.22 
20150702194735 8.613141 -13.23814 2.8257565 0.15363261 -1.7467692 0.47678033 996.22 
20150702194735 8.4647 -12.196063 0.002992752 0.8035932 -0.9098838 0.226631 996.15 
20150702194736 4.4179006 -12.0159 1.702876 1.1074986 -0.09407325 -0.5412266 996.15 
20150702194736 2.534861 -13.34109 2.1452048 1.3839152 0.5674938 -1.7073684 996.15 
20150702194736 1.3958195 -17.174807 -0.35075054 2.182927 0.7669413 -2.1044307 996.15 
20150702194736 -1.5059528 -19.608511 -3.2519245 2.6875017 1.6716328 -2.2595906 996.15 
20150702194736 -5.4617724 -19.608511 -1.0923545 2.392759 2.5885415 -2.2602015 996.15 
20150702194736 -9.681553 -19.608511 7.219715 1.4034629 2.3872614 -1.7458528 996.15 
20150702194736 -4.88058 -12.591705 1.5664065 1.5515977 1.251052 -0.48472157 996.15 
20150702194736 -0.5398925 -6.5427547 -1.9369092 2.4098635 0.42180246 0.10415252 996.15 
20150702194736 0.3812766 -5.403115 -2.5079262 2.3231206 0.21502456 -0.40103304 996.16 
20150702194736 1.2270284 -2.0913353 -2.2709002 1.5738943 -0.61575216 -0.9810496 996.16 
20150702194736 1.726818 -0.5979519 -0.86490536 0.7162395 -1.3387111 -1.1963795 996.16 
20150702194736 1.1300632 -0.28072014 0.05805939 0.29810223 -1.4837917 -1.3765849 996.16 
20150702194736 0.6889315 -0.56323594 0.7918822 0.3203988 -1.426065 -1.7140878 996.16 
20150702194736 0.35434186 -0.9528923 2.0811598 0.6768387 -1.1688906 -1.813659 996.16 
20150702194736 -0.0700304 -1.7250223 1.7256209 1.0509937 -0.4560109 -1.5809193 996.16 
20150702194736 -0.02873042 -2.855684 0.6147113 1.4905112 0.75991637 -1.3368785 996.16 
20150702194736 -0.1388637 -6.4416 1.1085154 2.0482311 1.790446 -0.9755518 996.16 
20150702194736 -1.2449849 -8.911818 -0.44771573 1.8918496 2.4401011 -0.6942484 996.14 
20150702194736 2.2230163 -9.539098 1.7633295 0.108123146 2.6716192 -0.37995818 996.14 
20150702194736 12.331336 -8.965687 14.704588 -2.2748623 2.6038132 0.52839845 996.14 
20150702194736 11.898584 -19.437925 19.608511 -2.2498167 0.73945236 0.88147855 996.14 
20150702194736 6.211756 -15.792154 8.240842 1.5793921 -1.3322971 -0.61361414 996.14 
20150702194736 1.6759412 -10.211869 2.837129 1.6954565 -0.64660084 -0.9969321 996.14 
20150702194736 -0.7272388 -8.814852 2.0362685 0.62858033 3.5424075 -1.3313808 996.14 
20150702194736 -3.9510314 -14.911088 -1.4628572 0.45265114 1.7314975 -0.41263947 996.14 
20150702194736 -6.0357823 -19.608511 2.6593595 -0.09560041 -3.82646 0.98807454 996.14 
20150702194736 4.235343 -16.65347 -2.72939 -1.1829406 -3.0158417 3.72414 996.14 
20150702194736 1.4502877 -11.377247 -1.6891093 -2.5644124 -2.515543 4.138001 996.14 
20150702194736 -1.1935096 -8.081628 -2.556409 -2.2107213 -1.1026118 1.2027937 996.14 
20150702194736 -0.95708215 -7.2149267 -2.4462755 -1.0833695 0.73914695 0.06688975 996.14 
20150702194736 0.05686229 -7.9744873 -2.3481133 -0.3848451 0.6417139 0.32620203 996.14 
20150702194736 1.3617022 -7.9313917 -2.180519 -0.62796944 0.15577064 0.9673051 996.14 
20150702194736 1.7932571 -7.3633676 -2.0254946 -1.5326608 0.70188415 1.1484267 996.14 
20150702194736 -1.9901801 -6.3721676 4.696825 -2.2360723 1.813659 0.75900006 996.14 
20150702194736 0.107140526 -8.012196 2.9783869 -2.3353379 2.0332649 0.63499445 996.14 
20150702194736 -0.28431144 -7.157466 2.1984756 -1.6707164 0.60994893 0.95203346 996.16 
20150702194736 -0.038905777 -6.745663 -1.3557167 -1.2852604 -1.4559973 0.78984874 996.16 
20150702194736 0.7356185 -6.6480994 -2.2098482 -0.86132 -1.2626585 0.788627 996.16 
20150702194736 1.6938977 -6.095039 -1.7878702 -0.88056225 -0.3436117 0.8197812 996.16 
20150702194736 2.8191724 -6.751649 -1.4275428 -0.8695667 -0.68752885 0.88361657 996.16 
20150702194736 3.354875 -9.540296 -0.6835446 -0.7806858 -1.3414601 0.89827734 996.16 
20150702194736 2.855684 -13.286622 5.20679 -0.86406887 -1.7363845 0.79626286 996.16 
20150702194736 2.5623944 -10.848726 8.885481 -1.6255124 -1.9446895 0.9410379 996.16 
20150702194736 3.478775 -11.423335 0.4429273 -1.4978416 -2.078469 1.1184943 996.16 
20150702194736 4.421492 -11.878832 -4.2383356 0.19730948 -1.4798211 0.91232723 996.21 
20150702194736 5.0320134 -11.723208 -2.5917234 0.3662137 0.52106804 0.62125 996.21 
20150702194736 6.581062 -11.81778 1.3054385 -0.10934488 0.3173445 0.5879578 996.21 
20150702194736 4.4238863 -12.182896 10.96664 -0.3390302 -0.71837753 0.6407976 996.21 
20150702194736 5.360019 -13.93186 6.4020953 -0.25442538 -1.1377366 0.19364429 996.21 
20150702194736 4.5795093 -13.979145 -0.7344214 1.3701707 -1.5830573 -0.5458081 996.21 
20150702194737 4.409521 -12.523471 -0.42796355 1.9795089 0.3295618 -1.3475688 996.21 
20150702194737 4.6740804 -14.384364 -0.3184288 2.1618521 1.3955216 -1.4761559 996.21 
20150702194737 2.0296845 -18.670584 -1.8441339 2.6090055 1.2119566 -1.5409076 996.21 
20150702194737 -1.0127473 -19.608511 -3.5751417 2.557082 1.8017471 -1.8573358 996.12 
20150702194737 -6.157288 -19.608511 2.6515784 2.0320432 2.2137756 -1.87444 996.12 
20150702194737 -6.927024 -18.01098 4.8979383 1.3313808 1.9031507 -1.4712689 996.12 
20150702194737 -3.1998506 -10.3692875 -0.5327099 2.0448713 0.6646214 -0.50854534 996.12 
20150702194737 -0.5955577 -4.76925 -1.6657659 2.4761422 0.008552114 -0.5317582 996.12 
20150702194737 0.7703344 -2.3702598 -1.3138182 2.0427334 -0.48288897 -0.9465357 996.12 
20150702194737 0.801459 -1.1061212 -1.1599907 1.1395692 -0.9462303 -1.2855659 996.12 
20150702194737 0.48602295 -0.801459 -0.55485624 0.53969944 -1.0748174 -1.5894713 996.12 
20150702194737 0.022146367 -1.1264719 0.051475335 0.42730024 -0.95569867 -1.7363845 996.12 
20150702194737 -0.2621651 -1.316811 -0.2208651 0.6264423 -0.82527894 -1.7211128 996.18 
20150702194737 -0.110133275 -1.3257892 -1.0654198 0.9456194 -0.17195857 -1.4156802 996.18 
20150702194737 -0.01316811 -2.5181017 -0.18375498 1.0919216 1.0128145 -0.9468411 996.18 
20150702194737 -1.6633717 -5.3516393 1.7076644 1.0118983 1.9275852 -0.7687739 996.18 
20150702194737 -3.6008794 -7.0329676 2.3469162 0.8191703 2.2791383 -0.70188415 996.18 
20150702194737 -3.0238767 -8.115746 2.690484 0.70921457 2.7553077 -0.3491095 996.18 
20150702194737 6.497265 -11.442489 11.127651 -0.20830505 2.9226847 0.33750305 996.18 
20150702194737 9.382876 -19.367895 19.286491 -1.0277808 2.8157833 0.80664754 996.18 
20150702194737 6.3362546 -17.279552 17.152061 1.1181889 1.563815 -0.35521814 996.18 
20150702194737 2.6791117 -11.520899 11.8578825 0.5647449 -2.519819 -0.5571091 996.21 
20150702194737 0.79487497 -3.1651347 -0.6584055 0.8915578 0.2959642 -0.72784597 996.21 
20150702194737 -0.0700304 -7.732673 -7.3352356 0.9960158 1.385137 -0.41599923 996.21 
20150702194737 -2.19249 -19.476831 -3.8420951 -0.7602218 -1.9474384 0.12034045 996.21 
20150702194737 5.8095303 -19.608511 3.3997664 -2.6584857 -2.0460932 1.8765781 996.21 
20150702194737 0.5434838 -11.741165 3.0101101 -2.6600127 -1.7705929 2.3741279 996.21 
20150702194737 -2.9759927 -9.462483 -0.15981296 -1.4944818 -3.6795468 0.453262 996.21 
20150702194737 -1.2330139 -9.217676 -0.87807345 -0.7809912 -1.5201381 0.21685717 996.21 
20150702194737 0.56802434 -9.509171 -2.4468741 -0.6640105 0.58184916 0.8885035 996.21 
20150702194737 1.2850877 -9.558251 -3.7618895 -0.4978552 1.2498302 1.3423764 996.14 
20150702194737 0.53809685 -7.6949644 -4.559159 -0.9263771 1.8481728 1.003957 996.14 
20150702194737 -0.789488 -7.1167645 -0.20231004 -1.8982637 2.7320948 0.40011674 996.14 
20150702194737 -4.1503487 -5.587468 8.596381 -2.598926 2.8936687 0.070554934 996.14 
20150702194737 -1.3006501 -6.8749504 2.2026656 -2.5708263 2.2412646 0.053145275 996.14 
20150702194737 -0.61770403 -7.506421 0.15741876 -1.2977833 1.2257011 0.6563747 996.14 
20150702194737 0.6961141 -6.229114 -0.55006784 -1.6603317 0.27977628 0.46822822 996.14 
20150702194737 1.377863 -5.205593 -2.4534583 -1.7284433 -0.6230826 0.505491 996.14 
20150702194737 1.1432313 -4.429273 -2.9502552 -1.2596041 -1.5134187 0.65118235 996.14 
20150702194737 1.3652935 -6.6750345 -1.0833763 -0.96791595 -1.9550742 0.7272351 996.18 
20150702194737 1.1887212 -10.953473 3.0747535 -1.0015136 -2.0879374 0.8671232 996.18 
20150702194737 0.81881696 -14.252683 10.614694 -1.2519683 -2.3518312 1.0931433 996.18 
20150702194737 3.2650926 -10.257359 2.8862102 -1.7647897 -2.0042489 1.219287 996.18 
20150702194737 5.403713 -10.681132 -3.127426 -0.33200526 -1.3374895 1.2027937 996.18 
20150702194737 7.1514807 -12.166735 -4.835689 0.61269784 -0.9126327 1.0228939 996.18 
20150702194737 8.115147 -11.614272 0.31663316 0.3726278 -0.30604348 0.7165449 996.18 
20150702194737 7.5495167 -12.155961 7.1688385 -0.90408057 -0.73548174 0.5488624 996.18 
20150702194737 5.990891 -13.476363 8.131308 -0.94897914 -1.8017471 0.36987892 996.18 
20150702194737 7.1383123 -13.911509 -1.0319009 0.17623462 -1.536937 -0.015271631 996.14 
20150702194737 4.138976 -12.696451 -1.477821 1.2574661 -0.35521814 -0.643852 996.14 
20150702194738 2.8113914 -13.687651 0.30346507 1.2626585 1.2589933 -1.5787812 996.14 
20150702194738 2.0697873 -17.171814 1.283292 1.6624697 1.5470163 -1.8332067 996.14 
20150702194738 -0.16699557 -19.608511 -1.5233108 2.5784621 1.8545868 -1.8002199 996.14 
20150702194738 -3.068768 -19.608511 -5.245097 3.0931163 2.5470026 -1.7461584 996.14 
20150702194738 -8.825027 -19.608511 2.5079262 2.2708917 2.6209173 -1.4489723 996.14 
20150702194738 -3.268684 -13.888764 1.0133458 1.6325374 1.4434745 -0.8866709 996.14 
20150702194738 -0.6871359 -6.929418 -1.6334441 2.47095 -0.07788532 0.1142318 996.14 
20150702194738 0.38307226 -4.911705 -2.0213048 2.8139508 -0.5546656 -0.35033122 996.13 
20150702194738 1.2617443 -2.8538885 -2.3259668 2.2519548 -1.3756685 -0.732122 996.13 
20150702194738 0.8451532 -2.1080947 -2.3056161 1.2263119 -1.7996091 -0.91721416 996.13 
20150702194738 1.882441 -0.5410896 -0.52612585 0.57910025 -1.7574593 -1.1108584 996.13 
20150702194738 1.6711528 -0.19393034 1.2946646 0.48808134 -1.593442 -1.119716 996.13 
20150702194738 1.1264719 -0.81402856 2.404377 0.64996064 -1.7146988 -1.2318097 996.13 
20150702194738 0.75477207 -1.9470845 2.0925324 1.0387764 -1.2425 -1.3594806 996.13 
20150702194738 0.3878607 -3.3063924 1.1162965 1.5818355 0.44348818 -1.2357804 996.13 
20150702194738 -0.3878607 -5.5150437 -0.61112 1.9388863 2.2540927 -1.0531317 996.13 
20150702194738 -2.255338 -8.980651 -2.1631613 1.9590448 2.9657507 -0.795652 996.15 
20150702194738 -2.9101522 -10.749966 -0.7152678 0.63713247 3.2443054 -0.46395215 996.15 
20150702194738 4.308366 -11.5077305 6.6325374 -1.8982637 2.8735101 0.22510384 996.15 
20150702194738 17.522564 -17.927183 19.608511 -2.9205468 1.459357 0.95905846 996.15 
20150702194738 10.235212 -17.537527 18.417995 -0.77854776 -0.08979719 0.398895 996.15 
20150702194738 7.08564 -10.330381 3.7116113 2.1832323 -3.005457 -0.90102625 996.15 
20150702194738 0.46208093 -6.3631897 -4.4819455 1.9101756 0.82619524 -1.4031575 996.15 
20150702194738 -2.8981812 -11.790246 -4.135385 0.81245077 2.417194 -1.0479393 996.15 
20150702194738 -11.34253 -19.608511 9.352949 -0.72234815 -2.0613647 0.5699373 996.15 
20150702194738 -0.1340753 -15.895105 -0.38845924 -1.2574661 -2.6441302 2.9159653 996.14 
20150702194738 1.5053543 -10.763732 -3.6481647 -1.3347405 -2.2525656 3.673438 996.14 
20150702194738 -1.1162965 -11.234193 -3.3889925 -1.7278323 -0.65148777 0.9138544 996.14 
20150702194738 -0.1945289 -11.78486 -2.7928362 -1.1172725 1.4013249 -0.20861048 996.14 
20150702194738 2.0440497 -10.316016 -3.606865 -0.85062987 1.4425583 0.67347896 996.14 
20150702194738 1.7836803 -8.0367365 -3.4063504 -1.0803152 1.6249015 1.0002918 996.14 
20150702194738 -6.425439 -5.773019 7.4405804 -1.8616118 2.225993 0.45875978 996.14 
20150702194738 -2.1751323 -7.4082584 1.3395559 -2.2837198 2.5079072 -0.103847094 996.14 
20150702194738 -0.96306765 -7.801506 -1.9015948 -1.4480561 1.6551393 0.40866885 996.14 
20150702194738 -0.81163436 -6.4667387 3.0963013 -1.8188512 0.101098195 0.38759398 996.2 
20150702194738 0.39085343 -5.374983 2.331354 -2.2855523 -1.3390167 0.4156938 996.2 
20150702194738 0.9780314 -6.2847795 -2.0560207 -1.284955 -2.3353379 0.7443393 996.2 
20150702194738 1.6496049 -6.7600284 -2.1092918 -0.7825184 -1.5082263 0.86590147 996.2 
20150702194738 2.379238 -7.102998 -0.93852705 -0.95539325 -1.040609 1.0482447 996.2 
20150702194738 3.3566709 -9.370307 0.5081693 -1.0216721 -1.7137824 1.10139 996.2 
20150702194738 4.300585 -11.611878 5.2905874 -1.0274754 -1.9590448 1.0882565 996.2 
20150702194738 4.4801497 -10.473435 6.5002575 -1.1139128 -1.8191566 1.174083 996.2 
20150702194738 5.2008047 -10.385448 1.8118122 -0.86284715 -2.255009 1.2947289 996.2 
20150702194738 6.296152 -11.011532 -0.9935937 -0.18295415 -2.032654 1.0983357 996.17 
20150702194738 5.306748 -11.035474 -0.2621651 -0.12889257 0.12217305 0.86162543 996.17 
20150702194738 5.480926 -11.547235 1.38325 -0.4990769 0.7626653 0.56169057 996.17 
20150702194738 4.6495395 -13.15973 5.5138464 -0.29810223 0.116980694 0.50640726 996.17 
20150702194738 6.7654157 -15.270817 3.4506433 -0.020463986 -0.24129178 0.115453534 996.17 
20150702194738 4.378995 -13.555371 0.24181437 0.7058548 -0.42546764 -0.25686884 996.17 
20150702194738 2.7910407 -12.204443 0.05267244 1.3726143 0.2919936 -1.2089024 996.17 
20150702194739 2.5288756 -15.367184 -0.91458505 2.012801 1.2070698 -1.7693712 996.17 
20150702194739 -0.26276365 -19.573795 -1.9387048 2.550057 1.6105462 -1.983174 996.17 
20150702194739 -3.7187939 -19.608511 -3.1615434 2.8738155 2.1325307 -2.1294763 996.16 
20150702194739 -9.287707 -19.608511 3.2794578 2.4669793 2.0928242 -1.7825048 996.16 
20150702194739 -4.2491093 -10.777499 1.0127473 1.8692477 1.1218541 -0.8151997 996.16 
20150702194739 -0.16160862 -6.7773867 -1.3545196 2.2449298 0.016187929 0.004276057 996.16 
20150702194739 1.323395 -5.3139305 -1.8608932 2.4401011 -0.06841691 -0.3576616 996.16 
20150702194739 2.5893292 -2.9658175 -2.4708161 1.7910569 -0.79717916 -1.1307116 996.16 
20150702194739 2.7988217 -1.4939818 -1.3078327 0.86193085 -1.5308284 -1.5149459 996.16 
20150702194739 1.9117701 -1.4885949 0.50158525 0.35888332 -1.8139644 -1.8585575 996.16 
20150702194739 0.45669398 -1.602918 1.5275006 0.19211712 -2.0286834 -2.254398 996.16 
20150702194739 0.092176765 -1.3664906 1.3359646 0.4700608 -1.921782 -2.1386392 996.17 
20150702194739 -0.16879122 -1.917157 -0.008978256 0.8338311 -0.57726765 -1.7434094 996.17 
20150702194739 -0.7577648 -3.46022 0.3609259 1.119716 0.9419542 -1.1478158 996.17 
20150702194739 -1.6370354 -6.1782374 1.2599486 1.282817 2.4956899 -0.66156703 996.17 
20150702194739 -2.3678656 -8.029554 0.19393034 1.2773192 2.7159069 -0.1695151 996.17 
20150702194739 -2.463035 -8.36175 -1.2300211 0.6835582 2.5283713 0.18112154 996.17 
20150702194739 2.2176294 -9.920375 0.6392518 -1.042747 2.6682594 0.44684792 996.17 
20150702194739 16.456545 -14.165295 19.050663 -2.2947154 1.7357736 1.0436633 996.17 
20150702194739 12.898163 -19.458874 19.579184 -2.05434 -0.6563747 0.9230174 996.17 
20150702194739 14.626777 -8.741829 2.56419 1.9007072 -2.5283713 -0.76052725 996.2 
20150702194739 3.9665937 -5.7418942 -8.222287 1.5961909 -0.9294315 -1.4651603 996.2 
20150702194739 -2.3092074 -10.514735 -3.5350387 0.7189884 3.6526687 -1.917506 996.2 
20150702194739 -9.52593 -19.127277 9.255385 -0.52839845 -1.7385225 -0.2510656 996.2 
20150702194739 1.4981717 -18.88606 4.7022123 -1.4410311 -2.0958786 2.742785 996.2 
20150702194739 3.881001 -12.76349 -0.87328506 -0.6771441 -2.0207422 3.951382 996.2 
20150702194739 -0.78649527 -11.337742 -3.3794158 -1.7201965 -3.5027013 0.7987063 996.2 
20150702194739 -0.8379706 -9.232041 -3.596091 -1.3652838 2.1520782 -0.36071593 996.2 
20150702194739 1.2162545 -8.775947 -4.52145 -0.6985244 3.0903673 0.26236662 996.2 
20150702194739 0.6607997 -7.8793178 -4.2155905 -0.61575216 2.2284365 0.74036866 996.01 
20150702194739 -0.14305355 -6.6205664 -3.2273839 -1.1102476 1.7079792 0.54367006 996.01 
20150702194739 -1.7980455 -6.6684504 -0.2184709 -2.0201313 1.6780468 0.08246681 996.01 
20150702194739 -8.3868885 -6.5283895 13.602058 -2.69697 1.572978 -0.21197024 996.01 
20150702194739 -1.1300632 -7.025785 -0.20231004 -2.0567832 1.0968086 0.15149458 996.01 
20150702194739 0.3369839 -8.165425 -4.0737343 -0.7501425 1.1759156 0.8689558 996.01 
20150702194739 0.9708488 -7.77517 -0.6997054 -1.2559389 1.2541064 0.4877759 996.01 
20150702194739 1.4574703 -6.451775 -1.7477672 -1.7253889 -1.0647382 0.5403103 996.01 
20150702194739 2.297835 -6.173449 -2.066196 -1.3154984 -2.7617218 0.8555168 996.01 
20150702194739 3.99293 -7.6961613 0.11671733 -0.7654142 -2.3530529 1.0601566 996.15 
20150702194739 4.3281183 -10.160992 6.4697313 -0.75228053 -1.9251418 1.0748174 996.15 
20150702194739 3.6332011 -10.605715 6.2943563 -1.2370021 -2.147802 1.2394456 996.15 
20150702194739 3.1268275 -10.092757 0.52073884 -1.2956452 -2.6068676 1.2235631 996.15 
20150702194739 3.6379895 -11.871051 -2.7311857 -0.30176744 -1.5525141 0.9309586 996.15 
20150702194739 4.0402155 -11.998542 -2.5570073 -0.046120327 0.34574974 0.6881397 996.15 
20150702194739 4.8745947 -11.310209 1.4933833 -0.61300325 0.77671516 0.6026186 996.15 
20150702194739 6.329671 -12.700043 4.1066546 -0.64599 -0.7049385 0.573297 996.15 
20150702194739 7.1245456 -13.328521 4.378995 -0.22204952 -1.6688838 0.44165558 996.15 
20150702194739 7.827842 -12.990938 -0.28670564 0.29657507 -1.3613132 0.2098322 996.17 
20150702194739 4.2305546 -12.959215 -0.3890578 0.852157 -0.24617869 -0.3203988 996.17 
20150702194739 1.894412 -13.397953 1.899799 1.1933253 0.6963864 -1.3686435 996.17 
20150702194740 0.9008184 -15.515624 2.0727801 1.8918496 0.86590147 -1.779145 996.17 
20150702194740 -1.543063 -19.457079 -0.9463082 2.8142562 1.0070114 -1.949271 996.17 
20150702194740 -6.4272346 -19.608511 -2.1691468 3.100141 1.8756617 -1.9840903 996.17 
20150702194740 -7.297527 -17.888277 5.6628857 2.4239132 2.0570886 -1.5143349 996.17 
20150702194740 -2.7760768 -9.805453 2.1547816 1.6050484 0.91324353 -0.54092115 996.17 
20150702194740 0.047884032 -7.9092455 -0.62967503 1.9947804 -0.56046885 -0.013744468 996.17 
20150702194740 0.82121116 -5.97892 -0.7290344 2.3548856 -0.63163465 -0.40866885 996.19 
20150702194740 1.8950106 -3.0160956 -1.9524715 1.8191566 -0.96486163 -0.7367035 996.19 
20150702194740 2.372654 -1.4191631 -1.501763 1.2030991 -1.5012014 -0.86193085 996.19 
20150702194740 2.0087352 -0.8882488 -0.14425065 0.6927212 -1.7290541 -1.1410962 996.19 
20150702194740 0.7194576 -1.4185646 1.0923545 0.26511553 -1.7568485 -1.6038266 996.19 
20150702194740 0.09876082 -1.6178818 1.3503298 0.3820962 -1.4703526 -1.8115209 996.19 
20150702194740 0.27473465 -2.1380222 0.6799533 0.80756384 -0.6215554 -1.4782939 996.19 
20150702194740 0.37229836 -4.1677065 1.2012907 1.0647382 0.7351763 -1.1270463 996.19 
20150702194740 0.18854338 -6.253655 0.7673417 1.3939945 1.7889189 -0.7663304 996.19 
20150702194740 -0.05626374 -8.213309 1.0163386 1.6578883 2.2693644 -0.4129449 996.15 
20150702194740 -1.1306617 -7.867347 0.8972271 1.2473868 1.897042 -0.14508049 996.15 
20150702194740 1.0857705 -9.059659 2.9532478 -0.50335294 1.7150042 0.50335294 996.15 
20150702194740 14.203003 -10.496181 17.163433 -1.8787161 1.7067575 1.4110987 996.15 
20150702194740 10.975619 -19.608511 19.608511 -1.5176947 0.79320854 1.2748758 996.15 
20150702194740 6.9767036 -16.511013 11.865065 0.97494096 -1.2669345 -0.24129178 996.15 
20150702194740 4.609437 -8.782531 -4.593276 2.0399845 -1.1743884 -0.86162543 996.15 
20150702194740 -1.6256629 -9.378088 -5.288193 1.8594738 2.968805 -1.647809 996.15 
20150702194740 -4.0043025 -13.367427 -3.1238346 0.4428773 -1.1533136 -1.1273518 996.15 
20150702194740 -7.888296 -18.631079 7.6524673 -1.1951579 -3.245527 1.5424347 996.2 
20150702194740 3.3506854 -14.398729 -2.1308396 -1.5195273 -1.5635096 3.7614028 996.2 
20150702194740 0.21308395 -10.259154 -2.5306711 -2.2269092 -1.457219 2.6471846 996.2 
20150702194740 -0.40821138 -9.464279 -2.256535 -2.2000313 0.72295904 0.34208453 996.2 
20150702194740 0.86849666 -8.322844 -2.1853075 -1.4361442 1.6572775 -0.25625798 996.2 
20150702194740 2.428319 -7.2711906 -2.4265234 -1.0027353 1.7666223 0.6169739 996.2 
20150702194740 -3.1250317 -6.192004 5.9172697 -1.1814134 1.8017471 0.86620694 996.2 
20150702194740 -3.4512417 -7.5507135 1.6747441 -1.4810427 2.0115793 0.38637227 996.2 
20150702194740 -0.2693477 -8.763377 -2.0566192 -0.8961393 1.8832976 0.37415496 996.2 
20150702194740 -0.2669535 -8.024766 0.5315128 -1.806634 0.6389651 0.3921755 996.14 
20150702194740 0.16340427 -6.795343 3.7241807 -2.5057693 -0.7761043 0.24678956 996.14 
20150702194740 0.8822633 -6.6307416 -0.3681085 -1.8533652 -1.5961909 0.464563 996.14 
20150702194740 0.8996213 -6.4924765 -3.0550013 -0.74464476 -1.7681495 0.5882632 996.14 
20150702194740 0.80325466 -6.3087215 -2.2589293 -0.9462303 -0.9101892 0.65301496 996.14 
20150702194740 0.62129533 -7.391499 0.3573346 -1.3307699 -0.9101892 0.8063421 996.14 
20150702194740 0.78529817 -9.646238 2.2499511 -1.3878858 -1.1814134 1.0476339 996.14 
20150702194740 1.0552444 -11.583746 2.6683378 -1.1362094 -1.352761 1.1695015 996.14 
20150702194740 2.2188265 -11.248558 1.5275006 -1.0198395 -1.1417072 1.2049317 996.14 
20150702194740 3.9492357 -11.3167925 -0.3172317 -0.77213365 -1.1499538 1.1612549 996.16 
20150702194740 5.0517654 -11.597513 -2.4702177 -0.16676621 -1.0913107 1.0097603 996.16 
20150702194740 5.801151 -10.670957 -0.670975 0.10751228 -0.5919284 0.795652 996.16 
20150702194740 7.185598 -10.272921 1.9075803 -0.23732115 -0.68386364 0.7131852 996.16 
20150702194740 9.759365 -12.609063 4.3903675 -0.3567453 -1.536937 0.5338962 996.16 
20150702194740 10.226234 -13.857639 5.092467 -0.20616703 -1.6972891 0.2312125 996.16 
20150702194740 6.247669 -13.7205715 1.6214731 0.43676865 -1.212873 -0.4437936 996.16 
20150702194740 2.0338743 -15.28159 1.1354501 0.88117313 0.4092797 -1.2394456 996.16 
20150702194741 0.6003461 -19.259558 -1.2360066 1.4501941 1.5305228 -1.8985692 996.16 
20150702194741 -2.5480292 -19.608511 -3.788824 2.1868975 2.200642 -1.9602666 996.24 
20150702194741 -5.2558713 -19.608511 -5.1361613 2.4898868 2.9590313 -1.9446895 996.24 
20150702194741 -10.931925 -19.608511 5.1762643 2.2504275 2.9526172 -1.5308284 996.24 
20150702194741 -8.18398 -13.814544 4.561553 1.5161675 1.6865989 -0.8042041 996.24 
20150702194741 -2.6372132 -7.244256 -1.0043676 2.3286183 -0.16157386 0.54550266 996.24 
20150702194741 -0.11133038 -5.3821654 -2.2762873 3.097087 0.33628133 0.6411031 996.24 
20150702194741 1.1695676 -3.288436 -3.0508115 2.9932396 0.5311473 -0.2660318 996.24 
20150702194741 1.99437 -1.471237 -2.6641479 1.996613 -0.6780604 -0.86590147 996.24 
20150702194741 2.496554 -0.3465607 -1.5490485 1.105666 -1.2104294 -1.2577715 996.24 
20150702194741 0.9528923 -0.6931214 -0.28072014 0.160963 -1.3014483 -1.8591684 996.17 
20150702194741 -0.24121583 -1.2443863 0.18195933 0.16249016 -1.0436633 -2.3167064 996.17 
20150702194741 -0.90021986 -0.6973112 -0.002992752 0.7128797 -0.6035349 -2.0864103 996.17 
20150702194741 -0.94211835 -0.84934306 -1.3383588 1.0809261 -0.23884831 -1.6291776 996.17 
20150702194741 -1.2144588 -2.19668 -1.3820529 1.5848899 0.42546764 -1.058324 996.17 
20150702194741 -2.1392193 -5.535993 1.1228806 1.5949692 0.8170323 -0.6936375 996.17 
20150702194741 -2.5312698 -10.009559 3.6020765 1.0983357 0.48472157 -0.26725355 996.17 
20150702194741 1.6950948 -12.974777 3.3686419 0.6771441 0.6817256 0.22327125 996.17 
20150702194741 13.122021 -12.091317 16.639103 -0.62949663 1.2867876 1.0980303 996.17 
20150702194741 8.636484 -19.608511 19.608511 -1.9165897 1.3658947 1.0824533 996.23 
20150702194741 11.796232 -17.034147 14.938023 0.38759398 -0.8594874 -0.38423425 996.23 
20150702194741 6.939594 -7.441777 0.61171854 2.3441954 -0.9266826 -0.21502456 996.23 
20150702194741 0.8295909 -6.318897 -6.5858502 1.6881261 2.1902573 -0.8023715 996.23 
20150702194741 -5.00448 -14.836269 -5.5120506 -0.7761043 -1.7449366 -0.33567044 996.23 
20150702194741 -3.1639376 -18.804659 5.5707088 -2.1041253 -4.6260824 1.2470814 996.23 
20150702194741 3.3674448 -10.148422 -1.8800468 -2.3875668 -2.765998 4.174653 996.23 
20150702194741 0.3716998 -9.367912 -2.533664 -1.2944235 -2.2119431 3.703676 996.23 
20150702194741 -0.30526072 -9.239224 -2.44029 -1.0891727 -0.19547687 1.0146471 996.23 
20150702194741 0.338181 -9.422979 -1.7160441 -0.929126 0.8933904 -0.35918877 996.2 
20150702194741 1.3922282 -7.5932107 -2.5049336 -0.9990701 0.9828822 0.03268129 996.2 
20150702194741 1.2228385 -4.3305125 1.4131776 -1.3625349 1.028697 0.71593404 996.2 
20150702194741 0.12330139 -6.431424 3.402759 -1.8530598 1.7342464 0.7770206 996.2 
20150702194741 1.4389153 -8.1558485 0.8218097 -1.858252 1.8432859 0.6075055 996.2 
20150702194741 0.15622166 -6.967127 -0.79367787 -1.9407189 0.37751472 0.691194 996.2 
20150702194741 -0.78410107 -6.5403605 0.16160862 -2.2403483 -0.9944886 0.4908302 996.2 
20150702194741 0.019153614 -5.125387 -1.1426327 -1.8423696 -1.1792754 0.7131852 996.2 
20150702194741 0.25198972 -3.8923733 -0.3597288 -1.1496484 -1.2800682 1.0012082 996.2 
20150702194741 0.093972415 -6.2422824 5.8185086 -1.1707232 -0.7901542 1.0592403 996.16 
20150702194741 1.7417817 -9.409811 4.282628 -1.3857478 -0.6646214 1.1368202 996.16 
20150702194741 2.4067712 -9.3733 -0.0676362 -0.96577793 -0.4569272 1.3060299 996.16 
20150702194741 2.3145945 -11.4119625 -0.93134445 -0.29260445 0.013133603 1.0067059 996.16 
20150702194741 3.846285 -13.451223 -1.4520833 -0.19486602 -0.625526 0.7141015 996.16 
20150702194741 5.533599 -13.161526 -0.05686229 -0.22174409 -0.6435465 0.61819565 996.16 
20150702194741 6.0046577 -11.753136 2.7455509 -0.64721173 -0.6740898 0.7467828 996.16 
20150702194741 6.343437 -11.88362 1.9716251 -0.4801401 -1.1368202 0.732122 996.16 
20150702194741 6.293159 -13.122021 1.2372037 -0.06169739 -1.0183123 0.4896085 996.16 
20150702194741 6.1782374 -14.982316 -0.023942016 0.16218472 -0.28619036 0.06963864 996.18 
20150702194741 3.2208 -15.005659 1.388637 0.43768495 0.098043874 -0.59498274 996.18 
20150702194741 2.8736405 -15.543756 0.97384155 0.8481864 0.6291912 -1.2507466 996.18 
20150702194741 1.8794483 -18.714277 -1.6956934 1.6184875 1.2305881 -1.287093 996.18 
20150702194742 -2.1015105 -19.608511 -5.2540755 2.5164595 1.9859229 -1.3939945 996.18 
20150702194742 -4.289212 -19.341558 -6.335656 2.6022859 3.0454686 -1.6643023 996.18 
20150702194742 -8.914211 -17.448942 2.4121583 1.971873 3.087313 -1.3179418 996.18 
20150702194742 -6.553529 -11.655573 4.1665096 1.4251486 1.2904528 -0.89675015 996.18 
20150702194742 -2.0847511 -6.601413 -0.19512744 2.0619757 -0.700357 0.1432479 996.18 
20150702194742 -1.1641805 -5.257667 -1.3802572 3.1395419 -1.1530081 0.13744467 996.16 
20150702194742 0.30885202 -3.3033998 -2.3002293 3.1016684 -0.5815437 -0.42852196 996.16 
20150702194742 0.98700964 -1.5693992 -2.0231004 2.3057108 -0.947452 -0.70707655 996.16 
20150702194742 1.4766239 -0.45429978 -1.3904326 1.2180653 -1.1578951 -1.0302242 996.16 
20150702194742 1.3018472 -0.3429694 0.28491 0.42394048 -0.9477574 -1.4453071 996.16 
20150702194742 0.24600422 -1.2120646 0.7098808 0.34269542 -0.548557 -1.738828 996.16 
20150702194742 -0.5805939 -2.295441 0.30705637 0.7993172 -0.26511553 -1.9156734 996.16 
20150702194742 -0.6775591 -3.6804867 -0.21308395 1.303281 0.45234573 -1.5607607 996.16 
20150702194742 -0.8535329 -5.85921 -0.076015905 1.5628988 1.2626585 -1.0500773 996.16 
20150702194742 -1.9758149 -8.93935 0.5614403 1.6707164 1.5735888 -0.5317582 996.15 
20150702194742 -3.2076318 -11.51611 3.591901 1.3206906 1.3206906 -0.12217305 996.15 
20150702194742 -0.30945057 -8.550293 5.505467 0.35521814 0.99265605 0.4288274 996.15 
20150702194742 8.031948 -6.8186865 12.893374 -0.98624194 0.766025 1.0125091 996.15 
20150702194742 12.037448 -15.060127 19.606716 -1.3026701 0.63255095 1.1001683 996.15 
20150702194742 10.788273 -17.96968 19.211075 0.5348125 -1.0073168 -0.42119157 996.15 
20150702194742 7.683592 -10.262746 3.3028011 1.4679092 -1.6975945 -0.5543602 996.15 
20150702194742 1.1504139 -6.333262 -5.3648076 2.0018053 1.9752327 -0.54061574 996.15 
20150702194742 -4.8542438 -16.466122 -1.8106151 0.7855727 0.63163465 -0.50946164 996.15 
20150702194742 -0.15861586 -18.935741 -2.0500352 -0.82619524 -2.688418 1.3600914 996.26 
20150702194742 3.1603463 -10.707469 -2.3289597 -1.7757853 -1.4511104 3.2330043 996.26 
20150702194742 0.18674773 -8.9758625 -1.6651673 -2.8683178 -0.8151997 2.4736989 996.26 
20150702194742 0.19812019 -8.991425 -2.8335378 -1.9376645 0.26236662 -0.17959438 996.26 
20150702194742 0.789488 -9.213487 -3.9486372 -0.763887 0.61178154 -0.26236662 996.26 
20150702194742 0.91817635 -8.429984 -4.63697 -0.6114761 1.0225884 0.28588495 996.26 
20150702194742 -0.88765025 -8.163031 -4.1665096 -1.2782356 1.3365731 0.49938235 996.26 
20150702194742 -2.3959973 -8.420407 -0.3693056 -2.4465153 1.4501941 0.07269296 996.26 
20150702194742 -7.417237 -4.6483426 16.279972 -3.2036827 0.9810496 -0.007330383 996.26 
20150702194742 -2.2774844 -6.8109055 -1.4766239 -3.0292807 0.33750305 0.35430184 996.17 
20150702194742 0.8571242 -9.287108 -5.681441 -0.9434814 0.8546005 0.9379836 996.17 
20150702194742 1.0989386 -8.411429 -3.008913 -1.1273518 2.1029036 0.6224717 996.17 
20150702194742 1.3982137 -6.488885 -1.1330559 -1.5769486 -1.8231273 0.59589905 996.17 
20150702194742 1.8357542 -6.0064535 -0.61052144 -1.4694363 -3.951382 0.8127562 996.17 
20150702194742 2.3894134 -7.6201453 -0.6937199 -0.6927212 -4.11937 0.8338311 996.17 
20150702194742 4.89315 -10.907983 3.1519666 -0.26908615 -3.4223726 0.806953 996.17 
20150702194742 4.772841 -11.829751 5.85921 -0.535118 -2.8667905 0.91965765 996.17 
20150702194742 4.7123876 -10.326192 3.074155 -0.9993755 -3.0155363 1.1301007 996.17 
20150702194742 6.093842 -12.039842 -0.089782566 -0.2406809 -3.107166 1.1640037 996.21 
20150702194742 7.45315 -13.330317 -1.3628993 0.45478916 -1.5549575 0.98349303 996.21 
20150702194742 8.227076 -11.16117 1.5077485 0.14630222 -0.43249258 0.72204274 996.21 
20150702194742 9.31524 -10.38066 4.9919105 -0.3100141 -0.31673363 0.7467828 996.21 
20150702194742 9.653421 -11.65677 4.701015 0.30024028 -1.0436633 0.5742133 996.21 
20150702194742 5.7454853 -11.853693 1.6675615 0.79473567 -0.782213 -0.0143553335 996.21 
20150702194742 2.0500352 -14.411299 -0.47345337 1.0439687 0.31887165 -1.2281445 996.21 
20150702194742 1.2515689 -18.129494 -1.7076644 1.5628988 1.7540996 -1.7708983 996.21 
20150702194742 -2.4361002 -19.608511 -2.6737247 2.0922134 2.4049764 -1.8371773 996.21 
20150702194743 -6.96593 -19.608511 -2.9472623 2.574186 2.741258 -1.8723019 996.15 
20150702194743 -9.15842 -17.413628 3.6685154 2.5103507 2.355191 -1.5015068 996.15 
20150702194743 -4.0396166 -8.76637 3.2722752 1.8817704 0.93309665 -0.43676865 996.15 
20150702194743 0.17058687 -6.203377 -0.29269117 2.0662518 -0.3979787 0.21410827 996.15 
20150702194743 1.2473791 -4.9655743 -1.7052702 2.4346035 -0.462425 -0.42241332 996.15 
20150702194743 1.8974048 -2.758719 -2.5240872 1.8304577 -0.45631635 -1.1997393 996.15 
20150702194743 2.641403 -0.9744401 -2.2110453 0.98532563 -0.8035932 -1.5888605 996.15 
20150702194743 2.0404584 -0.59136784 -0.3238158 0.4361578 -1.391551 -1.87444 996.15 
20150702194743 1.0073603 -1.477821 1.5251064 0.06291912 -1.7910569 -2.323426 996.15 
20150702194743 -0.15861586 -2.006341 1.5292963 0.19883664 -1.9156734 -2.4199426 996.14 
20150702194743 -0.43275195 -2.6593595 0.9516952 0.58032197 -0.68600166 -2.0888536 996.14 
20150702194743 -0.109534726 -4.4538136 1.8177977 1.1530081 0.7959574 -1.3161092 996.14 
20150702194743 -0.64823014 -7.7757688 2.4594438 1.561677 2.2275202 -0.64599 996.14 
20150702194743 -0.8511387 -10.229825 -0.8619126 1.7996091 2.8356364 -0.19822577 996.14 
20150702194743 -1.4742297 -10.466252 -1.8992004 1.258077 3.2953126 0.1001819 996.14 
20150702194743 -0.5542577 -9.643845 1.3946224 -0.86193085 3.4016032 0.27885997 996.14 
20150702194743 8.908226 -10.842741 11.6190605 -2.3839016 1.7266107 1.0186177 996.14 
20150702194743 16.709133 -19.25417 19.608511 -2.730873 -0.92057395 1.3662001 996.14 
20150702194743 12.040441 -18.539501 17.409437 -0.07238753 -2.0390682 0.22143865 996.24 
20150702194743 6.777985 -8.7292595 -5.0613422 2.0650299 -2.1255057 -0.74189585 996.24 
20150702194743 -0.60693014 -11.021708 -7.004237 1.3536774 3.1535919 -1.0519099 996.24 
20150702194743 -4.1479545 -19.248783 -3.2968156 -0.35705075 -0.88117313 -0.768163 996.24 
20150702194743 -1.4766239 -14.195222 2.6168625 -1.5992452 -2.734233 1.3344351 996.24 
20150702194743 -0.59256494 -6.965331 0.11133038 -2.2580633 -1.6982054 2.7763824 996.24 
20150702194743 -3.1064768 -7.5974007 -2.959832 -1.5540411 -0.8359691 1.0989466 996.24 
20150702194743 -4.7279496 -10.62427 -4.1958385 -0.95356065 1.6493362 -0.32375857 996.24 
20150702194743 -2.658761 -9.594165 -4.0186677 -0.8304713 2.4226916 -0.1600467 996.24 
20150702194743 -1.5891514 -8.296508 -2.6623523 -1.3836098 1.7571539 0.9431759 996.18 
20150702194743 -1.2479776 -7.047333 2.5923219 -1.9462167 1.2748758 0.9764681 996.18 
20150702194743 -1.417966 -5.7909756 9.3026705 -2.5033257 1.1142182 0.5357288 996.18 
20150702194743 0.23044191 -8.453926 -1.6759412 -1.8261817 0.79290307 0.37659842 996.18 
20150702194743 1.9243397 -8.480263 -4.027047 -0.63713247 1.3542882 0.6963864 996.18 
20150702194743 1.7328035 -7.4842744 -1.0079589 -1.187522 0.9440922 0.7312057 996.18 
20150702194743 1.0690111 -5.6120086 -0.87927055 -1.7556267 -1.3017539 0.65148777 996.18 
20150702194743 1.780089 -5.017648 -0.8002619 -1.1930199 -2.9330695 0.73792523 996.18 
20150702194743 2.1649568 -6.951565 1.1558008 -0.7626653 -2.4871378 0.79351395 996.18 
20150702194743 3.0376434 -9.624092 4.5741224 -0.52931476 -2.0635028 0.8594874 996.16 
20150702194743 2.8574798 -9.516354 3.1759086 -0.9263771 -1.8915442 1.248914 996.16 
20150702194743 2.747945 -10.406398 -0.08439561 -0.9773844 -1.9755383 1.2296717 996.16 
20150702194743 3.705027 -12.525267 -1.4203602 -0.6221663 -1.368949 1.0189233 996.16 
20150702194743 5.3378725 -14.05157 -0.9636662 -0.3387248 -0.7788532 0.83291477 996.16 
20150702194743 6.59004 -12.228385 3.0867245 -0.5647449 -0.29138273 0.68203104 996.16 
20150702194743 7.2628107 -11.250953 3.5482068 -0.48258355 -0.7535023 0.6808093 996.16 
20150702194743 7.8086886 -12.006922 1.8495208 0.17287487 -1.679574 0.5323691 996.16 
20150702194743 6.9611416 -12.442666 3.0250738 0.40439278 -1.2825116 0.25870144 996.16 
20150702194743 3.933075 -13.297397 1.5544355 0.45998153 -0.11209377 -0.30848694 996.27 
20150702194743 1.0839748 -14.426861 -0.28191724 1.01312 0.50488013 -1.0091494 996.27 
20150702194743 0.65780693 -16.617556 -1.1192893 1.8750509 1.0100657 -1.6123788 996.27 
20150702194743 -2.707842 -19.608511 -0.10175357 2.4798074 1.2803736 -1.751656 996.27 
20150702194743 -6.157288 -19.608511 -1.1162965 2.6218336 1.4715744 -1.8707749 996.27 
20150702194744 -7.290344 -17.760786 1.8531121 2.5127943 1.3503176 -1.575116 996.27 
20150702194744 -3.8133647 -11.152191 2.5396495 2.0201313 1.0345002 -0.6056729 996.27 
20150702194744 -0.01316811 -7.4974427 -0.6811504 2.2391264 0.2837469 -0.040927973 996.27 
20150702194744 -0.27952304 -6.0363812 -2.2709002 2.5576928 -0.57726765 -0.9584476 996.27 
20150702194744 0.58418524 -3.1070752 -1.9991584 1.9315559 -1.4132367 -1.5748106 996.24 
20150702194744 1.6005238 -1.0989386 -0.17357962 0.7113526 -2.4627032 -1.5082263 996.24 
20150702194744 1.9333179 -0.6386533 2.146402 -0.23671028 -3.0616567 -1.6142114 996.24 
20150702194744 0.08678981 -1.7076644 2.4875755 -0.32711834 -2.5405886 -1.933083 996.24 
20150702194744 -0.427365 -1.9027919 2.0159178 0.4801401 -1.7519615 -2.2235496 996.24 
20150702194744 0.3633201 -2.0649989 1.9416976 1.2867876 -0.7296785 -1.8240436 996.24 
20150702194744 1.3263878 -3.039439 1.1605892 1.6872098 0.39767328 -1.239751 996.24 
20150702194744 1.780089 -4.8309007 0.008978256 1.8564194 1.8723019 -0.9379836 996.24 
20150702194744 2.2008698 -8.08462 0.022146367 2.0332649 2.712547 -0.6914995 996.24 
20150702194744 0.7529764 -8.97287 0.9648633 1.4492778 2.7501154 -0.4605924 996.18 
20150702194744 2.1176715 -8.403648 3.056797 -0.2733622 2.1276436 0.14966199 996.18 
20150702194744 9.710283 -8.252214 10.295067 -1.8167132 1.4263704 1.3371841 996.18 
20150702194744 13.884574 -18.258183 19.608511 -2.014939 0.3115413 1.6823229 996.18 
20150702194744 8.675988 -18.381483 11.66515 0.52931476 -0.25809056 0.071776666 996.18 
20150702194744 1.4987702 -11.815386 -1.2617443 1.3729197 0.6160576 -0.8222246 996.18 
20150702194744 -2.7575219 -12.509106 -3.8145618 1.2815952 3.6389244 -1.389413 996.18 
20150702194744 -7.3831196 -19.376274 5.707178 0.35216382 -0.4156938 0.13133603 996.18 
20150702194744 1.8016368 -14.079103 -0.093373865 -0.5861252 -3.3786957 2.7757716 996.18 
20150702194744 1.2653356 -12.469601 -1.0935516 -1.344209 -3.0631838 3.5622606 996.17 
20150702194744 0.107140526 -10.332177 -3.2872388 -1.9486601 -1.7867808 1.4489723 996.17 
20150702194744 1.2395979 -9.077616 -3.3303347 -1.1047498 1.2757921 0.08277224 996.17 
20150702194744 2.360683 -8.674791 -3.7565024 -0.6044512 2.6939158 0.41416663 996.17 
20150702194744 2.7898436 -7.7488337 -3.9109285 -0.68783426 2.7217102 0.86406887 996.17 
20150702194744 1.3545196 -6.975507 -3.4356794 -1.4184291 2.896723 0.5186246 996.17 
20150702194744 -6.6750345 -5.7424927 5.639542 -2.251344 2.896723 -0.21838433 996.17 
20150702194744 -1.8608932 -7.091625 5.522825 -2.5980098 2.103209 -0.3454443 996.17 
20150702194744 0.1328782 -7.948151 2.8299465 -1.9569068 0.7247916 0.66645396 996.17 
20150702194744 0.44891283 -7.073669 1.988983 -1.8958203 -2.3417518 0.47555858 996.21 
20150702194744 -0.25677812 -4.92607 -0.1933318 -1.432479 -2.021353 0.37598756 996.21 
20150702194744 0.22146365 -4.0186677 -1.435324 -0.83291477 -1.0070114 0.6059783 996.21 
20150702194744 0.7733272 -5.3995233 -1.1713632 -1.0140363 0.022907447 0.6976081 996.21 
20150702194744 1.1671734 -8.658031 0.05805939 -1.1004738 -0.6750061 0.7449502 996.21 
20150702194744 1.7351977 -12.634801 1.3449428 -0.97066486 -1.4804319 0.8713993 996.21 
20150702194744 1.7872716 -12.4468565 3.221997 -1.0396926 -1.2800682 0.9425651 996.21 
20150702194744 4.225766 -11.168951 0.97264445 -1.1096367 -0.91324353 1.0635164 996.21 
20150702194744 6.4284315 -10.969035 -2.1021092 -0.50335294 -1.1667526 1.1090258 996.21 
20150702194744 5.7538652 -11.282676 -1.4431051 0.048563786 -0.7156286 0.782213 996.21 
20150702194744 6.0381765 -12.0967045 1.882441 -0.51893 -0.53023106 0.35796702 996.21 
20150702194744 7.0221934 -13.606847 5.9052987 -0.7244862 -1.0711522 0.3475823 996.21 
20150702194744 9.144054 -14.680646 4.188656 -0.3915646 -1.1814134 0.410196 996.21 
20150702194744 7.264008 -12.71381 0.30286652 0.6640105 -1.0913107 -3.0543262E-4 996.21 
20150702194744 3.5637693 -13.451822 2.837129 1.1264355 0.08368854 -0.895223 996.21 
20150702194744 0.5351041 -15.154099 1.5155296 1.4074335 1.3041973 -1.53205 996.21 
20150702194744 -0.57161564 -17.62671 -3.3596635 2.0888536 1.473407 -1.8854356 996.21 
20150702194744 -3.1387985 -19.608511 -6.455366 2.713769 2.0271564 -2.0567832 996.21 
20150702194744 -6.5547256 -19.608511 -1.9949685 2.2635612 2.824641 -1.8600847 996.17 
20150702194745 -7.4711065 -18.06964 8.462306 1.5928311 1.9398025 -1.4364496 996.17 
20150702194745 -3.1585505 -10.108918 0.37588966 1.5641204 0.10903945 -0.4196644 996.17 
20150702194745 -0.50757074 -7.393295 -1.7717092 3.0790663 -1.289842 0.17592919 996.17 
20150702194745 1.1737574 -5.1146135 -1.5454572 2.924212 -0.19914207 -0.3820962 996.17 
20150702194745 2.3385365 -2.818574 -2.2284033 2.2018638 -0.7476991 -0.6252206 996.17 
20150702194745 2.5833437 -1.5951369 -1.6932992 1.2647965 -1.2238685 -0.89675015 996.17 
20150702194745 2.010531 -1.2354081 -0.011971008 0.5109888 -1.5870279 -1.459968 996.17 
20150702194745 1.0073603 -1.270124 1.0223241 0.26511553 -1.8869628 -1.967597 996.17 
20150702194745 -0.19692309 -1.3808558 1.6986861 0.49571714 -1.4569136 -2.0931299 996.17 
20150702194745 -0.3573346 -1.8602947 1.3670892 1.0497719 -0.675617 -1.8606955 996.17 
20150702194745 0.39983168 -2.610877 0.7721301 1.6523905 0.5180137 -1.2721269 996.17 
20150702194745 0.7565677 -4.2981906 0.55246204 1.9208658 1.5512923 -0.795652 996.17 
20150702194745 0.82240826 -7.793725 0.2813187 1.9095647 2.1056526 -0.38637227 996.17 
20150702194745 -0.427365 -9.009979 1.982399 0.9007208 2.386956 -0.021380283 996.17 
20150702194745 5.4743423 -8.267777 7.841609 -1.38025 2.2204952 0.8436049 996.17 
20150702194745 18.131887 -10.973824 19.608511 -2.166739 1.2391402 1.6242907 996.17 
20150702194745 9.370906 -19.451094 18.72565 -0.52748215 -0.099265605 0.9407325 996.17 
20150702194745 7.589619 -14.356831 7.1987658 1.4611896 -1.4132367 -0.41050145 996.27 
20150702194745 2.1452048 -5.466561 -2.9370868 1.7959439 2.2983804 -0.94225967 996.27 
20150702194745 -4.36044 -11.079168 -3.6074634 0.9459248 2.6487117 -1.1771374 996.27 
20150702194745 -10.896012 -19.608511 12.843097 -0.38148534 -2.0024164 0.13683382 996.27 
20150702194745 6.4751186 -15.663466 -5.513248 -1.3341297 -1.4520267 2.682004 996.27 
20150702194745 1.7130513 -13.554773 -2.480393 -1.7892243 -1.9193386 3.7470474 996.27 
20150702194745 -0.19991584 -10.664372 -1.0570401 -2.9840767 -1.2012665 1.028697 996.27 
20150702194745 1.5167267 -8.628703 -1.2413936 -1.6890424 0.8170323 -0.099265605 996.27 
20150702194745 2.9107506 -8.711902 -1.5239093 -0.9285152 0.5928447 0.6600399 996.27 
20150702194745 1.6891093 -8.019379 0.50757074 -0.5635232 1.1081096 0.893085 995.99 
20150702194745 -1.2216414 -7.3442135 0.9768343 -0.9049969 1.7278323 0.6123924 995.99 
20150702194745 -1.13964 -8.242638 -2.2517467 -1.2892311 2.733622 0.2932153 995.99 
20150702194745 -1.1372458 -6.9731126 1.2240356 -1.9391917 2.4535403 0.28588495 995.99 
20150702194745 -2.629432 -6.4026937 4.028843 -2.892447 1.2434162 0.25320363 995.99 
20150702194745 -1.4586674 -6.3721676 1.7357962 -2.3258693 -0.22204952 0.3203988 995.99 
20150702194745 -1.0552444 -6.82946 -1.5143325 -1.1456778 -1.0323622 0.5006041 995.99 
20150702194745 0.14604631 -6.5505357 -3.3153708 -0.8313876 -0.9896017 0.48502702 995.99 
20150702194745 0.43754035 -5.843049 -2.5139117 -1.0409144 -1.1395692 0.6585127 995.99 
20150702194745 0.8595184 -7.0503254 -0.7661445 -1.1010846 -1.536326 0.806953 996.21 
20150702194745 1.1480197 -11.014524 4.0120835 -0.9651671 -1.7498235 0.97158116 996.21 
20150702194745 2.3223755 -12.238561 5.5162406 -0.9975429 -1.740966 1.1685852 996.21 
20150702194745 3.8187518 -10.869676 1.3192052 -0.8368854 -1.5567901 1.3197744 996.21 
20150702194745 5.181651 -11.934497 -1.3790601 -0.18051068 -1.9306396 1.1728612 996.21 
20150702194745 6.63972 -11.657368 -1.9710265 0.24984388 -0.9016371 0.9034697 996.21 
20150702194745 7.247847 -10.59135 0.7457938 0.09193522 -0.32436943 0.7458665 996.21 
20150702194745 8.439561 -11.45865 3.8899791 -0.2947425 -1.0781772 0.57879484 996.21 
20150702194745 9.519346 -12.879009 4.3777976 -0.16432275 -1.5036448 0.42332962 996.21 
20150702194745 5.856816 -11.633426 0.7697359 0.2666427 -1.1026118 0.2443461 996.17 
20150702194745 2.8323407 -11.749545 0.6721721 0.89369583 -0.5039638 -0.7012733 996.17 
20150702194745 2.7389667 -12.671911 1.8423382 1.2492194 0.6780604 -1.4450017 996.17 
20150702194745 1.2467805 -16.307507 0.4405331 1.7275269 0.9294315 -1.6798794 996.17 
20150702194745 -1.9853917 -19.608511 -2.8898015 2.4379632 1.2293663 -2.0906863 996.17 
20150702194746 -5.650316 -19.608511 -1.9632454 2.4526238 2.1838431 -2.2766948 996.17 
20150702194746 -7.781754 -19.51035 5.2444987 1.5250251 2.3561072 -1.7736472 996.17 
20150702194746 -2.6072857 -10.570999 2.5498247 1.0433578 1.2024882 -0.92271197 996.17 
20150702194746 0.95229375 -7.0102224 -0.29628247 1.7446312 0.22571471 -0.102319926 996.17 
20150702194746 1.3892355 -5.981314 -0.85772276 2.1044307 -0.070249505 -0.7819075 996.14 
20150702194746 1.6867151 -4.2503066 -2.2188265 1.7143933 -0.5381723 -1.2819008 996.14 
20150702194746 2.6629508 -2.3523033 -1.958457 1.1221595 -0.86254174 -1.4984524 996.14 
20150702194746 2.3403323 -1.4652514 -0.12389994 0.37140608 -1.4483615 -1.7009543 996.14 
20150702194746 0.6823475 -1.596334 1.3599066 -0.012217305 -1.6832392 -1.9752327 996.14 
20150702194746 -0.36032736 -1.54845 0.75118077 0.23090707 -1.244027 -1.9956968 996.14 
20150702194746 -0.7835025 -1.6118963 -0.39504328 0.84635377 -0.40500367 -1.5418239 996.14 
20150702194746 -1.1426327 -2.4366987 -0.9391256 1.2110404 0.9746355 -0.91354895 996.14 
20150702194746 -1.9578584 -4.775235 0.50996494 1.1933253 2.0247128 -0.4465425 996.14 
20150702194746 -2.698864 -7.5028296 1.1061212 1.0045679 2.3243423 -0.06811147 996.17 
20150702194746 -3.1292217 -8.471284 1.0528502 0.58459806 2.276084 0.5002986 996.17 
20150702194746 0.64703304 -9.0237465 0.7254431 -0.22510384 2.5744915 0.9104946 996.17 
20150702194746 10.863091 -10.011354 10.582372 -1.0757337 2.303573 1.0925325 996.17 
20150702194746 15.313314 -19.546263 19.608511 -1.7699821 1.07665 0.732122 996.17 
20150702194746 5.2899885 -14.839861 6.3230867 0.9975429 -1.5497651 -1.4223998 996.17 
20150702194746 4.325125 -6.845621 -5.798158 1.8035797 0.016187929 -1.1148291 996.17 
20150702194746 -0.46028528 -11.983578 -4.138976 1.4844025 4.4504585 -0.5458081 996.17 
20150702194746 -3.071761 -17.860744 -2.2212207 -0.3210097 -1.0656544 -0.026572637 996.17 
20150702194746 -6.081871 -17.49084 9.2547865 -1.50731 -5.6950965 1.5506815 996.23 
20150702194746 0.024540568 -11.436503 -0.46208093 -1.7003434 -2.436436 2.5689938 996.23 
20150702194746 -0.89064306 -9.614515 -4.39336 -0.7828238 -1.0772609 2.538145 996.23 
20150702194746 -1.4622587 -9.297284 -3.7960067 -0.63713247 1.6664404 0.5369505 996.23 
20150702194746 -0.62728083 -9.069236 -1.2246342 -1.3246613 2.2595906 -0.0076358155 996.23 
20150702194746 0.6961141 -8.162432 -2.255338 -1.5482379 1.142318 0.37201694 996.23 
20150702194746 1.1198878 -8.5299425 -3.638588 -1.3222178 0.7492262 0.81489426 996.23 
20150702194746 -0.07182605 -8.710106 -0.18734628 -1.4834863 1.4440855 0.65240407 996.23 
20150702194746 -3.4973302 -8.033744 5.5341973 -1.9184223 1.9370537 0.17715092 996.23 
20150702194746 0.52492875 -7.9834657 0.60094464 -1.527774 1.3365731 0.35430184 996.11 
20150702194746 -0.10295067 -8.301894 1.0893618 -1.0219775 0.12858713 0.86132 996.11 
20150702194746 0.842759 -7.0724716 1.1713632 -1.7931949 -1.4883732 0.4175264 996.11 
20150702194746 1.5472529 -5.837662 -2.0973208 -1.4721853 -1.5845845 0.5369505 996.11 
20150702194746 1.4431051 -5.3881507 -3.0484173 -0.82650065 -1.3811663 0.74128497 996.11 
20150702194746 1.5765818 -5.300164 -1.2006922 -0.904386 -1.2177598 0.7974846 996.11 
20150702194746 1.7782934 -8.199542 2.7072437 -1.2205088 -1.600467 0.90469146 996.11 
20150702194746 1.1953052 -11.673529 7.743447 -1.450805 -1.9868392 1.1078042 996.11 
20150702194746 1.7830818 -10.677541 4.110844 -1.5534303 -1.9007072 1.3313808 996.11 
20150702194746 4.11683 -10.245986 -0.44651863 -0.59742624 -1.2177598 1.2825116 996.14 
20150702194746 6.457162 -11.773487 -3.198055 0.0030543262 -0.42210788 1.029308 996.14 
20150702194746 8.339603 -11.801021 -0.022744916 0.19150625 -0.006414085 0.6945538 996.14 
20150702194746 8.748413 -13.827113 4.698621 -0.46517387 -0.35124752 0.5180137 996.14 
20150702194746 7.4190326 -14.979921 5.6748567 -0.7318166 -1.2925909 0.29138273 996.14 
20150702194746 3.6601357 -14.528016 0.3854665 -0.33017266 -1.0173961 0.074830994 996.14 
20150702194746 1.5693992 -14.820108 -1.6897079 0.7067711 -0.084910266 -0.9077458 996.14 
20150702194746 1.6358383 -15.105019 -0.046088383 1.2809844 1.8603901 -1.6340646 996.14 
20150702194746 -1.0366893 -17.19396 2.1529858 1.7660115 2.312125 -1.7033978 996.14 
20150702194746 -3.9199066 -18.999786 0.10175357 2.4877486 1.6850718 -1.9611828 996.2 
20150702194746 -4.461595 -17.14428 -4.2239704 3.0650163 1.5234979 -1.9715676 996.2 
20150702194747 -6.885724 -16.196177 -1.6106992 2.659402 1.4471397 -1.3909402 996.2 
20150702194747 -7.314286 -12.611458 6.395511 1.8289305 0.7266242 -0.95325524 996.2 
20150702194747 -2.4600422 -7.4711065 1.3820529 1.3799446 -0.5864306 0.0125227375 996.2 
20150702194747 -0.5410896 -5.895722 -1.4736311 2.4749205 -1.4239268 0.42180246 996.2 
20150702194747 0.5279215 -4.4184995 -1.9985598 2.6542094 -0.6743952 -0.14385876 996.2 
20150702194747 1.2276269 -2.7898436 -1.8501194 2.2131648 -0.9963212 -0.44135013 996.2 
20150702194747 1.3970166 -1.7699136 -1.2036849 1.4049901 -1.2727377 -0.7812967 996.2 
20150702194747 1.3060371 -1.7884687 -0.56323594 0.8848383 -1.2904528 -1.1136073 996.17 
20150702194747 1.448492 -2.348712 0.55605334 0.8005389 -1.1139128 -1.2583824 996.17 
20150702194747 1.377863 -3.733159 1.3156139 0.96761054 -0.9425651 -1.3387111 996.17 
20150702194747 1.1731589 -6.167464 2.2619221 1.3393221 -0.6826419 -1.3133603 996.17 
20150702194747 1.2491747 -8.004415 2.7982233 1.432479 -0.6627888 -1.0635164 996.17 
20150702194747 0.89064306 -7.145495 0.93852705 0.9279043 -0.5195409 -0.7849618 996.17 
20150702194747 0.046686932 -7.560889 0.87328506 -0.23854288 0.21502456 -0.45142943 996.17 
20150702194747 1.1893197 -6.9288197 3.465607 -0.77304995 1.8154916 0.15424347 996.17 
20150702194747 13.224373 -7.379528 16.572065 -1.1554517 1.6594155 1.0836749 996.17 
20150702194747 12.374432 -18.746 19.556438 -1.6358972 0.66431594 1.4352279 996.21 
20150702194747 8.788516 -15.807716 13.066356 0.2996294 -0.14782938 0.14905111 996.21 
20150702194747 4.7506948 -8.003218 -1.8136078 1.8466456 -0.47128254 -0.93828905 996.21 
20150702194747 -0.8583213 -8.384495 -4.2658687 1.7901406 1.8038851 -1.2651019 996.21 
20150702194747 -4.1335893 -15.685014 -1.3102269 0.5852089 1.2348641 -1.1459832 996.21 
20150702194747 -6.591237 -19.550453 8.137892 -0.85062987 -2.1746802 0.48472157 996.21 
20150702194747 2.3959973 -11.206061 -1.0378864 -1.0509937 -1.2403619 2.529593 996.21 
20150702194747 0.3549404 -9.284714 -2.7281928 -1.2162327 -1.7421877 2.4929411 996.21 
20150702194747 -1.0791864 -10.694899 -3.7367504 -1.4657712 -0.06719518 0.17837265 996.21 
20150702194747 0.51954174 -10.783484 -3.9917328 -0.7993172 2.0366247 -0.21960606 996.18 
20150702194747 1.0576386 -10.721235 -4.2179847 -0.5867361 1.6688838 0.40561453 996.18 
20150702194747 -0.108936176 -10.513538 -3.643975 -0.97005403 1.3582588 0.4914411 996.18 
20150702194747 -4.414908 -8.574235 9.021951 -1.7626517 1.4074335 -0.020158553 996.18 
20150702194747 -4.398747 -7.7787614 5.679645 -2.259896 1.2177598 -0.093462385 996.18 
20150702194747 -0.088585466 -8.029554 -4.31914 -1.0473285 1.0403035 0.50946164 996.18 
20150702194747 0.20649989 -8.479065 -2.248754 -0.8573494 1.6352862 0.7122689 996.18 
20150702194747 0.64823014 -6.8785415 2.8455088 -2.1181753 0.63255095 0.29779682 996.18 
20150702194747 1.6897079 -6.1195793 0.83617496 -1.7256943 -1.9761491 0.52534413 996.18 
20150702194747 2.0326772 -6.9587474 -1.365892 -0.7501425 -2.837469 0.623388 996.18 
20150702194747 1.9865888 -7.976283 -1.5855601 -0.52748215 -2.3716843 0.69058317 996.18 
20150702194747 1.7884687 -8.327033 -0.28491 -0.9254609 -1.924531 0.8035932 996.18 
20150702194747 1.4688427 -8.986636 2.9724014 -1.0797043 -1.7030923 0.8552113 996.18 
20150702194747 2.4851813 -9.220071 5.0104656 -0.9978484 -1.704314 1.0461067 996.18 
20150702194747 4.267066 -9.225458 4.219182 -0.711658 -2.0131063 1.303281 996.18 
20150702194747 5.146935 -9.901819 0.1448492 -0.47219884 -2.4517076 1.1881329 996.18 
20150702194747 6.265626 -9.917382 -2.2164323 -0.20311269 -1.4178182 0.9306532 996.18 
20150702194747 5.592855 -10.072407 -2.6503813 0.0571159 -0.2724459 0.74097955 996.18 
20150702194747 7.000047 -10.21546 -1.388637 -0.06688975 0.13683382 0.50793445 996.22 
20150702194747 5.993884 -11.741165 3.5984852 -0.31123585 0.049785517 0.42088616 996.22 
20150702194747 3.9588125 -14.114418 6.683414 -0.5534439 -0.13133603 0.34788775 996.22 
20150702194747 3.6942532 -13.382989 1.9931729 0.0012217305 -0.9798279 3.0543262E-4 996.22 
20150702194747 3.29502 -14.282012 -0.47884035 0.999681 -0.7816021 -0.7623598 996.22 
20150702194747 2.0739772 -15.811308 -1.1025299 1.4795157 1.3817772 -1.2434162 996.22 
20150702194747 -0.27473465 -14.6172 0.61890113 2.1923954 2.4288 -1.1667526 996.22 
20150702194748 -1.7340006 -14.061745 -0.64823014 2.814867 2.4168882 -1.047023 996.22 
20150702194748 -5.197812 -14.824298 -1.0941502 3.0921998 1.1346822 -1.389413 996.22 
20150702194748 -6.95755 -14.115615 1.3275849 2.7543914 -0.22235495 -1.4636332 996.21 
