20150702193700 16.732477 5.2008047 -13.583504 0.2687807 0.3051272 -0.5271767 996.36 
20150702193700 17.599777 4.083311 -8.570643 0.17256944 0.15088372 -0.5516113 996.34 
20150702193700 13.274053 -0.7044938 -9.505579 0.32834008 -0.38087448 -0.7623598 996.34 
20150702193700 11.199477 -2.2062569 -7.679402 0.06414085 -0.6737844 -1.0192287 996.34 
20150702193700 10.590752 -0.5033809 -6.3542113 0.054367006 0.15241088 -0.88208944 996.34 
20150702193700 8.980052 1.4449008 -5.920861 0.35063666 0.7666359 -0.42210788 996.34 
20150702193700 8.1756 2.944868 -4.9146976 0.49357912 0.91629785 -0.027794369 996.34 
20150702193701 7.5932107 3.1986535 -3.5637693 0.58093286 0.84207773 0.41080686 996.34 
20150702193701 5.9005103 2.2762873 -2.8987796 0.50946164 0.5225952 0.6719518 996.34 
20150702193701 4.0940847 0.8146271 -2.7641058 0.31581733 0.064751714 0.8539896 996.34 
20150702193701 2.9095535 0.15263036 -2.433706 -0.010995574 -0.13836098 0.95264435 996.35 
20150702193701 2.5941176 -0.033518825 -1.9093759 -0.2003638 -0.14782938 0.9334021 996.35 
20150702193701 2.3451207 -0.43394905 -1.8770541 -0.39584067 -0.10415252 0.7974846 996.35 
20150702193701 3.1854854 -0.7823054 -1.8555063 -0.56077427 0.08155051 0.52687126 996.35 
20150702193701 4.917092 -1.6938977 -1.2683283 -0.6747007 0.23335053 0.20799962 996.35 
20150702193701 6.317101 -2.5528176 -0.7134721 -0.7275405 0.2593123 -0.095294975 996.35 
20150702193701 7.4711065 -2.5983074 -0.91458505 -0.6618725 0.18570304 -0.27305678 996.35 
20150702193701 8.395268 -1.4945804 -1.2354081 -0.5045747 0.24098633 -0.33292156 996.35 
20150702193701 9.272144 0.480636 -1.2162545 -0.42271876 0.44898596 -0.21991149 996.35 
20150702193701 10.988788 2.142212 0.7930793 -0.48075095 0.63438356 -0.09773844 996.32 
20150702193701 12.616246 2.5761611 1.638831 -0.5018258 0.64721173 -0.04062254 996.32 
20150702193701 12.918514 -0.9588778 2.1284454 -0.53023106 0.3622431 0.03573562 996.32 
20150702193701 15.08347 -3.4368765 1.99437 -0.5183192 0.17134771 0.070554934 996.32 
20150702193701 15.55453 -3.425504 -1.5676036 -0.40317106 -0.09285152 0.22632557 996.32 
20150702193701 16.533758 -3.1118636 -7.889493 -0.31245756 -0.3817908 0.44043383 996.32 
20150702193701 17.446548 -2.2373815 -9.303867 -0.015577064 -0.5345071 0.56688297 996.32 
20150702193701 16.597204 1.2779051 -8.692149 0.3811799 -0.81245077 0.63621616 996.32 
20150702193701 13.81215 4.9176903 -8.618527 0.6899723 -1.0155635 0.72234815 996.32 
20150702193701 13.964181 4.88058 -7.0515227 0.5314528 -0.6038403 0.73853606 996.33 
20150702193701 12.964004 2.191293 -5.866991 0.34208453 -0.07422013 0.44959682 996.33 
20150702193701 10.751761 -1.0935516 -4.280234 -0.038179077 0.41141775 0.116980694 996.33 
20150702193701 9.019556 -3.198055 -3.3836055 -0.092240654 0.57971114 -0.10415252 996.33 
20150702193701 7.6829934 -2.8299465 -1.9794062 0.07452556 0.61727935 -0.269697 996.33 
20150702193701 6.041768 -1.2192472 -1.2910733 0.35185838 0.4605924 -0.42760566 996.33 
20150702193701 3.9097314 0.24301147 -1.1725603 0.6133087 0.07849618 -0.61483586 996.33 
20150702193701 1.8968062 0.5267244 -1.3916297 0.874759 -0.20952678 -0.6963864 996.33 
20150702193701 0.54168814 0.18974048 -1.6645688 1.0290025 -0.3481932 -0.6918049 996.33 
20150702193701 1.1953052 0.4225766 -1.5861586 1.1682798 -0.24495697 -0.57451874 996.31 
20150702193701 3.2106245 1.4227544 -1.6424223 1.2342533 -0.0076358155 -0.2843578 996.31 
20150702193701 4.9853263 2.1619642 -1.9327193 1.2412782 0.01160644 0.041233405 996.31 
20150702193701 6.282984 2.3732524 -1.6142905 1.1728612 -0.14110987 0.2761111 996.31 
20150702193701 7.751228 2.4774003 -0.15442601 1.0604621 -0.10873401 0.38637227 996.31 
20150702193701 10.079589 2.3241713 0.22146365 0.870483 0.01985312 0.40591997 996.31 
20150702193701 12.751518 0.7290344 2.534861 0.6542367 0.15057829 0.28955013 996.31 
20150702193701 13.178285 -1.8860323 1.5436616 0.6038403 0.226631 0.13927728 996.31 
20150702193701 16.011225 -2.3702598 2.2505496 0.73639804 0.043066 0.056199603 996.31 
20150702193701 17.010803 -1.6214731 1.2024878 0.6249151 0.05375614 0.0027488936 996.37 
20150702193701 14.923059 1.1085154 -6.821679 0.45875978 -0.12522738 -0.43066 996.37 
20150702193701 15.386936 4.6022544 -12.650962 0.4804455 -0.09560041 -0.8381071 996.37 
20150702193701 19.188929 5.686229 -9.673173 0.24465153 0.09987647 -0.8344419 996.37 
20150702193701 14.881161 -0.6356605 -6.8007298 0.4279111 0.004581489 -0.9599747 996.37 
20150702193701 11.355699 -4.313154 -8.747814 0.17104226 -0.26236662 -1.2226468 996.37 
20150702193701 12.690466 -3.5727475 -5.45459 -0.03145956 0.090713486 -1.2928963 996.37 
20150702193701 12.1523695 1.0953473 -5.708974 0.08155051 0.73884153 -0.8436049 996.37 
20150702193701 11.028292 4.0013094 -4.56275 0.40958515 0.84849185 -0.19058995 996.37 
20150702193701 9.630676 3.9935284 -3.5823243 0.48380527 0.78038037 0.269697 996.39 
20150702193701 7.20535 2.8431146 -2.5863364 0.35643986 0.4746423 0.45265114 996.39 
20150702193701 4.654927 1.8770541 -2.2457612 -0.034513887 0.25320363 0.57604593 996.39 
20150702193702 2.3798366 0.58777654 -2.0272903 -0.46914452 0.05375614 0.6224717 996.39 
20150702193702 1.2485762 -0.45070848 -2.2415714 -0.8023715 -0.055283304 0.5879578 996.39 
20150702193702 0.41718966 -2.3690627 -2.0973208 -0.86498517 -0.13316862 0.5476407 996.39 
20150702193702 0.9840169 -4.4340615 -1.3545196 -0.816116 0.01985312 0.41996986 996.39 
20150702193702 2.9041667 -4.4304705 -0.92535895 -0.6835582 0.023823744 0.21074851 996.39 
20150702193702 5.2941785 -2.4025815 -0.3238158 -0.43066 -0.03359759 0.051618114 996.39 
20150702193702 7.2843585 -0.40581718 -0.7930793 -0.1853976 -0.12675454 -0.07391469 996.32 
20150702193702 9.494805 1.2551602 -0.32920274 -0.043982297 -0.23273966 -0.11362094 996.32 
20150702193702 11.765706 2.4528596 0.31543607 -0.027488936 -0.15668693 -0.102319926 996.32 
20150702193702 12.524069 2.15538 0.0023942017 -0.11178834 -0.12308934 -0.067500606 996.32 
20150702193702 12.998121 0.6931214 0.6811504 -0.30848694 -0.004276057 -0.013439035 996.32 
20150702193702 13.257294 -0.7433996 1.5933412 -0.5448918 0.06841691 0.08827003 996.32 
20150702193702 14.529213 -2.653374 3.0280666 -0.65576386 0.048258353 0.15332718 996.32 
20150702193702 14.620193 -3.3273418 0.7152678 -0.689056 -0.006414085 0.16890424 996.32 
20150702193702 14.035409 -2.5540147 -6.9425864 -0.7113526 -0.19211712 0.21319197 996.32 
20150702193702 15.544953 -2.3110032 -10.900202 -0.50671273 -0.28893927 0.39064834 996.35 
20150702193702 15.895703 -1.501763 -9.56304 0.07788532 -0.45540005 0.5488624 996.35 
20150702193702 15.486295 1.9985598 -7.621941 0.6554584 -0.98440933 0.72082096 996.35 
20150702193702 13.997102 3.7762547 -8.063671 0.84971356 -0.93767816 1.0259482 996.35 
20150702193702 12.913726 2.308609 -6.517017 0.71929383 -0.70280045 1.0177015 996.35 
20150702193702 10.827777 0.24600422 -4.7016134 0.3979787 0.04550946 0.61636305 996.35 
20150702193702 8.690353 -1.311424 -3.2106245 0.2144137 0.34666604 0.20341812 996.35 
20150702193702 7.241263 -1.9734207 -2.191293 0.27305678 0.4279111 -0.13225232 996.35 
20150702193702 6.213552 -1.9141643 -1.2791022 0.3408628 0.35277468 -0.3359759 996.35 
20150702193702 4.6645036 -0.66618663 -0.5722142 0.47067168 0.10934488 -0.5849035 996.4 
20150702193702 3.5990837 0.023942016 -0.6302736 0.6563747 -0.2565634 -0.7415904 996.4 
20150702193702 2.724003 0.38486794 -0.60693014 0.8304713 -0.6087272 -0.68203104 996.4 
20150702193702 2.4019828 0.19033903 -1.3132197 0.9795224 -0.6224717 -0.47311515 996.4 
20150702193702 3.3889925 0.58777654 -1.039682 1.0815369 -0.39461896 -0.3494149 996.4 
20150702193702 5.3965306 0.8607155 -1.3156139 1.1594223 -0.12095132 -0.14263703 996.4 
20150702193702 6.915652 1.122282 -1.7591397 1.1890492 -0.12461651 0.06169739 996.4 
20150702193702 8.567651 0.9175778 -1.8082209 1.1835514 -0.16768251 0.14782938 996.4 
20150702193702 11.638813 0.8984242 -0.58897364 1.1194105 -0.022907447 0.07086037 996.4 
20150702193702 13.64276 0.6434417 0.0035913025 1.0809261 0.18020524 -0.04734206 996.4 
20150702193702 13.776835 0.7044938 0.29448682 1.1429288 0.21410827 -0.14660765 996.4 
20150702193702 14.301764 0.64583594 2.3594859 1.0421361 0.31215215 -0.17440203 996.4 
20150702193702 14.370597 0.12569559 2.6928782 0.7996226 0.52778757 -0.24709499 996.4 
20150702193702 12.58153 1.2258313 -0.9020155 0.6038403 0.58459806 -0.50915617 996.4 
20150702193702 11.532869 1.9979613 -8.367735 0.49541172 0.58001655 -0.70921457 996.4 
20150702193702 14.322713 3.1262288 -12.419323 0.19150625 0.45204028 -0.72295904 996.4 
20150702193702 17.564463 3.8947675 -7.472902 0.11789699 0.22968534 -0.61727935 996.4 
20150702193702 14.451402 -1.8794483 -8.916606 0.37568212 -0.4813618 -0.6948592 996.4 
20150702193702 13.406332 -4.361038 -7.472902 -0.080634214 -0.65301496 -0.97097033 996.38 
20150702193702 12.436681 -2.0506337 -5.7107697 -0.1563815 0.07574729 -0.98990715 996.38 
20150702193702 9.958083 2.1529858 -5.255273 0.018936822 0.48288897 -0.75136423 996.38 
20150702193702 8.516175 4.051588 -4.080917 0.1328632 0.7089091 -0.2770274 996.38 
20150702193702 7.9667063 4.661511 -3.1627405 0.16187929 0.8512407 0.1591304 996.38 
20150702193702 6.5990186 3.3560722 -2.5911248 -0.039095376 0.44135013 0.50335294 996.38 
20150702193702 4.8584337 1.0307038 -2.4522612 -0.31490102 -0.15882497 0.7089091 996.38 
20150702193702 3.5781345 -0.83018947 -2.1272483 -0.745561 -0.3848451 0.84299403 996.38 
20150702193703 2.6994624 -1.8974048 -1.6831238 -1.0586295 -0.43554693 0.75869465 996.38 
20150702193703 2.7539306 -2.0739772 -1.6304513 -1.1780536 -0.2706133 0.5626069 996.38 
20150702193703 4.0641575 -2.4534583 -1.1049241 -1.1530081 -0.11942416 0.35246924 996.38 
20150702193703 5.6281695 -2.178125 -0.7032967 -1.0852021 -0.10903945 0.18478674 996.38 
20150702193703 7.2227077 -2.0153193 -0.5153519 -0.9602802 -0.19242255 -0.065973446 996.38 
20150702193703 9.246407 -1.7866731 -0.15861586 -0.77732605 -0.23640485 -0.21166481 996.38 
20150702193703 10.435727 -1.027711 0.39743748 -0.57451874 -0.16890424 -0.21899518 996.38 
20150702193703 10.6877165 0.06284779 0.623091 -0.45204028 -0.054367006 -0.18203785 996.38 
20150702193703 11.040262 0.7846996 1.7088615 -0.42394048 0.17928895 -0.13775012 996.38 
20150702193703 11.376648 -0.050278235 1.8860323 -0.41233405 0.36651915 -0.05009095 996.38 
20150702193703 12.461222 -2.0524294 1.95307 -0.3659083 0.41874814 0.052534413 996.33 
20150702193703 14.451402 -1.3850456 2.724003 -0.2773328 0.37873647 0.10934488 996.33 
20150702193703 13.992313 0.089184016 -2.119467 -0.25167647 0.06383542 0.33658674 996.33 
20150702193703 12.389396 0.9115923 -10.582372 -0.2764165 -0.29871312 0.5693264 996.33 
20150702193703 12.774263 -1.2862848 -10.75655 -0.08002335 -0.35094208 0.6270532 996.33 
20150702193703 14.270639 -0.17118542 -6.269217 0.36468655 -0.41233405 0.6059783 996.33 
20150702193703 16.050728 3.264494 -7.244256 0.47678033 -0.92179567 0.7858781 996.33 
20150702193703 17.21371 4.175488 -6.1764417 0.36193767 -0.6545421 0.9486737 996.33 
20150702193703 14.935629 2.1493945 -5.1223946 0.24098633 -0.11484267 0.788627 996.33 
20150702193703 11.182119 -1.411382 -4.3580456 0.06047566 0.11178834 0.40103304 996.33 
20150702193703 8.360553 -2.9125464 -3.5045128 0.05589417 0.5510005 0.025045475 996.33 
20150702193703 5.939416 -3.2273839 -1.9476831 0.22449298 0.8772025 -0.3203988 996.33 
20150702193703 4.2634745 -1.9967642 -1.4694413 0.3903429 0.7318166 -0.6753115 996.33 
20150702193703 3.3925838 -0.044292733 -1.4407109 0.60139686 0.2519819 -0.79504114 996.33 
20150702193703 2.5061307 1.1941081 -1.7322049 0.88025683 -0.12156218 -0.75228053 996.33 
20150702193703 2.35769 1.6412252 -1.9877859 1.0201449 -0.42088616 -0.57543504 996.33 
20150702193703 3.503914 2.0362685 -1.3239936 1.0506883 -0.41691554 -0.38728857 996.33 
20150702193703 5.1624975 1.7615339 -0.81522566 1.010982 -0.28038713 -0.19517145 996.33 
20150702193703 6.6385226 1.3718776 -1.0324994 0.9682214 -0.33017266 -0.04428773 996.35 
20150702193703 8.089409 1.2665327 -0.7613561 0.9007208 -0.398895 0.11728613 996.35 
20150702193703 9.426571 0.6422446 -0.16280572 0.8213083 -0.301462 0.2452624 996.35 
20150702193703 10.740988 0.07062895 0.34955344 0.8167268 -0.096516706 0.24190263 996.35 
20150702193703 11.373056 -0.7332243 0.11192893 0.850019 0.11942416 0.13561209 996.35 
20150702193703 11.662156 -1.0540473 0.008379706 0.84421575 0.3915646 0.015271631 996.35 
20150702193703 13.299191 0.9295488 1.3814543 0.7620544 0.48808134 -0.06536258 996.35 
20150702193703 14.843452 2.9825768 2.2505496 0.63407815 0.3213151 -0.07941248 996.35 
20150702193703 14.563929 0.9235633 1.1372458 0.4709771 0.03756821 -0.2959642 996.35 
20150702193703 13.04002 1.3084313 -6.317101 0.3998113 -0.04795292 -0.6383542 996.45 
20150702193703 14.590265 3.2531216 -10.147225 0.33292156 -0.020463986 -0.7984009 996.45 
20150702193703 15.230116 3.822343 -9.377489 0.06841691 -0.005497787 -0.80878556 996.45 
20150702193703 13.652337 1.0289081 -7.460931 0.049480084 -0.29932398 -0.88178396 996.45 
20150702193703 13.237541 -2.0368671 -6.8480153 -0.32986724 -0.36896262 -1.0421361 996.45 
20150702193703 13.711593 -2.2517467 -5.5760956 -0.47708577 -0.053145275 -0.9950995 996.45 
20150702193703 11.95784 1.1486182 -4.996699 -0.28893927 0.35735616 -0.73761976 996.45 
20150702193703 10.135254 2.9137435 -4.1174283 -0.032375857 0.40561453 -0.1386664 996.45 
20150702193703 7.9607205 3.5733461 -3.3273418 0.090713486 0.52015173 0.37995818 996.45 
20150702193703 6.1237693 3.0579941 -2.6491842 0.1414153 0.38881573 0.7489208 996.35 
20150702193703 4.185065 1.1492168 -1.9859903 0.04520403 0.09132435 0.95539325 996.35 
20150702193703 3.5733461 -0.9307459 -1.3928268 -0.29901853 -0.09865474 0.95447695 996.35 
20150702193704 3.496133 -1.678934 -1.1498153 -0.61544675 -0.24495697 0.788627 996.35 
20150702193704 3.8588545 -1.7561469 -0.9187749 -0.75411314 -0.41325033 0.56077427 996.35 
20150702193704 4.702811 -1.4263457 -0.7104794 -0.78038037 -0.44990227 0.33475417 996.35 
20150702193704 5.993285 -1.2078748 -0.30166942 -0.73639804 -0.36285394 0.13133603 996.35 
20150702193704 7.2191167 -1.578976 -0.0077811554 -0.6224717 -0.30940324 -0.009468411 996.35 
20150702193704 7.8188643 -1.8136078 -0.2208651 -0.49754974 -0.2406809 -0.1826487 996.35 
20150702193704 8.505402 -1.8363527 -0.29269117 -0.36651915 -0.07269296 -0.24190263 996.4 
20150702193704 9.116522 -1.0247183 -0.17776948 -0.26328292 0.1994475 -0.17379116 996.4 
20150702193704 9.993997 0.32441434 1.3227965 -0.2003638 0.43982297 -0.051923547 996.4 
20150702193704 10.205883 0.6356605 1.5861586 -0.18753563 0.5174029 0.040317107 996.4 
20150702193704 12.355278 -0.7284359 2.7874494 -0.21868975 0.4841107 0.062002823 996.4 
20150702193704 15.173852 -0.18136078 3.2788591 -0.19058995 0.4071417 0.048563786 996.4 
20150702193704 15.273809 0.02633622 -3.7582982 -0.28527406 0.06963864 0.2910773 996.4 
20150702193704 17.524958 -1.1354501 -9.791686 -0.36743546 -0.23090707 0.50518554 996.4 
20150702193704 18.108545 -2.1877017 -8.909423 -0.16279559 -0.48380527 0.5342017 996.4 
20150702193704 15.163078 1.2958617 -8.126519 0.2742785 -0.9120218 0.61391956 996.39 
20150702193704 13.217789 4.818331 -5.977723 0.44837508 -0.94225967 0.86651236 996.39 
20150702193704 13.54759 4.914099 -4.5896845 0.29077184 -0.20952678 0.91232723 996.39 
20150702193704 12.408549 2.2930467 -4.220978 0.1853976 0.40530908 0.65576386 996.39 
20150702193704 10.511144 -0.99658644 -3.4715924 -0.052534413 0.63713247 0.42363504 996.39 
20150702193704 8.713697 -2.5001452 -2.3570917 -0.124005646 0.6783658 0.056505036 996.39 
20150702193704 6.9012866 -2.6312277 -1.3449428 -0.042455133 0.6930266 -0.27458394 996.39 
20150702193704 5.0374002 -1.4251486 -0.7410054 0.14905111 0.46883908 -0.5665775 996.39 
20150702193704 3.1932666 -0.48961425 -0.84814596 0.38820487 0.09101892 -0.6988298 996.39 
20150702193704 2.3983915 -0.08678981 -1.4383167 0.62949663 -0.24984388 -0.6805039 996.41 
20150702193704 2.565387 0.26515785 -1.3497312 0.8170323 -0.38056904 -0.50518554 996.41 
20150702193704 3.1292217 0.997185 -1.0049661 0.9059132 -0.35246924 -0.23579398 996.41 
20150702193704 3.9151182 1.5981296 -1.2551602 0.9578367 -0.301462 0.07086037 996.41 
20150702193704 5.2684407 2.1703439 -1.3150153 0.9456194 -0.27977628 0.23609942 996.41 
20150702193704 6.739079 1.8034325 -1.2958617 0.85062987 -0.29779682 0.27366763 996.41 
20150702193704 8.544906 1.049259 -1.0217255 0.7492262 -0.3191771 0.19272798 996.41 
20150702193704 10.183139 0.08379706 0.023942016 0.70616025 -0.321926 0.03756821 996.41 
20150702193704 12.51569 -1.1372458 0.8050503 0.7098254 -0.31490102 -0.1001819 996.41 
20150702193704 14.430452 -2.3810337 0.8355764 0.82924956 -0.14721853 -0.14966199 996.41 
20150702193704 15.513828 0.5859809 1.6879122 1.0668762 -0.07849618 -0.03848451 996.41 
20150702193704 16.543934 2.944868 3.3746274 1.0564915 -0.0729984 0.16035213 996.41 
20150702193704 13.96478 2.1859062 -1.5179238 0.84635377 0.032986723 -0.112704635 996.41 
20150702193704 13.834894 2.6862943 -8.620323 0.70402217 0.04917465 -0.59803706 996.41 
20150702193704 16.191986 4.800973 -11.519103 0.4877759 0.07391469 -0.70554936 996.41 
20150702193704 16.901268 4.048595 -6.3248825 0.19822577 -0.12736541 -0.6768387 996.41 
20150702193704 12.905944 -0.9403227 -7.630321 0.06352998 -0.58368176 -0.70096785 996.41 
20150702193704 12.290036 -3.5110967 -6.373365 -0.24281894 -0.54305923 -0.95814216 996.41 
20150702193704 12.890382 -1.9297266 -5.5030727 -0.28527406 0.14049901 -0.7883216 996.42 
20150702193704 11.264719 1.4317327 -4.8506527 -0.13041973 0.49968776 -0.40775254 996.42 
20150702193704 10.063428 2.8772318 -3.7295678 0.03023783 0.5766568 -0.06414085 996.42 
20150702193704 8.298303 2.802413 -3.0891187 0.12064589 0.625526 0.3023783 996.42 
20150702193704 5.7670336 2.1266496 -2.9131448 0.027183503 0.39278635 0.5348125 996.42 
20150702193704 4.160524 1.4562732 -2.6366146 -0.23548855 0.04734206 0.657291 996.42 
20150702193704 3.4344823 0.58777654 -2.2894554 -0.5317582 -0.116980694 0.7012733 996.42 
20150702193704 2.9221232 -0.207697 -2.023699 -0.8698721 -0.21410827 0.65148777 996.42 
20150702193705 2.8179753 -1.1468226 -1.6286557 -1.0488557 -0.2996294 0.52503866 996.42 
20150702193705 3.54282 -2.1643584 -0.90261406 -1.1184943 -0.21197024 0.37293324 996.37 
20150702193705 4.493318 -3.0322564 -0.62967503 -1.0580186 -0.106901415 0.17867808 996.37 
20150702193705 5.3354783 -3.1316159 -0.55725044 -0.97433007 -0.118507855 -0.042455133 996.37 
20150702193705 6.7318964 -2.36188 -0.46746787 -0.80664754 -0.09865474 -0.16126843 996.37 
20150702193705 8.295909 -0.87807345 -0.4890157 -0.6197228 -0.05681047 -0.2003638 996.37 
20150702193705 10.337564 0.6398504 -0.46746787 -0.45540005 -0.028710667 -0.18753563 996.37 
20150702193705 11.968016 0.8319851 0.18076223 -0.38453966 -0.03023783 -0.15668693 996.37 
20150702193705 12.644378 -0.073621705 0.44352585 -0.37598756 -0.007330383 -0.13652839 996.37 
20150702193705 13.420099 -0.9923966 1.7537527 -0.36774087 0.03176499 -0.07513642 996.37 
20150702193705 15.125369 -0.94930094 2.7688942 -0.3359759 0.12064589 0.059864793 996.43 
20150702193705 15.487493 -0.30945057 -0.55725044 -0.3472769 0.08399397 0.2687807 996.43 
20150702193705 15.613787 -0.7194576 -7.2867527 -0.2764165 -0.12095132 0.5207626 996.43 
20150702193705 14.982914 -3.256713 -10.241198 -0.12583824 -0.2574797 0.6554584 996.43 
20150702193705 15.560515 -0.2873042 -8.057686 0.27091873 -0.5448918 0.6188065 996.43 
20150702193705 14.267647 3.6349967 -7.2460513 0.537256 -0.84207773 0.75228053 996.43 
20150702193705 13.956999 5.261258 -6.2021794 0.43035457 -0.7733554 0.9266826 996.43 
20150702193705 13.445837 2.8377275 -4.691438 0.28221974 -0.28588495 0.66889745 996.43 
20150702193705 10.778097 -0.86490536 -3.8540661 0.11484267 0.32895094 0.28802297 996.43 
20150702193705 8.350976 -3.2052376 -3.4051533 0.046731193 0.5748242 6.1086525E-4 996.37 
20150702193705 7.0832458 -3.5206735 -2.1709423 0.22632557 0.7516697 -0.2724459 996.37 
20150702193705 5.659294 -1.8962077 -1.3036429 0.37568212 0.6435465 -0.5317582 996.37 
20150702193705 3.8391025 0.08319851 -1.3706805 0.6227771 0.035124753 -0.7464773 996.37 
20150702193705 2.790442 1.1432313 -1.578976 0.82253003 -0.441961 -0.7770206 996.37 
20150702193705 2.5091233 1.252766 -1.5520413 1.0198395 -0.57726765 -0.6918049 996.37 
20150702193705 3.1842883 1.5795746 -1.1911154 1.0955868 -0.4886922 -0.49205196 996.37 
20150702193705 4.2425256 1.839944 -1.3120226 1.1032226 -0.29229903 -0.17898351 996.37 
20150702193705 5.492897 1.9249382 -1.5448587 1.0564915 -0.21288654 0.09621128 996.37 
20150702193705 6.944382 1.3305776 -1.1168951 1.0005972 -0.17287487 0.23457226 996.36 
20150702193705 8.479065 0.61650693 -0.694917 0.8943067 -0.12064589 0.26908615 996.36 
20150702193705 10.336966 0.2873042 0.073621705 0.84482664 -0.098043874 0.19914207 996.36 
20150702193705 12.570756 -0.50397944 0.60333884 0.795652 0.0018325958 0.06780604 996.36 
20150702193705 12.661138 -1.1773487 -0.10235212 0.7623598 0.16340645 -0.049785517 996.36 
20150702193705 14.039598 0.86490536 1.7046716 0.79626286 0.22540927 -0.080634214 996.36 
20150702193705 15.755643 2.4474726 2.6749218 0.7443393 0.18784106 -0.017104227 996.36 
20150702193705 14.681844 0.3321955 -0.59735334 0.6585127 0.14874569 -0.16707164 996.36 
20150702193705 14.374188 1.0354922 -8.994417 0.643852 0.20280726 -0.5311473 996.36 
20150702193705 16.071678 4.2999864 -13.635577 0.48747048 0.20066923 -0.6401868 996.35 
20150702193705 16.959328 4.519056 -7.08145 0.25289822 0.1414153 -0.68294734 996.35 
20150702193705 13.837887 -0.39564183 -7.2568254 0.13255776 -0.46089783 -0.81214535 996.35 
20150702193705 12.246342 -3.7361517 -6.577471 -0.15424347 -0.5497787 -1.10139 996.35 
20150702193705 12.045229 -2.119467 -4.8482585 -0.21135938 -0.01038471 -0.8689558 996.35 
20150702193705 10.225636 0.96785605 -4.8189297 -0.11148291 0.59956425 -0.4147775 996.35 
20150702193705 8.663419 2.4504654 -3.6194344 0.014660766 0.7458665 0.090713486 996.35 
20150702193705 6.9318123 2.645593 -2.8652608 0.1554652 0.75228053 0.37659842 996.35 
20150702193705 4.892551 2.4187422 -2.7252002 0.12339478 0.49296826 0.6123924 996.35 
20150702193705 4.1515455 1.4562732 -2.6013002 -0.12186762 0.067500606 0.77396625 996.36 
20150702193705 3.7966053 0.25737667 -2.0284874 -0.49510628 -0.19608775 0.8228355 996.36 
20150702193705 3.5954924 -0.415394 -1.7860745 -0.7302894 -0.37232238 0.69058317 996.36 
20150702193705 3.7421372 -1.3838485 -1.1875241 -0.93584555 -0.38056904 0.5305365 996.36 
20150702193706 4.549582 -2.3948002 -0.587178 -1.0622946 -0.19456059 0.25961772 996.36 
20150702193706 5.5419784 -3.1471782 -0.19931729 -1.0280862 0.013744468 0.0030543262 996.36 
20150702193706 6.2746043 -2.9670146 -0.19991584 -0.86101454 0.07849618 -0.21594086 996.36 
20150702193706 7.1766195 -2.2134395 -0.40043023 -0.7067711 0.087964594 -0.32345316 996.36 
20150702193706 8.316858 -1.1683705 -0.026934769 -0.49877146 0.17256944 -0.30757064 996.36 
20150702193706 9.8754835 0.10594343 -0.4830302 -0.3576616 0.25045475 -0.27000242 996.35 
20150702193706 12.056602 1.5813702 0.760159 -0.28221974 0.28099802 -0.25992316 996.35 
20150702193706 12.533048 0.6817489 1.0684125 -0.31215215 0.2284636 -0.21930063 996.35 
20150702193706 13.612832 -1.1851299 2.0386627 -0.3222314 -0.042760566 -0.13408493 996.35 
20150702193706 14.841058 -1.7866731 1.894412 -0.26145032 -0.025045475 0.021380283 996.35 
20150702193706 15.033193 -1.039682 -2.0817583 -0.2507602 -0.076358154 0.38545597 996.35 
20150702193706 15.996859 -1.1450269 -6.7103486 -0.16187929 -0.17867808 0.6936375 996.35 
20150702193706 15.987881 -2.9257145 -7.948151 0.08674286 -0.29077184 0.806953 996.35 
20150702193706 15.398907 0.32202014 -7.695563 0.40317106 -0.59589905 0.75900006 996.35 
20150702193706 13.494918 3.6284127 -7.3244615 0.63194007 -0.6093381 0.8371908 996.33 
20150702193706 13.879786 3.9576154 -5.1762643 0.45112398 -0.49510628 0.8020661 996.33 
20150702193706 13.18008 1.8608932 -4.4681787 0.30757064 -0.13775012 0.46792278 996.33 
20150702193706 10.819398 -0.95349085 -3.5835214 0.13041973 0.31978795 0.22266038 996.33 
20150702193706 9.0315275 -2.7030537 -2.895787 0.0729984 0.58246 -0.026572637 996.33 
20150702193706 8.153454 -2.4594438 -1.7405846 0.20005837 0.7486154 -0.1957823 996.33 
20150702193706 6.2805896 -1.3150153 -1.0666169 0.39187005 0.6395759 -0.41630468 996.33 
20150702193706 4.171298 -0.25198972 -1.0426749 0.63132924 0.18387043 -0.6188065 996.33 
20150702193706 2.9628246 0.21068975 -1.4532804 0.84482664 -0.14202617 -0.7125743 996.33 
20150702193706 2.5558102 0.43514615 -1.4598645 0.95569867 -0.22937989 -0.6817256 996.37 
20150702193706 2.7647045 1.0827777 -1.1162965 1.0509937 -0.1685988 -0.5314528 996.37 
20150702193706 3.8265328 1.6998832 -0.90141696 1.0751228 -0.122478485 -0.25809056 996.37 
20150702193706 4.976947 1.8543092 -0.9696517 1.0094548 -0.1301143 -0.010995574 996.37 
20150702193706 6.411672 1.578976 -1.049259 0.947452 -0.1704314 0.12370021 996.37 
20150702193706 8.056489 0.9343372 -0.7870938 0.8518516 -0.16340645 0.16523905 996.37 
20150702193706 9.850345 0.48482585 0.0700304 0.75533485 -0.10995574 0.12583824 996.37 
20150702193706 12.159552 -0.14065935 1.3281834 0.6771441 -0.07788532 0.037873644 996.37 
20150702193706 12.555194 -1.8291701 0.5117606 0.71868294 0.024740042 -0.030848695 996.37 
20150702193706 13.599664 -0.6536171 1.2958617 0.89949906 0.1255328 -0.028405234 996.38 
20150702193706 15.314511 2.337938 2.521693 0.90194255 0.17959438 0.12156218 996.38 
20150702193706 14.743494 1.5155296 2.4115596 0.763887 0.048563786 0.032986723 996.38 
20150702193706 13.393165 1.395221 -3.9588125 0.6389651 0.031154128 -0.364992 996.38 
20150702193706 14.004284 2.657564 -10.028712 0.56169057 0.02107485 -0.6478226 996.38 
20150702193706 16.073473 4.815338 -9.408614 0.25717425 0.08552113 -0.6963864 996.38 
20150702193706 14.614806 1.38325 -6.7666125 0.2321288 -0.18661933 -0.7819075 996.38 
20150702193706 14.089877 -1.9614497 -7.7464395 -0.08155051 -0.44623706 -0.96577793 996.38 
20150702193706 15.354015 -2.2810757 -5.549161 -0.26206118 -0.19608775 -1.0170907 996.38 
20150702193706 13.200431 0.7529764 -4.9039235 -0.22021692 0.26542094 -0.66706485 996.31 
20150702193706 10.872668 2.4109612 -3.9893386 -0.0842994 0.37507126 -0.17898351 996.31 
20150702193706 8.749012 2.855684 -2.8724434 0.011911872 0.57848936 0.2910773 996.31 
20150702193706 6.172252 2.7802668 -2.5288756 0.10323623 0.5714644 0.57787853 996.31 
20150702193706 4.1096473 2.1027076 -1.9949685 -0.023518313 0.28588495 0.86559606 996.31 
20150702193706 2.8898015 0.6183026 -1.751957 -0.410196 0.09101892 0.95386606 996.31 
20150702193706 2.0799627 -0.47764325 -1.6998832 -0.7657196 -0.10720685 0.8713993 996.31 
20150702193706 1.7866731 -1.4221559 -1.4191631 -0.93615097 -0.2929099 0.67347896 996.31 
20150702193706 2.7168205 -1.9141643 -0.7930793 -1.0488557 -0.28527406 0.47861293 996.31 
20150702193707 4.4298716 -2.0560207 -0.29927522 -1.0693196 -0.20433442 0.20005837 996.37 
20150702193707 5.9531827 -2.4791958 -0.23403321 -1.0161743 -0.20097467 -0.06719518 996.37 
20150702193707 6.8522053 -2.5893292 -0.48362875 -0.8903361 -0.22999077 -0.2669481 996.37 
20150702193707 8.676587 -1.9548657 -0.13826515 -0.79504114 -0.17104226 -0.35827246 996.37 
20150702193707 10.689512 -0.84575176 -0.008978256 -0.7049385 -0.0888809 -0.33505958 996.37 
20150702193707 11.900379 0.48003745 0.6835446 -0.6649268 -0.048258353 -0.28038713 996.37 
20150702193707 12.4552355 0.789488 1.1270704 -0.55955255 0.06872234 -0.3200934 996.37 
20150702193707 12.6778965 -1.3192052 2.7012582 -0.4728097 0.15668693 -0.23854288 996.37 
20150702193707 13.891158 -3.1812954 3.6272156 -0.36254853 0.092240654 -0.014966198 996.37 
20150702193707 15.122975 -2.3265655 2.2397757 -0.2275473 0.022602014 0.2574797 996.35 
20150702193707 14.557344 0.52971715 -4.446631 -0.09132435 -0.14508049 0.71959925 996.35 
20150702193707 13.677476 -1.2126632 -10.5045595 0.027488936 -0.36987892 0.91599244 996.35 
20150702193707 14.474745 -0.30047232 -8.286931 0.3491095 -0.45570546 0.7901542 996.35 
20150702193707 13.984532 2.0500352 -7.77517 0.5558874 -0.874759 0.70157874 996.35 
20150702193707 13.976751 4.7016134 -6.537368 0.46486846 -0.8894198 0.8026769 996.35 
20150702193707 14.717756 3.642778 -4.980538 0.21319197 -0.6771441 0.838718 996.35 
20150702193707 13.149554 1.2120646 -4.0737343 0.06994407 -0.23854288 0.65026605 996.35 
20150702193707 10.675147 -2.5450363 -3.3602622 -0.1142318 0.23151793 0.3735441 996.35 
20150702193707 8.946533 -3.9713821 -2.3720553 -0.06383542 0.6224717 0.011301007 996.34 
20150702193707 6.7947445 -3.6284127 -1.2354081 0.19028452 0.8045095 -0.26328292 996.34 
20150702193707 4.871602 -1.9829975 -1.1438298 0.4269948 0.57696223 -0.6203337 996.34 
20150702193707 3.228581 -0.3788824 -1.5837644 0.7877107 0.08979719 -0.8127562 996.34 
20150702193707 2.4199393 0.47465047 -2.0709844 1.0668762 -0.24556783 -0.75502944 996.34 
20150702193707 2.6581624 1.2731167 -1.9027919 1.1835514 -0.35308012 -0.5821546 996.34 
20150702193707 3.8061821 1.9919758 -1.1234791 1.2250903 -0.32589662 -0.43463063 996.34 
20150702193707 4.677073 1.733402 -1.2348095 1.181108 -0.27275133 -0.19364429 996.34 
20150702193707 5.8801594 1.103727 -1.4628572 1.1285735 -0.38545597 -0.03023783 996.34 
20150702193707 7.273585 0.24001873 -1.7046716 1.0684034 -0.36163223 0.004581489 996.34 
20150702193707 9.146449 -0.110133275 -1.3347675 1.0161743 -0.3231477 -0.038789943 996.34 
20150702193707 11.240777 0.30645782 0.2148796 0.95539325 -0.32162055 -0.0983493 996.34 
20150702193707 12.879608 0.08319851 0.87687635 0.9392053 -0.30726522 -0.16157386 996.34 
20150702193707 13.201628 -0.6955156 0.1340753 1.097114 -0.17654006 -0.19058995 996.34 
20150702193707 13.743317 1.8614918 1.186327 1.2852604 0.040927973 -0.08582657 996.34 
20150702193707 14.478336 2.556409 3.1411927 1.1716396 0.1908954 0.03145956 996.34 
20150702193707 13.05618 0.7068881 -1.1258733 0.86467975 0.24587326 -0.15332718 996.34 
20150702193707 12.676101 1.3736732 -9.524733 0.81153446 0.34880406 -0.57879484 996.34 
20150702193707 15.10442 4.7578773 -13.013683 0.63163465 0.27885997 -0.6658431 996.33 
20150702193707 17.31367 4.973954 -7.9128366 0.269697 0.041233405 -0.64843345 996.33 
20150702193707 15.046959 -1.5334862 -7.8745294 0.10934488 -0.77121735 -0.95478237 996.33 
20150702193707 14.289793 -4.643554 -7.2568254 -0.21563543 -0.97158116 -1.2049317 996.33 
20150702193707 13.639169 -2.7641058 -5.825691 -0.15210545 -0.44806966 -0.9914343 996.33 
20150702193707 11.404779 0.98581254 -5.1547165 -0.06872234 0.28771752 -0.4746423 996.33 
20150702193707 9.277532 3.0819361 -3.8420951 0.064751714 0.56046885 0.093462385 996.33 
20150702193707 6.531382 3.4225113 -2.9508536 0.18570304 0.7431176 0.52381694 996.33 
20150702193707 4.520851 3.2136173 -2.754529 0.14752395 0.62796944 0.70005155 996.33 
20150702193707 3.520075 1.875857 -2.4636335 -0.16462818 0.28893927 0.8509353 996.34 
20150702193707 3.05141 0.2861071 -2.0009542 -0.627664 -0.062002823 0.8622363 996.34 
20150702193707 3.0801406 -0.8750807 -2.0608091 -0.97494096 -0.344528 0.7098254 996.34 
20150702193707 3.1800983 -1.9231426 -1.6017209 -1.1484267 -0.39858958 0.50426924 996.34 
20150702193707 4.095282 -2.52289 -0.83737206 -1.2568552 -0.27947086 0.3100141 996.34 
20150702193708 5.2720323 -2.9658175 -0.38307226 -1.217149 -0.14385876 0.06047566 996.34 
20150702193708 6.4302273 -3.0005333 -0.350152 -1.0439687 -0.02321288 -0.17562376 996.34 
20150702193708 7.5447283 -2.1535845 -0.83976626 -0.82344633 0.04184427 -0.33658674 996.34 
20150702193708 8.789713 -0.6877344 -0.52612585 -0.66859204 0.1255328 -0.34025195 996.34 
20150702193708 10.557831 0.18076223 -0.2112883 -0.5290093 0.23304509 -0.27885997 996.35 
20150702193708 12.401366 0.45250413 1.3186066 -0.45814893 0.33505958 -0.26297748 996.35 
20150702193708 12.687473 0.05207389 1.769315 -0.40530908 0.2874121 -0.21533 996.35 
20150702193708 13.170504 -1.5376761 2.19249 -0.34147367 0.10934488 -0.09590584 996.35 
20150702193708 14.91468 -1.7112557 2.396596 -0.2406809 0.14019357 0.10445796 996.35 
20150702193708 15.139136 -0.5482722 -0.6913257 -0.06872234 0.081855945 0.34972036 996.35 
20150702193708 14.713567 0.1340753 -7.6680293 6.1086525E-4 -0.14538592 0.68936145 996.35 
20150702193708 13.973758 -1.7274165 -10.10413 0.13775012 -0.20647246 0.7852673 996.35 
20150702193708 13.927072 -0.88765025 -7.855376 0.47861293 -0.25900686 0.7122689 996.35 
20150702193708 14.309545 1.9961656 -7.149685 0.6035349 -0.61300325 0.74067414 996.38 
20150702193708 14.9308405 4.709395 -6.023213 0.548557 -0.6719518 0.83169305 996.38 
20150702193708 14.441226 2.630629 -4.8578353 0.29840767 -0.35643986 0.700357 996.38 
20150702193708 11.034876 -0.3429694 -4.2515035 0.19303341 0.1695151 0.39736784 996.38 
20150702193708 8.5473 -3.0256724 -3.4835634 0.061086524 0.5027421 0.058948494 996.38 
20150702193708 7.020398 -3.5996823 -1.8836381 0.13622294 0.8707884 -0.19394971 996.38 
20150702193708 5.3887496 -2.5881321 -0.7116765 0.26847526 0.820392 -0.5326745 996.38 
20150702193708 3.9001546 -0.46686932 -0.87328506 0.49632803 0.28771752 -0.8063421 996.38 
20150702193708 2.8137856 0.8714894 -1.3934253 0.84421575 -0.22143865 -0.8023715 996.38 
20150702193708 2.5049336 1.0540473 -2.0159178 1.1081096 -0.5131268 -0.61422503 996.34 
20150702193708 3.3327289 1.3317747 -1.8171991 1.2177598 -0.5030475 -0.44409904 996.34 
20150702193708 4.710592 2.0907366 -1.347337 1.2425 -0.3378085 -0.17806722 996.34 
20150702193708 5.9118824 2.36188 -1.3072342 1.1426234 -0.2049453 0.10781772 996.34 
20150702193708 7.1329255 1.7064673 -1.4185646 0.9954049 -0.27122417 0.22174409 996.34 
20150702193708 8.309077 1.0600328 -1.2587515 0.84604836 -0.23335053 0.21594086 996.34 
20150702193708 9.770737 0.46806642 -0.3513491 0.76052725 -0.13072516 0.16065755 996.34 
20150702193708 11.911752 -0.55964464 1.0229226 0.675617 -0.047647487 0.04550946 996.34 
20150702193708 12.904747 -1.8890251 0.42676646 0.6560693 0.070249505 -0.074830994 996.34 
20150702193708 13.509882 -0.009576807 0.7835025 0.7425067 0.1600467 -0.13652839 996.4 
20150702193708 15.953763 2.7102363 3.264494 0.6948592 0.14721853 -0.1001819 996.4 
20150702193708 14.9889 0.91817635 2.8245595 0.5519168 0.093462385 -0.17745635 996.4 
20150702193708 12.993333 0.7320272 -4.368221 0.4447099 0.11911872 -0.55955255 996.4 
20150702193708 13.594875 1.5729905 -10.722432 0.52687126 0.1994475 -0.7693848 996.4 
20150702193708 15.643714 4.9428296 -11.255142 0.26053402 0.26725355 -0.7098254 996.4 
20150702193708 15.627553 2.9712043 -6.775591 0.2507602 -0.10629055 -0.73364913 996.4 
20150702193708 14.234128 -1.7022774 -7.4136457 -0.008857546 -0.5360342 -0.88025683 996.4 
20150702193708 14.272435 -4.019266 -5.601235 -0.24831672 -0.516792 -1.0488557 996.4 
20150702193708 12.100894 -1.204882 -4.7070007 -0.22235495 0.027183503 -0.8200866 996.34 
20150702193708 9.7479925 1.5927427 -3.690662 -0.018020526 0.45937067 -0.3475823 996.34 
20150702193708 7.462128 2.866458 -2.622848 0.21991149 0.689056 0.14202617 996.34 
20150702193708 5.6946087 3.064578 -2.3355439 0.33078352 0.6722572 0.44318274 996.34 
20150702193708 3.8379054 1.899799 -2.4390929 0.29260445 0.4089743 0.72082096 996.34 
20150702193708 2.9975405 0.0035913025 -2.0368671 -0.006414085 0.086132 0.786489 996.34 
20150702193708 2.730587 -0.985214 -1.412579 -0.3921755 -0.16646078 0.70463306 996.34 
20150702193708 3.071761 -1.22224 -1.0271125 -0.6133087 -0.30390546 0.48716503 996.34 
20150702193708 3.6523547 -1.6723499 -0.7691373 -0.7122689 -0.24953845 0.30573806 996.34 
20150702193708 4.883573 -1.7848774 -0.24720132 -0.71959925 -0.13927728 0.07391469 996.38 
20150702193709 6.254852 -1.7351977 0.31004912 -0.6417139 -0.0033597588 -0.10934488 996.38 
20150702193709 7.5692687 -2.0452468 -0.23283611 -0.5510005 0.07941248 -0.20341812 996.38 
20150702193709 9.598953 -2.1362264 0.3172317 -0.43249258 0.17806722 -0.26511553 996.38 
20150702193709 11.115082 -1.5502456 1.1372458 -0.35918877 0.22204952 -0.25870144 996.38 
20150702193709 11.098921 0.14425065 0.83617496 -0.32620203 0.2049453 -0.20555615 996.38 
20150702193709 10.612299 0.9391256 0.12509704 -0.21930063 0.22052236 -0.112399206 996.38 
20150702193709 12.692861 0.05686229 1.8423382 -0.21135938 0.20769419 -0.07574729 996.38 
20150702193709 15.251663 -0.14844051 2.7880478 -0.31031954 0.06780604 0.0067195175 996.38 
20150702193709 14.915876 5.985504E-4 -1.9985598 -0.40530908 -0.29718593 0.20861048 996.37 
20150702193709 14.884752 -1.1623849 -9.306861 -0.45906523 -0.42943826 0.5448918 996.37 
20150702193709 16.525978 -3.13401 -9.038112 -0.24037547 -0.29993483 0.69027776 996.37 
20150702193709 16.069881 -0.011971008 -6.645107 0.24770586 -0.52015173 0.65270954 996.37 
20150702193709 14.721348 3.8432922 -6.861782 0.5720753 -0.84635377 0.81061816 996.37 
20150702193709 14.313136 5.398925 -5.770026 0.6044512 -0.5296202 0.981355 996.37 
20150702193709 13.1555395 3.453636 -4.5860934 0.49418998 -0.16584991 0.8381071 996.37 
20150702193709 10.780492 -0.04369418 -3.7295678 0.19975294 0.3494149 0.4783075 996.37 
20150702193709 9.12131 -2.6833014 -2.6527755 -0.035124753 0.5910121 0.051923547 996.37 
20150702193709 7.4746976 -2.8832173 -1.4215573 0.04734206 0.7318166 -0.30115658 996.32 
20150702193709 5.8466406 -1.9728222 -0.6991069 0.1554652 0.5204572 -0.5119051 996.32 
20150702193709 3.8744168 -0.29987377 -0.8511387 0.4202753 0.26328292 -0.6933321 996.32 
20150702193709 2.5803509 0.6943185 -1.5071499 0.74128497 -0.041233405 -0.69974613 996.32 
20150702193709 2.40318 1.0013748 -1.6184803 0.9300423 -0.26175576 -0.6032294 996.32 
20150702193709 3.0735564 1.6711528 -0.96426475 0.9468411 -0.3203988 -0.42424592 996.32 
20150702193709 3.9923313 1.7471687 -0.6619968 0.9202685 -0.32803464 -0.20372356 996.32 
20150702193709 5.2301335 1.1988965 -0.7793127 0.8533788 -0.38056904 0.028710667 996.32 
20150702193709 6.621165 0.90740246 -1.2030864 0.8032878 -0.36682457 0.13347405 996.32 
20150702193709 8.313267 0.45250413 -0.7158663 0.7452556 -0.2996294 0.10934488 996.37 
20150702193709 9.944317 -0.15861586 -0.11671733 0.6783658 -0.27458394 0.06719518 996.37 
20150702193709 11.346122 -0.1412579 0.2681506 0.70066243 -0.27275133 0.0067195175 996.37 
20150702193709 12.404958 -1.0408791 0.5141548 0.838718 -0.1600467 -0.03145956 996.37 
20150702193709 13.284228 -0.545878 0.5770026 1.0189233 0.05009095 -0.029321533 996.37 
20150702193709 14.809335 1.5861586 2.2535424 1.1340714 0.023518313 0.09621128 996.37 
20150702193709 14.323312 1.951873 -0.034715924 0.9599747 0.06627888 0.087659165 996.37 
20150702193709 14.417883 3.093907 -6.137536 0.8396343 0.061086524 -0.18051068 996.37 
20150702193709 17.348385 5.1223946 -11.896789 0.6597345 0.08093964 -0.46761733 996.37 
20150702193709 19.167978 4.9865236 -7.7428484 0.2910773 0.050701816 -0.6414085 996.41 
20150702193709 13.710396 -1.1713632 -7.9427643 0.074830994 -0.2883284 -1.0256428 996.41 
20150702193709 10.712257 -3.930082 -7.33344 -0.21502456 -0.5519168 -1.3631458 996.41 
20150702193709 11.429919 -1.7070658 -5.5910597 -0.086437434 0.15363261 -1.1160508 996.41 
20150702193709 10.911574 2.7515364 -5.094861 0.19272798 0.6554584 -0.5174029 996.41 
20150702193709 10.114903 4.6016555 -4.1222167 0.27366763 0.634689 0.090713486 996.41 
20150702193709 8.98903 3.887585 -3.2603042 0.20738874 0.48502702 0.43249258 996.41 
20150702193709 6.525397 2.7371712 -2.9167361 -0.061391957 0.23304509 0.5925393 996.41 
20150702193709 4.3101616 1.2677298 -2.7455509 -0.35216382 -0.09621128 0.70066243 996.41 
20150702193709 3.3931823 0.034715924 -2.2661119 -0.7874053 -0.19822577 0.77854776 996.38 
20150702193709 3.371036 -0.7410054 -2.0626047 -1.0204504 -0.18845193 0.7644979 996.38 
20150702193709 3.0573955 -1.6765398 -1.4544775 -1.0855075 -0.22540927 0.6783658 996.38 
20150702193709 3.7379475 -2.4714148 -0.66738373 -1.0897835 -0.15699236 0.44929138 996.38 
20150702193709 4.6034513 -2.837129 -0.3274071 -1.0772609 -0.07147124 0.2779437 996.38 
20150702193709 5.8705826 -2.657564 -0.2801216 -0.97494096 -0.03970624 0.0290161 996.38 
20150702193710 7.4681134 -2.047641 -0.7236475 -0.8032878 -0.09132435 -0.1563815 996.38 
20150702193710 9.165004 -0.9864111 -0.6003461 -0.61086524 -0.09285152 -0.2012801 996.38 
20150702193710 10.800842 -0.050876785 -0.44592008 -0.4801401 -0.052839845 -0.16982053 996.38 
20150702193710 12.211626 0.3321955 0.7098808 -0.39767328 0.016798794 -0.13775012 996.38 
20150702193710 12.37503 -0.5201403 1.0235212 -0.33169982 0.09896017 -0.13500121 996.38 
20150702193710 12.32116 -1.9734207 1.2551602 -0.31978795 0.12980886 -0.06566802 996.38 
20150702193710 14.284406 -1.4772224 2.3014264 -0.22815818 0.16279559 0.0143553335 996.38 
20150702193710 15.10023 0.061052144 -0.037110128 -0.17898351 0.24281894 0.23884831 996.38 
20150702193710 14.486117 1.7208325 -5.7023897 -0.15851954 -0.018020526 0.47555858 996.38 
20150702193710 13.705009 -0.7386112 -8.793902 -0.13469578 -0.14721853 0.7125743 996.38 
20150702193710 13.372813 -0.28790274 -7.5704656 0.07727446 -0.26236662 0.7626653 996.38 
20150702193710 13.707403 1.8447324 -6.7486563 0.23701571 -0.5320636 0.8304713 996.38 
20150702193710 13.297995 4.3658266 -6.311714 0.16737708 -0.54367006 0.9108001 996.38 
20150702193710 14.277822 3.2866404 -3.8391025 -0.09285152 -0.40133846 0.7840455 996.38 
20150702193710 12.728175 0.55246204 -3.193865 -0.26145032 -0.093767814 0.49602258 996.38 
20150702193710 10.777499 -2.124854 -2.9514523 -0.25350907 0.21685717 0.17104226 996.38 
20150702193710 9.091382 -2.9418752 -2.3373394 -0.0030543262 0.45478916 -0.10629055 996.38 
20150702193710 6.4164605 -2.167351 -1.5508442 0.18692477 0.4896085 -0.36987892 996.38 
20150702193710 4.020463 -0.7823054 -1.0618285 0.34391713 0.16707164 -0.5714644 996.38 
20150702193710 2.8682537 0.23882163 -1.5640123 0.6065892 -0.061086524 -0.7125743 996.38 
20150702193710 2.777274 0.47105917 -1.3545196 0.850019 -0.23945917 -0.691194 996.38 
20150702193710 3.1663318 0.3489549 -1.1378443 0.9718866 -0.22143865 -0.46639562 996.34 
20150702193710 4.03004 0.7116765 -1.0845734 1.0238101 -0.258396 -0.21655174 996.34 
20150702193710 5.33907 1.5358804 -1.0791864 1.0064005 -0.28130344 -0.07788532 996.34 
20150702193710 6.791153 1.75076 -1.1444284 0.93859446 -0.3213151 0.0106901415 996.34 
20150702193710 8.359355 1.4293385 -1.2731167 0.8426886 -0.37873647 0.03726278 996.34 
20150702193710 9.394848 0.6961141 -0.9684546 0.77732605 -0.39461896 0.018020526 996.34 
20150702193710 10.304046 0.05267244 -0.3705027 0.74220127 -0.35338554 -0.035430185 996.34 
20150702193710 11.684303 -0.90021986 -0.29209262 0.7330383 -0.21227567 -0.0983493 996.34 
20150702193710 13.020866 -1.2467805 -0.34715924 0.806953 -0.04917465 -0.15027285 996.34 
20150702193710 13.904326 1.6364368 0.79008657 0.9233228 0.022296581 -0.10445796 996.36 
20150702193710 15.168465 3.7720647 2.570774 0.874759 -0.01985312 -0.036957346 996.36 
20150702193710 14.948198 1.5370775 2.5079262 0.6805039 0.006414085 -0.22632557 996.36 
20150702193710 13.299191 0.039504327 -4.9039235 0.6435465 0.09743301 -0.48441613 996.36 
20150702193710 13.4183035 2.9460652 -10.535086 0.6239988 0.090713486 -0.6973027 996.36 
20150702193710 16.00823 4.633379 -10.103531 0.3417791 0.1872302 -0.623388 996.36 
20150702193710 15.070303 1.5753847 -7.2328835 0.2406809 -0.18509217 -0.67347896 996.36 
20150702193710 13.681665 -1.4610616 -7.4256167 -0.13836098 -0.5876524 -0.86284715 996.36 
20150702193710 13.65892 -2.5767596 -4.924873 -0.3118467 -0.4382958 -0.8717047 996.36 
20150702193710 11.447875 -0.427365 -4.800973 -0.3213151 0.12797627 -0.627664 996.34 
20150702193710 9.140464 1.4993688 -4.1198225 -0.13805555 0.54244834 -0.15332718 996.34 
20150702193710 7.433398 2.5647886 -3.4979286 0.065973446 0.81183994 0.3109304 996.34 
20150702193710 5.6347537 2.5222914 -3.0352492 0.13469578 0.7174612 0.5766568 996.34 
20150702193710 4.43885 1.5783775 -2.5635915 0.08979719 0.3032946 0.689056 996.34 
20150702193710 3.5972881 -0.013766659 -2.1936872 -0.11911872 0.00580322 0.7706065 996.34 
20150702193710 3.4075475 -1.0953473 -1.6077064 -0.36254853 -0.22174409 0.711658 996.34 
20150702193710 3.4171243 -1.3066356 -1.0815806 -0.5290093 -0.3210097 0.5308419 996.34 
20150702193710 3.6631286 -1.1336545 -0.7009025 -0.5928447 -0.2929099 0.2706133 996.34 
20150702193710 4.3520603 -1.34195 -0.28191724 -0.5907067 -0.1432479 0.049480084 996.36 
20150702193710 5.336077 -1.7914615 -0.31244332 -0.5216789 -0.026572637 -0.21868975 996.36 
20150702193711 6.6307416 -1.7681179 -0.24181437 -0.39370266 0.009468411 -0.3753767 996.36 
20150702193711 7.645883 -1.0301052 -0.95468795 -0.28771752 0.05100725 -0.41080686 996.36 
20150702193711 9.619304 0.107140526 -1.4802152 -0.21410827 0.10751228 -0.30940324 996.36 
20150702193711 12.158355 1.8968062 -0.2717419 -0.20341812 0.13988814 -0.16279559 996.36 
20150702193711 12.85387 2.4827871 -0.5398925 -0.32711834 0.084910266 0.016187929 996.36 
20150702193711 13.63019 -0.18435353 0.88525605 -0.49418998 0.0027488936 0.1740966 996.36 
20150702193711 14.878168 -2.8245595 3.775656 -0.6270532 0.0125227375 0.22204952 996.36 
20150702193711 15.114595 -4.2922053 2.9340942 -0.816116 -0.0021380284 0.29016098 996.37 
20150702193711 14.431649 -3.4685998 -5.112818 -0.74097955 -0.023823744 0.37323865 996.37 
20150702193711 15.436615 -3.7163997 -7.85358 -0.35094208 -0.11789699 0.5143485 996.37 
20150702193711 16.06629 -0.5093664 -7.2352777 0.18967366 -0.40439278 0.5207626 996.37 
20150702193711 15.497069 4.320337 -9.728839 0.6795876 -0.9309586 0.6398814 996.37 
20150702193711 15.549143 7.387908 -8.237849 0.79351395 -0.84482664 0.90408057 996.37 
20150702193711 14.4849205 4.646547 -6.127361 0.68661255 -0.40591997 0.9126327 996.37 
20150702193711 12.283452 0.55725044 -4.903325 0.28924468 0.032070424 0.6221663 996.37 
20150702193711 10.717046 -2.4552538 -3.309984 -0.1001819 0.5271767 0.18478674 996.37 
20150702193711 8.719084 -2.6581624 -2.505532 -0.14721853 0.6939429 -0.21074851 996.35 
20150702193711 6.384139 -1.751957 -1.650802 0.1414153 0.59712076 -0.5494733 996.35 
20150702193711 3.9695864 -0.66379243 -1.2300211 0.42821655 0.38545597 -0.6908886 996.35 
20150702193711 2.0721815 0.15322891 -1.6531962 0.79259765 0.2049453 -0.70554936 996.35 
20150702193711 0.7685388 0.05327099 -2.019509 1.0173961 0.008552114 -0.6444628 996.35 
20150702193711 1.5478514 0.62129533 -1.8106151 1.0662653 -0.0983493 -0.54428095 996.35 
20150702193711 2.35769 1.5173253 -1.2575544 1.0366384 -0.021685716 -0.31673363 996.35 
20150702193711 3.733159 1.8124107 -1.2970588 0.9804387 -0.11881329 -0.090713486 996.35 
20150702193711 5.4917 1.7202339 -1.4000094 0.88789266 -0.23426682 0.13133603 996.35 
20150702193711 7.2047515 1.5149311 -0.9331401 0.79809546 -0.18967366 0.24465153 996.35 
20150702193711 9.123106 1.4161704 0.04070143 0.6918049 -0.18020524 0.25595254 996.35 
20150702193711 10.770915 0.87807345 0.87448215 0.64843345 -0.116675265 0.15790866 996.35 
20150702193711 12.890382 -0.7858967 1.7501614 0.6270532 0.016493361 0.07422013 996.35 
20150702193711 14.466365 -2.8748376 1.4131776 0.70096785 0.19364429 0.027183503 996.35 
20150702193711 15.450382 -0.9576807 3.0573955 0.81306165 0.26206118 0.025961773 996.35 
20150702193711 15.276204 0.91219085 3.107674 0.79137594 0.07788532 -0.003970624 996.35 
20150702193711 14.4531975 2.3570917 0.03232172 0.78954333 -0.0021380284 -0.2611449 996.35 
20150702193711 13.856442 2.565387 -8.267179 0.850019 0.12156218 -0.44715336 996.35 
20150702193711 15.582064 5.0302176 -14.016255 0.754724 0.10720685 -0.559858 996.45 
20150702193711 17.440563 4.7255554 -7.211934 0.5039638 0.071776666 -0.5983425 996.45 
20150702193711 14.234128 -0.98820674 -7.984064 0.14355333 -0.49877146 -0.8054258 996.45 
20150702193711 13.6649065 -4.0138793 -5.506664 -0.3549127 -0.5647449 -1.248914 996.45 
20150702193711 13.353062 -2.3959973 -4.8817773 -0.4334089 0.17165314 -1.1398746 996.45 
20150702193711 11.152191 1.3108255 -4.293402 -0.19425514 0.58551437 -0.6545421 996.45 
20150702193711 9.309854 2.315193 -3.4033577 0.12370021 0.7984009 -0.017715093 996.45 
20150702193711 7.1484876 2.417545 -2.902371 0.27763826 0.80939645 0.43676865 996.45 
20150702193711 4.8997335 2.393603 -2.472612 0.24984388 0.47678033 0.7467828 996.45 
20150702193711 3.352481 1.5514427 -2.4426842 0.032375857 0.11911872 0.8863655 996.32 
20150702193711 2.2601264 0.39205053 -2.35769 -0.37110063 -0.09865474 0.91599244 996.32 
20150702193711 1.9901801 -0.31603462 -1.6849195 -0.6963864 -0.41538838 0.7012733 996.32 
20150702193711 2.4522612 -1.0127473 -0.75357497 -0.86651236 -0.54733527 0.4098906 996.32 
20150702193711 3.4219127 -1.6591818 -0.52133745 -0.93615097 -0.46120325 0.08857546 996.32 
20150702193711 4.426879 -2.0099323 -0.15083471 -0.9147707 -0.3463606 -0.09865474 996.32 
20150702193711 5.502474 -2.082357 -0.22325931 -0.8426886 -0.2843578 -0.24007004 996.32 
20150702193712 7.3537903 -1.6867151 -0.9187749 -0.70554936 -0.18509217 -0.23884831 996.32 
20150702193712 9.416994 -0.81343 -1.6496049 -0.60139686 -0.07574729 -0.17134771 996.32 
20150702193712 11.722012 1.1468226 -0.60453594 -0.6114761 -0.01985312 -0.064446285 996.35 
20150702193712 13.35785 2.4139538 0.48362875 -0.66339964 0.0720821 -0.017715093 996.35 
20150702193712 13.364434 -1.7705121 1.5532384 -0.79809546 0.18448131 -0.04795292 996.35 
20150702193712 14.919468 -3.957017 3.5895069 -0.75991637 0.12583824 -0.13041973 996.35 
20150702193712 16.18241 -3.7463272 3.3195608 -0.6035349 0.054061573 0.09773844 996.35 
20150702193712 15.391126 -1.3227965 -3.0621839 -0.41874814 -0.14935656 0.47555858 996.35 
20150702193712 14.982316 -2.220622 -7.36636 -0.16798794 -0.36651915 0.6536258 996.35 
20150702193712 15.737686 -1.2491747 -8.078036 0.23396139 -0.32406402 0.66675943 996.35 
20150702193712 14.289194 1.9500773 -10.754754 0.66859204 -0.6426302 0.56199604 996.35 
20150702193712 15.2809925 5.66109 -8.793304 0.70463306 -0.6618725 0.6264423 996.34 
20150702193712 16.341024 4.848857 -5.6485205 0.6478226 -0.50762904 0.71837753 996.34 
20150702193712 13.859435 2.4480712 -4.371214 0.5311473 -0.33841935 0.57360244 996.34 
20150702193712 9.969456 -0.57760113 -3.1256304 0.21930063 0.10170906 0.31581733 996.34 
20150702193712 6.569091 -2.5731683 -2.4552538 0.0729984 0.591623 -0.012217305 996.34 
20150702193712 4.5657425 -3.193865 -1.3503298 0.17959438 0.9120218 -0.30879238 996.34 
20150702193712 3.2788591 -2.0973208 -0.44891283 0.3921755 0.7180721 -0.5516113 996.34 
20150702193712 1.7375919 -0.61411273 -0.9127894 0.5833763 0.183565 -0.6973027 996.34 
20150702193712 1.021127 -0.1340753 -1.4101849 0.86467975 -0.20158553 -0.75136423 996.34 
20150702193712 1.5676036 0.3274071 -1.5251064 1.0519099 -0.50426924 -0.6426302 996.31 
20150702193712 2.9801826 0.96785605 -1.5460558 1.1948525 -0.5326745 -0.31612277 996.31 
20150702193712 4.9416323 1.365892 -1.2689269 1.2538009 -0.58276546 0.016798794 996.31 
20150702193712 7.2939353 1.5143325 -0.90620536 1.2186762 -0.58368176 0.19028452 996.31 
20150702193712 9.526528 1.2503718 -1.134253 1.1123856 -0.57848936 0.29168814 996.31 
20150702193712 10.940305 0.59974754 -1.2294226 1.003957 -0.47525316 0.28588495 996.31 
20150702193712 11.87524 0.094570965 -0.64583594 0.89461213 -0.27488935 0.16065755 996.31 
20150702193712 12.3834095 -0.8607155 -0.5021838 0.8332202 0.018020526 0.0015271631 996.31 
20150702193712 13.041815 -0.059855044 0.25558102 0.85062987 0.37720928 -0.07941248 996.31 
20150702193712 14.973936 2.4289176 2.40318 0.8222246 0.42577308 -0.07880162 996.35 
20150702193712 15.100829 1.6693572 2.9322984 0.6805039 0.25992316 -0.12308934 996.35 
20150702193712 12.779052 0.07062895 -0.022146367 0.5021312 0.17073683 -0.42363504 996.35 
20150702193712 10.444106 0.9768343 -9.7958765 0.441961 0.22724187 -0.7247916 996.35 
20150702193712 13.232154 5.018845 -13.727754 0.36102137 0.2782491 -0.75228053 996.35 
20150702193712 18.127699 5.33488 -7.2783732 0.21044308 0.3295618 -0.6444628 996.35 
20150702193712 16.627132 -1.4532804 -10.042479 0.20922135 -0.6591236 -0.8668178 996.35 
20150702193712 16.656462 -5.209184 -7.3388267 -0.22021692 -1.1878275 -1.2006557 996.35 
20150702193712 14.837466 -2.9173348 -5.9956794 -0.19242255 -0.37782016 -0.95447695 996.35 
20150702193712 10.848726 1.5508442 -5.569512 0.06078109 0.44226643 -0.54458636 996.36 
20150702193712 8.130111 3.7433343 -4.1216183 0.29932398 0.81581056 0.055283304 996.36 
20150702193712 5.8095303 5.056554 -3.0963013 0.4746423 1.1899655 0.43890667 996.36 
20150702193712 4.0539823 4.0599675 -2.677316 0.40500367 0.9138544 0.7067711 996.36 
20150702193712 3.1501708 0.5770026 -2.195483 0.0012217305 0.29138273 0.8762862 996.36 
20150702193712 2.8395233 -2.0171149 -1.9662381 -0.36285394 -0.09987647 0.83291477 996.36 
20150702193712 3.0238767 -2.4708161 -1.4526819 -0.66431594 -0.24556783 0.58123827 996.36 
20150702193712 3.6804867 -2.3199813 -0.85473 -0.8594874 -0.2666427 0.33353242 996.36 
20150702193712 5.161899 -2.1547816 -0.15741876 -0.890947 -0.1685988 0.07696902 996.36 
20150702193712 6.6666546 -1.9829975 -0.4249708 -0.83291477 -0.105374254 -0.10720685 996.37 
20150702193712 8.243835 -1.3437457 -0.30705637 -0.70371675 -0.08857546 -0.17592919 996.37 
20150702193712 9.401431 -0.6745663 0.31783026 -0.50671273 -0.04153884 -0.17562376 996.37 
20150702193713 9.800066 0.14305355 0.79367787 -0.36926803 -0.050701816 -0.124005646 996.37 
20150702193713 9.464878 1.2395979 0.599149 -0.27977628 9.162979E-4 0.007330383 996.37 
20150702193713 9.358934 0.46327803 1.0648212 -0.23701571 0.2919936 0.13316862 996.37 
20150702193713 10.226234 -3.3871968 1.3437457 -0.21594086 0.5335908 0.122478485 996.37 
20150702193713 11.613674 -4.6405616 1.4215573 -0.13225232 0.57848936 0.056505036 996.37 
20150702193713 14.209587 0.19273324 -0.9056068 -0.027794369 0.45234573 0.16676621 996.37 
20150702193713 15.750256 2.1158757 -6.904279 0.03756821 0.089186326 0.5555819 996.39 
20150702193713 16.971298 0.5279215 -9.51336 0.19120082 -0.61483586 0.7684685 996.39 
20150702193713 14.216769 1.982399 -9.399636 0.5314528 -0.9129381 0.8781188 996.39 
20150702193713 12.704233 2.7329812 -8.80767 0.52473325 -0.91690874 0.8866709 996.39 
20150702193713 13.245921 0.9540894 -6.154894 0.28893927 -0.39920044 0.63591075 996.39 
20150702193713 12.910732 -0.6183026 -4.782418 0.03634648 0.093767814 0.31978795 996.39 
20150702193713 11.10311 -1.3042414 -3.378817 -0.039095376 0.16310102 0.1414153 996.39 
20150702193713 9.642049 -1.7806876 -3.2321723 0.050701816 0.13927728 0.018020526 996.39 
20150702193713 8.426991 -0.9211691 -2.3361423 0.33078352 0.115453534 -0.21288654 996.39 
20150702193713 6.2542534 -0.0047884034 -1.7345991 0.47067168 0.027794369 -0.4269948 996.32 
20150702193713 3.9318779 0.6171055 -1.9285295 0.4972443 -0.2657264 -0.6591236 996.32 
20150702193713 2.5139117 0.5805939 -1.9656396 0.44043383 -0.35002577 -0.70249504 996.32 
20150702193713 2.4349031 0.5638345 -1.4508862 0.38148534 -0.23090707 -0.57879484 996.32 
20150702193713 2.9951463 1.0648212 -0.8948329 0.35705075 -0.1826487 -0.26358834 996.32 
20150702193713 3.5595794 1.5729905 -0.52253455 0.3463606 -0.16371189 0.015577064 996.32 
20150702193713 4.8578353 1.1073183 -0.7068881 0.31948254 -0.16035213 0.17715092 996.32 
20150702193713 6.670246 0.30526072 -1.0432734 0.30176744 -0.14813483 0.24648413 996.32 
20150702193713 8.640674 -0.4321534 -0.36990416 0.29352075 -0.1563815 0.24556783 996.32 
20150702193713 11.35929 -0.9576807 0.9044097 0.32467487 -0.2144137 0.17989981 996.41 
20150702193713 13.644555 -1.1749545 1.2850877 0.4361578 -0.30390546 0.04184427 996.41 
20150702193713 14.29099 -1.2150574 -0.0053869537 0.66859204 -0.2171626 -0.03359759 996.41 
20150702193713 15.038579 -1.2150574 1.6382325 0.9993755 -0.110872045 -0.037873644 996.41 
20150702193713 16.317682 1.3323733 4.2197804 1.1160508 -0.07819075 0.0015271631 996.41 
20150702193713 14.030022 2.7030537 0.077811554 1.0546589 -0.06261369 -0.08368854 996.41 
20150702193713 12.578537 3.5470097 -6.983288 0.97005403 0.03176499 -0.43401974 996.41 
20150702193713 14.379576 5.744887 -13.88218 0.7287622 0.16646078 -0.61086524 996.41 
20150702193713 18.249802 6.326678 -9.426571 0.36285394 0.19211712 -0.6560693 996.41 
20150702193713 16.154877 -1.2659341 -9.176376 0.12614368 -0.59559363 -0.7275405 996.39 
20150702193713 15.0661125 -5.78918 -8.147469 -0.39584067 -1.039998 -1.1517864 996.39 
20150702193713 14.301764 -4.693234 -5.703587 -0.36285394 -0.4578435 -1.0873401 996.39 
20150702193713 10.849923 -0.4878186 -5.294777 -0.05955936 0.4801401 -0.63713247 996.39 
20150702193713 8.644864 1.7459716 -4.2036195 0.29932398 1.0421361 -0.12095132 996.39 
20150702193713 7.5375457 3.0059202 -3.3728316 0.4728097 1.2428054 0.15699236 996.39 
20150702193713 6.0357823 2.919729 -2.920926 0.49632803 0.977079 0.4269948 996.39 
20150702193713 4.485537 1.733402 -2.7012582 0.3191771 0.419359 0.6389651 996.39 
20150702193713 3.6762967 0.6374562 -2.2882583 -0.08093964 0.026267206 0.7440339 996.39 
20150702193713 2.5953147 -0.23283611 -1.5729905 -0.4783075 -0.1469131 0.68569624 996.38 
20150702193713 1.7902644 -0.7044938 -1.1228806 -0.65209866 -0.20219639 0.54367006 996.38 
20150702193713 1.8549078 -1.4496891 -0.7823054 -0.7367035 -0.10476339 0.2657264 996.38 
20150702193713 3.1591492 -2.0697873 -0.49559975 -0.71929383 0.0870483 0.03268129 996.38 
20150702193713 4.9661727 -2.3636756 -0.2681506 -0.63529986 0.100792766 -0.09987647 996.38 
20150702193713 6.3218894 -1.8567034 -0.6925228 -0.5332854 0.005497787 -0.1881465 996.38 
20150702193713 7.8086886 -0.5883751 -0.85772276 -0.46853364 -0.040011674 -0.21685717 996.38 
20150702193713 9.861118 0.82121116 -0.6206968 -0.43371433 0.040011674 -0.18081611 996.38 
20150702193714 12.16853 1.8644845 0.40940848 -0.49754974 0.10903945 -0.12705997 996.38 
20150702193714 12.722189 0.89543146 0.6823475 -0.5946773 0.16523905 -0.089491755 996.4 
20150702193714 13.836092 -1.0372878 2.142212 -0.6389651 0.18478674 -0.034208454 996.4 
20150702193714 14.596251 -2.0733786 3.0142999 -0.6123924 0.074830994 0.05375614 996.4 
20150702193714 15.419257 -2.022502 0.9588778 -0.66859204 -0.09315695 0.2782491 996.4 
20150702193714 15.436615 -0.688333 -6.880337 -0.57879484 -0.27885997 0.48258355 996.4 
20150702193714 15.642517 -3.1675289 -10.125079 -0.39736784 -0.31856623 0.59650993 996.4 
20150702193714 15.362395 -1.3688848 -8.356362 -0.0076358155 -0.410196 0.61544675 996.4 
20150702193714 14.853029 2.758719 -8.1402855 0.23823744 -0.7058548 0.66706485 996.4 
20150702193714 14.301166 5.4246626 -6.729502 0.33658674 -0.57726765 0.83108217 996.4 
20150702193714 14.30775 3.66672 -5.4019175 0.14355333 -0.27672195 0.7724391 996.41 
20150702193714 11.753735 0.40102878 -4.3041763 -0.009162978 0.22876903 0.5458081 996.41 
20150702193714 10.156802 -3.0723593 -3.1238346 -0.23609942 0.5216789 0.19853121 996.41 
20150702193714 8.739435 -3.726575 -2.0147207 -0.16340645 0.700357 -0.093767814 996.41 
20150702193714 6.6187706 -2.7210102 -0.78888947 0.0421497 0.5699373 -0.5039638 996.41 
20150702193714 4.0803185 -0.93254155 -0.80804306 0.2837469 0.1600467 -0.81397796 996.41 
20150702193714 2.1739352 0.0053869537 -1.2006922 0.6258314 -0.16065755 -0.88208944 996.41 
20150702193714 1.3449428 0.40701428 -1.5388732 0.8713993 -0.29565877 -0.7706065 996.41 
20150702193714 1.602918 0.7493851 -1.4107834 0.98715824 -0.32620203 -0.6178902 996.41 
20150702193714 2.5330653 1.1869255 -0.8595184 1.065349 -0.2828306 -0.33353242 996.35 
20150702193714 3.9935284 1.2491747 -0.7272388 1.0726794 -0.30818152 -0.0143553335 996.35 
20150702193714 5.686229 1.1976994 -1.0761937 1.072374 -0.3915646 0.18967366 996.35 
20150702193714 7.6147585 1.13964 -1.3970166 1.0390818 -0.40775254 0.267559 996.35 
20150702193714 9.776723 0.91817635 -0.9708488 0.99021256 -0.34330627 0.24556783 996.35 
20150702193714 11.784261 0.16519992 -0.16160862 0.97524637 -0.27030787 0.09682214 996.35 
20150702193714 12.615048 -2.1188686 -0.21428105 1.0797043 -0.12308934 -0.07360926 996.35 
20150702193714 13.618219 -1.5688007 0.6434417 1.2748758 0.129198 -0.1386664 996.35 
20150702193714 15.88074 2.7138276 2.1452048 1.3292428 0.24129178 0.029626964 996.35 
20150702193714 16.531364 4.156334 3.7906199 1.2226468 0.08979719 0.040927973 996.32 
20150702193714 13.9833355 1.8471266 -0.7811083 0.88300574 0.01985312 -0.28069258 996.32 
20150702193714 12.396578 2.6024973 -11.416751 0.6750061 0.039095376 -0.7171558 996.32 
20150702193714 15.242086 5.027225 -13.781624 0.31215215 0.07788532 -0.7247916 996.32 
20150702193714 17.913418 4.285621 -7.355586 0.10995574 0.14172074 -0.5888741 996.32 
20150702193714 14.98052 -1.7633295 -8.656237 -0.09193522 -0.62949663 -0.679893 996.32 
20150702193714 14.009072 -5.175067 -6.55293 -0.46273044 -0.7473936 -1.0897835 996.32 
20150702193714 12.256517 -3.028665 -5.957971 -0.41630468 -0.1994475 -0.95417154 996.32 
20150702193714 10.08318 0.51595044 -5.031415 -0.08246681 0.52106804 -0.48838675 996.32 
20150702193714 8.641871 1.7782934 -4.3143516 0.31337386 0.7528914 0.014049901 996.34 
20150702193714 6.976105 2.896984 -3.2920272 0.5143485 0.6774496 0.30390546 996.34 
20150702193714 4.7644615 3.691859 -3.027468 0.4859433 0.43004912 0.5421429 996.34 
20150702193714 4.208408 2.8311436 -2.5570073 0.18784106 0.09040806 0.7144069 996.34 
20150702193714 3.7032316 1.2940661 -2.0213048 -0.21044308 -0.015577064 0.8668178 996.34 
20150702193714 3.1352072 0.2112883 -1.9752164 -0.59528816 -0.21930063 0.79045963 996.34 
20150702193714 2.0853498 -0.6159084 -1.922544 -0.8539896 -0.28496864 0.627664 996.34 
20150702193714 2.510919 -1.6328455 -1.4850036 -1.0910053 -0.122478485 0.3472769 996.34 
20150702193714 4.079121 -2.0566192 -1.2132617 -1.2000448 0.106901415 0.12095132 996.34 
20150702193714 6.0166287 -2.0207062 -1.0295067 -1.1893547 0.093767814 -0.021991149 996.33 
20150702193714 7.790134 -1.6106992 -1.1587936 -1.0775663 -0.077579886 -0.11362094 996.33 
20150702193714 9.570822 -1.7591397 -0.7368156 -0.958753 -0.14202617 -0.13225232 996.33 
20150702193714 11.513716 -1.1725603 -0.4854244 -0.8536842 -0.12370021 -0.14752395 996.33 
20150702193715 12.884995 0.28670564 0.89902276 -0.8008443 -0.116675265 -0.115453534 996.33 
20150702193715 12.621633 -0.24061728 0.7846996 -0.8503244 0.010079277 -0.112704635 996.33 
20150702193715 13.343485 -1.8668787 2.5312698 -0.79473567 0.17623462 -0.160963 996.33 
20150702193715 15.168465 -3.0693667 3.7582982 -0.60994893 0.34025195 -0.100792766 996.33 
20150702193715 15.280394 -1.3640964 0.9115923 -0.3481932 0.22296582 0.13041973 996.33 
20150702193715 13.614628 0.3196259 -6.429629 -0.10293079 -0.0012217305 0.47036624 996.35 
20150702193715 13.140576 -1.6089035 -10.654796 0.025045475 -0.13591751 0.65270954 996.35 
20150702193715 14.046183 -1.2072762 -7.7428484 0.42363504 -0.23579398 0.5342017 996.35 
20150702193715 14.521432 1.6980876 -8.034343 0.5849035 -0.7254025 0.40744713 996.35 
20150702193715 15.136143 4.956596 -6.8444242 0.5656612 -0.8741482 0.48166725 996.35 
20150702193715 15.374366 3.2213984 -5.1678843 0.38087448 -0.5195409 0.5009095 996.35 
20150702193715 12.612655 0.84575176 -4.210802 0.3032946 -0.076358154 0.29657507 996.35 
20150702193715 9.327211 -1.4682442 -3.2453403 0.22296582 0.32895094 0.06169739 996.35 
20150702193715 6.8067155 -2.3104045 -2.9370868 0.30695978 0.68936145 -0.15057829 996.35 
20150702193715 5.300164 -1.834557 -1.4203602 0.5403103 0.74464476 -0.42394048 996.35 
20150702193715 3.650559 -0.23523031 -1.3090298 0.689056 0.47616947 -0.6960809 996.35 
20150702193715 2.5899277 0.82001406 -2.0638018 0.83260936 -0.06566802 -0.8020661 996.35 
20150702193715 2.4492683 0.81283146 -2.4109612 0.9776898 -0.3680463 -0.70616025 996.35 
20150702193715 3.34051 0.81642276 -1.5119383 1.0009027 -0.3399465 -0.5821546 996.35 
20150702193715 4.338892 0.9624691 -0.8948329 0.9584476 -0.19639318 -0.38423425 996.35 
20150702193715 5.361216 0.9624691 -0.9475053 0.8872818 -0.17745635 -0.19822577 996.35 
20150702193715 6.9330096 0.9672575 -0.5566519 0.79168135 -0.19822577 -0.079107046 996.35 
20150702193715 8.023568 1.1097125 -0.33518824 0.7360926 -0.09407325 0.04917465 996.35 
20150702193715 8.705916 1.4036007 -0.08439561 0.73792523 -0.005497787 0.11759156 996.39 
20150702193715 9.400833 0.78769237 -0.0077811554 0.7910705 0.112704635 0.110872045 996.39 
20150702193715 10.894217 -1.3012487 -0.52492875 0.8145888 0.30726522 0.03940081 996.39 
20150702193715 13.546393 -2.0374656 -0.055066638 0.9126327 0.38240165 0.036957346 996.39 
20150702193715 16.246454 1.4377182 0.6697779 0.9859365 0.11575896 0.21655174 996.39 
20150702193715 16.967707 4.679467 1.4137762 1.0082331 -0.22388211 0.2733622 996.39 
20150702193715 15.324088 1.5059528 1.2904748 0.8304713 -0.21533 0.03145956 996.39 
20150702193715 12.644378 1.8740613 -7.873931 0.52015173 -0.06414085 -0.47311515 996.39 
20150702193715 13.79958 3.7187939 -11.28926 0.28802297 -0.040317107 -0.7330383 996.39 
20150702193715 15.929222 4.8548427 -5.939416 0.16768251 0.03604105 -0.6426302 996.42 
20150702193715 13.271659 -0.12150574 -6.7145386 0.103847094 -0.33353242 -0.7476991 996.42 
20150702193715 13.046005 -4.4687777 -6.71813 -0.21197024 -0.45937067 -1.0815369 996.42 
20150702193715 13.43207 -3.9013517 -5.945401 -0.11209377 -0.019242255 -0.9602802 996.42 
20150702193715 11.613674 1.027711 -4.809353 0.18997909 0.5510005 -0.46944994 996.42 
20150702193715 9.475053 3.2465374 -4.0037036 0.37293324 0.6786713 0.0888809 996.42 
20150702193715 7.7667904 4.132991 -3.0819361 0.5177083 0.65209866 0.3747658 996.42 
20150702193715 5.28939 3.9546227 -2.8951883 0.5702427 0.44165558 0.68539083 996.42 
20150702193715 3.3261447 2.1625626 -2.533664 0.27397305 0.06566802 0.9569204 996.42 
20150702193715 2.6629508 -0.40222588 -2.0003555 -0.20463985 -0.124311075 0.97494096 996.4 
20150702193715 2.7521348 -1.6298528 -1.5592239 -0.5109888 -0.14172074 0.7959574 996.4 
20150702193715 3.1262288 -1.8968062 -0.96546185 -0.6243043 -0.22937989 0.6072 996.4 
20150702193715 3.8133647 -1.8668787 -0.80445176 -0.68416905 -0.2312125 0.2996294 996.4 
20150702193715 4.7638626 -1.4646529 -1.0235212 -0.6065892 -0.17654006 0.076052725 996.4 
20150702193715 5.9531827 -1.0935516 -1.2264298 -0.46883908 -0.06963864 -0.087964594 996.4 
20150702193715 7.0850415 -1.4257472 -0.53450555 -0.37995818 0.0015271631 -0.20799962 996.4 
20150702193715 8.334815 -1.6621746 0.25617957 -0.32711834 0.034513887 -0.27763826 996.4 
20150702193715 9.56723 -1.0073603 -0.33039984 -0.20769419 0.018936822 -0.29046643 996.4 
20150702193716 11.445481 -0.22804771 0.350152 -0.14172074 -0.009162978 -0.17837265 996.4 
20150702193716 13.164518 -0.019153614 0.5303157 -0.16126843 -0.036957346 -0.014049901 996.4 
20150702193716 14.593857 -0.12868834 2.0428526 -0.20616703 -0.19792034 0.15760323 996.4 
20150702193716 14.893131 -0.3866636 2.0883424 -0.17867808 -0.18692477 0.23945917 996.4 
20150702193716 14.151527 -0.35075054 -2.5264814 -0.32895094 -0.13103059 0.37201694 996.4 
20150702193716 14.718355 -1.9776106 -9.138668 -0.44165558 0.02321288 0.4978552 996.4 
20150702193716 18.107946 -3.8067808 -7.575254 -0.16707164 0.10323623 0.58184916 996.4 
20150702193716 16.564285 1.287482 -9.531916 0.23273966 -0.2312125 0.6750061 996.4 
20150702193716 15.442002 6.1650696 -7.9224133 0.3371976 -0.6188065 0.81214535 996.4 
20150702193716 16.059706 6.3362546 -5.7389016 0.29443705 -0.39492437 0.8063421 996.33 
20150702193716 13.791799 2.7850552 -5.940613 0.022296581 -0.057421334 0.49571714 996.33 
20150702193716 12.02009 -0.40102878 -3.417723 -0.25167647 0.49266282 0.17195857 996.33 
20150702193716 9.88925 -2.2948422 -2.6737247 -0.38759398 0.8518516 -0.12339478 996.33 
20150702193716 7.9595237 -2.4672248 -1.8608932 -0.22602014 0.7806858 -0.32711834 996.33 
20150702193716 5.286996 -1.8501194 -1.364695 0.106595986 0.6805039 -0.54428095 996.33 
20150702193716 3.3393128 -0.79726917 -1.4395138 0.4382958 0.35430184 -0.70646566 996.33 
20150702193716 1.9255368 0.073023155 -1.602918 0.68539083 0.09682214 -0.7171558 996.33 
20150702193716 1.3030443 0.7080852 -1.7729063 0.8136725 -0.0693332 -0.5479461 996.33 
20150702193716 1.4867992 1.1013328 -1.8728642 0.8588765 -0.14844026 -0.35124752 996.33 
20150702193716 2.8137856 1.3377602 -1.1031284 0.88361657 -0.106595986 -0.11178834 996.33 
20150702193716 4.561553 1.8596961 -0.931943 0.80664754 -0.11148291 0.07360926 996.33 
20150702193716 5.9747305 1.7304093 -1.0905589 0.7287622 -0.20097467 0.18387043 996.33 
20150702193716 7.1832037 1.1210849 -0.7553706 0.6469063 -0.21930063 0.17806722 996.33 
20150702193716 8.578424 0.5398925 -0.25318682 0.6261369 -0.1685988 0.15271631 996.33 
20150702193716 10.43034 -0.31603462 0.46208093 0.655153 -0.15607607 0.15271631 996.33 
20150702193716 12.121244 -1.9841946 0.5231331 0.7098254 -0.083383106 0.17806722 996.33 
20150702193716 13.662512 -2.0608091 0.18315643 0.8927795 0.028405234 0.23090707 996.33 
20150702193716 15.5994215 1.5682021 1.780089 1.0525209 0.028405234 0.26725355 996.37 
20150702193716 15.450382 4.663306 2.5941176 1.108415 -0.08674286 0.22113322 996.37 
20150702193716 14.264055 2.7635074 2.3828292 0.95233893 -0.17623462 -0.08155051 996.37 
20150702193716 12.868236 2.520496 -5.880758 0.7309003 -0.03023783 -0.53878313 996.37 
20150702193716 15.105019 4.1240125 -10.30225 0.52839845 -0.03023783 -0.77304995 996.37 
20150702193716 17.842789 4.2796354 -7.6123643 0.2012801 0.08155051 -0.6762278 996.37 
20150702193716 15.152304 -0.91697925 -5.4701524 0.094989546 -0.31031954 -0.70402217 996.37 
20150702193716 11.556213 -4.402937 -7.201759 -0.19730948 -0.41813725 -1.0693196 996.37 
20150702193716 11.617864 -4.253299 -4.9302597 -0.15851954 -0.08399397 -1.1490375 996.37 
20150702193716 10.602123 -0.4405331 -5.0427876 0.09987647 0.71868294 -0.8200866 996.37 
20150702193716 10.110714 2.7934349 -4.373009 0.45173484 0.8539896 -0.36987892 996.37 
20150702193716 10.118495 4.4993033 -3.4859576 0.5910121 0.8390234 -0.022296581 996.37 
20150702193716 8.62152 3.8642416 -3.0388405 0.4578435 0.65270954 0.33933565 996.37 
20150702193716 6.308123 2.541445 -3.0053217 0.129198 0.2959642 0.5858198 996.37 
20150702193716 5.2540755 1.1402385 -2.7084408 -0.22724187 0.03176499 0.7648033 996.37 
20150702193716 4.733337 -0.4345476 -2.3355439 -0.589485 -0.025961773 0.763887 996.37 
20150702193716 4.699818 -1.1731589 -2.0057425 -0.7797695 -0.124005646 0.68111473 996.37 
20150702193716 4.8901567 -1.5664065 -1.4664485 -0.95569867 -0.18234327 0.50823987 996.37 
20150702193716 5.20679 -1.4909891 -1.0121487 -1.0354166 -0.12767084 0.31123585 996.35 
20150702193716 5.8143187 -1.602918 -0.6757634 -1.0317514 -0.07971791 0.13041973 996.35 
20150702193716 6.6840124 -1.673547 -0.18076223 -0.95447695 -0.08307768 -0.028710667 996.35 
20150702193716 7.8428063 -1.9494787 0.4237737 -0.8436049 -0.116980694 -0.109650314 996.35 
20150702193716 8.536526 -1.6675615 0.6266823 -0.6441574 -0.09987647 -0.15088372 996.35 
20150702193717 9.176376 -0.46746787 0.4141969 -0.46670106 -0.02687807 -0.11789699 996.35 
20150702193717 9.726444 0.9816227 0.11671733 -0.4297437 0.118507855 -0.008246681 996.35 
20150702193717 11.018116 0.6434417 0.22924481 -0.46944994 0.28771752 0.06352998 996.35 
20150702193717 12.215816 -1.714847 0.7158663 -0.45356745 0.32925636 0.038179077 996.35 
20150702193717 13.636774 -3.0346506 1.7513585 -0.36651915 0.26206118 -0.020158553 996.3 
20150702193717 14.431649 -1.858499 1.1528081 -0.2302962 0.19883664 0.01038471 996.3 
20150702193717 14.169484 -0.35254622 -3.1052797 -0.055588737 0.16890424 0.33750305 996.3 
20150702193717 14.304756 0.21428105 -4.575918 0.076358154 0.040317107 0.6600399 996.3 
20150702193717 12.96161 0.15023616 -6.0423665 0.3222314 -0.0580322 0.8344419 996.3 
20150702193717 13.359646 1.252766 -6.6079965 0.5739079 -0.19272798 0.84421575 996.3 
20150702193717 13.719375 2.695871 -5.08708 0.5323691 0.03176499 0.7049385 996.3 
20150702193717 13.541006 2.095525 -4.6351743 0.06688975 -0.019547688 0.42394048 996.3 
20150702193717 12.471995 -0.15981296 -3.7594953 0.024129177 0.015577064 0.13683382 996.3 
20150702193717 11.2605295 -1.2802993 -3.0238767 0.09132435 0.17715092 -0.01863139 996.39 
20150702193717 9.6288805 -1.3210008 -2.6803088 0.25259277 0.26297748 -0.15668693 996.39 
20150702193717 8.078036 -0.9247604 -2.1523874 0.44990227 0.3659083 -0.28160888 996.39 
20150702193717 6.5271926 -0.6356605 -2.0326772 0.6951646 0.22907446 -0.36713 996.39 
20150702193717 5.5988407 -0.06943185 -1.9548657 0.8921687 0.020463986 -0.44623706 996.39 
20150702193717 5.192425 0.60214174 -1.7471687 0.97585726 0.0015271631 -0.42424592 996.39 
20150702193717 5.1624975 0.7266402 -1.6316484 1.0580186 -0.002443461 -0.30665436 996.39 
20150702193717 5.5168395 0.65301853 -1.4030021 1.1108584 -0.071776666 -0.21166481 996.39 
