20150702194415 -1.650802 -12.501324 2.6641479 -1.1835514 0.2125811 0.40011674 996.06 
20150702194415 2.0799627 -12.698846 0.6787562 -0.799928 -0.14080444 0.68416905 996.06 
20150702194415 8.210915 -12.434286 -0.93613285 -0.29657507 -0.029932396 1.0552697 996.06 
20150702194415 8.632893 -11.988366 0.31064767 -0.12186762 -0.17104226 1.110553 996.06 
20150702194415 7.0928226 -14.527417 3.769072 -0.21655174 -0.8539896 0.7125743 996.12 
20150702194416 5.4982843 -16.3925 2.2290018 -0.43157628 -0.97402465 0.07238753 996.12 
20150702194416 1.8632874 -15.6317425 1.5161282 0.28069258 -0.7626653 -0.5500842 996.12 
20150702194416 1.0791864 -15.313912 0.45789108 0.87109387 -0.032375857 -1.0742066 996.12 
20150702194416 0.92535895 -15.176246 -0.5422867 1.6444492 0.34788775 -1.3967434 996.12 
20150702194416 -3.093907 -16.533758 1.6891093 2.384207 0.68508536 -1.525636 996.12 
20150702194416 -4.305373 -15.727511 -1.3958195 2.7433958 1.0543534 -1.6438384 996.12 
20150702194416 -4.3646297 -13.752295 -3.7349546 2.8454103 1.1734722 -1.2956452 996.12 
20150702194416 -4.994903 -12.964004 2.9317 2.1261165 1.248914 -0.82527894 996.12 
20150702194416 -0.6404489 -8.978256 3.8869865 1.2873985 0.68294734 -0.5027421 996.02 
20150702194416 0.092176765 -7.330447 -0.40581718 1.8060231 -0.5564982 -0.46578476 996.02 
20150702194416 0.16879122 -5.12838 -2.111686 2.532342 -1.0461067 -0.95722586 996.02 
20150702194416 0.9175778 -3.4877534 -1.8171991 2.0552561 -1.4062119 -0.94042706 996.02 
20150702194416 1.0947487 -2.689287 -0.5153519 1.2030991 -1.8845193 -0.9440922 996.02 
20150702194416 0.89303726 -2.4229321 0.7080852 0.8356637 -1.9315559 -1.0720685 996.02 
20150702194416 0.45190558 -2.9047651 1.0067618 0.93554014 -1.5271631 -1.2156218 996.02 
20150702194416 0.12150574 -3.9731777 1.2892777 1.4349225 -0.5510005 -1.2024882 996.02 
20150702194416 -0.037708677 -5.717354 1.9752164 1.8264871 0.47891834 -1.0815369 996.02 
20150702194416 0.5303157 -7.6949644 1.6292542 2.0665572 0.9294315 -1.0002918 996.08 
20150702194416 -0.9684546 -8.92738 0.47165772 1.707063 1.0048733 -1.0256428 996.08 
20150702194416 -2.2301989 -8.037933 1.0726024 0.48930305 1.1221595 -1.0421361 996.08 
20150702194416 -0.60932434 -5.605425 4.642956 -0.26542094 1.2244794 -0.68600166 996.08 
20150702194416 3.578733 -4.238934 8.589797 -0.7644979 0.7263188 -0.027183503 996.08 
20150702194416 15.268423 -10.653599 14.722545 -1.4654657 0.1301143 0.5369505 996.08 
20150702194416 13.372813 -19.590555 18.798674 -0.9825767 0.06780604 0.2782491 996.08 
20150702194416 9.55885 -12.641385 6.206968 0.36193767 -0.9083566 -0.63041294 996.08 
20150702194416 0.504578 -5.131373 -5.8221 1.7901406 -0.84604836 -0.9074403 996.08 
20150702194416 -4.3221326 -10.457873 -5.855619 0.9108001 1.2605205 -0.86742866 996.16 
20150702194416 -17.565659 -19.608511 19.540876 -0.47311515 -0.4529566 -0.29901853 996.16 
20150702194416 1.9273324 -14.0713215 -3.9246953 -1.6282613 -1.0115929 1.8784106 996.16 
20150702194416 1.8070238 -12.318168 -6.4338183 -0.28863382 -1.5668694 4.145026 996.16 
20150702194416 -0.7870938 -11.938088 -3.1729157 -1.6398678 -0.015577064 1.1801916 996.16 
20150702194416 0.5255273 -10.46745 -1.6053122 -1.6578883 1.3087788 -0.22082779 996.16 
20150702194416 1.6657659 -9.91798 -1.3730747 -1.3329079 0.19272798 0.1591304 996.16 
20150702194416 2.379238 -9.483433 -2.2840683 -1.2021828 -0.15699236 0.6826419 996.16 
20150702194416 0.13467385 -7.9870567 2.6994624 -1.361924 0.6081163 0.5842926 996.16 
20150702194416 -3.0268695 -7.301717 4.1677065 -1.9734001 1.6218473 0.18448131 996.04 
20150702194416 -0.6500258 -6.977302 -0.073023155 -1.4052955 1.8762726 0.31642818 996.04 
20150702194416 -0.99658644 -6.447585 0.46088383 -1.5027285 0.7495316 0.6469063 996.04 
20150702194416 -0.6344634 -5.931635 2.779668 -2.1407773 -0.82619524 0.4297437 996.04 
20150702194416 1.5795746 -6.3985043 -0.6799533 -1.7895297 -1.393689 0.6780604 996.04 
20150702194416 1.7543513 -7.0186024 -2.3475149 -0.9071349 -1.7870862 0.8875872 996.04 
20150702194416 1.9710265 -6.025607 -1.4754268 -0.97158116 -1.3457361 0.88606006 996.04 
20150702194416 2.9879637 -6.5206084 -0.8631097 -1.0485502 -1.2052372 0.8891144 996.04 
20150702194416 3.5637693 -10.347141 2.1697452 -0.89827734 -1.0415252 0.90102625 996.04 
20150702194416 2.9053638 -11.051037 6.885724 -1.0213667 -1.0152581 1.0824533 995.98 
20150702194416 3.5523968 -9.782109 3.283049 -1.0751228 -2.208278 1.2131784 995.98 
20150702194416 5.885546 -12.010512 -1.673547 -0.059253927 -2.7363708 1.133155 995.98 
20150702194416 7.0850415 -11.528081 1.0139444 0.108123146 -0.947452 0.9443977 995.98 
20150702194416 5.825093 -12.37922 2.9652188 -0.6053675 0.18325958 0.70432764 995.98 
20150702194416 5.337274 -12.914923 5.2169657 -0.45753807 -0.30818152 0.4908302 995.98 
20150702194417 7.8517847 -14.462774 1.0821792 0.0421497 -0.4886922 0.20799962 995.98 
20150702194417 5.035006 -13.814544 -0.07062895 0.83077675 -0.5919284 -0.22479841 995.98 
20150702194417 2.260725 -13.096882 1.5807717 1.0974194 0.48288897 -1.2913691 995.98 
20150702194417 1.8668787 -15.541961 1.2395979 1.4782939 1.3634512 -1.8509218 996.07 
20150702194417 0.32202014 -18.643648 -2.35769 2.3967297 1.1410962 -1.9837849 996.07 
20150702194417 -1.6867151 -19.608511 -5.064934 2.8634307 1.4950926 -2.0482311 996.07 
20150702194417 -7.098808 -19.608511 3.7948096 2.5103507 2.097406 -1.930945 996.07 
20150702194417 -5.9920883 -15.976508 5.6682725 1.6646078 1.8692477 -1.4566082 996.07 
20150702194417 -1.8393455 -9.027337 -1.1965023 2.381458 0.2501493 -0.33078352 996.07 
20150702194417 0.12689269 -6.51582 -1.9698294 2.891225 -0.1777618 -0.18295415 996.07 
20150702194417 0.6278794 -4.538808 -1.6956934 2.270586 -0.4859433 -0.48899764 996.07 
20150702194417 1.4293385 -2.2667105 -1.5053543 1.3561208 -1.0241156 -0.6374379 996.07 
20150702194417 1.4718355 -0.91338795 -0.22146365 0.7244862 -1.5497651 -0.7556403 996.04 
20150702194417 1.146224 -0.37229836 0.4297592 0.48166725 -1.4416419 -0.9599747 996.04 
20150702194417 1.3257892 -0.2873042 0.55485624 0.6627888 -1.0613784 -1.1572843 996.04 
20150702194417 1.2952632 -1.1174936 0.98820674 1.0644327 -0.31978795 -1.1417072 996.04 
20150702194417 0.2777274 -2.6437972 0.3172317 1.5378532 0.95142263 -1.1093313 996.04 
20150702194417 -0.7529764 -4.473566 -0.5781997 1.9474384 1.8894062 -1.099252 996.04 
20150702194417 -3.098097 -7.9726915 -0.9744401 1.9498819 1.8765781 -0.98654735 996.04 
20150702194417 -3.6493618 -9.69113 0.44232875 0.42302418 1.4969252 -0.70707655 996.04 
20150702194417 -0.64583594 -10.386645 5.204396 -1.2394456 1.2082914 0.10720685 996.04 
20150702194417 16.601994 -13.376405 19.594746 -2.2379048 0.2843578 1.0079277 996.07 
20150702194417 16.467918 -16.8875 19.143438 -0.72356987 -0.9392053 0.84604836 996.07 
20150702194417 12.03266 -11.801619 7.6560583 1.0827587 -3.1523702 -0.5479461 996.07 
20150702194417 4.110844 -5.2756233 0.8631097 1.3866642 -1.1111639 -1.0693196 996.07 
20150702194417 -0.729633 -7.4872675 -4.185663 1.500285 2.1887302 -1.3976597 996.07 
20150702194417 -7.387908 -16.695965 0.97144735 0.4560109 1.4315627 -0.5314528 996.07 
20150702194417 -8.241441 -19.608511 11.09473 -0.9972375 -0.4877759 0.8622363 996.07 
20150702194417 4.5992613 -12.605472 -5.5324016 -0.9850202 -0.33567044 2.844494 996.07 
20150702194417 -0.44472298 -12.626421 -5.4085016 -1.2727377 -2.08977 3.0445523 996.07 
20150702194417 0.036511578 -11.15698 -1.5897499 -1.8894062 0.076358154 0.1881465 995.95 
20150702194417 2.1529858 -9.425373 -1.0324994 -1.3628404 0.77274454 0.28344148 995.95 
20150702194417 3.3279405 -9.035119 -2.1589713 -0.82558435 -0.39828414 1.01312 995.95 
20150702194417 3.3141737 -8.875306 -3.1986535 -0.8906415 0.344528 1.0164797 995.95 
20150702194417 1.1587936 -7.805696 -0.47105917 -1.7009543 1.8945986 0.48197266 995.95 
20150702194417 -4.7016134 -7.2783732 6.105214 -2.4123068 2.9697213 -0.049480084 995.95 
20150702194417 -2.8287494 -7.4310036 1.0384849 -2.0824397 2.8851166 -0.096516706 995.95 
20150702194417 -3.3399115 -6.225523 2.2906525 -1.6441438 0.82527894 0.44012842 995.95 
20150702194417 -1.5239093 -5.8909335 4.2778397 -2.3264804 -1.0118983 0.4089743 995.95 
20150702194417 1.8447324 -5.963358 -0.46447513 -2.068695 -1.5925257 0.7247916 996.13 
20150702194417 1.863886 -6.4260373 -3.7181952 -1.0873401 -1.434617 0.95417154 996.13 
20150702194417 2.2810757 -6.0597243 -2.1039047 -0.77518797 -1.2174544 1.0033462 996.13 
20150702194417 2.6593595 -7.0168066 -1.2473791 -0.8524625 -1.6404786 1.1371256 996.13 
20150702194417 3.1519666 -9.85214 1.8686744 -0.93034774 -1.7461584 1.207986 996.13 
20150702194417 2.645593 -12.179304 7.551312 -1.704314 -1.5066991 1.3988814 996.13 
20150702194417 3.359065 -10.924144 3.3081882 -1.50731 -1.5005904 1.3726143 996.13 
20150702194417 6.3566055 -11.977592 -1.5269021 -0.17562376 -2.035403 1.2483032 996.13 
20150702194417 7.3298483 -10.666168 -0.013766659 0.23273966 -1.2513574 1.0277808 996.13 
20150702194417 7.5447283 -10.013748 0.9959879 -0.5103779 0.22143865 0.81183994 996.15 
20150702194417 5.765238 -11.848905 5.7802014 -0.34055737 -0.226631 0.5137377 996.15 
20150702194418 5.8598084 -14.194025 6.27221 -0.1872302 -0.6444628 0.10598512 996.15 
20150702194418 7.57286 -14.477139 0.21308395 0.41172317 -1.0445796 -0.33322698 996.15 
20150702194418 4.079121 -13.939641 -0.623091 1.4905112 -0.6243043 -0.8677341 996.15 
20150702194418 3.6349967 -16.639702 -1.6196774 1.6759088 1.4272866 -1.6988163 996.15 
20150702194418 2.030283 -19.608511 -4.255095 2.058616 2.2336287 -2.0592268 996.15 
20150702194418 -0.3645172 -19.608511 -6.43741 2.4220808 3.010344 -2.0088303 996.15 
20150702194418 -2.5773582 -19.608511 -6.7360864 2.2247713 3.211013 -1.8509218 996.15 
20150702194418 -9.78989 -19.51454 14.422671 1.8417587 2.1945333 -1.7608191 996.01 
20150702194418 -4.477157 -12.80838 2.1380222 1.738828 0.4801401 -1.3634512 996.01 
20150702194418 -2.1888988 -7.837419 -3.401562 3.6716056 -1.5354098 -0.3998113 996.01 
20150702194418 0.046686932 -4.0707417 -2.5378537 3.6541958 0.93401295 -0.4605924 996.01 
20150702194418 1.2126632 -2.019509 -1.4891934 2.4263568 0.77091193 -0.5525276 996.01 
20150702194418 1.4706384 -0.75716627 -1.2455834 1.344209 -0.38453966 -0.8213083 996.01 
20150702194418 0.99299514 -0.39205053 -0.25857377 0.70157874 -0.9425651 -1.2324207 996.01 
20150702194418 0.7811083 -0.42916065 0.3513491 0.573297 -1.0671816 -1.493871 996.01 
20150702194418 0.21188685 -0.7811083 0.74878657 0.7959574 -0.9795224 -1.5714508 996.01 
20150702194418 -0.26156655 -1.3329718 -1.328782 1.1911873 -0.07880162 -1.3243558 996.09 
20150702194418 -0.6242881 -2.2930467 -2.1350293 1.4349225 1.527774 -0.95294976 996.09 
20150702194418 -1.8602947 -4.547786 -0.99898064 1.4205672 2.3585508 -0.55741453 996.09 
20150702194418 -4.581305 -7.391499 1.6771383 1.03786 2.3270912 -0.25625798 996.09 
20150702194418 0.29448682 -9.920375 7.181408 0.2742785 1.8527542 0.20097467 996.09 
20150702194418 14.828488 -14.367604 19.608511 -1.432479 1.4410311 0.5360342 996.09 
20150702194418 11.372458 -19.577387 19.608511 -1.7611245 1.1194105 0.7473936 996.09 
20150702194418 13.107656 -13.491326 12.628217 0.7644979 -1.9107865 -0.36651915 996.09 
20150702194418 5.2462945 -4.0306387 -2.7880478 1.9208658 -2.6755898 -0.45478916 996.09 
20150702194418 0.142455 -5.801749 -8.056489 2.1884248 2.0998492 -0.9254609 996.16 
20150702194418 -2.4349031 -13.325528 -4.4759603 0.38545597 0.36254853 -0.57879484 996.16 
20150702194418 -10.099341 -19.608511 16.433203 -1.6389514 -1.5509869 0.9630291 996.16 
20150702194418 1.6980876 -16.021997 -2.4121583 -2.4831672 -0.6258314 2.4517076 996.16 
20150702194418 -1.4203602 -10.627861 -3.674501 -2.0335703 -0.8396343 2.908635 996.16 
20150702194418 -2.7808652 -10.9426985 -3.068768 -1.8112154 0.32345316 0.1469131 996.16 
20150702194418 -0.6787562 -10.113108 -2.231396 -1.0965031 0.37782016 -0.27947086 996.16 
20150702194418 0.60094464 -9.54209 -2.0620062 -0.86559606 -0.59131753 0.38545597 996.16 
20150702194418 1.01574 -8.752005 -2.8083985 -0.9981538 -0.7678576 0.7901542 996.16 
20150702194418 3.217807 -5.5150437 4.1772833 -1.6948457 0.18845193 0.6261369 996.02 
20150702194418 0.5057751 -6.6923923 3.58412 -2.2058344 1.5693128 0.2996294 996.02 
20150702194418 0.1592144 -7.091027 -0.61530983 -1.5219707 1.8490891 -0.13255776 996.02 
20150702194418 -0.89603 -6.259042 1.6585833 -1.5402967 1.2473868 0.36132678 996.02 
20150702194418 -0.6721721 -5.815516 3.1585505 -1.9850066 -0.082161374 0.40408736 996.02 
20150702194418 0.107140526 -6.1608796 -1.3557167 -1.6523905 -1.5473217 0.550695 996.02 
20150702194418 0.51954174 -7.00723 -2.961029 -1.07665 -1.5549575 0.8145888 996.02 
20150702194418 1.4873978 -7.199963 -1.905186 -1.2669345 -1.6905695 1.1178834 996.02 
20150702194418 2.8748376 -8.4904375 0.7751228 -1.3723087 -2.1465805 1.3423764 996.02 
20150702194418 2.907758 -10.392631 9.667787 -1.2843442 -2.0427334 1.3307699 996.08 
20150702194418 4.103063 -11.010934 6.706159 -1.1224649 -1.7403551 1.3808609 996.08 
20150702194418 6.9623384 -11.443087 -3.1812954 -0.21197024 -2.0295997 1.3329079 996.08 
20150702194418 6.271611 -11.316195 -3.3883939 0.31642818 -1.102001 0.93737274 996.08 
20150702194418 7.375937 -11.872847 -1.4030021 -0.009162978 0.12705997 0.47769663 996.08 
20150702194418 5.866991 -12.629414 6.3925185 -0.5742133 0.30207285 0.4813618 996.08 
20150702194418 4.3089647 -15.316307 6.27221 -0.6395759 -0.39858958 0.47494772 996.08 
20150702194419 2.7808652 -16.137518 -0.81642276 0.12003502 -1.3539828 0.06169739 996.08 
20150702194419 -0.2657564 -13.949218 0.79726917 1.239751 -0.93126404 -0.66859204 996.08 
20150702194419 0.9624691 -13.327324 3.9426517 1.4315627 0.9053023 -1.2623531 996.1 
20150702194419 1.3437457 -14.340071 -0.23163901 2.1001546 0.5864306 -1.2339478 996.1 
20150702194419 0.8050503 -15.125968 -4.167108 3.256828 0.20555615 -1.3051136 996.1 
20150702194419 -0.35314476 -17.006014 -3.435081 2.9831605 0.9266826 -1.4440855 996.1 
20150702194419 -3.8432922 -19.608511 8.433576 1.8616118 1.3072516 -1.4419475 996.1 
20150702194419 -2.971803 -14.653711 4.960786 1.4358387 0.33353242 -1.2385293 996.1 
20150702194419 -0.3681085 -7.872135 -1.5239093 2.5732698 -0.5928447 -0.6771441 996.1 
20150702194419 0.78050977 -5.1876364 -1.5801731 2.7073548 -0.2932153 -0.5381723 996.1 
20150702194419 1.8602947 -2.5605986 -2.0763714 1.6930131 -0.2855795 -0.65668017 996.1 
20150702194419 2.2732944 -0.8026561 -2.054225 1.0558805 -0.8167268 -0.7431176 996.07 
20150702194419 1.762731 -0.33039984 -0.09876082 0.28527406 -1.1829406 -1.1108584 996.07 
20150702194419 1.7046716 -0.33877954 1.6154876 -0.07544186 -1.393689 -1.4089607 996.07 
20150702194419 1.7699136 -0.4297592 2.4355016 -0.017104227 -1.2635747 -1.4697418 996.07 
20150702194419 1.6101006 -1.7304093 1.2348095 0.535118 -0.25411993 -1.3228287 996.07 
20150702194419 0.55844754 -3.5685577 0.048482586 1.5048665 1.7864754 -1.205848 996.07 
20150702194419 -0.545878 -6.5655 -0.09756372 2.171015 2.7259862 -1.1258247 996.07 
20150702194419 -2.5917234 -10.061633 0.15382746 2.0906863 2.1426098 -0.97341377 996.07 
20150702194419 -4.321534 -11.496957 4.07134 0.19272798 1.6245961 -0.6206391 996.07 
20150702194419 7.845799 -9.506178 12.807782 -2.0723603 0.9932669 0.15302174 996.09 
20150702194419 18.486828 -14.708179 19.461866 -2.5289822 0.5204572 1.2507466 996.09 
20150702194419 12.111668 -18.429367 17.081432 -0.59406644 -0.52473325 1.2709051 996.09 
20150702194419 5.353435 -11.649587 6.7085533 1.5491543 -2.1163425 -0.6899723 996.09 
20150702194419 0.7152678 -3.9588125 -1.5927427 1.6313156 0.48472157 -1.4923438 996.09 
20150702194419 -2.4552538 -6.6504936 -3.9636009 1.4523321 2.9856038 -1.3060299 996.09 
20150702194419 -11.253346 -17.682976 7.9188223 0.2593123 0.806953 -0.57543504 996.09 
20150702194419 -2.520496 -19.594147 2.3971944 -1.0302242 -1.4511104 1.1371256 996.09 
20150702194419 5.6161985 -14.894927 -6.0543375 -0.87017757 -1.2287555 3.5845573 996.09 
20150702194419 0.5758055 -12.28824 -3.2668881 -1.78617 -1.3542882 2.5705209 995.97 
20150702194419 1.0354922 -9.911396 -2.1212628 -1.5958854 0.850019 -0.09590584 995.97 
20150702194419 2.6078842 -9.364322 -2.0201077 -0.893085 0.7330383 0.28893927 995.97 
20150702194419 3.1118636 -9.343372 -2.6276364 -0.82344633 0.6197228 0.7247916 995.97 
20150702194419 -1.0893618 -8.224682 3.3973722 -1.3185526 1.1621711 0.59681535 995.97 
20150702194419 -4.2024226 -8.418014 2.954445 -2.048842 2.0693061 -0.0067195175 995.97 
20150702194419 -2.6731262 -8.061277 -1.4532804 -1.3817772 2.3979516 0.16890424 995.97 
20150702194419 -2.088941 -6.9485717 0.8726865 -1.5577064 1.1866057 0.29749137 995.97 
20150702194419 -1.5699978 -6.465542 4.3239284 -2.384207 -0.172264 0.42271876 995.97 
20150702194419 1.2419921 -6.5565214 0.98820674 -2.0253236 -1.53205 0.7611381 996.18 
20150702194419 2.4480712 -6.597223 -2.1751323 -1.1930199 -1.8463402 0.8958339 996.18 
20150702194419 2.207454 -6.1764417 -2.475006 -0.82558435 -1.4407257 0.98440933 996.18 
20150702194419 2.6503813 -5.8783636 -1.0857705 -1.20371 -1.7712038 1.1007792 996.18 
20150702194419 3.8133647 -7.0928226 0.48123455 -1.2614367 -1.7354681 1.1557571 996.18 
20150702194419 3.5775359 -10.423157 5.305551 -1.1212431 -1.2605205 1.1615603 996.18 
20150702194419 2.9747956 -10.4249525 3.7457285 -1.1096367 -1.0729848 1.2571607 996.18 
20150702194419 3.359065 -11.379641 -1.01574 -0.82558435 -1.8057177 1.1960741 996.18 
20150702194419 3.9564183 -11.087548 -1.738789 0.07147124 -1.1194105 0.88178396 996.18 
20150702194419 6.3099184 -10.8708725 0.3417723 0.02443461 0.55924714 0.6957755 996.13 
20150702194419 8.694544 -11.761516 2.042254 -0.4147775 0.38728857 0.6844745 996.13 
20150702194419 8.708909 -12.99034 6.807314 -0.3036 -1.0036516 0.64843345 996.13 
20150702194420 7.9714947 -14.000693 4.7285485 -0.2275473 -1.2883148 0.54336464 996.13 
20150702194420 4.5040917 -13.935451 0.47345337 0.3652974 -1.2733486 0.05955936 996.13 
20150702194420 1.7417817 -13.658322 0.83497787 1.0421361 -0.034513887 -1.0635164 996.13 
20150702194420 1.5676036 -15.149311 -0.7978677 1.4776831 1.8182404 -1.8805487 996.13 
20150702194420 -0.110731825 -18.73403 -3.3183637 2.10046 2.025629 -2.0824397 996.13 
20150702194420 -2.2517467 -19.608511 -4.751293 2.5085182 2.2421808 -2.1252003 996.13 
20150702194420 -7.865551 -19.608511 4.7866077 2.1844542 2.252871 -1.7895297 996.02 
20150702194420 -6.214749 -16.451757 5.8119245 1.6633861 1.1899655 -1.3448198 996.02 
20150702194420 -2.119467 -9.020155 -0.86849666 2.3173172 0.03940081 -0.26358834 996.02 
20150702194420 -0.40402153 -6.7989345 -1.8956091 2.787989 0.0693332 -0.2275473 996.02 
20150702194420 0.89303726 -4.104859 -1.9033904 2.051591 -0.05589417 -0.77213365 996.02 
20150702194420 1.8836381 -1.7076644 -2.1176715 1.409877 -0.93187493 -0.9126327 996.02 
20150702194420 1.6370354 -0.736217 -0.46327803 0.71837753 -1.3738359 -1.1621711 996.02 
20150702194420 0.7164649 -1.1875241 -0.12868834 0.42210788 -1.6264287 -1.5577064 996.02 
20150702194420 -0.2717419 -2.1906946 1.0845734 0.571159 -1.7446312 -1.7583756 996.02 
20150702194420 -0.43155485 -2.6880898 2.7096379 0.7648033 -1.2751812 -1.5714508 996.06 
20150702194420 -0.09995792 -3.1681273 2.9735985 1.244027 -0.8341365 -1.1087204 996.06 
20150702194420 0.39683893 -4.6621094 2.6132712 1.7061466 0.0076358155 -0.788627 996.06 
20150702194420 -0.21547815 -7.479486 0.96187055 1.7724255 1.1407908 -0.7128797 996.06 
20150702194420 -1.2731167 -8.728661 2.0416555 1.3469579 2.1563544 -0.6414085 996.06 
20150702194420 5.0026846 -9.053075 5.9651537 0.004276057 2.9926288 -0.04550946 996.06 
20150702194420 14.218565 -10.869676 16.399683 -1.3918564 2.4990497 1.1499538 996.06 
20150702194420 11.130045 -17.3424 19.608511 -1.2351695 0.7086037 1.1838568 996.06 
20150702194420 10.709863 -13.136386 13.001114 0.27091873 -1.1878275 -0.12217305 996.06 
20150702194420 4.493318 -6.5140243 -1.7902644 1.1365148 -1.3918564 -0.4709771 996.12 
20150702194420 0.0077811554 -9.531317 -5.3821654 1.8347337 2.1184807 -0.84604836 996.12 
20150702194420 -6.173449 -18.650831 -2.308609 0.63407815 0.30176744 -0.64843345 996.12 
20150702194420 -7.4327993 -19.403809 4.0701427 -1.0042624 -1.3713925 0.63132924 996.12 
20150702194420 0.973243 -11.220427 -1.1839328 -1.8298469 0.2125811 2.5955665 996.12 
20150702194420 -0.5931635 -11.562199 -3.0621839 -1.7950275 -0.550695 2.457511 996.12 
20150702194420 -0.5734113 -12.616844 -3.7128084 -1.0943651 0.1414153 0.04642576 996.12 
20150702194420 0.8218097 -11.410766 -3.3213563 -0.70616025 0.99387777 -0.06719518 996.12 
20150702194420 1.8549078 -9.148843 -3.4195185 -0.89919364 1.0601566 0.74067414 996.12 
20150702194420 0.7757214 -6.199785 2.5755625 -1.4761559 1.564426 0.79198676 995.92 
20150702194420 -3.477578 -6.282984 7.4148426 -2.4489589 2.112372 0.20189096 995.92 
20150702194420 -2.0404584 -9.003994 -1.5119383 -1.4624114 2.1887302 0.16462818 995.92 
20150702194420 -1.2054806 -7.1963716 -1.2904748 -1.2733486 1.2339478 0.5183192 995.92 
20150702194420 -1.0271125 -5.6485205 1.6214731 -2.463925 0.19364429 0.3295618 995.92 
20150702194420 -0.25258827 -5.34326 1.4460979 -2.2879958 -1.5128077 0.45570546 995.92 
20150702194420 0.87089086 -5.2259436 -1.6903064 -1.119716 -2.6007588 0.8042041 995.92 
20150702194420 1.8537107 -5.607819 -0.961272 -0.90377516 -2.2146919 0.98471475 995.92 
20150702194420 2.7910407 -6.6750345 1.5011644 -1.3524556 -1.9828686 1.1930199 995.92 
20150702194420 3.264494 -9.537302 3.2860417 -1.3011429 -1.8802432 1.2840388 996.04 
20150702194420 4.3448777 -9.299678 2.0602105 -1.1475104 -1.2712106 1.461495 996.04 
20150702194420 2.6641479 -9.669582 -1.2384008 -0.9746355 -0.6918049 1.6230689 996.04 
20150702194420 3.163339 -10.905589 -2.7246015 -0.5580254 -0.5665775 1.0952814 996.04 
20150702194420 4.2263646 -11.871649 -2.8580782 -0.5323691 -0.15241088 0.59956425 996.04 
20150702194420 6.3500214 -13.73733 0.260968 -0.5867361 0.10567969 0.38148534 996.04 
20150702194420 7.991845 -15.419856 7.4244194 -0.7012733 -0.30024028 0.2415972 996.04 
20150702194421 8.524555 -16.315886 6.095039 -0.593761 -1.3979651 0.25411993 996.04 
20150702194421 5.8382607 -15.644911 0.7308301 0.42913285 -2.5017986 0.1563815 996.04 
20150702194421 2.581548 -14.7955675 0.8643068 0.79351395 -1.0164797 -0.312763 996.08 
20150702194421 3.3237505 -14.841657 0.15263036 0.9370673 0.92179567 -1.0106765 996.08 
20150702194421 2.1410148 -16.98746 -1.4652514 1.8747455 1.6749926 -1.1676689 996.08 
20150702194421 -1.508347 -19.608511 -2.7210102 2.4959953 2.0583105 -1.4263704 996.08 
20150702194421 -4.282628 -18.543093 -3.2381577 2.652377 2.3839016 -1.7348573 996.08 
20150702194421 -8.524555 -16.765398 4.313154 2.1197023 2.1355848 -1.3655893 996.08 
20150702194421 -5.265448 -11.063007 2.167351 1.7272215 1.0064005 -0.56199604 996.08 
20150702194421 -0.7906851 -5.939416 -1.4335283 2.3185391 -0.06658431 0.20769419 996.08 
20150702194421 0.16340427 -4.687847 -2.1511903 2.6658158 0.029932396 0.086132 996.08 
20150702194421 1.0899603 -2.9771898 -1.6376339 2.1981986 -0.4541783 -0.6423248 996.09 
20150702194421 1.3718776 -1.5496471 -1.2174516 1.7055358 -1.389413 -1.0280862 996.09 
20150702194421 1.5682021 -0.682946 0.30526072 1.0635164 -1.9599612 -1.2791518 996.09 
20150702194421 1.62686 -0.7080852 1.359308 0.82741696 -2.0237966 -1.593442 996.09 
20150702194421 2.0057425 -0.95588505 2.4929626 1.0977248 -1.4556919 -1.8188512 996.09 
20150702194421 2.871845 -2.2200236 2.03567 1.5635096 -0.26908615 -1.7745636 996.09 
20150702194421 2.6204538 -4.004901 0.50397944 2.3051 1.047023 -1.6643023 996.09 
20150702194421 0.4285621 -6.71813 -2.9724014 2.8389962 2.9184086 -1.638646 996.09 
20150702194421 -1.6729485 -9.086594 -0.06344634 1.5515977 3.3399057 -1.5561792 996.09 
20150702194421 -3.015497 -13.102269 5.7987566 -0.5326745 2.0934353 -1.2266175 996.08 
20150702194421 6.971317 -11.744757 14.751874 -2.2534819 0.9388999 -0.43860126 996.08 
20150702194421 14.93922 -13.409924 19.592352 -2.2018638 -0.3555236 0.8756753 996.08 
20150702194421 12.044032 -14.800955 16.283564 -0.69974613 -1.8936822 0.9379836 996.08 
20150702194421 4.9536033 -13.784616 10.696096 1.4746287 -2.4013114 -0.28496864 996.08 
20150702194421 1.0133458 -7.1071877 0.58657944 1.5555683 0.17989981 -1.1801916 996.08 
20150702194421 -2.2266076 -10.015544 -4.6178164 0.91996306 2.781575 -0.8671232 996.08 
20150702194421 -7.6943655 -18.933945 -0.7170634 0.12003502 0.014966198 -0.39370266 996.08 
20150702194421 -3.9402575 -18.293497 1.0486604 -1.0338894 -0.8854492 1.5580118 996.08 
20150702194421 1.3180081 -12.645575 -0.19093758 -1.8051068 -0.6056729 3.8398988 996.08 
20150702194421 0.98102415 -10.960655 -2.5438392 -2.1062634 -1.2177598 3.0369165 996.08 
20150702194421 -1.2850877 -11.555016 -4.7165775 -1.289842 -0.31123585 0.7706065 996.08 
20150702194421 -0.42317516 -10.630854 -4.0282445 -1.1459832 1.0525209 -0.45478916 996.08 
20150702194421 0.943914 -8.426991 -2.0189106 -1.9260582 1.4172074 0.21502456 996.08 
20150702194421 2.3062148 -5.0140567 6.7869635 -2.6829202 1.0079277 0.5348125 996.08 
20150702194421 -2.4881742 -7.61835 2.6354175 -2.82403 0.870483 0.099571034 996.08 
20150702194421 -1.0456676 -6.6744356 -0.7140707 -1.6447546 0.79626286 0.004276057 996.08 
20150702194421 -0.6099229 -6.621165 2.4187422 -1.8148806 0.91904676 0.57360244 996.08 
20150702194421 0.28790274 -6.7468605 1.8632874 -1.9770653 0.37415496 0.5757405 996.07 
20150702194421 0.9091981 -6.285378 -2.7042508 -1.3683381 -0.8014552 0.7476991 996.07 
20150702194421 1.3497312 -5.7538652 -3.66253 -0.88117313 -1.3344351 0.9007208 996.07 
20150702194421 1.553837 -5.6102133 -1.9716251 -0.98715824 -1.5280794 0.9941832 996.07 
20150702194421 1.6891093 -7.1927805 -0.5129577 -1.0708468 -1.7244726 1.0522153 996.07 
20150702194421 2.9161377 -10.656591 6.369175 -1.0409144 -2.1084013 1.2162327 996.07 
20150702194421 3.4943373 -9.759963 2.5312698 -1.3005321 -1.9275852 1.4498887 996.07 
20150702194421 4.871602 -9.9928 -1.614889 -1.2104294 -1.3875804 1.4501941 996.07 
20150702194421 7.454347 -11.902175 -2.7760768 -0.3390302 -0.93951076 1.1936307 996.07 
20150702194421 8.261791 -11.7064495 1.982399 -0.019547688 -0.15515977 0.8396343 996.07 
20150702194421 7.8966756 -12.707824 5.835268 -0.59681535 -0.1282817 0.5131268 996.07 
20150702194421 6.4864907 -14.29099 3.8474822 -0.54733527 -1.6007724 0.27183503 996.07 
20150702194421 3.8109705 -13.946823 0.36990416 0.27458394 -1.4220943 -0.1337795 996.07 
20150702194422 1.5119383 -14.689026 -0.5153519 0.8949176 0.03023783 -0.9492846 996.07 
20150702194422 1.7531542 -16.331448 0.22325931 1.3515394 1.0354166 -1.5778649 996.07 
20150702194422 -0.7284359 -19.582775 2.5073278 2.1664336 1.5830573 -1.7519615 996.07 
20150702194422 -4.5005007 -19.608511 -2.5288756 2.9321532 2.115121 -1.8961257 996.07 
20150702194422 -6.729502 -19.17636 -3.4733882 3.155119 2.3423629 -1.8127426 996.07 
20150702194422 -8.545505 -15.962741 4.9320555 2.4165828 2.058005 -1.3439035 996.04 
20150702194422 -2.1057005 -8.90643 2.421735 1.6756034 0.77121735 -0.30757064 996.04 
20150702194422 0.9983821 -7.1185603 -0.43873745 2.4706445 -0.947452 0.21624629 996.04 
20150702194422 1.3928268 -6.576872 -1.8243817 2.6487117 -1.3912456 -0.30818152 996.04 
20150702194422 1.775899 -4.5100775 -1.6867151 1.9740111 -1.7397442 -0.8051204 996.04 
20150702194422 2.1493945 -2.6246436 -0.75118077 1.1841623 -1.9636264 -0.98807454 996.04 
20150702194422 2.0368671 -1.5275006 0.35314476 0.6933321 -2.1688771 -1.2605205 996.04 
20150702194422 1.8788497 -1.0426749 0.9888053 0.6221663 -1.5372424 -1.4043792 996.04 
20150702194422 1.5921441 -1.6502035 1.6430209 0.93584555 -0.56046885 -1.4269812 996.04 
20150702194422 0.61052144 -2.4995465 -0.13347675 1.6762142 1.0806206 -1.3402383 996.01 
20150702194422 -0.50397944 -3.804985 -0.9403227 2.2925773 2.293799 -1.2168436 996.01 
20150702194422 -2.5246856 -6.7570357 0.83138657 2.4346035 2.2333233 -1.0616838 996.01 
20150702194422 -3.3117795 -6.5427547 1.1492168 1.4871514 1.7550159 -0.782213 996.01 
20150702194422 3.1615434 -7.5985975 6.761824 -1.2055426 1.0345002 -0.37293324 996.01 
20150702194422 15.538369 -11.048044 16.96232 -2.0958786 1.0720685 0.4746423 996.01 
20150702194422 9.871294 -19.608511 19.608511 -1.9443841 0.30665436 0.97402465 996.01 
20150702194422 8.47727 -18.300081 13.22138 0.6979135 -1.2556335 -0.27763826 996.01 
20150702194422 2.8921957 -8.143278 0.32621 2.4013114 -1.2773192 -0.6737844 996.01 
20150702194422 -2.8892028 -8.234259 -5.8634 2.0735822 1.9028453 -1.4153748 996.13 
20150702194422 -12.164939 -17.217901 4.0252514 0.4810564 0.3463606 -1.2935071 996.13 
20150702194422 -2.0248961 -16.37215 -1.875857 -0.9309586 -0.25167647 1.1133019 996.13 
20150702194422 2.60968 -15.10442 -3.3010056 -1.2699889 0.28924468 3.2855387 996.13 
20150702194422 2.2254105 -13.072341 -0.16280572 -2.6661212 -1.5128077 3.162144 996.13 
20150702194422 0.8655039 -10.788872 -2.7407625 -2.4401011 -1.255328 0.9224065 996.13 
20150702194422 1.2940661 -10.217256 -3.2225955 -1.3243558 -0.355829 -0.049480084 996.13 
20150702194422 3.1453824 -8.383297 -1.1180922 -1.1994339 1.1447614 0.3484986 996.13 
20150702194422 -0.40821138 -7.8158712 6.479308 -1.7876972 1.7140878 0.66737026 996.13 
20150702194422 -2.4516625 -8.268974 0.6302736 -1.5931365 2.3335052 0.04520403 996.04 
20150702194422 -3.3423057 -6.595427 -1.2958617 -1.0916162 2.1175644 0.07941248 996.04 
20150702194422 -3.0723593 -6.010045 1.6639702 -1.9898936 1.6453656 0.17562376 996.04 
20150702194422 -1.365892 -6.187814 2.8508956 -2.5964828 0.50671273 0.3921755 996.04 
20150702194422 -0.35254622 -6.752846 0.6254852 -1.8344283 -1.5723672 0.57940567 996.04 
20150702194422 0.219668 -5.9238534 -4.4364557 -0.9627236 -2.4223862 0.766025 996.04 
20150702194422 0.9343372 -5.430648 -2.866458 -0.9166033 -1.9758437 1.0094548 996.04 
20150702194422 1.5191209 -6.073491 -0.97144735 -1.3967434 -1.6856827 1.1582005 996.04 
20150702194422 4.3646297 -8.585608 3.4685998 -1.2660183 -2.3851233 1.3900238 996.04 
20150702194422 5.744887 -11.765706 6.8366427 -0.93462384 -2.5326474 1.4627168 996.03 
20150702194422 6.035184 -10.045472 2.9741971 -0.6270532 -2.4034493 1.5613716 996.03 
20150702194422 7.2167225 -12.244546 -3.5332432 -0.11911872 -2.579684 1.4046847 996.03 
20150702194422 7.289746 -11.716026 -0.9427169 0.19303341 -0.9285152 1.0005972 996.03 
20150702194422 6.901885 -11.872248 4.2820296 -0.7602218 0.51251596 0.5729916 996.03 
20150702194422 5.6658783 -13.532626 6.0902505 -1.0091494 0.2284636 0.4978552 996.03 
20150702194422 5.5389857 -14.483125 1.958457 -0.09040806 -1.0076222 0.41691554 996.03 
20150702194422 2.7665 -14.8237 -0.8379706 0.41599923 -0.7318166 0.12736541 996.03 
20150702194422 0.87089086 -14.375984 1.3281834 0.7449502 0.25809056 -0.784351 996.03 
20150702194423 2.6982653 -14.575301 1.6292542 1.1881329 1.2333369 -1.4871514 996.08 
20150702194423 1.3670892 -18.145655 -1.1504139 2.0292943 0.9233228 -1.700038 996.08 
20150702194423 -2.2900538 -19.608511 -3.2507274 2.9950724 1.054048 -2.0134118 996.08 
20150702194423 -5.5126495 -19.608511 -1.3084313 2.87687 1.4978416 -2.1697934 996.08 
20150702194423 -7.896077 -19.32839 6.9252286 1.9004018 1.2021828 -1.6740762 996.08 
20150702194423 -4.000711 -11.671733 2.6372132 1.5329664 0.048563786 -0.9630291 996.08 
20150702194423 0.3537433 -6.669049 -0.7823054 2.3188446 -0.6462954 -0.21899518 996.08 
20150702194423 1.1767502 -5.445612 -1.8716671 2.348166 -0.45845437 -0.5354234 996.08 
20150702194423 2.071583 -2.9047651 -2.1571758 1.5839735 -0.6203337 -1.0125091 996.08 
20150702194423 2.557606 -0.81642276 -2.0135236 0.9868528 -1.0864239 -1.2156218 996.09 
20150702194423 1.70946 -0.09696517 0.130484 0.36987892 -1.5039502 -1.6041322 996.09 
20150702194423 1.5227122 0.4429273 1.7100586 0.18997909 -1.8267925 -1.8637499 996.09 
20150702194423 1.2485762 0.7541735 1.1228806 0.45723262 -1.4107933 -1.806634 996.09 
20150702194423 0.6847417 0.25498247 -0.7044938 0.9392053 -0.1704314 -1.520749 996.09 
20150702194423 -0.15861586 -0.7697359 -1.1552023 1.276403 2.207667 -1.3130548 996.09 
20150702194423 -0.8062474 -2.2421699 -1.5149311 1.3570372 3.4852917 -1.1447614 996.09 
20150702194423 -1.8201919 -5.2026005 -1.2497733 1.3768903 3.1914654 -0.95172805 996.09 
20150702194423 -4.770447 -10.493188 0.5793968 0.9447031 2.5011878 -0.48075095 996.09 
20150702194423 4.857237 -16.373945 15.416863 -0.61453044 1.8005253 0.32589662 996.05 
20150702194423 12.641984 -19.608511 19.608511 -2.8463266 1.1313224 1.4804319 996.05 
20150702194423 12.175115 -17.507002 15.887324 -1.8750509 0.13958271 1.0497719 996.05 
20150702194423 7.3406224 -9.546281 3.1705215 1.3054191 -1.8829921 -0.24129178 996.05 
20150702194423 -0.15502456 -5.5389857 -4.2880154 1.9960022 1.217149 -1.452943 996.05 
20150702194423 -2.5408466 -14.135366 -6.3242836 1.3390167 2.3402247 -1.3665055 996.05 
20150702194423 -4.4675803 -19.608511 1.1569979 -0.32162055 -1.5894713 0.79168135 996.05 
20150702194423 -3.6924577 -15.626356 7.313089 -1.7302758 -4.280944 3.202461 996.05 
20150702194423 0.41240123 -9.133281 -3.4979286 -1.4382823 -4.0518694 3.7067304 996.05 
20150702194423 -1.9351135 -10.934917 -5.1966147 -0.5174029 -1.4633276 1.5925257 995.83 
20150702194423 -0.85891986 -12.257115 -3.9731777 -0.61941737 1.1398746 -0.6215554 995.83 
20150702194423 1.2413936 -10.764331 -1.8004397 -1.2843442 1.5183055 -0.043676864 995.83 
20150702194423 2.594716 -8.578424 -2.2272062 -1.5775595 0.82924956 0.62980205 995.83 
20150702194423 1.9710265 -6.606201 0.7410054 -1.7965547 1.0839803 0.9239337 995.83 
20150702194423 -4.0378213 -5.151125 6.2650275 -2.2308798 2.271808 0.40561453 995.83 
20150702194423 1.0827777 -7.1981673 -0.32621 -1.2470814 2.4654522 0.4334089 995.83 
20150702194423 -0.073621705 -6.6229606 -2.1416135 -1.2226468 0.267559 0.68019843 995.83 
20150702194423 0.08379706 -4.2940006 1.6358383 -2.2907448 -1.6844609 0.27214047 995.83 
20150702194423 0.84216046 -4.0025067 -1.0079589 -1.8750509 -2.3774874 0.58123827 996.14 
20150702194423 1.4191631 -4.7135844 -1.8884265 -1.0760391 -2.4193318 0.72601336 996.14 
20150702194423 2.801216 -5.8741736 0.97503865 -1.1337659 -1.7272215 0.80909103 996.14 
20150702194423 3.9564183 -10.834361 7.872135 -1.2568552 -1.858863 0.9450085 996.14 
20150702194423 3.9695864 -11.207857 6.4098763 -1.2421945 -1.7831156 1.2241739 996.14 
20150702194423 3.5033157 -10.114903 -0.51235914 -0.86376345 -1.1285735 1.425454 996.14 
20150702194423 3.834314 -11.303625 -4.0785227 -0.1133155 -0.40561453 1.1566733 996.14 
20150702194423 3.390788 -11.7860565 -1.6154876 -0.0571159 0.32711834 0.79717916 996.14 
20150702194423 4.079121 -11.850101 3.074155 -0.70616025 0.77640975 0.5665775 996.14 
20150702194423 4.960786 -13.098079 2.5540147 -0.86559606 -0.17592919 0.63285637 996.04 
20150702194423 5.1559134 -12.496535 2.8778305 -0.083383106 -1.276403 0.6001751 996.04 
20150702194423 8.179192 -12.198458 1.436521 0.2556471 -0.88606006 0.43004912 996.04 
20150702194423 6.5643024 -11.575367 1.2042835 0.59650993 -0.5158757 0.18997909 996.04 
20150702194423 4.6202106 -11.939884 1.5753847 1.1215485 -0.17592919 -0.872621 996.04 
20150702194424 4.000711 -15.680824 1.0181342 1.7253889 0.2489276 -1.8356501 996.04 
20150702194424 2.3535004 -19.608511 -2.441487 2.4785857 0.5103779 -2.1368067 996.04 
20150702194424 -1.258153 -19.608511 -5.6664767 2.7687466 1.8469511 -2.2675319 996.04 
20150702194424 -7.7799582 -19.608511 0.4321534 2.3335052 2.7852402 -2.2751677 996.04 
20150702194424 -8.714295 -18.604145 7.1329255 1.1679744 2.67223 -1.6942347 996.01 
20150702194424 -2.204461 -10.292074 -0.32202014 1.5775595 1.0580186 0.077579886 996.01 
20150702194424 -0.6183026 -6.0441623 -2.2230163 2.531731 1.3927728 0.56596667 996.01 
20150702194424 0.7679402 -3.1262288 -2.1242554 2.8518243 1.7843374 -0.23365596 996.01 
20150702194424 1.1552023 -1.1091139 -2.5600002 2.4013114 -0.013744468 -0.73945236 996.01 
20150702194424 1.103727 0.08678981 -1.6585833 1.9165897 -1.4844025 -1.0268645 996.01 
20150702194424 0.95229375 0.4261679 -0.57520694 1.054048 -1.998751 -1.3393221 996.01 
20150702194424 0.712275 0.39564183 0.28072014 0.6169739 -1.6685784 -1.5415184 996.01 
20150702194424 0.4878186 0.43873745 0.4405331 0.6597345 -0.77274454 -1.5497651 996.01 
20150702194424 0.073023155 -0.3321955 0.006584055 0.9071349 0.38637227 -1.416902 996.07 
20150702194424 -0.23642741 -1.4059949 0.093373865 1.3078625 1.466382 -1.1655309 996.07 
20150702194424 -0.87927055 -3.7660792 0.020949265 1.7959439 2.3848178 -0.9224065 996.07 
20150702194424 -3.6020765 -10.71525 1.7016789 1.9113973 2.254398 -0.7315111 996.07 
20150702194424 -3.3129766 -12.51928 2.8526914 1.0390818 2.122146 -0.23701571 996.07 
20150702194424 14.471752 -15.7825775 19.608511 -1.8839084 2.2223277 0.5876524 996.07 
20150702194424 5.158906 -17.51538 16.682798 -2.1523838 1.561677 0.88697636 996.07 
20150702194424 6.306926 -11.7782755 10.260351 1.2947289 -0.9783007 -0.19792034 996.07 
20150702194424 -1.09834 -5.7736173 4.0426097 1.2287555 -1.500285 0.043982297 996.07 
20150702194424 0.13347675 -8.978256 -1.4137762 1.1655309 2.9153545 -0.16035213 996.08 
20150702194424 -2.309806 -19.339764 -3.3171666 0.41233405 -0.47128254 0.5390886 996.08 
20150702194424 1.4383167 -19.608511 -3.7576995 -0.5152648 -4.732373 1.0592403 996.08 
20150702194424 3.7475243 -11.195886 -0.30705637 -1.717753 -3.9550471 2.4724772 996.08 
20150702194424 1.6328455 -8.668806 -1.5520413 -1.9071213 -2.7595837 1.4077389 996.08 
20150702194424 1.7328035 -10.492589 -3.2680852 -1.1420126 -1.3839152 0.16065755 996.08 
20150702194424 3.316568 -11.576564 -3.5751417 -0.6469063 0.59712076 0.37843102 996.08 
20150702194424 2.142212 -10.17416 -0.7386112 -1.2855659 2.209805 0.90194255 996.08 
20150702194424 -6.0920463 -7.3962874 7.510012 -2.3240368 2.9544497 0.36743546 996.08 
20150702194424 -3.3033998 -7.3166804 -1.4544775 -2.2727242 2.791654 0.062308256 995.96 
20150702194424 -0.8265981 -6.5619082 -0.86251116 -1.8759671 1.8936822 0.44226643 995.96 
20150702194424 0.22505496 -5.7323174 2.5252843 -2.6535985 -0.50732356 0.56230146 995.96 
20150702194424 0.7260417 -5.609016 3.591901 -2.6117544 -2.6493225 0.64660084 995.96 
20150702194424 1.4383167 -5.151125 -0.7745243 -1.4059063 -3.1364875 0.81183994 995.96 
20150702194424 1.2958617 -5.2600613 -2.777274 -0.57451874 -2.1508565 0.98929626 995.96 
20150702194424 2.1703439 -5.6802435 -1.834557 -0.97402465 -0.8011498 1.1441506 995.96 
20150702194424 3.132813 -7.1873937 0.16819267 -1.2678508 -0.9477574 1.2583824 995.96 
20150702194424 4.578911 -10.582372 3.8552632 -1.2198979 -1.3799446 1.2971723 995.96 
20150702194424 4.1359835 -11.367071 4.823119 -1.003957 -1.6374242 1.2852604 995.99 
20150702194424 3.9785647 -10.890026 2.2930467 -0.91813046 -1.8484782 1.1887437 995.99 
20150702194424 3.3961751 -11.247361 -1.1115081 -0.7648033 -1.6676621 1.0509937 995.99 
20150702194424 4.0857053 -12.03625 -0.010773907 -0.45081854 -0.4370741 0.7473936 995.99 
20150702194424 6.0986304 -11.900978 2.1637597 -0.5494733 0.66645396 0.64751714 995.99 
20150702194424 7.04015 -12.430696 2.521693 -0.40866885 -0.05131268 0.6826419 995.99 
20150702194424 7.3849154 -12.046426 3.8313212 0.1600467 -0.97585726 0.5448918 995.99 
20150702194424 8.196549 -11.1970825 1.6232687 0.35460728 -0.768163 0.2302962 995.99 
20150702194424 5.1822495 -10.45069 0.7326257 0.9660834 -0.20311269 -0.6010914 995.99 
20150702194424 4.2239704 -12.394782 0.7290344 1.4312572 0.6291912 -1.5937474 996.04 
20150702194425 2.3570917 -18.152838 -0.17717093 2.1087067 1.0183123 -2.3490822 996.04 
20150702194425 -1.1887212 -19.608511 -3.169923 2.7159069 1.488984 -2.740036 996.04 
20150702194425 -5.547365 -19.608511 -2.429516 2.9336803 2.3499987 -2.705522 996.04 
20150702194425 -10.214862 -19.582775 7.9822683 2.3051 2.4226916 -1.9920316 996.04 
20150702194425 -3.4249055 -11.254543 1.6561891 1.6166549 1.2550226 -0.59773165 996.04 
20150702194425 1.1318588 -6.59004 -2.7988217 2.4208589 0.0842994 0.4709771 996.04 
20150702194425 2.6982653 -5.053561 -2.2505496 2.4526238 0.50426924 0.0021380284 996.04 
20150702194425 2.5510218 -3.5332432 -1.6861166 1.7776178 -0.23762658 -0.88361657 996.04 
20150702194425 2.6342204 -2.0907366 -0.7380127 1.1032226 -1.8661933 -1.4532484 996.13 
20150702194425 1.7549498 -1.453879 0.5758055 0.6246097 -2.7742445 -1.7941113 996.13 
20150702194425 1.2384008 -0.8774749 1.697489 0.54153204 -2.4449883 -1.8399261 996.13 
20150702194425 0.7080852 -0.88944596 1.1725603 0.6630942 -1.6865989 -1.563815 996.13 
20150702194425 -0.08259996 -2.119467 1.1366472 1.1774428 0.42760566 -1.1881329 996.13 
20150702194425 -0.5470751 -3.445855 1.4371196 1.5714508 2.014939 -0.9428705 996.13 
20150702194425 -1.3245921 -4.7896004 0.7763199 1.9590448 2.4920247 -0.65484756 996.13 
20150702194425 -3.2154129 -6.2763996 -2.0111294 1.6627752 2.8499918 -0.50701815 996.13 
20150702194425 -3.3243492 -8.4347725 -0.599149 0.046120327 3.6264014 -0.3747658 996.13 
20150702194425 12.97358 -13.15135 17.084425 -1.4944818 3.8515053 0.23182335 996.05 
20150702194425 8.829217 -19.137453 19.608511 -2.2910502 2.600148 0.893085 996.05 
20150702194425 11.98657 -13.771448 17.845781 0.2782491 -0.86467975 -0.10476339 996.05 
20150702194425 7.065888 -5.467758 -1.8010383 1.6719382 -4.030489 -0.12583824 996.05 
20150702194425 1.22224 -6.5840545 -8.836999 2.3289237 -0.9935723 -1.0204504 996.05 
20150702194425 -4.660912 -16.864758 -3.2435448 0.38820487 -0.20311269 -1.2095132 996.05 
20150702194425 -1.7130513 -19.608511 2.0093338 -1.7672331 -0.17837265 0.30573806 996.05 
20150702194425 0.9935937 -14.374188 0.64703304 -1.9071213 1.68385 2.0616703 996.05 
20150702194425 0.35194764 -10.001179 1.1540052 -2.3200662 -1.4413365 2.6209173 996.05 
20150702194425 -0.7020996 -10.880449 -1.2605472 -2.1725423 -2.151162 1.0690142 995.82 
20150702194425 -0.6943185 -11.851897 -3.2453403 -1.2153164 -0.043676864 -0.024129177 995.82 
20150702194425 1.3108255 -10.119094 -2.9502552 -0.9443977 1.3768903 0.25381452 995.82 
20150702194425 0.919972 -7.5243773 1.8602947 -1.4126259 1.9929478 0.88086766 995.82 
20150702194425 -2.4079683 -8.272566 1.9829975 -1.9376645 2.5720482 0.3203988 995.82 
20150702194425 -3.9175124 -8.051701 0.03232172 -1.7342464 2.6569583 -0.14446963 995.82 
20150702194425 -3.0735564 -5.768829 1.1953052 -1.7779233 2.3619106 -0.032070424 995.82 
20150702194425 -1.5376761 -6.3206925 1.3090298 -2.1038198 1.5601498 0.28955013 995.82 
20150702194425 0.60094464 -6.9701195 2.1978772 -2.0314324 -0.22785273 0.48624873 995.82 
20150702194425 2.3439236 -7.055712 0.7529764 -1.6392568 -1.8701639 0.70463306 996.04 
20150702194425 2.0524294 -7.1347213 -2.7485435 -0.86254174 -2.6557367 0.90408057 996.04 
20150702194425 2.054225 -6.6103907 -3.2010477 -0.7290677 -2.6374106 0.9440922 996.04 
20150702194425 3.1561563 -7.045537 -0.5291186 -1.0256428 -2.3283129 1.026559 996.04 
20150702194425 2.6880898 -10.420164 5.2343235 -1.3460416 -2.2583687 1.0210613 996.04 
20150702194425 3.5703533 -10.004171 6.4248405 -1.3377949 -1.926669 1.1985176 996.04 
20150702194425 4.665102 -8.473679 1.2689269 -0.7165449 -2.175291 1.502423 996.04 
20150702194425 7.285556 -10.729016 -2.8311436 0.04184427 -2.1911736 1.2907583 996.04 
20150702194425 7.4681134 -10.771513 -0.45130703 0.29932398 -0.8509353 0.8378017 996.04 
20150702194425 7.9307933 -12.042236 3.205836 -0.6630942 0.37110063 0.60231316 996.14 
20150702194425 6.325481 -13.730148 9.704298 -0.84299403 -0.77457714 0.39614612 996.14 
20150702194425 6.432023 -13.447034 4.1054573 -0.45356745 -1.1456778 0.26236662 996.14 
20150702194425 4.9823337 -12.293627 -2.2541409 0.9007208 -1.1111639 -0.1414153 996.14 
20150702194426 3.3973722 -14.048577 -2.1871033 1.6065756 0.37048978 -1.0088439 996.14 
20150702194426 2.5198972 -17.495628 -1.9680338 1.5937474 2.360994 -1.6120734 996.14 
20150702194426 -1.1629834 -19.608511 -2.8179753 1.8579466 2.893974 -1.6578883 996.14 
20150702194426 -4.96318 -19.608511 -1.6460136 2.2736404 2.8252518 -1.6087136 996.14 
20150702194426 -8.253412 -19.608511 5.7395 2.4361305 2.1142046 -1.1954633 996.14 
20150702194426 -4.5633483 -14.231733 0.85891986 2.6422975 0.2415972 -0.6737844 995.96 
20150702194426 -0.55844754 -9.068638 -1.198298 3.2449162 -0.9108001 -0.08032878 995.96 
20150702194426 0.5129577 -8.210316 0.10354923 2.7779098 -0.6921103 -0.58184916 995.96 
20150702194426 1.4598645 -5.7107697 -0.65301853 2.0592268 -1.3200798 -0.95142263 995.96 
20150702194426 1.7872716 -3.406949 -1.146224 1.2449434 -1.715615 -1.0170907 995.96 
20150702194426 1.9925743 -1.7088615 -0.45070848 0.6597345 -1.6358972 -1.2257011 995.96 
20150702194426 1.6017209 -1.4652514 0.38726214 0.41233405 -1.3203852 -1.5012014 995.96 
20150702194426 0.5847838 -1.7968484 0.51714754 0.5681047 -0.745561 -1.6667458 995.96 
20150702194426 0.1945289 -2.0530279 -0.19871874 0.9877691 -0.15821409 -1.6041322 995.96 
20150702194426 -0.670975 -2.3900118 -0.6434417 1.491733 1.07665 -1.2131784 996.0 
20150702194426 -0.93613285 -3.3494883 -0.30226797 1.7959439 1.9440787 -0.8594874 996.0 
20150702194426 -1.5753847 -5.865794 1.3138182 1.8500054 1.9230038 -0.5751296 996.0 
20150702194426 -2.3169887 -8.762778 3.6846764 1.491733 1.4456125 -0.34513888 996.0 
20150702194426 1.1474211 -8.579023 4.932654 -0.1853976 1.1673635 -0.15393804 996.0 
20150702194426 13.383588 -8.2833395 15.741278 -1.1670581 1.4217888 0.204029 996.0 
20150702194426 13.087904 -10.626664 14.205398 -0.8170323 0.7867944 0.1563815 996.0 
20150702194426 7.5704656 -13.168708 7.426215 0.41263947 -1.1710287 -1.0800097 996.0 
20150702194426 -1.7531542 -9.17099 4.7387238 0.31031954 -0.79443026 -1.4862351 996.0 
20150702194426 -7.0862384 -12.477981 7.399879 0.6722572 2.332589 -0.8943067 996.06 
20150702194426 -10.204686 -19.608511 10.363302 0.23762658 0.48380527 0.056199603 996.06 
20150702194426 5.151125 -15.695787 -9.032724 -0.090713486 -1.4492778 1.9776763 996.06 
20150702194426 2.7515364 -15.921441 -7.1107793 0.070554934 -0.38453966 3.3735032 996.06 
20150702194426 0.8631097 -15.206174 -1.8848352 -1.7892243 -0.713796 2.0011945 996.06 
20150702194426 1.541866 -13.017275 -0.78410107 -1.9449949 -0.63255095 0.9456194 996.06 
20150702194426 2.2780828 -10.761338 -1.9877859 -1.3616186 -1.5464053 1.0076222 996.06 
20150702194426 2.5067291 -9.7162695 -2.2541409 -1.103528 -0.21868975 1.0396926 996.06 
20150702194426 2.0189106 -9.028535 -2.7006595 -1.3426818 1.0818423 0.79320854 996.06 
20150702194426 -1.2755109 -7.459734 2.6198552 -1.9083431 2.0738876 0.3417791 995.94 
20150702194426 -2.2122424 -6.723517 4.532822 -2.4016168 2.278833 0.16401732 995.94 
20150702194426 -0.27712885 -5.9507885 1.3180081 -1.8796324 1.3472633 0.61575216 995.94 
20150702194426 -0.8439561 -6.136339 2.0512323 -1.856114 -0.26633725 0.6218608 995.94 
20150702194426 1.2695254 -5.585074 3.2986114 -2.2626448 -1.3368785 0.50243664 995.94 
20150702194426 1.9812019 -5.7562594 0.57041854 -1.9767599 -1.6951511 0.72173727 995.94 
20150702194426 2.1649568 -5.2277393 -1.3269863 -1.0167851 -1.3414601 0.6924158 995.94 
20150702194426 2.195483 -5.651513 -1.4862007 -0.66339964 -1.1038336 0.7724391 995.94 
20150702194426 2.1529858 -7.3208704 -0.11252748 -0.98471475 -1.3313808 0.88697636 995.94 
20150702194426 1.6986861 -9.420585 3.3626564 -1.2299771 -1.4404203 1.0409144 996.0 
20150702194426 1.9452889 -11.659762 4.0827127 -1.2583824 -1.2455542 1.1459832 996.0 
20150702194426 3.241749 -11.333552 0.48482585 -0.8979719 -0.7021896 1.1337659 996.0 
20150702194426 5.8478374 -11.971008 -1.1887212 -0.5861252 -0.45814893 1.0693196 996.0 
20150702194426 7.5734587 -11.563994 1.043872 -0.17745635 -0.4269948 0.96577793 996.0 
20150702194426 7.8906903 -11.660361 2.9789855 -0.30726522 -0.22266038 0.88453287 996.0 
20150702194426 6.6361284 -12.955624 4.1299977 -0.2828306 -1.054048 0.5723807 996.0 
20150702194426 6.181829 -13.692439 3.0520086 -0.09254608 -0.84971356 0.23823744 996.0 
20150702194426 4.8763905 -13.201628 0.6500258 0.36102137 -0.07880162 -0.31337386 996.0 
20150702194426 2.8808231 -12.6778965 0.8912416 1.1410962 0.40500367 -1.0418307 996.0 
20150702194426 2.7820623 -13.8325 0.44771573 1.7437148 1.1481212 -1.7889189 996.0 
20150702194427 1.5466543 -18.438944 -1.8100165 2.281887 1.4526376 -2.0018053 996.0 
20150702194427 -1.1372458 -19.608511 -4.3287168 2.7595837 1.9300288 -2.198504 996.0 
20150702194427 -5.954978 -19.608511 1.0833763 2.5277603 2.440712 -2.1343632 996.0 
20150702194427 -6.9366007 -18.251 7.349002 1.8823812 1.7486018 -1.7986927 996.0 
20150702194427 -2.2439656 -9.8754835 -0.5931635 1.9370537 0.40775254 -0.7467828 996.0 
20150702194427 -0.43394905 -7.4327993 -2.2026656 2.699719 -0.50915617 -0.3109304 996.0 
20150702194427 0.7404069 -4.882974 -2.4025815 2.1087067 -0.4016439 -0.7654142 996.0 
20150702194427 1.3742718 -2.4313118 -2.2870612 1.4370605 -1.1646146 -0.9230174 996.08 
20150702194427 1.775899 -0.97503865 -1.2006922 0.68630713 -1.5076154 -1.0815369 996.08 
20150702194427 1.0929531 -0.97264445 -3.1956608 0.37782016 -1.5308284 -1.3393221 996.08 
20150702194427 0.82899237 -0.46746787 0.81163436 0.57635134 -1.3063353 -1.4498887 996.08 
20150702194427 0.32022446 -0.8218097 1.9907787 1.0073168 -1.1566733 -1.2812898 996.08 
20150702194427 -0.14903906 -2.071583 1.6938977 1.3130548 -1.1896601 -1.131017 996.08 
20150702194427 -0.023942016 -3.8175547 1.5077485 1.5488489 0.41783184 -0.8857546 996.08 
20150702194427 -0.21906945 -6.50744 0.25977087 1.6927075 2.2244658 -0.6814202 996.08 
20150702194427 -2.110489 -9.3499565 -0.39324763 1.430341 2.937651 -0.4456262 996.08 
20150702194427 7.6410947 -8.689755 6.2823853 -0.118507855 3.3524284 0.102319926 996.08 
20150702194427 18.765753 -14.36102 19.608511 -2.1655173 2.8405235 1.0852021 996.08 
20150702194427 8.028357 -19.039291 16.849194 -1.8133535 0.86498517 0.6808093 996.08 
20150702194427 6.551733 -11.823167 0.8631097 1.5314392 -1.5577064 -1.0873401 996.08 
20150702194427 -0.4417302 -6.1596823 -3.1316159 1.9168952 -0.035430185 -1.3329079 996.08 
20150702194427 -7.423821 -10.291476 1.8082209 1.5943583 4.3142357 -1.7663169 996.08 
20150702194427 -14.6842375 -17.955317 16.598402 0.44806966 0.4251622 -0.5531385 996.08 
20150702194427 7.1353197 -15.051747 -7.811083 -0.3032946 -3.235448 2.32984 996.08 
20150702194427 6.729502 -18.242022 -8.116942 -0.8405506 -3.6425896 4.2131376 996.08 
20150702194427 1.1713632 -13.0041065 -3.5535939 -2.3909266 -0.86437434 2.2782218 995.94 
20150702194427 1.5490485 -10.404602 -2.1033063 -2.11451 1.0995574 0.2968805 995.94 
20150702194427 2.5965118 -10.636241 -1.6992847 -1.2599095 0.7965683 0.7189884 995.94 
20150702194427 2.724003 -10.179547 -1.638831 -1.1982121 0.75777835 0.8258898 995.94 
20150702194427 -3.5212722 -7.8452005 7.904457 -1.6471981 1.056186 0.50946164 995.94 
20150702194427 -1.2743138 -8.579023 2.5701754 -1.7965547 1.8148806 0.2947425 995.94 
20150702194427 -1.8309658 -7.845799 -1.287482 -1.0381655 1.5732834 0.54611355 995.94 
20150702194427 -2.6629508 -6.1129956 -0.108936176 -1.756543 0.2864958 0.28313604 995.94 
20150702194427 -2.190096 -4.262876 3.8893807 -2.598926 0.043982297 0.4792238 995.94 
20150702194427 -0.6769605 -5.191228 1.9405005 -2.1584923 -0.63529986 0.8756753 996.15 
20150702194427 1.0726024 -6.5565214 -3.1789012 -0.9486737 -1.4337007 0.73548174 996.15 
20150702194427 1.8171991 -6.555923 -2.9466639 -0.7174612 -1.4059063 0.84391034 996.15 
20150702194427 2.569577 -6.7229185 -1.0205284 -1.0885619 -1.5986344 1.0525209 996.15 
20150702194427 3.5936968 -8.522759 -0.18674773 -1.0797043 -2.046704 1.1264355 996.15 
20150702194427 5.6018333 -12.053609 3.0591912 -0.94134337 -1.7415768 1.1655309 996.15 
20150702194427 4.1335893 -11.217434 4.5058875 -1.105666 -1.2925909 1.3057245 996.15 
20150702194427 4.751293 -10.5362835 0.7811083 -0.93859446 -1.7763962 1.2938126 996.15 
20150702194427 7.019799 -11.505336 -0.65301853 -0.01863139 -1.7760907 1.1930199 996.15 
20150702194427 6.9767036 -11.200674 1.6759412 -0.1151481 -0.44776422 1.1050552 996.07 
20150702194427 6.253655 -12.270284 2.3403323 -0.679893 0.10476339 0.86009824 996.07 
20150702194427 4.9996915 -13.564948 4.123414 -0.20677789 -0.093767814 0.5155703 996.07 
20150702194427 7.4441714 -14.082694 1.0582372 0.04153884 -0.048563786 0.113926366 996.07 
20150702194427 4.4161053 -12.659342 0.4441244 0.6084218 -0.07727446 -0.20250183 996.07 
20150702194427 2.8874073 -13.681067 1.1558008 1.1096367 0.51007247 -1.2718215 996.07 
20150702194427 2.154183 -16.668432 -0.27712885 1.7574593 1.382388 -1.8753563 996.07 
20150702194428 -0.35194764 -19.524715 -3.3991678 2.4010057 1.6313156 -1.9611828 996.07 
20150702194428 -2.4468741 -19.608511 -5.168483 2.7959301 2.1768184 -2.0619757 996.07 
20150702194428 -8.257602 -19.608511 3.7367504 2.2290473 2.3084598 -1.8774943 996.03 
20150702194428 -5.7005944 -14.894927 5.5120506 1.4398094 1.2049317 -1.294118 996.03 
20150702194428 -1.3347675 -8.553286 -1.216853 2.0720549 -0.41447207 -0.34422258 996.03 
20150702194428 0.52492875 -6.3087215 -2.284667 2.6804767 -0.4089743 -0.28099802 996.03 
20150702194428 1.7645266 -3.9905357 -2.0039468 1.9712621 -0.063224554 -0.82894415 996.03 
20150702194428 2.2266076 -2.457648 -1.4508862 1.2718215 -0.79504114 -1.0574077 996.03 
20150702194428 1.7591397 -1.7543513 -0.504578 0.6389651 -1.2095132 -1.4114041 996.03 
20150702194428 0.6440403 -1.7220296 0.7248446 0.49571714 -1.5402967 -1.7296649 996.03 
20150702194428 0.11851298 -1.460463 0.9528923 0.6704246 -1.378112 -1.713477 996.03 
20150702194428 0.22924481 -1.074398 0.08499416 1.0250319 -0.3359759 -1.427592 996.07 
20150702194428 0.04309563 -2.0721815 -0.6027403 1.3924674 0.68325275 -1.0552697 996.07 
20150702194428 -1.3078327 -4.404134 0.11611878 1.4517213 2.026851 -0.9071349 996.07 
20150702194428 -2.0057425 -6.214749 -0.34117374 1.382388 2.6306913 -0.68966687 996.07 
20150702194428 -2.7299886 -9.077017 0.19752164 0.86101454 2.500577 -0.41722095 996.07 
20150702194428 3.2429461 -10.749367 7.314286 -0.5519168 2.352442 0.06963864 996.07 
20150702194428 15.14572 -15.6233635 19.608511 -1.8234328 1.5958854 0.9645562 996.07 
20150702194428 13.904326 -16.56608 18.367119 -0.9798279 -0.1853976 0.90133166 996.07 
20150702194428 10.227431 -11.206659 4.7459064 1.4975362 -2.1972823 -0.589485 996.07 
20150702194428 2.8496985 -6.7965403 -2.2583308 1.6636915 -1.4905112 -1.2113458 996.08 
20150702194428 -1.9758149 -12.011111 -4.064756 1.3002267 2.819143 -1.0778717 996.08 
20150702194428 -12.949039 -19.608511 10.744578 0.18936823 -1.5839735 -0.06291912 996.08 
20150702194428 1.6897079 -17.49084 1.5592239 -1.3591752 -2.1374176 2.0925188 996.08 
20150702194428 1.7687165 -11.903373 -4.9907136 -1.6175711 -1.2883148 3.887852 996.08 
20150702194428 -2.124854 -11.13244 -4.1222167 -2.1493294 -1.6233743 1.890628 996.08 
20150702194428 -0.7577648 -9.674371 -2.5079262 -1.5180001 0.86315256 -0.32925636 996.08 
20150702194428 0.9828198 -9.603742 -1.9351135 -0.8533788 0.28527406 0.3378085 996.08 
20150702194428 1.8860323 -8.881291 -2.3289597 -0.68752885 -0.6908886 0.9370673 996.08 
20150702194428 1.6777369 -7.93618 -2.7246015 -0.96577793 -0.21991149 0.91813046 995.97 
20150702194428 0.30466217 -7.1083846 1.7184383 -1.7794504 0.8381071 0.5164866 995.97 
20150702194428 -3.7355533 -5.7784057 8.576629 -2.5949554 1.9407189 0.15271631 995.97 
20150702194428 -0.04129998 -7.323863 -0.16280572 -2.0097466 2.0332649 0.61727935 995.97 
20150702194428 -0.044891283 -7.902063 -0.25258827 -1.3197744 1.3219124 0.8915578 995.97 
20150702194428 0.55485624 -6.393117 1.4024036 -2.0512855 -0.0021380284 0.464563 995.97 
20150702194428 1.1677719 -5.8125234 -1.4185646 -1.7418822 -1.6991217 0.6585127 995.97 
20150702194428 1.38325 -5.471948 -2.297835 -1.074512 -2.0589213 0.766025 995.97 
20150702194428 1.858499 -5.4085016 -1.3748703 -0.81581056 -1.9401081 0.88086766 995.97 
20150702194428 1.6519991 -7.976283 2.5222914 -0.904386 -1.9905044 1.0094548 996.02 
20150702194428 1.3042414 -12.03266 8.245032 -1.3949108 -1.96271 1.2287555 996.02 
20150702194428 4.3819876 -10.585963 0.109534726 -1.5842791 -1.2910637 1.4150693 996.02 
20150702194428 6.3284736 -12.283452 -3.8307228 -0.35246924 -0.799928 1.2846496 996.02 
20150702194428 7.9182234 -12.150574 -3.221997 0.36071593 -0.4783075 0.9615019 996.02 
20150702194428 9.296685 -11.287464 1.5424645 0.12736541 0.28893927 0.8170323 996.02 
20150702194428 8.768166 -13.158532 8.487445 -0.59742624 -0.62949663 0.675617 996.02 
20150702194428 8.1079645 -13.634978 6.2105594 -0.5830709 -2.2427917 0.3631594 996.02 
20150702194428 5.261258 -13.468581 -1.0319009 0.36987892 -1.9532416 -0.03268129 996.02 
20150702194428 2.6844985 -14.297574 -1.4149733 0.99387777 0.036651913 -0.9077458 996.09 
20150702194428 2.4408886 -17.02457 -1.2826935 1.2825116 1.8350391 -1.9077321 996.09 
20150702194428 -0.74878657 -19.608511 0.21428105 2.0421226 2.56991 -1.9990565 996.09 
20150702194429 -3.8947675 -19.608511 -3.0101101 2.6578746 2.6154196 -1.9862283 996.09 
20150702194429 -7.1688385 -19.604322 -2.4875755 3.0133982 2.0952678 -1.7702875 996.09 
20150702194429 -9.31105 -16.195578 6.5708866 2.198504 1.4831808 -1.1921035 996.09 
20150702194429 -3.2495303 -9.191938 2.1721394 1.7238617 -0.014660766 -0.11209377 996.09 
20150702194429 -0.32800564 -6.9437833 -2.243367 2.4825563 -0.9746355 0.25228736 996.09 
20150702194429 0.31064767 -5.7885814 -2.6797101 2.6603181 -0.63071835 -0.5671884 996.09 
20150702194429 1.0636241 -3.5805287 -2.9855695 1.7110336 -0.8579602 -1.0726794 996.05 
20150702194429 2.054225 -1.496376 -2.1458032 0.90377516 -1.1420126 -1.2712106 996.05 
20150702194429 1.763928 -1.1264719 -2.1918917 0.5213735 -1.5430456 -1.4358387 996.05 
20150702194429 1.4760253 -0.66020113 2.1380222 0.54458636 -1.7571539 -1.7397442 996.05 
20150702194429 1.1109096 -0.24420857 2.9712043 1.0277808 -1.9068159 -1.8603901 996.05 
20150702194429 1.2024878 -0.8050503 2.6922798 1.5387696 -1.7712038 -1.9321668 996.05 
20150702194429 2.0207062 -2.6300306 3.205836 2.0702224 -0.80756384 -1.9727893 996.05 
20150702194429 1.4814123 -5.8280854 1.7675194 2.2149973 0.9184359 -1.9123137 996.05 
20150702194429 -0.4177882 -6.823475 0.79487497 1.119716 2.5650232 -1.3454307 996.05 
20150702194429 3.2142158 -8.992023 3.7642837 -0.82894415 3.6221254 -0.36987892 996.0 
20150702194429 13.8720045 -9.895236 15.433024 -2.1111503 2.7000244 1.001819 996.0 
20150702194429 12.394782 -19.363106 19.608511 -1.9617938 0.42058071 1.6685784 996.0 
20150702194429 10.9660425 -13.671491 8.583812 0.0036651916 -1.0085385 0.52381694 996.0 
20150702194429 2.3918076 -7.8547773 -1.4454993 1.5861117 -0.45753807 -0.15332718 996.0 
20150702194429 -2.0632033 -10.815806 -3.120842 1.260215 2.896723 -1.2360858 996.0 
20150702194429 -8.796896 -19.393633 5.763442 0.42852196 1.1609493 -0.41233405 996.0 
20150702194429 -0.15502456 -19.266142 2.0907366 -0.5665775 -1.7953329 1.2333369 996.0 
20150702194429 2.966416 -12.794015 -1.9686323 -1.0528263 -2.6285532 3.428481 996.0 
20150702194429 -0.7290344 -10.605715 -4.1455603 -1.4935656 -3.690237 2.2021692 995.87 
20150702194429 -0.6428431 -10.268731 -5.4246626 -0.61483586 0.3286455 -0.073303826 995.87 
20150702194429 1.6065093 -10.286688 -4.0557775 -0.3203988 1.7785342 0.13133603 995.87 
20150702194429 2.3822308 -10.31901 -2.967613 -0.95294976 1.3591752 0.81153446 995.87 
20150702194429 -1.1803415 -7.349601 9.509769 -1.93797 1.0626001 0.52778757 995.87 
20150702194429 -3.3782187 -8.573038 3.3740287 -2.4581218 1.5528195 0.09987647 995.87 
20150702194429 -0.015562311 -8.758589 -2.5911248 -1.0290025 1.6584991 0.5714644 995.87 
20150702194429 -0.52971715 -6.997653 -0.44891283 -1.6041322 0.86284715 0.86834496 995.87 
20150702194429 0.43035775 -5.0284224 0.18674773 -2.3704627 -0.54519725 0.7312057 995.87 
20150702194429 0.3752911 -4.5447936 1.7902644 -1.8277088 -1.6465873 0.9098838 996.2 
20150702194429 1.002572 -5.046977 1.7010803 -1.0125091 -2.4404066 1.108415 996.2 
20150702194429 2.303222 -7.0808516 -0.11611878 -0.91721416 -2.6426032 1.3616186 996.2 
20150702194429 3.0172927 -8.220491 -0.866701 -1.1578951 -1.7757853 1.425454 996.2 
20150702194429 3.9217024 -9.595961 0.42078096 -1.069625 -1.0809261 1.3665055 996.2 
20150702194429 3.946243 -10.292673 3.8792052 -0.93859446 -0.7800749 1.3429873 996.2 
20150702194429 3.481768 -10.048465 4.789002 -0.9584476 -1.0693196 1.3081679 996.2 
20150702194429 5.2528787 -11.680712 0.20829555 -0.7031059 -1.9504927 1.2226468 996.2 
20150702194429 6.4469867 -11.148002 -1.311424 -0.115453534 -1.4306464 0.9877691 996.2 
20150702194429 6.5643024 -10.509348 -0.094570965 -0.15454891 0.20311269 0.72692966 996.07 
20150702194429 7.6267295 -10.912771 3.5284548 -0.21563543 0.2510656 0.55833083 996.07 
20150702194429 8.513183 -13.713987 5.246893 -0.16187929 -0.44440445 0.6227771 996.07 
20150702194429 5.2917843 -14.372992 2.2266076 0.27000242 -0.83291477 0.29016098 996.07 
20150702194429 3.020884 -13.789405 1.2234371 0.9233228 -0.48899764 -0.8555168 996.07 
20150702194429 3.6577415 -14.306552 -0.49559975 1.3417655 1.0064005 -1.4727961 996.07 
20150702194429 1.3198037 -18.53172 -2.6018987 2.195755 1.5711454 -1.8060231 996.07 
20150702194430 -3.2638955 -19.608511 -3.0280666 2.6975808 2.2653937 -2.3182335 996.07 
20150702194430 -7.7649946 -19.608511 2.15957 2.4425447 2.3289237 -2.3790147 996.07 
20150702194430 -8.130111 -17.87152 6.163274 1.8832976 1.0922271 -1.7956384 996.0 
20150702194430 -1.9375077 -9.399037 0.074220255 1.9532416 -0.109650314 -0.47769663 996.0 
20150702194430 0.9947908 -7.3340383 -1.447295 2.4104743 -0.84696466 0.023518313 996.0 
20150702194430 1.9153614 -5.5856724 -0.90620536 1.7348573 -0.79198676 -0.70616025 996.0 
20150702194430 2.5246856 -3.2118216 -1.8698715 1.1710287 -1.0595458 -0.9807441 996.0 
20150702194430 2.3157916 -1.8136078 -0.82121116 0.79137594 -1.2205088 -1.2767084 996.0 
20150702194430 1.733402 -1.4089876 0.56203884 0.51251596 -1.4236214 -1.5247196 996.0 
20150702194430 1.2779051 -1.0271125 1.553837 0.5693264 -1.2541064 -1.5317446 996.0 
20150702194430 1.4305356 -1.1204864 -0.08559271 0.8213083 -0.71959925 -1.2492194 996.0 
20150702194430 0.6919243 -2.3558946 -0.6715736 1.1560625 1.0250319 -0.9596693 996.08 
20150702194430 -0.39324763 -3.1519666 -1.5753847 1.4141531 2.6719246 -0.93859446 996.08 
20150702194430 -1.6472107 -5.0613422 -1.091756 1.4895949 2.6367998 -0.8698721 996.08 
20150702194430 -3.7463272 -8.544906 0.42796355 0.9783007 1.9804251 -0.6386596 996.08 
20150702194430 -0.65062433 -9.497798 2.5306711 -0.7901542 1.1575897 -0.27183503 996.08 
20150702194430 12.410943 -10.011953 15.018229 -2.1209242 1.0027353 0.37048978 996.08 
20150702194430 15.239693 -19.562424 19.608511 -2.6196957 0.75319684 1.2550226 996.08 
20150702194430 9.76954 -16.55411 8.525154 0.2773328 -0.605062 0.059253927 996.08 
20150702194430 3.7750576 -11.22282 -0.33638534 1.7574593 -1.5522085 -0.93645644 996.08 
20150702194430 -0.12210429 -10.423157 -1.7322049 1.2751812 3.3777795 -1.4141531 996.08 
20150702194430 -2.5875335 -14.4531975 -1.8902222 0.70463306 2.8686233 -0.80848014 996.08 
20150702194430 -6.4188547 -18.282722 6.4787097 -0.34513888 -3.4281757 1.0659598 996.08 
20150702194430 0.6278794 -12.874221 0.076614454 -0.9663888 -3.1505375 2.8212812 996.08 
20150702194430 -0.30166942 -10.204087 -2.822764 -1.003957 -2.1209242 2.9529226 996.08 
20150702194430 -1.8668787 -10.684125 -4.1180267 -1.2669345 -0.7644979 0.63713247 996.08 
20150702194430 -0.60214174 -11.350311 -3.2441432 -1.0876455 1.5430456 -0.10934488 996.08 
20150702194430 1.6777369 -9.911396 -2.9047651 -1.0170907 1.754405 0.50243664 996.08 
20150702194430 1.3958195 -8.588001 -2.8933928 -1.2064588 1.4101825 0.97524637 996.08 
20150702194430 -1.763928 -6.2464724 5.1116204 -1.7492126 1.5216653 0.38331795 995.99 
20150702194430 -4.392163 -5.934029 5.692813 -2.364354 1.7281377 -0.09040806 995.99 
20150702194430 0.60932434 -8.042124 -3.3620577 -1.3521502 1.6221527 0.3295618 995.99 
20150702194430 1.2018893 -7.721899 -1.3754689 -1.2330315 0.9896017 0.74128497 995.99 
20150702194430 1.1671734 -6.4978633 1.9806033 -2.1875083 -1.1438452 0.528093 995.99 
20150702194430 1.8046296 -5.7736173 -0.20949265 -1.8576412 -2.7999008 0.62888575 995.99 
20150702194430 2.6647465 -6.1088057 -1.3790601 -0.8732319 -2.6224444 0.850019 995.99 
20150702194430 3.5972881 -6.585252 0.60693014 -0.7849618 -1.5784758 0.95233893 995.99 
20150702194430 2.8179753 -8.39886 3.8253357 -1.0143417 -1.2483032 1.0137309 995.99 
20150702194430 2.1918917 -9.694721 3.9510314 -1.1468995 -1.6279559 1.183246 996.08 
20150702194430 1.7244238 -10.445902 1.5472529 -1.0552697 -1.536326 1.2617421 996.08 
20150702194430 2.3720553 -11.10311 -0.18315643 -0.63529986 -0.43157628 1.0684034 996.08 
20150702194430 5.3384714 -12.307394 -1.5795746 -0.43157628 -0.08032878 0.98746365 996.08 
20150702194430 6.543952 -10.603321 0.04309563 -0.28588495 -0.25717425 1.0033462 996.08 
20150702194430 6.10701 -10.542269 1.7633295 -0.38820487 -0.118202426 0.9932669 996.08 
20150702194430 5.613206 -12.493543 3.5613751 -0.30207285 -0.7440339 0.6881397 996.08 
20150702194430 6.047155 -14.751874 2.944868 -0.18203785 -1.0809261 0.38759398 996.08 
20150702194430 3.8355112 -14.7638445 1.1150994 0.14905111 -0.7089091 -0.09254608 996.08 
20150702194430 3.709217 -14.315531 1.4975731 0.7461719 -0.06627888 -0.78954333 996.07 
20150702194430 3.6709096 -15.110406 0.1604115 1.4581354 0.7883216 -1.2342533 996.07 
20150702194430 0.6356605 -17.853561 -1.6525977 2.2085834 1.1640037 -1.4544702 996.07 
20150702194431 -2.4959552 -19.608511 -3.9911342 2.8420506 1.8576412 -1.9275852 996.07 
20150702194431 -5.0505686 -19.46127 -2.307412 2.754086 2.2763894 -1.88849 996.07 
20150702194431 -8.860342 -18.12231 6.643311 2.1389446 1.5079209 -1.534799 996.07 
20150702194431 -3.204639 -10.196905 2.6312277 1.6542231 0.33841935 -0.7296785 996.07 
20150702194431 0.28072014 -7.0461354 -0.6823475 2.456289 -0.7623598 -0.023823744 996.07 
20150702194431 0.51714754 -6.063316 -1.0726024 2.4767532 -0.25259277 -0.66645396 996.07 
20150702194431 1.316811 -3.7714663 -2.3104045 1.9361374 -0.59498274 -0.9483683 996.02 
20150702194431 1.5113398 -2.022502 -1.3455414 1.2003502 -0.9841039 -1.0256428 996.02 
20150702194431 1.5011644 -1.2114661 -0.15322891 0.5549711 -1.3988814 -1.2061534 996.02 
20150702194431 0.96426475 -1.2012907 0.7721301 0.47342056 -1.3625349 -1.4056009 996.02 
20150702194431 0.6398504 -1.5233108 0.65421563 0.7012733 -0.73761976 -1.4089607 996.02 
20150702194431 0.22385786 -2.5594015 0.16220717 1.1377366 0.09437868 -1.1722504 996.02 
20150702194431 -0.8026561 -4.529231 0.1448492 1.5262468 1.4987578 -1.0009027 996.02 
20150702194431 -0.96785605 -6.8569937 0.9564836 1.861001 1.9617938 -0.86070913 996.02 
20150702194431 -1.1007342 -8.27496 0.50876784 1.6801848 1.2944235 -0.64812803 996.02 
20150702194431 -0.6655881 -7.8709383 2.119467 0.03268129 0.56138515 -0.54244834 996.08 
20150702194431 5.2319293 -8.234259 6.839636 -1.244638 0.7858781 0.0983493 996.08 
20150702194431 15.649699 -12.048222 18.917786 -1.5806139 0.53969944 0.79504114 996.08 
20150702194431 14.504672 -18.301277 19.058445 -1.2342533 -0.10567969 0.9309586 996.08 
20150702194431 9.606734 -12.952033 7.958925 0.93401295 -1.1172725 -0.376293 996.08 
20150702194431 2.6797101 -7.608773 -3.3381157 1.4266758 0.19058995 -0.8008443 996.08 
20150702194431 -1.6687586 -12.770672 -5.6976013 1.2284501 3.111442 -0.86926126 996.08 
20150702194431 -13.256096 -19.608511 11.267712 -0.10415252 0.15577064 -0.14446963 996.08 
20150702194431 -1.4191631 -15.330672 1.7262194 -1.1172725 -1.8671097 1.8503108 996.08 
20150702194431 0.36750996 -8.26658 -3.2507274 -0.5540548 -2.0412061 3.335935 995.99 
20150702194431 -1.1629834 -9.211093 -2.7138276 -1.2928963 -2.5497515 1.3732251 995.99 
20150702194431 -0.9684546 -10.866683 -2.598906 -1.3087788 0.4370741 -0.3491095 995.99 
20150702194431 0.7248446 -11.529877 -2.1170728 -1.0186177 0.8940013 0.050396383 995.99 
20150702194431 2.3535004 -10.21546 -3.3985693 -0.83108217 0.80756384 0.77182823 995.99 
20150702194431 2.1164744 -8.37013 -3.457826 -1.1325442 1.2782356 1.0906999 995.99 
20150702194431 -1.869273 -5.2205567 7.905654 -2.0662518 2.377182 0.41447207 995.99 
20150702194431 -1.039682 -6.7588315 2.9161377 -2.5552492 2.449875 -0.046120327 995.99 
20150702194431 1.0432734 -8.106767 -1.1468226 -1.4566082 1.7956384 0.4700608 995.99 
20150702194431 0.7954735 -7.419631 2.272696 -2.0335703 -0.3753767 0.50915617 996.02 
20150702194431 1.4670471 -6.0184245 1.6472107 -2.3475552 -1.7345519 0.56596667 996.02 
20150702194431 1.2126632 -5.533 -2.641403 -1.5357152 -1.491122 0.7272351 996.02 
20150702194431 0.7823054 -5.910087 -2.2457612 -0.7110472 -0.59864795 0.74067414 996.02 
20150702194431 0.3286042 -6.67683 0.59615624 -1.0815369 -0.47311515 0.7825184 996.02 
20150702194431 -0.07182605 -9.0429 3.164536 -1.2788464 -1.1603385 0.87109387 996.02 
20150702194431 1.7764976 -11.186908 2.5893292 -1.2260065 -1.4025466 0.98868537 996.02 
20150702194431 2.8263552 -11.414356 0.8218097 -0.93859446 -1.2311989 1.042747 996.02 
20150702194431 4.2383356 -11.641207 -0.5398925 -0.5861252 -1.0897835 0.9819659 996.02 
20150702194431 6.379949 -11.022306 -0.089782566 -0.3277292 -0.977079 0.92485 996.05 
20150702194431 7.3885064 -10.661979 1.276708 -0.18325958 -0.8668178 0.8396343 996.05 
20150702194431 8.321647 -11.143812 3.1052797 -0.20005837 -1.0085385 0.605062 996.05 
20150702194431 7.4585366 -13.338098 5.5683146 -0.14080444 -1.3213016 0.31764993 996.05 
20150702194431 7.2322845 -13.67987 1.2473791 0.0 -0.926988 0.1826487 996.05 
20150702194431 3.4045548 -13.154942 -0.52492875 0.6432411 -0.46028697 -0.3100141 996.05 
20150702194431 2.1811178 -14.059351 -0.23882163 1.0897835 1.0968086 -1.3616186 996.05 
20150702194431 2.2098482 -16.930597 -0.38187516 1.5577064 1.7999145 -1.7168368 996.05 
20150702194431 -1.553837 -19.608511 0.4830302 2.3261747 1.7458528 -1.7589865 996.05 
20150702194432 -4.8859673 -19.517532 -1.4670471 2.8829784 1.9376645 -1.861001 996.0 
20150702194432 -4.586692 -16.969503 -2.4313118 2.9358184 1.7180585 -1.3222178 996.0 
20150702194432 -6.8252707 -15.150508 3.3273418 2.3237314 0.979217 -0.874759 996.0 
20150702194432 -3.7445314 -10.188525 4.657321 1.5057828 0.23273966 -0.6435465 996.0 
20150702194432 -0.3369839 -7.7386584 -0.10055647 1.954158 -0.7779369 -0.18875736 996.0 
20150702194432 0.7026982 -5.599439 -1.8046296 2.4492643 -0.28344148 -0.40622538 996.0 
20150702194432 1.6723499 -3.1872811 -2.0242975 2.0497584 -0.16890424 -0.52198434 996.0 
20150702194432 2.3295584 -1.4802152 -1.7459716 1.3206906 -0.5876524 -0.61483586 996.0 
20150702194432 2.1751323 -1.3611037 -0.7942764 0.7296785 -0.8894198 -0.97494096 996.0 
20150702194432 1.6118963 -1.9057846 0.7062895 0.56779927 -0.7984009 -1.2519683 995.95 
20150702194432 0.6206968 -2.742558 1.5849615 0.7641924 -0.6310238 -1.3286319 995.95 
20150702194432 0.007182605 -3.6834793 0.8038532 1.2757921 -0.25167647 -1.0980303 995.95 
20150702194432 0.13826515 -5.159505 0.47465047 1.627345 0.52595496 -0.72082096 995.95 
20150702194432 -0.1328782 -8.295909 0.0676362 1.518611 1.0775663 -0.4978552 995.95 
20150702194432 -2.2373815 -9.074024 1.1587936 0.6078109 1.2024882 -0.4083634 995.95 
20150702194432 -0.58119243 -8.333019 3.5272577 -0.874759 1.4840971 -0.2947425 995.95 
20150702194432 6.938995 -9.339182 13.982737 -1.4544702 1.5308284 0.22937989 995.95 
20150702194432 10.97502 -17.557878 19.478027 -1.6887369 0.8167268 1.0238101 995.95 
20150702194432 10.15381 -16.50802 14.4130945 0.17989981 -0.3643811 0.38698313 996.09 
20150702194432 5.3875523 -12.272079 0.76315176 1.9449949 -0.9746355 -0.63713247 996.09 
20150702194432 -3.1621418 -10.696694 -3.3979707 2.0992384 0.93737274 -1.3365731 996.09 
20150702194432 -7.12694 -14.39813 1.8088194 1.2657127 0.2501493 -1.2092078 996.09 
20150702194432 -2.5073278 -11.895591 0.9660604 -0.35735616 -2.8728993 1.1566733 996.09 
20150702194432 2.961029 -10.941502 -2.4235306 -0.8918633 -1.4724907 2.6160305 996.09 
20150702194432 2.4534583 -12.649765 -1.1737574 -1.6581937 -1.5317446 2.2385156 996.09 
20150702194432 2.5917234 -12.369044 -2.521693 -1.5497651 -0.6740898 0.59650993 996.09 
20150702194432 3.2375593 -11.6585655 -3.6475663 -0.8481864 0.960891 0.24037547 996.09 
20150702194432 3.0627825 -10.19092 -1.4748282 -0.84421575 2.7577512 0.4541783 995.92 
20150702194432 -1.4514848 -9.251195 2.813187 -1.4773777 3.4468071 0.35430184 995.92 
20150702194432 -0.90859956 -9.314642 0.23642741 -1.2883148 3.1783319 0.047647487 995.92 
20150702194432 -1.9895816 -8.928576 0.55964464 -1.6319265 0.41416663 -0.16310102 995.92 
20150702194432 -2.7670987 -7.701548 2.0368671 -2.3243423 -1.3286319 -0.19730948 995.92 
20150702194432 -1.5993267 -6.8563952 2.6048915 -2.377793 -1.2443326 0.2602286 995.92 
20150702194432 -0.46686932 -7.44896 0.985214 -1.5329664 -0.81214535 0.44623706 995.92 
20150702194432 0.16519992 -6.9719152 -1.3299791 -0.82527894 -0.17501289 0.4175264 995.92 
20150702194432 0.5255273 -7.074866 -0.78170687 -0.63316184 -0.0125227375 0.4822781 995.92 
20150702194432 1.1174936 -7.4447703 -0.30466217 -1.0732902 -0.7663304 0.6386596 996.08 
20150702194432 2.1583729 -8.859145 1.4556746 -1.0680978 -1.9480493 0.8231409 996.08 
20150702194432 3.8522706 -9.085996 1.9632454 -0.7834347 -2.2806654 0.91996306 996.08 
20150702194432 5.143344 -8.598776 3.9193082 -0.4990769 -2.0030272 1.0919216 996.08 
20150702194432 6.3793507 -9.021352 3.3022027 -0.6536258 -1.9049833 1.2672399 996.08 
20150702194432 7.281366 -8.875306 0.91458505 -0.5271767 -2.137723 1.284955 996.08 
20150702194432 6.813898 -8.704719 0.6925228 -0.18295415 -1.312444 1.0216721 996.08 
20150702194432 5.7095723 -9.207501 2.1110873 -0.30787608 0.36774087 0.6114761 996.08 
20150702194432 5.2145715 -10.76852 3.1106665 -0.30634892 0.5928447 0.21105394 996.08 
20150702194432 4.091092 -12.788629 4.052785 0.10140363 0.11942416 -0.05955936 995.98 
20150702194432 2.6779146 -13.742718 1.1210849 0.70005155 0.12797627 -0.34147367 995.98 
20150702194432 2.8089972 -13.461998 -2.059612 1.3319917 0.42913285 -0.5531385 995.98 
20150702194432 3.3423057 -15.686211 -3.394978 1.7116444 1.6664404 -0.81122905 995.98 
20150702194433 -0.1436521 -18.299482 -5.7454853 1.9037615 2.5448647 -1.1484267 995.98 
20150702194433 -3.650559 -19.608511 -5.691616 2.1600194 2.5262332 -1.7311921 995.98 
20150702194433 -8.379706 -19.608511 6.3823433 1.9694295 1.4486669 -1.5903877 995.98 
20150702194433 -4.619014 -13.614628 6.5577183 1.4892895 -0.7684685 -1.1410962 995.98 
