20150702194315 4.0222588 0.15622166 -2.0614076 -0.094989546 0.24251351 0.9114109 996.39 
20150702194315 2.569577 0.6374562 -1.9488802 -0.25534168 0.13927728 0.7687739 996.39 
20150702194315 1.7399861 0.61530983 -2.0386627 -0.3494149 -0.0143553335 0.6072 996.39 
20150702194315 2.2319946 -0.41000703 -2.0745757 -0.4343252 -0.08460484 0.4596761 996.39 
20150702194315 4.1796775 -1.7968484 -1.4047978 -0.5861252 -0.026572637 0.2556471 996.39 
20150702194315 5.7365074 -2.8868086 -0.41479546 -0.70554936 -0.036957346 0.034208454 996.4 
20150702194315 6.88752 -3.2303767 -0.034117375 -0.73364913 -0.12858713 -0.204029 996.4 
20150702194315 7.7189064 -2.247557 -0.2160767 -0.6291912 -0.086132 -0.29718593 996.4 
20150702194315 8.662222 -0.2136825 -0.712275 -0.5149594 0.21013765 -0.19608775 996.4 
20150702194315 9.636662 1.9949685 -0.83497787 -0.38545597 0.4642576 -0.020463986 996.4 
20150702194315 11.56998 3.383007 0.7811083 -0.4129449 0.6765333 3.0543262E-4 996.4 
20150702194315 12.51569 2.3882163 1.5376761 -0.54825157 0.52290064 -0.046120327 996.4 
20150702194315 14.210186 -1.5568297 1.946486 -0.68539083 -0.043066 -0.019242255 996.4 
20150702194315 16.398485 -3.0460231 2.110489 -0.68294734 -0.23945917 0.05100725 996.4 
20150702194315 16.457144 -3.8055837 -2.5701754 -0.71776664 -0.35979962 0.27214047 996.42 
20150702194315 15.875353 -3.5553896 -10.619482 -0.63285637 -0.47861293 0.45051312 996.42 
20150702194315 15.012842 -1.8806454 -9.212888 -0.095294975 -0.42149702 0.65026605 996.42 
20150702194315 13.44045 1.2012907 -7.495647 0.42546764 -0.50793445 0.7244862 996.42 
20150702194315 12.947843 4.295198 -7.216124 0.63194007 -0.5375614 0.79137594 996.42 
20150702194315 14.025832 3.301604 -5.9986725 0.4783075 -0.18325958 0.83199847 996.42 
20150702194315 12.884397 0.8026561 -4.5633483 0.29138273 0.12797627 0.54519725 996.42 
20150702194315 10.047267 -2.2284033 -3.6529531 0.028099801 0.26389378 0.17012598 996.42 
20150702194315 7.5267715 -3.8786068 -2.492364 0.046731193 0.3115413 -0.29229903 996.42 
20150702194315 5.456984 -3.6032736 -1.5514427 0.2415972 0.52656585 -0.59773165 996.37 
20150702194316 3.9240966 -1.9572599 -1.0283096 0.53786683 0.51007247 -0.86101454 996.37 
20150702194316 2.5582044 -0.7009025 -1.0187328 0.82802784 0.18570304 -0.95081174 996.37 
20150702194316 2.0931308 0.3890578 -1.4700398 1.1417072 -0.20219639 -0.8567385 996.37 
20150702194316 2.2026656 0.49200845 -1.9213469 1.4159856 -0.37965274 -0.6301075 996.37 
20150702194316 3.3728316 1.0055647 -1.7100586 1.5448782 -0.3182608 -0.47678033 996.37 
20150702194316 5.4366336 2.0482395 -1.4556746 1.6019942 -0.21166481 -0.28771752 996.37 
20150702194316 7.417835 2.1523874 -1.3521254 1.5155567 -0.1459968 -0.0852157 996.37 
20150702194316 9.119514 1.5263035 -1.7429788 1.3570372 -0.2519819 0.0021380284 996.37 
20150702194316 11.004948 0.8936358 -1.602918 1.2223413 -0.36102137 -0.009162978 996.37 
20150702194316 12.4947405 0.3716998 -0.94690675 1.1456778 -0.25289822 -0.079107046 996.37 
20150702194316 13.690644 1.0223241 0.45190558 1.104139 -0.13072516 -0.17654006 996.37 
20150702194316 12.073959 1.2198458 -0.53450555 1.1068878 -0.02107485 -0.17928895 996.37 
20150702194316 11.95365 2.5462334 0.56922144 1.0106765 0.058337633 -0.21135938 996.37 
20150702194316 13.494319 0.8936358 2.6635494 0.7464773 0.41325033 -0.18173242 996.37 
20150702194316 12.986749 1.400608 -2.2589293 0.59437186 0.37415496 -0.28588495 996.37 
20150702194316 13.825317 0.28191724 -9.102755 0.5821546 0.10751228 -0.4636467 996.37 
20150702194316 14.471153 4.1641154 -14.46876 0.32742378 0.03940081 -0.550695 996.37 
20150702194316 15.970523 5.869984 -7.491457 0.20219639 -0.048258353 -0.63224554 996.43 
20150702194316 14.210186 -0.6985083 -5.8903346 -0.06658431 -0.5726862 -0.80848014 996.43 
20150702194316 12.674904 -4.9057193 -6.2847795 -0.2751948 -0.63132924 -1.0177015 996.43 
20150702194316 12.300211 -3.5942953 -4.9266686 -0.17470746 -0.2574797 -0.81061816 996.43 
20150702194316 10.691906 0.5805939 -5.1930237 0.049480084 0.5143485 -0.23671028 996.43 
20150702194316 9.108741 3.2794578 -4.132392 0.31764993 0.80878556 0.2919936 996.43 
20150702194316 7.7063365 4.1305966 -3.7187939 0.47616947 0.93034774 0.6783658 996.43 
20150702194316 5.9849057 3.369839 -2.831742 0.45540005 0.6206391 0.87995136 996.43 
20150702194316 4.9416323 1.8028339 -2.6426 0.13561209 0.23273966 0.9999864 996.43 
20150702194316 4.0653543 0.4770447 -2.235586 -0.34025195 -0.26083946 0.8906415 996.42 
20150702194316 3.3530796 -0.24361002 -2.0099323 -0.7715228 -0.4728097 0.65301496 996.42 
20150702194316 2.995745 -1.3156139 -0.7080852 -1.0656544 -0.46731192 0.36102137 996.42 
20150702194316 3.9653966 -2.6126726 0.2112883 -1.1881329 -0.22968534 0.15088372 996.42 
20150702194316 5.4019175 -3.5877113 0.007182605 -1.169807 -0.0852157 -0.047647487 996.42 
20150702194316 6.7504516 -3.8013937 -0.6368576 -0.96669424 0.03481932 -0.1881465 996.42 
20150702194316 8.085219 -2.8269536 -0.83976626 -0.7626653 0.079107046 -0.2932153 996.42 
20150702194316 9.206305 -1.7411832 -0.46627077 -0.5479461 0.1459968 -0.34666604 996.42 
20150702194316 10.864887 0.4429273 -0.2172738 -0.38606682 0.17440203 -0.35124752 996.42 
20150702194316 11.312004 2.5276785 0.533907 -0.2452624 0.21777347 -0.22449298 996.43 
20150702194316 11.626842 0.038307227 0.7128736 -0.31031954 0.41508293 -0.119729586 996.43 
20150702194316 13.314156 -3.0651767 1.46585 -0.28130344 0.462425 -0.102319926 996.43 
20150702194316 15.593435 -3.1471782 0.961272 -0.23426682 0.38331795 0.12767084 996.43 
20150702194316 16.802507 0.62368953 -3.1597476 -0.17654006 0.13041973 0.42149702 996.43 
20150702194316 15.746665 0.7565677 -7.9714947 -0.03940081 -0.071776666 0.7644979 996.43 
20150702194316 13.484144 -0.2717419 -8.132504 0.10170906 -0.3182608 0.8680395 996.43 
20150702194316 13.026852 1.543063 -6.603807 0.41813725 -0.49968776 0.67073005 996.43 
20150702194316 11.568783 2.9466639 -5.390545 0.516792 -0.20189096 0.6722572 996.43 
20150702194316 12.500127 2.2679076 -4.401141 0.34422258 -0.23304509 0.6243043 996.4 
20150702194316 12.620436 -0.011971008 -4.3658266 0.29565877 -0.073303826 0.49296826 996.4 
20150702194316 11.493365 -1.536479 -3.0280666 0.26633725 0.14874569 0.26389378 996.4 
20150702194316 9.212888 -1.3617022 -2.1511903 0.32742378 0.14660765 -0.15118915 996.4 
20150702194316 7.038953 -0.6254852 -1.87047 0.42455134 0.24740042 -0.4810564 996.4 
20150702194316 4.9996915 -0.22445641 -1.2401965 0.573297 0.25473082 -0.6417139 996.4 
20150702194317 3.5577838 -1.0636241 -0.8996213 0.7672467 0.13775012 -0.7706065 996.4 
20150702194317 3.4674027 -1.4024036 -0.8110358 0.92485 -0.19303341 -0.80664754 996.4 
20150702194317 3.9223008 -0.20290859 -1.0133458 1.1123856 -0.29168814 -0.6221663 996.4 
20150702194317 4.31914 1.4975731 -0.89303726 1.2672399 -0.27183503 -0.27580565 996.4 
20150702194317 4.8320975 2.9747956 -0.7152678 1.2822062 -0.17806722 -0.095294975 996.4 
20150702194317 5.5312047 3.3315318 -1.1180922 1.2098186 -0.09743301 0.07360926 996.4 
20150702194317 6.9491706 2.6138697 -1.2880806 1.0283916 -0.024129177 0.15210545 996.4 
20150702194317 8.549096 1.3317747 -0.84216046 0.8481864 -0.00580322 0.100792766 996.4 
20150702194317 10.410587 -0.40462008 0.36511576 0.6765333 -0.070554934 -0.021380283 996.4 
20150702194317 12.683284 -1.7878702 0.8110358 0.61941737 -0.09193522 -0.15851954 996.4 
20150702194317 12.947843 -0.84335756 -0.6943185 0.7125743 -0.14996742 -0.24220806 996.4 
20150702194317 14.417883 3.007716 1.5879543 0.7690793 -0.23915374 -0.12644911 996.4 
20150702194317 15.231912 2.0769699 3.232771 0.623388 -0.105374254 -0.08032878 996.4 
20150702194317 14.672267 1.8387469 -2.5198972 0.5177083 -0.11881329 -0.3943135 996.4 
20150702194317 15.712547 1.6472107 -10.463859 0.5531385 -0.17623462 -0.63499445 996.4 
20150702194317 18.929756 6.259042 -12.80838 0.11178834 -0.22143865 -0.7602218 996.4 
20150702194317 17.637486 2.9993362 -4.3766007 -0.056199603 -0.23823744 -0.88086766 996.4 
20150702194317 12.409746 -2.4971523 -6.5828576 -0.30298916 -0.605062 -1.1478158 996.4 
20150702194317 10.991181 -5.315128 -5.490503 -0.14721853 -0.16707164 -1.1227703 996.4 
20150702194317 11.165958 -2.2720973 -4.144363 -0.005497787 0.8362745 -0.7296785 996.4 
20150702194317 9.257181 2.4462755 -3.7966053 0.46853364 1.1102476 -0.1731803 996.4 
20150702194317 8.237251 4.8733974 -3.5685577 0.7415904 1.2205088 0.2828306 996.4 
20150702194317 7.150882 5.703587 -3.506907 0.7556403 1.1267409 0.5748242 996.4 
20150702194317 5.7257333 4.742315 -2.7162218 0.4978552 0.6554584 0.7318166 996.4 
20150702194317 4.258686 2.2972364 -2.4372973 0.13836098 0.032375857 0.8552113 996.4 
20150702194317 3.0334535 -0.24121583 -1.9351135 -0.35124752 -0.20647246 0.8695667 996.4 
20150702194317 1.6998832 -2.0278888 -1.4107834 -0.6533204 -0.28985557 0.72326446 996.4 
20150702194317 2.1996727 -2.5779567 -1.0163386 -0.7849618 -0.27550024 0.5479461 996.4 
20150702194317 3.7361517 -2.0632033 -0.88944596 -0.8045095 -0.10323623 0.40744713 996.4 
20150702194317 6.259042 -1.4867992 -0.5482722 -0.7874053 -0.05009095 0.26175576 996.4 
20150702194317 8.343793 -1.2144588 -0.5033809 -0.7425067 -0.12980886 0.07391469 996.39 
20150702194317 9.671976 -0.7637503 -0.85473 -0.6936375 -0.23273966 -0.13652839 996.39 
20150702194317 10.972627 -0.2837129 -0.9816227 -0.6453791 -0.21471913 -0.25045475 996.39 
20150702194317 12.008718 0.26396075 0.4177882 -0.5858198 -0.051618114 -0.20830505 996.39 
20150702194317 11.750143 0.9355343 1.4371196 -0.5271767 0.074830994 -0.09040806 996.39 
20150702194317 10.499771 -0.95947635 0.7380127 -0.58062744 0.10903945 0.12156218 996.39 
20150702194317 12.085332 -2.5821466 1.8764555 -0.6246097 0.2321288 0.17531833 996.39 
20150702194317 15.037981 -1.9027919 2.3822308 -0.605062 0.22479841 0.22876903 996.39 
20150702194317 15.167268 0.12689269 -2.1003134 -0.58368176 -0.106595986 0.45906523 996.39 
20150702194317 14.44781 -0.83617496 -7.6225395 -0.5564982 -0.3817908 0.6637051 996.4 
20150702194317 13.791799 -1.2958617 -7.3047094 -0.33169982 -0.43768495 0.70646566 996.4 
20150702194317 12.835914 0.62009823 -7.4962454 0.11209377 -0.5858198 0.6258314 996.4 
20150702194317 13.682862 3.638588 -5.1529207 0.32375857 -0.5335908 0.6435465 996.4 
20150702194317 14.964958 3.8474822 -4.4400473 0.23609942 -0.4196644 0.68203104 996.4 
20150702194317 14.355634 1.5735891 -3.9636009 0.2302962 -0.2507602 0.5665775 996.4 
20150702194317 11.976396 -0.62847793 -3.318962 0.23182335 0.010079277 0.3191771 996.4 
20150702194317 8.435969 -1.6543933 -2.9502552 0.24678956 0.14966199 -0.1001819 996.4 
20150702194317 5.5467668 -1.3557167 -2.4037786 0.2941316 0.35888332 -0.4831944 996.4 
20150702194317 3.4410665 -0.9379285 -1.946486 0.42394048 0.44959682 -0.70524395 996.37 
20150702194317 2.8257565 -0.3764882 -1.3036429 0.5571091 0.23457226 -0.7968737 996.37 
20150702194318 2.7018566 0.82121116 -1.2294226 0.7516697 -0.019242255 -0.7852673 996.37 
20150702194318 3.8109705 0.7799112 -1.4305356 0.9398162 -0.28221974 -0.4700608 996.37 
20150702194318 3.9097314 1.1091139 -1.721431 1.031446 -0.42332962 -0.047647487 996.37 
20150702194318 4.9188876 2.0087352 -1.5143325 0.9810496 -0.32467487 0.16554448 996.37 
20150702194318 7.0329676 2.6036944 -1.2228385 0.8689558 -0.20341812 0.22418754 996.37 
20150702194318 8.854357 2.1068976 -0.9983821 0.72509706 -0.2660318 0.26328292 996.37 
20150702194318 10.338163 1.4772224 -0.7799112 0.6609562 -0.3735441 0.18997909 996.37 
20150702194318 11.049241 0.16400282 0.19393034 0.68203104 -0.38453966 0.05467244 996.4 
20150702194318 11.957242 -1.0229226 1.1498153 0.68752885 -0.14508049 -0.094989546 996.4 
20150702194318 12.096106 -1.5616181 0.39264908 0.7828238 0.112399206 -0.13836098 996.4 
20150702194318 12.798205 1.8920178 0.92535895 0.9025534 0.17165314 -0.030848695 996.4 
20150702194318 14.616601 4.5537715 2.0398598 0.8875872 0.30665436 0.09254608 996.4 
20150702194318 14.173076 2.9370868 -0.6769605 0.6017023 0.17195857 -0.1337795 996.4 
20150702194318 15.140931 2.5893292 -6.5206084 0.41447207 -0.14844026 -0.58001655 996.4 
20150702194318 16.136919 1.6639702 -10.412383 0.22418754 -0.312763 -0.7666359 996.4 
20150702194318 14.780005 2.1416135 -8.938752 0.071776666 -0.39675698 -0.88789266 996.4 
20150702194318 12.70543 0.2669535 -6.4068837 -0.013744468 -0.6200282 -0.92149025 996.38 
20150702194318 11.719019 -1.9901801 -6.637924 -0.2593123 -0.27000242 -0.9651671 996.38 
20150702194318 11.887212 -1.282095 -5.288193 -0.13041973 0.14263703 -0.8555168 996.38 
20150702194318 10.651803 1.002572 -4.6273932 0.003970624 0.38056904 -0.61483586 996.38 
20150702194318 9.019556 2.9771898 -3.8977604 0.029626964 0.40653083 -0.18906279 996.38 
20150702194318 6.658275 3.6176388 -3.3488896 -0.004886922 0.54336464 0.28252518 996.38 
20150702194318 4.735132 3.3692403 -3.004723 -0.06047566 0.52290064 0.72082096 996.38 
20150702194318 4.208408 2.1033063 -2.6755204 -0.1740966 0.25045475 1.0247264 996.38 
20150702194318 3.9905357 0.207697 -2.147599 -0.37110063 -0.16432275 1.10139 996.38 
20150702194318 4.280234 -1.1779473 -2.0775685 -0.65057147 -0.41263947 0.95172805 996.35 
20150702194318 4.8440685 -2.0901382 -1.3102269 -0.8136725 -0.5458081 0.7076874 996.35 
20150702194318 5.753267 -2.5025394 -0.7703344 -0.9431759 -0.43982297 0.4288274 996.35 
20150702194318 6.4421983 -2.1272483 -0.26036942 -0.95142263 -0.2959642 0.12950343 996.35 
20150702194318 7.1754227 -1.483208 0.061052144 -0.8900307 -0.17165314 -0.089186326 996.35 
20150702194318 8.007407 -0.45010993 -0.23942018 -0.79626286 -0.08735373 -0.2910773 996.35 
20150702194318 8.550293 -0.13108255 -0.599149 -0.7122689 0.06383542 -0.36193767 996.35 
20150702194318 9.809045 0.4961983 -0.7517793 -0.66737026 0.23273966 -0.3191771 996.35 
20150702194318 11.319187 1.8596961 0.2753332 -0.5671884 0.3200934 -0.15271631 996.35 
20150702194318 11.313202 0.7469909 0.3800795 -0.5849035 0.2501493 -0.002443461 996.42 
20150702194318 12.790424 -1.6071079 1.5903485 -0.5739079 0.19700404 0.07819075 996.42 
20150702194318 15.081676 -1.8136078 2.7090392 -0.4859433 0.11209377 0.21899518 996.42 
20150702194318 15.131953 -0.62728083 0.8170213 -0.376293 -0.0870483 0.56779927 996.42 
20150702194318 13.6732855 0.08140286 -5.881955 -0.34269542 -0.26145032 0.7583892 996.42 
20150702194318 13.421296 -2.6473885 -9.044097 -0.28893927 -0.087964594 0.7141015 996.42 
20150702194318 13.793594 -1.9572599 -7.442376 0.086437434 -0.07391469 0.5842926 996.42 
20150702194318 13.837289 0.9259575 -7.9661074 0.29810223 -0.5897904 0.539394 996.42 
20150702194318 14.833277 5.121197 -5.8292828 0.4202753 -0.73792523 0.6627888 996.42 
20150702194318 14.838065 5.183447 -5.2361193 0.32620203 -0.4886922 0.68630713 996.37 
20150702194318 12.373833 2.2164323 -4.8309007 0.26389378 -0.007330383 0.6084218 996.37 
20150702194318 9.64145 -1.2922704 -3.5924997 0.04184427 0.3231477 0.28099802 996.37 
20150702194318 7.258621 -3.3584664 -2.404377 -0.061391957 0.72265357 -0.20005837 996.37 
20150702194318 4.871003 -4.0294414 -1.42455 -0.070554934 0.7797695 -0.63132924 996.37 
20150702194318 3.5087025 -2.0847511 -0.82360536 0.105068825 0.45998153 -0.9419542 996.37 
20150702194318 3.0693667 -0.11432313 -0.88525605 0.33322698 0.049785517 -0.9798279 996.37 
20150702194319 3.359065 1.1013328 -1.3611037 0.6713409 -0.2510656 -0.8594874 996.37 
20150702194319 3.913921 1.7423803 -1.2413936 0.9300423 -0.43096542 -0.6017023 996.37 
20150702194319 4.5567646 2.1146786 -1.2850877 1.042747 -0.3726278 -0.2452624 996.43 
20150702194319 5.3396683 1.5077485 -1.5125369 1.0198395 -0.22876903 0.011301007 996.43 
20150702194319 6.742072 0.85772276 -1.4993688 0.95233893 -0.099571034 0.10781772 996.43 
20150702194319 8.121132 0.4225766 -0.78050977 0.8323039 -0.04062254 0.14569137 996.43 
20150702194319 9.527127 0.5153519 -0.27832595 0.79351395 -0.070249505 0.08857546 996.43 
20150702194319 11.289858 0.207697 0.6500258 0.8313876 -0.06566802 -0.03848451 996.43 
20150702194319 12.457031 -1.003769 0.6697779 0.96791595 0.028405234 -0.116675265 996.43 
20150702194319 12.519879 -0.040102877 -0.24779987 1.1087204 0.018936822 -0.101098195 996.43 
20150702194319 14.616003 3.7630866 1.3628993 1.1319333 0.06780604 0.008857546 996.43 
20150702194319 15.175049 3.0172927 1.9985598 0.93309665 0.14630222 -0.040011674 996.42 
20150702194319 13.9755535 2.3116016 -2.7407625 0.7507534 0.0106901415 -0.45356745 996.42 
20150702194319 14.028226 1.401805 -9.753379 0.68325275 -0.10293079 -0.7150178 996.42 
20150702194319 15.974712 4.247314 -11.739369 0.3042109 -0.0033597588 -0.7819075 996.42 
20150702194319 15.1618805 3.0753522 -5.9771247 0.20158553 -0.04917465 -0.77640975 996.42 
20150702194319 12.683882 -0.62249243 -7.023391 -0.0842994 -0.32436943 -0.87017757 996.42 
20150702194319 12.607267 -3.4739866 -5.872977 -0.2134974 -0.037873644 -1.0009027 996.42 
20150702194319 12.45763 -1.501763 -5.088876 -0.15851954 0.4269948 -0.7831292 996.42 
20150702194319 10.486005 1.7411832 -4.4280763 0.024740042 0.57787853 -0.45814893 996.42 
20150702194319 8.566454 3.3518825 -3.2609026 0.15454891 0.70249504 0.018020526 996.36 
20150702194319 6.183026 3.6888664 -2.7856536 0.21624629 0.7883216 0.47708577 996.36 
20150702194319 4.572925 2.885013 -2.558803 0.14202617 0.54641896 0.8246681 996.36 
20150702194319 3.7361517 0.96426475 -1.9722236 -0.02443461 0.2049453 1.0546589 996.36 
20150702194319 3.819949 -0.54647654 -1.769315 -0.32528573 -0.20463985 1.0549643 996.36 
20150702194319 3.8241386 -1.3389573 -1.4622587 -0.58184916 -0.5030475 0.9089675 996.36 
20150702194319 3.7565024 -1.9243397 -0.78649527 -0.7620544 -0.5815437 0.61117065 996.36 
20150702194319 4.699818 -2.4157495 -0.22744916 -0.8863655 -0.47311515 0.2843578 996.36 
20150702194319 5.659294 -2.4570496 -0.11971009 -0.8454375 -0.34880406 0.057421334 996.36 
20150702194319 6.5762734 -1.6980876 -0.6548142 -0.7119634 -0.20525073 -0.057421334 996.37 
20150702194319 7.840412 -0.3441665 -0.66498953 -0.58093286 -0.049480084 -0.12614368 996.37 
20150702194319 9.53012 0.25977087 -0.8319851 -0.5305365 0.1704314 -0.14294247 996.37 
20150702194319 11.873445 0.8882488 -0.55006784 -0.5513059 0.26816985 -0.18173242 996.37 
20150702194319 12.39957 0.75477207 0.108337626 -0.58276546 0.36071593 -0.18845193 996.37 
20150702194319 12.150574 -1.2378023 1.1049241 -0.7021896 0.24831672 -0.1563815 996.37 
20150702194319 14.613608 -0.14425065 3.9187095 -0.70463306 0.24862215 -0.08552113 996.37 
20150702194319 15.269021 -0.219668 1.7040731 -0.7415904 0.2302962 0.226631 996.37 
20150702194319 15.385738 -1.6753427 -4.5220485 -0.7150178 -0.041233405 0.7473936 996.37 
20150702194319 15.346833 -3.7948096 -8.142081 -0.5510005 -0.24617869 0.90316427 996.32 
20150702194319 15.17864 -2.396596 -7.827244 -0.10903945 -0.3100141 0.82894415 996.32 
20150702194319 14.249091 1.8728642 -6.7785835 0.14446963 -0.46211955 0.6453791 996.32 
20150702194319 13.043013 5.2887917 -6.1303535 0.29077184 -0.47708577 0.66523224 996.32 
20150702194319 13.773843 5.3043537 -4.662708 0.1966986 -0.398895 0.6881397 996.32 
20150702194319 12.1128645 1.6801311 -3.9097314 0.1695151 0.04642576 0.573297 996.32 
20150702194319 9.579201 -1.7663223 -2.3678656 -0.032375857 0.441961 0.29626966 996.32 
20150702194319 7.27957 -3.5655649 -1.6460136 -0.06841691 0.6545421 -0.15027285 996.32 
20150702194319 5.746084 -3.457826 -1.091756 0.06658431 0.6270532 -0.49877146 996.32 
20150702194319 4.7441106 -1.8381484 -0.7799112 0.3707952 0.37751472 -0.74036866 996.41 
20150702194319 3.4955344 -0.49440265 -0.92535895 0.6230826 -0.07971791 -0.8426886 996.41 
20150702194319 3.1561563 -0.060453594 -1.7884687 0.958753 -0.36896262 -0.83108217 996.41 
20150702194320 3.639785 1.0301052 -1.7070658 1.2159272 -0.55863625 -0.69913524 996.41 
20150702194320 4.258686 1.4939818 -1.3964181 1.3399329 -0.47403142 -0.37232238 996.41 
20150702194320 4.9984946 1.6310499 -0.9504981 1.2996159 -0.3894266 -0.0693332 996.41 
20150702194320 6.51163 1.5520413 -0.7715315 1.2183707 -0.31642818 0.09132435 996.41 
20150702194320 8.411429 1.0696096 -0.3705027 1.1355985 -0.3359759 0.11148291 996.41 
20150702194320 9.949704 0.44532153 -0.95827925 1.1096367 -0.3631594 0.060170226 996.41 
20150702194320 10.992977 0.17357962 -0.88765025 1.1414018 -0.32925636 -0.042760566 996.39 
20150702194320 11.976396 -0.8714894 0.21308395 1.1911873 0.01160644 -0.16340645 996.39 
20150702194320 12.20564 -0.37110126 -0.032920275 1.280679 0.14752395 -0.15699236 996.39 
20150702194320 14.642938 4.8261123 1.5113398 1.357648 0.100792766 -9.162979E-4 996.39 
20150702194320 15.998055 3.5248635 3.2740707 1.0274754 0.14996742 0.092240654 996.39 
20150702194320 14.6124115 1.9387048 -3.132813 0.7281514 0.024129177 -0.43157628 996.39 
20150702194320 15.695189 1.2150574 -8.783728 0.59803706 -0.20341812 -0.81092364 996.39 
20150702194320 16.048334 3.6194344 -11.3880205 0.26297748 -0.22418754 -0.81122905 996.39 
20150702194320 15.491682 2.2260091 -6.533178 0.17256944 -0.32406402 -0.7443393 996.39 
20150702194320 13.61403 -1.5873557 -6.2021794 0.020158553 -0.35246924 -0.7791586 996.39 
20150702194320 12.163742 -4.23654 -5.623381 0.052534413 -0.16982053 -0.8940013 996.39 
20150702194320 10.98759 -2.6390088 -4.6255975 0.204029 0.3145956 -0.7119634 996.39 
20150702194320 9.308058 0.7649474 -4.2078094 0.28985557 0.6627888 -0.46181414 996.39 
20150702194320 7.33344 2.9873652 -3.232771 0.38515055 0.81061816 -0.07391469 996.39 
20150702194320 5.1996074 3.8061821 -3.1244333 0.38026363 0.84116143 0.27855456 996.39 
20150702194320 4.159327 4.1916485 -2.873042 0.24740042 0.571159 0.54428095 996.39 
20150702194320 3.9211037 2.5833437 -2.7982233 -0.0571159 0.08307768 0.79717916 996.39 
20150702194320 3.8708255 0.8182184 -2.6180596 -0.35460728 -0.42210788 0.8530733 996.39 
20150702194320 3.957017 -0.61171854 -2.1739352 -0.68783426 -0.6646214 0.72509706 996.41 
20150702194320 4.5232453 -1.8010383 -1.1665748 -0.99265605 -0.7144069 0.48349985 996.41 
20150702194320 5.3875523 -2.6246436 -0.52373165 -1.1884383 -0.5549711 0.2593123 996.41 
20150702194320 6.8450227 -2.846706 -0.42078096 -1.174083 -0.37843102 0.047036625 996.41 
20150702194320 8.034343 -2.622848 -0.3824737 -1.0247264 -0.1908954 -0.105068825 996.41 
20150702194320 9.64564 -2.3660698 0.15083471 -0.82833326 -0.08552113 -0.2501493 996.41 
20150702194320 10.84334 -1.1839328 -0.5542577 -0.6731735 -0.03756821 -0.28771752 996.41 
20150702194320 12.075755 1.4790181 -0.23163901 -0.5338962 -0.07666359 -0.18692477 996.41 
20150702194320 12.150574 2.4079683 -0.6512229 -0.32345316 0.03970624 -0.028405234 996.41 
20150702194320 12.066178 -0.26396075 -0.29448682 -0.2764165 0.19120082 0.07819075 996.37 
20150702194320 14.030621 -1.6352397 1.9602526 -0.36254853 0.27397305 0.09132435 996.37 
20150702194320 15.003863 -1.3575124 2.236783 -0.46792278 0.3549127 0.106595986 996.37 
20150702194320 13.220781 0.108936176 -2.8999767 -0.47952923 0.20952678 0.38820487 996.37 
20150702194320 11.799225 -1.8734628 -9.151836 -0.48716503 0.065973446 0.68233645 996.37 
20150702194320 12.147581 -2.1290438 -7.753622 -0.45020768 0.15882497 0.6973027 996.37 
20150702194320 12.194268 -0.3824737 -6.9330096 -0.073303826 0.11881329 0.60048056 996.37 
20150702194320 14.01446 2.7605145 -6.327875 0.19608775 -0.40133846 0.58062744 996.37 
20150702194320 17.09041 4.745308 -5.118803 0.30176744 -0.4279111 0.72509706 996.37 
20150702194320 15.9818945 2.5192988 -4.658518 0.2742785 -0.23182335 0.8029824 996.38 
20150702194320 12.761694 -0.076614454 -3.994127 0.2773328 -0.15210545 0.6939429 996.38 
20150702194320 9.053674 -2.15538 -3.063381 0.18997909 -0.015882496 0.3118467 996.38 
20150702194320 5.7125654 -3.1501708 -1.5975311 0.17745635 0.4615087 -0.2125811 996.38 
20150702194320 3.5350387 -2.3774424 -0.5129577 0.2648101 0.70738196 -0.6435465 996.38 
20150702194320 2.391209 -1.115698 -0.81343 0.48747048 0.5748242 -0.86742866 996.38 
20150702194320 2.4582467 -0.1592144 -1.1779473 0.73456544 0.27977628 -0.86926126 996.38 
20150702194320 2.959832 0.58897364 -1.2509704 1.0638218 0.12614368 -0.72051555 996.38 
20150702194321 3.6002808 0.943914 -0.97503865 1.2834278 -0.06963864 -0.37690386 996.38 
20150702194321 4.853047 1.7555484 -0.5153519 1.366811 -0.24831672 -0.04642576 996.39 
20150702194321 6.4505777 2.4199393 -0.25498247 1.3087788 -0.29046643 0.13439035 996.39 
20150702194321 8.408437 2.0296845 0.0035913025 1.201572 -0.26267207 0.19120082 996.39 
20150702194321 9.651027 0.7577648 -1.2276269 1.0571023 -0.2611449 0.1695151 996.39 
20150702194321 10.402806 0.0047884034 -1.3617022 1.0409144 -0.20799962 0.06627888 996.39 
20150702194321 11.019912 -1.4095862 -0.7338228 0.9627236 -0.100792766 -0.07269296 996.39 
20150702194321 11.757924 -0.3453636 -0.55844754 0.90408057 0.03848451 -0.19517145 996.39 
20150702194321 14.350246 3.7720647 0.8074445 0.9505063 0.01160644 -0.13622294 996.39 
20150702194321 16.57446 4.131195 2.123657 0.91415983 -0.023518313 0.08032878 996.39 
20150702194321 16.622942 1.0324994 -1.2545617 0.70463306 -0.08155051 -0.09254608 996.36 
20150702194321 16.507421 -0.061650693 -6.7600284 0.4636467 -0.18051068 -0.5537493 996.36 
20150702194321 15.370176 2.0973208 -8.599973 0.24862215 -0.25411993 -0.88208944 996.36 
20150702194321 12.90774 2.2026656 -6.5481415 0.12889257 -0.28405234 -0.9801333 996.36 
20150702194321 10.269928 0.2777274 -6.22672 0.06383542 -0.30543262 -0.9288206 996.36 
20150702194321 9.594764 -0.95708215 -6.1465144 -0.040927973 0.024129177 -0.86376345 996.36 
20150702194321 10.367492 -0.23403321 -4.857237 0.04062254 0.18295415 -0.61300325 996.36 
20150702194321 9.945514 0.9504981 -4.410718 0.1518 0.37812558 -0.35369098 996.36 
20150702194321 9.667188 1.8207904 -3.6876693 0.0852157 0.38056904 -0.1563815 996.36 
20150702194321 8.763975 2.0141222 -3.5009215 0.032070424 0.32162055 0.0888809 996.37 
20150702194321 7.3789296 2.1350293 -3.0083144 -0.053145275 0.12797627 0.40103304 996.37 
20150702194321 6.369175 2.3385365 -2.4570496 -0.16065755 0.009468411 0.66339964 996.37 
20150702194321 5.5246205 1.6962919 -1.910573 -0.28160888 -0.17012598 0.8017606 996.37 
20150702194321 4.859032 0.41718966 -1.3880384 -0.4343252 -0.269697 0.77732605 996.37 
20150702194321 4.684854 -0.8984242 -0.94092125 -0.66431594 -0.38087448 0.6053675 996.37 
20150702194321 5.3235073 -1.7130513 -0.84814596 -0.8564331 -0.32834008 0.40286562 996.37 
20150702194321 6.0082493 -2.1188686 -0.39444473 -0.90408057 -0.17134771 0.22571471 996.37 
20150702194321 6.711546 -1.9560628 -0.14065935 -0.84574294 -0.056505036 -0.0067195175 996.37 
20150702194321 7.1544733 -1.8854338 -0.15562311 -0.7498371 -0.004276057 -0.17928895 996.38 
20150702194321 7.80809 -1.6519991 -0.07182605 -0.5748242 0.05100725 -0.32834008 996.38 
20150702194321 8.683769 -0.54527944 -0.350152 -0.38637227 0.20158553 -0.33414328 996.38 
20150702194321 10.207679 1.5239093 0.51714754 -0.25320363 0.3472769 -0.24190263 996.38 
20150702194321 11.122863 2.1751323 0.99778354 -0.27763826 0.3753767 -0.12614368 996.38 
20150702194321 12.355278 0.2717419 1.822586 -0.36254853 0.20830505 -0.07422013 996.38 
20150702194321 15.02182 -1.0899603 2.718616 -0.36468655 0.029626964 -0.047647487 996.38 
20150702194321 16.066889 -1.8010383 0.676362 -0.37415496 -0.14813483 0.15851954 996.38 
20150702194321 15.781979 -1.5891514 -5.8771667 -0.32436943 -0.32162055 0.6395759 996.38 
20150702194321 14.850635 -2.5181017 -8.11395 -0.16829337 -0.44806966 0.9211848 996.35 
20150702194321 12.839505 -0.9127894 -7.916428 0.095294975 -0.26236662 0.9416488 996.35 
20150702194321 13.019669 1.8596961 -7.2490444 0.3436117 -0.25228736 0.82772243 996.35 
20150702194321 13.767857 4.582502 -5.771822 0.537256 -0.038179077 0.7696902 996.35 
20150702194321 14.25388 3.37762 -4.6255975 0.42271876 -0.16279559 0.68569624 996.35 
20150702194321 12.331336 0.7320272 -4.0497923 0.37201694 -0.018936822 0.55741453 996.35 
20150702194321 10.511144 -1.8459295 -3.2674868 0.29779682 0.105068825 0.39920044 996.35 
20150702194321 8.459313 -2.6396074 -2.0416555 0.22937989 0.27000242 0.04520403 996.35 
20150702194321 6.017826 -2.1033063 -1.0803835 0.2556471 0.45998153 -0.35277468 996.35 
20150702194321 4.079121 -1.1073183 -0.8607155 0.37873647 0.40469822 -0.68325275 996.37 
20150702194321 3.0609868 -0.12030864 -0.86251116 0.600786 0.25809056 -0.8512407 996.37 
20150702194321 2.8083985 0.24001873 -1.4305356 0.79351395 0.048563786 -0.8136725 996.37 
20150702194321 3.3865983 0.89064306 -1.3323733 1.0213667 -0.11026118 -0.6450737 996.37 
20150702194322 4.313753 1.3850456 -1.2186487 1.1911873 -0.18906279 -0.35277468 996.37 
20150702194322 5.37199 1.5496471 -1.0767922 1.2076806 -0.2098322 -0.35277468 996.37 
20150702194322 6.701969 1.4371196 -0.93972415 1.1047498 -0.24831672 0.14966199 996.37 
20150702194322 8.08462 0.88046765 -0.7068881 1.0045679 -0.22724187 0.2125811 996.37 
20150702194322 9.220071 0.5710171 -0.62967503 0.90041536 -0.1731803 0.21563543 996.37 
20150702194322 10.626664 0.717662 0.38307226 0.88453287 -0.14172074 0.1337795 996.35 
20150702194322 11.869853 0.15622166 0.82719666 0.8582657 -0.064446285 0.0290161 996.35 
20150702194322 12.352285 -0.5363012 0.801459 0.9654725 0.042760566 -0.07086037 996.35 
20150702194322 14.09287 1.8632874 0.95827925 1.042747 0.0290161 -0.044898596 996.35 
20150702194322 15.354015 3.639785 2.3702598 1.1325442 0.058643065 0.100792766 996.35 
20150702194322 14.516644 2.4774003 -1.8537107 0.84574294 -0.011911872 -0.04550946 996.35 
20150702194322 15.51323 1.8124107 -7.685986 0.5873469 -0.16157386 -0.5919284 996.35 
20150702194322 16.932991 3.9121256 -10.302849 0.32589662 -0.2284636 -0.86376345 996.35 
20150702194322 14.865 3.615843 -6.955156 0.1328632 -0.3005457 -0.9056077 996.35 
20150702194322 12.199655 -0.30406362 -6.682217 -0.087964594 -0.45753807 -0.9117164 996.35 
20150702194322 12.275671 -3.008913 -6.4308257 -0.36835176 -0.19242255 -1.0235047 996.35 
20150702194322 12.969989 -1.8608932 -4.9907136 -0.2602286 0.15485434 -0.84513205 996.35 
20150702194322 11.509526 0.789488 -4.2401314 -0.056505036 0.35613444 -0.47311515 996.35 
20150702194322 10.096947 2.5408466 -3.3207579 -0.030848695 0.36651915 -0.22449298 996.35 
20150702194322 7.6440873 2.6713305 -2.9221232 -0.01740966 0.4578435 0.083383106 996.35 
20150702194322 4.742315 2.1996727 -2.5300727 -0.032375857 0.39278635 0.38148534 996.35 
20150702194322 3.876811 2.0733786 -2.232593 -0.14355333 0.25992316 0.6444628 996.35 
20150702194322 3.1681273 1.01574 -1.5771804 -0.36835176 0.11301007 0.8136725 996.35 
20150702194322 3.0424318 -0.2717419 -1.459266 -0.5128214 -0.11362094 0.8323039 996.43 
20150702194322 3.1082723 -1.7591397 -1.186327 -0.6957755 -0.33841935 0.6921103 996.43 
20150702194322 4.2305546 -2.7371712 -0.80325466 -0.8784242 -0.3408628 0.4804455 996.43 
20150702194322 5.4366336 -2.456451 -0.64942724 -0.9309586 -0.20769419 0.32650748 996.43 
20150702194322 6.51582 -1.2755109 -0.84216046 -0.8775079 0.01160644 0.13988814 996.43 
20150702194322 8.391677 0.16101007 -0.34476504 -0.8393288 0.08399397 -9.162979E-4 996.43 
20150702194322 9.8437605 0.79128367 0.74998367 -0.79626286 0.12675454 -0.15577064 996.43 
20150702194322 10.825383 0.142455 0.18435353 -0.84482664 0.19242255 -0.2968805 996.43 
20150702194322 12.021287 -0.6727707 0.6961141 -0.8323039 0.3109304 -0.42852196 996.43 
20150702194322 12.294825 -0.98222125 1.7944542 -0.7528914 0.26847526 -0.39645153 996.35 
20150702194322 12.300211 -1.3628993 2.5013423 -0.72418076 -0.12889257 -0.25045475 996.35 
20150702194322 14.085687 -0.4357447 3.5356374 -0.59803706 -0.16432275 -0.070554934 996.35 
20150702194322 14.629769 -0.48841715 1.328782 -0.39858958 -0.10873401 0.17470746 996.35 
20150702194322 13.743915 -0.19871874 -4.7494974 -0.22327125 -0.2275473 0.6261369 996.35 
20150702194322 13.591883 -2.4893713 -8.240842 -0.13225232 -0.34391713 0.8335256 996.35 
20150702194322 13.412916 -1.9512744 -6.8749504 0.0693332 -0.183565 0.8051204 996.35 
20150702194322 13.11843 0.86370826 -7.5213847 0.31795537 -0.35979962 0.6658431 996.35 
20150702194322 14.156316 3.821146 -6.6079965 0.5357288 -0.54428095 0.7284568 996.35 
20150702194322 15.103822 3.4380736 -5.1607018 0.5299256 -0.4370741 0.7635816 996.35 
20150702194322 12.665926 1.4838065 -3.9959226 0.42546764 -0.14508049 0.69974613 996.35 
20150702194322 9.903615 -1.0534488 -3.2184057 0.21930063 0.07391469 0.5299256 996.35 
20150702194322 8.00621 -2.697667 -2.171541 -0.015882496 0.3622431 0.115453534 996.35 
20150702194322 6.2859764 -2.72939 -0.6991069 0.03848451 0.74189585 -0.37232238 996.35 
20150702194322 4.618415 -1.6927006 -0.4249708 0.17928895 0.5946773 -0.72265357 996.35 
20150702194322 3.6685154 -0.480636 -1.0259154 0.45234573 0.1777618 -0.88697636 996.35 
20150702194322 2.8622682 -0.0077811554 -1.75076 0.7089091 -0.12614368 -0.84207773 996.35 
20150702194323 3.1316159 0.16160862 -1.9554642 0.98440933 -0.20525073 -0.62980205 996.35 
20150702194323 3.9402575 1.086369 -1.3479356 1.1148291 -0.28069258 -0.46578476 996.35 
20150702194323 5.279215 1.8974048 -0.5722142 1.1123856 -0.23884831 -0.18081611 996.35 
20150702194323 6.6361284 2.047641 -0.79008657 1.022283 -0.37140608 0.007941248 996.35 
20150702194323 8.343194 1.5580268 -0.9768343 0.9621128 -0.47616947 0.05467244 996.35 
20150702194323 10.137649 1.0749966 -0.5530606 0.915687 -0.46609017 0.0067195175 996.35 
20150702194323 11.493964 0.4213795 -0.15203181 0.9111055 -0.37782016 -0.10567969 996.35 
20150702194323 12.424709 -0.75956047 0.2741361 0.9593639 -0.26389378 -0.23732115 996.35 
20150702194323 12.102091 -0.7990648 1.2252327 1.0827587 -0.07971791 -0.28496864 996.35 
20150702194323 13.393165 1.7483658 2.7641058 1.0900891 0.008857546 -0.1685988 996.35 
20150702194323 13.480553 2.1679497 1.2270284 1.0729848 0.13408493 0.009468411 996.38 
20150702194323 13.548787 2.2649148 -3.4051533 0.9578367 0.17470746 -0.18570304 996.38 
20150702194323 14.8272915 2.8383262 -9.419987 0.8918633 -0.045814894 -0.5222898 996.38 
20150702194323 16.928802 5.146935 -11.51192 0.5384777 -0.2171626 -0.6426302 996.38 
20150702194323 15.491682 3.015497 -7.477092 0.4578435 -0.32589662 -0.67256266 996.38 
20150702194323 13.605051 -1.8513165 -8.437765 0.21624629 -0.5546656 -0.74006325 996.38 
20150702194323 13.462596 -3.3129766 -6.4840965 -0.17256944 -0.27000242 -1.0262536 996.38 
20150702194323 11.836933 -0.45669398 -5.5844755 -0.15302174 0.09896017 -0.9315695 996.38 
20150702194323 10.193314 2.707842 -4.1413703 -0.08093964 0.3622431 -0.6001751 996.38 
20150702194323 8.865729 3.4685998 -3.4967315 -0.011911872 0.5180137 -0.22724187 996.35 
20150702194323 7.0634937 2.9646204 -3.0873232 0.006414085 0.5131268 0.2751948 996.35 
20150702194323 5.412093 1.5197195 -2.441487 -0.14569137 0.25137106 0.6899723 996.35 
20150702194323 4.159327 0.073621705 -2.3511062 -0.39584067 0.029626964 0.86651236 996.35 
20150702194323 3.739743 -0.53809685 -1.6861166 -0.66553766 -0.087659165 0.788627 996.35 
20150702194323 3.4560301 -0.7146692 -1.1390414 -0.8381071 -0.1337795 0.6603453 996.35 
20150702194323 3.6613328 -1.270124 -0.76434886 -0.9505063 -0.17256944 0.47342056 996.35 
20150702194323 4.9757495 -1.5664065 -0.599149 -0.94897914 -0.19028452 0.28038713 996.35 
20150702194323 6.093243 -2.0350714 -0.30226797 -0.8246681 -0.11453723 0.11911872 996.35 
20150702194323 6.9000893 -2.110489 -0.27712885 -0.677755 -0.056505036 -0.07391469 996.36 
20150702194323 7.7308774 -1.7956513 -0.20829555 -0.54550266 0.009773844 -0.22449298 996.36 
20150702194323 9.021951 -0.97025025 -0.15861586 -0.39584067 0.12950343 -0.3268129 996.36 
20150702194323 10.55005 0.2837129 0.034715924 -0.29932398 0.26419923 -0.33353242 996.36 
20150702194323 11.840525 1.6681601 0.46986207 -0.21655174 0.30451632 -0.27458394 996.36 
20150702194323 11.702858 1.8974048 0.0712275 -0.183565 0.2761111 -0.13927728 996.36 
20150702194323 12.795213 0.2801216 2.0231004 -0.22235495 0.18845193 -0.03756821 996.36 
20150702194323 14.170681 -1.5981296 2.823961 -0.30848694 0.10048734 0.044898596 996.36 
20150702194323 14.576498 -1.1162965 1.1055226 -0.42241332 -0.095294975 0.24617869 996.36 
20150702194323 12.797606 -0.16160862 -6.2805896 -0.419359 -0.25534168 0.5332854 996.35 
20150702194323 12.570756 -2.475006 -8.992621 -0.32589662 -0.29840767 0.70463306 996.35 
20150702194323 13.359646 -1.5831659 -7.255628 -0.09743301 -0.30634892 0.7049385 996.35 
20150702194323 14.079103 1.7603368 -8.097789 0.30268374 -0.60139686 0.71776664 996.35 
20150702194323 15.374965 5.4342394 -6.6864066 0.50915617 -0.6814202 0.87872964 996.35 
20150702194323 15.805921 4.1132383 -4.9643774 0.4596761 -0.5363397 0.90102625 996.35 
20150702194323 13.254899 0.9391256 -4.4645877 0.4615087 -0.2574797 0.6835582 996.35 
20150702194323 10.649409 -1.8567034 -3.5093012 0.36377025 0.043066 0.42271876 996.35 
20150702194323 7.9583263 -2.5971103 -2.1601684 0.34666604 0.30115658 -0.03359759 996.35 
20150702194323 5.415684 -2.0769699 -1.091756 0.43035457 0.5036584 -0.46853364 996.39 
20150702194323 3.8067808 -1.2521675 -0.83378077 0.5891795 0.36346483 -0.79473567 996.39 
20150702194323 2.475006 -0.4866215 -1.1282675 0.8561276 0.0888809 -0.9236283 996.39 
20150702194323 2.0751743 -0.18255788 -1.7687165 1.0705414 -0.13744467 -0.8524625 996.39 
20150702194324 2.6611552 0.59495914 -1.6047137 1.2809844 -0.27305678 -0.66523224 996.39 
20150702194324 4.137779 1.6298528 -1.6741456 1.3897184 -0.3903429 -0.3475823 996.39 
20150702194324 5.547365 1.9548657 -1.4526819 1.4425583 -0.48533243 -0.02565634 996.39 
20150702194324 6.989872 2.2152352 -1.4077905 1.3753631 -0.56291234 0.11911872 996.39 
20150702194324 8.597578 1.7699136 -1.1378443 1.2629639 -0.5170974 0.14844026 996.39 
20150702194324 9.956287 1.3006501 -0.997185 1.1404854 -0.39584067 0.122478485 996.36 
20150702194324 10.754754 0.79367787 -1.110311 1.0680978 -0.2443461 0.05009095 996.36 
20150702194324 11.527483 -0.33039984 -1.0480618 1.0036516 -0.069027774 -0.02565634 996.36 
20150702194324 13.119028 -1.1402385 0.05865794 1.0442741 0.20555615 -0.057421334 996.36 
20150702194324 15.238495 1.6316484 0.93972415 1.0989466 0.2049453 0.029321533 996.36 
20150702194324 16.680403 4.003105 2.3469162 1.196685 0.13103059 0.20922135 996.36 
20150702194324 14.701595 2.135628 -0.38726214 0.9260717 0.051923547 0.08277224 996.36 
20150702194324 12.846089 1.3922282 -7.5830355 0.5852089 0.038789943 -0.4465425 996.36 
20150702194324 14.735713 2.4480712 -9.296685 0.36163223 -0.002443461 -0.79412484 996.36 
20150702194324 15.125369 2.7623103 -7.913435 0.20189096 -0.035124753 -0.77763146 996.4 
20150702194324 12.583924 -0.89184016 -7.3699512 0.17470746 -0.37812558 -0.69913524 996.4 
20150702194324 11.798027 -2.223615 -7.409456 0.043066 -0.398895 -0.79901177 996.4 
20150702194324 12.554595 -1.1988965 -5.723339 0.029626964 -0.0021380284 -0.7651087 996.4 
20150702194324 11.255741 0.6500258 -5.6084175 0.19181168 0.46089783 -0.4841107 996.4 
20150702194324 10.2896805 2.4540567 -4.402937 0.1957823 0.571159 -0.18173242 996.4 
20150702194324 8.542512 2.60549 -3.9641995 0.10293079 0.70157874 0.19150625 996.4 
20150702194324 5.7867856 2.1547816 -3.2393548 -0.040927973 0.6291912 0.44959682 996.4 
20150702194324 3.903746 1.882441 -2.6509798 -0.3203988 0.38637227 0.64965516 996.4 
20150702194324 2.918532 1.5628152 -2.2990322 -0.62858033 0.14294247 0.79168135 996.41 
20150702194324 2.5498247 0.74639237 -2.1769278 -0.79901177 -0.0143553335 0.8368854 996.41 
20150702194324 2.6617537 -0.9163807 -1.858499 -0.94225967 -0.13958271 0.7519751 996.41 
20150702194324 3.3303347 -2.1859062 -1.6071079 -1.0580186 -0.22907446 0.5305365 996.41 
20150702194324 4.5681367 -2.7377696 -1.2006922 -1.058324 -0.23640485 0.2648101 996.41 
20150702194324 6.2225304 -2.321777 -0.92895025 -1.0647382 -0.28191432 0.061391957 996.41 
20150702194324 7.9206176 -1.7106571 -1.0193313 -1.0638218 -0.26236662 -0.043066 996.41 
20150702194324 9.534908 -1.3449428 -0.97623575 -0.9978484 -0.20922135 -0.1432479 996.41 
20150702194324 10.732009 -0.39683893 -1.3078327 -0.8888089 -0.09987647 -0.1740966 996.41 
20150702194324 12.206838 1.2198458 -0.02633622 -0.7302894 0.030848695 -0.16279559 996.4 
20150702194324 12.206239 0.0053869537 0.10534488 -0.6264423 0.13775012 -0.070249505 996.4 
20150702194324 12.882002 -3.2788591 1.5729905 -0.6044512 0.13836098 -0.07086037 996.4 
20150702194324 15.073296 -2.8538885 3.378817 -0.5039638 0.1600467 -0.116980694 996.4 
20150702194324 15.335461 -0.87807345 0.8218097 -0.3866777 0.094989546 0.14294247 996.4 
20150702194324 14.296975 0.688333 -5.1104236 -0.2284636 -0.18203785 0.58184916 996.4 
20150702194324 13.469779 0.25498247 -8.545505 -0.09743301 -0.24953845 0.73273283 996.4 
20150702194324 12.7970085 0.023343466 -9.144054 0.07880162 -0.08674286 0.7113526 996.4 
20150702194324 13.680469 -0.28431144 -7.809886 0.23090707 -0.16982053 0.6356053 996.4 
20150702194324 15.251663 2.570774 -5.597045 0.34972036 -0.37232238 0.6026186 996.42 
20150702194324 15.139136 1.9524715 -4.722563 0.21074851 -0.50243664 0.7101309 996.42 
20150702194324 13.381193 0.088585466 -3.651756 0.21777347 -0.30604348 0.5510005 996.42 
20150702194324 10.353725 -1.3820529 -3.3967736 0.25595254 0.1572978 0.32803464 996.42 
20150702194324 6.8306575 -1.7058687 -2.4995465 0.30390546 0.37659842 -0.1020145 996.42 
20150702194324 4.1066546 -1.3072342 -2.2762873 0.32925636 0.6337727 -0.4822781 996.42 
20150702194324 3.0364463 -0.53211135 -1.264737 0.4382958 0.600786 -0.8173377 996.42 
20150702194324 2.7527335 0.635062 -0.86251116 0.548557 0.27550024 -0.96761054 996.42 
20150702194324 2.6300306 1.1611878 -1.2952632 0.64660084 -0.23426682 -0.82833326 996.42 
20150702194324 3.0669725 1.2575544 -1.3180081 0.784351 -0.51007247 -0.49021935 996.4 
20150702194325 4.0916905 1.5945383 -0.97384155 0.8472701 -0.54519725 -0.17959438 996.4 
20150702194325 5.239112 1.5382746 -0.7433996 0.8246681 -0.33108896 0.032986723 996.4 
20150702194325 6.5726824 1.1049241 -1.0223241 0.7675522 -0.12339478 0.16737708 996.4 
20150702194325 8.231864 0.7128736 -1.0708067 0.7360926 0.03726278 0.18295415 996.4 
20150702194325 10.177153 0.40701428 -0.18255788 0.729984 0.11056661 0.13927728 996.4 
20150702194325 12.624625 -0.3764882 0.7517793 0.7706065 0.12644911 0.011911872 996.4 
20150702194325 13.27944 -0.99060094 0.5009867 0.91965765 0.172264 -0.06994407 996.4 
20150702194325 13.824719 1.0803835 1.4041992 1.14018 0.22266038 -0.02565634 996.4 
20150702194325 15.613188 3.7828386 1.851915 1.2263119 0.2406809 0.07513642 996.37 
20150702194325 15.901091 3.4739866 0.9271546 1.1468995 0.24587326 -0.024740042 996.37 
20150702194325 15.102624 2.9430726 -4.602853 0.8399397 0.14049901 -0.45845437 996.37 
20150702194325 16.78874 2.6408045 -9.717466 0.58093286 -0.12370021 -0.9092729 996.37 
20150702194325 16.513407 2.861071 -9.79827 0.38820487 -0.15210545 -1.0259482 996.37 
20150702194325 12.874221 0.008379706 -7.8128786 0.38056904 -0.2406809 -1.0497719 996.37 
20150702194325 11.562798 -2.0518308 -7.2490444 0.0036651916 -0.14630222 -1.2455542 996.37 
20150702194325 12.280459 -1.9087774 -5.109226 -0.10415252 0.22296582 -1.217149 996.37 
20150702194325 11.196485 1.2258313 -4.478953 0.01863139 0.6169739 -0.89736104 996.37 
20150702194325 9.7324295 3.4165258 -4.173692 0.13683382 0.57879484 -0.43371433 996.4 
20150702194325 7.9888525 3.843891 -3.2962172 0.14263703 0.6001751 -0.051618114 996.4 
20150702194325 6.2380924 2.8622682 -2.8508956 0.13988814 0.56077427 0.4447099 996.4 
20150702194325 4.8285065 1.429937 -2.2493525 0.03573562 0.36071593 0.92271197 996.4 
20150702194325 3.8750155 -0.10414778 -2.2930467 -0.22724187 0.14110987 1.2409728 996.4 
20150702194325 2.5881321 -1.0672154 -2.4666264 -0.5311473 -0.06658431 1.1939361 996.4 
20150702194325 1.91596 -1.5286977 -2.3451207 -0.72784597 -0.20158553 1.0033462 996.4 
20150702194325 2.4247277 -0.8218097 -1.4784195 -0.9370673 -0.22632557 0.6239988 996.4 
20150702194325 4.784812 -1.0959458 -0.23942018 -1.0512991 -0.18081611 0.22296582 996.4 
20150702194325 7.3106947 -1.460463 0.31004912 -1.0571023 -0.33414328 -0.010079277 996.35 
20150702194325 9.021951 -1.520318 0.0724246 -0.8888089 -0.43554693 -0.172264 996.35 
20150702194325 9.376292 -1.4293385 -0.3824737 -0.81031275 -0.30024028 -0.26908615 996.35 
20150702194325 10.047866 -1.1288661 -0.90261406 -0.76174897 -0.06047566 -0.3567453 996.35 
20150702194325 11.081563 0.97623575 -0.19093758 -0.6569856 0.29138273 -0.32803464 996.35 
20150702194325 10.593744 1.1988965 0.4758476 -0.62125 0.40500367 -0.25350907 996.35 
20150702194325 11.717223 -1.1569979 2.042254 -0.70096785 0.33750305 -0.3399465 996.35 
20150702194325 14.365211 -1.7393875 2.7790697 -0.5849035 0.21868975 -0.26908615 996.35 
20150702194325 14.793174 -1.9422961 2.5839422 -0.34055737 -0.036957346 0.24678956 996.35 
20150702194325 14.818912 0.5315128 0.30286652 -0.12522738 -0.40317106 0.78801614 996.38 
20150702194325 13.862428 0.5518635 -4.775235 -0.1020145 -0.57726765 0.84238315 996.38 
20150702194325 13.215993 -1.697489 -8.74542 -0.11484267 -0.28619036 0.61300325 996.38 
20150702194325 13.158532 0.24361002 -7.8757267 0.0711658 -0.44959682 0.41080686 996.38 
20150702194325 13.679272 2.5785553 -7.9128366 -0.020463986 -0.5891795 0.39187005 996.38 
20150702194325 16.026787 5.2181625 -4.9613843 -0.11484267 -0.59620446 0.39584067 996.38 
20150702194325 14.412496 3.8043866 -4.38498 -0.18448131 -0.5314528 0.45814893 996.38 
20150702194325 11.385626 0.961272 -3.3925838 -0.17348573 -0.16615535 0.40194935 996.38 
20150702194325 9.34397 -1.8507179 -2.9706059 -0.26908615 0.45631635 0.25259277 996.38 
20150702194325 7.3699512 -2.9514523 -1.6675615 -0.21960606 0.7339546 -0.07238753 996.36 
20150702194325 4.421492 -2.4552538 -1.0271125 -0.0070249503 0.713796 -0.44868052 996.36 
20150702194325 2.460641 -1.4000094 -1.3389573 0.27916542 0.38973203 -0.7507534 996.36 
20150702194325 2.1015105 0.093972415 -1.4909891 0.6365216 0.10598512 -0.8268061 996.36 
20150702194325 2.2709002 0.8265981 -1.7375919 0.8561276 -0.04734206 -0.66798115 996.36 
20150702194326 2.593519 1.1085154 -1.6490064 1.0118983 -0.26908615 -0.36285394 996.36 
20150702194326 3.6242228 1.8884265 -1.0049661 1.0769554 -0.5122105 -0.10598512 996.36 
20150702194326 5.638345 2.4265234 -0.46267948 1.0497719 -0.57940567 0.04550946 996.36 
20150702194326 7.8847046 2.166154 -0.736217 1.0057896 -0.64996064 0.09285152 996.36 
20150702194326 10.205883 1.4149733 -1.3371617 1.0149527 -0.7122689 0.08155051 996.32 
20150702194326 12.0410385 0.89902276 -1.0019734 1.0238101 -0.6957755 0.067500606 996.32 
20150702194326 12.499529 -0.025139118 -1.1474211 0.90194255 -0.593761 0.04886922 996.32 
20150702194326 12.322357 -0.8607155 -2.3600843 0.9126327 -0.3399465 -0.076052725 996.32 
20150702194326 13.524845 0.95349085 -0.5021838 1.0622946 0.02687807 -0.1151481 996.32 
20150702194326 14.3735895 3.8624458 1.8028339 0.98563105 0.17470746 0.01038471 996.32 
20150702194326 14.005482 2.6372132 2.2146366 0.7819075 0.121256754 -0.019547688 996.32 
20150702194326 13.176489 -0.06344634 -2.8892028 0.5662721 0.092240654 -0.40958515 996.32 
20150702194326 14.5328045 -0.83976626 -8.365939 0.49418998 0.16035213 -0.77457714 996.32 
20150702194326 15.254058 0.22325931 -10.336368 0.3753767 0.025350908 -0.7693848 996.34 
20150702194326 14.573505 2.0733786 -7.475895 0.5271767 -0.03145956 -0.66950834 996.34 
20150702194326 12.823943 2.3971944 -6.6666546 0.56321776 -0.19975294 -0.5338962 996.34 
20150702194326 12.056602 1.1174936 -5.3247046 0.3118467 0.06169739 -0.56046885 996.34 
20150702194326 11.9057665 0.6865373 -5.313332 0.15241088 0.3145956 -0.5833763 996.34 
20150702194326 10.964247 1.6801311 -4.710592 0.1337795 0.56505036 -0.41508293 996.34 
20150702194326 9.671976 1.8429368 -4.022857 0.06627888 0.552833 -0.17531833 996.34 
20150702194326 7.6231384 1.6813282 -3.5889084 -0.032375857 0.5180137 0.20830505 996.34 
20150702194326 6.0357823 1.3676877 -2.967613 -0.086437434 0.3023783 0.54641896 996.34 
20150702194326 4.8159366 0.599149 -2.4785974 -0.17501289 0.03970624 0.7247916 996.4 
20150702194326 3.477578 0.093972415 -2.4349031 -0.35033122 -0.19700404 0.8005389 996.4 
20150702194326 3.0777464 0.6398504 -1.9111716 -0.47952923 -0.28985557 0.7305948 996.4 
20150702194326 2.9430726 1.0313023 -1.3664906 -0.61636305 -0.23823744 0.5671884 996.4 
20150702194326 3.5595794 0.011372458 -0.9816227 -0.6939429 -0.15454891 0.31398472 996.4 
20150702194326 4.6232033 -0.5907693 -0.7009025 -0.763887 -0.15760323 0.09712757 996.4 
20150702194326 6.0920463 -0.79008657 -0.7272388 -0.8894198 -0.25595254 -0.06505715 996.4 
20150702194326 7.867347 -0.8643068 -1.1623849 -0.9837985 -0.30726522 -0.13072516 996.4 
20150702194326 9.813833 -1.0067618 -1.5771804 -1.0680978 -0.3191771 -0.12889257 996.4 
20150702194326 11.2312 -0.9343372 -1.7196354 -1.1224649 -0.28710666 -0.087659165 996.31 
20150702194326 12.858659 -0.22565351 0.073023155 -1.0332786 -0.13683382 -0.06658431 996.31 
20150702194326 12.336124 -1.5951369 0.74399817 -0.86070913 0.063224554 -0.056199603 996.31 
20150702194326 12.698846 -3.5571852 2.331354 -0.65484756 0.1459968 -0.08277224 996.31 
20150702194326 14.535797 -2.3133974 3.098097 -0.30268374 0.24281894 -0.021991149 996.31 
20150702194326 14.984112 0.41120413 0.15143326 0.01863139 0.20555615 0.42210788 996.31 
20150702194326 13.378201 2.4133554 -8.005013 0.14538592 -0.09132435 0.79779 996.31 
20150702194326 13.344682 0.3585317 -10.468647 0.16432275 -0.07696902 0.7367035 996.31 
20150702194326 13.719973 -0.78769237 -8.286332 0.24373524 -0.047036625 0.5342017 996.31 
20150702194326 13.685856 -0.17657238 -8.054693 0.18234327 -0.42363504 0.35033122 996.39 
20150702194326 15.498266 3.1998506 -5.4899044 0.16707164 -0.72387534 0.40775254 996.39 
20150702194326 14.559739 3.5853171 -4.3903675 0.098043874 -0.5213735 0.573297 996.39 
20150702194326 12.1398 1.3880384 -3.8247373 0.11453723 -0.1301143 0.51343226 996.39 
20150702194326 9.610326 -1.0941502 -3.3464954 0.15118915 0.41722095 0.33750305 996.39 
20150702194326 7.076063 -2.1272483 -2.5067291 0.32070425 0.7690793 0.020158553 996.39 
20150702194326 4.8680105 -1.6603789 -1.6921021 0.46273044 0.84849185 -0.3622431 996.39 
20150702194326 3.6062663 -0.7224504 -1.1055226 0.56321776 0.47219884 -0.7357872 996.39 
20150702194326 3.371036 -0.12689269 -1.1725603 0.68233645 -0.022602014 -0.90194255 996.39 
20150702194326 3.632004 0.05746084 -1.3940239 0.82986045 -0.35124752 -0.8347474 996.44 
20150702194326 3.70802 0.41958386 -1.9153614 0.97066486 -0.45265114 -0.58246 996.44 
20150702194327 4.0378213 1.3263878 -2.2990322 1.1071932 -0.48288897 -0.3100141 996.44 
20150702194327 5.3145294 1.5197195 -1.7034745 1.2110404 -0.38026363 -0.10323623 996.44 
20150702194327 6.341043 1.2695254 -1.4425066 1.2055426 -0.28588495 0.0012217305 996.44 
20150702194327 7.687183 1.0049661 -1.198298 1.1856894 -0.22082779 -0.013133603 996.44 
20150702194327 9.414001 0.61112 -1.0995371 1.1285735 -0.19303341 -0.08735373 996.44 
20150702194327 11.009138 0.11432313 -0.40641573 1.0231993 -0.15821409 -0.17531833 996.44 
20150702194327 11.9853735 -0.49679685 -0.58119243 0.90041536 -0.07269296 -0.25503623 996.44 
20150702194327 12.558785 -0.4890157 -0.7194576 1.0268645 0.05222898 -0.2724459 996.41 
20150702194327 14.153323 1.1599907 1.7130513 1.1151345 0.11301007 -0.18509217 996.41 
20150702194327 14.663887 1.021127 2.6964695 1.1096367 0.15302174 -0.013744468 996.41 
20150702194327 14.127585 1.436521 -0.7206547 1.031446 0.15088372 -0.1572978 996.41 
20150702194327 13.611036 1.8393455 -8.336611 0.999681 0.13439035 -0.4196644 996.41 
20150702194327 14.939818 6.165668 -14.0234375 0.66706485 0.10598512 -0.5821546 996.41 
20150702194327 16.272192 6.769605 -6.6067996 0.4578435 0.18875736 -0.6264423 996.41 
20150702194327 13.321937 1.1127052 -6.745663 0.24801129 -0.20738874 -0.7492262 996.41 
20150702194327 12.937069 -1.6801311 -7.410054 -0.23609942 -0.4709771 -1.0946705 996.41 
20150702194327 14.222157 -2.0644004 -5.3025584 -0.35888332 0.023518313 -1.0409144 996.46 
20150702194327 12.155362 0.4321534 -5.0918684 -0.20830505 0.51343226 -0.7440339 996.46 
20150702194327 10.414179 1.9578584 -3.6020765 -0.0571159 0.63224554 -0.46211955 996.46 
20150702194327 7.417835 2.7641058 -2.9376855 0.12034045 0.8680395 -0.46211955 996.46 
20150702194327 4.7536874 2.8179753 -2.634819 0.1994475 0.91996306 0.4260785 996.46 
20150702194327 2.8431146 2.0524294 -2.5516205 0.058948494 0.7370089 0.7284568 996.46 
20150702194327 2.3122003 0.8283938 -2.8107927 -0.24831672 0.4428773 0.8512407 996.46 
20150702194327 1.8489223 -1.8818425 -1.4514848 -0.50701815 0.15424347 0.86376345 996.46 
20150702194327 1.7860745 -1.3036429 -4.745308 -0.82924956 0.03268129 0.7281514 996.46 
20150702194327 2.9221232 0.3728969 -1.8596961 -0.82986045 -0.15332718 0.48349985 996.43 
20150702194327 5.358822 -1.400608 0.29747957 -1.1731668 -0.24953845 0.2855795 996.43 
20150702194327 6.7229185 -1.4550761 -0.47764325 -1.2174544 -0.3979787 0.09682214 996.43 
20150702194327 8.341399 -0.427365 -0.717662 -1.1227703 -0.6383542 0.040927973 996.43 
20150702194327 10.107721 -0.21547815 -0.3429694 -1.0256428 -0.55924714 0.059253927 996.43 
20150702194327 11.686098 -0.1340753 -1.1336545 -0.89827734 -0.3475823 0.10170906 996.43 
20150702194327 12.494142 0.5129577 -0.7158663 -0.7828238 -0.118507855 0.17959438 996.43 
20150702194327 12.220604 -0.6434417 -0.39205053 -0.7996226 0.058643065 0.20861048 996.43 
20150702194327 13.00291 -1.8896236 1.216853 -0.75655663 0.0076358155 0.1459968 996.43 
20150702194327 14.471752 -0.89064306 1.8770541 -0.6301075 -0.005192355 0.11209377 996.35 
20150702194327 15.091252 -0.038307227 -1.3293805 -0.4792238 -0.13500121 0.2125811 996.35 
20150702194327 15.109807 0.8559271 -5.430648 -0.32803464 -0.30634892 0.45570546 996.35 
20150702194327 14.7877865 -1.0055647 -7.140108 -0.15607607 -0.3100141 0.54519725 996.35 
20150702194327 13.408128 -0.8086416 -9.36911 0.035124753 -0.15851954 0.5992588 996.35 
20150702194327 13.769054 1.5640123 -7.445369 0.1881465 -0.06658431 0.6881397 996.35 
20150702194327 13.536817 3.4219127 -5.044583 0.18112154 -0.029626964 0.6206391 996.35 
20150702194327 13.010092 1.6891093 -3.8588545 0.017715093 0.021685716 0.36102137 996.35 
20150702194327 11.769297 -0.40043023 -2.718616 0.07422013 0.29535335 0.1704314 996.35 
20150702194327 10.348937 -1.3347675 -2.8538885 0.19853121 0.31123585 0.048258353 996.38 
20150702194327 8.121731 -1.2030864 -2.3343468 0.37720928 0.3118467 -0.16890424 996.38 
20150702194327 5.5898623 -0.741604 -1.6041151 0.59712076 0.30726522 -0.45051312 996.38 
20150702194327 3.638588 -0.81881696 -1.5059528 0.84604836 0.15515977 -0.6731735 996.38 
20150702194327 3.1310172 -0.48722005 -1.2934675 1.0088439 -0.024129177 -0.77518797 996.38 
20150702194327 2.9161377 -0.2208651 -1.4993688 1.1215485 -0.10934488 -0.64660084 996.38 
20150702194327 3.0639796 0.9127894 -2.1164744 1.2516629 -0.25870144 -0.3631594 996.38 
20150702194328 3.7762547 1.3826514 -0.9127894 1.3200798 -0.3005457 -0.15607607 996.38 
20150702194328 4.731541 1.7232267 -0.81522566 1.239751 -0.20952678 -0.048563786 996.38 
20150702194328 5.981913 2.0973208 -1.1091139 1.2195925 -0.17287487 0.09040806 996.38 
20150702194328 7.4705076 1.5993267 -0.57041854 1.1453724 -0.08307768 0.16646078 996.38 
20150702194328 9.126697 1.1139023 -0.39743748 1.0509937 -0.0027488936 0.16707164 996.38 
20150702194328 11.280281 0.16400282 -0.65301853 1.0503827 -0.07819075 0.12095132 996.38 
20150702194328 13.484144 -0.18794483 -0.45549688 1.0638218 -0.023823744 0.11942416 996.38 
20150702194328 13.657723 0.18734628 0.36152446 1.1163563 -0.02687807 0.19700404 996.38 
20150702194328 13.645753 2.8060043 0.682946 1.105666 -0.057726767 0.19792034 996.38 
20150702194328 15.649699 3.9390604 2.8694508 0.98807454 0.10354166 0.1685988 996.38 
20150702194328 14.912884 0.62488663 2.7563248 0.6478226 0.2012801 -0.12095132 996.38 
20150702194328 13.409924 0.3298013 -5.6257753 0.45265114 -0.016493361 -0.6078109 996.43 
20150702194328 14.304756 1.8746599 -11.083957 0.3378085 -0.12339478 -0.75411314 996.43 
20150702194328 15.438411 5.6221843 -8.707711 0.21105394 0.013744468 -0.72601336 996.43 
20150702194328 13.90313 2.372654 -5.0882773 0.23609942 -0.29657507 -0.8078693 996.43 
20150702194328 11.993753 -0.9600749 -7.393295 -0.16462818 -0.2666427 -1.1869112 996.43 
20150702194328 13.041217 -1.5023615 -5.8262897 -0.30573806 -0.035124753 -1.2953397 996.43 
20150702194328 11.693281 1.4975731 -5.3636103 -0.20372356 0.45937067 -0.8775079 996.43 
20150702194328 9.461885 3.259107 -4.478953 -0.04337143 0.6398814 -0.45112398 996.43 
20150702194328 8.10138 3.3931823 -3.7786489 -0.06047566 0.7892379 0.105374254 996.43 
20150702194328 7.074866 3.2477345 -2.8658595 -0.121256754 0.7910705 0.5549711 996.37 
20150702194328 5.9687448 2.2002714 -2.493561 -0.29565877 0.3707952 0.8888089 996.37 
20150702194328 4.5525746 1.1575965 -2.1817162 -0.65209866 -0.09560041 0.97524637 996.37 
20150702194328 3.2423477 0.31543607 -1.7711107 -0.9245446 -0.26358834 0.8695667 996.37 
20150702194328 2.4223335 -1.1390414 -1.6531962 -1.1667526 -0.30909783 0.68936145 996.37 
20150702194328 3.383007 -0.8678981 -1.6298528 -1.2647965 -0.2733622 0.5317582 996.37 
20150702194328 5.4234653 -1.8962077 -0.6871359 -1.2892311 -0.21074851 0.4456262 996.37 
20150702194328 6.911462 -2.510919 -0.20111294 -1.3200798 -0.23273966 0.2846632 996.37 
20150702194328 7.9595237 -1.9512744 -0.48243165 -1.2754866 -0.39584067 0.13500121 996.37 
20150702194328 8.699332 -0.46327803 -0.52073884 -1.1459832 -0.35246924 0.03359759 996.43 
20150702194328 9.563639 0.8810662 -0.97384155 -1.0647382 -0.1695151 0.04550946 996.43 
20150702194328 11.064803 1.5981296 -0.4794389 -1.0329732 0.034208454 0.054061573 996.43 
20150702194328 11.532869 -0.05925649 -0.21547815 -0.9972375 0.18417588 0.05681047 996.43 
20150702194328 11.641806 -1.6238673 -0.011372458 -0.93676186 0.061391957 0.057421334 996.43 
20150702194328 13.0998745 -1.7232267 1.9847932 -0.86467975 0.007941248 0.08277224 996.43 
20150702194328 13.765463 -2.4504654 1.7932571 -0.84329945 0.057726767 0.19517145 996.43 
20150702194328 14.434044 -1.2605472 -1.2545617 -0.54702985 -0.07269296 0.4166101 996.43 
20150702194328 13.377004 -0.47405192 -6.1327477 -0.33078352 -0.26847526 0.59498274 996.43 
20150702194328 12.964004 -1.697489 -7.5207863 -0.087659165 -0.33658674 0.65179324 996.4 
20150702194328 12.844294 0.45130703 -6.7767878 0.25992316 -0.5540548 0.5842926 996.4 
20150702194328 12.9963255 1.377863 -7.000047 0.45478916 -0.6356053 0.5335908 996.4 
20150702194328 15.046959 3.8181531 -4.869208 0.47708577 -0.63438356 0.33078352 996.4 
20150702194328 14.0868845 3.0190883 -4.417302 0.35033122 -0.3827071 0.24037547 996.4 
20150702194328 11.9614315 1.1935096 -3.9755719 0.20433442 -0.16126843 0.1459968 996.4 
20150702194328 10.271125 -0.5847838 -3.3943794 0.15424347 0.06566802 -0.057421334 996.4 
20150702194328 8.288128 -1.3509283 -2.2631192 0.27458394 0.41325033 -0.28985557 996.4 
20150702194328 5.647922 -1.7513585 -1.6609775 0.36865717 0.4120286 -0.5479461 996.4 
20150702194328 3.4781766 -1.5472529 -1.5304934 0.45478916 0.2003638 -0.7498371 996.37 
20150702194328 2.7509377 -0.44532153 -1.2204443 0.6200282 0.13103059 -0.8023715 996.37 
20150702194329 2.5091233 0.38606504 -1.2072762 0.8313876 0.14508049 -0.6609562 996.37 
20150702194329 2.9460652 1.1665748 -1.6466122 1.0323622 -0.04337143 -0.40011674 996.37 
20150702194329 3.8642416 1.6005238 -1.8201919 1.1866057 -0.23762658 -0.16829337 996.37 
20150702194329 5.7185507 2.0799627 -1.7459716 1.1914927 -0.301462 0.018936822 996.37 
20150702194329 7.593809 2.5031378 -1.4161704 1.1322387 -0.36102137 0.1432479 996.37 
20150702194329 9.176376 2.546832 -0.4782418 1.0366384 -0.43676865 0.28771752 996.37 
20150702194329 9.934141 1.3293805 -0.107140526 1.0088439 -0.48899764 0.32650748 996.37 
20150702194329 10.4644575 -0.48482585 -0.0011971008 1.0009027 -0.36713 0.25259277 996.41 
20150702194329 11.042657 -2.4073699 -0.46088383 0.9941832 0.019547688 0.12644911 996.41 
20150702194329 12.860455 -1.1438298 -0.0676362 1.0262536 0.226631 0.050396383 996.41 
20150702194329 15.200188 2.9454668 0.86131406 1.0555751 0.06963864 0.09590584 996.41 
20150702194329 16.056713 2.6473885 2.3104045 0.8720101 -0.23151793 -0.036957346 996.41 
20150702194329 13.943233 -0.41120413 -0.56982 0.63591075 -0.30085114 -0.5170974 996.41 
20150702194329 12.440272 0.044891283 -8.0445175 0.66828656 -0.32742378 -0.86834496 996.41 
20150702194329 11.501146 3.4021606 -13.111247 0.571159 -0.07971791 -0.8035932 996.41 
20150702194329 12.693459 6.1662664 -7.841609 0.45540005 0.14294247 -0.66798115 996.41 
20150702194329 14.097658 2.2786815 -7.4830775 0.2611449 -0.1685988 -0.7079928 996.42 
20150702194329 15.163676 -1.388637 -8.333019 -0.4089743 -0.13316862 -0.91232723 996.42 
20150702194329 15.627553 -2.1535845 -6.137536 -0.6096435 0.06963864 -0.68203104 996.42 
20150702194329 12.932879 -0.17477672 -5.7239375 -0.6032294 0.3631594 -0.3200934 996.42 
20150702194329 10.726623 1.1803415 -4.647744 -0.34391713 0.659429 0.22388211 996.42 
20150702194329 8.801684 1.2910733 -3.7128084 -0.027183503 1.0155635 0.66523224 996.42 
20150702194329 6.8569937 1.3084313 -2.818574 0.044898596 0.91813046 0.94714653 996.42 
20150702194329 5.683835 0.87089086 -1.8082209 -0.03634648 0.5128214 1.0076222 996.42 
20150702194329 4.4406457 0.75836337 -1.5933412 -0.28221974 0.19730948 0.95111716 996.42 
20150702194329 3.3117795 0.7140707 -1.6693572 -0.54244834 -0.10720685 0.7706065 996.38 
20150702194329 2.9071593 0.15981296 -1.7022774 -0.77091193 -0.19456059 0.5494733 996.38 
20150702194329 3.4476504 -0.16280572 -1.8537107 -0.9251554 -0.23548855 0.3268129 996.38 
20150702194329 4.706402 -0.5398925 -1.5023615 -1.0005972 -0.29657507 0.14721853 996.38 
20150702194329 6.203377 -1.5143325 -0.3681085 -1.071763 -0.33292156 -9.162979E-4 996.38 
20150702194329 7.1981673 -2.7335799 0.19632454 -1.0732902 -0.3472769 -0.21380283 996.38 
20150702194329 7.6027875 -2.9101522 -0.2765303 -0.98563105 -0.24678956 -0.39064834 996.38 
20150702194329 7.7667904 -2.5462334 -0.4189853 -0.78893244 0.050701816 -0.45998153 996.38 
20150702194329 8.364143 -1.5047557 -0.15741876 -0.6188065 0.35094208 -0.505491 996.38 
20150702194329 9.465476 0.83018947 -0.95827925 -0.45448375 0.40561453 -0.48808134 996.34 
20150702194329 11.551425 1.0462662 -0.5434838 -0.36957347 0.3903429 -0.38881573 996.34 
20150702194329 14.452 -0.90261406 1.1360487 -0.2144137 0.3436117 -0.3136793 996.34 
20150702194329 15.502456 -2.4552538 1.9387048 0.013439035 -0.089186326 -0.059253927 996.34 
20150702194329 15.506047 -2.5103204 0.59974754 0.1908954 -0.29138273 0.25442538 996.34 
20150702194329 15.561114 -0.032920275 -4.450821 0.36926803 -0.32986724 0.5186246 996.34 
20150702194329 14.91468 -2.6677392 -6.506243 0.4266894 -0.13194689 0.64751714 996.34 
20150702194329 13.674483 -0.33039984 -8.89446 0.63255095 -0.19547687 0.5699373 996.34 
20150702194329 13.104064 1.5466543 -7.9331875 0.8518516 -0.33383787 0.5561928 996.34 
20150702194329 13.354259 3.5685577 -5.825691 0.8350528 -0.30940324 0.48899764 996.4 
20150702194329 13.96059 4.2784386 -4.502895 0.6169739 -0.40194935 0.28038713 996.4 
20150702194329 11.770494 1.7417817 -4.083311 0.54092115 -0.06566802 0.17165314 996.4 
20150702194329 10.005967 -0.6428431 -3.3010056 0.46181414 0.21410827 -0.005192355 996.4 
20150702194329 8.354567 -1.6717514 -2.4995465 0.50579643 0.42332962 -0.25870144 996.4 
20150702194329 6.215946 -1.5532384 -1.5358804 0.57451874 0.47586402 -0.41263947 996.4 
20150702194329 4.0054994 -1.1803415 -1.5191209 0.70066243 0.3555236 -0.60903263 996.4 
20150702194330 3.4207156 -0.47644615 -1.3988123 0.818254 0.16310102 -0.7489208 996.4 
20150702194330 3.594894 0.31663316 -1.2952632 0.95905846 0.10720685 -0.70402217 996.4 
20150702194330 3.6140475 0.42317516 -1.7160441 1.1209377 -0.0983493 -0.4370741 996.36 
20150702194330 4.2503066 0.29029694 -1.6454151 1.2134838 -0.27947086 -0.26053402 996.36 
20150702194330 5.6868277 0.83018947 -1.0642227 1.2244794 -0.23335053 -0.054061573 996.36 
20150702194330 7.326257 1.5442601 -1.0307038 1.1795808 -0.1591304 0.1151481 996.36 
20150702194330 8.41921 1.5646108 -1.2437878 1.1313224 -0.18295415 0.23640485 996.36 
20150702194330 9.205706 1.5047557 -1.0223241 0.9950995 -0.14752395 0.23487769 996.36 
20150702194330 9.849746 1.2503718 -0.35913026 0.883922 -0.025961773 0.14477506 996.36 
20150702194330 11.0378685 0.5530606 0.39324763 0.7556403 0.063224554 0.0067195175 996.36 
20150702194330 11.860875 -0.3764882 -0.046686932 0.8029824 0.09865474 -0.08979719 996.36 
20150702194330 11.990162 0.33279404 0.12210429 0.86467975 -0.014966198 -0.12644911 996.42 
20150702194330 13.80796 2.172738 1.5179238 0.8445212 -0.022296581 0.008552114 996.42 
20150702194330 14.493898 2.2691047 1.0109516 0.7761043 0.011911872 0.0067195175 996.42 
20150702194330 15.160085 0.80205756 -3.245939 0.6942484 -0.022907447 -0.26206118 996.42 
20150702194330 16.586432 1.0127473 -8.13849 0.600786 -0.08857546 -0.5561928 996.42 
20150702194330 15.871163 4.1557355 -8.453327 0.39920044 -0.09132435 -0.743423 996.42 
20150702194330 12.832322 2.4139538 -6.1399302 0.24770586 -0.26145032 -0.90194255 996.42 
20150702194330 11.2312 -0.23163901 -6.3967085 -0.03145956 -0.05467244 -1.0308352 996.42 
20150702194330 12.7730665 -1.5328877 -5.725135 -0.09468412 0.14813483 -0.97158116 996.42 
20150702194330 12.777855 -0.59256494 -4.8680105 -0.032070424 0.46517387 -0.5717699 996.42 
20150702194330 11.572972 1.1162965 -3.970185 -0.04153884 0.52839845 -0.07086037 996.42 
20150702194330 9.914988 1.5610195 -3.53863 -0.10476339 0.66706485 0.33017266 996.42 
20150702194330 7.606379 1.2779051 -2.9029696 -0.10598512 0.66828656 0.5494733 996.42 
20150702194330 5.9226565 1.115698 -2.5079262 -0.12186762 0.5119051 0.766025 996.42 
20150702194330 4.5100775 0.6147113 -2.1146786 -0.23518312 0.28099802 0.88606006 996.42 
20150702194330 3.6601357 0.3274071 -2.054225 -0.47311515 0.06688975 0.79809546 996.42 
20150702194330 2.7766755 -0.30526072 -2.2409728 -0.71685034 -0.25961772 0.59589905 996.42 
20150702194330 3.0214825 -0.8726865 -1.4790181 -0.88178396 -0.4343252 0.36926803 996.42 
20150702194330 4.577115 -0.97025025 -0.7032967 -0.96761054 -0.46731192 0.12614368 996.39 
20150702194330 5.831078 -1.5263035 -0.6733692 -0.9294315 -0.5198463 -0.02076942 996.39 
20150702194330 6.39192 -1.5436616 -0.5327099 -0.8213083 -0.47036624 -0.15943582 996.39 
20150702194330 7.067085 -1.5095441 -0.7410054 -0.68569624 -0.31887165 -0.24007004 996.39 
20150702194330 8.395866 -1.453879 -0.47465047 -0.5647449 -0.04550946 -0.25870144 996.39 
20150702194330 10.472239 -0.52073884 -1.0049661 -0.46578476 0.09468412 -0.26939157 996.39 
20150702194330 12.428301 1.311424 -0.5518635 -0.43218717 0.092240654 -0.24862215 996.39 
20150702194330 12.738949 1.234211 -0.2124854 -0.4447099 -0.028405234 -0.25595254 996.39 
20150702194330 12.910134 -0.94211835 0.12988544 -0.44532076 -0.13652839 -0.23396139 996.39 
20150702194330 13.972561 -1.7836803 1.4167689 -0.3717115 -0.13225232 -0.11026118 996.42 
20150702194330 14.313136 -1.5771804 2.0045455 -0.29993483 -0.1160644 0.14446963 996.42 
20150702194330 13.591883 -0.22685061 -0.91697925 -0.16065755 -0.09193522 0.42852196 996.42 
20150702194330 12.76708 -1.1875241 -6.818088 -0.0693332 -0.12370021 0.6072 996.42 
20150702194330 13.280038 -2.3355439 -6.675633 0.067500606 -0.070249505 0.636827 996.42 
20150702194330 12.651561 -0.6871359 -7.004237 0.2556471 -0.30573806 0.56169057 996.42 
20150702194330 12.325949 1.4562732 -7.4244194 0.42913285 -0.47647488 0.6252206 996.42 
20150702194330 14.106038 3.5314474 -5.3318872 0.52381694 -0.52412236 0.65057147 996.42 
20150702194330 14.315531 2.1206641 -4.0282445 0.45540005 -0.2782491 0.5992588 996.42 
20150702194330 12.555792 -0.18375498 -3.2118216 0.4166101 0.01740966 0.42394048 996.38 
20150702194330 10.579977 -2.0518308 -3.0190883 0.42180246 0.30726522 0.17684549 996.38 
20150702194330 7.851186 -2.2577322 -2.5528176 0.5537493 0.5015204 -0.15515977 996.38 
20150702194330 5.581483 -1.6005238 -1.8291701 0.6786713 0.56107974 -0.46120325 996.38 
20150702194331 4.048595 -0.6679823 -1.5711949 0.8167268 0.3585779 -0.689056 996.38 
20150702194331 3.5248635 0.24899697 -1.5167267 0.97158116 0.04642576 -0.7470882 996.38 
20150702194331 3.5990837 1.0995371 -1.6867151 1.0864239 -0.17012598 -0.62796944 996.38 
20150702194331 3.892972 1.903989 -2.0787656 1.2147056 -0.28863382 -0.37812558 996.38 
20150702194331 4.417302 2.2188265 -1.7687165 1.2296717 -0.36651915 -0.17592919 996.38 
20150702194331 5.4102974 2.2720973 -1.620276 1.0903945 -0.2724459 -0.07360926 996.38 
20150702194331 6.8545995 1.8590976 -1.6927006 0.9077458 -0.26450464 -0.065973446 996.38 
20150702194331 8.210316 0.99898064 -1.745373 0.7806858 -0.3390302 -0.095294975 996.38 
20150702194331 9.486425 -0.16879122 -1.2018893 0.6291912 -0.441961 -0.17256944 996.38 
20150702194331 10.415376 -0.8194155 -0.7338228 0.5143485 -0.5714644 -0.29016098 996.38 
20150702194331 11.454459 -0.6787562 -0.7679402 0.59131753 -0.5342017 -0.33964106 996.38 
20150702194331 12.262503 0.2885013 -1.3521254 0.870483 -0.4382958 -0.27885997 996.38 
20150702194331 12.857462 1.4239515 -0.60333884 0.960891 -0.28130344 -0.21074851 996.38 
20150702194331 14.211383 2.5181017 0.36511576 0.9053023 -0.14385876 -0.122478485 996.38 
20150702194331 15.318701 1.6077064 2.1092918 0.7699956 0.008552114 -0.1966986 996.47 
20150702194331 14.129381 0.36631286 -1.7848774 0.50946164 0.07666359 -0.49541172 996.47 
20150702194331 13.5697365 0.8702923 -7.789535 0.3304781 0.038789943 -0.84513205 996.47 
20150702194331 14.170083 4.2544966 -8.680179 0.12858713 0.017104227 -0.9761627 996.47 
20150702194331 13.363835 4.5543704 -7.741651 0.076358154 -0.26053402 -0.8381071 996.47 
20150702194331 12.017695 1.4371196 -7.643489 0.028099801 -0.5546656 -0.70157874 996.47 
20150702194331 12.4702 -0.56563014 -6.517616 -0.11362094 -0.3744604 -0.5348125 996.47 
20150702194331 12.133814 -0.84096336 -5.798158 -0.101098195 0.076052725 -0.29565877 996.47 
20150702194331 10.309433 0.27353755 -5.2804117 -0.05375614 0.4202753 -0.11728613 996.47 
20150702194331 8.820239 1.5209166 -4.3879733 -0.058337633 0.61758476 0.12767084 996.36 
20150702194331 7.306505 2.1649568 -3.630807 -0.041233405 0.7351763 0.33383787 996.36 
20150702194331 5.9412117 1.7082629 -2.9334955 -0.009162978 0.6017023 0.48991394 996.36 
20150702194331 5.059547 0.557849 -2.3002293 -0.047647487 0.27763826 0.625526 996.36 
20150702194331 4.7141833 -0.39743748 -1.5598224 -0.12034045 -0.014966198 0.68294734 996.36 
20150702194331 4.23235 -0.30226797 -1.536479 -0.20922135 -0.19242255 0.67164636 996.36 
20150702194331 4.357447 -0.5967548 -1.2605472 -0.25167647 -0.2996294 0.52595496 996.36 
20150702194331 4.7429137 -0.5374983 -1.4999673 -0.28221974 -0.21471913 0.35185838 996.36 
20150702194331 5.453393 -0.50278234 -1.6753427 -0.29016098 -0.076358154 0.17562376 996.36 
20150702194331 6.573281 -0.866701 -1.2216414 -0.35460728 -0.003970624 0.044898596 996.4 
20150702194331 7.6404963 -1.3239936 -0.7224504 -0.48502702 0.01985312 -0.11056661 996.4 
20150702194331 8.626308 -1.2671312 -0.3429694 -0.5403103 0.0070249503 -0.1872302 996.4 
20150702194331 9.737817 -0.7457938 -0.16101007 -0.4447099 0.0036651916 -0.13439035 996.4 
20150702194331 10.344149 -0.41299978 -0.45010993 -0.3555236 0.018936822 0.025045475 996.4 
20150702194331 10.939706 -1.6184803 -0.5530606 -0.2932153 0.124311075 0.12675454 996.4 
20150702194331 12.045229 -2.496554 0.17058687 -0.16249016 0.18753563 0.16676621 996.4 
20150702194331 13.879786 -1.1923125 0.57400984 -0.093767814 0.10842858 0.16920967 996.4 
20150702194331 15.378556 1.3030443 -2.2720973 -0.15760323 0.018020526 0.20769419 996.4 
20150702194331 15.465944 1.8249803 -9.075222 -0.19272798 -0.12308934 0.4083634 996.44 
20150702194331 16.38412 -1.0372878 -8.47727 -0.1020145 -0.31245756 0.52290064 996.44 
20150702194331 14.490906 1.0845734 -8.381501 0.16982053 -0.45631635 0.58551437 996.44 
20150702194331 13.030443 4.7818193 -7.0712748 0.16982053 -0.5002986 0.7715228 996.44 
20150702194331 12.28405 5.0930657 -5.2421045 -0.14569137 -0.10720685 0.72326446 996.44 
20150702194331 12.4390745 2.8257565 -4.799177 -0.48991394 0.24404067 0.4260785 996.44 
20150702194331 12.148179 -0.29867667 -3.2345665 -0.5314528 0.4877759 0.23335053 996.44 
20150702194331 11.270106 -2.244564 -2.801216 -0.43585235 0.5128214 0.021380283 996.44 
20150702194332 9.048885 -2.0027497 -2.3588872 -0.18692477 0.36926803 -0.18020524 996.44 
20150702194332 6.582259 -1.1492168 -1.9806033 0.16187929 0.3753767 -0.37598756 996.42 
20150702194332 4.9254713 -0.48722005 -1.4766239 0.49968776 0.26542094 -0.5170974 996.42 
20150702194332 4.38917 -0.06584055 -1.4329298 0.6960809 0.13958271 -0.52015173 996.42 
20150702194332 3.8163576 0.092176765 -1.6717514 0.8906415 0.002443461 -0.42546764 996.42 
20150702194332 3.602675 0.35673606 -2.2002714 1.0076222 -0.0421497 -0.2919936 996.42 
20150702194332 3.6780925 0.81343 -2.2403743 1.1023064 0.06261369 -0.16065755 996.42 
20150702194332 5.1571107 1.8435353 -1.7208325 1.1646146 0.1908954 -0.04428773 996.42 
20150702194332 7.050924 2.5791538 -1.1546037 1.1551461 0.10293079 0.047036625 996.42 
20150702194332 8.208521 2.9562407 -0.9295488 1.0091494 -0.08399397 0.13591751 996.42 
20150702194332 8.515577 2.4223335 -0.3800795 0.8222246 -0.15577064 0.0983493 996.41 
20150702194332 8.360553 1.0630256 0.10474633 0.67103547 -0.017104227 0.0067195175 996.41 
20150702194332 9.010578 -0.56084174 0.599149 0.59620446 0.1255328 -0.062308256 996.41 
20150702194332 11.0247 -1.5442601 0.053869538 0.62125 0.15851954 -0.07941248 996.41 
20150702194332 13.092093 -1.0259154 -1.1701661 0.7452556 0.021380283 -0.047647487 996.41 
20150702194332 14.503475 2.0326772 -0.48123455 0.83199847 -0.18112154 0.013133603 996.41 
20150702194332 14.611813 3.0304608 1.0043676 0.7672467 -0.23487769 -0.0061086523 996.41 
20150702194332 13.749302 2.3223755 -1.7244238 0.6218608 -0.23060162 -0.30879238 996.41 
20150702194332 14.7159605 2.235586 -7.241862 0.59040123 -0.08002335 -0.5320636 996.41 
20150702194332 16.003443 3.7834373 -10.600926 0.4071417 0.09468412 -0.68233645 996.36 
20150702194332 14.545374 4.6776714 -6.8647747 0.32620203 0.172264 -0.72418076 996.36 
20150702194332 11.832145 1.6807296 -4.345476 0.041233405 0.054367006 -0.74189585 996.36 
20150702194332 10.447099 -1.8255788 -5.403115 -0.049785517 0.28099802 -0.9092729 996.36 
20150702194332 10.34355 -2.610877 -5.240309 -0.01863139 0.6230826 -0.8045095 996.36 
20150702194332 10.064027 -0.5105635 -5.2205567 0.05681047 0.8191703 -0.4202753 996.36 
20150702194332 9.752781 2.6138697 -3.6014779 0.24404067 0.8210029 0.06414085 996.36 
20150702194332 9.157223 3.4626143 -3.596091 0.22907446 0.6704246 0.47311515 996.36 
20150702194332 8.327033 2.2744915 -3.390788 0.07360926 0.27763826 0.68386364 996.36 
