20150702193657 2.5396495 -4.8243165 9.657013 0.5729916 1.3066407 -0.19822577 995.92 
20150702193657 12.069171 -5.6868277 16.24825 -1.0354166 1.6621643 0.4841107 995.92 
20150702193657 13.67987 -9.668385 14.577097 -0.9086621 1.4165965 0.55955255 995.96 
20150702193657 4.3688197 -14.205996 5.876568 1.1032226 -0.09682214 -0.84421575 995.96 
20150702193657 -4.8973393 -15.729306 4.9984946 1.0882565 -1.5311338 -1.6340646 995.96 
20150702193657 -10.096947 -19.608511 14.438832 0.13072516 -0.75502944 -0.81061816 995.96 
20150702193657 -4.1144357 -18.881872 -9.34397 0.046120327 -0.88025683 0.97158116 995.96 
20150702193657 -0.037110128 -9.074024 -5.663484 -0.43035457 -0.7809912 2.7214046 995.96 
20150702193657 -0.1604115 -8.385093 -3.4392707 -1.7208074 0.6020077 2.207056 995.96 
20150702193657 -1.9015948 -13.366828 -4.2742486 -1.5613716 -0.85918194 0.72051555 995.96 
20150702193657 -1.7256209 -18.602947 -4.1820717 -1.3991868 -1.133155 -0.013133603 995.96 
20150702193657 0.44951138 -15.346234 -4.7255554 -1.6120734 0.29718593 0.75961095 995.73 
20150702193657 1.240795 -10.367492 -3.5853171 -2.0528126 1.6655241 1.287093 995.73 
20150702193657 -1.4562732 -4.993706 15.156494 -3.0207286 2.6111436 0.8206975 995.73 
20150702193657 -3.0244753 -7.0449386 9.01776 -3.415653 2.5390613 0.1441642 995.73 
20150702193657 -0.27114335 -5.8412538 0.55964464 -0.7290677 1.5674802 0.559858 995.73 
20150702193657 0.6440403 -4.758476 2.7371712 -1.6468927 0.29657507 0.70829827 995.73 
20150702193657 1.4311341 -4.9338512 5.386954 -3.5702019 -0.27122417 0.4184427 995.73 
20150702193657 1.4820108 -4.392163 0.50637364 -2.6703975 -1.3949108 0.4978552 995.73 
20150702193657 0.29688102 -4.2622776 -4.285621 -0.72051555 -1.2718215 0.60048056 995.73 
20150702193657 0.6847417 -3.0142999 -1.977012 -0.31031954 -1.1270463 0.7770206 995.87 
20150702193657 1.2300211 -5.521628 0.16400282 -0.7333437 -1.7336355 0.97402465 995.87 
20150702193657 1.2216414 -12.7814455 4.2999864 -0.93034774 -2.3570235 0.9947941 995.87 
20150702193657 1.3599066 -14.618996 6.277597 -1.0757337 -1.9816469 1.0296134 995.87 
20150702193657 4.4939165 -14.55914 2.0847511 -1.7180585 -1.3881912 1.0067059 995.87 
20150702193657 7.2047515 -14.607623 -2.0231004 -0.7067711 -1.1160508 1.0619892 995.87 
20150702193657 9.126099 -15.32768 -2.0805612 0.4877759 -0.8894198 0.8622363 995.87 
20150702193657 10.836157 -13.693637 4.8021703 0.2919936 -0.31856623 0.5534439 995.87 
20150702193657 9.690532 -12.8532715 9.504382 -0.41447207 -0.5858198 0.36102137 995.87 
20150702193657 4.981735 -13.306973 0.37588966 0.6203337 -1.525636 -0.030543262 995.87 
20150702193657 1.578976 -12.432491 -2.2122424 1.9028453 -1.2162327 -0.8875872 995.87 
20150702193657 0.18375498 -15.166669 -3.1639376 2.0069978 0.8503244 -1.897042 995.87 
20150702193657 -1.2318168 -19.608511 -5.16549 1.9343048 3.1224377 -1.9401081 995.87 
20150702193657 -3.7828386 -19.608511 -6.969521 1.9556851 3.6306777 -1.5674802 995.87 
20150702193657 -10.093356 -19.608511 6.281188 1.8805487 3.1609223 -1.3121386 995.87 
20150702193657 -7.8787193 -15.317504 2.7880478 1.7705929 2.0879374 -0.76083267 995.87 
20150702193657 -4.0539823 -8.040926 -2.0308816 3.2128458 -0.19486602 0.28191432 995.87 
20150702193657 -2.168548 -5.1367598 -1.887828 3.677714 0.7874053 0.01282817 995.87 
20150702193657 -1.1198878 -3.4183214 -1.5568297 3.3957999 0.3539964 -0.539394 995.95 
20150702193658 0.19812019 -1.6077064 -1.0313023 2.7327056 -0.89888823 -0.7669413 995.95 
20150702193658 0.95947635 -0.6075287 -0.6835446 1.9938642 -1.9941696 -0.77549344 995.95 
20150702193658 1.4131776 -0.15682021 -0.86849666 1.4819591 -2.157576 -0.9431759 995.95 
20150702193658 1.3623008 -0.5153519 -1.1079168 0.8206975 -1.5460999 -1.29198 995.95 
20150702193658 0.62488663 -1.6101006 -2.0667946 0.5925393 0.12980886 -1.4834863 995.95 
20150702193658 0.4261679 -2.066196 -3.1741128 0.63316184 1.570229 -1.31672 995.95 
20150702193658 0.49200845 -3.8588545 -1.821389 0.5531385 2.3970351 -1.1209377 995.95 
20150702193658 -2.4714148 -7.778163 1.0241197 0.2415972 2.2180517 -1.1148291 995.95 
20150702193658 -5.6066217 -10.365098 6.505645 0.071776666 1.0858129 -1.0503827 995.93 
20150702193658 -0.50757074 -10.000581 6.5966244 -0.027183503 -0.37415496 -0.24312437 995.93 
20150702193658 10.087969 -9.953295 15.5994215 -1.3222178 -0.95630956 0.41538838 995.93 
20150702193658 11.547833 -16.050728 19.454086 -1.5668694 -0.623388 0.47342056 995.93 
20150702193658 14.647726 -13.863625 13.230358 0.094989546 -2.3328943 -0.5513059 995.93 
20150702193658 4.0857053 -9.150041 -2.087744 1.0177015 -1.9740111 -1.0375546 995.93 
20150702193658 -1.400608 -11.925519 -7.9649105 1.6722436 1.5555683 -1.2727377 995.93 
20150702193658 -5.380968 -19.127876 -3.1495724 -0.076358154 1.8967366 -0.081855945 995.93 
20150702193658 -5.817312 -19.077 11.750742 -2.2204952 -0.8744536 1.4999796 995.93 
20150702193658 -0.06284779 -8.992023 -2.8419175 -2.125811 -0.9975429 3.1367931 995.89 
20150702193658 -1.4101849 -7.3807254 -5.0523643 0.024740042 -1.6029104 2.6465738 995.89 
20150702193658 -1.4664485 -8.631097 -4.7925935 -0.4428773 0.21044308 0.0106901415 995.89 
20150702193658 -0.8523358 -10.8385515 -2.765303 -1.1749994 0.9092729 -0.3726278 995.89 
20150702193658 -0.3842694 -11.19409 -2.2786815 -1.9782871 0.103847094 0.06872234 995.89 
20150702193658 0.5967548 -8.455722 -3.5739446 -2.1991148 -0.118202426 0.7339546 995.89 
20150702193658 0.6392518 -7.0569096 -1.395221 -2.0971005 1.135904 0.86070913 995.89 
20150702193658 -2.1511903 -5.581483 12.142793 -2.3417518 1.6734654 0.5702427 995.89 
20150702193658 -1.5747862 -8.25401 1.4275428 -1.738217 1.2437216 0.24831672 995.89 
20150702193658 0.08319851 -8.973468 -2.6497827 -0.6395759 0.64568454 0.8228355 995.91 
20150702193658 0.24420857 -7.892486 1.3198037 -2.1297817 0.3231477 0.6267477 995.91 
20150702193658 0.80086046 -6.1225724 -0.65660983 -2.2149973 -1.4416419 0.573297 995.91 
20150702193658 1.0528502 -4.7046065 -2.0278888 -1.1765264 -2.198504 0.72356987 995.91 
20150702193658 1.2898762 -4.859631 -2.9251158 -0.6600399 -1.0858129 0.75808376 995.91 
20150702193658 1.5155296 -8.104373 -1.3569138 -0.6441574 -0.5479461 0.7281514 995.91 
20150702193658 1.1139023 -12.093711 4.807557 -1.0064005 -0.8246681 0.8011498 995.91 
20150702193658 1.922544 -11.727997 5.527613 -1.5845845 -1.9285016 0.9605856 995.91 
20150702193658 4.541202 -12.07336 1.7495629 -0.6759224 -3.3689218 1.1032226 995.91 
20150702193658 7.642292 -12.142793 -1.2030864 0.21746802 -2.4291058 1.1591167 995.96 
20150702193658 7.60997 -11.853693 -0.027533319 0.03390302 -0.78893244 0.9804387 995.96 
20150702193658 7.946954 -12.184691 2.034473 -0.5879578 -0.22418754 0.47647488 995.96 
20150702193658 7.5650787 -12.664728 5.064934 -0.41691554 -0.88056225 0.18020524 995.96 
20150702193658 4.502895 -12.061988 0.97384155 0.34788775 -0.8533788 -0.033292156 995.96 
20150702193658 2.3888147 -13.201628 -0.32561144 1.4263704 -0.9068295 -0.9486737 995.96 
20150702193658 1.5837644 -16.85099 -1.501763 1.9046779 0.9275989 -1.8005253 995.96 
20150702193658 -2.938284 -19.608511 -1.5155296 2.2003367 2.4016168 -1.9422461 995.96 
20150702193658 -5.424064 -19.608511 -4.2155905 2.4755313 2.968805 -1.9868392 995.96 
20150702193658 -9.694721 -19.608511 2.0015526 2.463925 2.9859092 -1.3350459 995.83 
20150702193658 -6.627749 -12.299014 2.5689783 1.9620992 2.0344868 -0.47952923 995.83 
20150702193658 -1.1288661 -7.939771 0.38726214 2.3307564 -0.07238753 0.18203785 995.83 
20150702193658 -0.97743285 -8.411429 0.18674773 2.7705793 -1.2617421 -0.24465153 995.83 
20150702193658 0.7140707 -4.9536033 -0.4213795 2.0787745 -2.2516494 -0.9016371 995.83 
20150702193658 1.8285716 -2.2942438 -1.5424645 1.4538593 -2.3597724 -0.76083267 995.83 
20150702193659 2.3511062 -0.99060094 -1.1145009 0.79137594 -1.9285016 -0.88697636 995.83 
20150702193659 2.1386206 -1.0127473 -0.6326678 0.3408628 -1.0115929 -1.3164146 995.83 
20150702193659 0.7930793 -2.0272903 0.11252748 0.39645153 -0.20280726 -1.743104 995.83 
20150702193659 -0.11611878 -2.4037786 0.31064767 0.7492262 0.5015204 -1.8216002 995.84 
20150702193659 -0.6452374 -2.4768016 -0.24001873 1.4950926 0.852157 -1.505172 995.84 
20150702193659 -1.0103531 -3.1352072 0.48841715 1.9275852 1.0968086 -1.0509937 995.84 
20150702193659 -1.5628152 -4.6273932 2.1871033 1.858252 1.0137309 -0.72387534 995.84 
20150702193659 -1.2228385 -6.0345855 2.9574378 1.2620476 0.8921687 -0.45631635 995.84 
20150702193659 0.013766659 -7.913435 3.044826 -0.5687156 1.1621711 -0.059253927 995.84 
20150702193659 8.565256 -10.851121 10.781689 -2.07572 2.1471913 0.7076874 995.84 
20150702193659 11.987768 -19.10573 19.608511 -1.8072448 1.8316795 1.047023 995.84 
20150702193659 8.343194 -18.885464 15.62456 0.79626286 0.21135938 0.08124508 995.84 
20150702193659 0.76554596 -11.506534 4.1575313 1.1557571 -1.6111571 -0.64996064 995.9 
20150702193659 -0.6937199 -8.734048 -4.453215 1.1475104 2.11451 -1.1145236 995.9 
20150702193659 -3.5954924 -14.756063 -5.3402667 0.4156938 0.4437936 -0.68416905 995.9 
20150702193659 -9.391256 -19.607914 9.3026705 -0.89888823 -1.9694295 0.8949176 995.9 
20150702193659 1.6555905 -11.03308 -3.2501287 -1.2907583 -2.3808472 2.8044822 995.9 
20150702193659 -0.109534726 -10.166978 -3.503914 -0.9575313 -2.1743748 2.597399 995.9 
20150702193659 -0.45609543 -10.763732 -3.8121676 -0.99265605 -0.6020077 0.17134771 995.9 
20150702193659 0.6242881 -10.749966 -3.196858 -1.0186177 0.46883908 -0.16829337 995.9 
20150702193659 1.7776948 -8.720282 -3.6948519 -1.2791518 0.5897904 0.6102544 995.9 
20150702193659 0.97503865 -7.302315 -3.618836 -1.6875153 1.0650436 0.93554014 995.81 
20150702193659 -2.1697452 -5.437232 10.468647 -2.4330764 1.7235563 0.44348818 995.81 
20150702193659 -3.8385038 -6.899491 6.1740475 -2.8823676 1.851838 -0.018936822 995.81 
20150702193659 -0.8870517 -7.244256 -2.9107506 -1.3530666 1.0775663 0.56199604 995.81 
20150702193659 -1.0133458 -7.767389 2.0799627 -0.93187493 0.11453723 0.8900307 995.81 
20150702193659 0.9331401 -6.6852098 0.7098808 -2.2146919 -1.0604621 0.65668017 995.81 
20150702193659 1.7836803 -6.1866174 -2.9771898 -1.3139712 -2.3313673 0.960891 995.81 
20150702193659 2.1936872 -6.6762314 -2.6557682 -0.6722572 -1.8500054 1.0363328 995.81 
20150702193659 2.7760768 -8.051102 -1.401805 -0.643852 -1.1994339 1.0021244 995.81 
20150702193659 3.7762547 -10.728417 2.5689783 -0.92149025 -1.2776246 0.9984592 995.89 
20150702193659 4.100669 -11.596914 6.293758 -1.4205672 -1.5180001 1.2110404 995.89 
20150702193659 4.832696 -10.551247 3.4626143 -1.409877 -2.175291 1.2977833 995.89 
20150702193659 6.143522 -11.063606 0.48482585 -0.4999932 -2.543032 1.1462886 995.89 
20150702193659 6.6971807 -11.633426 -0.05267244 -0.108123146 -1.1502593 0.9300423 995.89 
20150702193659 5.258864 -10.6954975 0.97623575 -0.4529566 0.13530666 0.72204274 995.89 
20150702193659 3.2609026 -11.7148285 2.871845 -0.46303585 0.13133603 0.39064834 995.89 
20150702193659 3.3153708 -12.947843 4.9428296 -0.06872234 -0.08399397 0.083383106 995.89 
20150702193659 6.2704144 -13.092692 0.7846996 0.66675943 -0.3753767 -0.20280726 995.89 
20150702193659 3.8379054 -12.372037 -0.2861071 1.421178 -0.27183503 -0.5497787 995.91 
20150702193659 3.0065188 -13.914502 -0.88405895 1.8460348 0.8680395 -1.543351 995.91 
20150702193659 1.5825673 -18.356943 -2.991555 2.2770002 1.92392 -1.8939877 995.91 
20150702193659 -2.0961237 -19.608511 -5.179257 2.5130997 2.489276 -2.0967948 995.91 
20150702193659 -7.138911 -19.608511 2.010531 2.4324653 2.431549 -2.0201313 995.91 
20150702193659 -6.827665 -14.441226 2.0679917 2.1474967 1.4706581 -1.3585643 995.91 
20150702193659 -1.8872294 -7.6009917 -1.4263457 3.0341678 -0.5534439 -0.04184427 995.91 
20150702193659 0.37588966 -5.6281695 -0.7577648 3.1117475 -0.7076874 0.18112154 995.91 
20150702193659 1.7609353 -3.352481 -0.83976626 2.0845776 -1.0461067 -0.5002986 995.91 
20150702193659 2.758719 -1.4736311 -1.1252748 0.96852684 -1.5406022 -0.929126 995.97 
20150702193659 2.5246856 -0.81283146 -0.5530606 0.4596761 -1.0021244 -1.4285084 995.97 
20150702193700 1.1414356 -1.5664065 0.24001873 0.48502702 -0.68844515 -1.8490891 995.97 
20150702193700 0.24061728 -1.8567034 0.23283611 0.8686504 -0.4990769 -2.1343632 995.97 
20150702193700 0.7428011 -1.9195513 -0.31064767 1.3842206 0.30115658 -1.7373008 995.97 
20150702193700 0.49919105 -2.6839 -0.7781156 1.7424932 1.6081028 -1.2296717 995.97 
20150702193700 -0.87089086 -4.4675803 -0.7104794 2.144748 2.2913556 -0.87689704 995.97 
20150702193700 -2.553416 -7.3633676 1.5316905 2.087632 2.028378 -0.6988298 995.97 
20150702193700 -2.9059622 -8.675988 2.3439236 0.48563787 1.2232577 -0.48288897 995.97 
20150702193700 1.0295067 -10.076596 6.64391 -1.4434745 0.8597928 -0.10842858 995.93 
20150702193700 11.966819 -11.849503 16.589424 -2.5262332 1.0164797 0.9236283 995.93 
20150702193700 12.753314 -18.546085 18.891449 -0.82741696 -0.06383542 1.0235047 995.93 
20150702193700 12.930485 -13.402741 10.217256 1.5467108 -2.1239784 0.07086037 995.93 
20150702193700 2.9891608 -8.193557 1.7357962 1.7284433 -0.8445212 -0.79412484 995.93 
20150702193700 -1.8070238 -7.2310877 -0.17298107 1.4526376 2.2119431 -1.5870279 995.93 
20150702193700 -6.6187706 -14.256274 2.3116016 0.27488935 0.75319684 -0.42913285 995.93 
20150702193700 -6.6684504 -18.660408 12.212224 -0.63285637 -1.529912 0.818254 995.93 
20150702193700 3.9504328 -13.486538 -5.57849 -0.66523224 -1.1090258 2.9816332 995.93 
20150702193700 0.95109665 -12.579136 -5.360019 -1.3680327 -2.076331 2.155438 995.79 
20150702193700 0.3645172 -11.277887 -2.0189106 -1.8277088 0.4437936 0.39553526 995.79 
20150702193700 1.9387048 -10.38485 -1.4083891 -1.5128077 0.31337386 0.5702427 995.79 
20150702193700 2.5755625 -10.401609 -2.1254525 -1.2470814 -0.13652839 0.9786061 995.79 
20150702193700 2.6779146 -9.312247 -0.0023942017 -1.5314392 0.806953 0.82711154 995.79 
20150702193700 -0.8194155 -8.921992 4.955399 -1.9642372 1.9672915 0.54000485 995.79 
20150702193700 -2.134431 -8.1558485 0.19991584 -1.5543466 2.284636 0.3118467 995.79 
20150702193700 -2.8760347 -6.2686186 1.7142484 -1.5781704 0.8738427 0.46028697 995.79 
20150702193700 -1.9812019 -5.801749 2.9113493 -2.4324653 0.34483343 0.4914411 995.79 
20150702193700 0.2825158 -5.976526 1.3515269 -2.3619106 0.3494149 0.64660084 996.04 
20150702193700 1.38325 -6.845621 -2.3570917 -1.5180001 -0.23304509 0.7678576 996.04 
20150702193700 1.3018472 -6.2608376 -2.9706059 -0.9975429 -1.0754282 0.8164214 996.04 
20150702193700 1.7669208 -5.336077 -1.9716251 -1.1078042 -1.6475036 0.97035944 996.04 
20150702193700 1.9069817 -6.4416 -0.6817489 -1.1884383 -2.019215 1.0668762 996.04 
20150702193700 2.4193408 -10.825383 4.2862196 -1.0781772 -1.8756617 1.1258247 996.04 
20150702193700 2.9646204 -12.158954 7.4746976 -1.2437216 -1.5042557 1.2470814 996.04 
20150702193700 4.960786 -11.760918 1.8339585 -1.5427402 -1.2721269 1.3347405 996.04 
20150702193700 7.1861963 -12.539632 -2.1416135 -0.3594942 -1.96271 1.3548992 996.04 
20150702193700 7.7572136 -11.859678 -0.17537527 0.30573806 -1.2907583 1.0577132 995.95 
20150702193700 7.924209 -11.775283 2.9951463 -0.4071417 0.0021380284 0.74189585 995.95 
20150702193700 7.5471225 -12.979566 5.5629277 -0.42332962 -0.7012733 0.5858198 995.95 
20150702193700 7.49445 -13.11424 1.845331 0.3042109 -0.874759 0.23701571 995.95 
20150702193700 3.4171243 -13.152547 -0.17477672 1.1991285 -0.45173484 -0.61086524 995.95 
20150702193700 1.4939818 -14.240712 -1.6286557 1.5509869 0.88606006 -1.5876387 995.95 
20150702193700 0.45250413 -17.675793 -2.9430726 2.01555 1.790446 -2.0958786 995.95 
20150702193700 -3.139397 -19.608511 -1.7280151 2.3802364 2.3930645 -2.0518963 995.95 
20150702193700 -7.4735007 -19.608511 2.545635 2.4538457 2.2308798 -1.8335121 995.95 
20150702193700 -9.276933 -18.953098 5.01286 2.382069 1.3329079 -1.3374895 995.88 
20150702193700 -4.505289 -10.344149 -0.37229836 2.5485299 0.49449542 -0.31978795 995.88 
20150702193700 -0.5662287 -6.817489 -1.30484 2.5228734 0.25381452 -0.08246681 995.88 
20150702193700 0.60333884 -5.486912 -1.043872 1.785559 -0.3484986 -0.83199847 995.88 
20150702193700 1.5999253 -3.4440591 -1.168969 1.282817 -1.2266175 -1.1279627 995.88 
20150702193700 2.2301989 -1.970428 -1.074398 0.763887 -1.5540411 -1.3478742 995.88 
20150702193700 2.0254946 -1.602918 0.094570965 0.47800204 -1.6038266 -1.6542231 995.88 
20150702193701 0.18555063 -2.086547 1.0546459 0.5335908 -1.1572843 -1.8616118 995.88 
20150702193701 -0.40402153 -2.3864205 1.3856442 0.98532563 -0.6151413 -1.8942931 995.88 
20150702193701 -1.6561891 -3.071761 2.1200657 1.598329 0.2751948 -1.498147 995.91 
20150702193701 -2.461838 -4.2425256 0.7823054 1.9792033 0.7611381 -1.1093313 995.91 
20150702193701 -2.9317 -5.819107 -1.8339585 1.831374 0.92087936 -0.8539896 995.91 
20150702193701 -2.908955 -7.6865845 -0.3878607 0.65148777 1.5558738 -0.6221663 995.91 
20150702193701 0.2789245 -10.267534 4.449025 -0.7770206 2.797152 -0.12522738 995.91 
20150702193701 8.595782 -11.715427 13.292009 -1.3335189 2.4306328 0.7357872 995.91 
20150702193701 10.830172 -16.852785 19.608511 -1.5338826 1.284955 1.1490375 995.91 
20150702193701 16.93359 -14.3813715 13.032837 0.22082779 -0.72601336 0.77671516 995.91 
20150702193701 11.206061 -10.933721 -0.2208651 1.6985108 -3.0757065 0.15363261 995.91 
20150702193701 1.2300211 -12.079346 -4.284424 1.4043792 -1.450805 -0.870483 996.03 
20150702193701 -3.8181531 -18.623896 -2.5516205 -0.36651915 -1.568702 -0.78038037 996.03 
20150702193701 -8.1402855 -19.450495 10.556634 -1.638646 -0.8573494 0.71776664 996.03 
20150702193701 -0.45908818 -8.143877 -3.4524388 -0.61727935 1.8093829 2.561358 996.03 
20150702193701 -0.03232172 -4.820725 -4.2640734 0.2910773 0.6243043 2.359467 996.03 
20150702193701 -1.1941081 -7.4046674 -4.71119 -0.5876524 0.6630942 0.20769419 996.03 
20150702193701 -2.2218192 -12.565968 -2.9670146 -1.4046847 0.6945538 -0.593761 996.03 
20150702193701 -0.700304 -12.346898 -2.7096379 -1.9743165 0.062308256 -0.30207285 996.03 
20150702193701 0.74878657 -9.399037 -2.593519 -2.3057108 0.3866777 0.5919284 996.03 
20150702193701 0.74878657 -6.7534447 6.633734 -2.2418754 1.781894 0.5910121 995.91 
20150702193701 -2.669535 -8.259995 6.589442 -2.2235496 2.035403 0.14782938 995.91 
20150702193701 -1.8555063 -6.8204823 -2.3050177 -1.0916162 2.0470095 0.23732115 995.91 
20150702193701 -1.7022774 -6.805518 -0.9564836 -1.1169671 2.5164595 0.5815437 995.91 
20150702193701 -0.6715736 -6.4906807 2.132635 -2.3194554 1.543351 0.3747658 995.91 
20150702193701 0.3489549 -5.915474 -1.0043676 -2.1374176 -1.368949 0.6603453 995.91 
20150702193701 0.96665895 -6.0824695 -3.8379054 -1.2886202 -2.3353379 0.7855727 995.91 
20150702193701 1.666963 -7.111976 -2.7090392 -1.1410962 -2.0360138 0.87017757 995.91 
20150702193701 3.165733 -9.907805 6.4140663 -1.2412782 -2.022575 0.9502009 995.91 
20150702193701 3.958214 -10.389638 6.8288617 -1.16492 -2.3603833 1.0564915 995.92 
20150702193701 6.093842 -10.983999 1.8674773 -1.0436633 -2.7574458 1.3353515 995.92 
20150702193701 7.6973586 -11.488577 -0.9235633 -0.31398472 -2.802039 1.312444 995.92 
20150702193701 7.543531 -11.208455 -1.050456 0.21288654 -1.0815369 0.97402465 995.92 
20150702193701 7.3926964 -11.585542 1.6627731 -0.26908615 0.12644911 0.68539083 995.92 
20150702193701 7.0425444 -13.918692 6.367379 -0.7351763 0.08032878 0.4083634 995.92 
20150702193701 6.403891 -14.496293 3.8253357 -0.30665436 -0.3399465 0.20097467 995.92 
20150702193701 4.610634 -14.444818 1.3066356 0.54428095 -0.5198463 -0.26939157 995.92 
20150702193701 2.4313118 -15.688006 -1.3664906 1.4819591 0.23823744 -1.2473868 995.92 
20150702193701 0.8391677 -18.931551 -3.6721067 2.0702224 1.7504344 -1.9343048 995.93 
20150702193701 -2.7275944 -19.608511 -6.069301 2.3808472 2.680782 -1.983174 995.93 
20150702193701 -5.2840033 -19.608511 -4.410718 2.3215933 2.764776 -1.8594738 995.93 
20150702193701 -10.296265 -18.817228 11.696873 1.724778 1.992337 -1.3845261 995.93 
20150702193701 -2.6677392 -9.988011 -0.23523031 1.9566014 0.022602014 -0.48166725 995.93 
20150702193701 -0.5955577 -7.8224554 -2.3535004 3.7565157 -0.54183745 0.18173242 995.93 
20150702193701 -0.090979666 -5.587468 -2.3110032 3.520111 0.6606508 -0.42821655 995.93 
20150702193701 1.1150994 -2.4893713 -2.5438392 2.4233024 -0.21533 -0.66431594 995.93 
20150702193701 1.7782934 -0.60573304 -1.9841946 1.3558154 -1.2858714 -0.68783426 995.93 
20150702193701 1.353921 -0.094570965 -0.20470424 0.6252206 -1.8090774 -0.9550878 995.97 
20150702193701 1.003769 -0.24540567 0.5979519 0.36193767 -1.6175711 -1.31672 995.97 
20150702193701 0.33997664 -0.98581254 0.8295909 0.77274454 -1.0488557 -1.4541647 995.97 
20150702193702 -0.27234045 -1.6849195 0.44711718 1.3662001 0.12858713 -1.3029755 995.97 
20150702193702 -0.59615624 -3.1884782 -0.41120413 1.8713857 1.5815301 -1.0763446 995.97 
20150702193702 -1.472434 -5.6299653 -0.7350199 2.4208589 2.0274618 -0.84940815 995.97 
20150702193702 -3.3255463 -9.027936 0.038307227 2.1310034 1.5216653 -0.698219 995.97 
20150702193702 -2.759916 -9.463681 1.9662381 1.149343 1.0845913 -0.48899764 995.97 
20150702193702 4.646547 -8.062474 7.1586633 -1.2296717 0.9275989 0.2012801 995.97 
20150702193702 11.757326 -16.864758 19.608511 -2.8066204 0.9306532 0.9624182 995.95 
20150702193702 10.647015 -18.735825 16.126743 -0.64996064 -0.008246681 0.0106901415 995.95 
20150702193702 4.23654 -11.301829 3.9282866 1.6346754 -1.9498819 -0.56688297 995.95 
20150702193702 -0.59735334 -8.363545 -2.4492683 1.5332718 0.25045475 -0.7330383 995.95 
20150702193702 -4.845266 -14.665683 -2.022502 0.122783914 2.5372288 -0.589485 995.95 
20150702193702 -7.908048 -18.995596 15.195399 -1.2449434 -2.221106 0.77549344 995.95 
20150702193702 3.426701 -11.331757 -5.547365 -1.5668694 -2.9495628 2.552195 995.95 
20150702193702 -0.6368576 -10.325593 -5.6431336 -0.8698721 -2.6603181 3.211013 995.95 
20150702193702 -0.75716627 -9.567828 -3.5847185 -1.9214766 -0.038789943 0.64721173 995.95 
20150702193702 0.724246 -10.801441 -2.907758 -1.4590516 1.17897 0.26450464 995.89 
20150702193702 1.6514006 -12.34211 -2.955642 -0.81214535 0.056199603 0.7657196 995.89 
20150702193702 2.195483 -10.793061 -3.2968156 -0.80573124 -0.17592919 0.9728029 995.89 
20150702193702 1.5891514 -8.405443 -3.0190883 -1.4688255 0.5036584 0.73548174 995.89 
20150702193702 -1.6005238 -6.821679 4.626795 -2.1673498 1.4782939 0.269697 995.89 
20150702193702 -4.331111 -6.2889695 7.9385743 -2.8866436 1.7684549 -0.21135938 995.89 
20150702193702 -1.7447745 -5.7682304 1.0582372 -1.4181237 1.2534955 0.3811799 995.89 
20150702193702 -2.2439656 -6.847417 0.4950012 -0.979217 -0.23487769 0.5830709 995.89 
20150702193702 0.034117375 -6.0148335 0.8583213 -1.7385225 -0.6600399 0.3222314 995.89 
20150702193702 1.75076 -6.015432 -2.7629087 -1.5091426 -1.0180069 0.7516697 996.08 
20150702193702 2.2212207 -6.4882865 -3.567959 -0.95447695 -1.3332134 0.9285152 996.08 
20150702193702 2.5169046 -7.6003933 -2.4127567 -0.9401216 -1.2363913 0.96883225 996.08 
20150702193702 3.1148565 -9.3421755 -0.688333 -1.0311406 -1.4248432 0.9932669 996.08 
20150702193702 2.896984 -12.992135 6.5750766 -1.1780536 -1.7629571 1.0955868 996.08 
20150702193702 2.2732944 -11.514315 6.261436 -1.5344934 -1.6893479 1.2825116 996.08 
20150702193702 3.74094 -10.282497 0.6428431 -0.9691377 -1.9929478 1.3109168 996.08 
20150702193702 6.1943984 -11.031284 -3.2208 0.029626964 -1.4682146 1.217149 996.08 
20150702193702 8.124125 -11.379641 -0.5883751 -0.22693644 0.06719518 1.0387764 996.08 
20150702193702 6.851008 -12.264298 3.0789435 -0.7470882 -0.0067195175 0.79168135 996.03 
20150702193702 2.202067 -15.342643 6.247669 -0.6597345 -1.135904 0.2874121 996.03 
20150702193702 5.41748 -14.706983 0.4770447 -0.23518312 -1.1200215 -0.12064589 996.03 
20150702193702 4.0785227 -13.087305 -0.36870706 0.9786061 -0.37232238 -0.2669481 996.03 
20150702193702 3.0184898 -13.712192 -0.5518635 1.5534303 0.5561928 -0.9117164 996.03 
20150702193702 2.6001031 -16.151884 -1.7543513 2.1160371 1.181108 -1.6245961 996.03 
20150702193702 -0.46447513 -19.416975 -2.8502972 2.6340508 1.772731 -1.7751744 996.03 
20150702193702 -3.8187518 -19.608511 -3.2453403 2.754086 2.3576343 -2.0186043 996.03 
20150702193702 -7.645883 -19.608511 4.337695 2.4480424 2.0778582 -1.9614882 996.03 
20150702193702 -6.250662 -14.918271 2.344522 1.9624046 1.2070698 -1.3393221 995.84 
20150702193702 -2.3361423 -8.589797 -1.1725603 2.5427265 -0.32895094 -0.30634892 995.84 
20150702193702 -1.0600328 -6.3392477 -1.4664485 2.7204883 -0.50518554 -0.10476339 995.84 
20150702193702 0.25917232 -3.8349125 -1.8249803 2.237294 -0.66767573 -0.62796944 995.84 
20150702193702 1.4425066 -1.5508442 -1.6472107 1.5082263 -1.2635747 -0.84391034 995.84 
20150702193703 1.6921021 -0.4369418 -0.700304 0.82253003 -1.5406022 -1.0626001 995.84 
20150702193703 1.2042835 -0.40102878 0.11611878 0.56199604 -1.351234 -1.3665055 995.84 
20150702193703 0.5859809 -0.770933 0.54049104 0.65484756 -1.0091494 -1.7186694 995.84 
20150702193703 0.23942018 -1.115698 -0.09696517 1.0445796 -0.2843578 -1.7479908 995.84 
20150702193703 -0.30406362 -2.2331917 -0.7062895 1.314582 0.71868294 -1.5451837 995.98 
20150702193703 -1.0827777 -4.401141 0.66738373 1.4419475 1.5879441 -1.1814134 995.98 
20150702193703 -2.1883004 -8.219893 2.5019407 1.3448198 2.1093178 -0.7834347 995.98 
20150702193703 -1.9985598 -10.088568 1.6352397 0.84635377 1.8035797 -0.29810223 995.98 
20150702193703 4.092888 -8.69993 5.3779755 -0.9211848 1.3729197 0.26725355 995.98 
20150702193703 12.9005575 -13.301586 19.608511 -2.8927524 1.3384057 1.146594 995.98 
20150702193703 11.042657 -19.496584 18.01936 -0.1554652 0.043676864 0.26053402 995.98 
20150702193703 10.401609 -12.426505 3.176507 2.0650299 -1.9712621 -0.3827071 995.98 
20150702193703 1.1725603 -7.495647 -1.6053122 1.3335189 2.4382687 -0.88606006 995.98 
20150702193703 -2.1338322 -12.37503 -1.922544 0.48502702 3.003319 -0.9401216 996.05 
20150702193703 -11.799225 -19.583971 13.000515 -0.6988298 -2.3060162 0.58123827 996.05 
20150702193703 1.9219455 -14.523826 -7.451953 -1.1120802 -2.6471846 2.1789563 996.05 
20150702193703 -0.9295488 -11.971607 -6.545149 -0.2574797 -2.0060816 3.2281175 996.05 
20150702193703 -0.9403227 -9.724648 -4.161721 -1.3112222 -0.18325958 0.48655418 996.05 
20150702193703 0.1933318 -9.86471 -2.6366146 -1.3316863 1.0045679 -0.1695151 996.05 
20150702193703 1.3652935 -9.48463 -2.8886044 -1.1948525 0.17592919 0.35643986 996.05 
20150702193703 2.1158757 -7.8547773 -2.8562827 -1.2327261 0.29138273 0.97524637 996.05 
20150702193703 1.3227965 -6.956353 -2.654571 -1.6807957 1.3051136 0.7150178 996.05 
20150702193703 -4.2161894 -6.169259 10.329185 -2.119397 2.0598376 0.17715092 995.91 
20150702193703 -0.96067345 -7.73806 3.1142578 -2.4715607 2.0497584 -0.16890424 995.91 
20150702193703 -0.374094 -8.568848 -0.93373865 -1.0036516 1.287093 0.6927212 995.91 
20150702193703 -0.37588966 -7.0329676 1.7681179 -1.8619173 -1.5198327 0.5882632 995.91 
20150702193703 0.48003745 -4.980538 -1.2072762 -2.10046 -2.237294 0.600786 995.91 
20150702193703 1.4814123 -4.994903 -2.8874073 -1.3261884 -2.1148155 0.93828905 995.91 
20150702193703 2.6671407 -5.8628016 -1.1079168 -0.9987647 -1.0305296 1.1407908 995.91 
20150702193703 3.4326868 -9.084799 1.9021933 -1.1200215 -0.9975429 1.1349876 995.91 
20150702193703 2.4875755 -11.684901 5.9244523 -1.2269229 -1.5268577 1.1814134 995.91 
20150702193703 3.514688 -10.476428 4.324527 -1.4425583 -1.8261817 1.321607 995.86 
20150702193703 4.302979 -11.540052 -0.110731825 -0.68936145 -1.8683313 1.2544118 995.86 
20150702193703 6.0064535 -12.240356 -2.1709423 -0.0012217305 -1.2009611 0.9773844 995.86 
20150702193703 6.8001313 -12.130223 -0.34117374 -0.121256754 -0.32162055 0.7486154 995.86 
20150702193703 6.4870896 -12.755708 3.9468415 -0.6215554 -0.058948494 0.5345071 995.86 
20150702193703 5.0541596 -12.991537 6.7384806 -0.33383787 -0.8396343 0.3643811 995.86 
20150702193703 6.746262 -13.257294 1.5628152 0.30024028 -1.3307699 0.21594086 995.86 
20150702193703 5.113416 -12.79222 -1.0552444 1.2944235 -0.9016371 -0.29229903 995.86 
20150702193703 2.5258827 -12.850878 0.15861586 1.602605 0.81397796 -1.4193454 995.86 
20150702193703 1.5077485 -15.20797 0.3226187 1.9394971 1.6862935 -1.8912388 995.92 
20150702193703 -0.7763199 -19.106329 -2.3750482 2.6413813 1.7101172 -2.087021 995.92 
20150702193703 -5.2037973 -19.608511 -1.3982137 2.8771753 2.0332649 -2.134974 995.92 
20150702193703 -9.048286 -19.545664 8.6813755 2.2504275 2.0525072 -1.7993035 995.92 
20150702193703 -4.4753613 -12.00752 0.18255788 1.9141463 0.8063421 -1.2073752 995.92 
20150702193703 0.18255788 -6.9449806 -1.7363948 2.8658743 -0.26542094 0.00580322 995.92 
20150702193703 0.99778354 -5.7909756 -1.6418238 2.6676486 0.046120327 -0.051618114 995.92 
20150702193703 1.757344 -3.8833952 -1.9800048 1.78617 -0.68600166 -0.61758476 995.92 
20150702193703 2.1697452 -2.088941 -1.0175357 1.2189816 -1.4437801 -0.7968737 995.92 
20150702193703 1.8237832 -1.3784616 0.037708677 0.61300325 -1.8261817 -1.0577132 995.89 
20150702193703 1.4562732 -0.95109665 0.33518824 0.57543504 -1.5445728 -1.3231341 995.89 
20150702193703 0.9367314 -1.1414356 -0.24899697 0.8390234 -0.61819565 -1.3857478 995.89 
20150702193703 0.19931729 -1.6891093 -0.62249243 1.2327261 0.2556471 -1.2767084 995.89 
20150702193704 -0.8242039 -2.4331074 -1.0295067 1.5445728 1.4285084 -1.1273518 995.89 
20150702193704 -2.3708582 -3.8947675 0.39025488 1.6310102 1.6865989 -0.9224065 995.89 
20150702193704 -4.2425256 -6.652888 2.7605145 1.3020593 1.1261301 -0.70188415 995.89 
20150702193704 -2.4570496 -8.870518 0.878672 -0.32284227 0.8197812 -0.44165558 995.89 
20150702193704 5.625177 -12.545617 9.999982 -2.460565 1.4584408 0.28710666 995.89 
20150702193704 13.771448 -18.839973 19.608511 -3.0821207 1.767844 1.1636983 995.95 
20150702193704 14.967951 -18.585588 18.22646 -0.17165314 0.40317106 0.59650993 995.95 
20150702193704 6.9144545 -10.439318 1.6843209 1.7415768 -2.289523 -0.2510656 995.95 
20150702193704 1.264737 -6.201581 -4.2024226 1.704925 1.3487904 -1.287704 995.95 
20150702193704 -2.1033063 -13.750499 -4.2742486 0.6423248 2.0479257 -0.7635816 995.95 
20150702193704 -5.0876784 -19.608511 1.3006501 -1.1136073 -2.1502457 0.840856 995.95 
20150702193704 -6.5565214 -17.710508 10.156203 -2.0360138 -3.3179145 2.7192667 995.95 
20150702193704 0.025737667 -8.432379 -6.2793927 -0.47342056 -2.1991148 3.5760052 995.95 
20150702193704 -2.497751 -7.577648 -6.6720414 -0.10995574 0.3381139 1.3860532 995.95 
20150702193704 -1.8166006 -7.6201453 -4.144363 -1.0677924 2.1365013 -0.55863625 995.85 
20150702193704 -0.2645593 -9.0716305 -1.447295 -1.7562376 0.8765916 -0.054367006 995.85 
20150702193704 1.033098 -10.262746 -0.8475474 -1.7568485 -0.28955013 0.4868596 995.85 
20150702193704 3.7984009 -6.192004 1.0546459 -1.4517213 -0.14538592 0.97433007 995.85 
20150702193704 2.111686 -8.5700445 1.9913772 -1.3289373 1.4373659 0.8381071 995.85 
20150702193704 1.3718776 -8.707711 3.2381577 -0.7825184 2.162463 0.5821546 995.85 
20150702193704 -0.7140707 -6.22672 2.7030537 -1.5464053 -1.5628988 0.675617 995.85 
20150702193704 -1.1390414 -5.6497173 1.1372458 -2.346028 -2.9364293 0.47616947 995.85 
20150702193704 -0.40222588 -6.129156 -0.26755205 -1.426065 -1.3374895 0.54244834 995.85 
20150702193704 0.38307226 -6.7905545 -1.0163386 -0.95356065 -0.67347896 0.8014552 995.97 
20150702193704 1.2174516 -7.2125325 -0.08319851 -1.0290025 -0.8671232 0.93676186 995.97 
20150702193704 2.0739772 -8.754398 2.441487 -1.146594 -0.9737192 1.1652255 995.97 
20150702193704 2.7084408 -10.511144 3.6984432 -1.1588113 -0.8378017 1.3271047 995.97 
20150702193704 3.5727475 -10.241198 3.1489737 -1.2263119 -0.44135013 1.3710871 995.97 
20150702193704 4.9422307 -10.796653 -1.0630256 -0.8765916 -0.46120325 1.3072516 995.97 
20150702193704 5.7239375 -12.158355 -3.3105824 0.07696902 -0.9468411 1.0103711 995.97 
20150702193704 5.5605335 -11.86686 -0.59974754 -0.1423316 0.002443461 0.6963864 995.97 
20150702193704 5.185242 -11.649587 2.5222914 -0.7690793 0.48166725 0.49174652 995.97 
20150702193704 4.620809 -12.4785795 5.12838 -0.4822781 -0.04642576 0.34269542 995.84 
20150702193704 6.005855 -14.44781 3.3488896 0.22204952 -0.7504479 0.082161374 995.84 
20150702193704 4.7141833 -13.41112 0.8900445 0.84329945 -0.89949906 -0.2452624 995.84 
20150702193704 2.493561 -13.704411 1.9339164 1.4553864 0.08857546 -1.0454959 995.84 
20150702193704 1.9847932 -15.940595 -0.7763199 2.0967948 1.6639969 -1.7033978 995.84 
20150702193704 -1.2479776 -19.608511 -4.9787426 2.8420506 2.165212 -2.078469 995.84 
20150702193704 -3.9630024 -19.608511 -6.96174 2.7898216 2.6908615 -2.2446244 995.84 
20150702193704 -9.144054 -19.608511 6.793547 1.9480493 2.6908615 -1.8377881 995.84 
20150702193704 -6.8982935 -15.726314 3.9965212 1.5928311 1.0564915 -0.91232723 995.84 
20150702193704 -2.4893713 -9.148843 -1.6537948 3.3454034 -1.1371256 0.2489276 995.9 
20150702193704 -0.59017074 -6.257845 -1.3958195 3.3841934 -0.96577793 -0.053145275 995.9 
20150702193704 1.4784195 -3.3859997 -1.0971429 2.065641 -1.4590516 -0.5928447 995.9 
20150702193704 2.5701754 -1.5233108 -1.8674773 0.93309665 -1.3640621 -0.8927795 995.9 
20150702193704 2.030283 -0.4938041 -0.62847793 0.45020768 -0.9392053 -1.2971723 995.9 
20150702193704 0.97982705 -0.8726865 0.11492168 0.41691554 -0.54825157 -1.7763962 995.9 
20150702193704 0.1316811 -1.0426749 -0.05327099 0.7675522 -0.2828306 -1.9410243 995.9 
20150702193704 0.11133038 -0.9271546 -1.0271125 1.201572 0.28802297 -1.6380352 995.9 
20150702193704 -0.8870517 -1.9243397 -0.61890113 1.4025466 1.0580186 -1.2284501 995.9 
20150702193705 -2.2469583 -3.86484 1.168969 1.4404203 1.4672983 -0.8524625 995.89 
20150702193705 -3.2962172 -6.631939 2.1996727 1.3524556 1.3716979 -0.41080686 995.89 
20150702193705 -3.5823243 -9.223063 3.5685577 1.0626001 1.1114693 0.027183503 995.89 
20150702193705 8.234259 -11.771092 13.150751 -0.25320363 1.357648 0.6392705 995.89 
20150702193705 13.113043 -17.128717 18.404827 -1.7983873 1.8203784 1.4333953 995.89 
20150702193705 16.14111 -17.275362 19.59714 -0.06780604 0.462425 0.6817256 995.89 
20150702193705 10.926538 -12.150574 9.015965 0.49327368 -3.6969564 0.09743301 995.89 
20150702193705 1.3982137 -8.396465 -1.9895816 2.1798725 -1.5219707 -1.1218541 995.89 
20150702193705 -1.1875241 -13.140576 -6.8785415 1.5012014 1.6737708 -1.1420126 995.89 
20150702193705 -7.547721 -19.243397 -0.6368576 -0.8729264 -0.103847094 -0.12308934 995.92 
20150702193705 -5.021838 -18.068441 7.6243353 -2.0561724 0.09254608 1.2391402 995.92 
20150702193705 -0.017357962 -10.691906 -1.9734207 -1.491733 0.032986723 3.2253685 995.92 
20150702193705 -1.9195513 -10.253767 -3.378817 -1.3197744 -2.339614 1.8240436 995.92 
20150702193705 -1.2617443 -9.527127 -2.938284 -1.5836681 -0.035124753 0.17623462 995.92 
20150702193705 -0.4213795 -9.862315 -2.207454 -1.6316211 0.589485 0.027183503 995.92 
20150702193705 1.0737995 -9.307459 -2.5318682 -1.5103643 0.34055737 0.6597345 995.92 
20150702193705 2.066196 -8.168418 -2.8886044 -1.534188 0.6762278 1.073901 995.92 
20150702193705 1.1330559 -6.6109896 1.0576386 -1.8173242 1.8054122 0.75625116 995.92 
20150702193705 -2.3391352 -6.393117 7.2741833 -2.408947 2.1911736 0.1020145 995.89 
20150702193705 -0.7445967 -7.0610995 1.3545196 -1.5103643 1.7525724 0.21502456 995.89 
20150702193705 -0.8762778 -7.241263 3.433884 -1.5317446 0.47739118 0.6429357 995.89 
20150702193705 -0.31304187 -6.509236 4.2664676 -2.3796256 -0.419359 0.4972443 995.89 
20150702193705 0.46267948 -5.2277393 -1.4413095 -1.7681495 -1.7006488 0.68203104 995.89 
20150702193705 1.043872 -4.7022123 -3.4757824 -0.8219192 -1.3026701 0.79443026 995.89 
20150702193705 1.5406688 -6.2943563 -2.0165164 -0.68019843 -1.0534371 0.904386 995.89 
20150702193705 1.7232267 -10.024523 3.1214404 -0.9245446 -1.1487321 1.0005972 995.89 
20150702193705 2.4552538 -13.071743 7.429806 -1.1624765 -1.5201381 1.133155 995.89 
20150702193705 4.280833 -12.317569 2.135628 -1.5561792 -1.6181821 1.2461652 995.82 
20150702193705 7.0012445 -12.373833 -2.2840683 -0.9230174 -1.3460416 1.2556335 995.82 
20150702193705 7.1502833 -11.77648 -1.4341269 0.22602014 -0.9101892 1.0638218 995.82 
20150702193705 6.82946 -12.6539545 0.5243302 -0.12522738 -0.09712757 0.58368176 995.82 
20150702193705 5.893926 -12.772468 5.167286 -0.3921755 -0.711658 0.29168814 995.82 
20150702193705 4.3514614 -11.660361 7.961319 -0.16432275 -0.7809912 0.160963 995.82 
20150702193705 6.688801 -12.378621 0.39803603 0.4905248 -0.4447099 -0.11056661 995.82 
20150702193705 3.4877534 -11.812991 -2.540248 1.7595973 -0.4297437 -0.57757306 995.82 
20150702193705 0.17357962 -13.087305 -2.0817583 1.9636264 0.8546005 -1.3466524 995.82 
20150702193705 0.37708676 -18.772936 -2.4540567 1.7192802 1.4462235 -2.1157317 995.96 
20150702193705 0.061650693 -19.608511 -3.9199066 1.8869628 1.5173893 -1.78617 995.96 
20150702193705 -5.1678843 -19.608511 1.2012907 1.9135354 1.2253957 -1.5158621 995.96 
20150702193705 -8.291121 -19.499577 8.033145 1.5980235 1.2739595 -1.5622878 995.96 
20150702193705 -4.422689 -13.151949 -1.2389994 2.5247061 0.86193085 -0.68508536 995.96 
20150702193705 -1.7118542 -7.560889 -1.7549498 3.576616 1.7742581 -0.06261369 995.96 
20150702193705 -1.0103531 -4.983531 -1.8686744 3.3368514 2.094657 -0.4120286 995.96 
20150702193705 0.5105635 -2.280477 -2.5917234 2.7947085 0.3640757 -0.89552844 995.96 
20150702193705 1.3509283 -0.7697359 -2.0907366 1.7876972 -1.88849 -0.9126327 995.96 
20150702193705 2.6138697 -0.21308395 0.050278235 0.5873469 -2.7742445 -1.1890492 995.85 
20150702193705 2.0380642 -1.049259 2.3780408 -0.1600467 -2.6273315 -1.5625933 995.85 
20150702193705 -0.109534726 -2.9406781 1.401805 -0.022296581 -1.6853772 -2.1835377 995.85 
20150702193705 -0.9355343 -2.7455509 -1.3509283 0.86590147 0.073303826 -2.1704042 995.85 
20150702193705 -1.4119805 -2.509722 -2.3636756 1.3591752 2.0552561 -1.5943583 995.85 
20150702193706 -1.3730747 -2.4498668 -0.78888947 1.5015068 2.737898 -0.8570439 995.85 
20150702193706 -3.0891187 -5.043386 4.414908 1.1560625 2.212554 -0.33505958 995.85 
20150702193706 -2.349909 -8.534731 8.182783 0.68539083 1.2345587 -0.070554934 995.85 
20150702193706 10.326791 -8.301894 15.741278 -0.09987647 0.41172317 0.16982053 995.85 
20150702193706 10.775703 -13.770251 16.42602 -2.1041253 0.7287622 0.72601336 995.91 
20150702193706 11.122863 -19.503166 18.614918 -0.16615535 1.2507466 -0.36651915 995.91 
20150702193706 5.6347537 -13.100473 3.8055837 0.7901542 -1.7825048 -0.90408057 995.91 
20150702193706 -2.0841527 -12.121843 -5.445013 1.207986 0.14935656 -0.6704246 995.91 
20150702193706 -8.310873 -19.542072 2.8215668 0.59528816 1.024421 -0.21105394 995.91 
20150702193706 -2.5540147 -17.669807 2.2613235 -1.0354166 -2.175902 1.707063 995.91 
20150702193706 1.2755109 -8.4664955 -2.3319526 -0.8359691 -2.7751608 3.6343427 995.91 
20150702193706 -0.48841715 -7.9631147 -4.369418 -0.5122105 -3.058297 2.8081474 995.91 
20150702193706 -2.0272903 -11.158177 -5.9142766 -0.34238997 -0.5864306 -0.0106901415 995.91 
20150702193706 -1.8441339 -15.480908 -3.5482068 -0.83169305 0.22327125 -0.32467487 995.89 
20150702193706 0.3561375 -13.515268 -2.8814218 -1.5864171 -0.06841691 0.4474588 995.89 
20150702193706 0.95229375 -10.306439 -3.0160956 -2.1954496 0.17348573 1.3564262 995.89 
20150702193706 1.7764976 -6.4044895 6.545149 -2.5751023 1.2983941 1.0464121 995.89 
20150702193706 -1.0953473 -6.995259 7.9667063 -2.8970284 1.7140878 0.68966687 995.89 
20150702193706 -0.02932897 -6.501455 -2.4744074 -0.9850202 1.5155567 0.59223384 995.89 
20150702193706 0.41120413 -6.870162 0.2885013 -1.1890492 0.46395215 1.1939361 995.89 
20150702193706 1.1186907 -5.305551 1.2150574 -2.5638015 -0.61208695 0.94806284 995.89 
20150702193706 1.6759412 -3.7116113 -1.2719196 -1.992337 -1.8429805 0.9392053 995.89 
20150702193706 2.4289176 -4.4316673 -1.1713632 -1.0445796 -1.8203784 1.0195341 995.99 
20150702193706 3.074155 -7.2262993 0.55485624 -0.86162543 -1.3286319 1.0522153 995.99 
20150702193706 3.0873232 -10.1161 3.1872811 -1.0045679 -1.4953982 1.0195341 995.99 
20150702193706 2.4690206 -11.553819 6.117784 -1.119716 -1.5070046 1.0467176 995.99 
20150702193706 2.184709 -11.4915695 4.252701 -1.3582588 -1.7629571 1.1863003 995.99 
20150702193706 5.1882353 -11.455058 -0.65900403 -0.6267477 -2.1331415 1.221425 995.99 
20150702193706 8.049905 -12.483966 -2.4307132 -0.17134771 -0.21991149 1.1905763 995.99 
20150702193706 6.8384385 -12.893973 2.8802247 -0.45020768 0.77518797 0.8371908 995.99 
20150702193706 3.532046 -12.026673 8.286332 -0.7626653 0.2770274 0.41080686 995.99 
20150702193706 3.9917328 -11.586141 5.875371 -0.025350908 -1.3833044 0.21044308 995.87 
20150702193706 7.282563 -11.510124 -0.36152446 0.79534656 -1.5286902 0.0421497 995.87 
20150702193706 3.8971617 -10.907384 -1.8231846 1.8451185 -0.5149594 -0.34116822 995.87 
20150702193706 2.9801826 -13.255498 -2.1086931 2.0216584 1.6924021 -1.4724907 995.87 
20150702193706 2.11827 -18.497004 -3.383007 2.0497584 2.6273315 -1.9391917 995.87 
20150702193706 -1.532289 -19.608511 -4.2850223 2.225382 2.7818804 -2.087632 995.87 
20150702193706 -7.8625584 -19.608511 4.4442368 2.243097 2.5405886 -2.0179935 995.87 
20150702193706 -8.773552 -18.79987 4.2131963 2.0781636 1.5018122 -1.4657712 995.87 
20150702193706 -3.7098155 -10.382456 -2.202067 2.6972754 -0.2782491 -0.47494772 995.87 
20150702193706 -1.168969 -6.0866594 -1.5921441 3.090062 -0.5299256 0.30268374 995.91 
20150702193706 0.40162733 -3.691859 -0.95827925 2.445599 -0.50762904 -0.34422258 995.91 
20150702193706 1.6118963 -1.8914193 -0.51595044 1.4666874 -1.9135354 -0.86376345 995.91 
20150702193706 2.3229742 -0.8678981 -0.55365914 0.7199047 -1.8875736 -1.1212431 995.91 
20150702193706 1.8537107 -1.039682 -0.985214 0.23243423 -1.2134838 -1.6194037 995.91 
20150702193706 1.2802993 -1.4173675 0.6853402 0.35430184 -0.51343226 -1.9862283 995.91 
20150702193706 1.4514848 -1.3652935 0.6727707 0.6704246 -0.0106901415 -1.9645426 995.91 
20150702193706 0.95109665 -1.9434932 -0.6051345 1.2385293 0.6401868 -1.7046194 995.91 
20150702193706 -0.581791 -2.782661 -1.8896236 1.5021176 1.7886134 -1.473407 995.91 
20150702193706 -1.5837644 -3.9917328 -2.2176294 1.2751812 2.6655104 -1.0360274 995.88 
20150702193707 -3.2160115 -7.207744 0.56323594 0.6844745 2.6572638 -0.59223384 995.88 
20150702193707 -2.6880898 -10.331579 2.3786395 -0.60994893 2.3066273 0.087964594 995.88 
20150702193707 7.6650367 -13.873201 18.127699 -2.5097399 1.6801848 0.915687 995.88 
20150702193707 8.918402 -19.608511 19.608511 -2.5244007 0.4999932 1.3106114 995.88 
20150702193707 12.071565 -16.236279 14.73272 1.3723087 -1.273654 0.46181414 995.88 
20150702193707 5.6401405 -8.856153 3.1950622 1.5183055 -2.1988094 -0.05009095 995.88 
20150702193707 1.1683705 -7.1909847 -5.919065 1.3164146 2.9190195 -0.8362745 995.88 
20150702193707 -1.6915035 -19.071611 -5.813122 0.3200934 -0.08979719 -0.25381452 995.88 
20150702193707 -4.3478703 -19.608511 0.5823896 -1.0830641 -2.8643472 1.1600331 995.98 
20150702193707 -0.5805939 -10.905589 2.724003 -2.1847596 -1.9679024 2.5980098 995.98 
20150702193707 -1.6998832 -7.7727757 -1.4796166 -1.8335121 -1.4230106 2.2284365 995.98 
20150702193707 -2.690484 -8.64666 -2.1416135 -0.7012733 -0.28496864 0.18967366 995.98 
20150702193707 -1.70946 -10.746374 -1.8195933 -0.50335294 0.3753767 -0.77121735 995.98 
20150702193707 -0.51595044 -10.649409 -3.0484173 -0.6740898 0.54702985 -0.050396383 995.98 
20150702193707 0.42916065 -8.194156 -3.5416229 -0.7852673 0.76174897 0.6282749 995.98 
20150702193707 -0.16280572 -7.119757 -2.8245595 -1.328021 1.3338243 0.9071349 995.98 
20150702193707 -0.5303157 -5.7245364 4.0120835 -2.1746802 2.055867 0.39278635 995.98 
20150702193707 -1.3790601 -5.351041 7.4148426 -2.9049697 1.9364429 0.048258353 995.86 
20150702193707 -0.11731588 -7.0940194 -0.6631939 -2.1383338 1.4086553 0.087659165 995.86 
20150702193707 -0.22505496 -6.8438253 -0.6368576 -1.0137309 0.763887 0.4364632 995.86 
20150702193707 0.7236475 -6.43322 -0.8846575 -1.7235563 -0.904386 0.4297437 995.86 
20150702193707 1.1725603 -6.494272 -1.6597804 -1.7528778 -1.5601498 0.66950834 995.86 
20150702193707 1.8136078 -7.8984714 -0.7314286 -1.2342533 -1.5485435 0.79259765 995.86 
20150702193707 2.3145945 -10.305243 2.345719 -0.8579602 -1.4856243 0.9483683 995.86 
20150702193707 2.8407204 -11.234193 5.406706 -0.9443977 -1.6829338 1.073901 995.86 
20150702193707 3.5877113 -10.623672 3.530849 -1.248914 -2.0387628 1.1533136 995.86 
20150702193707 5.3636103 -10.953473 -0.30885202 -0.84329945 -2.2608123 1.1869112 995.85 
20150702193707 6.8109055 -11.554418 -1.2826935 -0.051923547 -1.4563028 0.999681 995.85 
20150702193707 6.8079123 -11.501745 0.54527944 -0.43463063 -0.065973446 0.7501425 995.85 
20150702193707 6.2554507 -11.641806 2.0231004 -0.8014552 -0.11759156 0.5021312 995.85 
20150702193707 5.321113 -12.46601 5.13257 -0.4718934 -0.5342017 0.21594086 995.85 
20150702193707 6.7731967 -13.986926 2.191293 0.13347405 -0.28710666 0.022602014 995.85 
20150702193707 3.304597 -13.131 0.19093758 0.8246681 -0.13897185 -0.46273044 995.85 
20150702193707 2.2828712 -14.013263 -0.65182143 1.3888022 0.7837401 -1.4193454 995.85 
20150702193707 -0.31423897 -19.378668 -3.7391446 2.0100522 1.9058995 -1.7110336 995.85 
20150702193707 -4.279037 -19.608511 -6.1644707 2.500577 2.6151142 -1.8139644 995.89 
20150702193707 -8.322245 -19.608511 2.224812 2.5415049 2.7699685 -1.6701056 995.89 
20150702193707 -8.008605 -16.204556 4.841076 1.9889772 2.0295997 -0.906524 995.89 
20150702193707 -2.420538 -9.217078 -0.90261406 2.6190848 0.07971791 0.076358154 995.89 
20150702193707 -0.35673606 -7.61835 -1.2294226 3.6465602 -0.5448918 0.16768251 995.89 
20150702193707 1.6166847 -4.8338933 -1.1653777 3.1957414 -0.7849618 -0.46944994 995.89 
20150702193707 2.8975825 -2.4073699 -1.3144168 2.0494528 -1.5311338 -0.68111473 995.89 
20150702193707 2.8981812 -1.5149311 -0.75118077 1.054048 -1.8897116 -1.01312 995.89 
20150702193707 1.8429368 -1.4257472 0.83737206 0.636827 -1.6865989 -1.4905112 995.89 
20150702193707 0.6386533 -1.7968484 0.997185 0.7296785 -1.2999213 -1.885741 995.9 
20150702193707 1.027711 -1.5699978 0.33758244 1.4016303 -0.4147775 -1.7253889 995.9 
20150702193707 0.8726865 -2.2906525 -0.272939 2.081218 0.93645644 -1.1621711 995.9 
20150702193707 -0.42197806 -3.3662477 -0.7170634 2.4382687 1.9507982 -1.0213667 995.9 
20150702193707 -2.0135236 -4.997896 -0.7386112 2.5625796 2.0161607 -0.95111716 995.9 
20150702193707 -3.0723593 -6.8144965 1.2186487 1.5622878 1.3542882 -0.8436049 995.9 
20150702193708 -3.9480386 -8.9040365 4.3598413 -0.2180789 0.7635816 -0.66798115 995.9 
20150702193708 4.859631 -11.250953 15.966931 -2.0463986 0.78984874 0.08460484 995.9 
20150702193708 14.122199 -14.452 17.833212 -2.2467623 0.58001655 1.4422529 995.9 
20150702193708 16.524181 -17.642273 19.608511 0.49846604 -0.68416905 1.0137309 995.9 
20150702193708 5.571906 -14.177864 7.903858 0.9737192 -2.1875083 0.410196 995.9 
20150702193708 0.0023942017 -9.989208 -2.8335378 1.711339 0.77946407 -0.9639453 995.9 
20150702193708 -3.3608606 -15.056536 -4.88477 0.6096435 2.3976462 -0.46822822 995.9 
20150702193708 -6.981492 -19.231424 3.8486793 -0.28191432 -1.7018706 1.1221595 995.9 
20150702193708 -1.5915456 -10.667366 3.7924154 -0.8863655 -3.2601879 2.701246 995.9 
20150702193708 2.392406 -7.4405804 -2.6324248 -0.99204516 -3.3200526 2.9706378 995.9 
20150702193708 0.9283517 -9.633071 -5.637148 -0.7648033 -1.106277 0.48441613 995.9 
20150702193708 -0.4165911 -13.459603 -3.8684313 -1.0677924 0.63132924 -0.4373795 995.9 
20150702193708 2.1853075 -10.733206 -3.1908724 -1.8909334 1.3213016 0.16676621 996.0 
20150702193708 1.2228385 -7.2604165 7.934983 -2.4868324 1.9685133 0.9602802 996.0 
20150702193708 -3.5805287 -8.672996 6.332065 -2.9095511 2.2198844 0.36285394 996.0 
20150702193708 -1.2234371 -7.371747 -1.893215 -1.6053538 1.4782939 0.16554448 996.0 
20150702193708 -0.40102878 -7.599795 0.20111294 -0.754724 0.3042109 0.8136725 996.0 
20150702193708 0.95468795 -6.8186865 3.6056678 -2.6710083 -0.3924809 0.6753115 996.0 
20150702193708 2.0871453 -5.9873 -0.6488287 -2.74981 -1.1429288 0.7678576 996.0 
20150702193708 1.8207904 -5.4144874 -2.7072437 -1.3249667 -1.6716328 0.91324353 996.0 
20150702193708 1.5927427 -4.9057193 -1.7405846 -0.86437434 -0.91904676 0.8188649 996.0 
20150702193708 1.8986019 -5.6239796 -1.1324574 -1.178359 -0.68233645 0.81336707 995.9 
20150702193708 1.982399 -9.589376 0.9828198 -1.2837334 -1.1261301 0.874759 995.9 
20150702193708 1.8537107 -12.556391 4.483143 -1.3029755 -1.2983941 1.0732902 995.9 
20150702193708 1.6418238 -12.914923 5.498883 -1.1435398 -1.7241671 1.1658363 995.9 
20150702193708 3.1106665 -10.948685 2.2373815 -0.6939429 -2.434298 1.1722504 995.9 
20150702193708 6.803124 -11.048642 -0.9768343 -0.15057829 -1.9236146 1.1716396 995.9 
20150702193708 8.704719 -10.919355 0.11133038 0.16249016 -0.7623598 1.1621711 995.9 
20150702193708 9.295488 -9.824008 2.6378117 -0.20341812 -0.27366763 0.8530733 995.9 
20150702193708 7.855974 -9.904214 7.471705 -0.18997909 -1.0461067 0.47525316 995.9 
20150702193708 8.8328085 -11.580753 3.3572693 0.398895 -1.3820826 0.020463986 995.94 
20150702193708 4.573524 -11.6855 0.4417302 1.6859881 -1.4639386 -0.88300574 995.94 
20150702193708 3.1262288 -14.386758 -0.23822308 2.0842721 0.45478916 -2.1245892 995.94 
20150702193708 0.93373865 -19.50975 -2.742558 2.2821925 2.251344 -2.529593 995.94 
20150702193708 -2.77069 -19.608511 -6.5744777 2.5711317 3.1294627 -2.6951375 995.94 
20150702193708 -9.478046 -19.608511 1.8016368 2.2461514 3.5894442 -2.2693644 995.94 
20150702193708 -10.612299 -18.7466 8.593987 1.5500705 2.3503041 -1.3362677 995.94 
20150702193708 -3.086126 -9.284116 -1.1563994 2.2327125 0.2733622 -0.018020526 995.94 
20150702193708 -0.56802434 -6.851607 -2.3056161 2.989269 -0.66798115 0.08674286 995.94 
20150702193708 2.007538 -3.900753 -1.9895816 1.8796324 -1.1633929 -0.79473567 995.9 
20150702193708 2.9514523 -2.010531 -0.93493575 0.8741482 -1.9978348 -1.1065824 995.9 
20150702193708 1.95307 -1.9446903 0.17238252 0.030848695 -1.9208658 -1.6978999 995.9 
20150702193708 0.8607155 -2.0272903 0.027533319 0.081855945 -1.5952746 -2.1001546 995.9 
20150702193708 0.24720132 -1.3174095 -0.23822308 0.59773165 -1.1997393 -1.9532416 995.9 
20150702193708 -0.17657238 -1.1073183 0.19871874 0.7870999 -0.24801129 -1.5048665 995.9 
20150702193708 -0.87687635 -1.2389994 0.27234045 0.9550878 0.6200282 -0.9941832 995.9 
20150702193708 -1.7717092 -1.8662802 1.5921441 1.1746938 1.2098186 -0.6792821 995.9 
20150702193708 -1.7154455 -3.0232782 1.441908 1.2913691 1.3060299 -0.43676865 995.9 
20150702193708 -1.5855601 -5.8651958 -0.3465607 1.1591167 1.2953397 -0.10262536 995.89 
20150702193709 0.20949265 -9.306262 -0.8583213 0.27672195 2.0317378 0.17531833 995.89 
20150702193709 8.554482 -15.112201 16.741455 -1.5653422 2.930626 0.8512407 995.89 
20150702193709 12.636597 -19.608511 19.608511 -2.7000244 1.7293595 1.3588698 995.89 
20150702193709 14.483125 -15.957355 5.3887496 0.8185594 -0.4120286 0.95294976 995.89 
20150702193709 5.5150437 -8.437167 -2.5953147 1.593442 -2.408947 -0.29626966 995.89 
20150702193709 0.7422025 -11.113884 -0.96187055 0.86101454 2.567161 -1.1475104 995.89 
20150702193709 -2.690484 -17.954718 -0.39264908 -0.43982297 -2.1551325 -0.08277224 995.89 
20150702193709 -5.9364233 -18.57661 10.26933 -1.1505647 -4.4703116 1.7003434 995.89 
20150702193709 1.4191631 -9.188348 -4.4897265 -0.13744467 -1.3973542 3.0381384 995.83 
20150702193709 -1.0666169 -7.700351 -4.2898107 0.089186326 -0.9053023 1.808772 995.83 
20150702193709 -1.134253 -8.6299 -3.342904 -1.1655309 0.6927212 -0.38362336 995.83 
20150702193709 -0.47884035 -11.297639 -2.4390929 -1.3884968 1.6523905 -0.21197024 995.83 
20150702193709 1.3323733 -10.613496 -3.657143 -1.0442741 1.2116512 0.70341134 995.83 
20150702193709 1.4425066 -9.164406 -4.162918 -0.9428705 1.2800682 1.0925325 995.83 
20150702193709 -0.14604631 -8.087613 -2.8999767 -1.45783 1.858863 0.57726765 995.83 
20150702193709 -5.2061915 -5.985504 10.999561 -2.3038783 2.0280726 0.006414085 995.83 
20150702193709 -1.0965444 -7.33763 0.74758947 -2.087021 1.4309518 0.17898351 995.83 
20150702193709 -0.26396075 -8.341997 -1.7531542 -1.1615603 0.6200282 0.79626286 995.81 
20150702193709 -0.05566519 -7.305308 2.0727801 -1.9776763 -0.77457714 0.56230146 995.81 
20150702193709 1.484405 -5.3169236 -0.9684546 -1.563815 -1.9779817 0.72326446 995.81 
20150702193709 2.3181858 -6.3422403 -1.1408371 -0.981355 -1.9981402 0.8576548 995.81 
20150702193709 2.4756045 -8.284536 0.23044191 -0.9288206 -1.4343116 0.94959 995.81 
20150702193709 2.457648 -10.135853 2.7018566 -1.1239921 -1.3310753 1.0262536 995.81 
20150702193709 2.5510218 -11.139622 5.2875943 -1.1600331 -1.5302174 1.1847731 995.81 
20150702193709 3.6242228 -10.183139 3.8564603 -1.069625 -1.5280794 1.2815952 995.81 
20150702193709 5.137358 -11.325172 0.25318682 -0.7101309 -1.3662001 1.3225232 995.81 
20150702193709 6.558317 -12.067974 -2.1972785 -0.06963864 -0.64904433 1.0800097 995.91 
20150702193709 5.8322754 -11.162367 -0.7212533 -0.048563786 0.33505958 0.80970186 995.91 
20150702193709 5.1146135 -10.929531 3.0663738 -0.52412236 0.6441574 0.5311473 995.91 
20150702193709 4.5513773 -12.913726 6.22672 -0.43860126 -0.043676864 0.38056904 995.91 
20150702193709 5.680842 -13.813347 2.4983494 0.2556471 -0.7483099 -0.018325957 995.91 
20150702193709 4.5555673 -12.629414 0.65900403 1.0479393 -0.6078109 -0.39095375 995.91 
20150702193709 3.8205473 -12.68508 0.3172317 1.6313156 0.44868052 -1.1236867 995.91 
20150702193709 1.9201498 -14.967951 -1.9297266 2.1697934 1.496009 -1.6310102 995.91 
20150702193709 -0.9648633 -19.289484 -4.2515035 2.513405 1.9816469 -1.9792033 995.91 
20150702193709 -3.9851487 -19.608511 -2.3983915 2.3878722 2.3044891 -2.2171354 995.84 
20150702193709 -8.407838 -19.608511 7.8182654 1.7599027 1.9752327 -1.9184223 995.84 
20150702193709 -4.3718123 -13.961787 1.3664906 1.9248364 0.40683624 -1.0103711 995.84 
20150702193709 -0.59376204 -8.446744 -1.5023615 2.6093109 -0.9388999 -0.25992316 995.84 
20150702193709 0.34715924 -6.254852 -0.4997896 2.2956316 -0.6792821 -0.4810564 995.84 
20150702193709 2.1003134 -3.4063504 -1.2162545 1.2880094 -1.1117748 -0.8570439 995.84 
20150702193709 2.27928 -2.006341 -1.003769 0.66706485 -0.93218035 -1.1450669 995.84 
20150702193709 1.6430209 -1.6795325 -0.8194155 0.49846604 -0.5549711 -1.455081 995.84 
20150702193709 0.43394905 -2.3241713 -0.36152446 0.76052725 -0.44684792 -1.7052304 995.84 
20150702193709 0.16879122 -2.5145104 -0.089782566 1.1029172 -0.29138273 -1.5176947 995.9 
20150702193709 -0.075417355 -3.0304608 0.24480712 1.2895365 0.1881465 -1.181108 995.9 
20150702193709 -1.6992847 -4.936844 1.4466964 1.455081 0.54733527 -0.88514376 995.9 
20150702193709 -2.4013844 -5.4659624 0.98940384 1.423316 0.64904433 -0.6423248 995.9 
20150702193709 -2.4241292 -5.2085857 0.6338649 1.0253373 0.86009824 -0.25167647 995.9 
20150702193709 -2.3008277 -6.227917 3.0879216 0.41141775 1.6856827 -0.061391957 995.9 
20150702193710 6.849811 -9.42238 7.4495587 -0.659429 2.0421226 0.43890667 995.9 
20150702193710 14.5567465 -18.713678 19.471443 -1.8985692 1.6603317 1.4926492 995.9 
20150702193710 13.590686 -19.021334 18.051085 -1.5335772 0.5027421 1.3683381 995.9 
20150702193710 8.725668 -10.769718 4.9703627 0.75533485 -1.8219056 -6.1086525E-4 995.95 
20150702193710 1.062427 -6.18542 -5.57849 1.9089539 -1.4538593 -1.0454959 995.95 
20150702193710 -1.6460136 -13.016676 -5.858013 1.07665 1.3713925 -1.0015136 995.95 
20150702193710 -5.7921724 -19.608511 3.5344403 -0.39278635 -1.039998 0.09315695 995.95 
20150702193710 -1.22224 -16.375143 5.4234653 -1.7531832 -1.484708 1.9083431 995.95 
20150702193710 0.15203181 -8.318055 -2.1697452 -1.1252137 -1.4608842 2.6028967 995.95 
20150702193710 -1.5251064 -8.667608 -3.0951042 -0.9053023 -1.8808541 0.07880162 995.95 
20150702193710 -1.1629834 -9.767744 -3.1346085 -1.2052372 0.61269784 -0.8536842 995.95 
20150702193710 0.30945057 -10.277709 -2.5276785 -1.2986995 1.3310753 -0.25503623 995.95 
20150702193710 1.3431472 -9.374496 -3.6116533 -1.2596041 1.1316279 0.7901542 995.89 
20150702193710 0.6147113 -8.130111 -3.4979286 -1.3573426 1.6588045 0.9275989 995.89 
20150702193710 -3.9348705 -6.913856 7.229292 -1.8869628 2.378404 0.31306845 995.89 
20150702193710 -2.0829554 -7.268198 4.531027 -2.1841488 2.3490822 0.004581489 995.89 
20150702193710 -0.8607155 -7.772177 -1.8626889 -0.9315695 1.5103643 0.73975784 995.89 
20150702193710 -0.5291186 -6.791752 0.62847793 -1.5601498 -0.72784597 0.5748242 995.89 
20150702193710 0.12150574 -5.4366336 -0.94211835 -2.0347922 -1.6710218 0.5861252 995.89 
20150702193710 0.7230489 -4.115034 -3.032855 -1.4089607 -2.574797 0.89736104 995.89 
20150702193710 1.8884265 -4.5561657 -1.4155718 -1.1520919 -1.8466456 1.1160508 995.89 
20150702193710 2.6809072 -7.270592 1.282095 -1.10139 -1.4694363 1.1731668 995.87 
20150702193710 4.1784806 -11.945869 7.40347 -1.1172725 -1.5980235 1.2657127 995.87 
20150702193710 4.7483006 -10.478224 3.7128084 -1.450805 -1.2464706 1.5827519 995.87 
20150702193710 4.992509 -10.957663 -1.3341689 -0.45875978 -0.9831876 1.3008375 995.87 
20150702193710 5.4713492 -12.694057 -3.9612067 0.41722095 -1.0864239 0.7519751 995.87 
20150702193710 5.0362034 -11.795034 -0.034715924 -0.04337143 -0.3555236 0.45051312 995.87 
20150702193710 4.0264487 -13.416508 5.8083334 -1.07665 0.23732115 0.40286562 995.87 
20150702193710 3.8642416 -13.583504 5.953781 -1.0549643 -0.7901542 0.398895 995.87 
20150702193710 5.609016 -12.968193 1.1707647 -0.03726278 -1.4010195 0.36285394 995.87 
20150702193710 7.1107793 -13.038822 -0.8535329 0.9914343 -1.0525209 0.20005837 995.92 
20150702193710 4.11264 -11.471219 1.6160861 1.2513574 0.03359759 -0.16982053 995.92 
20150702193710 2.4809916 -12.317569 2.8000188 1.3304645 0.44593164 -1.2324207 995.92 
20150702193710 1.3090298 -15.6233635 -0.3716998 2.058616 0.40194935 -1.8390098 995.92 
20150702193710 -0.5033809 -19.455881 -3.8007953 2.806315 0.96486163 -2.0042489 995.92 
20150702193710 -2.870648 -19.608511 -5.055357 2.744312 2.1132884 -2.0195205 995.92 
20150702193710 -8.570643 -19.608511 7.109582 1.8829921 2.4416285 -1.8396207 995.92 
20150702193710 -5.156512 -14.529812 2.1787236 1.3869696 1.6410894 -1.1679744 995.92 
20150702193710 -1.7142484 -8.170812 -2.4157495 2.3661866 -0.23304509 -0.026572637 995.92 
20150702193710 0.5710171 -5.455787 -1.9668367 2.9657507 -0.3933972 -0.026572637 995.83 
20150702193710 2.055422 -3.5410242 -1.0360907 2.1859813 -1.1407908 -0.47036624 995.83 
20150702193710 2.5013423 -2.343325 -0.37828386 1.1255192 -1.9498819 -0.91446525 995.83 
20150702193710 2.1918917 -1.9794062 0.1316811 0.7883216 -1.4608842 -1.3213016 995.83 
20150702193710 1.1617863 -2.468422 0.6548142 0.90224797 -1.0106765 -1.7192802 995.83 
20150702193710 0.65660983 -2.445677 0.21188685 1.280679 -0.33292156 -1.724778 995.83 
20150702193710 0.3633201 -2.505532 -0.8158242 1.7009543 0.5555819 -1.2657127 995.83 
20150702193710 -0.56443304 -3.1250317 -0.75357497 1.8802432 1.4095715 -0.9975429 995.83 
20150702193710 -2.19668 -3.8905778 -0.25917232 1.6991217 1.4798211 -0.8026769 995.83 
20150702193710 -3.4847605 -4.7830167 0.62488663 0.91538155 1.1725558 -0.63132924 995.89 
20150702193710 -3.5338416 -7.0209966 2.0440497 -0.109650314 1.2632693 -0.44043383 995.89 
20150702193710 1.0259154 -10.276512 6.6229606 -1.7101172 1.4450017 0.06414085 995.89 
20150702193711 13.147161 -13.214796 18.996195 -2.3445008 1.2699889 1.0885619 995.89 
20150702193711 17.538725 -18.613722 19.608511 -0.092240654 -0.2321288 0.7849618 995.89 
20150702193711 6.8947024 -11.029489 -1.5466543 1.2654073 -2.6673431 0.06352998 995.89 
20150702193711 0.88286185 -11.956643 -6.2063694 1.5806139 -0.62125 -0.95905846 995.89 
20150702193711 -4.0934863 -18.455105 -1.3257892 0.48747048 2.1053472 -0.45814893 995.89 
20150702193711 -3.5655649 -19.395428 4.010288 -0.9126327 -0.42485678 1.0338894 995.89 
20150702193711 0.26755205 -10.375273 -0.79966336 -1.2330315 -0.08582657 2.1707096 995.93 
20150702193711 -0.7320272 -7.1472907 -1.1707647 -1.6844609 -1.9883664 1.5442673 995.93 
20150702193711 -1.8471266 -7.6608467 -2.8939912 -1.6670512 -1.7623463 -0.27885997 995.93 
20150702193711 -0.99419224 -10.333973 -3.5116954 -1.1209377 0.31581733 -0.4783075 995.93 
20150702193711 0.64583594 -10.956466 -4.2754455 -0.6612616 0.77274454 0.40042216 995.93 
20150702193711 0.9427169 -9.060856 -4.1102457 -0.9611965 1.2657127 1.2009611 995.93 
20150702193711 0.19871874 -7.1784153 -3.1022868 -1.7650951 2.575408 0.77457714 995.93 
20150702193711 -4.152743 -4.561553 13.90313 -2.5027149 2.8774807 0.2180789 995.93 
20150702193711 -2.456451 -5.6239796 4.8698063 -3.0876184 2.5259278 -0.13683382 995.93 
20150702193711 -0.078410104 -8.321647 -3.4626143 -1.1636983 1.8371773 0.54092115 995.89 
20150702193711 0.3800795 -7.792528 -0.5650316 -1.235475 1.0763446 0.6386596 995.89 
20150702193711 1.4293385 -6.3380504 -1.3599066 -1.960572 -0.66675943 0.6612616 995.89 
20150702193711 1.821389 -5.866991 -2.4145525 -1.5201381 -2.7776043 0.8717047 995.89 
20150702193711 2.2547395 -6.845621 -1.567005 -1.0146471 -2.4559836 0.9419542 995.89 
20150702193711 3.791817 -9.467871 1.091756 -0.8378017 -1.9300288 1.0125091 995.89 
20150702193711 4.8997335 -11.835137 6.5619082 -0.926988 -1.8161024 1.185384 995.89 
20150702193711 3.4446578 -10.74817 4.6962266 -1.4101825 -1.7767016 1.3142766 995.89 
20150702193711 2.9119477 -10.648212 0.3705027 -0.91507614 -1.9792033 1.07665 995.89 
20150702193711 3.6685154 -12.345701 -1.4616601 -0.2932153 -0.979217 0.86834496 995.87 
20150702193711 5.5060654 -11.981184 -0.034715924 -0.3848451 -0.048563786 0.6114761 995.87 
20150702193711 6.039374 -11.5873375 2.067393 -0.7247916 0.3903429 0.5479461 995.87 
20150702193711 4.8943467 -12.348095 4.3101616 -0.37659842 -0.6151413 0.39064834 995.87 
20150702193711 4.4562078 -13.382989 4.8859673 0.04886922 -0.929126 0.2434298 995.87 
20150702193711 6.2063694 -13.711593 -0.15442601 0.6478226 -0.623388 -0.029626964 995.87 
20150702193711 2.516306 -12.780848 -0.47764325 1.3481796 0.3210097 -0.8188649 995.87 
20150702193711 1.5592239 -15.002666 -0.7164649 1.5900823 1.2913691 -1.4743233 995.87 
20150702193711 -0.62847793 -18.124107 -2.5025394 2.13925 1.3271047 -1.7006488 995.87 
20150702193711 -3.0789435 -19.608511 -3.8426938 2.6343563 1.4486669 -1.7446312 995.86 
20150702193711 -6.5906386 -19.355923 3.1555579 2.6551259 1.4471397 -1.6453656 995.86 
20150702193711 -6.613982 -16.048334 5.434838 2.1038198 0.895223 -1.1930199 995.86 
20150702193711 -2.3971944 -9.558251 -0.26874915 2.3408356 -0.37843102 -0.3368922 995.86 
20150702193711 0.02633622 -7.1107793 -1.4143747 2.860682 -0.3539964 0.0720821 995.86 
20150702193711 0.91099375 -4.8542438 -1.6005238 2.5714374 0.28160888 -0.26939157 995.86 
20150702193711 1.8219875 -2.457648 -2.1230583 1.9126191 -0.2501493 -0.56382865 995.86 
20150702193711 2.0260932 -1.3982137 -1.2467805 1.2559389 -0.95111716 -0.76144356 995.86 
20150702193711 1.2306197 -1.5269021 -0.11492168 0.7467828 -1.3414601 -1.1264355 995.86 
20150702193711 0.83737206 -1.75076 0.4441244 0.77396625 -1.1282681 -1.2956452 995.84 
20150702193711 0.87807345 -2.6168625 0.50397944 1.1426234 -0.7443393 -1.1982121 995.84 
20150702193711 -0.12928689 -4.4304705 -0.108936176 1.6417004 0.029932396 -0.98868537 995.84 
20150702193711 -1.3030443 -6.761824 0.7637503 1.9749273 0.6704246 -0.9651671 995.84 
20150702193711 -2.6491842 -8.1797905 2.2822728 1.8084666 0.5992588 -0.8173377 995.84 
20150702193711 -2.5905263 -7.3047094 2.1003134 0.655153 0.3652974 -0.6114761 995.84 
20150702193712 0.4878186 -6.952163 3.210026 -0.9575313 1.0525209 -0.1957823 995.84 
20150702193712 9.5971575 -7.9367785 11.510723 -1.4996742 1.6832392 0.4550946 995.84 
20150702193712 14.055161 -14.089877 19.608511 -1.6447546 0.93034774 0.83016586 995.84 
20150702193712 12.0159 -16.939575 16.394896 0.69974613 -0.7305948 -0.30970868 995.99 
20150702193712 5.1235914 -11.547235 4.2143936 1.4428637 -1.5735888 -0.9868528 995.99 
20150702193712 0.9983821 -9.484032 -3.1334114 1.2052372 2.85213 -1.183246 995.99 
20150702193712 -5.0583496 -15.140931 0.4297592 0.86162543 2.1065688 -0.7504479 995.99 
20150702193712 -7.1754227 -17.220894 9.894637 0.06658431 -1.7140878 0.8020661 995.99 
20150702193712 1.5753847 -12.096106 -4.876989 0.14935656 -1.6807957 2.3582454 995.99 
20150702193712 1.8076223 -12.380417 -5.5982423 -0.9981538 -2.4938574 2.0662518 995.99 
20150702193712 1.168969 -12.269087 -3.6613328 -1.704314 0.22907446 0.5726862 995.99 
20150702193712 1.5813702 -11.748347 -3.1172507 -1.6530013 0.73823065 0.35338554 995.99 
20150702193712 1.5221137 -10.675745 -2.5971103 -1.6841555 0.83199847 0.5653558 995.82 
20150702193712 -0.5931635 -7.741651 9.782708 -2.0790799 1.1420126 0.50885075 995.82 
20150702193712 -2.558803 -8.280347 4.984728 -2.5885415 1.3900238 0.20250183 995.82 
20150702193712 -1.4730326 -7.5088153 -3.193865 -1.6007724 1.3041973 0.27152961 995.82 
20150702193712 -1.09834 -6.4416 -1.287482 -1.1304061 1.412015 0.59315014 995.82 
20150702193712 -0.11791443 -6.3709707 3.976769 -2.488665 1.3329079 0.47616947 995.82 
20150702193712 1.3425486 -5.8304796 2.0644004 -2.6639833 -0.59498274 0.7125743 995.82 
20150702193712 1.1785458 -5.3857565 -2.4917655 -1.6517797 -1.88849 0.84849185 995.82 
20150702193712 1.7016789 -5.6539073 -2.8550856 -0.66645396 -1.4575244 0.7870999 995.82 
20150702193712 2.0039468 -6.279991 -1.4024036 -0.9233228 -0.80970186 0.8949176 995.92 
20150702193712 1.5071499 -8.555679 0.88645315 -1.208597 -1.1600331 0.91415983 995.92 
20150702193712 0.2208651 -11.083358 5.3516393 -1.4074335 -1.4837917 0.9294315 995.92 
20150702193712 1.3186066 -11.504738 5.097255 -1.5861117 -1.4993688 0.99296147 995.92 
20150702193712 3.235165 -11.39221 1.5699978 -1.1896601 -1.3924674 1.0940597 995.92 
20150702193712 4.9146976 -11.830948 -1.3808558 -0.6203337 -1.2675453 1.0509937 995.92 
20150702193712 5.7245364 -11.523293 -1.240795 -0.21502456 -0.7180721 0.9074403 995.92 
20150702193712 6.193201 -11.049839 0.842759 -0.4129449 0.008552114 0.73426 995.92 
20150702193712 7.0329676 -12.42052 4.161721 -0.32986724 -0.73273283 0.61117065 995.92 
20150702193712 7.489063 -14.255077 4.9045224 -0.172264 -1.5060883 0.4831944 995.92 
20150702193712 5.7646394 -13.5697365 0.34715924 0.39736784 -1.3692545 0.06811147 995.92 
20150702193712 3.7612908 -14.307151 -1.0803835 1.1624765 -0.16310102 -0.8564331 995.92 
20150702193712 3.0430303 -15.470733 -2.1984756 1.5900823 1.4227052 -1.4425583 995.92 
20150702193712 0.9235633 -17.669209 -1.9560628 2.2608123 1.894904 -1.7321084 995.92 
20150702193712 -3.5883098 -19.608511 -0.33638534 2.71102 1.9981402 -1.9416351 995.92 
20150702193712 -6.077681 -18.885464 -1.1994951 3.0045407 1.4645494 -1.7278323 995.92 
20150702193712 -7.6165543 -16.074072 3.6475663 2.6988027 0.4428773 -1.1618657 995.92 
20150702193712 -1.9979613 -8.046912 1.3521254 1.9755383 -0.21563543 -0.28527406 995.92 
20150702193712 0.45549688 -6.384139 -0.29269117 2.082745 -0.44409904 0.2452624 995.92 
20150702193712 0.7224504 -5.363012 -1.6106992 2.2751677 0.004276057 -0.3210097 995.92 
20150702193712 1.4670471 -3.5697548 -2.1511903 2.1725423 -0.30543262 -0.6973027 995.92 
20150702193712 1.9255368 -2.2092497 -1.6980876 1.6783522 -0.850019 -0.83016586 995.92 
20150702193712 1.882441 -1.6765398 -0.3393781 1.029308 -1.5008959 -1.0348058 995.92 
20150702193712 1.2389994 -1.839944 0.76554596 0.77488256 -1.3579534 -1.2351695 995.92 
20150702193712 0.54527944 -2.7180176 0.5662287 0.8875872 -1.0158689 -1.4440855 995.92 
20150702193712 -0.07182605 -4.7459064 0.22804771 1.2299771 -0.19975294 -1.3884968 995.92 
20150702193712 -0.78170687 -6.9342065 0.92416185 1.3723087 0.8906415 -1.1111639 995.92 
20150702193712 -1.8447324 -7.203554 1.2898762 1.2089024 1.2269229 -0.8912524 995.92 
20150702193712 -2.0524294 -6.7025676 0.8487445 0.29749137 1.0546589 -0.72082096 995.92 
20150702193712 -0.59017074 -6.659472 1.9967642 -1.3384057 1.1270463 -0.49296826 995.92 
20150702193713 5.1810527 -9.140464 3.9803603 -1.9572122 1.1178834 0.18509217 995.92 
20150702193713 13.612234 -15.51323 19.015947 -2.0595322 0.26328292 1.03786 995.92 
20150702193713 12.596494 -18.901625 18.77114 -0.8567385 -0.7150178 0.72418076 995.92 
20150702193713 8.520964 -11.165958 1.489792 2.117259 -1.217149 -0.51251596 995.92 
20150702193713 0.7733272 -9.85214 -6.291962 1.9291124 1.357648 -1.0519099 995.92 
20150702193713 -2.111686 -15.613787 -4.019266 0.42546764 2.0335703 -0.88239485 995.92 
20150702193713 -6.4960675 -19.608511 13.56016 -1.1713341 -2.6083946 0.8194757 996.03 
20150702193713 -0.92535895 -11.257536 1.6980876 -0.8717047 -2.3683245 2.2269092 996.03 
20150702193713 -0.96306765 -6.281787 -4.2862196 1.1670581 -1.5793921 1.813048 996.03 
20150702193713 -0.6697779 -6.6564794 -4.0683475 0.4147775 -0.61666846 -0.122478485 996.03 
20150702193713 -1.3084313 -11.505336 -4.4597993 -0.5381723 1.2568552 -0.43401974 996.03 
20150702193713 -0.98940384 -14.738107 -5.0254292 -0.9309586 1.1673635 -0.0842994 996.03 
20150702193713 0.587178 -12.793417 -3.7786489 -1.4205672 1.0051788 0.7107417 996.03 
20150702193713 0.6895301 -10.335769 4.104859 -1.733941 1.1911873 0.5748242 996.03 
20150702193713 -2.0967221 -9.256582 2.5582044 -1.9990565 0.89736104 0.06627888 996.03 
20150702193713 -0.59855044 -8.287529 -3.104681 -0.68233645 0.7620544 0.2144137 995.91 
20150702193713 -0.9091981 -8.508993 0.272939 -0.7666359 1.0671816 0.7678576 995.91 
20150702193713 0.65182143 -7.2843585 1.7926586 -1.9300288 0.6789767 0.5018258 995.91 
20150702193713 2.1894975 -6.359598 0.1352724 -1.6581937 -1.2516629 0.66828656 995.91 
20150702193713 3.306991 -6.7109475 -0.83497787 -0.87964594 -2.028378 0.77304995 995.91 
20150702193713 3.53863 -7.3083005 -0.42676646 -0.729984 -1.3836098 0.73792523 995.91 
20150702193713 3.6846764 -7.2268977 1.1150994 -1.0054842 -1.131017 0.77946407 995.91 
20150702193713 2.2984335 -8.678981 3.4123359 -1.2260065 -1.7412714 0.8436049 995.91 
20150702193713 1.0971429 -9.3260145 4.519056 -1.1951579 -1.8029687 0.87017757 995.91 
20150702193713 1.4000094 -8.992621 4.3317094 -0.9049969 -1.3439035 0.9193522 995.9 
20150702193713 2.8939912 -9.493608 2.1817162 -0.49510628 -0.94714653 1.0473285 995.9 
20150702193713 4.900931 -10.299257 -0.22266077 0.057726767 -1.0995574 1.0259482 995.9 
20150702193713 6.637924 -9.788693 -0.61890113 0.56046885 -0.9599747 0.7816021 995.9 
20150702193713 6.3458314 -9.205706 0.23882163 0.39950588 -0.31398472 0.4746423 995.9 
20150702193713 6.461352 -8.9998045 2.3391352 0.16554448 -0.2761111 0.23426682 995.9 
20150702193713 5.553351 -10.415376 3.0053217 0.21410827 -0.42730024 0.025350908 995.9 
20150702193713 4.0683475 -12.834717 -0.02873042 0.6771441 -0.5748242 -0.14935656 995.9 
20150702193713 2.3714569 -13.930662 -0.85413146 0.8509353 -0.122783914 -0.6783658 995.9 
20150702193713 1.5544355 -16.275185 -1.5855601 0.84849185 1.8371773 -1.0919216 995.91 
20150702193713 -1.2378023 -18.453909 -3.1771057 1.1835514 2.5360072 -1.3066407 995.91 
20150702193713 -5.04159 -19.278711 -2.693477 1.6074919 2.320677 -1.4486669 995.91 
20150702193713 -7.9547353 -16.895283 4.8644195 1.582141 1.0968086 -1.1582005 995.91 
20150702193713 -6.1596823 -12.294226 3.8061821 1.421178 -0.5876524 -0.65240407 995.91 
20150702193713 -2.914342 -9.945514 0.25737667 2.159714 -1.1230757 -0.27672195 995.91 
20150702193713 -1.863886 -9.414599 0.40761283 2.1627684 -0.35155296 -0.7629707 995.91 
