20150706150910 1.0073603 -15.470135 3.590704 -1.2956452 -2.0115793 -0.2874121 1003.69 
20150706150910 1.9782091 -15.091252 0.866701 -0.40317106 -1.6658295 0.28496864 1003.72 
20150706150910 1.0720038 -14.31134 4.3179426 0.92087936 -0.6597345 0.6026186 1003.72 
20150706150910 -0.12629414 -13.813347 5.5401826 0.95356065 0.86162543 0.24251351 1003.72 
20150706150910 0.5506664 -10.21127 -3.0759506 1.248914 1.7110336 0.013744468 1003.72 
20150706150910 0.40821138 -7.9810715 -5.427655 2.673757 1.1725558 0.23518312 1003.72 
20150706150910 -1.2593501 -11.566987 -4.4777555 3.211013 0.84238315 0.204029 1003.72 
20150706150910 -5.193622 -16.42542 -5.3049526 2.3218987 0.44715336 -0.21533 1003.72 
20150706150910 -9.542689 -18.619108 -2.557606 2.2137756 0.24953845 -0.5900958 1003.72 
20150706150910 -9.965266 -16.020802 7.559692 2.62275 -0.48288897 -0.75716746 1003.72 
20150706150910 -7.004237 -10.410587 -2.6880898 3.0653217 -1.9358319 -0.41263947 1003.45 
20150706150910 -2.5701754 -8.496424 3.5553896 3.8527272 -2.8273897 0.24801129 1003.45 
20150706150910 3.0615854 -9.176376 2.8335378 3.2317827 0.26389378 0.40378192 1003.45 
20150706150910 8.391677 -9.054871 -4.7925935 3.0607402 3.4238997 0.82650065 1003.45 
20150706150910 5.2780175 -8.550293 -2.260725 3.7210855 5.0869803 0.96883225 1003.45 
20150706150910 1.09834 -6.707356 -3.0430303 3.6215146 5.364313 0.3717115 1003.45 
20150706150910 -0.878672 -3.4165258 -5.6179943 2.0186043 2.237294 -0.48349985 1003.45 
20150706150910 -2.9622262 -2.0416555 -5.403115 1.779145 0.6246097 -0.2883284 1003.45 
20150706150910 -3.1292217 -0.5518635 -3.7708676 1.9669861 1.9434677 -0.22510384 1003.45 
20150706150910 -3.098097 -0.95109665 -2.4277205 1.7537941 1.7174476 -0.6469063 1003.64 
20150706150910 -2.7569232 -2.332551 -1.7142484 1.0845913 1.5210545 -0.97524637 1003.64 
20150706150910 -2.908955 -4.2197804 0.76554596 0.2828306 1.5018122 -1.210735 1003.64 
20150706150910 -3.9360676 -6.9348054 5.060744 -0.5842926 1.3741413 -1.3387111 1003.64 
20150706150910 -9.206305 -16.032772 16.892889 -1.67316 0.6096435 -1.6969837 1003.64 
20150706150910 -7.9702973 -19.608511 19.608511 -2.2547035 -0.051618114 -1.8527542 1003.64 
20150706150910 -2.160767 -19.067423 9.385869 -2.1884248 -0.98929626 -1.3701707 1003.64 
20150706150910 -1.2922704 -4.5082817 -2.31639 0.6065892 -1.400714 -0.044898596 1003.64 
20150706150910 -11.492168 -5.103241 -3.0621839 2.3930645 1.8252654 0.627664 1003.64 
20150706150910 -11.313202 -10.553641 -9.208099 1.2370021 3.5387423 -0.16737708 1003.8 
20150706150910 -4.9254713 -11.514913 -8.924985 0.105374254 0.13652839 -0.010995574 1003.8 
20150706150910 -2.6743233 -7.557896 -1.5131354 -1.269378 -0.27488935 0.39614612 1003.8 
20150706150910 0.32022446 -6.7648168 0.28191724 -0.90469146 -1.1368202 0.64843345 1003.8 
20150706150910 -0.9648633 -8.110358 -6.1076083 -0.20280726 -3.2027664 0.6398814 1003.8 
20150706150910 0.31184477 -8.161834 -10.18254 -0.90010995 -1.1792754 0.54428095 1003.8 
20150706150910 0.30945057 -8.683769 -8.133701 -1.5317446 -0.110872045 0.056199603 1003.8 
20150706150911 -0.7661445 -10.05445 -6.367379 -2.4785857 -1.9868392 -0.17654006 1003.8 
20150706150911 -0.09935937 -14.277822 -2.3157916 -3.4498615 -2.8414397 -0.30207285 1003.8 
20150706150911 4.3287168 -19.601929 5.7658362 -3.8930442 -3.4599407 0.064751714 1003.59 
20150706150911 2.597709 -10.201095 3.8187518 -3.80172 -3.9538252 0.5919284 1003.59 
20150706150911 1.7178397 -5.0601454 0.66139823 -2.712547 -4.782769 0.14110987 1003.59 
20150706150911 0.81043726 -6.417059 -1.4335283 -1.8487836 -4.563774 -0.03940081 1003.59 
20150706150911 -0.94211835 -8.3408 0.30885202 -1.6187929 -2.56991 0.050396383 1003.59 
20150706150911 -1.299453 -9.537302 0.23283611 -1.258077 -0.22571471 -0.2657264 1003.59 
20150706150911 -0.53450555 -10.33936 0.3669114 -1.1676689 0.70188415 -0.3005457 1003.59 
20150706150911 0.5267244 -11.054029 1.3221979 -1.0906999 0.838718 -0.13530666 1003.59 
20150706150911 0.90859956 -10.752359 1.0857705 -0.98837996 0.29718593 0.024740042 1003.59 
20150706150911 0.6051345 -9.833585 0.43993455 -0.7644979 -0.8213083 0.09010262 1003.75 
20150706150911 0.2801216 -9.305065 -0.25438392 -0.72112644 -1.3435981 0.079107046 1003.75 
20150706150911 0.30945057 -9.3343935 -1.4137762 -0.86101454 -0.9624182 0.1740966 1003.75 
20150706150911 -1.5682021 -12.320562 -0.4177882 -0.7831292 -0.27977628 0.3417791 1003.75 
20150706150911 -2.6677392 -14.205398 1.0420763 -0.42149702 -0.037873644 0.27672195 1003.75 
20150706150911 0.4309563 -14.70399 3.74513 -0.6554584 -0.37812558 -0.055283304 1003.75 
20150706150911 1.2904748 -14.146141 3.3081882 -0.5558874 -0.34208453 0.24312437 1003.75 
20150706150911 0.18375498 -13.0280485 3.513491 0.49877146 -0.34972036 0.48838675 1003.75 
20150706150911 -1.2934675 -12.267291 6.295553 0.8072584 -0.10293079 0.08002335 1003.75 
20150706150911 -0.39384618 -11.101315 2.31639 1.3332134 0.5748242 -0.19456059 1003.72 
20150706150911 2.4516625 -9.346964 -4.5926776 2.4349089 0.09773844 -0.18875736 1003.72 
20150706150911 1.055843 -11.484387 -3.6212301 3.2623258 -0.18478674 0.008552114 1003.72 
20150706150911 -2.2828712 -18.231846 -5.801749 2.8460212 0.47403142 -0.321926 1003.72 
20150706150911 -7.0365586 -19.608511 -8.228272 2.5531113 0.91813046 -0.49327368 1003.72 
20150706150911 -11.732785 -19.16379 -3.6858735 2.7650816 1.0564915 -0.7089091 1003.72 
20150706150911 -9.160215 -12.812571 12.173917 2.9104674 0.41874814 -0.5751296 1003.72 
20150706150911 -5.1888337 -9.218874 -0.89782566 2.7388144 -2.1077905 -0.27977628 1003.72 
20150706150911 0.5530606 -8.892664 4.4035354 3.3582318 -3.368311 -0.0720821 1003.72 
20150706150911 7.0700774 -7.9170265 -3.0909145 3.338684 3.470631 0.41447207 1003.68 
20150706150911 6.6870055 -6.803723 -3.684078 3.735441 5.4464746 0.9309586 1003.68 
20150706150911 2.8048072 -6.4858923 -1.8501194 4.000862 6.384458 0.7492262 1003.68 
20150706150911 0.4950012 -3.3093853 -5.3103395 2.4361305 4.0252967 -0.24220806 1003.68 
20150706150911 -1.4700398 -2.3397336 -6.1123967 1.6007724 1.0852021 -0.3903429 1003.68 
20150706150911 -3.028665 -0.43275195 -4.7614684 1.7171422 1.9633209 -0.10262536 1003.68 
20150706150911 -3.9264908 -0.4357447 -2.742558 1.6374242 1.9190332 -0.30024028 1003.68 
20150706150911 -3.787627 -1.9141643 -1.4903905 1.1441506 1.3475688 -0.820392 1003.68 
20150706150911 -2.7503393 -3.8187518 0.031124622 0.5345071 1.5057828 -1.2134838 1003.68 
20150706150911 -2.480393 -6.269217 2.6258407 -0.20891592 1.6010778 -1.2721269 1003.77 
20150706150911 -6.3362546 -11.432912 8.749012 -0.84665924 1.0415252 -1.5070046 1003.77 
20150706150911 -9.824008 -19.45648 19.608511 -1.8362609 0.40194935 -1.9578232 1003.77 
20150706150911 -6.9306154 -19.608511 19.503765 -2.5696046 -0.28405234 -1.8329011 1003.77 
20150706150911 -1.6166847 -12.325351 1.42455 -1.1270463 -1.5338826 -0.63163465 1003.77 
20150706150911 -8.007407 -6.1129956 0.090979666 1.890628 -0.7443393 0.22632557 1003.77 
20150706150911 -11.769297 -7.429806 -3.3919852 1.8988746 3.5460727 0.35613444 1003.77 
20150706150911 -8.033744 -12.087128 -11.286865 0.6630942 2.680782 -0.23915374 1003.77 
20150706150911 -1.027711 -9.270349 -7.49445 -0.8155051 0.1563815 0.11484267 1003.77 
20150706150911 -0.973243 -6.403891 -0.16998832 -1.3072516 0.5143485 0.63713247 1003.76 
20150706150911 0.1933318 -4.047398 -2.0021513 -0.21594086 -1.8408424 0.58459806 1003.76 
20150706150911 -0.28550854 -7.6823945 -6.681618 -0.036957346 -2.4917192 0.50854534 1003.76 
20150706150911 -0.6697779 -9.602545 -9.455301 -1.3475688 -1.4114041 0.10842858 1003.76 
20150706150912 -0.66259533 -9.598354 -7.351995 -2.1835377 -0.3203988 -0.33383787 1003.76 
20150706150912 -1.4987702 -10.817602 -5.2846017 -3.0057623 -1.9770653 -0.22266038 1003.76 
20150706150912 -0.65421563 -17.06587 -1.9674352 -3.583641 -4.2250495 -0.01863139 1003.76 
20150706150912 3.3614593 -17.998411 6.6870055 -3.8679988 -4.90311 0.27458394 1003.76 
20150706150912 2.8963854 -7.831434 0.63206923 -3.825849 -4.760473 0.57451874 1003.76 
20150706150912 2.8724434 -5.66109 -1.4957775 -2.1881194 -4.2491784 0.16035213 1003.61 
20150706150912 1.738789 -7.6602483 -1.8854338 -1.5925257 -2.660929 0.17379116 1003.61 
20150706150912 0.034715924 -8.674791 0.12629414 -1.4993688 -0.9379836 0.058337633 1003.61 
20150706150912 -1.1935096 -9.615712 2.271499 -1.4862351 -0.032070424 -0.18051068 1003.61 
20150706150912 -0.3357868 -10.803835 2.0392613 -1.3011429 0.35185838 -0.29932398 1003.61 
20150706150912 1.3521254 -10.137649 0.8834604 -1.1905763 -0.06719518 -0.2864958 1003.61 
20150706150912 1.311424 -9.08001 0.24480712 -0.86193085 -1.003957 0.012217305 1003.61 
20150706150912 0.504578 -9.977836 -0.40462008 -0.35185838 -1.679574 0.1432479 1003.61 
20150706150912 0.31783026 -11.277887 -0.9564836 -0.25137106 -1.736079 0.09285152 1003.61 
20150706150912 0.6512229 -11.65677 -1.0019734 -0.54305923 -1.3732251 0.09010262 1003.73 
20150706150912 -1.1976994 -13.177088 -1.2156559 -0.6038403 -0.6844745 0.26297748 1003.73 
20150706150912 -1.7842789 -14.441825 0.66618663 -0.53878313 -0.46578476 0.04917465 1003.73 
20150706150912 -0.91099375 -14.414291 7.383718 -0.8402451 -0.30970868 -0.24740042 1003.73 
20150706150912 -1.0031705 -15.557523 7.073669 -0.65668017 0.33841935 0.047036625 1003.73 
20150706150912 -0.9139865 -13.439253 2.9245174 0.2434298 0.44043383 0.12675454 1003.73 
20150706150912 -2.5450363 -9.944916 4.0222588 1.5375478 1.7733418 0.18997909 1003.73 
20150706150912 0.7254431 -8.453926 -4.71957 2.733622 2.329229 0.15302174 1003.73 
20150706150912 1.2671312 -8.623915 -4.152743 3.249803 0.29168814 0.1731803 1003.73 
20150706150912 0.43155485 -14.472351 -1.6783354 3.0677652 -0.20677789 0.10903945 1003.86 
20150706150912 -3.3195608 -19.608511 -4.909311 2.3173172 0.009773844 -0.22540927 1003.86 
20150706150912 -9.088389 -19.608511 -8.196549 2.6911669 -0.22724187 -0.44226643 1003.86 
20150706150912 -10.831368 -17.328035 7.5590935 3.552487 0.14569137 -0.6808093 1003.86 
20150706150912 -5.9968767 -11.088745 4.4280763 3.334408 -0.47983465 -0.029932396 1003.86 
20150706150912 -1.6472107 -8.719683 2.7443538 2.9290988 -2.878397 0.18753563 1003.86 
20150706150912 4.061165 -7.6710224 -0.8086416 3.6786306 -1.142318 -0.007330383 1003.86 
20150706150912 6.63972 -6.275801 -4.5537715 3.88663 5.2852063 0.5412266 1003.86 
20150706150912 2.9706059 -6.281787 -2.9161377 3.9984186 6.1382794 0.6960809 1003.86 
20150706150912 0.57041854 -4.5022964 -4.5232453 2.7510316 4.724432 -0.032375857 1003.77 
20150706150912 -1.8339585 -3.1896753 -4.1982327 1.9501873 2.0234911 -0.17623462 1003.77 
20150706150912 -3.1597476 -1.0001777 -4.435259 1.6829338 1.5613716 0.080634214 1003.77 
20150706150912 -3.1663318 -0.30286652 -3.8043866 1.5622878 1.1722504 -0.18417588 1003.77 
20150706150912 -2.1398177 -1.4502877 -2.8299465 1.2012665 1.1236867 -0.57360244 1003.77 
20150706150912 -1.8189948 -2.819771 -0.95827925 0.6026186 1.3573426 -0.93492925 1003.77 
20150706150912 -2.6443958 -4.185663 1.9973627 0.099571034 1.4724907 -0.98929626 1003.77 
20150706150912 -6.4457893 -10.348338 11.510124 -0.81122905 1.0112875 -1.2501358 1003.77 
20150706150912 -8.129512 -19.608511 19.608511 -2.2751677 0.28252518 -1.7660115 1003.77 
20150706150912 -10.539276 -19.608511 18.633472 -3.0995302 -0.26206118 -1.4462235 1003.81 
20150706150912 -4.0240545 -11.274296 1.5292963 -0.35338554 -1.5549575 -0.32925636 1003.81 
20150706150912 -6.901885 -0.7685388 -2.8030117 1.6484199 -0.30909783 0.36896262 1003.81 
20150706150912 -9.419388 -5.695207 -7.047931 1.9856175 3.1453452 0.4783075 1003.81 
20150706150912 -4.2317514 -9.370307 -14.256274 0.89949906 2.839607 0.0290161 1003.81 
20150706150912 -3.4332852 -9.433155 -2.156577 -0.88331115 0.5671884 0.6450737 1003.81 
20150706150912 -1.0372878 -13.267468 6.691195 -1.0616838 -0.19639318 0.5448918 1003.81 
20150706150912 -1.2318168 -10.140641 -10.237606 -0.6423248 -3.368311 0.33383787 1003.81 
20150706150912 -0.6727707 -7.5207863 -7.565677 -0.96577793 -2.4657576 0.42424592 1003.81 
20150706150913 1.0283096 -7.60578 -6.6486983 -1.6804903 -0.50243664 0.46670106 1003.44 
20150706150913 0.7218518 -9.785701 -6.8785415 -2.2339342 -3.5344663 -0.08399397 1003.44 
20150706150913 1.8728642 -11.6986685 -1.6603789 -3.6343427 -3.4944546 -0.32589662 1003.44 
20150706150913 2.3056161 -19.569607 0.66858083 -4.466036 -1.6511687 -0.39553526 1003.44 
20150706150913 3.2267854 -13.345281 5.418677 -3.8585303 -1.488984 -0.031154128 1003.44 
20150706150913 1.5442601 -5.397129 5.2199583 -2.6407704 -4.0784416 0.45875978 1003.44 
20150706150913 0.51714754 -5.6898203 1.3335704 -1.8768835 -5.892406 0.00580322 1003.44 
20150706150913 -1.2677298 -7.264008 0.5554548 -2.0619757 -3.4773505 -0.10567969 1003.44 
20150706150913 -0.943914 -8.045116 -1.2862848 -1.7003434 0.4352415 -0.21685717 1003.44 
20150706150913 0.0077811554 -9.953295 -1.198298 -1.180497 1.8249599 -0.20677789 1003.67 
20150706150913 0.98820674 -10.797251 0.3842694 -0.75655663 1.915368 -0.1432479 1003.67 
20150706150913 0.99299514 -11.04565 1.5376761 -0.77671516 0.38912117 -0.02565634 1003.67 
20150706150913 0.7152678 -9.873089 1.0181342 -0.99173975 -0.9673051 0.039095376 1003.67 
20150706150913 0.47165772 -8.125322 -0.16938977 -1.378112 -1.0827587 0.03573562 1003.67 
20150706150913 -1.9393034 -10.650007 -0.18195933 -1.5378532 -0.4382958 0.11881329 1003.67 
20150706150913 -4.0653543 -14.858416 1.2354081 -0.8958339 0.3631594 0.07819075 1003.67 
20150706150913 -2.9514523 -15.020024 2.472612 -0.5522222 0.11728613 -0.115453534 1003.67 
20150706150913 0.8888474 -15.631145 2.60968 -0.4364632 -0.46578476 0.014966198 1003.67 
20150706150913 2.1110873 -14.252084 3.6326025 0.15974127 -0.6123924 0.40500367 1003.73 
20150706150913 0.65421563 -12.728175 6.9006877 0.82863873 -0.64568454 0.49510628 1003.73 
20150706150913 -1.3311762 -12.593501 8.250419 1.0421361 0.16249016 0.06291912 1003.73 
20150706150913 2.7593174 -11.106103 -7.641693 2.2201898 1.006095 -0.115453534 1003.73 
20150706150913 2.885013 -10.113707 -4.573524 3.7415497 0.559858 0.30390546 1003.73 
20150706150913 1.2545617 -14.743494 -2.9903579 3.3790011 0.8888089 0.1685988 1003.73 
20150706150913 -2.92751 -19.550453 -6.533178 2.3084598 0.6114761 -0.3484986 1003.73 
20150706150913 -7.7626004 -19.608511 -8.714894 2.6542094 0.5491679 -0.62949663 1003.73 
20150706150913 -12.140997 -17.847576 -4.5699325 3.429703 0.8924741 -0.8063421 1003.73 
20150706150913 -6.5762734 -10.984597 12.79641 3.2931745 -0.29168814 -0.4111123 1003.46 
20150706150913 -2.926313 -8.902241 1.513734 2.3988678 -2.977968 -0.17928895 1003.46 
20150706150913 2.0632033 -8.437765 1.1779473 3.0784554 -2.4761422 -0.54275376 1003.46 
20150706150913 6.2500634 -5.595848 -4.2784386 3.9312234 4.9226575 0.13775012 1003.46 
20150706150913 4.0779243 -4.9625816 -3.892972 4.6706758 6.73876 0.6065892 1003.46 
20150706150913 1.1216835 -4.486734 -3.1519666 3.6887097 5.908594 0.032375857 1003.46 
20150706150913 -0.4357447 -3.0759506 -4.694431 2.1493294 2.9043589 -0.38087448 1003.46 
20150706150913 -2.0709844 -2.7670987 -5.4204726 1.4156802 2.0390682 -0.06414085 1003.46 
20150706150913 -3.549404 -1.6071079 -4.4196963 1.3646729 1.6563611 0.03268129 1003.46 
20150706150913 -3.6541502 -1.6831238 -3.247136 1.1026118 1.1640037 -0.43249258 1003.69 
20150706150913 -3.3746274 -2.3331497 -1.6537948 0.7153232 1.2373075 -0.9816604 1003.69 
20150706150913 -2.9951463 -3.6673183 -0.11133038 0.37140608 1.4114041 -1.1707232 1003.69 
20150706150913 -2.8898015 -7.019799 5.737106 -0.3381139 1.3799446 -1.294118 1003.69 
20150706150913 -8.018182 -16.641497 17.343597 -1.5699236 0.44348818 -1.5894713 1003.69 
20150706150913 -7.8104844 -19.608511 19.608511 -2.5879307 -0.41996986 -1.8747455 1003.69 
20150706150913 -5.21517 -18.751986 11.593323 -1.949271 -0.70249504 -0.84238315 1003.69 
20150706150913 -4.3526587 -4.643554 -1.4885949 0.6600399 -0.87964594 0.03756821 1003.69 
20150706150913 -12.225392 -5.139154 -3.7020345 1.8176296 1.2599095 0.37782016 1003.69 
20150706150913 -9.725247 -8.563461 -9.928156 0.9801333 3.2262847 -0.39736784 1003.81 
20150706150913 -2.1021092 -9.239224 -8.943541 -0.54092115 0.33628133 0.21624629 1003.81 
20150706150913 -1.8842367 -7.513005 1.8201919 -1.3600914 0.10751228 0.6542367 1003.81 
20150706150913 -0.31543607 -9.639654 1.4999673 -0.6774496 -1.271516 0.7089091 1003.81 
20150706150913 0.40102878 -9.43495 -9.049484 -0.20433442 -3.0250046 0.516792 1003.81 
20150706150914 0.27832595 -8.3390045 -9.3822775 -1.0329732 -1.1972959 0.5647449 1003.81 
20150706150914 0.34476504 -8.428188 -7.1221514 -1.788308 0.17715092 0.0842994 1003.81 
20150706150914 -0.6512229 -10.183737 -6.363788 -2.4831672 -3.0686815 -0.22052236 1003.81 
20150706150914 -0.11552023 -12.416928 -1.8920178 -3.1829133 -3.92542 -0.23243423 1003.81 
20150706150914 2.1051018 -19.52651 3.0753522 -3.9116757 -3.3585372 -0.06627888 1003.6 
20150706150914 2.7832594 -13.901334 3.4494462 -3.9232821 -3.3197472 0.32895094 1003.6 
20150706150914 2.0440497 -5.595848 0.8888474 -2.9880474 -4.4617596 0.36560285 1003.6 
20150706150914 0.8158242 -5.171476 -2.4863784 -1.9599612 -5.165171 -0.018936822 1003.6 
20150706150914 -0.054468088 -7.4788876 -2.1511903 -1.6740762 -3.0793717 -0.025961773 1003.6 
20150706150914 -0.42556936 -8.367136 0.9487024 -1.6071864 -1.2470814 -0.10842858 1003.6 
20150706150914 -1.4107834 -10.1161 2.92751 -1.5653422 -0.14538592 -0.22937989 1003.6 
20150706150914 -0.52971715 -10.503962 3.705027 -1.5048665 0.1572978 -0.27397305 1003.6 
20150706150914 1.0342951 -10.352529 1.0534488 -1.4853189 0.34025195 0.02687807 1003.6 
20150706150914 1.2282255 -9.995792 -0.99060094 -1.033584 0.49968776 0.34330627 1003.75 
20150706150914 0.5518635 -10.704475 -1.3347675 -0.44806966 0.13958271 0.41783184 1003.75 
20150706150914 0.48003745 -11.90457 -1.4203602 -0.33658674 -0.5684101 0.34269542 1003.75 
20150706150914 -0.11432313 -12.348095 -0.6302736 -0.4908302 -0.8765916 0.40317106 1003.75 
20150706150914 -1.3772645 -13.608643 0.9816227 -0.7171558 -0.97035944 0.27030787 1003.75 
20150706150914 -0.65660983 -14.003686 4.0342298 -0.9669997 -0.9492846 -0.063224554 1003.75 
20150706150914 -0.18914193 -14.516644 3.8492777 -0.6637051 -0.57818395 -0.0125227375 1003.75 
20150706150914 -0.59615624 -14.155718 2.5570073 0.35246924 -0.23793201 0.20555615 1003.75 
20150706150914 -1.9913772 -12.436681 6.261436 0.9663888 0.42363504 0.13316862 1003.75 
20150706150914 -0.5638345 -12.146982 1.7106571 1.7073684 1.244027 -0.040011674 1003.75 
20150706150914 2.6767175 -9.387066 -5.8065376 2.6710083 0.2648101 -0.022907447 1003.75 
20150706150914 0.9451111 -11.669339 -2.9538465 3.5790594 -0.47036624 0.010995574 1003.75 
20150706150914 -2.2170308 -17.8793 -3.803788 2.7559185 -0.05589417 -0.51068336 1003.75 
20150706150914 -7.157466 -19.608511 -6.5002575 2.5329528 -0.002443461 -0.7715228 1003.75 
20150706150914 -10.485406 -18.432959 -4.727351 3.1349604 0.5363397 -0.8597928 1003.75 
20150706150914 -7.3442135 -11.939285 10.478823 3.3411274 0.14752395 -0.52106804 1003.75 
20150706150914 -4.3688197 -9.31943 1.0773908 2.9407053 -1.244638 -0.052839845 1003.75 
20150706150914 1.5496471 -8.826823 1.8441339 3.2516358 -2.022575 -0.16126843 1003.75 
20150706150914 5.8304796 -9.162011 -3.4464533 3.4333682 3.522249 0.33017266 1003.62 
20150706150914 3.1292217 -7.8667483 -3.341707 3.8313468 5.554598 0.5009095 1003.62 
20150706150914 0.14844051 -6.8348475 -2.0763714 3.6737435 5.539326 0.23457226 1003.62 
20150706150914 -0.47465047 -3.7750576 -4.709395 2.3405302 3.2204816 -0.32253686 1003.62 
20150706150914 -1.7495629 -2.2523453 -4.675277 1.8365663 1.094976 -0.3036 1003.62 
20150706150914 -2.6910827 -0.908001 -4.8578353 1.8628336 2.0851886 -0.20555615 1003.62 
20150706150914 -2.7970262 -0.64823014 -3.7259765 1.3460416 1.7785342 -0.4025602 1003.62 
20150706150914 -2.6132712 -1.2653356 -2.4271219 0.820392 1.3515394 -0.636827 1003.62 
20150706150914 -2.835932 -1.83336 -1.2844892 0.33567044 1.4504995 -0.93279123 1003.62 
20150706150914 -3.4464533 -3.8666358 2.0284874 -0.06047566 1.4083499 -1.0742066 1003.69 
20150706150914 -4.63697 -11.385626 9.576807 -1.1291844 1.2040154 -1.4068227 1003.69 
20150706150914 -11.183915 -19.608511 19.608511 -2.6435194 0.42852196 -1.8753563 1003.69 
20150706150914 -6.603807 -19.608511 19.521723 -2.9813278 -0.39370266 -1.7852536 1003.69 
20150706150914 0.99299514 -10.952275 0.24600422 -0.6087272 -1.087951 -0.32589662 1003.69 
20150706150914 -4.980538 -1.5352819 -2.1643584 2.5702155 0.1255328 0.5867361 1003.69 
20150706150914 -11.391612 -5.4444146 -4.8105497 2.0598376 4.0833287 0.10140363 1003.69 
20150706150914 -6.5349736 -8.953716 -16.054918 0.3643811 1.4361442 -0.44715336 1003.69 
20150706150914 -5.111022 -8.447342 -6.4900823 -1.0283916 0.24281894 0.13591751 1003.69 
20150706150915 -3.8217444 -11.270704 7.836222 -1.0983357 0.47311515 0.41141775 1003.79 
20150706150915 -0.45190558 -11.671135 -7.9236107 -0.22724187 -3.22995 0.43768495 1003.79 
20150706150915 1.5729905 -8.154651 -10.901399 -1.3243558 -2.6169467 0.74464476 1003.79 
20150706150915 2.4349031 -7.804499 -9.4062195 -1.9801197 1.2534955 0.41447207 1003.79 
20150706150915 -0.05327099 -9.966463 -6.567295 -2.402533 -1.6374242 -0.24740042 1003.79 
20150706150915 -1.0528502 -11.150395 -4.4777555 -3.5127807 -3.2305608 -0.62125 1003.79 
20150706150915 2.5629928 -19.60133 3.1741128 -4.2711697 -3.0164526 -0.37598756 1003.79 
20150706150915 2.9532478 -11.923723 5.951387 -3.961461 -2.9318478 0.2761111 1003.79 
20150706150915 2.219425 -4.794389 2.5192988 -2.4474316 -4.1755695 0.38545597 1003.79 
20150706150915 1.3215994 -4.11264 -1.9656396 -1.7146988 -5.1734176 0.07452556 1003.63 
20150706150915 -0.5781997 -8.1797905 -1.7992426 -1.6404786 -3.9648209 -0.14996742 1003.63 
20150706150915 -1.4478935 -10.310031 2.2517467 -1.2953397 -1.8463402 -0.3286455 1003.63 
20150706150915 0.45070848 -11.103709 2.6246436 -1.5796975 -0.6536258 -0.37965274 1003.63 
20150706150915 1.7160441 -11.75553 1.8866309 -1.63437 0.046120327 -0.08307768 1003.63 
20150706150915 1.620276 -10.5704 1.0887632 -1.2226468 0.63621616 0.13988814 1003.63 
20150706150915 1.7645266 -8.854955 -0.002992752 -0.4990769 0.08246681 0.20922135 1003.63 
20150706150915 1.2653356 -9.176376 -0.36870706 -0.5849035 -1.0235047 0.24740042 1003.63 
20150706150915 0.6925228 -10.1861315 -1.050456 -0.6762278 -0.8436049 0.27397305 1003.63 
20150706150915 -1.38325 -12.83352 -3.1986535 -0.5833763 -0.3717115 0.18051068 1003.74 
20150706150915 -4.406528 -15.710153 1.2749124 -0.61453044 -0.04520403 -0.09743301 1003.74 
20150706150915 -5.5820813 -16.366165 5.8454432 -0.8155051 0.129198 -0.38912117 1003.74 
20150706150915 -1.1976994 -15.227721 4.8225207 -0.98807454 -0.24251351 -0.50701815 1003.74 
20150706150915 1.6543933 -13.914502 1.4167689 0.48533243 0.1695151 0.3118467 1003.74 
20150706150915 1.5891514 -11.717822 5.832874 1.6132951 0.5335908 0.6401868 1003.74 
20150706150915 0.32022446 -12.424709 2.5552118 1.7989981 0.83077675 0.3191771 1003.74 
20150706150915 3.1783028 -9.904813 -5.5461683 2.617252 0.46181414 0.02443461 1003.74 
20150706150915 1.3174095 -11.589133 -4.207211 3.6480873 0.27885997 0.2144137 1003.74 
20150706150915 -1.2838906 -16.967707 -4.4167037 2.8393016 1.0305296 -0.19333886 1003.76 
20150706150915 -6.4140663 -19.608511 -7.6560583 2.4996605 1.1511755 -0.45845437 1003.76 
20150706150915 -10.389638 -18.962675 -6.3344593 2.8603766 1.1038336 -0.6951646 1003.76 
20150706150915 -7.6404963 -12.376825 13.226768 3.3041701 0.5009095 -0.56107974 1003.76 
20150706150915 -4.6662993 -10.231621 1.6130934 2.8875601 -1.8616118 -0.116980694 1003.76 
20150706150915 3.2495303 -9.227253 1.496376 3.3093624 -3.0170634 -0.21471913 1003.76 
20150706150915 7.482479 -8.916007 -4.4460325 3.6792414 3.2226195 0.29749137 1003.76 
20150706150915 4.7536874 -6.9731126 -2.7569232 4.1135664 6.008165 0.3539964 1003.76 
20150706150915 1.0905589 -5.5431757 -3.2615013 4.0515637 6.466314 -0.19639318 1003.76 
20150706150915 -0.11851298 -2.9400797 -5.617396 2.5030203 2.9675834 -0.6753115 1003.68 
20150706150915 -2.0536265 -1.3533225 -6.1650696 2.0164661 2.0803015 -0.21594086 1003.68 
20150706150915 -3.7960067 0.15322891 -5.6748567 1.851838 2.6615398 -0.05681047 1003.68 
20150706150915 -4.741118 -0.06943185 -3.3614593 1.5653422 1.8396207 -0.28130344 1003.68 
20150706150915 -3.7696705 -1.0486604 -1.9009962 0.829555 1.5167783 -0.88025683 1003.68 
20150706150915 -3.1196449 -3.3022027 -0.3489549 0.18875736 1.5800029 -1.0882565 1003.68 
20150706150915 -3.1902738 -6.6445084 2.7934349 -0.58123827 1.4459181 -1.1829406 1003.68 
20150706150915 -7.7159133 -15.54615 12.601881 -1.7107282 0.66859204 -1.604743 1003.68 
20150706150915 -10.396222 -19.608511 19.608511 -2.5286767 0.15851954 -1.915368 1003.68 
20150706150915 -5.4180784 -19.608511 16.112978 -2.5448647 -0.2843578 -1.2162327 1003.73 
20150706150915 -1.9189527 -5.533 -3.4919431 0.9639453 -1.3426818 0.063224554 1003.73 
20150706150915 -11.691485 -5.2103815 -3.6577415 2.3570235 1.0958922 0.48472157 1003.73 
20150706150915 -10.170568 -7.9930425 -10.503363 1.1001683 3.2058208 -0.14996742 1003.73 
20150706150915 -3.2279825 -6.645705 -9.7641535 -0.15821409 -0.4465425 0.31031954 1003.73 
20150706150916 -3.163339 -6.227917 -2.4450784 -1.2666291 -0.50915617 0.7669413 1003.73 
20150706150916 0.24839842 -11.102511 3.128623 -0.4709771 -1.7513506 0.6597345 1003.73 
20150706150916 0.61052144 -11.010934 -9.673173 -0.6933321 -3.3875532 0.68691796 1003.73 
20150706150916 0.7260417 -8.615535 -9.317635 -2.0286834 -0.22327125 0.67164636 1003.73 
20150706150916 0.90021986 -9.0081835 -7.1592617 -2.4150558 0.22235495 0.13072516 1003.44 
20150706150916 -0.24660277 -10.400413 -5.353435 -2.8215866 -2.869234 -0.18478674 1003.44 
20150706150916 -1.1294646 -15.956756 -2.8083985 -3.8398988 -4.7778826 -0.1731803 1003.44 
20150706150916 3.9348705 -19.024326 8.088212 -4.3982296 -4.274835 0.18967366 1003.44 
20150706150916 2.9777884 -9.1751795 3.4243069 -3.551265 -3.7485745 0.514654 1003.44 
20150706150916 2.0925324 -4.9823337 -1.1139023 -1.8194622 -4.276362 0.064751714 1003.44 
20150706150916 1.0319009 -5.837064 -2.337938 -1.740966 -3.7772853 -0.028405234 1003.44 
20150706150916 -0.21667525 -8.225879 -1.5646108 -1.8506162 -1.1630874 -0.1740966 1003.44 
20150706150916 -0.9995792 -8.880095 0.29149407 -1.4737124 0.27550024 -0.41722095 1003.44 
20150706150916 -0.91338795 -9.775525 2.5498247 -1.1734722 0.25625798 -0.42119157 1003.64 
20150706150916 -0.012569559 -10.517728 3.4117374 -1.3750577 -0.5170974 -0.36071593 1003.64 
20150706150916 0.5363012 -10.313024 1.2910733 -1.5121969 -0.9108001 -0.086437434 1003.64 
20150706150916 0.45789108 -10.295666 -0.76195467 -0.90010995 -0.9978484 0.20158553 1003.64 
20150706150916 0.13587095 -10.910975 -1.858499 -0.35735616 -0.7486154 0.38820487 1003.64 
20150706150916 -0.29927522 -12.656947 -1.6262615 -0.30940324 -0.37751472 0.48930305 1003.64 
20150706150916 -0.985214 -14.065336 0.6290765 -0.5833763 -0.26145032 0.4175264 1003.64 
20150706150916 -0.22385786 -15.134946 3.1543608 -0.8793405 -0.30818152 0.11636983 1003.64 
20150706150916 0.08619126 -15.126566 5.913678 -0.6737844 -0.40530908 0.10720685 1003.64 
20150706150916 -0.6584055 -14.378378 4.666898 0.15790866 -0.08032878 0.27672195 1003.71 
20150706150916 -1.5340848 -12.002133 3.441665 1.0534371 0.3894266 0.1151481 1003.71 
20150706150916 -1.7741034 -10.33936 3.0071173 1.8845193 1.0845913 -0.03756821 1003.71 
20150706150916 1.8267759 -8.684967 -4.935048 2.89825 0.53969944 -0.08002335 1003.71 
20150706150916 0.7846996 -11.008539 -2.9071593 3.311806 -0.61850107 0.034513887 1003.71 
20150706150916 -1.1294646 -18.421587 -3.5763388 2.6734517 -0.08155051 -0.4089743 1003.71 
20150706150916 -5.849633 -19.608511 -6.742072 2.5961773 0.19486602 -0.5195409 1003.71 
20150706150916 -9.85214 -19.548656 -6.716933 3.091589 0.64660084 -0.6417139 1003.71 
20150706150916 -7.1844006 -11.455058 9.185355 3.5714238 0.5305365 -0.43768495 1003.71 
20150706150916 -5.0427876 -9.747394 3.9564183 2.8399124 -1.2770138 0.03176499 1003.63 
20150706150916 -0.52852005 -9.045893 1.5089456 2.7553077 -2.1820107 -0.26511553 1003.63 
20150706150916 6.2458735 -7.835025 -2.854487 3.3008103 2.6481009 0.21471913 1003.63 
20150706150916 5.5096564 -7.177218 -4.530428 3.5271358 5.6685243 0.5879578 1003.63 
20150706150916 1.3868413 -6.5840545 -2.8832173 3.6004398 5.738468 0.19486602 1003.63 
20150706150916 0.338181 -3.8630445 -5.755661 2.6022859 3.3374622 -0.6258314 1003.63 
20150706150916 -1.4311341 -2.1655555 -5.899313 2.1401663 1.7947221 -0.3191771 1003.63 
20150706150916 -3.008913 0.094570965 -6.081272 1.8967366 2.2779164 -0.17104226 1003.63 
20150706150916 -4.6022544 0.48841715 -3.6314054 1.681712 1.7296649 -0.26542094 1003.63 
20150706150916 -4.1521444 -0.6787562 -1.8543092 1.1609493 1.5653422 -0.84329945 1003.78 
20150706150916 -3.2597055 -2.4588451 -0.50397944 0.5213735 1.5525141 -1.212873 1003.78 
20150706150916 -2.657564 -6.4230447 2.932897 -0.28771752 1.68385 -1.2913691 1003.78 
20150706150916 -7.4441714 -15.740679 11.78486 -1.4752395 1.102001 -1.6132951 1003.78 
20150706150916 -11.362283 -19.608511 19.608511 -2.237294 0.122478485 -1.9336939 1003.78 
20150706150916 -4.577115 -19.608511 17.927183 -2.1584923 -0.68111473 -1.1969905 1003.78 
20150706150916 -0.7260417 -7.2502413 0.50278234 1.0161743 -1.670411 0.20219639 1003.78 
20150706150916 -8.871715 -3.8510735 -1.6430209 2.588847 0.93767816 0.54611355 1003.78 
20150706150916 -9.231443 -6.345233 -5.5581393 0.9056077 3.1813862 -0.018936822 1003.78 
20150706150916 -4.4957123 -8.7053175 -11.551425 -0.42119157 0.15943582 0.035124753 1003.9 
20150706150917 -2.179322 -6.4828997 -7.7081323 -1.6297885 -0.3817908 0.21960606 1003.9 
20150706150917 -2.11827 -7.615956 2.5959132 -1.3252722 -0.7263188 0.39706242 1003.9 
20150706150917 0.1945289 -9.137471 -0.08619126 -0.4560109 -3.1829133 0.45753807 1003.9 
20150706150917 0.073023155 -10.170568 -8.3629465 -1.466382 -2.8066204 0.6774496 1003.9 
20150706150917 -0.02873042 -8.560468 -7.9032598 -2.0815234 0.13072516 0.29626966 1003.9 
20150706150917 -0.533907 -8.946533 -5.710171 -2.7672195 -0.2556471 -0.15699236 1003.9 
20150706150917 -1.6645688 -11.090541 -3.7469256 -3.3600643 -3.035084 -0.14202617 1003.9 
20150706150917 1.9656396 -19.608511 5.121197 -3.855476 -4.269337 0.20586158 1003.9 
20150706150917 3.0520086 -14.118009 5.668871 -3.6209037 -4.2394047 0.6597345 1003.56 
20150706150917 2.331354 -5.6161985 0.45609543 -2.4901922 -4.2400155 0.34972036 1003.56 
20150706150917 2.0021513 -5.4204726 -3.2800562 -1.7620409 -3.3887749 0.10598512 1003.56 
20150706150917 0.24061728 -7.4992385 -1.3742718 -1.7486018 -0.44318274 0.10751228 1003.56 
20150706150917 -0.6607997 -8.327632 0.97144735 -1.6566665 1.1090258 -0.20738874 1003.56 
20150706150917 -0.2693477 -9.537901 1.0803835 -1.1850786 0.80481493 -0.35643986 1003.56 
20150706150917 0.6877344 -10.301053 0.9068039 -0.9975429 -0.6291912 -0.3475823 1003.56 
20150706150917 0.7128736 -10.038888 0.8194155 -1.1499538 -1.428203 -0.20158553 1003.56 
20150706150917 0.16938977 -9.631873 0.65242 -1.110553 -1.5848899 -0.09132435 1003.56 
20150706150917 -0.28670564 -9.760562 0.40342298 -1.0180069 -1.2629639 0.04795292 1003.75 
20150706150917 -1.8429368 -11.727399 0.6961141 -0.9841039 -0.57787853 0.22724187 1003.75 
20150706150917 -2.3840263 -12.880207 -1.0151415 -0.8258898 0.09437868 0.2761111 1003.75 
20150706150917 -0.3226187 -14.601638 0.47345337 -0.5693264 0.31612277 0.22571471 1003.75 
20150706150917 1.9452889 -15.622166 2.618658 -0.058337633 0.28955013 0.41080686 1003.75 
20150706150917 1.1097125 -14.5759 4.401141 0.3387248 -0.77304995 0.5522222 1003.75 
20150706150917 -2.794632 -13.986328 7.0251865 0.5112942 -0.593761 0.10567969 1003.75 
20150706150917 -1.6657659 -12.89517 1.8776526 1.0348058 1.0363328 -0.28863382 1003.75 
20150706150917 2.1350293 -9.681553 -5.3713913 2.7433958 1.4819591 -0.109650314 1003.75 
20150706150917 1.003769 -9.181165 -4.2957964 3.424816 0.44318274 0.089186326 1003.8 
20150706150917 -1.0845734 -15.054142 -3.8893807 2.7128525 0.041233405 -0.47128254 1003.8 
20150706150917 -6.746262 -19.608511 -6.273407 2.3832908 0.09896017 -0.84421575 1003.8 
20150706150917 -12.770672 -19.608511 -3.0346506 2.8130345 0.24037547 -1.2095132 1003.8 
20150706150917 -9.258378 -13.814544 8.562862 3.3292155 -0.24037547 -0.990518 1003.8 
20150706150917 -5.1062336 -9.382876 -0.6476316 3.2693508 -2.1862867 0.05100725 1003.8 
20150706150917 1.1941081 -8.595184 4.281431 3.4132094 -1.7779233 0.054367006 1003.8 
20150706150917 8.781932 -8.237251 -1.9129672 3.3066137 4.2406263 0.43860126 1003.8 
20150706150917 5.6156 -6.109404 -4.4125137 3.923893 5.91287 0.5742133 1003.8 
20150706150917 1.0109516 -6.0878563 -1.4796166 4.2320743 6.750366 -0.03390302 1003.74 
20150706150917 -0.4866215 -3.5871127 -5.2169657 2.617863 3.5799758 -0.45998153 1003.74 
20150706150917 -2.2301989 -1.9548657 -4.7548847 1.7675385 0.9089675 0.18112154 1003.74 
20150706150917 -3.6355953 -1.1917139 -4.3939586 1.7186694 1.9706513 0.23060162 1003.74 
20150706150917 -3.46022 -1.0851719 -3.7912183 1.5598444 1.3680327 -0.25809056 1003.74 
20150706150917 -2.6683378 -2.0697873 -2.6761189 1.056186 1.2012665 -0.7779369 1003.74 
20150706150917 -2.498948 -3.4823663 -0.635062 0.5045747 1.6676621 -0.99265605 1003.74 
20150706150917 -4.068946 -6.1207767 3.2986114 -0.15485434 1.4288138 -1.1181889 1003.74 
20150706150917 -7.3807254 -12.436082 13.465589 -1.1954633 0.5693264 -1.4498887 1003.74 
20150706150917 -6.827066 -19.51035 19.608511 -2.132225 -0.16187929 -1.5280794 1003.83 
20150706150917 -8.412027 -19.608511 17.98644 -2.4691174 -0.7663304 -0.8219192 1003.83 
20150706150917 -5.4474072 -10.480618 0.8218097 0.09987647 -1.6062702 -0.004886922 1003.83 
20150706150917 -10.016742 -5.5312047 -1.4784195 1.6847663 0.6609562 0.51893 1003.83 
20150706150917 -8.334815 -8.370728 -4.1695023 1.0500773 3.2879822 0.2593123 1003.83 
20150706150917 0.5542577 -7.9433627 -13.083714 0.081855945 0.55924714 0.43096542 1003.83 
20150706150917 0.16879122 -4.4861355 -7.353192 -1.1936307 -0.49174652 0.7816021 1003.83 
20150706150918 -1.939902 -5.1463366 3.2501287 -1.0320568 -0.20891592 0.35155296 1003.83 
20150706150918 -2.5540147 -10.068815 -4.095282 -0.61636305 -3.2950072 -0.122478485 1003.83 
20150706150918 -2.6312277 -10.875063 -8.623915 -2.1352794 -2.7763824 0.16126843 1003.48 
20150706150918 -0.3513491 -8.901642 -6.9210386 -2.7064385 -0.09101892 0.23701571 1003.48 
20150706150918 -0.27593175 -9.852738 -6.471527 -2.8893926 -1.9654589 0.1133155 1003.48 
20150706150918 -0.97743285 -14.1664915 -4.2359414 -3.844175 -4.316068 0.11453723 1003.48 
20150706150918 3.098097 -19.608511 2.2996306 -4.7720795 -3.61113 0.3921755 1003.48 
20150706150918 4.4059296 -8.164826 7.129933 -4.076609 -3.0488284 0.872621 1003.48 
20150706150918 3.9893386 -3.5164838 3.5434184 -1.9963076 -3.3735032 0.4905248 1003.48 
20150706150918 1.151611 -5.6323595 -1.0690111 -1.3417655 -2.8231137 0.17348573 1003.48 
20150706150918 -0.037708677 -6.445191 -0.7954735 -2.339614 -1.1786644 -0.310625 1003.48 
20150706150918 0.038905777 -8.850166 -0.83976626 -2.209805 1.0995574 -0.47616947 1003.71 
20150706150918 -0.40102878 -11.552023 0.75596917 -1.3344351 0.6728681 -0.4718934 1003.71 
20150706150918 -0.81881696 -12.514492 3.5990837 -0.80481493 -0.893085 -0.46089783 1003.71 
20150706150918 -0.53570265 -12.212823 4.122815 -1.0613784 -1.6313156 -0.29443705 1003.71 
20150706150918 -0.05746084 -10.284892 -0.3441665 -1.8344283 -1.5036448 -0.0842994 1003.71 
20150706150918 -1.678934 -11.917738 -3.6864722 -0.7086037 -0.049480084 0.30543262 1003.71 
20150706150918 -0.6476316 -14.912884 -1.3293805 0.38912117 0.18661933 0.40653083 1003.71 
20150706150918 0.2148796 -16.186 4.048595 -0.122783914 -0.9611965 0.3735441 1003.71 
20150706150918 0.4201824 -14.988301 6.1507044 -0.61178154 -1.6893479 0.1432479 1003.71 
20150706150918 -0.46267948 -13.190256 6.009446 0.19364429 -1.6490307 0.12980886 1003.73 
20150706150918 -0.7152678 -10.096947 3.5817258 1.1560625 0.048258353 0.004276057 1003.73 
20150706150918 1.4640543 -11.25215 -1.5436616 2.5552492 1.7583756 0.110872045 1003.73 
20150706150918 5.5042696 -12.360664 -5.269039 3.3976326 0.70829827 0.29565877 1003.73 
20150706150918 3.277662 -16.77677 -2.6886885 3.481321 -0.23945917 0.10995574 1003.73 
20150706150918 -4.2239704 -19.608511 -6.9503675 2.9681942 -0.30207285 -0.93034774 1003.73 
20150706150918 -10.565014 -19.608511 -10.312426 3.1771102 -0.053145275 -1.4343116 1003.73 
20150706150918 -13.435661 -16.461933 14.1108265 3.0876184 1.1374311 -0.93676186 1003.73 
20150706150918 -10.95467 -11.924321 0.095169514 2.7947085 0.045814894 -0.7263188 1003.73 
20150706150918 -4.818331 -8.822633 3.9588125 2.7281241 -2.0711386 -0.9117164 1003.63 
20150706150918 2.4438813 -9.233239 -2.6635494 3.3001995 -0.9086621 -0.33414328 1003.63 
20150706150918 8.455722 -5.9561753 -6.0884547 3.4565809 5.2601604 0.3304781 1003.63 
20150706150918 3.6996403 -4.6082397 -1.9877859 4.5365906 6.7497554 0.47647488 1003.63 
20150706150918 0.9451111 -3.918111 -6.105813 3.7464366 5.5063396 -0.25045475 1003.63 
20150706150918 0.40102878 0.06464344 -7.340024 2.1438315 1.7030923 -0.8249735 1003.63 
20150706150918 -2.2242134 1.0845734 -5.8634 1.9016235 1.7220291 0.016187929 1003.63 
20150706150918 -3.4320881 1.0869676 -3.7523127 1.8842138 2.6471846 -0.046731193 1003.63 
20150706150918 -3.306991 0.4417302 -2.7353754 1.3356569 1.9749273 -0.64996064 1003.63 
20150706150918 -3.650559 -2.5169046 0.19692309 0.7305948 1.7504344 -0.9932669 1003.81 
20150706150918 -2.814384 -5.8107276 3.7068229 -0.18020524 1.969735 -1.201572 1003.81 
20150706150918 -7.0862384 -14.396934 9.853337 -1.056186 1.2800682 -1.3778065 1003.81 
20150706150918 -13.516466 -19.608511 19.608511 -2.2000313 0.064446285 -1.956296 1003.81 
20150706150918 -3.645172 -19.608511 19.608511 -2.8182268 -0.49235737 -2.1700988 1003.81 
20150706150918 2.8215668 -8.813655 -1.7058687 -1.6349808 -1.031446 -0.86467975 1003.81 
20150706150918 -7.5824366 -3.139397 -2.6755204 2.2351558 -0.48349985 0.6059783 1003.81 
20150706150918 -12.144588 -9.100959 -8.532935 2.840829 3.7024543 0.4654793 1003.81 
20150706150918 -4.9458222 -11.3562975 -12.545617 0.643852 2.5506678 -0.37873647 1003.81 
20150706150918 -2.4079683 -4.9907136 -6.741473 -1.2296717 -0.14202617 0.45051312 1003.83 
20150706150918 -1.6873137 -6.4487824 3.2267854 -0.9798279 -0.36651915 0.7351763 1003.83 
20150706150918 -2.078167 -9.619903 -6.494272 0.4700608 -2.1252003 0.7831292 1003.83 
20150706150919 0.46746787 -9.92636 -13.602058 -0.26206118 -2.899472 0.713796 1003.83 
20150706150919 1.8447324 -9.798869 -10.172364 -2.2397375 -0.3979787 0.5403103 1003.83 
20150706150919 0.53689975 -11.836334 -7.9008656 -3.2711835 1.178359 -0.027794369 1003.83 
20150706150919 -1.4030021 -16.118364 -5.566519 -3.7491853 -3.7082574 -0.2593123 1003.83 
20150706150919 2.7138276 -19.593548 0.5117606 -4.822476 -5.560706 -0.2996294 1003.83 
20150706150919 2.3361423 -10.156203 -0.4297592 -5.059797 -5.1132474 0.18906279 1003.83 
20150706150919 3.2986114 -4.0222588 4.923676 -3.5341609 -4.869207 -0.042455133 1003.55 
20150706150919 1.4748282 -7.5561004 1.9506758 -2.051591 -4.2342124 -0.17104226 1003.55 
20150706150919 0.46866497 -6.8132997 0.9636662 -2.0100522 -3.087313 -0.06169739 1003.55 
20150706150919 -0.4237737 -8.085817 1.3030443 -2.1374176 -1.9816469 0.12767084 1003.55 
20150706150919 0.30466217 -9.160814 1.7525556 -1.6484199 -0.105374254 0.014966198 1003.55 
20150706150919 1.9722236 -9.780912 0.97623575 -1.2366967 0.025045475 -0.12644911 1003.55 
20150706150919 1.62686 -11.435306 0.59376204 -0.94042706 -1.1866057 0.06780604 1003.55 
20150706150919 1.352724 -13.052589 0.4914099 -0.68111473 -2.375044 0.20005837 1003.55 
20150706150919 1.7190368 -13.412916 0.6015432 -0.44135013 -2.56991 0.3998113 1003.55 
20150706150919 1.9955671 -12.056003 1.1336545 -0.6337727 -2.0357084 0.63713247 1003.72 
20150706150919 1.0067618 -12.961011 -0.11192893 -0.6740898 -0.9089675 0.6429357 1003.72 
20150706150919 1.2575544 -13.461998 0.002992752 -0.59986967 0.22266038 0.28344148 1003.72 
20150706150919 -0.20709845 -13.952809 4.5112743 -0.34666604 1.5128077 0.14355333 1003.72 
20150706150919 -2.9526494 -14.718953 6.6361284 0.27672195 2.0204368 0.08002335 1003.72 
20150706150919 -3.6607344 -11.613674 3.5045128 0.42180246 1.4950926 -0.3136793 1003.72 
20150706150919 -3.3464954 -10.219051 3.8504748 1.5210545 1.3603969 -0.25992316 1003.72 
20150706150919 2.0566192 -8.802881 -7.371747 2.7409523 0.6606508 0.04062254 1003.72 
20150706150919 0.85173726 -13.538013 -4.3317094 3.9257255 -1.187522 0.14172074 1003.72 
20150706150919 -2.9765913 -19.608511 -4.0623617 3.3957999 -0.52839845 -0.57543504 1003.95 
20150706150919 -10.074203 -19.608511 -6.2847795 2.4642303 -0.43371433 -1.1450669 1003.95 
20150706150919 -13.077129 -18.324621 2.4061728 2.627026 -0.70829827 -1.2947289 1003.95 
20150706150919 -8.91062 -11.210251 4.7297454 2.9886582 -0.44593164 -0.90408057 1003.95 
20150706150919 -4.5483847 -7.9966335 -0.04189853 2.9547553 -1.4364496 -0.3381139 1003.95 
20150706150919 1.8543092 -7.475895 3.6391866 3.5854735 -1.4010195 -0.3915646 1003.95 
20150706150919 6.880337 -8.422203 -3.108871 3.280041 3.4965928 0.3549127 1003.95 
20150706150919 6.211158 -6.1123967 -4.7429137 3.2198708 5.0185633 0.46211955 1003.95 
20150706150919 1.3736732 -5.524022 -2.9777884 3.765679 6.6098676 0.204029 1003.95 
20150706150919 0.23044191 -2.7335799 -5.919065 3.0925052 4.054618 -0.17715092 1003.71 
20150706150919 -1.4754268 -0.8158242 -7.32506 1.9504927 0.9984592 0.083383106 1003.71 
20150706150919 -3.7642837 -0.037708677 -5.6221843 1.6468927 1.2721269 0.535118 1003.71 
20150706150919 -3.1292217 -0.11791443 -3.2585084 1.6071864 1.5100589 -0.039095376 1003.71 
20150706150919 -2.15538 -1.6166847 -2.1996727 1.2724323 1.1786644 -0.63071835 1003.71 
20150706150919 -1.4197617 -3.4871547 -0.27353755 0.6377433 1.0595458 -0.89461213 1003.71 
20150706150919 -2.5079262 -5.513248 4.1222167 -0.0125227375 1.2904528 -0.9786061 1003.71 
20150706150919 -8.549694 -15.843031 17.409437 -0.97066486 0.90377516 -1.2421945 1003.71 
20150706150919 -7.365163 -19.608511 19.608511 -2.511267 0.043066 -1.8701639 1003.71 
20150706150919 -6.3913217 -19.477428 14.490307 -3.095865 -0.30848694 -1.4046847 1003.8 
20150706150919 -4.4633904 -4.19943 -1.2096704 -0.027488936 -1.0467176 -0.3494149 1003.8 
20150706150919 -13.140576 -5.4791307 -4.0743327 1.8579466 -0.070554934 0.47403142 1003.8 
20150706150919 -10.853515 -9.677961 -11.4377 1.4437801 3.1306844 -0.113926366 1003.8 
20150706150919 -2.6617537 -7.4058642 -9.044097 0.1469131 1.8237382 0.32467487 1003.8 
20150706150919 -3.2267854 -7.1065893 3.867833 -0.97005403 0.1600467 1.1945469 1003.8 
20150706150919 0.44951138 -12.079346 -0.9283517 -0.4456262 -1.1163563 1.0751228 1003.8 
20150706150920 1.5514427 -11.094132 -12.4707985 0.0125227375 -3.378085 0.7357872 1003.8 
20150706150920 2.1990743 -8.058883 -9.403227 -0.9831876 -0.9828822 0.70921457 1003.8 
20150706150920 1.3826514 -9.503783 -6.8384385 -2.2464569 1.1065824 0.32711834 1003.51 
20150706150920 -0.43155485 -10.618883 -6.3260794 -2.7522533 -3.4892623 -0.25778514 1003.51 
20150706150920 0.8924387 -14.184448 -1.2533646 -3.805385 -4.7152686 -0.4541783 1003.51 
20150706150920 4.329315 -19.608511 4.9021277 -4.3573017 -3.0928106 -0.24037547 1003.51 
20150706150920 3.3033998 -9.967062 5.795764 -3.9791763 -2.5879307 0.3567453 1003.51 
20150706150920 2.3756466 -4.5543704 3.0657754 -2.7250698 -4.552168 0.36987892 1003.51 
20150706150920 0.2621651 -5.4354362 -1.5891514 -2.2785273 -5.9342504 0.023823744 1003.51 
20150706150920 -0.9044097 -7.5225816 -1.0857705 -2.0103576 -3.9504654 -0.13041973 1003.51 
20150706150920 -1.0319009 -8.549096 -0.0724246 -1.5885551 -0.1432479 -0.2828306 1003.51 
20150706150920 -1.0420763 -10.3770685 1.8537107 -1.4068227 1.5121969 -0.32742378 1003.72 
20150706150920 0.1604115 -10.795456 3.1082723 -1.1533136 1.3707817 -0.3203988 1003.72 
20150706150920 1.1695676 -11.014524 2.0374656 -0.9990701 0.06505715 -0.06994407 1003.72 
20150706150920 0.98940384 -9.72824 0.18435353 -0.91507614 -0.7779369 0.17440203 1003.72 
20150706150920 1.0749966 -9.157223 -0.7212533 -0.79198676 -1.3420709 0.2678644 1003.72 
20150706150920 0.39145198 -10.213066 -2.2541409 -0.45112398 -1.0876455 0.40683624 1003.72 
20150706150920 -1.8746599 -13.107058 -3.632004 -0.17195857 -0.6722572 0.3753767 1003.72 
20150706150920 -2.3714569 -15.524602 -0.092176765 -0.3023783 -0.49602258 -0.06719518 1003.72 
20150706150920 -0.7727286 -15.783774 6.5164185 -0.6914995 -0.41691554 -0.29168814 1003.72 
20150706150920 -0.2753332 -14.627974 7.6548615 -0.84696466 -0.86009824 -0.12980886 1003.71 
20150706150920 -0.82599956 -14.002489 2.8287494 -0.24923302 -1.071763 0.17562376 1003.71 
20150706150920 -2.1679497 -10.626065 5.373187 1.0024298 0.89736104 0.2302962 1003.71 
20150706150920 -0.25318682 -10.035296 1.733402 1.9776763 3.01462 0.29352075 1003.71 
20150706150920 4.1174283 -7.9236107 -6.5846534 2.8573222 2.378404 0.3210097 1003.71 
20150706150920 2.9293058 -12.801797 -2.5917234 3.6826012 -0.441961 0.36835176 1003.71 
20150706150920 -0.28491 -19.608511 -3.34051 2.7934868 -0.48624873 -0.3210097 1003.71 
20150706150920 -7.3047094 -19.608511 -7.6710224 2.3060162 -0.6032294 -0.9071349 1003.71 
20150706150920 -11.509526 -19.29547 -6.5367694 2.7733283 -0.028099801 -1.1859949 1003.71 
20150706150920 -7.960122 -10.243592 13.88637 3.2039883 0.52839845 -0.93737274 1003.46 
20150706150920 -6.3368535 -10.084377 1.0905589 2.5222626 -0.49480084 -0.25381452 1003.46 
20150706150920 -1.1791444 -8.3150625 2.510919 1.9410243 -2.196366 -0.6808093 1003.46 
20150706150920 3.7523127 -7.3005195 -1.8722657 3.3368514 2.0146337 -0.22266038 1003.46 
20150706150920 6.321291 -4.5663414 -4.745308 3.944357 6.5613036 0.33169982 1003.46 
20150706150920 3.6469676 -4.9338512 -3.0621839 4.648379 6.6446867 0.75502944 1003.46 
20150706150920 0.3705027 -2.8191724 -3.9145198 3.4422257 5.68685 0.18906279 1003.46 
20150706150920 -2.509722 -1.8902222 -5.4593782 1.7165314 2.4236078 -0.28130344 1003.46 
20150706150920 -4.635773 -1.7399861 -4.672883 1.4453071 1.6019942 0.061391957 1003.46 
20150706150920 -4.268263 -2.0171149 -4.213795 1.3771957 1.4205672 0.0018325958 1003.9 
20150706150920 -3.4877534 -2.545635 -2.8646624 1.1136073 1.2391402 -0.39003745 1003.9 
20150706150920 -3.1022868 -3.620033 -1.1683705 0.58093286 1.3848315 -0.7480045 1003.9 
20150706150920 -2.682703 -4.8865657 1.5119383 -0.11301007 1.3564262 -0.768163 1003.9 
20150706150920 -4.357447 -9.192537 8.7370405 -0.98746365 0.37018433 -0.87872964 1003.9 
20150706150920 -6.55293 -19.17576 19.608511 -1.9868392 -0.8781188 -1.2260065 1003.9 
20150706150920 -7.413047 -19.608511 19.608511 -3.2995887 -1.1792754 -1.4926492 1003.9 
20150706150920 -3.5901055 -13.75409 4.4125137 -2.0347922 -1.4563028 -0.5039638 1003.9 
20150706150920 -5.0559554 -1.6891093 -0.78290397 1.4355333 -1.4056009 0.2706133 1003.9 
20150706150920 -10.503962 -5.242703 -2.44029 1.8897116 2.5897632 0.43585235 1003.73 
20150706150920 -6.3859344 -9.431957 -7.1927805 1.1658363 2.792876 -0.05009095 1003.73 
20150706150920 0.049679685 -10.31901 -7.81228 -0.55680364 0.3717115 0.34025195 1003.73 
20150706150921 -1.2551602 -7.5788455 2.5396495 -1.3771957 0.14782938 0.6612616 1003.73 
20150706150921 -0.29448682 -8.067263 -2.719813 -0.28527406 -0.42913285 0.6936375 1003.73 
20150706150921 -0.05746084 -9.180567 -8.879496 -0.0720821 -2.9739974 0.50518554 1003.73 
20150706150921 -0.44651863 -9.099762 -9.255385 -0.88361657 -1.1801916 0.39278635 1003.73 
20150706150921 -0.19692309 -9.742605 -7.269395 -1.6954565 0.23945917 -0.0070249503 1003.73 
20150706150921 -1.210269 -11.018715 -5.241506 -2.4107797 -2.03693 -0.20097467 1003.73 
20150706150921 -0.98102415 -14.198215 -2.678513 -3.3799174 -3.6645806 -0.13836098 1003.71 
20150706150921 3.578733 -19.608511 6.282984 -4.0818014 -3.4449747 0.14049901 1003.71 
20150706150921 3.5541923 -9.583989 4.483143 -4.1331143 -3.1358767 0.50488013 1003.71 
20150706150921 2.9311013 -4.344279 2.2337902 -2.543032 -3.3334916 0.49968776 1003.71 
20150706150921 1.6112977 -5.3276973 -2.3385365 -1.5054774 -4.0069704 0.06688975 1003.71 
20150706150921 -0.1316811 -7.1155677 -1.151611 -1.6673567 -2.4120014 -0.17256944 1003.71 
20150706150921 -1.2946646 -8.495825 0.88765025 -1.5610662 0.38453966 -0.37293324 1003.71 
20150706150921 -1.2060791 -10.258555 1.988983 -1.5583172 1.4840971 -0.43982297 1003.71 
20150706150921 -0.11851298 -10.931327 2.2679076 -1.3497068 1.1221595 -0.42180246 1003.71 
20150706150921 0.82360536 -11.222222 1.8579005 -0.9272934 0.045814894 -0.1151481 1003.62 
20150706150921 0.9636662 -10.531495 -0.40462008 -0.6151413 -0.9257663 0.1133155 1003.62 
20150706150921 1.1306617 -8.446744 -1.1534066 -0.75136423 -1.3539828 0.06169739 1003.62 
20150706150921 -0.40641573 -9.572019 -3.1771057 -0.83260936 -0.752586 0.16462818 1003.62 
20150706150921 -2.949058 -12.541427 -3.6032736 -0.44715336 -0.31337386 0.11759156 1003.62 
20150706150921 -4.44723 -14.708179 3.8660371 -0.29535335 -0.39950588 -0.12858713 1003.62 
20150706150921 -2.3475149 -15.676634 7.1766195 -1.0519099 -0.88453287 -0.23457226 1003.62 
20150706150921 2.2038627 -16.151884 3.8259344 -1.3515394 -1.2030991 -0.21197024 1003.62 
20150706150921 4.3400893 -14.884153 1.2252327 0.06291912 0.18417588 0.27580565 1003.62 
20150706150921 2.5169046 -13.133992 4.633379 1.5732834 1.7825048 0.7901542 1003.69 
20150706150921 1.3144168 -12.425907 0.1604115 1.606881 2.484389 0.19028452 1003.69 
20150706150921 1.7914615 -9.197326 -5.216367 2.4303274 1.5971072 -0.09254608 1003.69 
20150706150921 -1.0372878 -10.637438 -5.6323595 3.3053918 0.027488936 -0.01282817 1003.69 
20150706150921 -4.4981065 -17.492636 -5.820903 2.9999592 0.045814894 -0.44929138 1003.69 
20150706150921 -12.782643 -19.608511 -3.1759086 2.5030203 0.24740042 -0.8527679 1003.69 
20150706150921 -12.933477 -18.013973 7.132327 2.6074784 -0.17745635 -1.3075571 1003.69 
20150706150921 -9.621099 -12.120646 -0.557849 2.9290988 -1.5091426 -0.8127562 1003.69 
20150706150921 -3.9917328 -7.888296 0.47285482 3.7436876 -2.2321017 0.082161374 1003.69 
20150706150921 1.7531542 -8.607155 5.3516393 3.8570032 0.64812803 -0.012217305 1003.68 
20150706150921 8.019379 -9.054273 -3.606865 3.0268373 3.7143662 0.54367006 1003.68 
20150706150921 5.5419784 -6.839636 -3.12982 3.8869355 5.1984634 0.61269784 1003.68 
20150706150921 1.8674773 -5.597045 -1.1402385 4.1413608 6.471201 0.29077184 1003.68 
20150706150921 -0.34476504 -2.2319946 -5.2941785 2.1881194 3.3267722 -0.27397305 1003.68 
20150706150921 -2.3774424 -0.81642276 -5.04578 1.488984 0.20677789 -0.24129178 1003.68 
20150706150921 -3.6631286 -0.56682724 -3.982156 1.6264287 1.287704 0.11728613 1003.68 
20150706150921 -2.995745 -1.2306197 -3.132813 1.496009 1.5467108 -0.17165314 1003.68 
20150706150921 -2.156577 -2.765303 -2.1853075 1.0198395 1.035722 -0.5354234 1003.68 
20150706150921 -2.4013844 -4.419098 -0.59855044 0.39553526 1.3185526 -0.88056225 1003.74 
20150706150921 -2.9813797 -6.247669 2.5983074 -0.12644911 1.2953397 -1.0082331 1003.74 
20150706150921 -6.530185 -12.17272 11.379641 -0.9611965 0.8414669 -1.2773192 1003.74 
20150706150921 -8.000824 -19.608511 19.608511 -2.1077905 -0.028099801 -1.6303993 1003.74 
20150706150921 -6.9198413 -19.608511 18.01158 -2.543643 -0.39064834 -1.3112222 1003.74 
20150706150921 -2.2930467 -8.966286 1.4167689 -0.073303826 -1.4446963 -0.2507602 1003.74 
20150706150921 -7.547721 -0.80086046 -2.3427265 1.7925841 -0.63591075 0.39492437 1003.74 
20150706150921 -13.086706 -6.3739634 -5.3324857 1.7290541 2.6563475 0.344528 1003.74 
20150706150922 -9.066842 -10.988189 -14.263456 0.7086037 2.5421157 -0.20158553 1003.74 
20150706150922 -3.2034419 -12.157756 -6.647501 -1.0656544 0.19853121 0.45081854 1003.81 
20150706150922 0.16280572 -11.951257 16.944365 -1.9156734 -0.2947425 0.818254 1003.81 
20150706150922 1.9015948 -10.070012 -6.5164185 -1.3249667 -2.488054 0.81214535 1003.81 
20150706150922 0.99538934 -6.667253 -11.235989 0.07269296 -3.4504724 0.7254025 1003.81 
20150706150922 0.7272388 -6.895301 -9.324817 -0.6264423 -1.4648548 0.5867361 1003.81 
20150706150922 -0.05925649 -8.57184 -6.6708446 -1.9779817 -0.3200934 -0.27580565 1003.81 
20150706150922 -0.7110779 -12.051813 -6.127361 -2.7256808 -3.3735032 -0.49510628 1003.81 
20150706150922 6.2871737 -13.629592 5.8783636 -3.501785 -4.0576725 -0.3210097 1003.81 
20150706150922 3.5416229 -19.608511 1.01574 -4.363105 -3.5085046 0.26450464 1003.81 
20150706150922 1.6424223 -9.999383 -0.8415619 -3.7861428 -2.930015 0.22540927 1003.57 
20150706150922 0.6374562 -3.6984432 0.7236475 -2.8496864 -4.265672 0.05222898 1003.57 
20150706150922 -1.0672154 -6.528988 1.3682863 -1.5876387 -4.6663995 -0.08246681 1003.57 
20150706150922 -1.5735891 -7.951742 -0.090979666 -1.3399329 -3.3368514 -0.12644911 1003.57 
20150706150922 -0.7098808 -7.9170265 -0.51834464 -2.0186043 -2.4254405 -0.355829 1003.57 
20150706150922 -1.690905 -9.71986 2.9963434 -1.72264 0.12797627 -0.28405234 1003.57 
20150706150922 -0.7368156 -10.03769 4.204817 -0.8741482 0.99082345 -0.24404067 1003.57 
20150706150922 0.84575176 -10.82658 0.40222588 -0.7257079 0.4465425 -0.083383106 1003.57 
20150706150922 1.3814543 -9.524733 -1.804031 -1.0125091 0.44990227 0.31429017 1003.57 
20150706150922 0.789488 -10.111911 -2.7299886 -0.5158757 0.7632761 0.5687156 1003.67 
20150706150922 0.9187749 -11.74715 -2.202067 -0.005192355 -0.01985312 0.5522222 1003.67 
20150706150922 0.93732995 -12.993333 -0.724246 -0.1572978 -0.70066243 0.57360244 1003.67 
20150706150922 -0.046686932 -13.776835 0.3465607 -0.68416905 -1.4147639 0.48349985 1003.67 
20150706150922 0.1945289 -13.931261 2.2888567 -0.78954333 -1.7033978 0.16279559 1003.67 
20150706150922 -1.4221559 -13.454216 5.5401826 -0.6389651 -1.6074919 -0.0693332 1003.67 
20150706150922 -2.3798366 -13.482348 6.3422403 -0.17715092 -0.9098838 0.056199603 1003.67 
20150706150922 -1.5352819 -13.120824 4.298789 0.1863139 0.23854288 -0.053450707 1003.67 
20150706150922 -0.50876784 -11.952454 1.620276 1.7125608 1.9694295 0.13164146 1003.67 
20150706150922 2.4145525 -9.675568 -5.143344 2.8554895 1.4834863 0.21746802 1003.75 
20150706150922 1.7417817 -10.901998 -2.6491842 3.4324517 -0.02321288 0.25045475 1003.75 
20150706150922 -0.05865794 -16.418238 -2.0350714 2.6551259 -0.75594574 -0.2284636 1003.75 
20150706150922 -5.662287 -19.608511 -7.028179 2.3426683 -0.38912117 -0.6469063 1003.75 
20150706150922 -10.833763 -19.608511 -8.052299 3.2415564 -0.14905111 -0.9645562 1003.75 
20150706150922 -7.2502413 -12.576741 8.1079645 3.6664133 0.17287487 -0.86590147 1003.75 
20150706150922 -3.763685 -11.106103 6.302736 2.7339275 -0.6985244 -0.028405234 1003.75 
20150706150922 1.4640543 -10.598533 2.5246856 1.756543 -1.8832976 -0.17654006 1003.75 
20150706150922 7.892486 -6.6893997 -3.7726634 3.7953057 1.9798143 -0.06414085 1003.75 
20150706150922 3.788824 -4.609437 -3.8911762 5.0924783 6.9708886 0.6469063 1003.71 
20150706150922 1.4311341 -4.8338933 -2.7257986 4.992296 6.9327097 0.4370741 1003.71 
20150706150922 0.8050503 -3.1471782 -5.4982843 2.726597 4.6547933 -0.31795537 1003.71 
20150706150922 -2.0685902 -2.9496565 -5.1810527 1.5925257 2.0286834 -0.16615535 1003.71 
20150706150922 -4.646547 -2.0721815 -4.267066 1.6551393 2.513405 0.04734206 1003.71 
20150706150922 -5.825691 -2.2272062 -3.549404 1.4706581 1.7751744 -0.2648101 1003.71 
20150706150922 -4.7135844 -2.8149827 -2.4702177 0.99265605 1.1102476 -0.67103547 1003.71 
20150706150922 -4.1359835 -3.6685154 -1.1791444 0.3155119 1.2257011 -1.0537425 1003.71 
20150706150922 -3.3369186 -4.8745947 1.42455 -0.3155119 1.1786644 -1.0641272 1003.71 
20150706150922 -3.667917 -8.8567505 6.2883706 -1.1160508 0.31215215 -1.187522 1003.79 
20150706150922 -5.4743423 -17.898453 19.376274 -2.185065 -0.58001655 -1.5396858 1003.79 
20150706150922 -4.408922 -19.608511 19.608511 -2.7296515 -0.8200866 -1.6233743 1003.79 
20150706150922 -1.882441 -16.184803 6.2871737 -1.8344283 -1.112691 -0.82833326 1003.79 
20150706150923 -4.7285485 -3.2064347 -2.7114334 1.4056009 -1.5457945 0.3866777 1003.79 
20150706150923 -13.333908 -6.6469026 -0.84694886 1.7782288 2.4614816 0.65240407 1003.79 
20150706150923 -9.998785 -9.442732 -8.773552 0.643852 3.3793066 -0.115453534 1003.79 
20150706150923 -2.8892028 -10.596138 -8.678383 -0.2843578 -0.2489276 0.31123585 1003.79 
20150706150923 -1.1306617 -8.544308 -0.11492168 -1.1270463 -0.23060162 0.7837401 1003.79 
20150706150923 1.8477252 -8.254609 0.8583213 -0.68783426 -0.3643811 0.8417723 1003.66 
20150706150923 1.2437878 -8.4347725 -6.3224883 -0.13683382 -2.443461 0.72692966 1003.66 
20150706150923 0.2777274 -9.300875 -9.640253 -0.9868528 -1.2400564 0.38240165 1003.66 
20150706150923 -0.51475334 -9.142858 -7.6345105 -1.3640621 -0.05375614 -0.0842994 1003.66 
20150706150923 -1.3150153 -10.120291 -5.5826797 -2.2116377 -1.6514742 -0.3286455 1003.66 
20150706150923 0.5626374 -12.77965 3.084929 -3.0219505 -3.5072827 -0.3036 1003.66 
20150706150923 2.0338743 -19.209278 3.558981 -3.658472 -3.8044686 -0.09621128 1003.66 
20150706150923 1.1869255 -11.9853735 1.6609775 -3.424205 -3.6361754 0.055588737 1003.66 
20150706150923 1.103727 -4.894945 -0.025139118 -2.912911 -4.149302 -0.10415252 1003.66 
20150706150923 1.1994951 -6.1357403 -1.5125369 -2.032654 -4.3438625 -0.24007004 1003.64 
20150706150923 -0.20171149 -8.08462 0.64703304 -1.5134187 -2.7546968 0.027183503 1003.64 
20150706150923 -0.7727286 -9.86471 1.9572599 -1.0690142 -1.1704178 -0.09254608 1003.64 
20150706150923 -0.12749124 -10.559028 0.2813187 -1.1710287 -0.24037547 -0.15118915 1003.64 
20150706150923 0.8038532 -10.547057 0.99658644 -1.3426818 1.0351112 -0.10781772 1003.64 
20150706150923 1.1899183 -9.595362 0.90620536 -1.1206323 1.5628988 0.03940081 1003.64 
20150706150923 1.0833763 -8.739435 0.19991584 -0.67256266 0.5849035 0.086132 1003.64 
20150706150923 0.59974754 -8.715493 -1.0564415 -0.52442783 -0.5006041 0.09468412 1003.64 
20150706150923 -0.24241292 -9.209297 -2.5821466 -0.7162395 -0.8042041 0.13500121 1003.64 
20150706150923 -0.9068039 -11.372458 -1.9674352 -0.77946407 -0.54153204 0.23060162 1003.72 
20150706150923 -2.8562827 -13.609839 3.245939 -0.84665924 -0.47952923 0.2312125 1003.72 
20150706150923 -2.795829 -13.755287 3.532046 -1.1267409 -0.98563105 0.016493361 1003.72 
20150706150923 0.31783026 -14.235924 1.3958195 -1.1187997 -1.5118915 -0.15974127 1003.72 
20150706150923 2.7659016 -14.662091 0.4249708 0.25228736 -0.16401732 0.5128214 1003.72 
20150706150923 1.9255368 -15.019425 1.2653356 1.073901 0.6960809 0.8371908 1003.72 
20150706150923 0.27353755 -14.461576 5.0918684 0.9016371 1.1322387 0.43554693 1003.72 
20150706150923 -0.095768064 -11.858481 1.5269021 1.2174544 1.9975294 -0.12950343 1003.72 
20150706150923 0.705691 -8.185776 -4.865018 2.3790147 1.1233811 -0.18936823 1003.72 
20150706150923 -1.4449008 -9.117719 -5.112818 3.2559118 0.1282817 -0.31581733 1003.75 
20150706150923 -3.5260606 -13.640366 -4.9559975 2.888171 -0.09468412 -0.4908302 1003.75 
20150706150923 -10.198102 -19.03091 -4.244321 2.1835377 0.02565634 -0.7275405 1003.75 
20150706150923 -13.2513075 -19.230228 9.507375 2.2989914 -0.5311473 -1.2586879 1003.75 
20150706150923 -8.398261 -11.591528 -3.7499185 2.7574458 -1.8249599 -1.0592403 1003.75 
20150706150923 -3.1256304 -8.494628 2.7748797 3.4636059 -3.2131512 0.15607607 1003.75 
20150706150923 1.7184383 -10.018537 3.0262709 3.0057623 0.9077458 0.3903429 1003.75 
20150706150923 8.237251 -10.461464 -3.2788591 2.953228 4.3117924 0.87995136 1003.75 
20150706150923 4.763264 -8.953117 -2.5073278 4.113261 4.8844786 1.2336423 1003.75 
20150706150923 0.47524905 -7.920019 -0.2825158 3.7299433 5.5762835 0.7538077 1003.82 
20150706150923 -1.2366052 -5.494693 -3.5404258 1.9941696 2.5967882 -0.0720821 1003.82 
20150706150923 -2.3708582 -2.7353754 -5.5982423 1.3319917 0.2434298 -0.29565877 1003.82 
20150706150923 -3.6367924 -1.9249382 -3.6248214 1.6578883 1.2968669 -0.18142697 1003.82 
20150706150923 -3.4320881 -1.4251486 -2.8550856 1.6835446 2.6224444 -0.24587326 1003.82 
20150706150923 -2.5025394 -2.1362264 -1.8237832 0.9260717 1.6267341 -0.49266282 1003.82 
20150706150923 -1.4065934 -3.1848867 -1.0444705 0.24923302 1.1239921 -0.7846564 1003.82 
20150706150923 -1.4766239 -4.3382936 -0.14604631 -0.10323623 0.9645562 -0.88697636 1003.82 
20150706150923 -2.996942 -5.9926867 2.7024553 -0.6844745 0.8228355 -1.0778717 1003.82 
20150706150924 -5.1463366 -12.323555 9.3499565 -1.536326 0.61575216 -1.4947872 1003.73 
20150706150924 -7.3507977 -19.608511 19.608511 -2.6603181 0.24037547 -1.7950275 1003.73 
20150706150924 -6.5361705 -19.608511 17.985243 -2.9642236 -0.21105394 -1.3808609 1003.73 
20150706150924 -2.5540147 -10.191518 0.30226797 -0.9334021 -1.1414018 -0.61911196 1003.73 
20150706150924 -8.978256 -3.6792896 -0.3345897 2.4339926 -0.68752885 0.3753767 1003.73 
20150706150924 -9.258378 -3.3028011 -7.8847046 2.1783454 3.1102204 0.14355333 1003.73 
20150706150924 -5.3085437 -10.049063 -12.206239 1.1374311 1.956296 -0.36254853 1003.73 
20150706150924 -2.710835 -11.146805 -5.2594624 -0.7846564 1.280679 0.34116822 1003.73 
20150706150924 -1.8962077 -10.738593 9.349358 -1.0998629 0.37598756 0.72234815 1003.73 
20150706150924 1.5580268 -7.007828 -5.952584 0.04062254 -1.8674151 0.7855727 1003.62 
20150706150924 1.4921862 -7.638102 -12.180501 -0.055588737 -2.6810875 0.79137594 1003.62 
20150706150924 -0.34715924 -8.884284 -8.147469 -0.98807454 0.076052725 0.38759398 1003.62 
20150706150924 -0.878672 -10.907384 -6.3578024 -1.8585575 -0.07788532 -0.21533 1003.62 
20150706150924 0.0724246 -13.010691 -1.5819688 -2.2348504 -3.2727106 -0.258396 1003.62 
20150706150924 2.3331497 -18.171991 4.3089647 -3.058297 -4.234518 -0.22418754 1003.62 
20150706150924 1.785476 -14.292786 2.6779146 -3.7922513 -3.9468002 -0.34025195 1003.62 
20150706150924 0.85772276 -7.510012 0.92895025 -3.114191 -3.5488217 -0.45875978 1003.62 
20150706150924 0.45130703 -7.1754227 -0.8750807 -2.0167716 -4.7213774 -0.2519819 1003.62 
20150706150924 -0.48362875 -7.9092455 -1.489792 -1.5793921 -4.4156394 0.037873644 1003.66 
20150706150924 -0.6961141 -8.58022 0.7793127 -1.071763 -3.061351 -0.028710667 1003.66 
20150706150924 -0.6775591 -10.05864 0.7152678 -0.65484756 -1.5402967 -0.026572637 1003.66 
20150706150924 -0.046686932 -9.940127 0.9032126 -1.0164797 -0.840856 -0.058948494 1003.66 
20150706150924 -0.15861586 -10.17416 0.83018947 -1.171945 0.58246 0.055283304 1003.66 
20150706150924 0.3854665 -9.809045 -0.2220622 -0.8744536 1.5430456 0.12736541 1003.66 
20150706150924 0.6631939 -9.045294 -1.0630256 -0.45875978 1.3222178 0.14477506 1003.66 
20150706150924 0.5231331 -8.794501 -1.5885528 -0.29626966 0.4978552 0.1572978 1003.66 
20150706150924 0.14963761 -8.985439 -1.9566613 -0.33322698 -0.24220806 0.21533 1003.66 
20150706150924 -0.47764325 -10.155605 -2.134431 -0.5381723 -0.6392705 0.29749137 1003.64 
20150706150924 -0.22445641 -11.346122 -0.7218518 -0.8081747 -0.9306532 0.28191432 1003.64 
20150706150924 -0.7613561 -11.303625 3.5936968 -1.1863003 -1.1313224 0.3042109 1003.64 
20150706150924 -2.5623944 -11.665748 3.435081 -1.2394456 -1.3857478 0.24678956 1003.64 
20150706150924 -1.0187328 -11.947066 0.42437226 -0.990518 -1.3545936 -0.08155051 1003.64 
20150706150924 0.9564836 -12.52766 1.5376761 -0.040011674 0.22357668 0.20525073 1003.64 
20150706150924 2.2541409 -14.390349 1.1468226 0.8970556 1.3289373 0.59864795 1003.64 
20150706150924 1.8555063 -14.087482 3.5392287 1.1053606 0.7724391 0.5137377 1003.64 
20150706150924 0.2160767 -13.651738 2.9885623 1.0754282 0.874759 0.10598512 1003.64 
20150706150924 -0.17178397 -11.073781 -3.1723173 1.8527542 1.2211196 -0.18081611 1003.71 
20150706150924 -1.4975731 -8.757391 -6.1716533 3.0741794 1.0564915 -0.12492194 1003.71 
20150706150924 -2.9239187 -10.796653 -5.631761 3.2314773 0.766025 -0.23365596 1003.71 
20150706150924 -7.9008656 -16.33504 2.89459 2.4492643 0.12308934 -0.3735441 1003.71 
20150706150924 -12.747329 -19.523518 1.7483658 1.851838 -1.1459832 -0.7370089 1003.71 
20150706150924 -8.224083 -13.227964 -2.6635494 2.6343563 -2.6548204 -1.1630874 1003.71 
20150706150924 -2.942474 -9.317635 1.977012 3.1780264 -2.5940392 0.034513887 1003.71 
20150706150924 0.27712885 -9.920375 0.8074445 2.1841488 -0.34605515 0.59681535 1003.71 
20150706150924 4.8374844 -9.564836 -1.2587515 2.01555 2.2605069 0.75716746 1003.71 
20150706150924 6.4068837 -9.887454 -2.9137435 3.1435125 4.381431 1.1337659 1003.72 
20150706150924 1.5987282 -9.329007 0.15502456 3.6774087 4.9018884 0.9239337 1003.72 
20150706150924 -1.8962077 -7.0622964 -0.62129533 2.791654 3.225674 0.13958271 1003.72 
20150706150924 -2.8748376 -6.075287 -1.0139444 1.9043725 0.50823987 -0.12889257 1003.72 
20150706150924 -2.908955 -4.450821 -3.0597897 1.5696182 0.45875978 -0.21899518 1003.72 
20150706150925 -3.0945058 -3.9043443 -3.0148985 1.6081028 1.6853772 -0.5830709 1003.72 
20150706150925 -3.4793737 -4.367024 -2.9604304 1.5283848 2.6148088 -0.4841107 1003.72 
20150706150925 -3.7642837 -5.037999 -1.4323312 0.8912524 2.422997 -0.5112942 1003.72 
20150706150925 -3.064578 -5.2439003 0.2088941 0.40225476 1.6453656 -0.57971114 1003.72 
