20150706152208 10.721834 -5.405509 -0.6769605 0.38808534 0.5170178 0.17480041 1003.42 
20150706152208 13.707403 0.12150574 -0.6805518 0.87341774 0.3908741 0.088668406 1003.42 
20150706152208 15.216349 4.0001125 1.3443443 1.1431148 0.049705833 -0.0209819 1003.42 
20150706152208 15.881937 3.9953241 1.4694413 0.99956137 -0.48021978 -0.33405036 1003.42 
20150706152208 15.71135 3.0550013 -0.14963761 0.78789663 -0.5816234 -0.6474242 1003.36 
20150706152208 14.450204 3.17531 -3.4392707 0.6360966 -0.22090746 -0.6630013 1003.36 
20150706152208 10.723629 3.846285 -5.7257333 0.5930306 0.1196499 -0.56556827 1003.36 
20150706152208 7.6267295 3.0520086 -4.9781437 0.44214693 0.013970219 -0.5160882 1003.36 
20150706152208 7.145495 0.89902276 -4.213795 0.09822976 -0.20380324 -0.41529542 1003.36 
20150706152208 9.42238 -1.3940239 -4.262876 -0.07403424 -0.411192 -0.285792 1003.36 
20150706152208 13.126809 -1.2808979 -3.8953662 -0.17146724 -0.38034332 -0.23386844 1003.36 
20150706152208 13.9677725 0.4165911 -3.098097 -0.3941276 -0.13844067 -0.23753363 1003.36 
20150706152208 12.770073 0.4369418 -2.858677 -0.65160733 -0.06758029 -0.394526 1003.36 
20150706152208 10.177153 -0.50397944 -2.8167782 -0.77866733 -0.1537123 -0.19568937 1003.32 
20150706152208 7.4842744 -0.89543146 -2.670732 -0.7841651 -0.0055774674 0.17724387 1003.32 
20150706152208 4.015076 -0.50996494 -1.851915 -0.8654102 0.18012558 0.57766604 1003.32 
20150706152208 2.806603 0.43035775 -1.0648212 -0.99705166 0.43180203 0.727328 1003.32 
20150706152208 3.0585926 0.81761986 -0.30047232 -1.0694392 0.3759079 0.7480974 1003.32 
20150706152208 6.9982514 -1.5993267 0.51714754 -1.101815 0.24976419 0.6598274 1003.32 
20150706152208 8.913014 -2.8562827 0.17238252 -1.1222789 -0.041007653 0.6021006 1003.32 
20150706152208 9.73662 -3.1597476 -0.053869538 -1.0074363 -0.4582286 0.4557984 1003.32 
20150706152208 9.766547 -3.2836475 -0.015562311 -0.863883 -0.6906628 0.27956378 1003.32 
20150706152208 9.103952 -3.1358056 0.5919664 -0.61984235 -0.6234676 0.07736741 1003.32 
20150706152208 8.505402 -2.9161377 1.1522095 -0.3235727 -0.30123624 -0.12605073 1003.32 
20150706152208 9.26197 -2.6360161 1.2186487 -0.03127367 0.039321125 -0.31053203 1003.32 
20150706152208 10.757747 -1.6382325 0.7326257 0.17244989 0.341394 -0.3722294 1003.32 
20150706152208 12.016499 1.2599486 0.34955344 0.38930705 0.41927934 -0.265328 1003.32 
20150706152208 11.835736 3.079542 -5.985504E-4 0.32547164 0.35422218 -0.09550746 1003.32 
20150706152208 11.901577 3.0490158 0.22325931 0.117472015 0.3563602 -0.07779237 1003.32 
20150706152208 13.499706 -1.7681179 2.5851393 -0.1580282 0.4507389 -0.0903151 1003.32 
20150706152208 14.25807 -3.4021606 2.5127146 -0.5034725 0.39820445 0.13998109 1003.32 
20150706152208 14.741698 -2.9670146 -0.59855044 -0.5706677 0.002058342 0.4640451 1003.3 
20150706152208 12.54861 -3.843891 -2.581548 -0.6060979 0.023133196 0.48389822 1003.3 
20150706152208 9.106945 -4.221576 -5.137358 -0.46132278 0.1636322 0.57583344 1003.3 
20150706152208 7.1263413 -3.3375173 -4.6519337 0.34043783 -0.21266079 0.77375376 1003.3 
20150706152208 8.938153 -1.2138603 -4.8536453 0.5655417 -0.45364714 0.68304026 1003.3 
20150706152208 14.405911 1.6358383 -5.199009 0.43023506 -0.24534208 0.27620405 1003.3 
20150706152208 17.192762 3.091513 -2.40318 0.29950988 -0.18639359 0.17541127 1003.3 
20150706152208 14.902708 1.1546037 -2.1158757 -0.08380808 -0.24870184 -0.00204508 1003.3 
20150706152208 10.289082 -0.3393781 -1.6490064 -0.17482701 -0.19433483 -0.2195131 1003.3 
20150706152208 4.247314 -0.94690675 -2.4396915 -0.23621896 0.24579357 -0.59824955 1003.34 
20150706152208 2.0733786 -2.9239187 -0.17597382 -0.19620728 0.4623453 -0.8520641 1003.34 
20150706152208 5.8238955 -1.7848774 0.3657143 -0.1009123 0.39423382 -0.9815675 1003.34 
20150706152208 4.386776 -1.1228806 -0.676362 0.012403198 -0.0028285757 -0.9681285 1003.34 
20150706152208 3.915717 0.05626374 -0.89543146 0.26285794 -0.4432624 -0.54266083 1003.34 
20150706152208 5.6269727 1.75076 -1.0348936 0.4335948 -0.3898117 -0.7024021 1003.34 
20150706152208 7.216124 3.3674448 -1.1647792 0.33249658 -0.39928013 -0.6122995 1003.34 
20150706152209 9.2787285 4.14975 -0.1364695 0.27935132 -0.4298234 -0.39696944 1003.34 
20150706152209 9.980828 3.7511156 0.29209262 0.09395371 -0.48480123 -0.11505515 1003.34 
20150706152209 9.611523 2.72939 0.48961425 -0.08838957 -0.42218757 0.15311469 1003.33 
20150706152209 10.324995 1.1575965 1.5107412 -0.2908914 -0.17020565 0.26245958 1003.33 
20150706152209 11.003751 -1.3383588 0.9876082 -0.5199659 0.017024547 0.3030821 1003.33 
20150706152209 12.068572 -5.023035 -0.31304187 -0.41031554 0.04451348 0.21236862 1003.33 
20150706152209 15.735292 -2.678513 0.6584055 -0.19406925 0.08971751 0.04590784 1003.33 
20150706152209 16.317083 1.6938977 2.4169466 0.08509616 0.036877662 0.007728763 1003.33 
20150706152209 14.449007 2.267309 1.2731167 0.17153361 -0.34063703 -0.29923102 1003.33 
20150706152209 13.441049 1.4047978 -0.13467385 0.3996918 -0.31620246 -0.6144375 1003.33 
20150706152209 13.367427 2.9640217 -5.029619 0.4717739 0.0051126704 -0.6071071 1003.33 
20150706152209 10.304046 4.7363296 -6.0651116 0.5838676 0.020384304 -0.4275127 1003.29 
20150706152209 6.779182 2.7252002 -6.1100025 0.31417063 -0.15462859 -0.48035258 1003.29 
20150706152209 7.961918 0.7020996 -3.276465 -0.030357368 -0.45059282 -0.41621172 1003.29 
20150706152209 11.544841 -1.887828 -2.8473043 -0.25729382 -0.1613481 -0.15323423 1003.29 
20150706152209 14.096461 -3.9977183 -2.3397336 -0.43444473 0.087579474 -0.10925193 1003.29 
20150706152209 14.652514 -2.2930467 -2.1948843 -0.40603948 0.3358962 -0.3047288 1003.29 
20150706152209 12.343307 -1.0815806 -2.2948422 -0.33578998 -0.006188333 -0.31480807 1003.29 
20150706152209 8.578424 -0.7673417 -2.3139958 -0.12687407 -0.14210585 -0.1071139 1003.29 
20150706152209 6.1782374 -0.38845924 -1.8369513 0.015152089 -0.007715501 0.33240366 1003.29 
20150706152209 4.449624 0.91338795 -1.2360066 -0.030357368 0.26259238 0.6778479 1003.35 
20150706152209 3.0184898 1.7202339 -1.1001357 -0.21331151 0.4281369 0.7804733 1003.35 
20150706152209 2.7473464 2.207454 -1.0175357 -0.49186605 0.47639525 0.71480525 1003.35 
20150706152209 4.8979383 0.7272388 -0.38606504 -0.6626029 0.2888596 0.5538423 1003.35 
20150706152209 6.589442 -1.5041572 -0.37828386 -0.81470835 -0.06422053 0.49214488 1003.35 
20150706152209 8.319851 -3.5817258 0.13946225 -0.82020617 -0.38584107 0.38035655 1003.35 
20150706152209 9.691729 -4.7494974 0.5883751 -0.6317542 -0.57826364 0.21939357 1003.35 
20150706152209 10.308235 -3.9953241 1.5011644 -0.42467088 -0.45761776 0.06698269 1003.35 
20150706152209 10.609306 -2.8095956 1.8716671 -0.32662702 -0.22182377 -0.10650304 1003.35 
20150706152209 10.266935 -1.584363 2.135628 -0.12381975 -0.02756862 -0.31267005 1003.42 
20150706152209 11.360487 1.323395 0.6619968 0.032561757 0.32978755 -0.37436748 1003.42 
20150706152209 12.673108 2.8383262 0.9588778 0.040503003 0.5585566 -0.18988615 1003.42 
20150706152209 13.682862 0.20709845 2.9017725 -0.12381975 0.56130546 -0.069545686 1003.42 
20150706152209 14.2143755 -3.0969 2.9951463 -0.33151394 0.28000206 0.09660965 1003.42 
20150706152209 15.025412 -3.316568 1.1013328 -0.4436077 -0.05566842 0.4105944 1003.42 
20150706152209 13.65892 -4.5238442 -1.9315223 -0.3996254 -0.04955977 0.63233846 1003.42 
20150706152209 11.53706 -4.3287168 -4.9135003 -0.45032722 0.061923146 0.7123618 1003.42 
20150706152209 8.618527 -3.6762967 -5.2145715 0.09792433 -0.10850826 0.9316624 1003.42 
20150706152209 8.854357 -2.7593174 -4.19943 0.5637091 -0.48785555 0.8742411 1003.41 
20150706152209 14.545374 0.39145198 -5.6419363 0.42015573 -0.18608814 0.5495662 1003.41 
20150706152209 17.507002 2.7311857 -2.6821043 0.3914451 -0.058417313 0.3910467 1003.41 
20150706152209 14.929644 2.1709423 -2.7551277 -0.023943283 -0.27191472 0.27131712 1003.41 
20150706152209 8.996213 1.1869255 -1.9243397 0.0264531 -0.17448172 -0.004183106 1003.41 
20150706152209 6.0118403 -0.46806642 -1.4197617 -0.034633428 0.033517905 -0.43789744 1003.41 
20150706152209 2.4522612 -0.9151836 -2.0769699 -0.1916258 0.13186722 -0.7836472 1003.41 
20150706152209 1.5131354 -3.651756 0.04189853 -0.12840123 0.09093924 -0.9580492 1003.41 
20150706152209 4.6483426 -4.087501 1.6430209 -0.03005194 -0.069718316 -1.0231063 1003.41 
20150706152209 4.9308586 -1.5490485 -0.7469909 0.22406802 -0.41424632 -0.7839526 1003.38 
20150706152209 4.575918 0.9008184 -1.4323312 0.6687779 -0.6595087 -0.58328336 1003.38 
20150706152209 5.6138043 3.4009635 -0.8122329 0.73322415 -0.683027 -0.5725932 1003.38 
20150706152209 8.847773 4.993706 0.5069722 0.5814242 -0.5049598 -0.4815743 1003.38 
20150706152210 10.354323 4.9907136 0.37588966 0.3896125 -0.3436914 -0.24455859 1003.38 
20150706152210 9.712678 3.3225534 0.3609259 0.21887565 -0.21999118 0.07156418 1003.38 
20150706152210 10.338163 1.1905168 1.6136919 0.04111386 -0.0037448704 0.2270294 1003.38 
20150706152210 11.36767 -1.4293385 2.0350714 -0.34648013 0.13797586 0.264903 1003.38 
20150706152210 12.343307 -5.1780596 -0.31004912 -0.43505558 0.23143823 0.17449498 1003.38 
20150706152210 15.571289 -3.4703953 0.54168814 -0.15130869 0.04390262 -0.021592766 1003.43 
20150706152210 17.326239 1.0636241 2.2080526 -0.08411351 -0.13752437 -0.08390102 1003.43 
20150706152210 15.816695 1.6843209 0.94690675 -0.04196381 -0.5327542 -0.35481977 1003.43 
20150706152210 12.927492 2.0859482 -0.7691373 0.2295658 -0.7141811 -0.555489 1003.43 
20150706152210 11.837532 3.6529531 -5.8903346 0.31417063 -0.17845234 -0.65536547 1003.43 
20150706152210 9.176975 4.489128 -7.472902 0.5120909 0.09368813 -0.4809634 1003.43 
20150706152210 6.541558 3.0609868 -6.213552 0.28729257 0.047873244 -0.43698114 1003.43 
20150706152210 8.971074 0.9487024 -3.405752 -0.18063022 -0.3595739 -0.47638196 1003.43 
20150706152210 12.978968 -1.6280571 -3.1603463 -0.42283827 -0.29879278 -0.25647044 1003.43 
20150706152210 15.101427 -3.3985693 -2.7641058 -0.5395136 -0.117671244 -0.114444286 1003.42 
20150706152210 14.502877 -1.821389 -2.5031378 -0.4912552 0.21525033 -0.22867608 1003.42 
20150706152210 10.244789 -0.65780693 -2.0548236 -0.36999843 -0.057501018 -0.078403234 1003.42 
20150706152210 7.644686 -0.61411273 -2.0458453 -0.26156986 -6.905496E-4 0.12990181 1003.42 
20150706152210 5.8322754 -0.2765303 -1.5280992 -0.17971392 0.107432604 0.48420364 1003.42 
20150706152210 4.168904 0.78529817 -1.4000094 -0.2169767 0.30840725 0.7438214 1003.42 
20150706152210 2.296638 1.3850456 -1.6190789 -0.3770234 0.38537627 0.7645908 1003.42 
20150706152210 2.1320367 1.5574282 -0.760159 -0.5923534 0.39453924 0.639058 1003.42 
20150706152210 4.7758336 -0.1376666 -0.19991584 -0.7841651 0.27847487 0.48511994 1003.42 
20150706152210 6.2650275 -1.9422961 0.22385786 -0.94054663 -0.062387936 0.410289 1003.3 
20150706152210 8.263587 -3.2866404 1.204882 -0.92313695 -0.39928013 0.3039984 1003.3 
20150706152210 9.626487 -4.1335893 0.777517 -0.7374339 -0.5174825 0.023305826 1003.3 
20150706152210 10.423157 -3.1639376 1.1737574 -0.5196604 -0.499462 -0.18133402 1003.3 
20150706152210 11.277887 -2.56419 0.96546185 -0.44299683 -0.25175616 -0.29067892 1003.3 
20150706152210 12.631808 -0.6817489 1.1444284 -0.29822177 -0.095680095 -0.34932196 1003.3 
20150706152210 13.802573 2.4073699 1.2306197 -0.12351432 0.2253296 -0.18744269 1003.3 
20150706152210 14.5567465 1.8261774 1.8992004 -0.26554048 0.47792238 0.0501839 1003.3 
20150706152210 14.355634 -1.941099 3.8271315 -0.32815418 0.5167123 0.110659555 1003.3 
20150706152210 14.353239 -3.7307649 2.3068132 -0.3134934 0.3029095 0.26429218 1003.41 
20150706152210 15.336658 -4.088698 -1.7393875 -0.17604873 0.008777864 0.5773606 1003.41 
20150706152210 12.949039 -3.50571 -3.38181 -0.19742902 -0.011075258 0.7652016 1003.41 
20150706152210 9.394848 -2.0632033 -4.699219 -0.114656776 -0.18578272 0.86171836 1003.41 
20150706152210 6.227917 -3.0873232 -3.863643 0.45650223 -0.45395255 1.0785756 1003.41 
20150706152210 8.986636 -1.9183542 -4.9721584 0.6562551 -0.08010303 0.53979236 1003.41 
20150706152210 14.061147 0.93493575 -3.7948096 0.5343875 0.23021652 0.21664469 1003.41 
20150706152210 16.622942 1.4407109 -2.2643163 0.27812958 0.11323582 0.1054672 1003.41 
20150706152210 14.299968 0.52732295 -2.0709844 0.16970101 -0.31467527 -0.029228583 1003.41 
20150706152210 8.160637 0.14903906 -1.5640123 0.09487001 -0.3604902 -0.41865516 1003.37 
20150706152210 3.5218706 0.094570965 -3.0992942 -0.005617328 -0.13660806 -0.8606162 1003.37 
20150706152210 1.7741034 -1.5292963 0.60094464 -0.077088565 -0.065442264 -1.1712412 1003.37 
20150706152210 4.332308 -1.9440918 1.2192472 -0.085946105 0.09032838 -1.2628709 1003.37 
20150706152210 3.2070332 -0.3824737 -1.2952632 -0.090222165 -0.32170022 -1.0582311 1003.37 
20150706152210 2.6563668 0.8882488 -0.7104794 0.3746463 -0.508625 -0.88352364 1003.37 
20150706152210 4.136582 2.247557 0.5279215 0.27476984 -0.39836383 -0.6315417 1003.37 
20150706152210 6.8007298 2.1511903 0.54408234 0.14496097 -0.22884871 -0.4663027 1003.37 
20150706152211 9.146449 2.1859062 0.5398925 0.21582133 -0.17356542 -0.17950143 1003.37 
20150706152211 10.498574 2.484583 0.5177461 0.30012074 -0.28810263 0.13601047 1003.32 
20150706152211 12.1128645 2.4516625 2.1338322 0.18191832 -0.30062538 0.22244789 1003.32 
20150706152211 13.399749 0.30166942 -0.029927522 -0.065482125 -0.11889297 0.20503823 1003.32 
20150706152211 14.954184 -1.6340426 -0.7272388 -0.047156163 -0.085600816 0.12806922 1003.32 
20150706152211 16.96711 0.9900024 2.0991163 -0.0156966 -0.10423221 -0.023425363 1003.32 
20150706152211 16.242264 1.508347 2.111686 -0.17329983 -0.25511593 -0.12605073 1003.32 
20150706152211 12.99453 0.3705027 1.9033904 -0.12534691 -0.41607893 -0.31083745 1003.32 
20150706152211 11.608287 0.24899697 -2.8987796 0.0017130598 -0.14974166 -0.45164192 1003.32 
20150706152211 9.624092 2.0081367 -7.633912 0.30134246 0.039931998 -0.31053203 1003.32 
20150706152211 7.9607205 4.245518 -6.4864907 0.4674978 -0.020238236 -0.23050869 1003.41 
20150706152211 9.45171 2.1021092 -3.9438488 0.035921507 -0.36843145 -0.41010308 1003.41 
20150706152211 15.383943 -2.0440497 -3.4243069 -0.43505558 -0.32719803 -0.44308978 1003.41 
20150706152211 17.873913 -4.469376 -3.448249 -0.45918477 0.026492953 -0.22073483 1003.41 
20150706152211 16.035765 -3.1669302 -2.0500352 -0.34953445 0.21861006 -0.25891393 1003.41 
20150706152211 12.720992 -1.9315223 -1.9027919 -0.27531433 0.10773803 -0.30595052 1003.41 
20150706152211 8.426991 -1.6621746 -1.086369 0.09639717 -0.05933361 -0.07015655 1003.41 
20150706152211 5.6563015 -0.741604 -0.98700964 0.33860525 0.13339438 0.35072958 1003.41 
20150706152211 3.6535518 0.96187055 -1.4173675 0.33371833 0.4284423 0.5999626 1003.41 
20150706152211 1.1575965 1.4437037 -3.4386723 0.1406849 0.55977833 0.7129727 1003.37 
20150706152211 0.16938977 1.6567876 -1.8782512 1.8589199E-4 0.49166685 0.68487287 1003.37 
20150706152211 1.0199299 2.8688521 -0.8726865 -0.41886765 0.27328253 0.5101654 1003.37 
20150706152211 3.8480806 0.35553896 1.067814 -0.75850874 -0.22640526 0.49367207 1003.37 
20150706152211 7.466318 -3.091513 1.2395979 -0.7044472 -0.33300126 0.3412612 1003.37 
20150706152211 10.041881 -4.532822 0.7541735 -0.48056504 -0.3748455 -0.24516945 1003.37 
20150706152211 11.142016 -4.0533834 0.93852705 -0.40939924 -0.45028734 -0.3178624 1003.37 
20150706152211 12.712612 -1.1677719 1.8429368 -0.43963706 -0.28016138 -0.41712803 1003.37 
20150706152211 14.125192 1.7082629 2.3798366 -0.3452584 0.040542856 -0.29709297 1003.37 
20150706152211 15.051747 1.6406267 1.578976 -0.43200126 0.16729741 -0.09611833 1003.4 
20150706152211 15.1139965 -1.3503298 2.815581 -0.5642536 0.24365555 0.010477662 1003.4 
20150706152211 14.061147 -2.1697452 2.4774003 -0.4213111 0.029547282 0.19098835 1003.4 
20150706152211 13.464991 -2.6234465 -0.050278235 -0.40023628 -0.20380324 0.41670305 1003.4 
20150706152211 10.412383 -4.4274774 -4.336498 -0.36999843 -0.011991553 0.5727791 1003.4 
20150706152211 9.251195 -3.834314 -5.3396683 -0.27226 -7.968396E-5 0.7587876 1003.4 
20150706152211 10.402806 -4.7644615 -5.565322 0.30378592 -0.20074892 0.98572403 1003.4 
20150706152211 13.679272 -2.705448 -5.233725 0.6541171 -0.7062399 0.9851131 1003.4 
20150706152211 17.229275 1.7142484 -3.6577415 0.4861292 -0.4414298 0.5831638 1003.4 
20150706152211 16.913837 1.632247 -2.7389667 0.055774637 -0.089876875 0.014448285 1003.32 
20150706152211 13.165116 0.5303157 -2.319383 0.0044619516 -0.0938475 -0.07748694 1003.32 
20150706152211 9.051878 0.45250413 -2.131438 0.068297364 -0.06758029 -0.3542089 1003.32 
20150706152211 6.225523 0.20350714 -1.6717514 -0.058151737 -0.113089755 -0.66544473 1003.32 
20150706152211 1.3461399 -0.5662287 -2.1691468 -0.113435045 -0.03337184 -0.9534677 1003.32 
20150706152211 0.06344634 -2.4366987 -0.55844754 -0.13664792 -0.0016068444 -1.0496789 1003.32 
20150706152211 2.4851813 -1.0576386 0.9744401 -0.24965799 -0.032760974 -0.9073474 1003.32 
20150706152211 2.8766334 0.39564183 0.12749124 0.24025595 -0.30795577 -0.6962935 1003.32 
20150706152211 3.2489316 0.6937199 -0.40043023 0.39449942 -0.64606965 -0.3554306 1003.32 
20150706152211 5.3181205 0.3298013 -0.3824737 0.3205847 -0.97013366 -0.2680769 1003.31 
20150706152211 7.7230964 1.2868834 -0.3477578 0.48154774 -0.4954914 0.007423334 1003.31 
20150706152211 11.35091 3.2549171 0.41359833 0.507204 -0.49365878 0.17327325 1003.31 
20150706152211 15.037981 2.3463178 1.9123687 0.46200004 -0.30398515 0.19373722 1003.31 
20150706152211 16.40088 -1.7411832 -0.04369418 0.33219117 -0.29726562 0.16075051 1003.31 
20150706152212 16.328455 -3.888782 -0.80684596 0.51758873 -0.21418795 -0.003877677 1003.31 
20150706152212 15.118187 1.0145429 0.8924387 0.7121493 -0.18639359 -0.114444286 1003.31 
20150706152212 13.432669 2.417545 0.41599256 0.43023506 -0.25175616 -0.44278437 1003.31 
20150706152212 12.040441 1.6352397 -0.8026561 0.28790343 -0.20471954 -0.7515767 1003.31 
20150706152212 11.52449 1.8686744 -5.0798974 0.19444105 -0.073994376 -0.81541216 1003.39 
20150706152212 9.705495 0.97503865 -7.0784574 0.30103704 0.0011420473 -0.56373566 1003.39 
20150706152212 9.668983 1.6585833 -4.6363716 0.47727165 -0.06024991 -0.5490749 1003.39 
20150706152212 13.517064 0.17537527 -7.7985134 0.24117225 -0.3953095 -0.52402943 1003.39 
20150706152212 16.791136 -2.4678235 -5.4025164 0.13274366 -0.23862256 -0.43667573 1003.39 
20150706152212 18.266562 -1.8860323 -4.494515 -0.19895618 0.31451595 -0.6290983 1003.39 
20150706152212 15.804724 -1.4981717 -3.6924577 -0.39229503 -0.058417313 -0.6297091 1003.39 
20150706152212 11.105505 -1.8764555 -3.110068 -0.20048334 -0.21357709 -0.21706964 1003.39 
20150706152212 7.270592 -1.6514006 -2.2768857 0.11930462 -0.1772306 0.3003332 1003.39 
20150706152212 4.8099513 -0.15023616 -0.9139865 0.14862615 0.3038258 0.81284916 1003.36 
20150706152212 1.4059949 1.4676456 -2.005144 0.07410059 0.49808097 0.9918327 1003.36 
20150706152212 -2.058415 2.4432828 -2.8688521 -0.029135637 0.54145235 0.91211474 1003.36 
20150706152212 -1.0690111 2.7371712 -0.7469909 -0.18460084 0.5942922 0.79238516 1003.36 
20150706152212 2.9741971 0.50158525 -0.35254622 -0.5529526 0.34933525 0.7001445 1003.36 
20150706152212 5.1319714 -1.2946646 -0.545878 -0.91855544 -0.14790908 0.52360445 1003.36 
20150706152212 8.352771 -2.4660277 0.45489833 -0.91825 -0.81191957 -0.1370463 1003.36 
20150706152212 11.606491 -3.719991 1.6807296 -0.92863476 -0.9756315 -0.35940123 1003.36 
20150706152212 13.572131 -5.9280434 1.7878702 -0.85319287 -0.7285365 -0.34229702 1003.36 
20150706152212 13.565547 -5.3085437 0.676362 -0.3425095 -0.29085153 -0.1969111 1003.4 
20150706152212 13.7684555 1.163582 0.5231331 0.07226799 0.27908576 -0.13551913 1003.4 
20150706152212 15.227123 3.3159695 2.480393 0.16175976 0.70333165 -0.10650304 1003.4 
20150706152212 16.2273 0.3513491 2.6090813 0.102811255 0.4143924 -0.14132234 1003.4 
20150706152212 15.838841 -1.0366893 0.4830302 -0.007449925 0.072613284 0.04896217 1003.4 
20150706152212 13.855844 -2.8580782 -3.626617 0.02339878 -0.13080484 0.41884106 1003.4 
20150706152212 11.719019 -4.575918 -5.3181205 0.045389928 -0.2566431 0.55842376 1003.4 
20150706152212 10.047267 -4.912902 -4.7040076 0.2472809 -0.21266079 0.59660286 1003.4 
20150706152212 9.003395 -5.1146135 -5.8107276 0.7280318 -0.38767368 0.89898115 1003.4 
20150706152212 12.237364 -0.79846627 -7.4322004 0.9210653 -0.40019643 0.5987409 1003.38 
20150706152212 16.860567 3.6942532 -3.7235823 0.5957795 0.16332678 0.22641851 1003.38 
20150706152212 15.598224 2.654571 -2.7407625 0.15198591 0.075362176 0.030636214 1003.38 
20150706152212 11.177929 0.7541735 -3.116652 0.09822976 -0.15646118 -0.07779237 1003.38 
20150706152212 7.768586 0.11372458 -2.2391772 0.20879638 -0.016573042 -0.2793779 1003.38 
20150706152212 4.771644 -0.5518635 -1.6448165 0.035921507 -0.117671244 -0.57656384 1003.38 
20150706152212 0.8643068 -1.1773487 -1.6944963 -0.03616059 -0.06880202 -0.8761933 1003.38 
20150706152212 -0.61650693 -2.3570917 -0.047285482 0.0035456493 0.08147083 -0.9757643 1003.38 
20150706152212 4.045004 -1.3497312 0.6392518 -0.032189965 0.013053924 -0.77876025 1003.38 
20150706152212 4.2383356 -0.55605334 -0.545878 0.6596149 -0.08193563 -0.65628177 1003.37 
20150706152212 5.442619 0.89303726 -1.1133038 0.76926523 -0.34796745 -0.21157186 1003.37 
20150706152212 8.899846 2.3840263 -0.24540567 0.85967326 -0.87636584 -0.22806522 1003.37 
20150706152212 11.085154 4.115034 0.14664486 0.9183163 -0.3204785 -0.006931998 1003.37 
20150706152212 12.140997 4.313154 1.1270704 0.80500084 -0.30795577 0.06362294 1003.37 
20150706152212 11.200674 0.90859956 0.30346507 0.5304169 -0.01229699 0.019946069 1003.37 
20150706152212 11.757326 -0.92296475 -0.9744401 0.46780327 0.40675658 0.07217504 1003.37 
20150706152212 13.0519905 0.760159 1.2880806 0.5123964 0.5338166 0.08989014 1003.37 
20150706152212 13.652337 1.7717092 1.6364368 0.077765785 0.3902632 -0.027090553 1003.37 
20150706152213 15.451579 0.008978256 1.2360066 -0.23163748 -0.21082819 -0.4834069 1003.39 
20150706152213 13.0519905 0.12270284 -3.8774097 -0.16138797 -0.3953095 -0.6498677 1003.39 
20150706152213 12.75511 3.470994 -11.639412 -0.032495394 -0.4591449 -0.68590873 1003.39 
20150706152213 10.044274 3.1453824 -6.0064535 0.3007316 -0.17142738 -0.44003546 1003.39 
20150706152213 10.466252 0.12389994 -5.771822 0.037448667 -0.39561492 -0.6003876 1003.39 
20150706152213 15.499463 -1.6310499 -6.995259 -0.48239765 -0.6201079 -0.79494816 1003.39 
20150706152213 17.395672 -2.2182279 -4.344279 -0.49950188 0.16760282 -0.49806768 1003.39 
20150706152213 17.440563 -1.951873 -3.8175547 -0.71177757 0.4675377 -0.40307814 1003.39 
20150706152213 14.75367 -2.5528176 -3.365649 -0.67298764 -0.095985524 -0.33099604 1003.39 
20150706152213 11.0935335 -2.867655 -1.9788077 -0.18307367 -0.2053304 -0.025563393 1003.37 
20150706152213 7.8865004 -2.4450784 -1.448492 0.09578631 -0.09842899 0.43289095 1003.37 
20150706152213 5.4324436 -0.35075054 -0.6931214 0.11350139 0.3194028 0.8491956 1003.37 
20150706152213 2.9311013 1.7896658 -1.0384849 -0.007755354 0.52465355 0.9991631 1003.37 
20150706152213 0.4770447 2.8329391 -2.1164744 -0.17024551 0.54511756 0.9854186 1003.37 
20150706152213 -0.748188 3.5212722 -1.4993688 -0.3321248 0.47792238 0.86171836 1003.37 
20150706152213 3.2531216 -0.90021986 0.23762453 -0.553258 0.2280785 0.7401562 1003.37 
20150706152213 4.9625816 -3.0083144 0.13108255 -0.7719478 -0.035509866 0.4948938 1003.37 
20150706152213 7.6907744 -3.442862 0.94211835 -0.6992548 -0.25939196 0.1512821 1003.37 
20150706152213 9.932944 -3.9193082 1.5897499 -0.6699333 -0.41760606 -0.113222554 1003.32 
20150706152213 12.097302 -4.2580876 1.7016789 -0.5865502 -0.25847566 -0.17522538 1003.32 
20150706152213 12.206239 -3.027468 1.6879122 -0.26248616 -0.11858754 -0.31633526 1003.32 
20150706152213 11.126453 1.2318168 0.15502456 -0.020583525 0.21830465 -0.42354208 1003.32 
20150706152213 12.289437 2.8293478 0.16101007 -0.10610466 0.59673566 -0.501122 1003.32 
20150706152213 14.632762 -0.6398504 2.8263552 -0.08319721 0.65201896 -0.4076596 1003.32 
20150706152213 16.482882 -2.380435 2.6162639 -0.15589018 0.28397268 -0.021592766 1003.32 
20150706152213 16.31409 -0.8523358 2.5210943 -0.039825782 -0.1967783 0.491534 1003.32 
20150706152213 11.441292 -2.516306 -2.8365304 -0.004701026 -0.3213948 0.66288173 1003.32 
20150706152213 9.686341 -3.1543608 -6.143522 -0.10824269 -0.1518797 0.48634166 1003.35 
20150706152213 8.144476 -2.8042088 -5.403713 0.042335592 0.427526 0.41181612 1003.35 
20150706152213 12.631808 -2.2343888 -4.449624 0.45466962 0.024965793 0.66593605 1003.35 
20150706152213 15.929821 -1.0911574 -4.3580456 0.5236974 -0.32841974 0.6610491 1003.35 
20150706152213 17.56925 0.4309563 -3.9731777 0.22803864 -0.12775052 0.3907413 1003.35 
20150706152213 14.590265 -1.1306617 -2.3068132 0.04264102 -0.1949457 0.1821308 1003.35 
20150706152213 10.946889 -1.483208 -1.9698294 0.027369402 0.062228575 -0.019760173 1003.35 
20150706152213 8.306085 -1.0055647 -1.4407109 0.047222517 0.06925352 -0.30900484 1003.35 
20150706152213 5.7843914 0.012569559 -1.5041572 0.15717828 -0.06880202 -0.59611154 1003.35 
20150706152213 2.520496 0.1400608 -1.4173675 0.31050545 -0.08804428 -0.90795827 1003.36 
20150706152213 2.4187422 -1.9321208 -0.12868834 0.35479316 -0.019016504 -0.9534677 1003.36 
20150706152213 4.486734 -2.2290018 0.2741361 0.5307223 -0.270693 -0.8028894 1003.36 
20150706152213 3.240552 -0.37229836 -1.4395138 0.9021284 -0.71967894 -0.5692335 1003.36 
20150706152213 4.277241 1.5801731 -0.55844754 0.99375814 -0.6876085 -0.39941293 1003.36 
20150706152213 4.7099934 2.3451207 -0.717662 0.8825807 -0.55505073 -0.28731915 1003.36 
20150706152213 5.761048 2.4193408 0.5446809 0.8663928 -0.43471032 -0.16117547 1003.36 
20150706152213 8.082825 2.705448 1.5867572 0.8364604 -0.3543815 0.050794765 1003.36 
20150706152213 11.8261595 3.2291796 1.4957775 0.6721376 -0.20685756 0.09508249 1003.36 
20150706152213 13.868413 0.55844754 0.049081136 0.5240028 -0.077048704 0.12959638 1003.33 
20150706152213 15.518019 -1.6962919 -1.039682 0.45925114 0.039015695 0.19801329 1003.33 
20150706152213 17.283144 0.7918822 1.7609353 0.5313332 0.02679839 0.31652117 1003.33 
20150706152213 14.557943 2.3104045 1.917157 0.3810604 -0.123474464 0.29697347 1003.33 
20150706152213 12.685678 0.89662856 1.5167267 0.080820106 -0.17448172 -0.28640285 1003.33 
20150706152214 12.047623 0.110133275 -2.381632 -0.061206065 -0.07552154 -0.7473007 1003.33 
20150706152214 13.790003 2.1272483 -9.740809 -0.05754087 -0.27252558 -0.6773566 1003.33 
20150706152214 11.455058 3.3961751 -6.408081 0.20360401 -0.33025235 -0.28731915 1003.33 
20150706152214 10.675147 1.5658079 -4.1371803 0.04661166 -0.5779582 -0.4085759 1003.33 
20150706152214 12.445061 -2.3211784 -6.379949 -0.29913807 -0.89744073 -0.5728986 1003.35 
20150706152214 14.538191 -2.3600843 -4.2981906 -0.23316464 0.020384304 -0.45866686 1003.35 
20150706152214 14.926052 -0.7272388 -3.2441432 -0.34006605 0.44188136 -0.43698114 1003.35 
20150706152214 13.8163395 -0.24420857 -3.144784 -0.51171917 0.15905072 -0.50723064 1003.35 
20150706152214 11.212646 -0.6422446 -2.5647886 -0.37488535 -0.44204068 -0.26105195 1003.35 
20150706152214 8.237849 -1.1677719 -1.9428947 -0.17177267 -0.46983504 0.25635093 1003.35 
20150706152214 5.4102974 -0.24061728 -1.0420763 -0.19865075 -0.04375655 0.6589111 1003.35 
20150706152214 2.112883 0.88944596 -1.5173253 -0.30860648 0.27450424 0.7600093 1003.35 
20150706152214 -0.13467385 1.2904748 -1.714847 -0.34953445 0.48036587 0.7062532 1003.35 
20150706152214 -1.2886791 1.5275006 -0.50278234 -0.467126 0.5536697 0.68181854 1003.36 
20150706152214 1.809418 -0.9995792 -0.35553896 -0.64305526 0.34902978 0.63020045 1003.36 
20150706152214 6.67683 -1.9189527 0.44951138 -0.77927816 -0.19555655 0.36569577 1003.36 
20150706152214 9.855731 -1.5532384 0.9564836 -0.9338271 -0.5394737 0.09050101 1003.36 
20150706152214 12.269685 -2.2732944 1.1354501 -1.0367578 -0.7447244 -0.25708133 1003.36 
20150706152214 13.27106 -3.6092591 0.39444473 -0.884347 -0.70685077 -0.36673164 1003.36 
20150706152214 13.083116 -2.393603 0.24540567 -0.6299216 -0.2239618 -0.4107139 1003.36 
20150706152214 12.612056 1.7890673 0.6691794 -0.43169582 0.20975251 -0.31267005 1003.36 
20150706152214 13.090897 2.6856956 2.4827871 -0.5019453 0.65171355 -0.11352798 1003.36 
20150706152214 14.250289 -1.2856863 3.1052797 -0.537681 0.6718721 0.0501839 1003.36 
20150706152214 14.121001 -2.6360161 1.6639702 -0.56730795 0.25984347 0.22092073 1003.36 
20150706152214 12.354679 -2.7353754 -1.0869676 -0.28172842 -0.06788573 0.64913726 1003.36 
20150706152214 10.251971 -3.9444473 -4.9081135 -0.039825782 -0.24992357 0.81468177 1003.36 
20150706152214 8.856153 -2.9442697 -6.4152637 0.034699775 -0.036426164 0.7196922 1003.36 
20150706152214 7.769783 -2.4582467 -6.518214 0.21734849 -0.017183907 0.7563441 1003.36 
20150706152214 13.172897 -1.3060371 -4.7758336 0.3361618 -0.37881613 0.5972137 1003.36 
20150706152214 17.98704 1.9273324 -4.57113 0.1507642 -0.4618938 0.24963139 1003.36 
20150706152214 19.528307 1.7160441 -4.268862 -0.07220164 -0.31528616 0.07736741 1003.36 
20150706152214 15.874156 -0.61530983 -3.1812954 -0.20598114 -0.19158593 -0.071072854 1003.34 
20150706152214 11.1970825 -1.0163386 -2.8939912 -0.11129701 -0.050476067 -0.19110787 1003.34 
20150706152214 7.795521 -1.1282675 -2.168548 -0.12870668 0.14530624 -0.45255822 1003.34 
20150706152214 4.999093 -0.6183026 -2.2290018 -0.11801653 0.3554439 -0.63551235 1003.34 
20150706152214 1.8489223 -1.6334441 0.33159694 -0.05601371 0.35971993 -0.86794657 1003.34 
20150706152214 1.9093759 -1.4197617 -0.059855044 0.07165713 0.31604308 -0.95621663 1003.34 
20150706152214 2.6611552 0.39205053 0.2184709 0.22742778 -0.207163 -0.81724477 1003.34 
20150706152214 1.0271125 0.87567925 -0.56323594 0.5484374 -0.3055123 -0.5506021 1003.34 
20150706152214 3.0603883 0.40102878 -1.0857705 0.5472157 -0.5535236 -0.39788574 1003.34 
20150706152214 4.0276456 -0.3728969 -1.5771804 0.7738467 -0.37606722 -0.14437668 1003.33 
20150706152214 6.1327477 -0.25019407 -1.4628572 0.8663928 -0.33025235 0.016280875 1003.33 
20150706152214 11.049839 2.337938 0.23163901 0.86058956 -0.31559157 0.09844226 1003.33 
20150706152214 15.789162 4.423288 1.5263035 0.75216097 -0.30856663 0.2328326 1003.33 
20150706152214 16.97908 1.9614497 -0.8948329 0.5236974 -0.5293944 0.27040082 1003.33 
20150706152214 17.11914 -0.08678981 -1.3443443 0.34624106 -0.56268656 -0.029839449 1003.33 
20150706152214 15.728708 1.6232687 1.5640123 0.37617347 -0.2239618 -0.06985112 1003.33 
20150706152214 13.311762 1.2318168 1.2629414 0.07410059 -0.1332483 -0.06465877 1003.33 
20150706152214 11.173739 0.24959552 1.2270284 -0.14214571 0.04390262 -0.4592777 1003.33 
20150706152214 11.692682 -0.2681506 -2.9334955 -0.2075083 0.23601975 -0.5582379 1003.37 
20150706152215 11.437101 1.0887632 -6.327875 -0.02424872 -9.959787E-4 -0.3111429 1003.37 
20150706152215 8.005013 3.0232782 -5.683835 0.23475817 -0.24014972 -0.33435577 1003.37 
20150706152215 9.621099 1.299453 -4.900931 0.06279958 -0.49488056 -0.66544473 1003.37 
20150706152215 15.640721 -1.412579 -4.863222 -0.2450765 -0.41607893 -0.5310544 1003.37 
20150706152215 19.09316 -4.596867 -3.590704 -0.2692057 0.332231 -0.22562176 1003.37 
20150706152215 18.206108 -2.8101943 -2.9514523 -0.24538192 0.2854998 -0.3044234 1003.37 
20150706152215 14.17128 -1.8848352 -3.1705215 -0.2151441 -0.09354206 -0.30045277 1003.37 
20150706152215 9.829395 -1.6711528 -2.0763714 0.20788008 -0.03825876 -0.16667327 1003.37 
20150706152215 6.2686186 -0.88405895 -1.270124 0.44733927 0.07016982 0.25665635 1003.33 
20150706152215 3.4871547 0.8110358 -0.9271546 0.39572114 0.4941103 0.6039332 1003.33 
20150706152215 0.5883751 2.083554 -2.0811598 0.29187405 0.65324074 0.7835276 1003.33 
20150706152215 -0.5883751 2.8395233 -2.3822308 0.17275533 0.69080895 0.80460244 1003.33 
20150706152215 -5.985504E-4 3.2728736 -1.4951789 -0.04776703 0.41714132 0.7881091 1003.33 
20150706152215 3.8510735 -0.62608373 -0.30047232 -0.4830085 0.03382334 0.57858235 1003.33 
20150706152215 7.2819643 -2.100912 0.37229836 -0.67054415 -0.5040435 0.16411027 1003.33 
20150706152215 9.646837 -2.4809916 1.1150994 -0.7768347 -0.8534584 -0.11566602 1003.33 
20150706152215 11.645996 -3.6086605 1.1426327 -0.81928986 -0.66500646 -0.20240888 1003.33 
20150706152215 11.4598465 -3.5637693 1.039682 -0.657716 -0.35926843 -0.20027085 1003.39 
20150706152215 11.313202 0.14903906 1.4395138 -0.40542862 0.04268089 -0.15048534 1003.39 
20150706152215 12.267291 2.3020248 1.4030021 -0.40848294 0.49380487 -0.12727246 1003.39 
20150706152215 13.463195 -0.29149407 2.943671 -0.42741978 0.74059445 -0.092758566 1003.39 
20150706152215 14.347254 -2.3864205 1.8776526 -0.4481892 0.54023063 -0.010902625 1003.39 
20150706152215 14.93503 -3.3686419 -1.9339164 -0.36175177 0.031685308 0.24810423 1003.39 
20150706152215 13.233352 -5.8867435 -4.4993033 -0.23896784 -0.21999118 0.514136 1003.39 
20150706152215 13.773843 -2.4372973 -4.3795934 -0.11710023 -0.27038756 0.72396827 1003.39 
20150706152215 10.005369 -4.0904937 -6.8306575 0.29706642 -0.24992357 1.056279 1003.39 
20150706152215 13.066955 -2.380435 -6.8402343 0.7811771 -0.20319238 0.97350675 1003.37 
20150706152215 17.928381 2.2182279 -3.244742 0.66175294 0.2668684 0.45518756 1003.37 
20150706152215 17.052702 1.7567455 -3.8666358 0.09884063 0.27419883 -0.0066265687 1003.37 
20150706152215 13.488334 0.08080431 -3.0705638 -0.037076883 0.021300599 -0.20088172 1003.37 
20150706152215 10.033501 0.02873042 -2.2756886 0.024009638 0.041459158 -0.29312235 1003.37 
20150706152215 7.5495167 -0.23104046 -1.5394717 -0.14214571 -0.124696195 -0.54602057 1003.37 
20150706152215 3.7906199 -0.22505496 -2.8634653 -0.18215738 0.0014474839 -0.836487 1003.37 
20150706152215 1.4939818 -1.7262194 0.39025488 -0.067314714 0.1056 -1.0347128 1003.37 
20150706152215 2.754529 -2.236783 0.4381389 0.0014076233 0.049400404 -1.0481519 1003.37 
20150706152215 2.2768857 -1.8800468 -0.34237084 0.308062 -0.36873686 -0.8728335 1003.4 
20150706152215 1.8417397 0.39923313 -1.3748703 0.7610185 -0.27130383 -0.7622669 1003.4 
20150706152215 2.5881321 1.3383588 -0.6991069 0.7246721 -0.29879278 -0.32091674 1003.4 
20150706152215 4.800973 1.4407109 0.011372458 0.7622403 -0.25694853 -0.1388789 1003.4 
20150706152215 7.565677 1.9829975 -0.13706805 0.85570264 -0.34980005 0.09538792 1003.4 
20150706152215 10.870275 3.1573534 1.9213469 0.8749449 -0.30612317 0.1802982 1003.4 
20150706152215 13.92348 3.6248214 2.0745757 0.76895976 -0.28168857 0.21450664 1003.4 
20150706152215 13.948021 -0.6015432 -0.82360536 0.4036624 -0.13355374 0.19037746 1003.4 
20150706152215 16.625336 -0.2693477 0.18914193 0.34104872 0.08635774 0.06912072 1003.4 
20150706152215 15.966332 1.7950528 2.6641479 0.2903469 0.099185914 0.12868008 1003.34 
20150706152215 15.333066 1.2557588 2.0685902 -0.08228092 -0.18059036 -0.034420937 1003.34 
20150706152215 12.624625 -0.504578 2.1703439 -0.14611633 -0.22121291 -0.5933626 1003.34 
20150706152215 9.293094 -0.30047232 -3.934272 -0.11404591 -0.2664169 -0.6929337 1003.34 
20150706152215 8.425196 3.5631707 -8.90643 0.13640884 -0.23465194 -0.51303387 1003.34 
20150706152215 9.49301 5.16549 -5.8005524 0.40396783 -0.1219473 -0.22256744 1003.34 
20150706152215 11.910555 1.073201 -4.0803185 -0.055708278 -0.43745917 -0.30595052 1003.34 
20150706152216 16.675016 -3.9875429 -4.9296613 -0.58441216 -0.85865074 -0.4440061 1003.34 
20150706152216 17.904438 -4.250905 -4.1503487 -0.4924769 -0.41424632 -0.24822377 1003.34 
20150706152216 15.419257 -2.2403743 -2.5312698 -0.39870912 0.13675413 -0.1437658 1003.32 
20150706152216 13.283031 -0.91458505 -2.2385786 -0.30830106 0.200895 -0.14987448 1003.32 
20150706152216 10.879851 -1.1109096 -1.5155296 0.16847926 -0.02909578 0.11279759 1003.32 
20150706152216 8.261193 -1.6154876 -1.4580688 0.31722495 -0.06269337 0.3223244 1003.32 
20150706152216 5.8412538 -0.7038953 -1.4532804 0.2827111 0.08177626 0.5969083 1003.32 
20150706152216 2.8299465 0.30346507 -2.1751323 0.12632957 0.2515968 0.7276334 1003.32 
20150706152216 0.43993455 1.2443863 -3.2393548 0.029812865 0.38018394 0.713889 1003.32 
20150706152216 -0.41180268 2.099715 -1.4041992 -0.15466845 0.3875143 0.672961 1003.32 
20150706152216 0.10115502 2.9538465 -0.9540894 -0.5248528 0.17584951 0.57797146 1003.32 
20150706152216 4.300585 -0.073023155 1.4640543 -0.6149554 -0.23862256 0.39226842 1003.28 
20150706152216 6.3021374 -1.9434932 0.74758947 -0.56578076 -0.44204068 0.13875936 1003.28 
20150706152216 10.507553 -3.9761705 0.25019407 -0.74415344 -0.7651884 -0.27601814 1003.28 
20150706152216 13.254899 -4.0892963 0.6362591 -0.6995603 -0.44723302 -0.18133402 1003.28 
20150706152216 13.741521 -0.51355624 1.6783354 -0.48361936 -0.12958312 -0.08206843 1003.28 
20150706152216 12.868236 1.7034745 1.7615339 -0.38924068 0.19356461 -0.016705845 1003.28 
20150706152216 14.62558 0.1933318 2.6922798 -0.49064434 0.5671087 -0.034115504 1003.28 
20150706152216 15.938799 -2.1033063 2.8688521 -0.369693 0.59734654 0.11982253 1003.28 
20150706152216 15.425243 -2.755726 0.5057751 -0.29180768 0.2066982 0.32629502 1003.28 
20150706152216 13.652337 -5.463568 -4.2904096 -0.1308447 -0.19800001 0.5504825 1003.45 
20150706152216 11.64839 -5.2486887 -6.0405707 -0.035244294 -0.284132 0.55536944 1003.45 
20150706152216 9.2907 -2.5157075 -5.257068 0.21337786 -0.009853527 0.54345757 1003.45 
20150706152216 10.088568 -1.9596541 -5.61979 0.4748282 -0.23740083 0.68395656 1003.45 
20150706152216 16.280571 1.638831 -4.551976 0.3202793 -0.20685756 0.3528676 1003.45 
20150706152216 17.620127 2.7934349 -3.7547069 0.19627365 0.011832193 0.20106761 1003.45 
20150706152216 14.68723 0.35793316 -3.6888664 0.05974526 -0.12836139 0.062401205 1003.45 
20150706152216 11.3323555 -0.14065935 -2.8485014 0.040503003 -0.15157425 -0.046027377 1003.45 
20150706152216 8.446744 -0.3357868 -1.845331 -0.3348737 -0.09354206 -0.46172118 1003.45 
20150706152216 5.8221 -0.44472298 -1.5310919 -0.5221039 -0.113089755 -0.77784395 1003.44 
20150706152216 1.8567034 -1.3754689 -1.3000516 -0.46284994 0.0063344017 -0.9516351 1003.44 
20150706152216 0.6003461 -3.098097 0.38067806 -0.1812411 0.12239879 -1.0399051 1003.44 
20150706152216 1.4305356 -2.4983494 -0.089184016 0.08723419 -0.006188333 -0.8419848 1003.44 
20150706152216 2.3953989 -0.86370826 -0.31483752 0.65839314 -0.22426723 -0.6602524 1003.44 
20150706152216 3.1920695 0.3561375 -1.5568297 0.8324898 -0.24167688 -0.34321332 1003.44 
20150706152216 4.7668557 1.4377182 -1.7501614 0.72925353 -0.7520548 -0.23081411 1003.44 
20150706152216 7.3148847 3.4111388 -0.5793968 0.69962656 -0.43287772 0.00375814 1003.44 
20150706152216 9.622296 4.975151 1.5340848 0.5087312 -0.33239037 0.09263903 1003.44 
20150706152216 12.657546 3.5619736 2.5635915 0.26896662 -0.120420136 0.056597978 1003.32 
20150706152216 15.0104475 0.008379706 0.19393034 -0.01416944 0.1382813 -0.0209819 1003.32 
20150706152216 17.430387 -1.982399 0.027533319 0.00904344 0.30168778 -0.0011287779 1003.32 
20150706152216 16.104 -0.59256494 0.78290397 -0.0043955967 0.07322414 0.059957743 1003.32 
20150706152216 14.240712 -0.45310268 1.2258313 -0.16688575 -0.32658714 -0.13368654 1003.32 
20150706152216 11.640609 -0.28790274 -0.23702596 -0.038298614 -0.5202314 -0.43331593 1003.32 
20150706152216 9.84795 1.7980455 -6.202778 0.0017130598 -0.13660806 -0.5573216 1003.32 
20150706152216 9.16261 3.4745853 -7.9367785 0.33555093 0.09185554 -0.4476713 1003.32 
20150706152216 10.445902 2.3355439 -3.7433343 0.44459036 0.035045072 -0.41346282 1003.32 
20150706152216 13.796587 -1.8884265 -5.115212 -0.0868624 -0.51290107 -0.5521292 1003.42 
20150706152216 18.085201 -2.942474 -6.130952 -0.102134034 -0.6072797 -0.5005111 1003.42 
20150706152216 18.60594 -2.3211784 -4.4382515 -0.12779038 0.05703622 -0.32733083 1003.42 
20150706152217 16.242264 -1.0833763 -3.6134489 -0.32601616 0.48403102 -0.38780648 1003.42 
20150706152217 12.499529 -1.0749966 -2.681506 -0.3657224 0.0041963756 -0.37161857 1003.42 
20150706152217 9.084799 -1.4401124 -1.7890673 0.006905414 0.009694159 -0.05671752 1003.42 
20150706152217 5.9106855 -1.1468226 -1.2533646 0.17031187 0.051538438 0.3534785 1003.42 
20150706152217 3.2980127 0.45669398 -1.0229226 0.17580965 0.30993444 0.790858 1003.42 
20150706152217 -0.11192893 1.3772645 -2.224812 0.104338415 0.4825039 0.8913453 1003.42 
20150706152217 -1.050456 2.3648727 -1.7076644 0.0133195 0.6007063 0.8198741 1003.39 
20150706152217 -0.8535329 2.7659016 -0.2777274 -0.32784873 0.5481719 0.72305197 1003.39 
20150706152217 2.521693 -0.108936176 -0.55246204 -0.6454987 0.10407284 0.40082055 1003.39 
20150706152217 4.5860934 -2.0350714 -0.29448682 -0.74079365 -0.5104576 0.13295615 1003.39 
20150706152217 8.015787 -2.907758 0.49679685 -0.7893575 -0.73311794 -0.23936623 1003.39 
20150706152217 10.548853 -3.8133647 1.2773066 -0.7139156 -0.6750858 -0.20240888 1003.39 
20150706152217 13.022063 -4.5040917 1.7872716 -0.5062214 -0.30673403 -0.12085837 1003.39 
20150706152217 13.956999 -1.0013748 1.6891093 -0.14458917 0.06833723 -0.14071149 1003.39 
20150706152217 13.946225 2.3469162 1.3634979 0.0065999776 0.47547895 -0.24883464 1003.39 
20150706152217 15.538967 1.2066777 3.2980127 -0.050515924 0.5921542 -0.3545143 1003.41 
20150706152217 16.007034 -0.931943 1.8189948 -0.08105919 0.23815776 -0.19141331 1003.41 
20150706152217 15.72392 -1.6897079 -0.3728969 -0.021194391 -0.16318071 0.18090905 1003.41 
20150706152217 13.181277 -3.7421372 -3.810372 0.06279958 -0.27496904 0.56269985 1003.41 
20150706152217 10.811018 -3.8696284 -4.9506106 0.044473626 -0.20013805 0.65005356 1003.41 
20150706152217 7.9990277 -4.497508 -4.551976 0.15198591 -0.08040846 0.7105292 1003.41 
20150706152217 7.9750857 -4.687248 -4.973954 0.42382094 -0.34918916 0.8727139 1003.41 
20150706152217 12.728773 -1.0127473 -5.8987145 0.6541171 -0.29451674 0.52360445 1003.41 
20150706152217 17.006014 1.4688427 -3.1998506 0.37434086 0.06681006 0.21420123 1003.41 
20150706152217 16.200964 -0.015562311 -2.6072857 0.13732514 0.017024547 -0.04877627 1003.34 
20150706152217 11.935694 -0.5009867 -2.8748376 0.29584467 -0.27893966 -0.027701419 1003.34 
20150706152217 8.863934 -0.11731588 -2.2068555 0.48185316 -0.12683421 -0.41468453 1003.34 
20150706152217 6.2404866 0.110133275 -1.6723499 0.34257588 -0.19891632 -0.7549365 1003.34 
20150706152217 3.3542767 0.58777654 -2.0248961 0.25338954 -0.106064804 -1.0930504 1003.34 
20150706152217 0.40940848 -0.038905777 -0.9780314 0.3636507 0.025271222 -1.1849856 1003.34 
20150706152217 0.5446809 -2.1667526 -0.33518824 0.42748615 0.10682173 -1.0719756 1003.34 
20150706152217 4.59567 0.15981296 0.52133745 0.48154774 -0.03215011 -0.6856033 1003.34 
20150706152217 4.189853 0.5033809 -0.6991069 0.9396966 -0.27588534 -0.40216184 1003.34 
20150706152217 5.533 1.4682442 -0.46148238 0.9497759 -0.642099 -0.4097976 1003.33 
20150706152217 7.711724 1.9452889 -0.2136825 0.9375586 -0.68547046 -0.22012398 1003.33 
20150706152217 9.93474 3.376423 0.26755205 0.9183163 -0.42004955 0.119211674 1003.33 
20150706152217 12.236765 3.8893807 1.2096704 0.69871026 -0.25267246 0.17205152 1003.33 
20150706152217 13.037625 1.3682863 0.6973112 0.5120909 0.024660356 0.13845393 1003.33 
20150706152217 14.448409 -1.0941502 0.29508537 0.3923614 0.20394932 0.030025348 1003.33 
20150706152217 15.593435 1.5586253 2.8431146 0.35540405 0.22105353 0.023611262 1003.33 
20150706152217 14.971541 1.0265139 2.4067712 -0.09541452 0.001752913 -0.17980686 1003.33 
20150706152217 12.8832 -0.7673417 2.0015526 -0.19590184 -0.31284267 -0.62054616 1003.33 
20150706152217 12.515091 -0.8870517 -3.0017304 -0.078615725 -0.29543304 -0.75646365 1003.42 
20150706152217 9.834782 3.0663738 -8.781932 0.13610342 -0.27924508 -0.52494574 1003.42 
20150706152217 8.696339 4.5034933 -6.2351 0.47635534 -0.08315735 -0.2943441 1003.42 
20150706152217 10.579977 1.5783775 -6.259042 0.25064066 -0.29237872 -0.41376823 1003.42 
20150706152217 16.275784 -2.3732524 -5.043386 -0.19468012 -0.5547453 -0.44644952 1003.42 
20150706152217 17.950527 -4.7578773 -4.3646297 -0.2890588 -0.088655144 -0.22348373 1003.42 
20150706152217 16.59541 -3.0226796 -3.3686419 -0.31685317 0.22838391 -0.25524873 1003.42 
20150706152218 12.932281 -1.7735049 -2.6779146 -0.22583425 0.015802816 -0.24425314 1003.42 
20150706152218 9.387066 -1.3192052 -1.8058267 0.13335451 -0.12744509 0.040715486 1003.42 
20150706152218 6.3865333 -0.97503865 -1.7256209 0.3560149 0.003890939 0.42097908 1003.42 
20150706152218 3.9785647 1.0468647 -1.4628572 0.34349218 0.38568175 0.72183025 1003.42 
20150706152218 0.7140707 1.8734628 -2.6024973 0.18314004 0.4999135 0.90264636 1003.42 
20150706152218 -0.40581718 3.0669725 -1.5592239 0.018206418 0.48677993 0.7645908 1003.42 
20150706152218 1.0516531 3.4153287 -0.31423897 -0.1907095 0.32917666 0.6564676 1003.42 
20150706152218 3.7008374 -0.039504327 -0.3441665 -0.5502037 0.02679839 0.50650024 1003.42 
20150706152218 5.7442884 -2.3834279 -0.60214174 -0.49828014 -0.32628173 0.20778714 1003.42 
20150706152218 7.632715 -3.5775359 0.061052144 -0.47567812 -0.6088069 -0.023730796 1003.42 
20150706152218 9.514558 -4.1102457 1.8770541 -0.5166061 -0.59567326 -0.079624966 1003.42 
20150706152218 11.114483 -3.691859 2.1817162 -0.4484946 -0.36110103 -0.13674086 1003.41 
20150706152218 12.13561 -1.3180081 2.2625206 -0.24263304 0.112014085 -0.10955736 1003.41 
20150706152218 14.015656 2.834735 0.9343372 -0.17879763 0.59704113 -0.08512275 1003.41 
20150706152218 15.751453 0.53211135 2.2379801 -0.27928495 0.538398 -0.037780695 1003.41 
20150706152218 15.062521 -2.959832 3.402759 -0.5098866 0.31023985 0.027581885 1003.41 
20150706152218 14.275428 -4.3927617 0.7906851 -0.61800975 -0.24228776 0.25360203 1003.41 
20150706152218 12.703634 -6.4685345 -3.3075895 -0.48331395 -0.31314814 0.54009783 1003.41 
20150706152218 12.028469 -4.27365 -4.542998 -0.09694168 -0.18028493 0.822623 1003.41 
20150706152218 10.45907 -2.417545 -4.301183 0.24178311 -9.959787E-4 0.8388109 1003.41 
20150706152218 9.35235 -2.4774003 -6.43741 0.6220467 -0.43623745 0.9252483 1003.43 
20150706152218 13.782821 0.30705637 -4.8542438 0.71337104 -0.24167688 0.52390987 1003.43 
20150706152218 16.812084 2.7623103 -2.9879637 0.40213522 0.13705957 0.034606837 1003.43 
20150706152218 15.078682 0.9708488 -3.180697 0.0704354 0.08452515 -0.05793925 1003.43 
20150706152218 11.398794 0.3196259 -2.9562407 0.057912655 -0.06635857 0.0010092482 1003.43 
20150706152218 9.16261 0.47465047 -2.1284454 -0.033411697 -0.13263744 -0.22440003 1003.43 
20150706152218 5.9172697 0.55725044 -2.5258827 -0.27928495 -0.32261652 -0.59916586 1003.43 
20150706152218 2.2547395 -0.50876784 -1.204882 -0.31288254 -0.1622644 -0.8957409 1003.43 
20150706152218 1.7782934 -2.142212 -0.39025488 -0.25973728 0.005723536 -1.0014206 1003.43 
20150706152218 2.1284454 -2.4420857 -0.25139117 -0.085946105 -0.08101933 -0.8416794 1003.44 
20150706152218 2.4594438 -1.7082629 -0.19812019 0.5997501 -0.3766781 -0.6407047 1003.44 
20150706152218 2.9933507 -0.30705637 -0.8499416 0.71276015 -0.32994694 -0.38444674 1003.44 
20150706152218 4.255095 0.65242 -1.033098 0.80408454 -0.5144282 -0.20424147 1003.44 
20150706152218 7.3226657 1.7160441 -0.3226187 0.89327085 -0.49090993 -0.012735222 1003.44 
20150706152218 10.359711 2.855684 0.29568392 0.8676145 -0.6146101 0.0914173 1003.44 
20150706152218 12.263102 3.674501 0.7344214 0.82241046 -0.52786726 0.082559764 1003.44 
20150706152218 14.73691 2.9191303 0.11312603 0.6177706 -0.3400262 0.028192751 1003.44 
20150706152218 15.336658 0.12389994 0.0023942017 0.49559763 0.016413681 -0.021592766 1003.44 
20150706152218 15.857995 -1.4766239 1.5233108 0.25338954 0.12300967 -0.1089465 1003.39 
20150706152218 13.751098 0.3878607 1.9476831 0.18222374 0.09796418 -0.18072316 1003.39 
20150706152218 11.094132 1.002572 0.38606504 0.20543662 0.026492953 -0.4076596 1003.39 
20150706152218 10.237606 2.6485856 -6.634333 0.19718996 0.1336998 -0.662085 1003.39 
20150706152218 10.737396 5.000889 -9.066842 0.35234973 0.08452515 -0.5200588 1003.39 
20150706152218 11.820174 2.4510639 -5.45878 0.32180646 -0.1369135 -0.34748936 1003.39 
20150706152218 15.300146 -3.132813 -6.371569 -0.31960207 -0.75510913 -0.54754776 1003.39 
20150706152218 17.797897 -4.2185836 -4.654328 -0.49644753 -1.0064802 -0.59427893 1003.39 
20150706152218 16.12375 -3.0819361 -2.746748 -0.5053051 0.036572233 -0.47027332 1003.39 
20150706152218 13.379397 -1.8555063 -2.705448 -0.55997753 0.42508256 -0.41254652 1003.4 
20150706152218 10.320207 -1.5993267 -2.202067 -0.25423947 0.29924428 -0.24639118 1003.4 
20150706152218 7.69257 -1.596334 -1.8794483 0.10830904 0.30779642 0.13845393 1003.4 
20150706152219 5.631162 -0.3752911 -1.1414356 0.24789175 0.40034246 0.41884106 1003.4 
20150706152219 3.0532057 1.258153 -1.347337 0.16328692 0.42202824 0.6738773 1003.4 
20150706152219 0.700304 2.0488381 -1.9033904 -4.2497367E-4 0.41653043 0.73801816 1003.4 
20150706152219 -0.45190558 2.9586349 -1.489792 -0.09480365 0.3939284 0.71572155 1003.4 
20150706152219 2.0733786 2.124854 -1.5807717 -0.36297348 0.22930022 0.68456745 1003.4 
20150706152219 4.5394063 -1.1899183 -0.80804306 -0.61984235 -0.20777386 0.46618313 1003.4 
20150706152219 6.7043633 -2.468422 0.26396075 -0.79119 -0.63079804 0.118906245 1003.39 
20150706152219 8.674192 -3.4476504 0.9247604 -0.8486114 -0.73922664 -0.08481732 1003.39 
20150706152219 10.901399 -4.569334 1.1402385 -0.7410991 -0.551691 -0.11138996 1003.39 
20150706152219 12.887988 -3.815759 1.3892355 -0.32235095 -0.18639359 -0.059466414 1003.39 
20150706152219 13.939042 -0.5955577 1.3880384 -0.078615725 0.10682173 -0.035031803 1003.39 
20150706152219 14.640543 1.271321 0.66858083 -0.06334409 0.24029578 -0.12910505 1003.39 
20150706152219 14.791977 0.39264908 2.167351 -0.08930586 0.23540886 -0.17797427 1003.39 
20150706152219 14.790779 -0.8122329 2.1039047 -0.06456582 0.05764708 -0.03136661 1003.39 
20150706152219 14.1216 -3.3105824 -3.3441012 -0.07097991 -0.06910746 0.17999275 1003.39 
20150706152219 12.647969 -3.514688 -5.8322754 0.003851086 0.03382334 0.5446793 1003.43 
20150706152219 10.020931 -2.9945478 -5.503671 0.17275533 0.03412877 0.7132781 1003.43 
20150706152219 8.312668 -1.9955671 -5.167286 0.38747448 -0.20502497 0.9582351 1003.43 
20150706152219 12.83352 0.92895025 -5.1517234 0.49132153 -0.30398515 0.6918978 1003.43 
20150706152219 16.439787 3.311181 -2.4007857 -0.10610466 0.27603143 0.09630422 1003.43 
20150706152219 15.566501 1.2587515 -3.1016884 -0.47018033 0.36369056 -0.13063222 1003.43 
20150706152219 12.113463 -0.18734628 -3.019687 -0.44513485 0.0671155 0.03124708 1003.43 
20150706152219 9.759963 -0.2621651 -2.1613655 -0.33365196 0.09277183 0.005590737 1003.43 
20150706152219 6.1501055 0.30765492 -2.6372132 -0.54042983 -0.10087245 -0.38933367 1003.43 
20150706152219 2.3110032 -1.4742297 0.2633622 -0.5651699 -0.03123381 -0.74302465 1003.42 
20150706152219 2.8443117 -3.4799721 -0.06404489 -0.4378045 0.15446922 -0.9235353 1003.42 
20150706152219 3.168726 -2.3654714 -0.053869538 -0.10824269 0.026492953 -0.766543 1003.42 
20150706152219 2.219425 -1.5125369 -1.0193313 0.48490748 -0.26153 -0.4684407 1003.42 
20150706152219 4.5142674 0.32561144 -0.23163901 0.57562095 -0.25511593 -0.3572632 1003.42 
20150706152219 6.593033 1.2443863 -0.38067806 0.7585751 -0.24137145 -0.18041773 1003.42 
20150706152219 8.437167 2.3708582 -0.78769237 0.87372315 -0.43226683 0.0043690056 1003.42 
20150706152219 9.922171 2.190096 -0.3573346 0.89449257 -0.46128297 0.08378148 1003.42 
20150706152219 11.13244 1.3132197 1.5280992 0.8697525 -0.29757106 -0.013956953 1003.42 
20150706152219 11.028292 -0.088585466 0.9115923 0.71611995 -0.19402939 -0.12910505 1003.4 
20150706152219 11.087548 -0.5057751 0.31244332 0.6846604 0.07780564 -0.15689942 1003.4 
20150706152219 12.727576 2.421735 1.4999673 0.5643199 0.31023985 -0.17675254 1003.4 
20150706152219 13.184869 3.1256304 1.4263457 0.34624106 0.26870102 -0.21920767 1003.4 
20150706152219 12.826337 1.5921441 0.5434838 0.11899919 -6.905496E-4 -0.5338033 1003.4 
20150706152219 11.294646 1.30484 -5.0840874 0.23597988 -0.100261584 -0.5799236 1003.4 
20150706152219 11.774085 0.8074445 -7.1227503 0.3560149 -0.13660806 -0.54357713 1003.4 
20150706152219 12.210428 -0.95947635 -4.6297874 0.4009135 -9.959787E-4 -0.52525115 1003.4 
20150706152219 16.579248 -2.5354595 -4.5483847 -0.3058576 -0.3204785 -1.0298258 1003.4 
20150706152219 17.782932 -1.8459295 -3.0220811 -0.43200126 -0.22121291 -0.7851743 1003.43 
20150706152219 16.624739 -0.58119243 -2.9993362 -0.37671795 0.43852156 -0.50570345 1003.43 
20150706152219 13.39915 -1.7262194 -2.6252422 -0.030968234 0.41653043 -0.16270263 1003.43 
20150706152219 10.83077 -2.534861 -2.1338322 0.29492837 0.5154906 0.08317062 1003.43 
20150706152219 8.876503 -2.2972364 -2.2750902 0.44489577 0.5222101 0.27681488 1003.43 
20150706152219 7.0581064 -0.91578215 -2.1254525 0.43756542 0.59826285 0.5193284 1003.43 
20150706152219 5.317522 1.0630256 -1.9680338 0.2549167 0.50571674 0.7303823 1003.43 
20150706152219 3.3105824 2.878429 -1.7794905 0.033172615 0.46539962 0.783833 1003.43 
20150706152220 2.4013844 3.9097314 -1.4784195 -0.14367287 0.39820445 0.71847045 1003.43 
20150706152220 3.6894648 2.0326772 -0.52612585 -0.44024795 0.27755857 0.48145473 1003.39 
20150706152220 5.8424506 -1.1474211 -0.2908955 -0.72582746 0.002058342 0.31468856 1003.39 
20150706152220 6.3470287 -3.0460231 0.03172317 -0.8131812 -0.36629337 0.21756096 1003.39 
20150706152220 7.363966 -3.4404678 0.6398504 -0.76003593 -0.619497 0.07217504 1003.39 
20150706152220 8.645462 -2.4366987 1.3485341 -0.7151373 -0.5761256 -0.036253534 1003.39 
20150706152220 9.197925 -1.2036849 1.3784616 -0.6137337 -0.4075268 -0.16728413 1003.39 
20150706152220 9.24521 -0.36750996 0.7541735 -0.5367647 -0.30765033 -0.27693444 1003.39 
20150706152220 10.399814 0.93134445 0.0053869537 -0.3828266 -0.10514851 -0.31328094 1003.39 
20150706152220 11.275493 -0.022146367 0.93613285 -0.35961372 0.17493321 -0.21493162 1003.39 
20150706152220 12.066776 -1.893215 2.9053638 -0.34403667 0.24182294 -0.14773643 1003.35 
20150706152220 12.793417 -1.8255788 2.5701754 -0.34373125 -0.005882904 -0.02311993 1003.35 
20150706152220 15.477317 -2.0638018 -0.08259996 -0.24018958 -0.09659639 0.30857992 1003.35 
20150706152220 15.172056 -1.5310919 -5.153519 -0.30738476 0.08330342 0.6372254 1003.35 
20150706152220 9.1272955 -2.0296845 -6.2368956 -0.26584592 0.18776138 0.8546934 1003.35 
20150706152220 9.7324295 -2.3050177 -5.971139 -0.21117347 -0.015962176 1.0229869 1003.35 
20150706152220 14.830284 0.5895722 -3.709217 -0.06364952 0.07811107 0.8534717 1003.35 
20150706152220 17.270575 0.7846996 -2.3349452 -0.18734974 0.44951713 0.7233574 1003.35 
20150706152220 15.024214 -0.6135142 -2.0602105 -0.42558718 0.052454725 0.43655616 1003.35 
20150706152220 11.296442 -1.3808558 -1.5544355 -0.30097067 -0.10514851 -0.02678512 1003.4 
20150706152220 7.765593 -1.5640123 -1.5945383 -0.1616934 -0.030012079 -0.40735418 1003.4 
20150706152220 3.7822402 -1.9093759 -1.6514006 -0.13664792 0.27939117 -0.7308073 1003.4 
20150706152220 7.463325 -1.910573 0.5823896 -0.06914731 0.41133803 -0.90704197 1003.4 
20150706152220 6.619369 -1.4856021 -0.89902276 0.02095531 0.27786398 -0.9403341 1003.4 
20150706152220 6.017826 -0.79846627 -0.6512229 0.42351553 -0.336361 -0.6452862 1003.4 
20150706152220 5.307347 0.02932897 -1.0097545 0.73016983 -0.39958555 -0.58481055 1003.4 
20150706152220 6.235698 0.37948096 -0.65301853 0.9274793 -0.32383826 -0.45775056 1003.4 
20150706152220 8.056489 0.83018947 -0.28491 1.03377 -0.27802336 -0.29739842 1003.4 
20150706152220 9.336788 2.078167 -0.40521863 0.96688014 -0.40233445 -0.1755308 1003.37 
20150706152220 9.24521 3.1830912 -0.6769605 0.8318789 -0.51381737 -0.10925193 1003.37 
20150706152220 8.992023 3.5859156 0.14305355 0.6162435 -0.44540042 -0.049998 1003.37 
20150706152220 9.016563 2.8018146 1.1552023 0.28820887 -0.27527446 0.001925543 1003.37 
20150706152220 8.575432 1.3299791 1.5478514 0.021260746 -0.16592959 0.08775212 1003.37 
