20150706151831 15.355811 1.8926164 2.0069396 -0.024859585 0.40461856 -0.006931998 1003.33 
20150706151831 15.95077 -2.3708582 3.4009635 -0.28172842 0.24212839 0.025749288 1003.33 
20150706151831 16.775572 -5.4138885 -0.10354923 -0.37763426 0.07658391 0.3207972 1003.33 
20150706151831 16.24406 -6.7133417 -1.7735049 -0.2514906 -0.07307808 0.52085555 1003.33 
20150706151831 13.180679 -4.935048 -4.611831 0.089372225 -0.18517184 0.62867326 1003.33 
20150706151831 8.2037325 -3.3859997 -4.3275194 0.7921727 -0.5574942 0.73679644 1003.33 
20150706151831 4.833295 -0.599149 -6.381745 0.8153855 -0.40294534 0.4264769 1003.36 
20150706151831 9.81922 1.9710265 -4.3478703 0.48215857 0.029852718 -0.18805355 1003.36 
20150706151831 14.829685 4.100669 -2.086547 0.12083178 0.5020516 -0.222262 1003.36 
20150706151831 15.858594 2.3517046 -3.0107086 -0.2869208 0.074140444 -0.026174255 1003.36 
20150706151832 12.71381 0.7320272 -2.6719291 -0.2808121 -0.61369383 0.097220525 1003.36 
20150706151832 9.173983 -0.40701428 -2.03567 -0.21331151 -0.7523602 -0.1623972 1003.36 
20150706151832 3.3758245 -1.30484 -2.8640637 -0.40390146 -0.769159 -0.54602057 1003.36 
20150706151832 0.92416185 -3.5889084 1.5466543 -0.41764593 -0.38064873 -0.84442824 1003.36 
20150706151832 2.2254105 -3.537433 0.99419224 -0.43261212 0.023744062 -1.0536495 1003.36 
20150706151832 2.4510639 -1.8614918 0.22744916 -0.12473605 -0.04161852 -0.8120524 1003.37 
20150706151832 2.4917655 0.46088383 -0.6242881 0.30500767 -0.23495737 -0.45347452 1003.37 
20150706151832 4.226963 2.7778726 -0.14963761 0.37586802 -0.2062467 -0.4311779 1003.37 
20150706151832 7.9092455 3.8241386 0.6326678 0.32272276 -0.5904809 -0.20882297 1003.37 
20150706151832 11.286267 4.2371383 0.020350715 0.32852596 -0.617359 0.17357868 1003.37 
20150706151832 12.546215 2.574964 -0.18255788 0.19963339 -0.5385574 0.3589763 1003.37 
20150706151832 13.918692 -0.7320272 -0.4357447 0.07562775 -0.33697188 0.3516459 1003.37 
20150706151832 14.743494 -3.2632968 -0.8607155 0.24269941 -0.114616916 0.29452997 1003.37 
20150706151832 16.356588 -0.5363012 1.2635399 0.3718974 0.1889831 0.15800162 1003.37 
20150706151832 16.333244 1.7244238 1.5544355 0.2286495 0.19753523 -0.030450314 1003.42 
20150706151832 14.325706 1.8483237 -0.9744401 0.16145432 -0.011686124 -0.42354208 1003.42 
20150706151832 12.7575035 3.2902317 -5.2241483 0.2032986 -0.10667567 -0.61810267 1003.42 
20150706151832 11.763311 3.567959 -6.5391636 0.17458794 0.108959764 -0.51272845 1003.42 
20150706151832 8.094796 1.9620483 -5.383961 0.08784505 -0.14180042 -0.40094006 1003.42 
20150706151832 10.011953 0.7314286 -6.078878 -0.42253286 -0.5150391 -0.5732041 1003.42 
20150706151832 15.283985 -1.1168951 -6.281188 -0.52699083 -0.23129217 -0.33099604 1003.42 
20150706151832 16.480488 -3.1908724 -4.470573 -0.59907293 0.13186722 -0.2689932 1003.42 
20150706151832 14.65431 -3.168726 -2.8419175 -0.7389611 0.25190222 -0.39910752 1003.42 
20150706151832 10.810419 -3.6834793 -2.1374235 -0.6610758 -0.006188333 -0.31602982 1003.4 
20150706151832 7.189788 -3.1519666 -2.110489 -0.14550547 -0.030317511 0.15922335 1003.4 
20150706151832 4.2622776 -0.8511387 -0.88944596 0.15442938 0.08299799 0.50863826 1003.4 
20150706151832 1.2054806 1.276708 -1.0761937 0.24422657 0.354833 0.82353926 1003.4 
20150706151832 -0.8487445 2.7443538 -2.3409307 0.11502855 0.59765196 0.7609256 1003.4 
20150706151832 -1.3491327 4.371214 -1.1019313 0.057912655 0.5875727 0.59751916 1003.4 
20150706151832 2.730587 2.0111294 -0.9744401 -0.14764349 0.41622502 0.53490543 1003.4 
20150706151832 5.321712 -1.0313023 -1.0690111 -0.5330995 -0.18333925 0.22550224 1003.4 
20150706151832 7.9212165 -2.9580362 -0.036511578 -0.78202707 -0.7132648 -0.17033845 1003.4 
20150706151832 10.627861 -4.039018 1.033098 -0.7597305 -0.86048335 -0.2509727 1003.39 
20150706151832 12.926893 -4.696825 1.9189527 -0.67787457 -0.5504693 -0.101310685 1003.39 
20150706151832 13.73374 -3.9456444 1.9273324 -0.37488535 -0.0052720383 -0.006931998 1003.39 
20150706151832 14.699202 -0.47644615 1.6843209 -0.036466025 0.34292114 -0.0078483 1003.39 
20150706151832 16.452953 0.17956513 3.2070332 0.11930462 0.59795743 -0.05305233 1003.39 
20150706151832 16.364967 -0.27712885 3.3411086 0.22528973 0.43332922 -0.114749715 1003.39 
20150706151832 14.620193 -1.0169371 -0.6805518 0.15504023 0.12087163 -0.03839156 1003.39 
20150706151832 10.669162 -3.5775359 -6.5445504 0.1611489 0.14530624 0.2639867 1003.39 
20150706151832 9.287707 -2.5510218 -6.6546836 0.18894327 0.15630183 0.5660596 1003.39 
20150706151832 9.069835 -3.5775359 -5.599439 0.2472809 0.10315654 0.6738773 1003.42 
20150706151832 14.285005 -1.7555484 -7.495647 0.2555276 -0.3577413 0.73557466 1003.42 
20150706151832 19.367895 2.542642 -4.3879733 0.19535735 -0.1772306 0.71724874 1003.42 
20150706151832 18.171392 1.483208 -4.317344 -0.206592 -0.10575937 0.5419304 1003.42 
20150706151832 13.584701 -0.2220622 -2.669535 -0.20414853 -0.2370954 0.19831873 1003.42 
20150706151832 9.024344 -0.93972415 -1.2641385 -0.13725878 -0.022070833 -0.32824713 1003.42 
20150706151832 5.523423 -1.5358804 -1.4808137 -0.22125277 0.06803179 -0.7344725 1003.42 
20150706151832 -0.4249708 -1.769315 -0.089782566 -0.24171674 0.10957062 -1.11046 1003.42 
20150706151832 -2.2655134 -2.0284874 -0.62728083 -0.23805156 0.15294206 -1.2579839 1003.42 
20150706151833 -0.557849 -0.25558102 -0.1364695 -0.35289422 0.0029746443 -1.135811 1003.39 
20150706151833 2.7503393 0.02633622 0.13706805 0.34929538 0.1477497 -0.9858436 1003.39 
20150706151833 2.8562827 0.66738373 -1.4981717 0.8963252 -0.1387461 -0.480658 1003.39 
20150706151833 5.708974 0.90979666 -0.825401 1.0004778 -0.7841252 -0.15170705 1003.39 
20150706151833 10.067019 2.5941176 0.56443304 0.95069224 -0.6179699 0.027581885 1003.39 
20150706151833 13.199234 4.911106 2.208651 0.8850242 -0.47716546 0.19495897 1003.39 
20150706151833 14.807539 3.4087446 0.7338228 0.50078994 -0.44020808 0.18274166 1003.39 
20150706151833 16.260221 -0.7236475 -1.6603789 0.29279035 -0.17142738 0.08072716 1003.39 
20150706151833 17.580025 -0.12629414 0.79487497 0.3529606 -0.038564194 0.008339629 1003.39 
20150706151833 16.228498 1.6286557 0.8206126 0.06432674 -0.32353282 0.04315895 1003.39 
20150706151833 14.698603 0.9247604 -1.804031 -0.2160604 -0.68149984 -0.35023826 1003.39 
20150706151833 15.0900545 2.5767596 -6.553529 -0.19712359 -0.22426723 -0.47851998 1003.39 
20150706151833 11.822568 1.0839748 -5.765238 -0.29883265 -0.10362134 -0.5200588 1003.39 
20150706151833 9.5570545 1.6657659 -5.2325277 -0.33792803 -0.13538633 -0.5735095 1003.39 
20150706151833 11.291654 0.51595044 -6.740875 -0.48789543 -0.4460113 -0.5948898 1003.39 
20150706151833 14.8272915 -4.19105 -4.096479 -0.3312085 0.10682173 -0.26777148 1003.39 
20150706151833 17.00781 -4.8985367 -3.9001546 -0.20628655 0.57413363 -0.23142497 1003.39 
20150706151833 15.413871 -2.385822 -2.8101943 -0.1485598 0.48219842 -0.31755698 1003.39 
20150706151833 11.865065 -1.9871874 -2.504335 -0.0156966 0.013664782 -0.26105195 1003.39 
20150706151833 7.89907 -1.1270704 -2.3953989 0.4326785 -0.3748455 -0.027395986 1003.39 
20150706151833 4.5555673 0.25737667 -1.3868413 0.57470465 -0.25267246 0.59232676 1003.39 
20150706151833 1.4646529 1.816002 -1.7046716 0.3596801 0.2680902 0.91761255 1003.39 
20150706151833 -1.1109096 2.842516 -2.5252843 0.137936 0.57413363 0.91242015 1003.39 
20150706151833 -2.1051018 4.405331 -1.1061212 -0.17696503 0.6905035 0.79299605 1003.39 
20150706151833 3.007716 4.072537 0.47884035 -0.7737804 0.5304568 0.6702121 1003.39 
20150706151833 5.921459 -2.533664 0.23942018 -0.9698681 0.023744062 0.5318511 1003.39 
20150706151833 9.311649 -3.4207156 1.0283096 -1.1500733 -0.36507165 -0.20332518 1003.39 
20150706151833 12.30081 -4.847061 1.407192 -0.99644077 -0.66470104 -0.17797427 1003.3 
20150706151833 14.91468 -5.9663506 2.3953989 -0.7545381 -0.2325139 -0.29373324 1003.3 
20150706151833 12.331934 -1.1025299 1.4203602 -0.49522582 0.20150585 -0.4476713 1003.3 
20150706151833 13.53562 1.8261774 1.875857 -0.3031087 0.26167607 -0.020371035 1003.3 
20150706151833 15.173852 -0.7164649 2.9741971 -0.19132036 0.552448 -0.038696993 1003.3 
20150706151833 14.430452 -1.9321208 1.0450691 -0.03860405 0.38476545 0.036439434 1003.3 
20150706151833 12.741343 -1.6310499 -1.8974048 0.023704208 -0.09842899 0.23313804 1003.3 
20150706151833 9.193136 -3.1310172 -6.172252 0.00904344 -0.08926601 0.4970318 1003.3 
20150706151833 9.788095 -4.1198225 -6.7306995 0.0062945485 -0.09323663 0.64699924 1003.3 
20150706151833 14.215572 -4.613028 -6.9342065 0.32822055 -0.07735413 0.78933084 1003.38 
20150706151833 17.770363 -1.0779893 -6.7121444 0.6351803 -0.50893044 1.0721616 1003.38 
20150706151833 19.607914 3.6104562 -3.526659 0.5172833 -0.3232274 0.59507567 1003.38 
20150706151833 16.393099 2.098518 -3.0801406 0.07562775 0.28488898 -0.036558967 1003.38 
20150706151833 11.754931 0.66020113 -2.497751 -0.022416122 0.29985517 -0.28457028 1003.38 
20150706151833 8.370728 0.65660983 -1.0169371 -0.20720285 0.44035417 -0.33160686 1003.38 
20150706151833 5.3007627 -0.0011971008 -1.1438298 -0.42650348 0.11231953 -0.48493403 1003.38 
20150706151833 0.83258367 -1.751957 -0.16460137 -0.35961372 0.12575856 -0.70942706 1003.38 
20150706151833 0.7445967 -3.156755 0.9415198 -0.21758756 0.17462777 -0.8783313 1003.38 
20150706151833 2.2098482 -2.582745 0.35075054 -0.1879606 0.04542978 -0.7201172 1003.39 
20150706151833 0.19991584 -1.0456676 -0.6051345 0.60799676 -0.10270505 -0.7042347 1003.39 
20150706151833 0.10175357 0.4914099 0.007182605 0.5902817 -0.28810263 -0.5845051 1003.39 
20150706151833 1.9003977 1.4574703 0.12569559 0.5646254 -0.16928935 -0.45744514 1003.39 
20150706151833 5.5192337 0.92057055 0.35913026 0.7601022 -0.24503665 -0.16270263 1003.39 
20150706151834 14.036606 2.1643584 1.2563573 1.0230798 -0.29634935 -0.044500213 1003.39 
20150706151834 18.476652 3.3584664 0.044891283 1.1281486 -0.55902135 0.06301206 1003.39 
20150706151834 18.691532 2.0290859 -0.95588505 0.9613823 -0.71540284 0.154031 1003.39 
20150706151834 16.4751 2.3253684 1.2204443 0.65930945 -0.5852886 0.0343014 1003.39 
20150706151834 16.241665 2.5450363 1.9512744 0.30134246 -0.31039923 -0.17308736 1003.37 
20150706151834 12.810176 1.2204443 0.98581254 -0.035549723 -0.19922176 -0.32977426 1003.37 
20150706151834 11.720815 0.5734113 -2.995745 -0.26645678 0.03382334 -0.54479885 1003.37 
20150706151834 13.366828 0.11372458 -8.271368 -0.29974893 -0.0788813 -0.5194479 1003.37 
20150706151834 9.448118 0.64823014 -5.879561 -0.07525596 -0.14118955 -0.26410627 1003.37 
20150706151834 9.108741 0.6584055 -4.909311 -0.13389903 -0.46891874 -0.46080488 1003.37 
20150706151834 14.347853 -0.8086416 -5.751471 -0.49675298 -0.5544399 -0.6611687 1003.37 
20150706151834 16.757616 -3.8379054 -3.1364043 -0.43475014 0.24670987 -0.49409705 1003.37 
20150706151834 16.354792 -2.2080526 -2.3301568 -0.31654772 0.42447168 -0.29953647 1003.37 
20150706151834 13.884574 -2.066196 -2.2535424 -0.28508818 0.16668652 -0.2708258 1003.36 
20150706151834 10.670359 -2.4366987 -1.3581109 0.10372756 -0.28138313 0.04468611 1003.36 
20150706151834 6.7863646 -2.1894975 -1.252766 0.45466962 -0.45945036 0.44785714 1003.36 
20150706151834 3.8893807 0.090381116 -0.6919243 0.60677505 -0.084073655 0.89989746 1003.36 
20150706151834 -0.09636662 0.9900024 -2.1272483 0.5081203 0.34475374 1.013213 1003.36 
20150706151834 -1.6178818 2.645593 -1.6226702 0.43328938 0.61139643 0.8354512 1003.36 
20150706151834 -2.469619 4.003105 -1.353921 0.2390342 0.61445075 0.73832357 1003.36 
20150706151834 2.1452048 1.2509704 0.11611878 -0.2038431 0.36246884 0.57888776 1003.36 
20150706151834 6.999449 -1.8082209 0.7074866 -0.45307612 -0.016878478 0.24993683 1003.36 
20150706151834 10.9103775 -3.4051533 0.36032736 -0.42558718 -0.75174934 -0.29770386 1003.39 
20150706151834 13.859435 -5.1259856 -0.46028528 -0.44116423 -0.9417285 -0.23295215 1003.39 
20150706151834 14.209587 -3.0532057 1.9560628 -0.34861815 -0.37912154 -0.18927528 1003.39 
20150706151834 12.7575035 1.4826094 2.4115596 -0.36755496 -0.046810873 -0.12941048 1003.39 
20150706151834 13.032238 2.7257986 3.103484 -0.31654772 0.3383397 -0.07504348 1003.39 
20150706151834 14.334684 -2.3008277 2.9855695 -0.3919896 0.73937273 0.01108852 1003.39 
20150706151834 13.788208 -3.8073792 -1.3533225 -0.36511153 0.339256 0.13478874 1003.39 
20150706151834 11.259332 -6.0645127 -6.873753 -0.24293849 -0.14577104 0.42128456 1003.39 
20150706151834 11.959038 -3.21661 -5.1744685 -0.16138797 -0.1772306 0.68640006 1003.39 
20150706151834 11.163564 -3.0831332 -5.0038815 0.104338415 -0.13935696 0.7987992 1003.41 
20150706151834 13.896545 -0.82599956 -6.4463882 0.44000885 -0.47197306 0.933495 1003.41 
20150706151834 17.500418 2.8119898 -3.3692403 0.54293966 -0.14057869 0.6021006 1003.41 
20150706151834 16.613964 1.3868413 -3.0322564 0.1761151 0.3759079 0.1457843 1003.41 
20150706151834 13.79539 -0.64463884 -2.7659016 -0.23682982 0.21219598 -0.038086127 1003.41 
20150706151834 9.958682 -0.5255273 -1.4239515 -0.2789795 0.30749094 -0.15323423 1003.41 
20150706151834 6.449381 -0.92296475 -1.7130513 -0.34648013 -0.1772306 -0.4824906 1003.41 
20150706151834 1.3928268 -1.5957354 -0.9588778 -0.40848294 -0.27313644 -0.8749715 1003.41 
20150706151834 0.53091425 -1.8561049 0.4141969 -0.3406769 -0.038564194 -1.0976318 1003.41 
20150706151834 0.81163436 -2.0039468 -0.39444473 -0.37946686 -0.018711075 -0.9797349 1003.41 
20150706151834 0.47165772 0.19393034 -0.54288524 0.34960082 -0.2670278 -0.8450391 1003.41 
20150706151834 0.57999533 1.7836803 -0.10594343 0.5145344 -0.20563585 -0.5246403 1003.41 
20150706151834 2.8101943 1.6837224 -0.06344634 0.362429 -0.29024068 -0.29800928 1003.41 
20150706151834 6.7743936 1.1162965 0.059855044 0.36853763 -0.48785555 -0.031977475 1003.41 
20150706151834 11.233594 1.204882 0.60333884 0.4696358 -0.6601196 0.21756096 1003.41 
20150706151834 14.258668 1.9458874 0.1400608 0.5618765 -0.7709916 0.3226298 1003.41 
20150706151834 16.911444 0.8230068 -0.7218518 0.5291952 -0.6402664 0.31499398 1003.41 
20150706151834 17.406445 -1.7465701 0.8822633 0.46108374 -0.4683079 0.17082979 1003.41 
20150706151834 19.437326 -0.1316811 2.6761189 0.35082254 -0.29970908 0.005896166 1003.33 
20150706151835 16.09921 0.66259533 1.8776526 0.16634125 -0.38584107 -0.26380083 1003.33 
20150706151835 10.386047 0.7978677 -0.35314476 0.07318429 -0.1622644 -0.75799084 1003.33 
20150706151835 8.021772 2.8293478 -10.396821 0.17000642 0.08055453 -0.890854 1003.33 
20150706151835 11.9057665 4.6962266 -6.6522894 0.38747448 0.21097426 -0.4986785 1003.33 
20150706151835 14.84405 1.3138182 -6.1884127 0.12938389 -0.091404036 -0.34932196 1003.33 
20150706151835 19.033304 -4.0695443 -5.6982 -0.42467088 -1.0464919 -0.4443115 1003.33 
20150706151835 18.788498 -4.789002 -3.17531 -0.56119925 -0.7612178 -0.3251928 1003.33 
20150706151835 14.756063 -2.2188265 -2.1218612 -0.63816833 0.468454 -0.5163936 1003.33 
20150706151835 10.645219 -1.4275428 -1.7711107 -0.519355 0.33009297 -0.3981912 1003.35 
20150706151835 7.503428 -1.0456676 -1.9333179 0.031645454 0.59948456 0.03155251 1003.35 
20150706151835 4.8901567 -0.14784196 -1.543063 0.33402374 0.4993027 0.51719034 1003.35 
20150706151835 1.8064252 0.8050503 -2.8293478 0.22070825 0.5035787 0.84033805 1003.35 
20150706151835 -0.7541735 1.3694834 -3.4003649 0.021260746 0.6098693 0.83820003 1003.35 
20150706151835 -2.0566192 2.4594438 -1.1240777 -0.18368454 0.6578222 0.6555513 1003.35 
20150706151835 0.6973112 3.0268695 -0.7284359 -0.6962005 0.4959429 0.40998352 1003.35 
20150706151835 3.596091 -1.3868413 -0.11611878 -1.1115888 -0.29665476 0.22275333 1003.35 
20150706151835 5.719149 -3.1830912 -0.37110126 -1.0477535 -0.5406954 -0.18896985 1003.35 
20150706151835 7.217321 -4.595072 -0.20829555 -0.65924317 -0.67966723 -0.36092842 1003.3 
20150706151835 9.387066 -4.161721 1.8291701 -0.42497632 -0.44356787 -0.15353966 1003.3 
20150706151835 12.082937 -2.7844565 2.8377275 -0.28936422 0.02099517 -0.13063222 1003.3 
20150706151835 14.352042 -0.11911154 2.6342204 -0.1308447 -0.011991553 -0.21829137 1003.3 
20150706151835 17.03235 2.8461072 0.8571242 -0.17696503 -0.02543059 -0.267466 1003.3 
20150706151835 17.2185 1.4814123 2.3654714 -0.33731717 -0.12408532 -0.0044885427 1003.3 
20150706151835 15.909471 -1.0097545 1.7076644 -0.23713526 -0.3543815 0.19007204 1003.3 
20150706151835 14.877569 -3.204639 -2.508525 -0.14214571 -0.4643373 0.49214488 1003.3 
20150706151835 12.862848 -5.659294 -6.054936 -0.049599625 -0.17173281 0.66685236 1003.3 
20150706151835 12.230181 -3.1094694 -4.9015293 0.08173641 0.028630987 0.76886684 1003.38 
20150706151835 10.702681 -3.705027 -5.804742 0.44123062 -0.11156259 1.0773538 1003.38 
20150706151835 13.272856 -0.18555063 -5.5683146 0.6574769 -0.23281933 0.9231103 1003.38 
20150706151835 16.577452 2.6144683 -3.2453403 0.26927203 0.40186965 0.18854488 1003.38 
20150706151835 16.14111 1.3132197 -2.5378537 0.12663499 0.29435736 -0.14162779 1003.38 
20150706151835 12.685678 0.6835446 -2.7694929 0.056996368 -0.016878478 -0.14254409 1003.38 
20150706151835 9.226056 0.6404489 -1.3928268 -0.052348517 -0.29482216 -0.31267005 1003.38 
20150706151835 5.040992 0.023343466 -1.5819688 -0.115267634 -0.54558235 -0.6242114 1003.38 
20150706151835 0.29209262 -1.0582372 -0.7565677 -0.10671552 -0.30887204 -0.92200816 1003.38 
20150706151835 -1.5478514 -1.899799 1.1432313 -0.038298614 0.12392597 -1.1416142 1003.37 
20150706151835 -0.7505822 -1.0145429 -0.017357962 -0.19376382 0.25617826 -0.856951 1003.37 
20150706151835 0.42676646 0.43275195 -0.18016368 0.30775654 -0.08896057 -0.77662224 1003.37 
20150706151835 1.6579847 1.009156 -0.82899237 0.47330102 -0.20410869 -0.57839644 1003.37 
20150706151835 6.215946 0.7368156 -0.24361002 0.22651148 -0.832689 -0.2683823 1003.37 
20150706151835 10.916363 1.2330139 0.35553896 0.40121892 -0.78901213 0.12806922 1003.37 
20150706151835 12.835316 1.1055226 0.16340427 0.55332434 -0.81039244 0.36936098 1003.37 
20150706151835 14.9063 1.1264719 -0.025737667 0.69840485 -0.71967894 0.36752838 1003.37 
20150706151835 14.08449 -0.88765025 -0.32441434 0.73322415 -0.23037589 0.22366963 1003.37 
20150706151835 15.122376 0.31364042 0.9540894 0.64403784 0.23082738 0.023611262 1003.41 
20150706151835 17.074848 2.379238 2.123657 0.5527135 0.37560242 -0.07504348 1003.41 
20150706151835 15.984888 1.8136078 0.7032967 0.24453199 -6.905496E-4 -0.26960406 1003.41 
20150706151835 12.345701 1.4586674 -2.2385786 0.19169214 -0.30765033 -0.56068134 1003.41 
20150706151835 12.500127 2.9939492 -9.137471 0.08570703 -0.17478713 -0.6678882 1003.41 
20150706151835 10.487202 1.7651252 -6.896498 0.091204815 0.07963823 -0.48921013 1003.41 
20150706151835 11.691485 2.0266917 -6.894104 -0.1458109 -0.07338351 -0.63673407 1003.41 
20150706151836 16.743252 -1.1725603 -5.8083334 -0.36327893 -0.5874266 -0.5166991 1003.41 
20150706151836 17.555485 -3.5182793 -3.9564183 -0.49461496 -0.0049666017 -0.36215013 1003.41 
20150706151836 15.515624 -2.8125885 -2.3409307 -0.5743329 0.5219047 -0.45744514 1003.43 
20150706151836 10.771513 -2.9640217 -2.3026235 -0.28783706 0.18562336 -0.19752195 1003.43 
20150706151836 7.4884644 -2.5222914 -2.148796 0.21673763 0.033517905 0.1277638 1003.43 
20150706151836 4.4562078 -1.1438298 -1.8447324 0.5884491 0.033517905 0.5639216 1003.43 
20150706151836 1.4622587 0.919972 -2.814384 0.49376503 0.3032149 0.87576824 1003.43 
20150706151836 -0.8110358 2.3409307 -3.1860838 0.22223541 0.48891795 0.9029518 1003.43 
20150706151836 -2.520496 3.7271736 -0.011971008 0.044779055 0.59459764 0.815598 1003.43 
20150706151836 0.32561144 5.422867 -1.1192893 -0.52851796 0.500219 0.6992282 1003.43 
20150706151836 3.6044707 -0.62967503 0.11851298 -0.743848 -0.09537466 0.66471434 1003.43 
20150706151836 7.20954 -2.2409728 -0.049679685 -0.7487349 -0.38278675 0.48573083 1003.32 
20150706151836 10.02153 -3.3566709 0.7074866 -1.0117124 -0.7621341 -0.4977622 1003.32 
20150706151836 12.354081 -5.861006 1.572392 -0.92160976 -0.7117377 -0.41865516 1003.32 
20150706151836 14.310742 -2.336741 1.8890251 -0.70902866 -0.25603223 -0.5915301 1003.32 
20150706151836 13.34109 1.8596961 0.55844754 -0.6036544 -0.11797667 -0.45988858 1003.32 
20150706151836 13.947422 1.775899 2.5893292 -0.539819 0.08299799 0.09966399 1003.32 
20150706151836 14.523228 -2.1871033 3.4386723 -0.49369866 0.40461856 0.10088572 1003.32 
20150706151836 14.211383 -2.6036944 0.3549404 -0.44238597 0.17065714 0.28475612 1003.32 
20150706151836 13.401544 -4.699818 -4.2538977 -0.29150227 0.07108612 0.4970318 1003.32 
20150706151836 12.931682 -4.3317094 -6.703765 -0.13206643 0.0041963756 0.6512753 1003.4 
20150706151836 12.202647 -3.555988 -6.305729 0.17244989 -0.26183546 0.78597105 1003.4 
20150706151836 12.555792 -2.1745336 -7.2059484 0.49651393 -0.6433208 1.0770484 1003.4 
20150706151836 15.323489 1.7154455 -5.0427876 0.6718322 -0.48113608 0.7435159 1003.4 
20150706151836 16.696564 3.1711202 -3.4596214 0.24117225 0.5915433 0.16838633 1003.4 
20150706151836 15.639524 1.5508442 -3.2321723 -0.17849219 0.40064794 -0.038086127 1003.4 
20150706151836 12.30081 1.1659763 -2.6192567 -0.21453324 0.11537385 -0.17247649 1003.4 
20150706151836 9.284116 0.717662 -1.5340848 -0.45124352 -0.38492477 -0.5396065 1003.4 
20150706151836 5.1523223 -0.19033903 -1.9207484 -0.5153844 -0.6350741 -0.8615325 1003.4 
20150706151836 0.17597382 -2.7491422 1.2886791 -0.4173405 -0.23923342 -1.119623 1003.39 
20150706151836 -1.2336124 -3.4835634 -0.18854338 -0.3489236 0.09063381 -1.1297023 1003.39 
20150706151836 -0.065242 -2.4720132 0.2136825 0.05119314 0.0671155 -0.82824033 1003.39 
20150706151836 1.769315 -0.18794483 0.14903906 0.80164105 0.04298632 -0.5603759 1003.39 
20150706151836 3.7301662 1.4036007 -0.7374141 0.656866 -0.42188215 -0.29770386 1003.39 
20150706151836 5.4114943 2.3971944 -1.0289081 0.58967084 -0.7257876 -0.12421813 1003.39 
20150706151836 7.955932 2.6821043 -0.93134445 0.73108613 -0.57948536 0.08103259 1003.39 
20150706151836 11.872248 3.470994 0.18555063 0.75307727 -0.34582943 0.18426882 1003.39 
20150706151836 15.805921 2.7874494 0.8571242 0.62479556 -0.24412034 0.2655139 1003.39 
20150706151836 18.164808 -0.90381116 -1.1725603 0.24086681 -0.27130383 0.24138473 1003.42 
20150706151836 19.607914 -0.533907 1.4574703 0.09548087 -0.38675737 0.030636214 1003.42 
20150706151836 17.852365 1.4951789 1.567005 -0.1158785 -0.5712387 -0.056106653 1003.42 
20150706151836 13.669096 -0.08200141 1.0336965 -0.17971392 -0.56451917 -0.34657305 1003.42 
20150706151836 10.185533 -0.12509704 -4.4819455 -0.13420446 0.013359353 -0.68957394 1003.42 
20150706151836 8.772954 2.0123265 -9.320028 0.12174808 0.35849822 -0.58572686 1003.42 
20150706151836 9.650429 4.8638206 -5.6305637 0.2894306 0.27358794 -0.4433952 1003.42 
20150706151836 12.8610525 3.0765493 -6.2464724 -0.12779038 -0.24992357 -0.59427893 1003.42 
20150706151836 17.611748 -3.0358477 -6.353613 -0.36388978 -0.77801657 -0.51272845 1003.42 
20150706151836 18.677168 -5.0463786 -4.2024226 -0.37091473 0.042070016 -0.31267005 1003.42 
20150706151836 15.065515 -3.3560722 -2.746748 -0.35442138 0.375297 -0.35573608 1003.42 
20150706151837 11.128249 -2.8766334 -2.0099323 -0.09541452 0.17982014 -0.15079077 1003.42 
20150706151837 8.006809 -2.4941597 -1.4993688 0.53835815 0.14652798 0.18060364 1003.42 
20150706151837 5.5760956 -1.1186907 -1.0588357 0.7261992 0.17523865 0.50375134 1003.42 
20150706151837 2.4229321 0.7757214 -2.0446482 0.64312154 0.31665397 0.7645908 1003.42 
20150706151837 -1.0857705 1.560421 -2.8502972 0.46261087 0.5231264 0.68181854 1003.42 
20150706151837 -3.044826 3.1238346 -1.9829975 0.31264347 0.77999526 0.56269985 1003.42 
20150706151837 -2.9233203 5.118803 -0.55725044 -0.14275658 0.54786646 0.55811834 1003.42 
20150706151837 2.0763714 -0.9576807 -0.9959879 -0.56639165 0.16210504 0.66960126 1003.38 
20150706151837 7.7967176 -1.4101849 0.9588778 -0.69284075 -0.31620246 0.24535535 1003.38 
20150706151837 10.624868 -2.303222 1.1019313 -0.7682826 -0.42951792 -0.4647755 1003.38 
20150706151837 13.270461 -7.3986816 3.2267854 -0.85258204 -0.5168717 -0.2277598 1003.38 
20150706151837 18.216883 -1.7776948 2.0991163 -0.86876994 -0.40386158 -0.53349787 1003.38 
20150706151837 19.08478 1.9668367 0.1340753 -0.669017 -0.2511453 -0.11505515 1003.38 
20150706151837 16.46672 0.86849666 2.4522612 -0.401458 -0.008326367 0.41884106 1003.38 
20150706151837 14.643537 -2.396596 1.762731 -0.28203386 -0.10392678 0.3027767 1003.38 
20150706151837 12.675503 -4.5040917 -3.5883098 -0.23591352 0.047873244 0.27284425 1003.38 
20150706151837 10.266935 -5.73531 -6.481104 -0.12534691 0.2833618 0.37974572 1003.4 
20150706151837 11.654375 -4.333505 -5.4378304 0.0844853 0.2628978 0.62775695 1003.4 
20150706151837 13.289017 -2.569577 -8.215105 0.6351803 -0.28046682 1.0486432 1003.4 
20150706151837 17.145477 1.7705121 -6.746262 0.795227 -0.5593268 0.9982467 1003.4 
20150706151837 18.473063 3.4410665 -4.7506948 0.34960082 0.1065163 0.44571912 1003.4 
20150706151837 16.387712 0.93613285 -3.5811272 -0.077088565 0.110792354 0.05629255 1003.4 
20150706151837 11.886014 0.3705027 -2.907758 -0.07800486 0.0023637787 -0.045721944 1003.4 
20150706151837 8.200141 0.7009025 -1.4670471 -0.31013367 -0.21113363 -0.39116627 1003.4 
20150706151837 3.9857473 -0.10175357 -1.7010803 -0.5062214 -0.13355374 -0.6782729 1003.4 
20150706151837 -0.41120413 -1.3844471 -0.18614918 -0.4203948 0.1346161 -1.1254262 1003.36 
20150706151837 -1.8806454 -2.3864205 0.20829555 -0.27928495 0.45196062 -1.2115582 1003.36 
20150706151837 -2.915539 -2.813187 1.3838485 -0.28356102 0.36155254 -0.95194054 1003.36 
20150706151837 -2.6874914 -3.2758665 0.30466217 0.47971514 0.4989972 -0.8432065 1003.36 
20150706151837 2.3391352 -0.39504328 -1.5263035 0.8636439 -0.094458364 -0.6462025 1003.36 
20150706151837 6.918046 2.0895395 -0.7835025 0.774763 -1.0333582 0.042242654 1003.36 
20150706151837 11.259332 4.1216183 -0.39624038 0.84531796 -0.7639667 0.23130544 1003.36 
20150706151837 14.082694 4.644751 0.40821138 0.7280318 -0.9026331 0.0923336 1003.36 
20150706151837 14.200609 1.2389994 -0.6386533 0.4864346 -0.42371476 0.027887315 1003.36 
20150706151837 15.374965 -1.2192472 -0.9403227 0.35540405 -0.08101933 -0.085733615 1003.44 
20150706151837 17.320253 0.4914099 2.2290018 0.32150102 0.15172033 -0.09092598 1003.44 
20150706151837 16.855778 1.0043676 1.608305 -0.00409016 -0.05139236 0.016280875 1003.44 
20150706151837 13.701418 0.059855044 0.43993455 -0.11557307 -0.5226749 -0.28273767 1003.44 
20150706151837 8.246828 1.1384429 -6.3512187 0.05088771 -0.15218513 -0.38322496 1003.44 
20150706151837 7.745841 4.2874165 -13.538612 0.26071993 -0.016573042 -0.44553328 1003.44 
20150706151837 11.14441 3.9492357 -5.5946507 0.46871957 0.23021652 -0.28365397 1003.44 
20150706151837 17.692553 -1.3611037 -6.627749 0.016068392 -0.10942456 -0.38291955 1003.44 
20150706151837 19.607914 -5.2660465 -5.1301756 -0.9301619 -0.8314673 -0.6623904 1003.44 
20150706151837 18.587984 -3.29502 -2.5474305 -0.8944263 -0.17631431 -0.5331924 1003.4 
20150706151837 14.13417 -1.5508442 -3.1543608 -0.76492286 0.043597177 -0.36459363 1003.4 
20150706151837 9.952697 -1.6645688 -1.4808137 -0.24446565 0.19203745 -0.040835023 1003.4 
20150706151837 5.6431336 -1.7058687 -1.2132617 0.37128654 0.36277425 0.44755173 1003.4 
20150706151837 3.3075895 0.108337626 0.076015905 0.43939802 0.5878781 0.68548375 1003.4 
20150706151837 -0.029927522 0.40821138 -1.4407109 0.28515455 0.7803007 0.76703423 1003.4 
20150706151837 -1.9548657 1.5502456 -1.3664906 0.21459961 0.68531114 0.7028934 1003.4 
20150706151838 -2.707842 2.3295584 -1.1719618 0.038975842 0.6660689 0.71663785 1003.4 
20150706151838 0.83258367 4.1515455 -1.043872 -0.28447732 0.21433403 0.6943413 1003.4 
20150706151838 3.2932243 -0.9463082 0.11492168 -0.4390262 -0.10545394 0.706864 1003.34 
20150706151838 7.6800003 -2.1625626 1.2988545 -0.69650596 -0.45150912 0.07614568 1003.34 
20150706151838 10.509947 -2.7976246 1.1061212 -0.79607695 -0.8904158 -0.58511597 1003.34 
20150706151838 13.85345 -3.0771477 0.79008657 -0.9087816 -0.59597874 -0.4302616 1003.34 
20150706151838 14.585477 -3.084929 0.6015432 -0.79577154 -0.29054612 -0.46874613 1003.34 
20150706151838 15.808914 0.6619968 1.5215151 -0.54042983 -0.15523946 -0.52677834 1003.34 
20150706151838 18.877083 -0.15023616 3.1621418 -0.33365196 -0.077965 -0.24883464 1003.34 
20150706151838 16.907852 -1.7471687 0.97144735 -0.23347005 -0.05811188 0.14608975 1003.34 
20150706151838 12.686276 -1.4610616 -2.52289 -0.088695 -0.07063462 0.49183947 1003.34 
20150706151838 7.1466923 -2.5959132 -7.297527 -0.046545297 0.108654335 0.6744882 1003.41 
20150706151838 7.295731 -4.0396166 -6.475717 -0.30860648 0.34902978 0.37546962 1003.41 
20150706151838 12.261904 -5.33907 -7.116166 -0.16871834 0.2094471 0.31927 1003.41 
20150706151838 16.825851 -3.5452142 -6.023213 0.30622938 -0.39653122 0.6906761 1003.41 
20150706151838 19.607914 2.7970262 -4.547786 0.40396783 -0.48755014 0.68640006 1003.41 
20150706151838 18.249205 0.89423436 -3.1519666 0.31447607 0.015497379 0.47320807 1003.41 
20150706151838 11.328165 0.87208796 -2.895787 0.3813658 -0.10056701 0.25115854 1003.41 
20150706151838 6.5708866 1.9267339 -1.4431051 0.3541823 0.27694768 -0.36337185 1003.41 
20150706151838 2.7778726 1.0809821 -1.6837224 0.056385495 0.07169698 -0.6984315 1003.41 
20150706151838 -0.18734628 0.16220717 -0.43634325 0.04936055 0.24457185 -0.95530033 1003.46 
20150706151838 -2.268506 -1.4915876 0.054468088 -0.04440727 0.32703865 -1.1477228 1003.46 
20150706151838 -2.8694508 -1.8614918 -0.023942016 -0.31379884 0.10682173 -0.9045985 1003.46 
20150706151838 -0.25917232 -1.5478514 0.48482585 0.35082254 -0.00802093 -0.7915884 1003.46 
20150706151838 4.32333 -0.45070848 1.8249803 0.55973846 -0.41546804 -0.5221968 1003.46 
20150706151838 7.0634937 -0.30466217 0.9816227 0.46108374 -0.8024512 -0.14620927 1003.46 
20150706151838 10.621876 1.5059528 -0.2148796 0.6550334 -0.9982335 -0.036253534 1003.46 
20150706151838 13.359047 2.3253684 0.38067806 0.967491 -0.75999606 0.10241288 1003.46 
20150706151838 14.45619 1.2503718 0.59256494 1.1339518 -0.38400847 0.10180201 1003.46 
20150706151838 14.027628 2.2272062 -1.3413515 1.2066448 -0.20380324 0.11768451 1003.38 
20150706151838 14.775217 4.1862617 0.9259575 0.9873441 0.13339438 0.1195171 1003.38 
20150706151838 16.749237 3.6673183 0.93254155 0.51850504 0.20639278 -0.11994207 1003.38 
20150706151838 15.0104475 1.1432313 0.4285621 0.079292946 -0.24625838 -0.4779091 1003.38 
20150706151838 10.825981 -0.21188685 -3.8115692 -0.065787554 -0.38645196 -0.6428427 1003.38 
20150706151838 10.481216 0.8750807 -11.352107 0.019122712 -0.20135978 -0.4620266 1003.38 
20150706151838 15.096639 2.235586 -5.892729 0.25155696 -0.06727486 -0.15842658 1003.38 
20150706151838 15.230714 -1.5340848 -8.192958 -0.1158785 -0.38034332 -0.3010636 1003.38 
20150706151838 17.475279 -3.7181952 -5.1062336 -0.5184387 -0.9417285 -0.5924463 1003.38 
20150706151838 16.282368 -2.919729 -4.004901 -0.5633373 0.4290532 -0.42109865 1003.37 
20150706151838 14.3897505 -2.0045455 -3.1693244 -0.5502037 0.41775215 -0.44217348 1003.37 
20150706151838 11.462839 -2.0883424 -1.8872294 -0.25698838 0.024354927 -0.17705798 1003.37 
20150706151838 7.6800003 -2.15957 -1.5999253 0.23781249 -0.25572678 0.23710866 1003.37 
20150706151838 4.3700166 -0.6512229 -0.9756372 0.34135413 -0.04558914 0.47687328 1003.37 
20150706151838 0.88405895 0.32142156 -2.9251158 0.31478152 0.27786398 0.7196922 1003.37 
20150706151838 -1.5119383 1.234211 -1.851915 0.20818552 0.6184214 0.73801816 1003.37 
20150706151838 -2.9406781 2.123657 0.3172317 0.05302573 0.88200974 0.6250081 1003.37 
20150706151838 -1.6525977 3.3464954 0.06703765 -0.23927328 0.6672906 0.63142216 1003.37 
20150706151838 3.942053 0.040102877 -0.78888947 -0.2808121 0.23632516 0.71541613 1003.37 
20150706151838 8.866327 -1.1773487 -0.7374141 -0.17604873 -0.16195896 0.52085555 1003.37 
20150706151838 11.324574 -1.9674352 0.025139118 -0.4662097 -0.8232206 -0.42690188 1003.37 
20150706151839 13.245921 -5.6060233 2.2679076 -0.7924118 -0.9273731 -0.73935944 1003.37 
20150706151839 13.259089 -0.2765303 2.2284033 -0.7160536 -0.30490142 -1.0954938 1003.37 
20150706151839 12.154763 1.5376761 1.3664906 -0.74537516 0.14988774 -0.3749783 1003.37 
20150706151839 12.882002 -0.664391 3.632004 -0.6467204 0.590627 -0.0771815 1003.37 
20150706151839 13.810952 -2.6850972 3.6116533 -0.60151637 0.68378395 -0.004793972 1003.37 
20150706151839 14.375984 -3.3201592 -0.94211835 -0.49705842 0.1908157 0.27040082 1003.37 
20150706151839 12.418126 -6.0699 -9.427169 -0.34495297 -0.048948903 0.57888776 1003.41 
20150706151839 15.452776 -3.6014779 -7.6321163 0.082652695 -0.1705111 0.96984154 1003.41 
20150706151839 14.956578 -2.92751 -6.3284736 0.5487429 -0.2661115 1.348578 1003.41 
20150706151839 15.589845 -1.0289081 -6.3769565 0.68527126 -0.7606069 1.2648895 1003.41 
20150706151839 17.31786 1.282095 -2.731784 0.41649058 0.3948447 0.6405851 1003.41 
20150706151839 16.505627 0.74519527 -2.9466639 -0.0315791 0.83222425 -0.052746892 1003.41 
20150706151839 11.271303 1.4323312 -2.8628666 -0.030357368 0.4437139 -0.16667327 1003.41 
20150706151839 8.102577 1.8836381 -2.541445 -0.085946105 0.08483058 -0.3929988 1003.41 
20150706151839 3.2231941 0.87448215 -2.741361 -0.29394573 -0.38675737 -0.6135212 1003.41 
20150706151839 0.76434886 -0.6955156 0.40581718 -0.35808656 -0.23831713 -0.97148824 1003.36 
20150706151839 -0.8379706 -2.8209682 -0.15263036 -0.34556383 0.059479684 -1.0240226 1003.36 
20150706151839 -0.95947635 -3.0627825 0.8403648 -0.027608477 -0.17295454 -0.81541216 1003.36 
20150706151839 0.16998832 -2.9340942 0.5943606 0.84531796 -0.019016504 -0.4113248 1003.36 
20150706151839 2.5941176 -1.685518 -1.4736311 0.8334061 -0.15829378 0.0034527108 1003.36 
20150706151839 4.851251 0.54527944 -2.0201077 0.92259234 -0.7621341 0.10668893 1003.36 
20150706151839 8.377911 2.4241292 0.83138657 1.1214291 -0.961887 0.11768451 1003.36 
20150706151839 10.676344 4.136582 1.3497312 1.2885008 -0.93226004 0.18060364 1003.36 
20150706151839 14.025832 4.2544966 1.6579847 1.0505687 -0.7835143 0.20992516 1003.36 
20150706151839 16.634315 0.2825158 -0.6476316 0.80622256 -0.3559087 0.15097666 1003.39 
20150706151839 17.984047 -0.9792285 -0.7428011 0.7265046 -0.17509258 0.02697102 1003.39 
20150706151839 17.06647 2.1392193 1.3138182 0.5866165 -0.20655213 -0.04724911 1003.39 
20150706151839 14.016255 2.0338743 0.40940848 0.26346883 -0.34949458 -0.29648215 1003.39 
20150706151839 10.66138 0.13826515 0.20111294 0.16634125 -0.3925606 -0.56434655 1003.39 
20150706151839 8.670003 -0.077213004 -7.3190746 0.010570601 -0.09690183 -0.7161466 1003.39 
20150706151839 10.727819 3.0107086 -13.311762 0.29798272 -0.09842899 -0.44095176 1003.39 
20150706151839 11.312004 3.8283286 -5.9843073 0.42443183 -0.0064937696 -0.1959948 1003.39 
20150706151839 15.008652 -1.5753847 -6.6385226 -0.26034814 -0.34857833 -0.36337185 1003.39 
20150706151839 18.70949 -4.4753613 -5.2899885 -0.88923395 -0.5006837 -0.65536547 1003.36 
20150706151839 17.202938 -3.205836 -3.882198 -0.9188609 0.5570294 -0.3355775 1003.36 
20150706151839 13.740324 -2.0512323 -2.891597 -0.81470835 0.05764708 -0.16820043 1003.36 
20150706151839 10.2735195 -1.8429368 -1.2569559 -0.16932921 0.11720644 0.17235695 1003.36 
20150706151839 7.131728 -1.9710265 -1.1198878 0.24300483 0.2986334 0.4622125 1003.36 
20150706151839 2.9311013 -0.88286185 -1.3850456 0.28973603 0.48616904 0.62378633 1003.36 
20150706151839 0.83856916 0.28491 -2.0380642 0.20788008 0.49166685 0.6534133 1003.36 
20150706151839 -0.8912416 1.4909891 -1.9309237 0.10861447 0.48952883 0.5898833 1003.36 
20150706151839 -0.90141696 3.2758665 -1.0175357 -0.07769942 0.565887 0.52635336 1003.36 
20150706151839 2.903568 2.7742813 -0.6500258 -0.2789795 0.0661992 0.37944025 1003.34 
20150706151839 5.5204306 -0.7649474 0.46686932 -0.646415 -0.26214087 0.19740243 1003.34 
20150706151839 8.042124 -1.371279 0.7649474 -0.757287 -0.41546804 -0.3551252 1003.34 
20150706151839 10.361506 -2.9406781 1.1360487 -0.7942444 -0.45731235 -0.39391512 1003.34 
20150706151839 12.720393 -3.3812113 1.2000936 -0.8403647 -0.052614093 -0.42170948 1003.34 
20150706151839 13.632585 -1.364695 0.85054016 -0.8996186 0.17065714 -0.41285193 1003.34 
20150706151839 14.203602 0.15861586 0.8355764 -0.9011458 0.29435736 -0.2363119 1003.34 
20150706151839 14.820108 -1.6376339 2.8993783 -0.63847375 0.41866845 -0.010291763 1003.34 
20150706151840 14.970943 -2.8287494 2.7371712 -0.39840367 0.16729741 0.20809256 1003.34 
20150706151840 15.4563675 -1.8201919 1.3856442 -0.22888857 -0.13111028 0.44052678 1003.34 
20150706151840 14.777013 -2.8790276 -3.2513258 -0.11190788 -0.15951551 0.73160404 1003.34 
20150706151840 10.869676 -3.8379054 -6.3661823 -0.09266563 -0.17234367 0.90081376 1003.34 
20150706151840 10.107122 -1.6885108 -4.9583917 0.1489316 0.019162573 0.811322 1003.34 
20150706151840 8.5778265 -3.8780081 -5.803545 0.26163623 -0.24412034 0.9728958 1003.34 
20150706151840 13.676877 -1.6825253 -5.796961 0.385031 -0.23862256 0.51902294 1003.34 
20150706151840 17.860744 2.15957 -3.6822822 0.25308412 0.054898188 0.27803665 1003.34 
20150706151840 17.370531 0.51954174 -3.1812954 -0.034022562 0.04695694 0.16502656 1003.34 
20150706151840 13.743317 0.039504327 -3.1609447 0.07593318 -0.1509634 0.060568616 1003.34 
20150706151840 10.05864 1.0516531 -2.3469162 0.05119314 -0.114922345 -0.19263503 1003.38 
20150706151840 6.7684083 1.4748282 -1.7226281 -0.21422781 -0.24289861 -0.64956224 1003.38 
20150706151840 3.165733 0.6793547 -2.3002293 -0.3229618 -0.04406198 -1.0111945 1003.38 
20150706151840 0.6859388 -0.015562311 -0.44592008 -0.22094733 0.12972918 -1.2185832 1003.38 
20150706151840 -0.2801216 -2.6372132 -0.7661445 -0.27653608 0.19203745 -1.0536495 1003.38 
20150706151840 4.1706996 -1.8028339 1.0785879 0.3474628 0.061006844 -0.766543 1003.38 
20150706151840 4.470573 -0.43394905 -0.17118542 0.7405546 -0.33300126 -0.2372282 1003.38 
20150706151840 4.0037036 0.3890578 -1.8351556 0.5600439 -0.574293 0.03888289 1003.38 
20150706151840 6.125565 1.3215994 -0.32621 0.7793445 -0.6585924 -0.07137828 1003.38 
20150706151840 8.56825 2.4839842 0.842759 0.81996703 -0.47166765 -0.01945474 1003.32 
20150706151840 11.787852 3.674501 2.3157916 0.8153855 -0.020849101 0.02666559 1003.32 
20150706151840 14.57171 1.5215151 1.003769 0.6339586 0.04573521 0.019029774 1003.32 
20150706151840 16.894684 -0.7068881 -0.54288524 0.51758873 0.13186722 0.01689174 1003.32 
20150706151840 18.690336 0.87687635 2.4863784 0.53744185 0.16179961 0.13387243 1003.32 
20150706151840 15.427038 1.216853 1.8124107 0.19230303 -0.20410869 0.04315895 1003.32 
20150706151840 12.941258 0.30286652 1.9255368 -0.014780305 -0.41882783 -0.39391512 1003.32 
20150706151840 9.44752 0.97503865 -3.371036 -0.09297106 -0.13111028 -0.7689864 1003.32 
20150706151840 8.820838 5.011064 -9.949105 -0.07250707 -0.13813522 -0.62024075 1003.32 
20150706151840 10.961852 3.690662 -5.8604074 -0.044712704 -0.026652321 -0.35940123 1003.38 
20150706151840 9.213487 0.6374562 -6.6445084 -0.36755496 -0.27466363 -0.428429 1003.38 
20150706151840 15.832257 -2.8568811 -5.9322333 -0.9423792 -0.91729385 -0.6975152 1003.38 
20150706151840 19.06024 -4.2521024 -4.028843 -0.7866086 -0.2865755 -0.2616628 1003.38 
20150706151840 16.226702 -2.4091654 -3.2136173 -0.7010874 0.22655131 -0.09672919 1003.38 
20150706151840 13.698425 -1.2605472 -2.5881321 -0.6479421 0.16179961 -0.20576864 1003.38 
20150706151840 10.931327 -1.5705963 -1.8273745 -0.19223666 0.22960566 -0.059466414 1003.38 
20150706151840 8.065467 -1.881244 -1.525705 0.19657907 0.008777864 0.3027767 1003.38 
20150706151840 5.725135 -0.5907693 -1.2006922 0.24208853 0.16851912 0.55720204 1003.38 
20150706151840 3.1741128 0.57760113 -1.7711107 0.15595654 0.2842781 0.675099 1003.45 
20150706151840 1.122282 1.3036429 -2.166154 -0.03188453 0.373159 0.6179831 1003.45 
20150706151840 -0.30047232 2.1817162 -1.5592239 -0.17849219 0.45959646 0.59354854 1003.45 
20150706151840 0.961272 2.755726 -1.3958195 -0.36755496 0.30810183 0.50283504 1003.45 
20150706151840 5.2061915 -1.3850456 0.7613561 -0.60304356 -0.27222013 0.3186592 1003.45 
20150706151840 6.646304 -1.8189948 0.7332243 -0.85074943 -0.51381737 -0.041140456 1003.45 
20150706151840 9.003994 -2.8862102 0.74639237 -0.80524 -0.6579815 -0.14773643 1003.45 
20150706151840 12.317569 -4.9422307 0.82719666 -0.6305325 -0.4796089 -0.1828612 1003.45 
20150706151840 14.486117 -4.3341036 0.93493575 -0.30952278 -0.11889297 -0.25616503 1003.45 
20150706151840 13.770849 0.20231004 0.47884035 -0.08228092 0.007250704 -0.21706964 1003.37 
20150706151840 14.168885 1.8171991 2.110489 -0.16841292 0.20211671 -0.2521944 1003.37 
20150706151840 14.966753 -0.34835634 3.4278982 -0.035244294 0.26534128 -0.26135737 1003.37 
20150706151840 14.6680765 -1.0534488 2.124854 -0.022721551 0.08177626 0.108826965 1003.37 
20150706151841 14.103045 -1.2156559 -1.0139444 0.2100181 -0.11950384 0.5266588 1003.37 
20150706151841 11.588534 -3.454833 -5.4144874 0.18619436 -0.1256125 0.82873166 1003.37 
20150706151841 10.721834 -3.9486372 -5.0134583 0.12083178 0.041764587 0.6766262 1003.37 
20150706151841 10.181343 -5.258864 -6.4625487 0.39266682 -0.25878114 0.8443087 1003.37 
20150706151841 11.368268 -3.3261447 -6.317101 0.64984107 -0.6381284 0.9774774 1003.37 
20150706151841 15.1858225 1.5592239 -4.5441947 0.5805079 -0.33575013 0.478095 1003.46 
20150706151841 16.639702 2.5671828 -4.19943 0.14190662 0.00358551 0.10241288 1003.46 
20150706151841 14.865 0.8846575 -3.4901476 0.031340025 -0.0034394413 0.041631788 1003.46 
20150706151841 10.831368 0.9588778 -2.5809495 0.23842335 -0.020543665 -0.091536835 1003.46 
20150706151841 7.7081323 0.6194997 -1.6136919 -0.06639842 -0.1650133 -0.5854214 1003.46 
20150706151841 5.1942205 0.108936176 -0.83378077 -0.3321248 -0.21327165 -0.99134135 1003.46 
20150706151841 1.4999673 -0.43394905 -3.0490158 -0.3021924 -0.0071046352 -1.1257317 1003.46 
20150706151841 -0.6332663 -1.3569138 -0.38307226 -0.13206643 0.040237427 -1.130924 1003.46 
20150706151841 0.2693477 -2.6282349 -0.08020575 -0.2038431 0.24640445 -0.83098924 1003.46 
20150706151841 4.052785 -2.3062148 0.6218939 0.52003217 -0.1518797 -0.62146246 1003.35 
20150706151841 4.995502 -0.81163436 0.04189853 0.93847483 -0.608196 -0.28334853 1003.35 
20150706151841 4.872799 0.6356605 -1.6184803 0.80561167 -0.619497 0.0028418452 1003.35 
20150706151841 10.36031 3.6164417 1.3144168 0.80041933 -0.68974656 -0.051525164 1003.35 
20150706151841 12.894572 7.0940194 1.7076644 0.4390926 -0.31895134 0.049573034 1003.35 
20150706151841 13.819332 2.4025815 0.55844754 0.10739275 0.10834889 0.13203984 1003.35 
20150706151841 14.106636 -2.7844565 -0.97982705 0.16053802 0.18928854 0.27681488 1003.35 
20150706151841 15.699978 -3.7606924 1.0217255 0.24514288 0.13919759 0.29208654 1003.35 
20150706151841 16.256031 -0.15023616 1.8776526 -0.02730304 0.020078868 0.17082979 1003.35 
20150706151841 14.569316 0.5177461 1.6101006 -0.2188093 -0.13233201 -0.14437668 1003.37 
20150706151841 12.270883 0.18375498 0.6721721 -0.17910305 -0.34827286 -0.65261656 1003.37 
20150706151841 9.415198 0.9648633 -5.342661 -0.080448315 -0.2642789 -0.7167574 1003.37 
20150706151841 7.8068933 3.7762547 -10.187328 0.30531308 -0.3278089 -0.482796 1003.37 
20150706151841 9.081207 5.1235914 -6.085462 0.5096475 -0.08834971 -0.3383264 1003.37 
20150706151841 13.037625 0.90261406 -6.3362546 -0.07220164 -0.26855496 -0.41254652 1003.37 
20150706151841 18.776527 -4.7004166 -5.281609 -0.51294094 -0.6201079 -0.52708375 1003.37 
20150706151841 18.103756 -4.377199 -5.0385976 -0.6451933 -0.19341853 -0.39391512 1003.37 
20150706151841 14.529812 -2.0620062 -4.1784806 -0.7307144 -0.14027326 -0.4308725 1003.37 
20150706151841 10.569203 -1.448492 -2.837129 -0.49858558 -0.11583865 -0.35023826 1003.34 
20150706151841 7.712322 -1.4999673 -1.6394296 0.03928127 -0.09415293 0.04712957 1003.34 
20150706151841 5.455787 -1.1941081 -1.0821792 0.2042149 0.35422218 0.4417485 1003.34 
20150706151841 2.9239187 0.19033903 -1.4329298 0.22193 0.5472556 0.6583002 1003.34 
20150706151841 1.0289081 1.5334862 -1.1725603 0.1388523 0.552448 0.6607437 1003.34 
20150706151841 0.008978256 2.6731262 -1.8315643 -0.008671656 0.48922342 0.6439449 1003.34 
20150706151841 1.3096284 2.971803 -0.82480246 -0.15100326 0.26992273 0.54162496 1003.34 
20150706151841 4.671686 -0.05925649 -0.29508537 -0.43169582 -0.13141571 0.26337588 1003.34 
20150706151841 6.293758 -1.5741876 0.6751649 -0.6027381 -0.6219405 0.029414482 1003.34 
20150706151841 8.544906 -3.0113072 0.87089086 -0.61770433 -0.72273326 -0.13154851 1003.4 
20150706151841 10.691308 -4.4280763 0.65062433 -0.45185438 -0.31070465 -0.210961 1003.4 
20150706151841 12.649765 -3.9546227 0.9235633 -0.23194289 0.108959764 -0.20821209 1003.4 
20150706151841 12.1398 0.7134721 0.79846627 -0.055708278 0.26045436 -0.26135737 1003.4 
20150706151841 13.578116 3.7217865 1.2892777 -0.054486547 0.36491233 -0.2775453 1003.4 
20150706151841 15.100829 2.3690627 1.8962077 -0.13970225 0.26870102 -0.13368654 1003.4 
20150706151841 15.763424 -1.4915876 1.0175357 -0.26615134 -0.0019122809 0.02269496 1003.4 
20150706151841 15.0900545 -4.1425676 -2.067393 -0.28020126 -0.29848737 0.35103506 1003.4 
20150706151841 13.719375 -6.0806737 -4.5112743 -0.16780205 -0.42340928 0.66960126 1003.4 
20150706151842 12.421717 -2.8455088 -5.6748567 -0.017529197 -0.23068132 0.70442057 1003.37 
20150706151842 8.921992 -0.5093664 -5.8107276 0.013014063 -0.18975334 0.69495213 1003.37 
20150706151842 8.799889 -1.1049241 -6.1938 0.17397708 -0.24748011 0.6793751 1003.37 
20150706151842 14.854226 1.6214731 -4.262876 0.13671428 -0.06788573 0.17388411 1003.37 
20150706151842 16.354792 2.0626047 -3.7618895 -0.016918331 0.21189056 0.21633925 1003.37 
20150706151842 14.180857 -0.2136825 -4.361637 -0.16871834 0.22563504 0.10210745 1003.37 
20150706151842 11.223419 -0.7248446 -3.8492777 -0.003784731 -0.11400605 0.028192751 1003.37 
20150706151842 8.951322 -0.46986207 -3.2561142 -0.07831029 -0.207163 -0.23509017 1003.37 
20150706151842 6.4906807 0.13587095 -2.574964 -0.11038072 -0.20746844 -0.54204994 1003.37 
20150706151842 3.555988 -0.7781156 -1.9207484 -0.04440727 -0.007715501 -0.8804693 1003.41 
20150706151842 3.3039982 -3.5643678 -0.89303726 0.18314004 0.1889831 -1.0136379 1003.41 
20150706151842 4.9242744 -2.6856956 -0.65242 0.52094847 0.05550906 -0.8578673 1003.41 
20150706151842 5.49589 -0.59735334 -1.0253168 0.9980343 -0.26305717 -0.43453765 1003.41 
20150706151842 5.2486887 1.0815806 -1.5173253 1.108601 -0.31986764 -0.25188896 1003.41 
20150706151842 5.021838 1.858499 -1.3790601 1.357223 -0.4261582 -0.18896985 1003.41 
20150706151842 5.059547 2.4905684 -1.1923125 1.3220984 -0.25817025 -0.079930395 1003.41 
20150706151842 5.276222 2.6443958 -0.28191724 1.0725598 -0.1695948 -0.103143275 1003.41 
20150706151842 6.615179 2.1583729 1.2551602 0.7503284 0.0026692078 -0.11138996 1003.41 
20150706151842 8.957906 1.4652514 2.0775685 0.57684267 0.100102216 -0.04511108 1003.34 
20150706151842 12.029068 0.2172738 0.044292733 0.42290464 0.08971751 0.09538792 1003.34 
20150706151842 14.236522 -0.04070143 -1.7651252 0.26346883 0.022827767 0.07889457 1003.34 
20150706151842 16.065094 1.3186066 1.0528502 0.24239397 -0.12439076 -0.018233009 1003.34 
20150706151842 15.057135 0.8439561 1.7962499 0.15381852 -0.3971421 0.0010092482 1003.34 
20150706151842 13.591285 -0.59256494 1.1294646 0.016984686 -0.606058 -0.2775453 1003.34 
20150706151842 12.912528 -0.50038815 -3.6014779 0.124191545 -0.36384994 -0.5026491 1003.34 
20150706151842 14.060548 2.0368671 -9.615712 0.24269941 0.11354126 -0.5310544 1003.34 
20150706151842 9.256582 2.4540567 -5.691616 0.3841147 0.25190222 -0.45408535 1003.34 
20150706151842 7.891887 1.7866731 -4.7494974 0.13671428 0.06772636 -0.8038057 1003.38 
20150706151842 12.1398 -0.15203181 -5.3199162 -0.38404834 -0.49457508 -1.2179723 1003.38 
20150706151842 16.414646 -3.152565 -3.2908301 -0.34495297 0.2833618 -0.8542021 1003.38 
20150706151842 17.905636 -2.791639 -3.292626 -0.24874169 0.51396346 -0.3044234 1003.38 
20150706151842 14.411299 -1.839944 -2.8898015 0.03836497 0.17676581 0.017197177 1003.38 
20150706151842 10.755951 -1.532289 -2.8856115 0.29370666 0.22471873 0.13203984 1003.38 
20150706151842 8.1756 -0.87208796 -2.8401217 0.44306323 0.386598 0.21267407 1003.38 
20150706151842 6.742072 0.60453594 -2.1398177 0.35754207 0.53015137 0.36630666 1003.38 
20150706151842 5.2397103 1.5556326 -1.845331 0.062188722 0.48952883 0.5495662 1003.38 
20150706151842 4.1138372 2.3145945 -1.8022354 -0.114962205 0.36674488 0.6317276 1003.43 
20150706151842 3.8247373 2.4881742 -1.4173675 -0.32723787 0.32734406 0.62378633 1003.43 
20150706151842 5.3318872 0.85891986 -0.5410896 -0.5633373 0.20394932 0.61034733 1003.43 
20150706151842 6.375759 -1.3856442 -0.15442601 -0.81531924 -0.03917506 0.5333783 1003.43 
20150706151842 6.5367694 -2.8018146 0.25617957 -0.88465244 -0.23984429 0.403264 1003.43 
20150706151842 7.1945763 -3.281852 0.6392518 -0.83120173 -0.36568254 0.1503658 1003.43 
20150706151842 7.9206176 -2.765303 1.110311 -0.72704923 -0.31834048 -0.030144881 1003.43 
20150706151842 9.391256 -1.3275849 1.091756 -0.61800975 -0.16837305 -0.0948966 1003.43 
