20150706150612 -2.2260091 -13.393763 1.1240777 -0.64660084 -0.46028697 0.0030543262 1003.69 
20150706150612 -0.9540894 -14.366407 4.9823337 -1.1713341 -0.79901177 -0.1685988 1003.69 
20150706150612 1.1558008 -15.643115 3.5260606 -1.0757337 -0.64996064 0.20433442 1003.69 
20150706150612 2.0757728 -16.226702 0.7038953 0.32834008 0.28588495 0.49541172 1003.69 
20150706150612 2.3918076 -14.672865 4.3185415 1.2302825 1.1572843 0.4364632 1003.69 
20150706150612 -0.015562311 -12.553398 2.1499932 1.6215417 1.8805487 -0.07849618 1003.69 
20150706150612 0.24660277 -9.71986 -3.7576995 2.6099217 0.8762862 -0.39095375 1003.69 
20150706150612 -1.6496049 -10.049662 -5.0547585 3.1343496 0.13072516 -0.47403142 1003.69 
20150706150612 -3.8600516 -13.434464 -5.5222263 2.7834074 0.6609562 -0.6377433 1003.84 
20150706150612 -6.953959 -16.584036 -5.036802 2.4013114 0.97433007 -0.6533204 1003.84 
20150706150612 -12.133216 -18.875288 2.8263552 2.71102 0.08032878 -0.7519751 1003.84 
20150706150612 -7.1023993 -12.48217 3.5529952 3.0891457 -1.9483547 -0.5326745 1003.84 
20150706150612 -3.6349967 -9.633669 0.84575176 3.0305026 -3.4953709 0.3109304 1003.84 
20150706150612 2.2601264 -10.677541 4.4286747 3.245527 1.1304061 0.48441613 1003.84 
20150706150612 9.306861 -10.854114 -2.7365725 3.8991528 4.786129 0.99021256 1003.84 
20150706150612 5.9825115 -9.234436 -3.2866404 5.2714615 5.915008 1.1670581 1003.84 
20150706150612 0.6691794 -7.227496 -1.4754268 4.1270056 5.75374 -0.010079277 1003.84 
20150706150612 -0.2753332 -3.5326445 -5.1607018 2.2779164 2.2156084 -0.6753115 1003.75 
20150706150612 -2.224812 -2.2906525 -5.6407394 2.0179935 1.704314 -0.129198 1003.75 
20150706150612 -3.1974564 -0.7457938 -5.0026846 1.9724839 2.1276436 -0.16249016 1003.75 
20150706150612 -4.4406457 -0.6440403 -3.265691 1.5818355 1.6145169 -0.6096435 1003.75 
20150706150612 -3.4680011 -1.3503298 -1.8902222 0.883922 1.6215417 -1.0516045 1003.75 
20150706150612 -3.2022448 -2.463035 -0.32022446 0.2171626 1.409877 -1.174083 1003.75 
20150706150612 -2.6366146 -3.341707 1.3180081 -0.6423248 1.0354166 -1.287704 1003.75 
20150706150612 -3.54282 -7.805696 6.177639 -1.5931365 0.15302174 -1.5259414 1003.75 
20150706150612 -8.231265 -18.588581 18.976442 -2.6267207 -0.23671028 -1.87444 1003.75 
20150706150612 -6.803124 -19.608511 19.608511 -3.1618385 -0.22296582 -1.666135 1003.83 
20150706150612 -1.9219455 -17.505804 3.0190883 -1.720502 -0.6404922 -0.30573806 1003.83 
20150706150612 -9.28232 -9.368511 0.2801216 2.053729 -0.46731192 0.5412266 1003.83 
20150706150612 -12.85806 -7.3460093 -7.29214 1.7895297 3.195436 0.2452624 1003.83 
20150706150612 -7.0706763 -8.282143 -13.572729 0.3744604 1.6169603 -0.13316862 1003.83 
20150706150612 -1.857302 -5.6790466 -8.021772 -0.9987647 0.20738874 0.42546764 1003.83 
20150706150612 -0.44113165 -5.2049947 0.24361002 -0.9239337 -0.29565877 0.7360926 1003.83 
20150706150612 1.4580688 -4.8542438 -1.4275428 0.1695151 -2.0955732 0.7128797 1003.83 
20150706150612 1.4526819 -10.508151 -9.576208 -0.9615019 -2.4810293 0.63804877 1003.83 
20150706150612 -0.5117606 -10.573393 -9.208698 -2.2867742 -0.61758476 0.022296581 1003.46 
20150706150612 -0.7260417 -10.796653 -6.601413 -2.930626 -1.0442741 -0.28680122 1003.46 
20150706150612 -1.4945804 -13.191453 -4.6896424 -3.2452216 -4.3499713 -0.06505715 1003.46 
20150706150612 0.9923966 -19.603125 1.364695 -3.8762455 -5.3673673 0.05222898 1003.46 
20150706150612 2.883816 -12.176909 5.8574142 -3.9553525 -4.7418413 0.3268129 1003.46 
20150706150612 2.5073278 -7.033566 0.3866636 -2.155438 -4.0274343 0.14049901 1003.46 
20150706150612 2.7473464 -6.194997 -1.2204443 -1.5454891 -3.2989779 0.21410827 1003.46 
20150706150613 0.46567222 -7.7332716 -1.7208325 -1.8603901 -1.7980819 0.24007004 1003.46 
20150706150613 -0.6123171 -8.688558 0.84455466 -1.4792101 -1.0467176 -0.22632557 1003.46 
20150706150613 -1.5640123 -9.835381 2.9885623 -1.4040737 -0.35216382 -0.32986724 1003.85 
20150706150613 -0.58538234 -10.181941 2.32058 -1.4101825 0.18600847 -0.29901853 1003.85 
20150706150613 0.55844754 -10.041881 1.1558008 -1.0910053 -0.017715093 -0.06505715 1003.85 
20150706150613 0.81881696 -9.345168 0.25019407 -0.6093381 -0.70005155 0.14630222 1003.85 
20150706150613 0.38845924 -10.200497 -0.7374141 -0.2941316 -1.2965615 0.32070425 1003.85 
20150706150613 0.45190558 -11.461043 -1.3335704 -0.43768495 -1.344209 0.34880406 1003.85 
20150706150613 0.6464345 -11.991359 -0.85532856 -0.5876524 -0.79901177 0.44959682 1003.85 
20150706150613 -1.1300632 -13.521255 0.25857377 -0.5360342 -0.54611355 0.37751472 1003.85 
20150706150613 -0.31064767 -14.280216 2.7521348 -0.6243043 -0.68111473 -0.004886922 1003.85 
20150706150613 0.5907693 -14.534001 7.916428 -0.8927795 -0.3753767 0.093462385 1003.68 
20150706150613 -0.1436521 -15.246875 4.9063177 0.04734206 0.61941737 0.36560285 1003.68 
20150706150613 -0.26994625 -12.81676 2.6485856 1.2281445 1.1933253 0.23854288 1003.68 
20150706150613 -0.57999533 -10.716447 0.29747957 2.434298 2.1071796 -0.06047566 1003.68 
20150706150613 1.62686 -8.8884735 -5.468955 2.9681942 0.44776422 -0.23793201 1003.68 
20150706150613 0.74519527 -11.007342 -2.2200236 3.2623258 -0.37140608 -0.31245756 1003.68 
20150706150613 -1.4496891 -16.827047 -2.8018146 2.4178047 -0.2929099 -0.58276546 1003.68 
20150706150613 -6.7971387 -19.608511 -7.550115 2.4584272 -0.61758476 -0.6954701 1003.68 
20150706150613 -11.66874 -19.608511 5.6281695 3.186273 -0.08979719 -0.93951076 1003.68 
20150706150613 -8.078635 -13.331513 4.2305546 3.25469 -0.31031954 -0.6017023 1003.46 
20150706150613 -5.401319 -10.122087 3.4153287 2.685669 -1.8316795 0.2003638 1003.46 
20150706150613 -0.26874915 -9.190742 2.4271219 3.624569 -1.4682146 -0.096516706 1003.46 
20150706150613 7.9307933 -7.8326306 -4.2060137 4.1468587 4.3032403 0.43401974 1003.46 
20150706150613 4.262876 -5.985504 -3.153762 4.4263296 5.692959 0.76174897 1003.46 
20150706150613 1.5155296 -4.5124717 -4.0043025 3.9177842 6.2076125 0.28313604 1003.46 
20150706150613 0.44232875 -2.6126726 -5.8005524 2.2534819 3.997502 -0.48349985 1003.46 
20150706150613 -2.4067712 -1.2354081 -5.767632 1.81091 1.6172657 -0.13683382 1003.46 
20150706150613 -3.9965212 -0.45848963 -3.3327289 1.8270979 1.8350391 -0.06566802 1003.46 
20150706150613 -3.900753 -1.5837644 -2.0566192 1.428203 1.6468927 -0.7031059 1003.7 
20150706150613 -3.2273839 -2.8892028 -0.49081135 0.8539896 1.5592335 -1.0644327 1003.7 
20150706150613 -2.8898015 -5.263054 2.2649148 0.020463986 1.5161675 -1.1985176 1003.7 
20150706150613 -4.526837 -10.392033 8.581417 -0.8539896 1.2165382 -1.368949 1003.7 
20150706150613 -8.646061 -19.469648 19.608511 -1.6890424 0.11362094 -1.6132951 1003.7 
20150706150613 -5.8604074 -19.608511 19.548058 -1.9785925 -0.42852196 -1.5082263 1003.7 
20150706150613 -3.0561984 -12.480973 4.2066126 -1.2504412 -0.5348125 -0.65209866 1003.7 
20150706150613 -8.782531 -2.9496565 -0.5710171 1.670411 -0.74189585 0.2406809 1003.7 
20150706150613 -14.737509 -5.699397 -1.3856442 1.806634 2.3634377 0.4447099 1003.7 
20150706150613 -8.497621 -8.739435 -9.041104 0.66981375 3.2018502 -0.20647246 1003.93 
20150706150613 -0.33518824 -8.698733 -12.3277445 -0.7706065 -0.12370021 0.18661933 1003.93 
20150706150613 -2.540248 -6.988076 -4.1575313 -1.5005904 -0.26236662 0.4288274 1003.93 
20150706150613 -0.83737206 -7.6488757 2.4911668 -1.5464053 -0.18692477 0.54061574 1003.93 
20150706150613 -0.7128736 -9.659407 -6.3967085 -1.0790935 -3.3124168 0.4147775 1003.93 
20150706150613 0.22445641 -9.7007065 -9.611523 -1.91323 -3.1606169 0.52198434 1003.93 
20150706150613 1.1013328 -9.0476885 -8.2593975 -2.6499333 -0.75747293 0.14630222 1003.93 
20150706150613 -0.6817489 -10.606314 -6.114791 -2.9590313 -2.160325 -0.046120327 1003.93 
20150706150613 1.774702 -17.025167 3.3979707 -3.93947 -3.952909 -0.15210545 1003.93 
20150706150613 4.470573 -18.541296 6.0088477 -4.6257772 -3.695124 -0.0018325958 1003.75 
20150706150613 3.3315318 -8.24563 4.520851 -3.414126 -3.4797938 0.7165449 1003.75 
20150706150613 2.2571337 -4.0120835 1.4730326 -1.5128077 -5.10439 0.63438356 1003.75 
20150706150613 -0.4213795 -5.6527104 -0.2813187 -1.8692477 -4.1453314 0.35430184 1003.75 
20150706150614 -0.7188591 -7.03177 -1.2216414 -1.9141463 -0.7480045 -0.0421497 1003.75 
20150706150614 0.2220622 -8.816648 -1.3138182 -1.464244 1.6804903 -0.38881573 1003.75 
20150706150614 0.82480246 -9.651027 0.011971008 -0.8961393 1.4816537 -0.43768495 1003.75 
20150706150614 0.61171854 -9.831789 1.0378864 -0.91629785 -0.34697145 -0.35705075 1003.75 
20150706150614 -0.055066638 -10.670359 0.91338795 -0.893085 -1.6233743 -0.21777347 1003.75 
20150706150614 0.717662 -9.880871 0.5614403 -1.1294898 -1.7907515 -0.02443461 1003.7 
20150706150614 -1.3144168 -12.160151 2.7060466 -1.7424932 -1.1664472 0.22174409 1003.7 
20150706150614 -5.085883 -17.354969 -1.4838065 -1.1731668 0.16676621 0.4016439 1003.7 
20150706150614 -1.039682 -16.703148 2.5779567 -0.3747658 0.41355577 -0.21471913 1003.7 
20150706150614 2.1452048 -17.117346 4.5687356 -0.20280726 0.56688297 -0.17562376 1003.7 
20150706150614 2.4181437 -13.67987 3.0496144 0.07452556 0.16340645 0.47708577 1003.7 
20150706150614 1.6531962 -11.774085 3.927688 0.6768387 -1.0140363 0.44104472 1003.7 
20150706150614 -0.076015905 -12.472593 4.470573 1.3561208 0.038789943 0.11759156 1003.7 
20150706150614 3.8534677 -11.352107 -4.721366 2.3359487 0.5366451 -0.1386664 1003.7 
20150706150614 1.2916719 -13.27106 -4.617218 3.2424726 -0.059864793 -0.062002823 1003.8 
20150706150614 -2.5234885 -19.191921 -6.159084 3.5521815 0.5742133 -0.3023783 1003.8 
20150706150614 -7.032369 -19.608511 -7.5028296 2.8081474 1.4318681 -0.89827734 1003.8 
20150706150614 -12.368446 -19.606117 5.2367177 2.5512786 1.9086485 -1.0852021 1003.8 
20150706150614 -9.992201 -13.712192 1.5292963 2.683531 1.2528846 -0.8885035 1003.8 
20150706150614 -3.651756 -8.941146 -0.28491 3.0741794 -1.2507466 -0.4092797 1003.8 
20150706150614 5.555745 -8.421006 2.9460652 4.428162 -2.6716192 0.12767084 1003.8 
20150706150614 6.945579 -7.7009497 -7.714118 3.5506542 1.0830641 0.18570304 1003.8 
20150706150614 4.423288 -5.1996074 -2.8562827 4.2180247 4.522541 0.122478485 1003.8 
20150706150614 2.6862943 -5.2840033 -5.21936 4.785518 6.956228 -0.35338554 1003.81 
20150706150614 1.5993267 -3.5613751 -7.3352356 3.3884695 3.26874 -0.6621779 1003.81 
20150706150614 -2.019509 -0.52852005 -6.555923 2.2235496 1.4370605 -0.23182335 1003.81 
20150706150614 -4.6154222 1.9997569 -5.1361613 2.0088303 2.958726 0.16065755 1003.81 
20150706150614 -4.0402155 2.360683 -3.6104562 1.8270979 2.2033908 -0.54336464 1003.81 
20150706150614 -2.7874494 -0.43394905 -1.6921021 1.212262 1.6520851 -1.1774428 1003.81 
20150706150614 -2.878429 -3.7942111 1.1127052 0.49449542 2.3774874 -1.2113458 1003.81 
20150706150614 -5.5377884 -10.170568 8.622119 -0.61758476 2.268448 -1.2742649 1003.81 
20150706150614 -13.810952 -19.608511 19.608511 -1.8481728 0.8854492 -1.7779233 1003.81 
20150706150614 -10.035895 -19.608511 19.608511 -2.7684412 -0.07819075 -2.2262983 1004.0 
20150706150614 -2.1517887 -13.249513 6.120178 -1.7345519 -1.5476271 -0.9456194 1004.0 
20150706150614 -4.5920787 1.7651252 -2.8401217 0.68661255 -1.8866574 0.20189096 1004.0 
20150706150614 -10.853515 -6.089652 -6.041768 2.4969118 2.0066924 0.7657196 1004.0 
20150706150614 -4.177882 -10.666168 -18.059464 1.4156802 3.5799758 0.19425514 1004.0 
20150706150614 -2.5737667 -9.6923275 -7.4256167 -0.8142834 -0.058337633 0.65057147 1004.0 
20150706150614 -1.8417397 -12.187684 9.942521 -1.5564847 -0.12767084 0.8872818 1004.0 
20150706150614 -0.92416185 -9.939528 -7.657854 -1.1942415 -2.9336803 0.4007276 1004.0 
20150706150614 0.11552023 -8.391078 -7.074866 -0.49754974 -3.8224893 0.60048056 1004.0 
20150706150614 1.0857705 -8.327632 -8.598177 -2.0821342 -2.269059 0.71959925 1003.41 
20150706150614 1.3557167 -9.747394 -8.418014 -3.2195654 -1.9495764 -0.22143865 1003.41 
20150706150614 -0.87807345 -16.071678 -5.9687448 -3.9700131 -3.2400293 -0.61178154 1003.41 
20150706150614 3.977966 -19.554045 4.0001125 -4.8640146 -3.9547415 -0.50640726 1003.41 
20150706150614 3.9971197 -8.294712 3.3602622 -5.466022 -4.0720277 0.22174409 1003.41 
20150706150614 1.9686323 -5.5060654 3.6828809 -3.2549953 -4.629137 0.6243043 1003.41 
20150706150614 -0.05626374 -6.521207 -1.395221 -1.1933253 -4.824919 0.1704314 1003.41 
20150706150614 0.81761986 -5.675455 -1.5280992 -2.189341 -3.3793066 -0.062002823 1003.41 
20150706150614 0.6835446 -7.0970125 -1.4101849 -2.233018 -0.38789943 0.080634214 1003.41 
20150706150615 -1.0259154 -8.517372 3.4141316 -1.72264 0.5699373 -0.076358154 1003.74 
20150706150615 -2.4211364 -10.539874 6.7965403 -1.0522153 -0.121256754 -0.4352415 1003.74 
20150706150615 0.37708676 -10.855909 0.011971008 -1.0665708 -0.9663888 -0.3817908 1003.74 
20150706150615 0.97144735 -10.832565 -2.2379801 -1.6181821 -1.0415252 0.0720821 1003.74 
20150706150615 1.1121067 -13.697826 -1.8237832 -0.9465357 0.4343252 0.5558874 1003.74 
20150706150615 1.5436616 -14.958972 -0.3561375 -0.022602014 0.115453534 0.65668017 1003.74 
20150706150615 3.032855 -15.317504 -0.54168814 0.12461651 -0.95539325 0.745561 1003.74 
20150706150615 2.8892028 -12.682086 1.751957 -0.5357288 -1.6600263 0.5384777 1003.74 
20150706150615 -1.8255788 -13.789405 8.910022 -0.30207285 -0.9392053 0.34238997 1003.74 
20150706150615 -4.0372224 -13.776237 7.029376 0.07788532 -0.49968776 -0.15088372 1003.71 
20150706150615 -4.506486 -12.509106 4.610634 0.19394971 -0.10476339 -0.691194 1003.71 
20150706150615 0.94211835 -10.62846 -7.319673 2.485 1.133155 -0.226631 1003.71 
20150706150615 1.780089 -11.185112 -5.0038815 3.78767 0.54000485 0.09865474 1003.71 
20150706150615 0.35673606 -16.226103 -3.0220811 3.4177911 -0.02076942 -0.23762658 1003.71 
20150706150615 -4.498705 -19.608511 -4.9063177 2.6352727 -0.3549127 -0.7797695 1003.71 
20150706150615 -10.001179 -19.608511 -5.1571107 2.449875 -0.83260936 -1.0974194 1003.71 
20150706150615 -10.744578 -17.29272 10.073604 2.7983737 -0.35338554 -1.1801916 1003.71 
20150706150615 -7.1568675 -11.637017 0.33638534 2.931237 -0.3903429 -0.50579643 1003.71 
20150706150615 -1.323395 -10.238804 4.1742907 3.3848042 -1.59558 -0.11942416 1003.62 
20150706150615 5.5563436 -8.890868 -0.91937345 3.4348953 0.8943067 -0.09865474 1003.62 
20150706150615 5.436035 -4.55856 -6.4206505 3.580892 4.4290786 0.3182608 1003.62 
20150706150615 2.6803088 -4.509479 -2.6270378 4.601648 6.549086 0.569021 1003.62 
20150706150615 1.377863 -4.2263646 -4.597466 3.7146716 6.28 0.04428773 1003.62 
20150706150615 1.4143747 -1.4425066 -6.287772 1.7763962 1.2983941 -0.27030787 1003.62 
20150706150615 -2.3511062 -0.4213795 -6.487688 1.5635096 1.4633276 0.20341812 1003.62 
20150706150615 -3.3560722 0.374094 -4.395156 1.785559 2.3041837 0.28985557 1003.62 
20150706150615 -2.973 -0.15502456 -2.6312277 1.5030339 1.5039502 -0.37323865 1003.62 
20150706150615 -2.5785553 -0.7398083 -1.6130934 0.7284568 1.4208726 -0.86132 1003.79 
20150706150615 -2.3768437 -2.621651 0.26635495 0.0983493 1.7440202 -0.9914343 1003.79 
20150706150615 -3.4368765 -8.028955 6.2500634 -0.5354234 1.6771306 -1.0693196 1003.79 
20150706150615 -9.287108 -19.367895 19.458275 -2.0280726 1.0748174 -1.53205 1003.79 
20150706150615 -10.093356 -19.608511 19.608511 -3.4028249 0.21502456 -1.9947804 1003.79 
20150706150615 -3.079542 -15.625757 4.498705 -2.2809708 -0.5546656 -0.95905846 1003.79 
20150706150615 -5.810129 -0.56563014 -3.156755 1.8368717 -1.7941113 0.43585235 1003.79 
20150706150615 -12.576741 -6.9288197 -7.3753386 2.7033842 2.3716843 0.56779927 1003.79 
20150706150615 -6.3787518 -11.195287 -12.486361 1.6462818 3.731165 -0.27091873 1003.79 
20150706150615 -3.6990416 -8.655039 -3.6990416 -0.59223384 0.90224797 0.59315014 1003.96 
20150706150615 0.46148238 -9.449914 5.429451 -0.8881981 0.18081611 0.95203346 1003.96 
20150706150615 1.8028339 -9.746197 -10.459669 0.025045475 -2.7748554 0.7266242 1003.96 
20150706150615 1.4101849 -8.26239 -11.185112 -0.42302418 -2.0916026 0.6533204 1003.96 
20150706150615 0.51235914 -9.204509 -7.8086886 -1.5891659 0.5119051 0.49357912 1003.96 
20150706150615 -0.4985925 -10.707469 -6.781576 -2.4972172 -1.3191634 -0.33658674 1003.96 
20150706150615 0.44232875 -14.144943 -2.4791958 -3.4617734 -3.8508945 -0.54183745 1003.96 
20150706150615 4.164714 -19.608511 3.0137014 -4.044844 -3.215289 -0.23762658 1003.96 
20150706150615 2.7605145 -11.884817 3.7972038 -4.1615195 -2.9431489 0.026572637 1003.96 
20150706150615 1.6250644 -4.4298716 2.409764 -3.499036 -3.8829648 0.22296582 1003.57 
20150706150615 1.1372458 -4.5352163 0.048482586 -2.5830436 -5.4116554 -0.113926366 1003.57 
20150706150615 -1.0420763 -6.782175 -0.2645593 -2.0839667 -4.1758747 -0.05222898 1003.57 
20150706150615 -1.2318168 -7.9750857 2.130241 -1.6493362 -1.8863518 -0.22632557 1003.57 
20150706150616 -1.3964181 -10.204087 2.1410148 -1.3878858 -0.06780604 -0.2678644 1003.57 
20150706150616 0.7751228 -10.819996 2.8814218 -1.0965031 0.7309003 -0.20525073 1003.57 
20150706150616 1.762731 -11.112687 0.9540894 -0.91507614 1.1557571 0.1386664 1003.57 
20150706150616 1.1988965 -9.786898 -0.3633201 -0.7538077 0.45723262 0.43249258 1003.57 
20150706150616 0.76195467 -9.42238 -1.1180922 -0.5348125 -0.63163465 0.3191771 1003.57 
20150706150616 0.44891283 -10.476428 -1.6089035 -0.40530908 -0.83658 0.30268374 1003.77 
20150706150616 -0.81642276 -12.611458 -1.5406688 -0.37659842 -0.7128797 0.36774087 1003.77 
20150706150616 -2.883816 -13.991117 0.6835446 -0.66523224 -0.61819565 0.19853121 1003.77 
20150706150616 -1.9405005 -14.854226 7.1125746 -0.91874135 -0.59406644 -0.18081611 1003.77 
20150706150616 0.44532153 -16.340427 6.4960675 -1.0601566 -0.5112942 -0.10934488 1003.77 
20150706150616 2.6042929 -16.14051 1.8375498 -0.42119157 0.07971791 0.24678956 1003.77 
20150706150616 2.3983915 -13.614628 3.4488475 1.3121386 1.0928379 0.58062744 1003.77 
20150706150616 1.5999253 -12.665327 -0.12030864 2.3423629 2.0436497 0.43310347 1003.77 
20150706150616 1.3958195 -10.345944 -3.566762 2.878397 0.90469146 -0.12767084 1003.77 
20150706150616 -1.2904748 -12.867039 -4.4526167 3.3551774 0.080634214 -0.5009095 1003.81 
20150706150616 -4.759074 -18.02834 -6.5631056 2.963002 0.37110063 -0.6817256 1003.81 
20150706150616 -8.9124155 -19.608511 -7.4872675 2.561358 0.7654142 -0.61208695 1003.81 
20150706150616 -11.444882 -16.37215 -0.45130703 2.7724118 0.7480045 -0.70371675 1003.81 
20150706150616 -6.367978 -10.484209 5.9448028 3.0656273 -0.7293731 -0.6432411 1003.81 
20150706150616 -2.1338322 -9.601347 2.2625206 2.0182989 -3.0549371 -0.090713486 1003.81 
20150706150616 5.8921304 -10.353725 0.9343372 2.701857 -0.7199047 -0.035124753 1003.81 
20150706150616 9.181165 -9.029133 -5.6748567 3.854865 3.8347065 0.6575964 1003.81 
20150706150616 3.6056678 -7.752425 -1.9728222 4.861571 5.7760363 0.82833326 1003.81 
20150706150616 0.7044938 -5.2965727 -3.063381 4.1813726 6.1107903 -0.20830505 1003.75 
20150706150616 -0.39324763 -3.016694 -5.474941 2.179567 2.4507914 -0.84574294 1003.75 
20150706150616 -3.095703 -2.1410148 -6.0704985 1.8881844 1.8121318 -0.573297 1003.75 
20150706150616 -4.495114 -0.35194764 -4.9559975 1.9382755 2.7947085 -0.3109304 1003.75 
20150706150616 -3.9761705 0.037708677 -3.4159272 1.5033394 2.2525656 -0.6640105 1003.75 
20150706150616 -2.7551277 -1.002572 -2.1188686 0.80970186 1.9404135 -1.0345002 1003.75 
20150706150616 -3.4380736 -2.4899697 -0.46267948 0.07666359 1.9596558 -1.135293 1003.75 
20150706150616 -2.9622262 -5.357625 3.304597 -0.50854534 1.6218473 -1.1814134 1003.75 
20150706150616 -5.808932 -14.171879 8.447342 -1.3582588 0.7809912 -1.3130548 1003.75 
20150706150616 -12.746131 -19.608511 19.608511 -2.3716843 -0.28771752 -1.6798794 1003.81 
20150706150616 -3.7044287 -19.608511 18.93634 -2.8915308 -0.36010507 -1.6371188 1003.81 
20150706150616 0.7667431 -7.271789 -3.2190042 -0.48716503 -1.1609493 -0.06719518 1003.81 
20150706150616 -8.286931 -3.8624458 -3.0101101 2.4697282 0.37201694 0.6020077 1003.81 
20150706150616 -10.398018 -6.7306995 -7.7332716 2.5146267 4.2051964 0.2180789 1003.81 
20150706150616 -6.254852 -10.885837 -11.390414 0.35827246 1.9624046 -0.35796702 1003.81 
20150706150616 -3.0226796 -6.2943563 -5.680842 -1.455081 -0.8020661 0.24740042 1003.81 
20150706150616 -1.4203602 -6.603208 -1.6998832 -1.146594 -0.75869465 0.65118235 1003.81 
20150706150616 0.51235914 -8.662222 -2.1888988 0.008857546 -2.8166997 0.7657196 1003.81 
20150706150616 0.49679685 -11.680712 -11.335946 -0.55741453 -2.4507914 0.9071349 1003.48 
20150706150616 0.97503865 -8.936956 -8.35337 -2.5686884 -0.5876524 0.31764993 1003.48 
20150706150616 -0.25438392 -9.862914 -5.4803276 -3.0980031 0.05375614 -0.36743546 1003.48 
20150706150616 -0.80445176 -16.245855 -3.3494883 -3.3903022 -3.7183368 -0.25595254 1003.48 
20150706150616 3.6655228 -19.080591 6.241085 -3.7293322 -5.19266 -0.061086524 1003.48 
20150706150616 3.151368 -8.810063 4.0019083 -3.830736 -4.678922 0.23487769 1003.48 
20150706150616 2.4199393 -5.218761 0.8559271 -2.3548856 -4.2647557 0.10262536 1003.48 
20150706150616 1.6627731 -5.1690817 -2.1817162 -1.8866574 -3.92542 0.1600467 1003.48 
20150706150616 -0.91458505 -7.817667 -0.008379706 -1.5766432 -2.264783 0.019547688 1003.48 
20150706150616 -1.2006922 -9.385869 0.5189432 -1.4031575 -0.6737844 -0.23762658 1003.75 
20150706150617 -0.52612585 -10.310031 1.3269863 -1.5787812 0.074830994 -0.4266894 1003.75 
20150706150617 0.142455 -10.964247 2.670732 -1.2705997 0.44715336 -0.20189096 1003.75 
20150706150617 0.4309563 -10.738593 2.4863784 -1.0106765 -0.39706242 0.010079277 1003.75 
20150706150617 0.9876082 -10.078392 0.16280572 -0.77274454 -1.2290609 0.22204952 1003.75 
20150706150617 1.2186487 -9.753978 -0.9020155 -0.6786713 -1.323745 0.41538838 1003.75 
20150706150617 1.0450691 -10.92594 -1.3700819 -0.48472157 -0.87964594 0.5858198 1003.75 
20150706150617 -0.18495208 -12.991537 -0.9498995 -0.19394971 -0.3359759 0.45356745 1003.75 
20150706150617 -1.4544775 -14.248493 -0.7739257 -0.27916542 -0.27275133 0.1337795 1003.75 
20150706150617 -1.2970588 -14.773421 3.9163153 -0.5742133 -0.21319197 -0.24190263 1003.71 
20150706150617 -1.1067197 -14.57171 9.8437605 -0.57696223 0.24862215 -0.11759156 1003.71 
20150706150617 0.31364042 -14.104242 1.7022774 -0.1572978 0.4990769 0.1685988 1003.71 
20150706150617 -1.5562311 -10.787674 4.0821137 1.0980303 0.83658 0.17012598 1003.71 
20150706150617 -0.24480712 -10.526707 0.30945057 2.5427265 1.7137824 0.07147124 1003.71 
20150706150617 2.1278467 -9.475053 -5.3049526 2.9315424 0.19761491 -0.059864793 1003.71 
20150706150617 1.0121487 -14.157514 -2.7575219 3.5442402 -0.17348573 -0.043676864 1003.71 
20150706150617 -1.7609353 -19.607914 -4.361038 2.7290404 0.17562376 -0.5708536 1003.71 
20150706150617 -7.32506 -19.608511 -8.487445 2.417194 0.07971791 -0.74220127 1003.71 
20150706150617 -10.605715 -18.019958 -5.209783 3.0610456 0.50640726 -0.9651671 1003.74 
20150706150617 -6.630143 -10.852917 10.109517 3.0424144 0.18997909 -0.5552765 1003.74 
20150706150617 -2.6060886 -9.147048 1.039682 2.05098 -2.081218 -0.059253927 1003.74 
20150706150617 3.6529531 -8.453327 1.3054385 3.08884 -2.112983 -0.4447099 1003.74 
20150706150617 5.1846437 -6.6044054 -5.385158 3.96421 4.154189 0.17134771 1003.74 
20150706150617 2.72939 -5.1768627 -3.341707 4.7375655 6.4434066 0.47219884 1003.74 
20150706150617 0.23283611 -4.8386817 -3.413533 4.407698 6.8477993 0.18387043 1003.74 
20150706150617 -0.52073884 -3.0280666 -4.7638626 2.8060095 3.3615913 -0.08857546 1003.74 
20150706150617 -3.9097314 -2.698864 -5.0439844 1.7104226 2.0506747 0.1423316 1003.74 
20150706150617 -5.381567 -2.1787236 -4.449025 1.5894713 2.1945333 0.13622294 1003.88 
20150706150617 -4.300585 -1.8423382 -3.2160115 1.1139128 1.3078625 -0.5571091 1003.88 
20150706150617 -3.0998926 -2.0751743 -1.602918 0.53969944 1.1169671 -0.960891 1003.88 
20150706150617 -2.2768857 -3.0891187 -0.7978677 0.110872045 1.0870347 -1.0177015 1003.88 
20150706150617 -3.1453824 -5.9890957 4.3999443 -0.59040123 0.51893 -1.1777482 1003.88 
20150706150617 -4.7776294 -12.685678 12.971187 -1.8234328 -0.49021935 -1.484708 1003.88 
20150706150617 -5.1906295 -19.457079 19.608511 -3.1294627 -1.0115929 -1.7085901 1003.88 
20150706150617 -5.9585695 -19.608511 17.534534 -3.2049046 -1.430341 -0.9944886 1003.88 
20150706150617 -1.441908 -10.307637 -3.1441853 -1.3283265 -1.642922 -0.22174409 1003.88 
20150706150617 -9.325416 -9.074024 1.6304513 1.8060231 -0.3717115 0.62858033 1003.69 
20150706150617 -9.334992 -7.590218 -8.491635 1.3106114 3.8847976 0.15668693 1003.69 
20150706150617 -4.624999 -8.230068 -12.069171 0.20861048 1.0381655 -0.0580322 1003.69 
20150706150617 -3.41473 -5.494693 -4.034828 -0.9251554 -0.3277292 0.46089783 1003.69 
20150706150617 -0.088585466 -4.9320555 2.753332 -0.5867361 -0.025961773 0.6160576 1003.69 
20150706150617 1.2114661 -9.597756 -6.6870055 0.30482176 -2.6285532 0.52748215 1003.69 
20150706150617 1.0295067 -9.786898 -11.088745 -1.151481 -2.4190264 0.46883908 1003.69 
20150706150617 -0.05566519 -9.419388 -7.477092 -1.8820758 0.9807441 0.40194935 1003.69 
20150706150617 -1.525705 -10.785878 -5.775413 -2.400395 -1.269378 0.19425514 1003.69 
20150706150617 -1.2611457 -14.211383 -3.3135753 -2.8231137 -4.347833 0.013133603 1003.66 
20150706150617 3.3171666 -19.608511 6.3404446 -3.5240817 -4.6126432 0.07819075 1003.66 
20150706150617 2.0805612 -11.020511 1.1492168 -3.9058723 -4.181067 0.30695978 1003.66 
20150706150617 2.232593 -4.9069166 -0.22744916 -2.5445592 -4.020715 -0.09407325 1003.66 
20150706150617 1.8249803 -6.072294 0.15143326 -1.6203201 -4.093408 -0.06780604 1003.66 
20150706150617 -0.16220717 -8.0367365 1.2749124 -1.591304 -3.0848694 0.064751714 1003.66 
20150706150618 -0.57161564 -9.244013 1.3162124 -1.500285 -2.08977 -0.060170226 1003.66 
20150706150618 -0.04129998 -9.977237 0.25019407 -1.5690074 -0.6600399 -0.12095132 1003.66 
20150706150618 0.504578 -9.9473095 1.4215573 -1.2858714 0.9636399 0.098043874 1003.66 
20150706150618 0.24001873 -9.651626 2.4037786 -0.88056225 1.1502593 0.26267207 1003.63 
20150706150618 0.3776853 -9.647436 0.5267244 -0.69974613 0.25992316 0.2284636 1003.63 
20150706150618 0.7158663 -9.324817 -1.2659341 -0.75716746 -0.2321288 0.19242255 1003.63 
20150706150618 0.557849 -10.38485 -1.5119383 -0.7770206 -0.27550024 0.27397305 1003.63 
20150706150618 -0.3369839 -12.165538 -1.0779893 -0.46761733 -0.16279559 0.2761111 1003.63 
20150706150618 -2.3110032 -13.972561 -1.1150994 -0.2929099 -0.57848936 0.004886922 1003.63 
20150706150618 -0.16101007 -14.805144 2.304419 -0.42577308 -1.0195341 -0.2950479 1003.63 
20150706150618 0.6925228 -14.990695 5.988497 -0.7318166 -0.9059132 -0.0711658 1003.63 
20150706150618 -0.9032126 -14.31972 4.999093 -0.1826487 -0.5213735 0.2761111 1003.63 
20150706150618 -1.2725182 -12.765883 2.7611132 0.34025195 0.12034045 0.14385876 1003.74 
20150706150618 -1.5370775 -10.936115 3.8720226 1.5030339 2.1529946 -0.022907447 1003.74 
20150706150618 0.9235633 -9.462483 -2.5031378 2.4110851 1.7006488 -0.043982297 1003.74 
20150706150618 1.1498153 -9.267356 -3.804985 3.079677 -0.19486602 0.041233405 1003.74 
20150706150618 -0.45908818 -15.855002 -3.3680432 3.0072896 -0.42546764 -0.17959438 1003.74 
20150706150618 -4.2544966 -19.608511 -5.577293 2.332589 -0.008857546 -0.50579643 1003.74 
20150706150618 -9.507974 -19.608511 -7.1885905 2.5216517 0.26083946 -0.7131852 1003.74 
20150706150618 -9.313444 -14.364013 8.180388 3.0396655 0.07147124 -0.87109387 1003.74 
20150706150618 -5.5264163 -10.634445 3.1896753 2.9907963 -0.9804387 -0.21838433 1003.74 
20150706150618 -0.3321955 -9.154829 2.8269536 2.3817637 -3.0524936 0.12156218 1003.65 
20150706150618 7.377134 -8.555679 -0.5201403 3.644422 0.8707884 0.1133155 1003.65 
20150706150618 5.269638 -7.821857 -4.856638 4.4919977 5.661499 0.7244862 1003.65 
20150706150618 1.6478093 -6.377555 -2.3732524 4.8041496 6.419277 0.5552765 1003.65 
20150706150618 0.17537527 -4.110844 -4.245518 3.3673947 5.3823338 -0.09560041 1003.65 
20150706150618 -1.2958617 -2.6078842 -5.4138885 1.7504344 2.149024 -0.12889257 1003.65 
20150706150618 -4.179079 -1.3688848 -3.9372647 1.7400496 1.7116444 0.025961773 1003.65 
20150706150618 -4.146757 -1.3281834 -2.819771 1.6603317 2.0525072 -0.408058 1003.65 
20150706150618 -2.697667 -2.3038206 -2.6060886 1.169807 1.2660183 -0.77640975 1003.65 
20150706150618 -2.0937295 -2.8203697 -1.471237 0.4578435 1.2180653 -1.0769554 1003.78 
20150706150618 -2.581548 -3.8869865 0.15083471 -0.17928895 1.4691309 -1.1194105 1003.78 
20150706150618 -3.2489316 -6.217742 4.593276 -0.96761054 0.86742866 -1.3261884 1003.78 
20150706150618 -7.1383123 -15.887922 15.075091 -2.0622811 -0.08399397 -1.6197093 1003.78 
20150706150618 -7.4310036 -19.608511 19.608511 -2.8942795 -0.66431594 -1.738828 1003.78 
20150706150618 -3.544017 -19.608511 12.841899 -3.0243938 -1.0057896 -1.1972959 1003.78 
20150706150618 -2.9843724 -3.503914 -2.9939492 0.48533243 -1.4605788 0.09010262 1003.78 
20150706150618 -10.843938 -0.55605334 -3.9217024 2.8411343 0.8872818 0.6243043 1003.78 
20150706150618 -9.578004 -4.583101 -11.2210245 1.7443258 3.7928624 -0.31887165 1003.78 
20150706150618 -4.7800236 -10.42615 -13.771448 0.26511553 1.1123856 -0.25259277 1003.91 
20150706150618 -3.697246 -9.009979 -3.9947255 -1.5531249 0.15118915 0.55955255 1003.91 
20150706150618 1.963844 -11.003751 13.511678 -1.6059648 -0.9923506 0.9111055 1003.91 
20150706150618 1.4790181 -10.247183 -10.67814 -0.462425 -3.3988543 0.88514376 1003.91 
20150706150618 1.2982559 -9.403227 -10.717644 -1.3833044 -2.5384505 0.66859204 1003.91 
20150706150618 0.39205053 -9.5732155 -7.642292 -1.9260582 0.8378017 0.27152961 1003.91 
20150706150618 -1.8195933 -10.676344 -5.9603653 -2.379931 -1.6911805 -0.23671028 1003.91 
20150706150618 -0.4381389 -14.4370365 -1.6106992 -3.4016032 -4.1325035 -0.38423425 1003.91 
20150706150618 3.1256304 -18.32043 6.1405287 -3.8594465 -3.4245105 -0.041233405 1003.91 
20150706150618 1.8531121 -8.672397 3.2399535 -3.3588426 -3.4373388 0.28344148 1003.52 
20150706150619 1.8860323 -3.6242228 -1.3210008 -2.445599 -4.284609 0.06627888 1003.52 
20150706150619 1.5544355 -5.312135 -2.3451207 -1.8716911 -3.8084393 0.13041973 1003.52 
20150706150619 -1.2958617 -8.469488 1.6466122 -1.4880677 -1.6517797 0.08155051 1003.52 
20150706150619 -1.5095441 -10.78528 3.1950622 -1.3671165 -0.67256266 -0.30848694 1003.52 
20150706150619 1.4239515 -11.065402 1.9183542 -1.5167783 -0.4801401 -0.2968805 1003.52 
20150706150619 2.1338322 -11.25215 2.136825 -1.3811663 0.032375857 0.032986723 1003.52 
20150706150619 1.6938977 -10.258555 0.9959879 -0.6386596 -0.118507855 0.36743546 1003.52 
20150706150619 1.3736732 -8.766968 -0.55485624 -0.34147367 -1.2412782 0.31887165 1003.52 
20150706150619 1.0893618 -8.425795 -1.3497312 -0.49388456 -1.5855007 0.30573806 1003.75 
20150706150619 0.8170213 -9.22067 -1.7208325 -0.2932153 -1.0115929 0.31123585 1003.75 
20150706150619 -1.5729905 -12.115858 -3.6242228 -0.22968534 -0.86742866 0.2452624 1003.75 
20150706150619 -3.2752678 -15.338453 -3.0933087 -0.41538838 -0.9419542 -0.037873644 1003.75 
20150706150619 -2.7982233 -16.718111 0.59136784 -0.6979135 -0.9126327 -0.2415972 1003.75 
20150706150619 -0.48602295 -16.394896 5.816713 -0.8888089 -1.0366384 -0.22174409 1003.75 
20150706150619 -0.62728083 -14.982914 10.6398325 -0.958753 -1.061073 0.013439035 1003.75 
20150706150619 -0.050278235 -14.929045 4.268862 -0.6273586 0.5561928 0.03604105 1003.75 
20150706150619 0.49200845 -11.967417 -0.54647654 1.0641272 3.0763173 0.0021380284 1003.75 
20150706150619 0.49559975 -8.780735 -3.5063083 3.245527 5.2451944 0.37018433 1003.74 
20150706150619 0.2693477 -9.106945 -2.4785974 3.3814445 2.122146 0.3662137 1003.74 
20150706150619 -0.9564836 -12.522872 -2.4714148 2.4828618 -1.1768318 -0.204029 1003.74 
20150706150619 -3.863643 -16.470911 -4.0396166 2.1108449 -0.8546005 -0.4605924 1003.74 
20150706150619 -7.855974 -19.228432 -6.8360443 2.5537221 -0.16371189 -0.50426924 1003.74 
20150706150619 -8.965687 -16.539145 -1.2749124 3.4807103 0.2098322 -0.55955255 1003.74 
20150706150619 -4.63697 -12.7096195 7.789535 3.39244 -0.50976706 0.080634214 1003.74 
20150706150619 0.8265981 -11.662156 3.417723 2.4330764 -1.6300939 0.376293 1003.74 
20150706150619 8.01459 -9.200917 -1.6190789 3.918395 1.280679 0.2098322 1003.74 
20150706150619 8.101978 -5.692813 -6.027403 5.3374352 4.7436743 0.6994407 1003.67 
20150706150619 2.2798786 -6.7109475 -3.1974564 5.1465397 6.2668667 0.40500367 1003.67 
20150706150619 -0.4333505 -4.689044 -6.806117 2.8499918 4.502688 -0.67103547 1003.67 
20150706150619 -2.617461 -1.2012907 -6.715736 2.0292943 2.3115141 -0.3399465 1003.67 
20150706150619 -6.171055 0.33279404 -4.0934863 1.926669 2.307238 0.05467244 1003.67 
20150706150619 -4.7614684 0.46926352 -2.8856115 1.7629571 1.6291776 -0.33200526 1003.67 
20150706150619 -2.9005754 -0.57760113 -1.5735891 1.0998629 0.8017606 -0.95233893 1003.67 
20150706150619 -2.9765913 -2.8754363 0.6075287 0.19364429 1.1640037 -1.0451905 1003.67 
20150706150619 -3.0017304 -6.1088057 5.378574 -0.7675522 1.2935071 -1.2061534 1003.67 
20150706150619 -7.017405 -14.926052 16.971298 -1.5787812 0.21074851 -1.4731015 1003.79 
20150706150619 -9.400234 -19.608511 19.608511 -2.3399193 -0.17104226 -1.7938058 1003.79 
20150706150619 -4.435259 -19.368494 12.274473 -2.1398609 -0.5174029 -1.039998 1003.79 
20150706150619 -1.2737153 -3.9989154 -4.8584337 0.80909103 -0.85154617 0.25961772 1003.79 
20150706150619 -11.865664 -6.904279 -4.1718965 2.1905627 2.8502972 0.636827 1003.79 
20150706150619 -10.079589 -10.399814 -13.286024 1.0772609 3.581503 -0.048563786 1003.79 
20150706150619 -4.4897265 -9.727043 -7.9026613 -0.6374379 -0.23396139 -0.09621128 1003.79 
20150706150619 -3.4967315 -8.775348 7.2167225 -1.6496416 -0.66645396 0.22602014 1003.79 
20150706150619 -1.7591397 -10.6954975 -2.1775265 -0.6957755 -2.0372355 0.3023783 1003.79 
20150706150619 -0.31423897 -8.680777 -11.087548 -0.5439755 -3.9095376 0.37110063 1003.4 
20150706150619 1.1593921 -6.503849 -9.7007065 -1.1814134 -0.3662137 0.5897904 1003.4 
20150706150619 1.3227965 -7.20116 -8.106767 -2.3890939 -0.021991149 0.26450464 1003.4 
20150706150619 -1.2665327 -9.912594 -6.108207 -3.1612277 -2.6209173 -0.1572978 1003.4 
20150706150619 -0.92535895 -14.378977 -4.405331 -4.067752 -3.5705073 -0.22602014 1003.4 
20150706150619 2.404377 -19.608511 2.1470003 -4.2568145 -3.6144896 0.37690386 1003.4 
20150706150619 3.763685 -10.327389 6.4272346 -3.991699 -4.295604 0.806953 1003.4 
20150706150620 3.4075475 -5.8723783 0.4890157 -2.6936102 -4.8942523 0.50762904 1003.4 
20150706150620 1.7926586 -6.859388 -2.0129251 -1.9932534 -3.9052615 0.33628133 1003.4 
20150706150620 0.22026655 -8.628703 -1.2336124 -1.9172006 -1.6056592 0.089186326 1003.66 
20150706150620 -0.7529764 -9.130288 2.498948 -1.6151277 0.43310347 -0.25350907 1003.66 
20150706150620 -0.09876082 -10.089765 3.6391866 -1.3848315 0.30909783 -0.28313604 1003.66 
20150706150620 1.2389994 -10.90499 0.87927055 -1.16492 -0.65668017 -0.21135938 1003.66 
20150706150620 1.3024458 -9.61691 -0.0017956513 -1.196685 -1.7638733 -0.021380283 1003.66 
20150706150620 0.80325466 -10.085575 0.8122329 -0.7959574 -2.1181753 0.22052236 1003.66 
20150706150620 0.48841715 -12.106879 0.5793968 -0.2846632 -2.125811 0.3549127 1003.66 
20150706150620 0.87448215 -12.042834 0.4141969 -0.49632803 -1.9236146 0.31642818 1003.66 
20150706150620 -0.95827925 -13.612832 -0.9103952 -0.64568454 -1.0198395 0.36682457 1003.66 
20150706150620 -0.4369418 -14.6172 1.5807717 -0.30879238 0.35460728 0.05222898 1003.64 
20150706150620 -0.12210429 -15.032594 7.2059484 -0.3231477 1.2269229 0.0870483 1003.64 
20150706150620 -0.4878186 -14.682442 1.0247183 0.14263703 1.6847663 0.31764993 1003.64 
20150706150620 -0.7398083 -12.365453 3.311181 0.95264435 1.6154331 0.10445796 1003.64 
20150706150620 0.57879823 -11.897985 -0.7398083 2.2947154 1.8084666 -0.07513642 1003.64 
20150706150620 0.7739257 -11.158177 -4.655525 2.9339857 0.28496864 -0.36560285 1003.64 
20150706150620 -1.0887632 -14.085687 -4.582502 3.4257324 -0.7357872 -0.6945538 1003.64 
20150706150620 -5.313332 -19.488802 -6.0387754 2.7464502 0.12370021 -0.9053023 1003.64 
20150706150620 -10.246585 -19.608511 -6.7223196 2.5616634 0.6047566 -0.9682214 1003.64 
20150706150620 -11.337742 -15.91366 8.255806 2.9364293 0.47342056 -1.1032226 1003.64 
20150706150620 -7.3442135 -10.779893 1.2725182 3.0812044 -0.7360926 -0.61758476 1003.64 
20150706150620 -1.4640543 -8.234259 2.1410148 3.0870075 -2.6096163 -0.12858713 1003.64 
20150706150620 6.6654577 -9.108741 2.5689783 3.706425 0.8680395 0.29168814 1003.64 
20150706150620 6.809708 -8.6574335 -6.353613 3.8457022 4.7488666 0.6786713 1003.64 
20150706150620 2.4474726 -6.9120603 -2.0452468 4.597372 5.8588085 0.44684792 1003.64 
20150706150620 0.6901286 -5.056554 -4.534618 4.045455 6.5677176 -0.26450464 1003.64 
20150706150620 -0.39384618 -1.4269443 -5.533 2.2437081 2.067168 -0.30024028 1003.64 
20150706150620 -3.176507 0.65242 -5.590461 1.7980819 1.733941 0.2501493 1003.64 
20150706150620 -3.767875 0.6997054 -4.2078094 1.6197093 1.8283197 0.07696902 1003.89 
20150706150620 -2.7024553 -0.40821138 -3.4638114 1.2046263 1.0155635 -0.6747007 1003.89 
20150706150620 -2.545635 -1.8070238 -1.905186 0.5552765 1.0882565 -1.1111639 1003.89 
20150706150620 -3.8486793 -3.1789012 0.8283938 -0.089491755 1.6349808 -1.1557571 1003.89 
20150706150620 -4.384382 -9.171588 8.520366 -1.1679744 1.1673635 -1.3726143 1003.89 
20150706150620 -9.169792 -19.608511 19.608511 -2.2559254 0.08857546 -1.6276505 1003.89 
20150706150620 -7.5788455 -19.608511 19.608511 -3.1166344 -0.4364632 -1.7333301 1003.89 
20150706150620 -1.2707225 -13.269264 3.0478187 -0.9621128 -1.0512991 -0.49174652 1003.89 
20150706150620 -8.39886 -4.1635165 -2.207454 2.20278 -0.6017023 0.59589905 1003.89 
20150706150620 -13.309966 -8.561666 -6.752846 2.0253236 3.9581013 0.20616703 1003.73 
20150706150620 -5.837662 -11.576564 -8.908825 1.0033462 2.146275 -0.0015271631 1003.73 
20150706150620 -0.54288524 -6.041768 -7.2083426 -0.95630956 -0.46517387 0.88331115 1003.73 
20150706150620 -0.52732295 -5.159505 -0.8984242 -0.4990769 -0.9074403 0.83199847 1003.73 
20150706150620 -0.45729253 -10.108319 -3.7984009 0.13347405 -2.5665503 0.6059783 1003.73 
20150706150620 0.40521863 -9.993997 -12.097302 -0.8738427 -2.0118847 0.38453966 1003.73 
20150706150620 0.094570965 -8.756194 -7.480085 -1.700038 0.065973446 0.42638394 1003.73 
20150706150620 -0.22445641 -10.455479 -6.606201 -2.833193 -0.89369583 0.19914207 1003.73 
20150706150620 -0.82599956 -12.485164 -6.4523735 -3.3334916 -4.260785 0.006414085 1003.73 
20150706150620 1.9416976 -18.760366 3.833117 -4.1560216 -4.6566257 0.07666359 1003.74 
20150706150620 3.7205894 -17.632696 4.7614684 -4.644714 -3.6838229 0.22999077 1003.74 
20150706150620 2.6013002 -7.4848733 2.861071 -3.7864482 -4.0671406 0.34269542 1003.74 
20150706150621 2.1374235 -5.6161985 0.0724246 -1.9703459 -4.57141 0.15363261 1003.74 
20150706150621 0.46926352 -6.770204 -2.2008698 -1.881465 -3.6459491 0.3359759 1003.74 
20150706150621 -0.30526072 -7.6584525 -0.22625206 -1.7085901 -0.98349303 0.109650314 1003.74 
20150706150621 -0.9768343 -8.507197 2.0733786 -1.5619824 0.48838675 -0.14752395 1003.74 
20150706150621 -0.33638534 -9.057265 2.7748797 -1.3790283 0.63041294 -0.23426682 1003.74 
20150706150621 0.9564836 -9.465476 0.9888053 -1.1319333 0.10873401 -0.17592919 1003.74 
20150706150621 1.1994951 -8.571242 0.05925649 -0.95111716 -0.8414669 0.064446285 1003.66 
20150706150621 0.64823014 -9.317635 0.093373865 -0.70829827 -1.3918564 0.2302962 1003.66 
20150706150621 0.44891283 -11.459248 -0.320823 -0.3848451 -1.4459181 0.30604348 1003.66 
20150706150621 0.40940848 -12.495338 -0.9271546 -0.42485678 -1.2159272 0.36926803 1003.66 
20150706150621 -1.7567455 -14.156915 -2.0560207 -0.6395759 -0.7626653 0.40500367 1003.66 
20150706150621 -0.033518825 -15.198991 -0.65062433 -0.6188065 -0.0125227375 0.036651913 1003.66 
20150706150621 1.7675194 -15.136742 2.094328 -0.55741453 0.2706133 0.1001819 1003.66 
20150706150621 -0.7140707 -15.159487 7.5363483 -0.23884831 0.12797627 0.35735616 1003.66 
20150706150621 -3.5703533 -13.936049 6.854001 -0.22021692 0.16829337 0.076052725 1003.66 
20150706150621 -2.528277 -11.306019 1.4550761 0.27030787 1.3219124 -0.25595254 1003.7 
20150706150621 0.8822633 -9.290101 -1.5849615 2.773023 2.8823676 0.095294975 1003.7 
20150706150621 2.307412 -8.8884735 -3.3991678 3.4055738 1.2605205 0.4034765 1003.7 
20150706150621 0.6799533 -14.768633 -2.3439236 3.0418036 -1.1218541 -0.16310102 1003.7 
20150706150621 -3.2202013 -19.599533 -4.908712 2.5298984 -0.8689558 -0.6249151 1003.7 
20150706150621 -8.552687 -19.608511 -7.057508 2.6535985 -0.46517387 -0.9108001 1003.7 
20150706150621 -10.053851 -16.745047 -4.420295 3.3307428 0.4260785 -0.9682214 1003.7 
20150706150621 -5.708974 -10.468647 12.354679 3.3228016 -0.1591304 -0.19333886 1003.7 
20150706150621 -1.8136078 -10.283695 4.188656 2.0830505 -1.9682078 -0.052534413 1003.7 
20150706150621 3.359065 -10.135853 0.6727707 2.833804 0.021685716 -0.39706242 1003.69 
20150706150621 8.028955 -6.4188547 -5.3247046 4.322788 3.8411207 0.1301143 1003.69 
20150706150621 2.9951463 -6.8408327 -3.0789435 5.254052 6.9217143 0.54061574 1003.69 
20150706150621 0.60333884 -4.812944 -4.993108 3.7956111 5.410128 -0.3811799 1003.69 
20150706150621 -0.62368953 -2.168548 -4.6082397 2.2235496 2.4938574 -0.5198463 1003.69 
20150706150621 -3.7948096 -0.825401 -5.180454 2.0179935 2.4291058 -0.023823744 1003.69 
20150706150621 -4.7578773 -0.22266077 -3.7654808 1.7935003 2.0152445 -0.20433442 1003.69 
20150706150621 -3.281852 -0.7026982 -2.6042929 1.3884968 1.3973542 -0.6808093 1003.69 
20150706150621 -2.7216089 -1.8201919 -1.1851299 0.57726765 1.3808609 -0.95569867 1003.69 
20150706150621 -3.6367924 -2.8209682 0.31304187 -0.21868975 1.4721853 -0.9914343 1003.77 
20150706150621 -4.0934863 -6.293159 6.019023 -0.84604836 0.93401295 -1.1224649 1003.77 
20150706150621 -6.3685765 -16.091429 16.655264 -2.0485365 0.16218472 -1.4370605 1003.77 
20150706150621 -8.307879 -19.608511 19.608511 -3.1016684 -0.56199604 -1.566564 1003.77 
20150706150621 -4.0719385 -19.455881 9.631275 -2.4193318 -0.98654735 -0.6771441 1003.77 
20150706150621 -4.6471453 -5.1744685 -3.0933087 0.54641896 -1.1307116 0.34483343 1003.77 
20150706150621 -12.498331 -7.855376 -3.5901055 2.204002 2.730873 0.63132924 1003.77 
20150706150621 -7.4322004 -10.043077 -9.746795 1.3322971 3.8487566 0.14569137 1003.77 
20150706150621 -1.2545617 -7.275979 -6.4936733 -0.3408628 0.45937067 0.86926126 1003.77 
20150706150621 -0.4961983 -4.201824 -2.5623944 -0.8005389 -0.13255776 0.75900006 1003.8 
20150706150621 0.3812766 -6.893505 -4.341286 -0.035124753 -2.154827 0.5723807 1003.8 
20150706150621 -0.6733692 -11.678916 -10.860099 -0.54641896 -2.6138923 0.40378192 1003.8 
20150706150621 -0.44352585 -10.159196 -8.39467 -1.740966 -0.6719518 0.2968805 1003.8 
20150706150621 0.6428431 -10.291476 -7.4735007 -2.7293458 -0.92271197 0.1572978 1003.8 
20150706150621 -0.6877344 -11.736976 -6.0621185 -3.4730744 -3.8704422 0.15699236 1003.8 
20150706150621 1.9243397 -18.8286 4.14975 -4.1346416 -4.3640213 -0.019242255 1003.8 
20150706150621 3.7966053 -16.514006 6.117185 -4.6718974 -3.4663548 0.04428773 1003.8 
20150706150622 2.6342204 -7.4788876 3.071761 -3.1181617 -3.6224308 0.2134974 1003.8 
20150706150622 2.3259668 -5.145738 0.59256494 -1.5656476 -4.735733 0.089491755 1003.65 
20150706150622 0.25498247 -6.787562 -1.7681179 -2.1035144 -3.5094209 0.16157386 1003.65 
20150706150622 -0.95229375 -8.567052 -1.0696096 -1.7623463 -0.15790866 -0.25289822 1003.65 
20150706150622 -0.8738836 -9.551069 0.96905315 -1.2690725 1.287093 -0.38026363 1003.65 
20150706150622 -0.7314286 -10.62846 2.5821466 -1.0955868 1.2819008 -0.23273966 1003.65 
20150706150622 0.31603462 -10.715848 2.0147207 -1.001819 0.38453966 -0.20555615 1003.65 
20150706150622 1.0241197 -9.482236 0.28072014 -0.9639453 -0.6603453 -0.059253927 1003.65 
20150706150622 0.7966706 -8.884284 -0.5434838 -0.9101892 -1.1572843 0.15424347 1003.65 
20150706150622 0.0023942017 -9.762956 -0.6877344 -0.6356053 -1.0958922 0.22724187 1003.65 
20150706150622 -1.311424 -11.870452 -2.2080526 -0.3717115 -0.93492925 0.18142697 1003.72 
20150706150622 -2.2942438 -12.495937 0.93613285 -0.64843345 -0.8402451 0.043982297 1003.72 
20150706150622 -2.6210523 -13.879188 4.486734 -0.9761627 -0.42210788 -0.021685716 1003.72 
20150706150622 0.22625206 -14.158112 4.2012253 -1.0250319 -0.52534413 -0.10140363 1003.72 
20150706150622 0.5859809 -14.355035 3.4404678 -0.10048734 -0.106595986 0.2947425 1003.72 
20150706150622 0.030526072 -13.097481 5.6347537 1.1615603 0.5186246 0.5177083 1003.72 
20150706150622 -0.973243 -12.243349 2.8042088 1.5457945 0.95722586 0.18478674 1003.72 
20150706150622 2.1410148 -10.78109 -5.659294 2.7534752 1.0122037 0.05681047 1003.72 
20150706150622 1.4706384 -11.763311 -3.311181 3.5784485 0.2134974 0.05497787 1003.72 
20150706150622 -0.43873745 -17.71829 -3.4422636 2.9798007 -0.29871312 -0.25289822 1003.85 
20150706150622 -5.0481744 -19.608511 -5.8484364 2.368019 -0.5867361 -0.5326745 1003.85 
20150706150622 -8.839393 -19.500772 -5.5982423 2.7006352 -0.13988814 -0.75533485 1003.85 
20150706150622 -8.564059 -13.152547 2.2511482 3.22995 -0.11056661 -0.7247916 1003.85 
20150706150622 -6.1686606 -10.284293 4.8285065 3.10289 -1.5198327 -0.17012598 1003.85 
20150706150622 -2.7928362 -9.15842 1.7100586 2.3548856 -2.434298 -0.16310102 1003.85 
20150706150622 3.8654387 -9.065644 0.30466217 2.9159653 0.046731193 -0.10995574 1003.85 
20150706150622 7.3268557 -8.683769 -4.347272 3.2378912 4.7616944 0.37751472 1003.85 
20150706150622 3.8271315 -6.9988503 -2.8526914 3.5854735 5.39058 0.16615535 1003.85 
20150706150622 1.1833342 -4.6980224 -3.560178 3.2662964 4.522541 -0.5345071 1003.74 
20150706150622 -0.6368576 -2.461838 -5.6904187 2.2036965 2.4184155 -0.7855727 1003.74 
20150706150622 -2.2679076 -1.3138182 -5.8634 2.0308216 1.7550159 -0.4382958 1003.74 
20150706150622 -3.7523127 -0.48482585 -4.973954 1.8442022 2.5928175 -0.42577308 1003.74 
20150706150622 -4.172495 -0.55725044 -2.5809495 1.2131784 2.0409007 -0.8680395 1003.74 
20150706150622 -3.4967315 -1.4275428 -1.3401544 0.6081163 1.981036 -1.1398746 1003.74 
20150706150622 -3.152565 -3.4374752 0.5734113 -0.10354166 1.8503108 -1.1911873 1003.74 
20150706150622 -2.5558102 -8.031349 5.3318872 -0.87995136 1.57084 -1.2550226 1003.74 
20150706150622 -8.963293 -18.59756 15.686211 -2.1126773 0.42332962 -1.5387696 1003.74 
20150706150622 -9.046491 -19.608511 19.608511 -2.6013696 -0.24007004 -1.6914859 1003.74 
20150706150622 -0.026934769 -18.512566 7.328053 -1.9413297 -0.47128254 -0.5458081 1003.74 
20150706150622 -0.15203181 -2.055422 -3.3722332 1.8289305 -0.8597928 0.28099802 1003.74 
20150706150622 -9.750386 -4.0096893 -3.643975 2.7348437 3.0179799 0.34208453 1003.74 
20150706150622 -9.295488 -10.230424 -9.549872 0.7834347 3.4532213 -0.44257188 1003.74 
20150706150622 -5.409699 -11.859678 -7.6728177 -0.9071349 -0.5109888 0.09743301 1003.74 
20150706150622 -3.5649664 -7.9714947 -1.8261774 -1.6410894 0.010995574 0.44959682 1003.74 
20150706150622 -1.0594343 -8.270171 3.376423 -0.72082096 -1.217149 0.6282749 1003.74 
20150706150622 0.9648633 -8.352771 -8.70831 -0.3323107 -3.4235942 0.6780604 1003.74 
20150706150622 0.34117374 -8.437167 -10.313024 -1.278541 -1.0616838 0.5403103 1003.43 
20150706150622 -0.30945057 -8.432977 -6.9306154 -2.096184 0.32834008 -0.05100725 1003.43 
20150706150622 -1.423353 -9.793482 -4.410718 -2.584571 -1.892766 -0.1695151 1003.43 
20150706150623 0.12988544 -15.70716 2.9652188 -3.223536 -3.762319 -0.101098195 1003.43 
20150706150623 3.5954924 -19.518131 3.4434607 -3.5234706 -4.43366 0.13744467 1003.43 
20150706150623 2.4528596 -9.55885 0.7835025 -3.396716 -4.198477 0.28008172 1003.43 
20150706150623 1.678934 -4.4244847 -1.5221137 -2.4584272 -4.1150937 -0.1600467 1003.43 
20150706150623 1.1725603 -6.0860605 -1.5795746 -1.8371773 -2.8948903 -0.21838433 1003.43 
20150706150623 -0.18974048 -7.717709 -0.5141548 -1.5778649 -1.5018122 -0.06658431 1003.43 
20150706150623 -0.99898064 -9.31943 0.81163436 -1.1817188 -0.28680122 -0.14385876 1003.69 
20150706150623 -0.78050977 -10.274118 0.87448215 -1.0274754 0.21991149 -0.28527406 1003.69 
20150706150623 -0.14305355 -10.157401 2.1906946 -1.3692545 0.21410827 -0.24617869 1003.69 
20150706150623 0.6913257 -9.617508 0.9720459 -1.3875804 0.101098195 -0.06627888 1003.69 
20150706150623 0.6733692 -9.406818 -0.53689975 -0.870483 -0.3155119 0.0870483 1003.69 
20150706150623 0.1400608 -10.057443 -1.0941502 -0.42149702 -0.84513205 0.16707164 1003.69 
20150706150623 -0.81402856 -11.414955 -1.9542671 -0.35155296 -0.92271197 0.17012598 1003.69 
20150706150623 -0.45789108 -12.193669 -1.4622587 -0.5702427 -0.8038987 0.118507855 1003.69 
20150706150623 -0.9367314 -13.125013 1.3449428 -0.7892379 -0.66828656 0.19333886 1003.69 
20150706150623 -0.31304187 -14.785991 1.5041572 -0.9138544 -0.77457714 0.204029 1003.68 
20150706150623 1.8662802 -14.541782 2.6288335 -0.66156703 -1.0629056 0.16798794 1003.68 
20150706150623 0.05207389 -15.247474 3.9851487 0.19486602 -0.23090707 0.5488624 1003.68 
20150706150623 -1.9434932 -13.677476 6.9569516 0.44318274 0.36254853 0.1414153 1003.68 
20150706150623 -1.4820108 -12.445061 3.2638955 0.65576386 1.5467108 -0.16432275 1003.68 
20150706150623 0.41359833 -9.560646 -2.2882583 2.2934935 1.8753563 -0.13775012 1003.68 
20150706150623 1.4239515 -9.080608 -3.5075054 3.4101553 0.55924714 0.1441642 1003.68 
20150706150623 0.16579847 -12.100295 -2.3732524 2.9028316 -0.8512407 -0.13652839 1003.68 
20150706150623 -2.4271219 -16.141708 -4.0414124 2.2996023 -0.63804877 -0.4822781 1003.68 
20150706150623 -6.3721676 -19.382858 -6.1686606 2.5949554 0.21777347 -0.5555819 1003.68 
20150706150623 -9.169194 -18.165407 -2.4917655 3.4122932 0.55955255 -0.64476824 1003.68 
20150706150623 -4.789002 -12.5264635 7.132327 3.4324517 -0.064751714 -0.08399397 1003.68 
20150706150623 -1.0845734 -10.93791 2.6390088 2.8249464 -1.4269812 0.4343252 1003.68 
20150706150623 4.899135 -10.051457 1.1073183 3.912592 0.6239988 0.11942416 1003.68 
20150706150623 6.941389 -8.070255 -4.658518 4.37013 4.9107456 0.3631594 1003.68 
20150706150623 1.4107834 -7.5770497 -2.6527755 4.4580946 5.8154373 0.28496864 1003.68 
20150706150623 0.011971008 -5.4659624 -5.039196 3.2351422 5.001765 -0.57726765 1003.68 
20150706150623 -2.4570496 -2.3133974 -5.0798974 2.4355197 2.5763242 -0.38759398 1003.68 
20150706150623 -4.1066546 -0.01436521 -5.085284 2.2531765 2.2015584 -0.12339478 1003.81 
20150706150623 -4.844667 0.7009025 -3.5344403 1.9040669 1.6438384 -0.34574974 1003.81 
20150706150623 -3.8804023 -0.44951138 -2.4678235 1.1829406 1.2751812 -0.73761976 1003.81 
20150706150623 -3.095703 -1.9931729 -1.0205284 0.33658674 1.3283265 -0.92057395 1003.81 
20150706150623 -3.6613328 -3.3794158 1.1755531 -0.45570546 1.2965615 -0.9569204 1003.81 
20150706150623 -3.3315318 -6.9306154 6.8839283 -1.328021 0.6078109 -1.1594223 1003.81 
20150706150623 -8.122928 -15.860389 18.475456 -2.1450534 -0.20280726 -1.387275 1003.81 
20150706150623 -6.0687027 -19.608511 19.608511 -2.7882943 -0.43951756 -1.6639969 1003.81 
20150706150623 0.09816227 -18.823812 3.502717 -2.0864103 -0.5684101 -0.75625116 1003.81 
20150706150623 -4.1383777 -7.6494746 -1.6394296 1.4957036 -0.020158553 0.453262 1003.63 
20150706150623 -12.863447 -8.313866 -1.8632874 1.6841555 3.4419203 0.19914207 1003.63 
20150706150623 -9.871892 -9.212888 -13.605051 0.7666359 1.215011 -0.57848936 1003.63 
20150706150623 -3.5625722 -5.7023897 -8.702923 -0.57696223 -0.90469146 -0.016493361 1003.63 
20150706150623 -1.8842367 -4.099472 -2.332551 -1.0338894 0.3662137 0.32070425 1003.63 
20150706150623 -0.38307226 -6.9342065 1.4341269 0.33964106 -1.6667458 0.61941737 1003.63 
20150706150623 0.5614403 -12.121843 -10.208876 -0.8359691 -3.1010575 0.57879484 1003.63 
20150706150623 0.2873042 -9.267955 -9.614515 -2.4657576 -0.50579643 0.46181414 1003.63 
20150706150623 -0.055066638 -8.583213 -5.5820813 -2.85213 0.5897904 0.022296581 1003.63 
20150706150624 -1.1498153 -10.78109 -4.8267107 -3.270267 -3.6172385 0.15668693 1003.58 
20150706150624 -0.10235212 -19.22903 -0.7104794 -3.7555995 -5.4550266 0.17104226 1003.58 
20150706150624 3.7062242 -15.270219 6.4589577 -3.8319576 -4.436714 0.35033122 1003.58 
20150706150624 3.7074213 -6.5511346 1.4137762 -3.0201178 -3.7522397 0.34422258 1003.58 
20150706150624 3.271078 -6.2769985 -1.1049241 -1.4648548 -3.3786957 0.19853121 1003.58 
20150706150624 1.1121067 -7.6644382 -1.7411832 -1.7434094 -2.2623394 0.2134974 1003.58 
20150706150624 0.10414778 -8.51019 -0.92296475 -1.5741998 -0.63804877 -0.2828306 1003.58 
20150706150624 -1.3018472 -9.619304 1.2276269 -1.4828753 0.1469131 -0.49174652 1003.58 
20150706150624 -1.4053963 -10.406398 3.891775 -1.5418239 0.17928895 -0.5561928 1003.58 
20150706150624 -0.17118542 -10.476428 2.666542 -1.6569719 -0.26511553 -0.40561453 1003.59 
20150706150624 0.39025488 -9.786898 0.24899697 -1.1374311 -1.0115929 -0.03268129 1003.59 
20150706150624 0.04309563 -10.123283 -0.9379285 -0.44959682 -1.4795157 0.25534168 1003.59 
20150706150624 -0.30406362 -11.638813 -0.9056068 -0.31887165 -1.2733486 0.3323107 1003.59 
20150706150624 -0.073023155 -12.409746 1.0971429 -0.47708577 -0.8597928 0.32711834 1003.59 
20150706150624 -0.3184288 -13.0759325 1.3760674 -0.788627 -0.6753115 0.28924468 1003.59 
20150706150624 1.1917139 -14.161104 1.7764976 -0.68111473 -0.3998113 0.21380283 1003.59 
20150706150624 1.5849615 -14.683041 4.613028 0.03940081 0.3210097 0.40286562 1003.59 
20150706150624 -0.16639702 -14.3496475 3.7283707 0.58001655 0.5699373 0.43982297 1003.59 
20150706150624 -1.423353 -12.170326 4.823718 0.9434814 0.8668178 0.07666359 1003.7 
20150706150624 0.23223756 -11.068395 -1.846528 2.1801782 1.0903945 -0.23182335 1003.7 
20150706150624 0.8319851 -9.68275 -4.8338933 3.2879822 -0.024129177 -0.28405234 1003.7 
20150706150624 -0.6356605 -13.881581 -4.083311 3.3053918 -0.25167647 -0.5561928 1003.7 
20150706150624 -5.059547 -19.608511 -6.11539 2.532342 -0.25320363 -0.8689558 1003.7 
20150706150624 -11.271303 -19.608511 -5.9023056 2.4236078 -0.13652839 -1.0057896 1003.7 
20150706150624 -11.265318 -15.924434 8.890269 2.8383853 -0.2761111 -1.2116512 1003.7 
20150706150624 -7.6590514 -10.803835 -0.6099229 2.8625145 -1.5418239 -0.43890667 1003.7 
20150706150624 -1.9979613 -7.4106526 2.0177135 2.876259 -2.9181032 -0.17928895 1003.7 
20150706150624 4.518457 -8.371924 1.3587095 3.238502 2.5653286 0.38362336 1003.64 
20150706150624 7.769783 -8.112154 -4.324527 3.6025777 5.2974234 0.77121735 1003.64 
20150706150624 2.8832173 -7.4244194 -2.2391772 4.1862597 5.474574 0.732122 1003.64 
20150706150624 -0.13706805 -6.1046157 -2.2649148 3.3023374 5.13982 0.06414085 1003.64 
20150706150624 -0.997185 -2.541445 -5.29777 1.840537 1.6844609 -0.267559 1003.64 
20150706150624 -2.8748376 -1.5215151 -4.6417584 1.7192802 1.3497068 0.07666359 1003.64 
20150706150624 -3.8815994 -1.1438298 -3.0400376 1.7229455 2.2165246 0.07666359 1003.64 
20150706150624 -2.96881 -1.2533646 -2.1039047 1.1716396 1.5531249 -0.58184916 1003.64 
20150706150624 -1.9381063 -2.0817583 -1.0785879 0.4978552 1.1774428 -0.8597928 1003.64 
20150706150624 -1.5688007 -3.2345665 -0.31304187 0.04428773 1.3292428 -0.9654725 1003.78 
20150706150624 -2.184709 -5.17387 3.1124623 -0.593761 1.287704 -1.0968086 1003.78 
20150706150624 -5.2756233 -11.843517 11.129447 -1.3600914 0.7855727 -1.4114041 1003.78 
20150706150624 -8.962694 -19.608511 19.608511 -2.5677722 0.3100141 -1.9847012 1003.78 
20150706150624 -6.5684924 -19.608511 16.759413 -2.6871963 -0.087659165 -1.6475036 1003.78 
20150706150624 -3.0777464 -10.093356 -0.533907 0.59040123 -0.44929138 -0.2501493 1003.78 
20150706150624 -11.495161 -3.2423477 0.020350715 1.9734001 1.0906999 0.4605924 1003.78 
20150706150624 -11.69807 -5.345654 -9.968259 1.3112222 2.1355848 -0.32803464 1003.78 
20150706150624 -7.0168066 -8.430583 -14.021643 0.4196644 0.33750305 -0.076358154 1003.78 
20150706150624 -3.3889925 -7.9421654 -4.1461587 -1.2012665 0.25503623 0.86132 1003.77 
20150706150624 0.6841431 -9.130887 8.900445 -1.0256428 -0.754724 1.0351112 1003.77 
20150706150624 3.9677908 -10.765528 -10.278308 -0.31520647 -3.3991597 0.9999864 1003.77 
20150706150624 2.8724434 -9.072827 -11.195886 -1.4129313 -1.0965031 0.87964594 1003.77 
20150706150624 1.762731 -9.554661 -8.072051 -2.5076017 1.8854356 0.24709499 1003.77 
20150706150625 -1.352724 -10.749966 -6.609194 -2.676506 -2.2091942 -0.42302418 1003.77 
20150706150625 -0.02633622 -12.623428 0.1933318 -3.717726 -5.1999903 -0.56413406 1003.77 
20150706150625 2.7910407 -19.583372 6.463746 -4.160298 -3.5897496 -0.12950343 1003.77 
20150706150625 1.7393875 -11.886014 2.9909565 -3.4654386 -3.687488 0.14508049 1003.77 
20150706150625 2.0745757 -5.052963 -0.66738373 -2.0244074 -4.9663343 0.13805555 1003.63 
20150706150625 1.2802993 -3.9971197 -2.6982653 -1.8784106 -4.8847837 0.13897185 1003.63 
20150706150625 -0.076015905 -7.428011 -0.30107087 -1.6114625 -1.78617 -0.010079277 1003.63 
20150706150625 -1.3072342 -9.474455 2.042254 -1.4010195 -0.45448375 -0.31764993 1003.63 
20150706150625 -0.5446809 -10.634445 -0.090381116 -1.1685852 0.0290161 -0.40866885 1003.63 
20150706150625 0.29987377 -10.749966 1.0666169 -1.3726143 0.2724459 -0.34116822 1003.63 
20150706150625 0.7038953 -10.487202 2.8461072 -1.3808609 0.6914995 0.009162978 1003.63 
20150706150625 0.41180268 -10.559028 0.30705637 -0.93828905 -0.08093964 0.14385876 1003.63 
20150706150625 0.044891283 -10.129868 -1.7340006 -0.7687739 -0.7779369 0.1282817 1003.63 
20150706150625 -0.002992752 -11.056423 -1.9285295 -0.73456544 -0.25350907 0.26419923 1003.73 
20150706150625 -0.4830302 -13.537415 0.08559271 -0.7174612 -0.09285152 0.4266894 1003.73 
20150706150625 -0.6907272 -15.530588 0.581791 -0.61727935 -0.8268061 0.27152961 1003.73 
20150706150625 1.5035586 -15.218144 1.7322049 -0.535118 -1.7171422 0.08002335 1003.73 
20150706150625 -0.0796072 -14.225748 3.83192 -0.0290161 -1.4330899 0.31031954 1003.73 
20150706150625 -1.5933412 -12.906543 5.8215013 0.26908615 -0.8533788 0.10354166 1003.73 
20150706150625 -0.5279215 -12.230181 3.365649 0.47708577 -0.047036625 -0.26267207 1003.73 
20150706150625 1.003769 -10.934917 0.3321955 2.1642957 0.9798279 -0.24862215 1003.73 
20150706150625 1.7417817 -10.123882 -3.1070752 3.2559118 -0.061391957 -0.063224554 1003.73 
20150706150625 0.14604631 -13.574525 -2.9101522 3.421151 -0.70952 -0.46700647 1003.9 
20150706150625 -4.211401 -18.845959 -6.0046577 2.9975157 -0.34788775 -0.81581056 1003.9 
20150706150625 -8.169016 -19.608511 -6.643311 2.9929342 0.4092797 -0.9468411 1003.9 
20150706150625 -11.568783 -17.993025 -3.7660792 3.1065552 0.86101454 -0.8958339 1003.9 
20150706150625 -7.380127 -12.716204 12.713211 3.0201178 -0.28008172 -0.44012842 1003.9 
20150706150625 -3.347094 -10.088568 2.3181858 2.3197608 -2.1768184 -0.15363261 1003.9 
20150706150625 2.1152773 -10.392631 1.448492 3.0940325 -0.43249258 -0.04642576 1003.9 
20150706150625 10.812215 -8.240842 -5.0822916 3.9263363 4.0204096 0.61850107 1003.9 
20150706150625 5.647922 -7.848193 -2.4911668 4.5616364 6.0197716 1.0210613 1003.9 
20150706150625 0.5614403 -5.9962783 -3.5368345 3.5888333 5.436395 -0.122783914 1003.86 
20150706150625 -0.82779527 -2.7150247 -5.061941 2.2229385 1.9572122 -0.59406644 1003.86 
20150706150625 -3.425504 -0.8002619 -5.5312047 2.055867 2.0018053 -0.07513642 1003.86 
20150706150625 -4.2275615 0.36990416 -4.809353 1.8640553 2.3527474 -0.23945917 1003.86 
20150706150625 -3.614646 -0.19393034 -3.371036 1.2892311 1.6206255 -0.70646566 1003.86 
20150706150625 -2.3104045 -1.5544355 -2.0829554 0.41783184 1.7702875 -1.0574077 1003.86 
20150706150625 -2.5773582 -2.4654293 -0.3184288 -0.35979962 1.8347337 -1.1093313 1003.86 
