20150624191039 -12.121843 -0.16400282 -0.5422867 -0.099571034 -0.6206391 0.4382958 995.34 
20150624191039 -11.352706 2.190096 -4.209007 -0.18295415 -0.60231316 0.52412236 995.34 
20150624191039 -10.253767 3.816956 -6.35062 -0.33505958 -0.24831672 0.5910121 995.44 
20150624191039 -10.747571 3.9109285 -5.559935 -0.46822822 0.21868975 0.68600166 995.44 
20150624191039 -10.378265 2.7952304 -3.5087025 -0.30115658 0.3735441 0.58062744 995.44 
20150624191039 -9.504981 0.80086046 -1.8513165 -0.040011674 -0.013133603 0.37873647 995.44 
20150624191039 -8.1079645 1.0079589 -1.0947487 0.15271631 -0.45081854 0.029932396 995.44 
20150624191039 -7.3088994 2.111686 -1.6681601 0.18295415 -0.79473567 -0.33108896 995.44 
20150624191039 -6.9485717 2.8095956 -2.1152773 0.12339478 -0.59589905 -0.5345071 995.44 
20150624191039 -8.375516 2.902371 -2.0320787 0.07574729 -0.07941248 -0.5907067 995.44 
20150624191039 -9.246407 1.7262194 -1.6567876 0.0106901415 0.14935656 -0.6200282 995.44 
20150624191039 -9.827001 -0.44352585 -1.751957 -0.06261369 0.18020524 -0.49205196 995.47 
20150624191039 -9.003395 -1.4736311 -0.96306765 0.040317107 0.33261612 -0.58001655 995.47 
20150624191039 -8.588001 -1.5059528 0.023942016 0.11789699 0.116675265 -0.6554584 995.47 
20150624191039 -8.462905 -1.2174516 0.57760113 0.14294247 -0.19333886 -0.5222898 995.47 
20150624191039 -8.526351 -0.30286652 0.7302315 0.17287487 -0.3304781 -0.39400807 995.47 
20150624191039 -8.373122 0.6368576 0.6242881 0.2657264 -0.28160888 -0.3100141 995.47 
20150624191039 -8.122928 0.93852705 0.5303157 0.3640757 -0.16829337 -0.2648101 995.47 
20150624191039 -7.9409685 0.45489833 0.32800564 0.3643811 -0.009773844 -0.26145032 995.47 
20150624191039 -8.756793 -0.46926352 0.05267244 0.3109304 0.11026118 -0.24831672 995.47 
20150624191039 -9.810242 -0.7272388 -0.15442601 0.2706133 0.21868975 -0.2012801 995.41 
20150624191039 -10.633847 -0.20829555 -0.17896658 0.23304509 0.258396 -0.10903945 995.41 
20150624191039 -11.769896 0.18614918 0.21667525 0.19700404 0.26389378 -0.028099801 995.41 
20150624191039 -12.810176 0.31423897 1.2916719 0.19883664 0.16554448 -0.054061573 995.41 
20150624191039 -12.607866 -0.47285482 2.7114334 0.1777618 0.03023783 -0.18570304 995.41 
20150624191039 -11.963826 -0.9175778 3.5895069 0.17012598 -0.14966199 -0.26145032 995.41 
20150624191039 -11.770494 -0.15622166 2.7461493 0.23426682 -0.3295618 -0.3399465 995.41 
20150624191039 -11.475409 0.38726214 0.9756372 0.38453966 -0.38881573 -0.42394048 995.41 
20150624191039 -9.865907 -0.3286042 -1.2282255 0.44868052 -0.25045475 -0.51251596 995.41 
20150624191039 -7.5686703 -0.52133745 -4.6016555 0.4792238 -0.086132 -0.58551437 995.45 
20150624191039 -7.8637557 -1.4550761 -6.939594 0.6582073 0.15454891 -0.57635134 995.45 
20150624191039 -12.815563 -2.111686 -6.510433 0.75900006 0.30818152 -0.61422503 995.45 
20150624191039 -15.705963 -0.16220717 -4.673482 0.51893 0.3631594 -0.7852673 995.45 
20150624191039 -13.648147 0.4321534 -4.8255134 0.28405234 0.30176744 -0.6805039 995.45 
20150624191039 -10.110115 -0.06584055 -2.44029 0.38056904 0.14477506 -0.17684549 995.45 
20150624191039 -7.7560163 -0.8182184 -0.55006784 0.36713 -0.30695978 0.2134974 995.45 
20150624191039 -6.7630215 -1.210269 0.09756372 0.30298916 -0.61666846 0.45937067 995.45 
20150624191039 -6.991069 -1.9093759 -0.05805939 0.38698313 -0.86498517 0.4260785 995.45 
20150624191039 -7.435792 -1.9973627 -0.8678981 0.4831944 -0.7690793 0.31795537 995.43 
20150624191039 -7.4561424 0.05865794 -0.8834604 0.5552765 -0.5290093 0.33750305 995.43 
20150624191039 -6.994062 3.3985693 0.6051345 0.60231316 -0.28405234 0.410196 995.43 
20150624191040 -7.5124063 3.764882 1.1115081 0.41599923 -0.204029 0.5311473 995.43 
20150624191040 -7.44896 2.367267 1.3269863 0.16768251 -0.30085114 0.45020768 995.43 
20150624191040 -6.9886746 0.47285482 1.513734 0.15454891 -0.29871312 0.267559 995.43 
20150624191040 -7.591415 -0.8936358 1.4437037 0.15271631 -0.41141775 0.13164146 995.43 
20150624191040 -8.9998045 -0.83378077 2.3229742 0.10140363 -0.44348818 0.090713486 995.43 
20150624191040 -10.286089 -0.6003461 3.104681 -0.009773844 -0.25411993 0.105374254 995.43 
20150624191040 -11.675923 -0.46686932 3.8073792 -0.058643065 -0.07941248 0.12522738 995.42 
20150624191040 -13.2189865 -0.08259996 3.354875 0.13683382 -0.06994407 0.20219639 995.42 
20150624191040 -13.260884 2.308609 1.1456255 0.36560285 -0.12308934 0.20250183 995.42 
20150624191040 -12.175713 5.116409 2.083554 0.57360244 -0.1160644 0.1695151 995.42 
20150624191040 -11.193492 3.964798 2.2774844 0.2932153 -0.096516706 0.19120082 995.42 
20150624191040 -11.544841 1.0791864 -0.09756372 0.116980694 -0.13194689 0.29749137 995.42 
20150624191040 -9.985617 1.7322049 -4.3544545 -0.048258353 -0.40866885 0.49205196 995.42 
20150624191040 -9.209895 2.8736405 -5.325303 -0.4596761 -0.5644395 0.75319684 995.42 
20150624191040 -10.360908 2.1374235 -4.3448777 -1.1759156 -0.18936823 0.7706065 995.42 
20150624191040 -13.910312 -1.0947487 -2.9879637 -1.0118983 0.40011674 0.65087694 995.43 
20150624191040 -15.115792 -2.4181437 -2.3122003 -0.32345316 0.109650314 0.29352075 995.43 
20150624191040 -11.000758 -0.28790274 -0.86969376 -0.07086037 -0.16523905 0.099571034 995.43 
20150624191040 -7.7039423 1.1641805 0.23283611 -0.08368854 -0.27030787 -0.059864793 995.43 
20150624191040 -7.49026 1.6382325 0.6344634 -0.046120327 -0.2593123 -0.25228736 995.43 
20150624191040 -6.597223 1.7274165 0.80205756 0.106901415 -0.2452624 -0.5503896 995.43 
20150624191040 -6.0387754 0.80445176 0.6410475 0.12675454 -0.20586158 -0.56046885 995.43 
20150624191040 -4.519056 -0.11133038 1.5167267 0.038789943 -0.0012217305 -0.4859433 995.43 
20150624191040 -4.3700166 -0.7344214 1.8680758 -0.041233405 0.106595986 -0.50762904 995.43 
20150624191040 -6.1405287 -1.2940661 1.5047557 -0.052534413 0.14080444 -0.3753767 995.4 
20150624191040 -7.978079 -1.8860323 0.8535329 -0.11453723 0.18142697 -0.23426682 995.4 
20150624191040 -9.088988 -1.3796587 0.29209262 -0.15790866 0.41141775 -0.08307768 995.4 
20150624191040 -9.836577 -0.10055647 0.6242881 -0.14049901 0.6386596 0.044593163 995.4 
20150624191040 -10.9103775 0.14305355 0.84694886 -0.09621128 0.6973027 0.0720821 995.4 
20150624191040 -11.180922 -0.6386533 1.4155718 -0.009468411 0.63438356 -0.010995574 995.4 
20150624191040 -11.442489 -1.5915456 2.544438 0.05467244 0.38698313 -0.12217305 995.4 
20150624191040 -12.320562 -1.2797008 3.34051 0.13500121 0.069027774 -0.10170906 995.4 
20150624191040 -12.980165 0.7026982 4.0037036 0.08093964 -0.19303341 0.013133603 995.4 
20150624191040 -12.109872 -1.6418238 2.4779987 -0.055588737 -0.26725355 0.06078109 995.34 
20150624191040 -9.729437 -2.6126726 0.57400984 0.14263703 -0.23793201 -0.05497787 995.34 
20150624191040 -7.901464 -0.7236475 -0.7332243 0.7257079 -0.13652839 -0.3912592 995.34 
20150624191040 -7.1544733 0.6278794 -3.453636 0.6969972 0.0720821 -0.52442783 995.34 
20150624191040 -8.702923 0.9660604 -7.514202 0.6270532 0.11942416 -0.6731735 995.34 
20150624191040 -14.696807 -0.6871359 -6.4511766 0.6041457 0.60139686 -0.64751714 995.34 
20150624191040 -16.521189 -0.4782418 -0.31902736 0.31887165 0.8790351 -0.47983465 995.34 
20150624191040 -15.521011 -1.1055226 -3.7684734 0.036957346 0.52656585 -0.57696223 995.34 
20150624191040 -14.470555 -1.7166426 -5.201403 0.5296202 -0.26145032 -0.591623 995.34 
20150624191040 -11.6507845 -1.6879122 -2.4666264 0.77457714 -0.14660765 -0.27977628 995.37 
20150624191040 -8.893861 -1.0510546 0.8026561 0.6609562 0.18875736 0.0021380284 995.37 
20150624191040 -6.9467764 -0.415394 1.7824832 0.47555858 -0.26908615 0.34330627 995.37 
20150624191040 -5.662287 -0.6087258 1.6885108 0.5170974 -0.73273283 0.4804455 995.37 
20150624191040 -4.284424 -0.8439561 0.42197806 0.6899723 -0.50732356 0.47525316 995.37 
20150624191040 -4.4358573 -1.3814543 -0.33877954 0.7672467 -0.16676621 0.5131268 995.37 
20150624191040 -4.630386 0.01616086 -1.1186907 0.8374963 0.29352075 0.571159 995.37 
20150624191040 -6.2195373 1.6214731 -1.027711 1.0158689 0.48166725 0.6243043 995.37 
20150624191041 -7.5213847 1.5801731 -0.5638345 1.0897835 0.58032197 0.3903429 995.37 
20150624191041 -8.520964 0.99538934 -0.62608373 1.1224649 0.39614612 0.15332718 995.44 
20150624191041 -9.046491 1.347337 0.34117374 1.1160508 0.09865474 0.01863139 995.44 
20150624191041 -9.680955 2.1906946 1.9452889 0.9633345 -0.16707164 -0.03268129 995.44 
20150624191041 -11.865065 2.654571 4.200627 0.63346726 -0.3857614 -0.10293079 995.44 
20150624191041 -12.418724 2.8233624 3.9438488 0.34574974 -0.67103547 -0.004276057 995.44 
20150624191041 -12.200851 3.0256724 2.1392193 0.22296582 -0.7556403 0.28313604 995.44 
20150624191041 -11.887212 1.4885949 1.9913772 0.0061086523 -0.4999932 0.17256944 995.44 
20150624191041 -11.707646 -0.19033903 0.89543146 -0.14355333 0.06963864 0.12736541 995.44 
20150624191041 -13.678074 -0.8726865 -1.5819688 -0.160963 0.09743301 0.1872302 995.44 
20150624191041 -12.758102 1.0666169 -5.9130797 -0.40469822 -0.24312437 0.34483343 995.46 
20150624191041 -11.812392 2.4211364 -5.567716 -0.6047566 -0.27885997 0.88208944 995.46 
20150624191041 -11.596316 0.9391256 -2.9173348 -0.71929383 0.15332718 1.0876455 995.46 
20150624191041 -12.572552 -3.882198 -1.6124948 -0.37232238 0.01863139 0.89369583 995.46 
20150624191041 -13.078925 -2.195483 -1.3790601 0.5696318 -0.4361578 0.14263703 995.46 
20150624191041 -12.190078 2.0135236 -1.1605892 0.8561276 -0.6774496 -0.15851954 995.46 
20150624191041 -9.5971575 5.377377 -0.789488 0.3924809 -0.08155051 -0.1554652 995.46 
20150624191041 -8.665813 5.3899465 -1.4335283 0.17684549 0.4538729 -0.2733622 995.46 
20150624191041 -6.7905545 2.3421278 -0.1592144 -0.014966198 0.3472769 -0.6249151 995.46 
20150624191041 -4.841076 -1.4748282 0.7278373 -0.3622431 0.17195857 -0.7357872 995.43 
20150624191041 -2.9376855 -2.7994204 0.87089086 -0.5879578 0.10720685 -0.6209445 995.43 
20150624191041 -2.3463178 -1.5861586 -0.5410896 -0.68416905 0.3109304 -0.5458081 995.43 
20150624191041 -3.8588545 0.035913024 -2.010531 -0.6951646 0.5925393 -0.44440445 995.43 
20150624191041 -7.1275387 0.1328782 -1.8836381 -0.5519168 0.8567385 -0.44318274 995.43 
20150624191041 -10.234613 -0.65900403 -1.3359646 -0.33414328 0.8863655 -0.3707952 995.43 
20150624191041 -11.700463 -1.638831 -0.338181 -0.084910266 0.7669413 -0.16249016 995.43 
20150624191041 -9.904214 -2.3642743 1.4347254 -0.0870483 0.31520647 -0.034208454 995.43 
20150624191041 -8.161235 -1.7381904 3.241749 -0.12980886 -0.2049453 0.06414085 995.43 
20150624191041 -9.61272 -0.9498995 4.0025067 -0.10903945 -0.49541172 0.122783914 995.45 
20150624191041 -13.518261 0.022146367 2.6671407 -0.015882496 -0.47494772 0.14844026 995.45 
20150624191041 -16.66065 0.24121583 1.4796166 0.14752395 -0.11056661 0.10445796 995.45 
20150624191041 -15.508442 -1.3467385 1.4939818 0.23151793 0.29779682 -0.023518313 995.45 
20150624191041 -11.419744 -2.695871 1.6352397 0.3484986 0.3652974 -0.26083946 995.45 
20150624191041 -10.378265 -1.0307038 0.05925649 0.4605924 0.07880162 -0.43554693 995.45 
20150624191041 -9.835381 0.55844754 -3.316568 0.6765333 -0.24831672 -0.57543504 995.45 
20150624191041 -10.044873 0.7266402 -6.989872 0.84482664 -0.20555615 -0.8005389 995.45 
20150624191041 -12.320562 -0.24061728 -6.8611836 1.1404854 0.39064834 -0.9074403 995.45 
20150624191041 -13.408128 -0.092176765 -3.1112652 0.9492846 0.6047566 -0.7996226 995.44 
20150624191041 -11.715427 1.5448587 -2.2691047 0.57451874 0.102319926 -0.5109888 995.44 
20150624191041 -11.424532 1.3078327 -2.4115596 0.17745635 -0.29993483 0.022907447 995.44 
20150624191041 -10.784083 0.142455 -1.7363948 0.03604105 -0.2565634 0.24862215 995.44 
20150624191041 -9.689334 -1.0761937 -1.3215994 0.08857546 0.1301143 0.27916542 995.44 
20150624191041 -8.49343 -1.4700398 -0.39025488 0.29168814 0.083383106 0.24007004 995.44 
20150624191041 -6.5241995 -1.0013748 0.46567222 0.37659842 -0.20616703 0.24770586 995.44 
20150624191041 -4.4502225 -0.073621705 0.724246 0.44837508 -0.33108896 0.33261612 995.44 
20150624191041 -3.7894228 0.5823896 0.3345897 0.57848936 -0.35094208 0.44135013 995.44 
20150624191041 -4.38917 1.009156 0.12569559 0.62796944 -0.2883284 0.48075095 995.44 
20150624191041 -5.7418942 1.5532384 -0.49559975 0.6160576 -0.02443461 0.38698313 995.44 
20150624191041 -7.65965 1.6514006 -0.5781997 0.5861252 0.24709499 0.2968805 995.44 
20150624191041 -9.102157 0.91458505 -0.09636662 0.47739118 0.31978795 0.13500121 995.44 
20150624191042 -9.41041 0.35793316 1.3748703 0.44929138 0.20647246 -0.051618114 995.44 
20150624191042 -9.107543 0.30047232 3.816956 0.42821655 -0.11362094 -0.22143865 995.44 
20150624191042 -10.700885 -0.6871359 4.346673 0.52595496 -0.52687126 -0.25900686 995.44 
20150624191042 -13.562554 -0.1921347 1.7064673 0.7254025 -0.7703011 -0.22052236 995.44 
20150624191042 -14.007875 2.8640637 1.1210849 0.75625116 -0.6441574 -0.0125227375 995.44 
20150624191042 -12.905944 3.2842462 2.6162639 0.1731803 -0.16707164 0.31429017 995.45 
20150624191042 -12.194866 1.3215994 2.4001873 -0.13744467 0.13225232 0.49296826 995.45 
20150624191042 -10.852917 -0.110731825 -1.0971429 -0.14508049 -0.16798794 0.52534413 995.45 
20150624191042 -10.600328 -0.060453594 -5.8520274 -0.17470746 -0.56169057 0.7086037 995.45 
20150624191042 -11.660959 2.5971103 -7.1568675 -0.2929099 -0.45814893 0.904386 995.45 
20150624191042 -14.24131 3.9833531 -6.355408 -0.52656585 0.21594086 1.0064005 995.45 
20150624191042 -14.236522 2.5312698 -3.3991678 -0.18081611 0.6921103 0.8026769 995.45 
20150624191042 -12.253524 0.6715736 -1.7100586 0.14080444 0.27122417 0.23976462 995.45 
20150624191042 -10.582372 0.5470751 -0.760159 0.19761491 -0.2574797 -0.12889257 995.45 
20150624191042 -9.78989 1.4143747 -0.9600749 0.07666359 -0.46822822 -0.33933565 995.44 
20150624191042 -8.81964 1.2916719 -1.0342951 -0.048563786 -0.36102137 -0.38637227 995.44 
20150624191042 -8.531139 0.7374141 -0.97982705 -0.079107046 -0.06078109 -0.5919284 995.44 
20150624191042 -6.9545574 -0.3561375 -0.8146271 -0.10567969 -0.051618114 -0.6133087 995.44 
20150624191042 -5.1379566 -1.1139023 -0.0796072 -0.22021692 -0.0076358155 -0.43066 995.44 
20150624191042 -3.3620577 -0.3776853 0.4878186 -0.36132678 0.12339478 -0.410196 995.44 
20150624191042 -5.1984105 0.078410104 0.19632454 -0.37598756 0.047647487 -0.32467487 995.44 
20150624191042 -7.4351935 -0.031124622 -0.17298107 -0.46486846 -0.057726767 -0.2864958 995.44 
20150624191042 -8.552089 0.06344634 -0.4201824 -0.4972443 0.20250183 -0.11636983 995.44 
20150624191042 -8.795698 0.5614403 0.014963761 -0.52870387 0.5186246 -0.028710667 995.41 
20150624191042 -8.568848 0.20231004 0.95588505 -0.657291 0.5552765 -0.032375857 995.41 
20150624191042 -8.96449 -1.204882 2.4390929 -0.7162395 0.3735441 -0.09285152 995.41 
20150624191042 -10.912771 -2.9311013 3.0184898 -0.636827 0.051923547 -0.06536258 995.41 
20150624191042 -13.241731 -3.1860838 3.4153287 -0.54458636 -0.18051068 -0.0076358155 995.41 
20150624191042 -13.119627 -2.4067712 3.6224272 -0.43249258 -0.13500121 -0.021685716 995.41 
20150624191042 -11.377247 -2.5079262 2.777274 -0.27458394 -0.124311075 -0.10415252 995.41 
20150624191042 -10.261548 -0.7769185 0.39085343 0.2828306 -0.051923547 -0.35124752 995.41 
20150624191042 -11.5155115 2.308609 -3.1830912 0.829555 0.0030543262 -0.5174029 995.41 
20150624191042 -12.495937 3.7253778 -7.043143 0.90041536 -0.0033597588 -0.68508536 995.42 
20150624191042 -13.880384 2.3612814 -8.986636 0.7858781 0.22876903 -0.82527894 995.42 
20150624191042 -13.732542 -1.2731167 -6.4960675 0.81031275 0.8017606 -1.0064005 995.42 
20150624191042 -12.790424 -1.7633295 -0.50757074 0.46914452 1.0167851 -1.054048 995.42 
20150624191042 -12.260108 -1.2743138 -0.8194155 -0.04886922 0.12156218 -0.5531385 995.42 
20150624191042 -11.399991 -1.8411411 -1.8309658 -0.36560285 -0.80939645 0.0106901415 995.42 
20150624191042 -10.787076 -1.9835961 -1.4694413 -0.106901415 -0.3368922 0.24617869 995.42 
20150624191042 -10.111911 -1.2551602 -1.4107834 0.106595986 0.16676621 0.38423425 995.42 
20150624191042 -8.090606 0.16160862 -0.7577648 0.32162055 0.10629055 0.4361578 995.42 
20150624191042 -5.3049526 1.2228385 0.5351041 0.39553526 -0.17165314 0.5699373 995.4 
20150624191042 -3.3692403 1.1755531 1.1043255 0.2883284 -0.38912117 0.6203337 995.4 
20150624191042 -3.1741128 0.53809685 0.60932434 0.22235495 -0.52626044 0.6600399 995.4 
20150624191042 -4.3514614 -0.027533319 0.10175357 0.2846632 -0.47433686 0.6453791 995.4 
20150624191042 -6.3721676 0.84575176 0.18555063 0.38026363 -0.13988814 0.50946164 995.4 
20150624191042 -8.149264 0.9696517 0.034715924 0.34208453 0.122478485 0.39187005 995.4 
20150624191042 -9.2787285 0.700304 -0.16220717 0.23671028 0.30390546 0.2180789 995.4 
20150624191042 -9.572019 0.010175358 1.3018472 0.30482176 0.2782491 0.07788532 995.4 
20150624191042 -9.809045 -0.37948096 3.122039 0.37934732 0.15454891 -0.0571159 995.4 
20150624191043 -11.545439 -0.770933 4.087501 0.3313944 -0.16279559 -0.08307768 995.47 
20150624191043 -13.116035 0.7164649 2.6809072 0.37384954 -0.47739118 0.015882496 995.47 
20150624191043 -14.229938 3.0388405 2.0787656 0.48166725 -0.5531385 0.11575896 995.47 
20150624191043 -13.116035 3.0951042 2.7940333 0.3210097 -0.4334089 0.1863139 995.47 
20150624191043 -12.203845 1.1599907 2.9005754 0.3210097 -0.21074851 0.344528 995.47 
20150624191043 -10.907983 0.34356794 -1.1204864 -0.004886922 -0.07147124 0.4529566 995.47 
20150624191043 -9.606734 1.816002 -4.398747 -0.12064589 -0.37507126 0.5531385 995.47 
20150624191043 -9.7958765 3.232771 -5.01705 -0.39920044 -0.4288274 0.8579602 995.47 
20150624191043 -11.892598 3.4105403 -4.4939165 -0.59620446 0.019547688 0.9425651 995.47 
20150624191043 -14.602236 1.1366472 -4.3795934 -0.4886922 0.27305678 0.8539896 995.44 
20150624191043 -14.347254 -0.092775315 -3.4422636 -0.004276057 0.14752395 0.5571091 995.44 
20150624191043 -11.12406 0.57879823 -1.541866 0.26328292 -0.01740966 0.14660765 995.44 
20150624191043 -9.011177 2.256535 -0.11552023 0.14385876 -0.21105394 -0.17684549 995.44 
20150624191043 -7.314286 2.7922378 0.12569559 -0.036957346 -0.4089743 -0.3631594 995.44 
20150624191043 -7.52737 1.8219875 0.1340753 -0.13805555 -0.48930305 -0.57787853 995.44 
20150624191043 -6.6241574 0.044292733 0.044891283 -0.018936822 -0.46914452 -0.8750645 995.44 
20150624191043 -6.0280013 -2.2948422 0.05207389 -0.01985312 -0.5021312 -0.73823065 995.44 
20150624191043 -4.079121 -3.1483753 1.3814543 -0.13347405 -0.226631 -0.63621616 995.44 
20150624191043 -4.162918 -1.9219455 1.9949685 -0.111177474 -0.12583824 -0.6542367 995.44 
20150624191043 -5.9382186 -1.258153 1.5472529 0.08124508 -0.18906279 -0.50946164 995.44 
20150624191043 -7.581838 -0.6242881 1.3401544 0.24862215 -0.25381452 -0.4111123 995.44 
20150624191043 -8.236053 0.2813187 1.3449428 0.38240165 0.047036625 -0.23426682 995.44 
20150624191043 -9.24521 0.40043023 2.3409307 0.31978795 0.28252518 -0.10629055 995.44 
20150624191043 -10.759542 -0.6841431 2.3636756 0.17806722 0.3735441 -0.086132 995.44 
20150624191043 -11.275493 -1.9997569 2.0482395 0.07238753 0.33444872 -0.0888809 995.44 
20150624191043 -11.249157 -0.94092125 2.6384103 0.09010262 0.204029 -0.0030543262 995.44 
20150624191043 -12.108076 0.1412579 3.763685 0.03390302 0.082161374 0.023823744 995.44 
20150624191043 -12.294226 -2.3463178 4.0563765 -0.14263703 -0.040011674 -0.087659165 995.41 
20150624191043 -11.36348 -3.2303767 2.7635074 -0.05222898 -0.064446285 -0.15607607 995.41 
20150624191043 -12.300211 -0.59136784 0.23104046 0.47525316 -0.04062254 -0.41905355 995.41 
20150624191043 -10.945093 1.4957775 -4.3837833 0.6899723 0.14477506 -0.74189585 995.41 
20150624191043 -12.647969 0.7026982 -8.992621 0.782213 0.33505958 -1.0430524 995.41 
20150624191043 -15.325884 -2.3295584 -9.133281 1.1307116 0.8894198 -1.1969905 995.41 
20150624191043 -12.332533 -0.32321724 -0.59495914 0.93584555 1.1071932 -1.212262 995.41 
20150624191043 -9.751583 1.6184803 2.517503 0.267559 0.7312057 -0.43127087 995.41 
20150624191043 -10.681731 -0.39564183 -0.05805939 -0.4868596 -0.66614854 0.3368922 995.41 
20150624191043 -11.283274 -1.5837644 -1.3551182 -0.3848451 -1.1725558 0.48075095 995.45 
20150624191043 -10.834361 -1.9243397 -1.7016789 -0.20799962 -0.18967366 0.37110063 995.45 
20150624191043 -9.077017 -1.1767502 -0.4285621 -0.1151481 0.23762658 0.27855456 995.45 
20150624191043 -6.260239 -0.11492168 1.7764976 -0.01282817 0.057421334 0.3032946 995.45 
20150624191043 -3.5122938 0.45489833 2.0721815 -0.0030543262 -0.45265114 0.46731192 995.45 
20150624191043 -2.971803 0.3429694 1.388637 -0.0106901415 -0.65668017 0.59956425 995.45 
20150624191043 -4.164714 0.260968 0.533907 0.09101892 -0.52534413 0.65668017 995.45 
20150624191043 -5.7646394 1.0588357 0.22984336 0.15332718 -0.03940081 0.57818395 995.45 
20150624191043 -7.8475947 1.3946224 0.6823475 0.24862215 0.29565877 0.4437936 995.45 
20150624191043 -9.892841 0.91937345 1.2850877 0.21746802 0.46609017 0.30543262 995.45 
20150624191043 -10.22384 0.015562311 1.726818 0.22418754 0.47952923 0.13897185 995.45 
20150624191043 -9.3499565 -0.99538934 3.1860838 0.37018433 0.3717115 -0.026267206 995.45 
20150624191043 -10.078991 -2.1960814 3.7600937 0.5235115 0.026267206 -0.09560041 995.45 
20150624191043 -12.367847 -0.41120413 2.1272483 0.7641924 -0.35521814 -0.08674286 995.45 
20150624191044 -14.036008 3.4650085 1.4460979 0.8344419 -0.5739079 0.04917465 995.45 
20150624191044 -13.032837 4.423288 1.5592239 0.4560109 -0.28771752 0.2968805 995.45 
20150624191044 -12.437878 2.9047651 1.6531962 0.14935656 0.13408493 0.5644395 995.45 
20150624191044 -12.503119 1.09834 -1.8962077 0.2565634 0.03726278 0.66645396 995.45 
20150624191044 -11.11149 0.9475053 -6.5379663 0.06719518 -0.47433686 0.7318166 995.41 
20150624191044 -10.951677 1.7142484 -5.3713913 -0.13652839 -0.34697145 0.8940013 995.41 
20150624191044 -12.37503 1.5568297 -2.3481133 -0.25137106 0.35460728 0.904386 995.41 
20150624191044 -12.19307 0.84096336 -0.65182143 0.024740042 0.355829 0.56016344 995.41 
20150624191044 -11.339538 1.8303672 -0.93493575 0.5534439 -0.27275133 0.20005837 995.41 
20150624191044 -10.78947 2.8526914 -1.1976994 0.46395215 -0.39645153 -0.06505715 995.41 
20150624191044 -9.796474 3.4284968 -1.5280992 0.14263703 -0.08460484 -0.17715092 995.41 
20150624191044 -8.572439 2.5354595 -0.93732995 -0.100792766 0.31123585 -0.32986724 995.41 
20150624191044 -8.392276 0.022146367 -0.45729253 -0.25411993 0.28221974 -0.6114761 995.41 
20150624191044 -7.1227503 -1.9955671 -0.18136078 -0.2855795 0.0870483 -0.83077675 995.36 
20150624191044 -6.053739 -2.7527335 -0.29508537 -0.27672195 -0.089491755 -0.65270954 995.36 
20150624191044 -5.1343656 -1.4107834 0.6536171 -0.35033122 0.026572637 -0.5476407 995.36 
20150624191044 -5.631761 -0.25917232 1.3102269 -0.31490102 0.06963864 -0.37201694 995.36 
20150624191044 -6.7983356 -0.2124854 1.1198878 -0.27580565 0.0070249503 -0.25350907 995.36 
20150624191044 -7.9714947 -0.56084174 1.0133458 -0.17348573 0.02565634 -0.18173242 995.36 
20150624191044 -8.250419 -0.82121116 1.2509704 -0.0720821 0.20708331 -0.12522738 995.36 
20150624191044 -8.500014 -0.94690675 1.8064252 -0.03023783 0.25381452 -0.11789699 995.36 
20150624191044 -9.036914 -1.2336124 2.1470003 -0.01863139 0.13775012 -0.10934488 995.36 
20150624191044 -9.585785 -0.8834604 2.0087352 -0.032070424 -0.04886922 -0.06811147 995.41 
20150624191044 -10.541072 0.35434186 2.7024553 -0.034208454 -0.14049901 0.014966198 995.41 
20150624191044 -12.124836 0.044292733 3.750517 -0.09285152 -0.16340645 0.1020145 995.41 
20150624191044 -12.254722 -2.9107506 3.728969 -0.24098633 -0.12064589 0.053450707 995.41 
20150624191044 -10.622475 -2.8562827 2.292448 -0.036957346 -0.046731193 -0.2519819 995.41 
20150624191044 -11.131841 0.023942016 0.46208093 0.37965274 -0.064751714 -0.505491 995.41 
20150624191044 -9.79827 3.4901476 -3.5853171 0.50793445 -0.0571159 -0.64934975 995.41 
20150624191044 -11.559804 3.2836475 -8.169016 0.34666604 0.03634648 -0.73364913 995.41 
20150624191044 -16.300323 -1.283292 -9.054273 0.4569272 0.49968776 -0.8949176 995.41 
20150624191044 -15.31092 -1.8986019 -2.0219033 0.28619036 0.9636399 -1.1523973 995.4 
20150624191044 -12.567763 -0.587178 0.676362 0.05467244 0.6591236 -0.84635377 995.4 
20150624191044 -11.227609 -1.0324994 -0.4878186 -0.48502702 -0.31581733 -0.105068825 995.4 
20150624191044 -10.585963 -1.2892777 0.035314474 -0.5348125 -0.9193522 0.31795537 995.4 
20150624191044 -10.78947 -1.6543933 -0.019752163 -0.43249258 -0.34574974 0.3753767 995.4 
20150624191044 -9.831789 -1.5849615 0.046686932 -0.17379116 -0.16554448 0.25809056 995.4 
20150624191044 -7.611766 -0.7134721 0.581791 0.019547688 -0.22540927 0.2574797 995.4 
20150624191044 -5.556942 -0.2777274 0.86849666 0.19883664 -0.31642818 0.38698313 995.4 
20150624191044 -4.2054152 -0.30406362 0.7278373 0.2968805 -0.35888332 0.51159966 995.4 
20150624191044 -3.816956 0.073023155 0.6943185 0.41691554 -0.33750305 0.5635232 995.47 
20150624191044 -5.0385976 0.9235633 0.46267948 0.50579643 -0.15302174 0.5314528 995.47 
20150624191044 -7.101202 1.1994951 -0.29688102 0.5561928 0.062002823 0.4428773 995.47 
20150624191044 -8.309675 1.0097545 -0.6464345 0.5519168 0.2770274 0.2932153 995.47 
20150624191044 -8.6813755 0.7110779 0.023343466 0.5305365 0.5174029 0.15271631 995.47 
20150624191044 -8.589797 0.16998832 1.7549498 0.5739079 0.43554693 0.04642576 995.47 
20150624191044 -8.628703 -0.52852005 3.425504 0.5882632 0.057421334 -0.09285152 995.47 
20150624191044 -10.5841675 -0.18016368 2.0326772 0.6759224 -0.39584067 -0.13041973 995.47 
20150624191044 -13.083714 2.7647045 1.2294226 0.8750645 -0.6899723 -0.1301143 995.47 
20150624191044 -13.168109 3.678691 2.8101943 0.6249151 -0.61208695 -0.07147124 995.42 
20150624191045 -12.543821 1.7340006 3.0813377 0.031154128 -0.04886922 0.1872302 995.42 
20150624191045 -14.248493 -1.3000516 2.0248961 0.026572637 0.16554448 0.36468655 995.42 
20150624191045 -13.753491 -0.88166475 -1.2090719 0.02565634 -0.24098633 0.35033122 995.42 
20150624191045 -10.751163 0.7128736 -3.5619736 -0.05009095 -0.39370266 0.6792821 995.42 
20150624191045 -7.9708962 1.513734 -2.6126726 -0.07422013 -0.17654006 1.0500773 995.42 
20150624191045 -9.674969 1.3772645 -1.9967642 -0.07788532 -0.15302174 0.93828905 995.42 
20150624191045 -13.347674 2.9107506 -2.8269536 0.31245756 -0.45753807 0.6062838 995.42 
20150624191045 -13.60565 3.8031895 -3.912724 0.63529986 -0.28130344 0.4831944 995.42 
20150624191045 -12.0727625 3.7415388 -3.196858 0.40744713 0.27000242 0.24984388 995.4 
20150624191045 -9.337985 2.9041667 -1.4449008 0.0888809 0.8359691 -0.089186326 995.4 
20150624191045 -8.738237 1.091756 -0.4213795 -0.16065755 0.573297 -0.4746423 995.4 
20150624191045 -7.1065893 -0.3441665 0.0712275 -0.35705075 0.03359759 -0.84299403 995.4 
20150624191045 -5.939416 -1.5245079 0.28431144 -0.50243664 -0.28160888 -0.79290307 995.4 
20150624191045 -4.4478283 -1.4107834 1.002572 -0.58246 -0.15821409 -0.5839872 995.4 
20150624191045 -4.3754034 -0.7236475 1.2791022 -0.47739118 0.022907447 -0.47250426 995.4 
20150624191045 -5.999271 -0.74519527 1.216853 -0.35521814 0.118202426 -0.38331795 995.4 
20150624191045 -8.194754 -1.6256629 0.7799112 -0.2312125 0.20219639 -0.2950479 995.4 
20150624191045 -9.6923275 -1.9662381 0.51595044 -0.12461651 0.36041048 -0.19272798 995.39 
20150624191045 -9.703101 -1.0133458 1.0474633 0.03481932 0.45662177 -0.07086037 995.39 
20150624191045 -9.337387 -0.5231331 1.5855601 0.086132 0.36041048 -0.028099801 995.39 
20150624191045 -8.698733 0.17417817 1.894412 0.12156218 0.12217305 -0.10170906 995.39 
20150624191045 -8.795698 0.25797522 2.7222073 0.11575896 -0.18845193 -0.081855945 995.39 
20150624191045 -10.936713 -0.0712275 3.084929 0.06719518 -0.30970868 -0.030848695 995.39 
20150624191045 -13.224373 -0.62847793 3.6721067 0.07452556 -0.27030787 -0.03573562 995.39 
20150624191045 -13.27944 -2.343325 3.5727475 -0.054367006 -0.18845193 -0.08093964 995.39 
20150624191045 -10.945692 -2.574964 3.470994 -0.14721853 -0.04062254 -0.20005837 995.39 
20150624191045 -10.630854 -0.57999533 2.4181437 0.16768251 -0.015271631 -0.3662137 995.43 
20150624191045 -10.644621 1.6627731 -0.23104046 0.22266038 -0.10415252 -0.43371433 995.43 
20150624191045 -10.559028 0.7870938 -5.3743844 0.16523905 -0.06841691 -0.58001655 995.43 
20150624191045 -11.713034 -1.3509283 -8.480263 0.47708577 0.3576616 -0.81581056 995.43 
20150624191045 -12.531252 -0.6811504 -5.777807 0.77732605 0.9505063 -1.0299188 995.43 
20150624191045 -13.489531 1.4700398 -0.7541735 0.36071593 0.8155051 -0.7507534 995.43 
20150624191045 -12.495338 0.6901286 -0.23044191 -0.25686884 0.01160644 -0.3304781 995.43 
20150624191045 -11.017518 -1.7992426 -1.1079168 -0.6053675 -0.39736784 0.1863139 995.43 
20150624191045 -10.095152 -3.0735564 -0.78410107 -0.28680122 -0.30695978 0.39858958 995.43 
20150624191045 -9.374496 -2.6910827 -0.5446809 -0.062308256 -0.0693332 0.3894266 995.45 
20150624191045 -7.475296 -0.49919105 0.36272156 0.10415252 -0.1872302 0.35705075 995.45 
20150624191045 -6.0046577 1.3054385 1.4999673 0.15821409 -0.3680463 0.44623706 995.45 
20150624191045 -5.1523223 1.9261353 1.2228385 0.1255328 -0.47036624 0.5665775 995.45 
20150624191045 -5.301361 1.3299791 1.1366472 0.20005837 -0.39003745 0.61666846 995.45 
20150624191045 -6.1076083 0.6356605 0.7218518 0.2284636 -0.109650314 0.60048056 995.45 
20150624191045 -7.551911 0.777517 0.5291186 0.22235495 0.14508049 0.44684792 995.45 
20150624191045 -8.585009 0.8912416 0.3477578 0.18234327 0.36377025 0.29626966 995.45 
20150624191045 -8.536526 0.9540894 -0.08319851 0.099265605 0.47036624 0.16707164 995.45 
20150624191045 -8.731055 1.1420342 0.93852705 0.14080444 0.46120325 0.160963 995.41 
20150624191045 -8.848371 0.37229836 2.553416 0.13744467 0.28069258 0.11636983 995.41 
20150624191045 -8.767567 -0.9247604 3.9983168 0.09743301 -0.0070249503 -0.029321533 995.41 
20150624191045 -10.287885 -1.9895816 3.8271315 0.2648101 -0.27030787 -0.11178834 995.41 
20150624191045 -12.723387 0.9427169 0.724246 0.5830709 -0.47861293 -0.1328632 995.41 
20150624191045 -14.433445 3.4261026 0.30346507 0.61544675 -0.43188173 -0.013133603 995.41 
20150624191046 -13.996503 3.0466216 1.6310499 0.20311269 0.17898351 0.25534168 995.41 
20150624191046 -14.997878 1.34195 0.65660983 0.16035213 0.4541783 0.54611355 995.41 
20150624191046 -12.494142 2.0829554 -4.6902413 0.19639318 -0.18234327 0.63621616 995.41 
20150624191046 -8.885481 2.7886465 -5.046977 -0.06261369 -0.6072 0.8741482 995.42 
20150624191046 -7.3609734 2.110489 -2.9484594 -0.47219884 -0.105374254 1.0299188 995.42 
20150624191046 -9.618706 -0.18016368 -1.1210849 -0.33078352 -0.02076942 0.7974846 995.42 
20150624191046 -12.756307 -0.90141696 -1.2761095 0.30909783 -0.47586402 0.28008172 995.42 
20150624191046 -12.846089 1.198298 -2.540248 0.6426302 -0.5186246 0.061391957 995.42 
20150624191046 -11.467628 2.8921957 -2.4349031 0.5012149 -0.1282817 -0.03268129 995.42 
20150624191046 -9.299678 3.9217024 -1.3533225 0.1777618 0.42149702 -0.17654006 995.42 
20150624191046 -9.029732 2.6503813 -0.5446809 -0.046120327 0.3830125 -0.28893927 995.42 
20150624191046 -8.076241 0.3417723 -0.42916065 -0.17959438 0.004886922 -0.63316184 995.42 
20150624191046 -7.147889 -2.219425 -0.23403321 -0.2284636 -0.22785273 -0.6597345 995.42 
20150624191046 -5.073313 -2.256535 0.9175778 -0.29657507 -0.11362094 -0.54305923 995.42 
20150624191046 -4.8081555 -1.0977415 1.174356 -0.32162055 0.016798794 -0.5183192 995.42 
20150624191046 -6.1836243 -0.24959552 1.0803835 -0.20463985 0.032375857 -0.4016439 995.42 
20150624191046 -8.067862 -0.6584055 0.84694886 -0.07941248 0.103847094 -0.2779437 995.42 
20150624191046 -9.376891 -1.0384849 0.62967503 -0.014049901 0.3463606 -0.14966199 995.42 
20150624191046 -9.378687 -1.073201 0.6302736 0.05131268 0.4831944 -0.06841691 995.42 
20150624191046 -9.375694 -0.82779527 1.1749545 0.042760566 0.43676865 -0.06383542 995.42 
20150624191046 -9.219472 -0.20649989 1.62686 0.039095376 0.19975294 -0.11453723 995.42 
20150624191046 -8.829816 0.30765492 2.3008277 -3.0543262E-4 -0.10293079 -0.11148291 995.41 
20150624191046 -9.743802 0.21188685 3.027468 -0.043982297 -0.28221974 -0.043066 995.41 
20150624191046 -11.496957 -0.7517793 3.8911762 -0.086132 -0.31429017 0.002443461 995.41 
20150624191046 -12.484565 -3.5523968 3.6140475 -0.16982053 -0.27550024 0.024740042 995.41 
20150624191046 -11.215039 -3.0603883 2.190096 0.04337143 -0.2180789 -0.18081611 995.41 
20150624191046 -12.078748 0.17717093 1.9716251 0.48808134 -0.12644911 -0.52381694 995.41 
20150624191046 -11.312603 2.6072857 -1.5921441 0.50915617 -0.002443461 -0.677755 995.41 
20150624191046 -11.561002 1.8429368 -7.465719 0.56779927 0.087659165 -0.89888823 995.41 
20150624191046 -12.608464 -1.1091139 -10.31063 1.0186177 0.57818395 -1.1398746 995.41 
20150624191046 -12.888586 -0.3429694 -4.103063 0.7968737 1.0137309 -1.1655309 995.45 
20150624191046 -12.528259 1.6843209 1.7184383 -0.17195857 0.54702985 -0.5198463 995.45 
20150624191046 -12.092514 -0.7428011 -0.2765303 -0.82436264 -0.5149594 -0.026267206 995.45 
20150624191046 -11.789049 -2.6396074 -1.6723499 -0.61086524 -0.72387534 0.3042109 995.45 
20150624191046 -11.410766 -3.083732 -1.929128 -0.15424347 -0.19272798 0.33658674 995.45 
20150624191046 -10.144233 -1.5233108 -0.83378077 0.043066 0.14569137 0.2932153 995.45 
20150624191046 -7.4375877 0.65421563 0.9923966 0.1695151 -0.13988814 0.39920044 995.45 
20150624191046 -5.105635 1.2108675 1.8076223 0.14630222 -0.5479461 0.5314528 995.45 
20150624191046 -4.162918 0.89662856 1.186327 0.1826487 -0.6762278 0.64599 995.45 
20150624191046 -4.2981906 0.587178 0.42796355 0.30085114 -0.58032197 0.6600399 995.46 
20150624191046 -5.441422 1.073201 -0.13946225 0.34208453 -0.19028452 0.58001655 995.46 
20150624191046 -7.257424 1.7411832 0.20470424 0.3268129 0.23976462 0.43554693 995.46 
20150624191046 -8.259995 1.5795746 -0.23822308 0.25870144 0.47067168 0.33750305 995.46 
20150624191046 -8.642469 1.4862007 -0.2088941 0.14660765 0.5360342 0.24495697 995.46 
20150624191046 -8.704719 1.365892 0.6745663 0.095294975 0.44226643 0.18112154 995.46 
20150624191046 -9.0081835 0.5554548 2.1266496 0.011301007 0.19639318 0.0852157 995.46 
20150624191046 -9.832388 -1.0145429 3.064578 0.023518313 -0.10598512 -0.02076942 995.46 
20150624191046 -11.544841 -1.5340848 2.308609 0.1826487 -0.37873647 -0.058643065 995.46 
20150624191046 -13.265673 1.5239093 2.0278888 0.42302418 -0.44806966 -0.064446285 995.43 
20150624191047 -13.028647 2.5923219 2.432509 0.23701571 -0.30085114 0.023823744 995.43 
20150624191047 -12.160151 1.5915456 3.6655228 0.0036651916 0.074830994 0.29565877 995.43 
20150624191047 -12.149975 -0.37349546 2.166154 0.14355333 0.076358154 0.4364632 995.43 
20150624191047 -11.942278 0.5674258 -1.0779893 0.081855945 -0.41783184 0.39064834 995.43 
20150624191047 -10.794258 1.7944542 -3.5230677 -0.0033597588 -0.4746423 0.59559363 995.43 
20150624191047 -9.300875 1.7435774 -4.635773 -0.029932396 -0.20830505 0.7452556 995.43 
20150624191047 -10.272921 0.9828198 -3.8043866 0.058337633 0.041233405 0.7480045 995.43 
20150624191047 -13.371018 1.4969746 -3.020884 0.29871312 0.01160644 0.5907067 995.43 
20150624191047 -14.061745 2.6599581 -2.6300306 0.54275376 -0.08124508 0.46700647 995.42 
20150624191047 -12.450447 3.6421793 -2.2810757 0.50976706 0.0571159 0.1731803 995.42 
20150624191047 -10.462063 4.237737 -1.1001357 0.12797627 0.18784106 -0.18112154 995.42 
20150624191047 -8.291121 3.1693244 -0.3477578 -0.15974127 0.14813483 -0.44073927 995.42 
20150624191047 -7.351995 0.8750807 0.12449849 -0.3182608 -0.21899518 -0.6960809 995.42 
20150624191047 -6.022016 -0.97743285 -0.09696517 -0.31978795 -0.36651915 -0.9184359 995.42 
20150624191047 -5.2983685 -2.3110032 0.37469256 -0.42241332 -0.46303585 -0.850019 995.42 
20150624191047 -4.31076 -2.1140802 0.8122329 -0.5739079 -0.1872302 -0.6356053 995.42 
20150624191047 -4.8279076 -1.0001777 1.2018893 -0.5479461 0.041233405 -0.51343226 995.42 
20150624191047 -7.0874357 -0.8170213 0.7344214 -0.38148534 0.21502456 -0.32498032 995.44 
20150624191047 -9.46847 -0.9816227 0.32142156 -0.28008172 0.33383787 -0.21013765 995.44 
20150624191047 -9.919178 -0.61770403 0.42197806 -0.17928895 0.50732356 -0.03176499 995.44 
20150624191047 -8.543709 -0.18076223 1.7818847 -0.15760323 0.5448918 0.055283304 995.44 
20150624191047 -8.002619 -0.21188685 2.6090813 -0.14477506 0.31429017 0.038789943 995.44 
20150624191047 -8.814254 -0.6380547 3.0873232 -0.106595986 -0.15790866 -0.004581489 995.44 
20150624191047 -10.664372 -1.401805 3.2267854 -0.04642576 -0.33964106 0.0018325958 995.44 
20150624191047 -12.455834 -1.4730326 3.5164838 0.037873644 -0.22266038 -0.018020526 995.44 
20150624191047 -12.751518 -1.2808979 4.235343 0.08002335 -0.098043874 -0.070554934 995.44 
20150624191047 -11.739968 -1.5999253 3.6176388 0.028405234 -0.105374254 -0.0842994 995.44 
20150624191047 -10.127473 -0.13946225 3.7343562 0.40439278 -0.09315695 -0.24373524 995.44 
20150624191047 -10.715848 1.6382325 1.1725603 0.54550266 0.0067195175 -0.364992 995.44 
20150624191047 -11.389816 1.1348516 -4.313154 0.4746423 -0.058337633 -0.6197228 995.44 
20150624191047 -12.207436 0.16759412 -9.43076 0.38026363 0.21319197 -0.8216137 995.44 
20150624191047 -12.782044 0.18076223 -7.3633676 0.38881573 1.0118983 -0.92485 995.44 
20150624191047 -13.169905 0.051475335 -4.2598834 0.023518313 1.2388347 -0.79504114 995.44 
20150624191047 -12.154763 -0.11252748 0.46926352 -0.14569137 0.30665436 -0.6001751 995.44 
20150624191047 -11.285668 -1.9668367 -0.33399114 -0.31490102 -0.410196 -0.23304509 995.44 
20150624191047 -11.119271 -2.7281928 -1.146224 -0.22021692 -0.86009824 0.103847094 995.39 
20150624191047 -10.849923 -2.6324248 -0.6075287 -0.19883664 -0.4007276 0.32528573 995.39 
20150624191047 -10.17416 -2.0841527 -0.47884035 -0.062002823 -0.014049901 0.38087448 995.39 
20150624191047 -7.9810715 -0.74519527 0.19153613 0.106595986 -0.22510384 0.4266894 995.39 
20150624191047 -5.6509147 0.87089086 0.8355764 0.22296582 -0.3848451 0.6032294 995.39 
20150624191047 -3.8061821 1.6597804 1.6208745 0.2611449 -0.5540548 0.73823065 995.39 
20150624191047 -3.3877954 1.4089876 1.567005 0.27458394 -0.5204572 0.75655663 995.39 
20150624191047 -4.4717703 0.7781156 0.92296475 0.30268374 -0.29871312 0.59040123 995.39 
20150624191047 -6.7905545 0.6991069 0.12270284 0.35185838 0.08674286 0.39278635 995.39 
20150624191047 -9.431957 0.7290344 -0.54527944 0.33169982 0.3323107 0.18692477 995.44 
20150624191047 -10.119094 0.9211691 -0.6380547 0.21563543 0.61117065 0.06719518 995.44 
20150624191047 -9.737218 0.40761283 0.5638345 0.21991149 0.66431594 0.029626964 995.44 
20150624191047 -9.1272955 -0.6332663 2.463035 0.28496864 0.2773328 0.0076358155 995.44 
20150624191047 -9.233239 -1.6256629 4.3209357 0.3539964 -0.3659083 0.0076358155 995.44 
20150624191047 -11.836334 -1.09834 3.7948096 0.55741453 -0.7147123 0.025961773 995.44 
20150624191047 -14.185645 2.409764 2.1589713 0.70463306 -0.74067414 0.017104227 995.44 
20150624191048 -13.749901 3.630807 2.0572178 0.37201694 -0.31948254 0.10903945 995.44 
20150624191048 -13.244724 1.5688007 2.336741 0.11942416 0.22204952 0.39614612 995.44 
20150624191048 -13.956999 -0.5081693 -0.8379706 0.21594086 0.15424347 0.47769663 995.45 
20150624191048 -11.861474 1.560421 -4.5364137 0.063224554 -0.30298916 0.57971114 995.45 
20150624191048 -8.276156 2.891597 -3.2597055 -0.23640485 -0.12217305 0.8213083 995.45 
20150624191048 -7.3843164 2.0452468 -1.9219455 -0.4269948 0.24220806 0.86315256 995.45 
20150624191048 -10.342952 0.3788824 -0.7009025 -0.11026118 -0.087964594 0.49632803 995.45 
20150624191048 -13.566744 -0.1592144 -1.7914615 0.48197266 -0.36468655 0.21594086 995.45 
20150624191048 -12.871827 1.2515689 -2.256535 0.6914995 -0.22876903 0.09132435 995.45 
20150624191048 -10.784083 2.3780408 -1.9440918 0.30818152 0.22724187 -0.050701816 995.45 
20150624191048 -8.271368 2.7150247 -1.0570401 0.0711658 0.57787853 -0.2843578 995.45 
20150624191048 -8.178593 1.4993688 -0.38486794 -0.058948494 0.2611449 -0.5702427 995.47 
20150624191048 -6.141726 0.1376666 0.073023155 -0.1020145 -0.0870483 -0.8127562 995.47 
20150624191048 -5.568913 -1.4107834 0.6332663 -0.119729586 -0.27672195 -0.59437186 995.47 
20150624191048 -4.372411 -1.4443022 1.5849615 -0.108123146 -0.122783914 -0.5164866 995.47 
20150624191048 -5.071518 -1.2449849 1.6382325 -0.018020526 -0.021380283 -0.36254853 995.47 
20150624191048 -6.7205243 -0.78529817 1.0510546 0.05497787 0.052839845 -0.2706133 995.47 
20150624191048 -8.339603 -0.79966336 1.2024878 0.14477506 0.13439035 -0.18570304 995.47 
20150624191048 -9.2625675 -0.44113165 1.3844471 0.21777347 0.25289822 -0.12705997 995.47 
20150624191048 -9.734225 -0.3669114 1.6394296 0.28130344 0.25411993 -0.08582657 995.47 
20150624191048 -10.046669 -0.6979098 2.2296004 0.31429017 0.1459968 -0.083383106 995.41 
20150624191048 -9.968858 -0.44771573 3.1232362 0.30115658 -0.019242255 -0.09712757 995.41 
20150624191048 -11.206659 -0.40940848 3.8373067 0.21594086 -0.14996742 -0.082161374 995.41 
20150624191048 -13.846866 -0.46567222 4.43466 0.18295415 -0.20861048 -0.11942416 995.41 
20150624191048 -15.011046 -2.0446482 4.0186677 0.09865474 -0.14935656 -0.09590584 995.41 
20150624191048 -12.726977 -3.0663738 1.520318 0.25961772 -0.009773844 -0.183565 995.41 
20150624191048 -11.267113 -0.0664391 0.5530606 0.54061574 0.032375857 -0.42088616 995.41 
20150624191048 -9.291298 2.6156654 -1.8644845 0.47555858 0.008857546 -0.44104472 995.41 
20150624191048 -8.695142 2.0967221 -5.795165 0.31429017 -0.0693332 -0.49480084 995.41 
20150624191048 -10.79366 -0.6404489 -6.8605847 0.5653558 0.35918877 -0.59589905 995.49 
20150624191048 -11.529877 -0.24720132 -2.7515364 0.43066 0.68936145 -0.6979135 995.49 
20150624191048 -11.725603 1.5310919 0.92535895 -0.040317107 0.34208453 -0.54702985 995.49 
20150624191048 -13.139379 -0.5033809 -1.7435774 -0.52839845 -0.21655174 -0.17928895 995.49 
20150624191048 -12.507908 -2.3642743 -1.654992 -0.3830125 -0.34880406 0.014966198 995.49 
20150624191048 -10.808623 -2.5594015 -0.57161564 -0.32070425 0.37843102 0.22876903 995.49 
20150624191048 -9.166202 -1.7591397 0.3477578 -0.20463985 0.26725355 0.3643811 995.49 
20150624191048 -6.455366 -0.9923966 1.1420342 -0.03176499 -0.19822577 0.43463063 995.49 
20150624191048 -4.6040497 -0.33279404 1.2336124 0.14569137 -0.4129449 0.55741453 995.49 
20150624191048 -3.4608185 0.5470751 1.4395138 0.35430184 -0.5360342 0.65484756 995.41 
20150624191048 -4.264672 0.623091 0.7918822 0.4605924 -0.37965274 0.66737026 995.41 
20150624191048 -6.413468 1.4748282 0.43514615 0.5687156 -0.121256754 0.5342017 995.41 
20150624191048 -9.136273 1.5580268 0.48961425 0.7076874 0.19608775 0.3494149 995.41 
20150624191048 -10.326791 1.0043676 0.36750996 0.66614854 0.3622431 0.092240654 995.41 
20150624191048 -9.9550905 0.11432313 1.3904326 0.5897904 0.4269948 -0.100792766 995.41 
20150624191048 -9.331401 -0.8026561 2.5809495 0.5934556 0.20861048 -0.17165314 995.41 
20150624191048 -9.48882 0.17717093 2.3463178 0.6765333 -0.28160888 -0.10629055 995.41 
20150624191048 -11.767501 2.6563668 2.908955 0.77549344 -0.72387534 -0.02565634 995.41 
20150624191048 -12.549209 2.2349873 2.212841 0.6478226 -0.7452556 0.06963864 995.46 
20150624191048 -13.045406 0.87687635 1.5831659 0.23304509 -0.3555236 0.19761491 995.46 
20150624191048 -13.20941 0.85054016 -1.1432313 0.30848694 0.18112154 0.43554693 995.46 
20150624191049 -12.4785795 1.1264719 -5.8292828 0.20616703 -0.03176499 0.6356053 995.46 
20150624191049 -12.381614 1.2569559 -7.1065893 0.030543262 -0.28038713 0.8961393 995.46 
20150624191049 -13.444041 1.1869255 -5.058948 -0.070554934 0.031154128 1.2641857 995.46 
20150624191049 -13.749901 0.89662856 -0.80924016 -0.017104227 0.3643811 1.0207558 995.46 
20150624191049 -12.446258 2.1787236 -0.7954735 0.636827 0.030848695 0.3555236 995.46 
20150624191049 -10.738593 3.7840357 -0.4818331 0.7153232 -0.56169057 -0.09987647 995.46 
20150624191049 -9.470863 4.811747 -0.9780314 0.5174029 -0.50885075 -0.19364429 995.4 
20150624191049 -8.5622635 3.8085763 -0.87328506 0.11362094 -0.093767814 -0.26725355 995.4 
20150624191049 -8.847773 0.9600749 -0.6159084 -0.21288654 0.22571471 -0.54733527 995.4 
20150624191049 -7.5375457 -2.6449943 -0.29269117 -0.26633725 0.3173445 -0.9233228 995.4 
20150624191049 -5.237316 -4.2371383 0.24420857 -0.20372356 0.19303341 -0.784351 995.4 
20150624191049 -3.9438488 -2.2888567 1.2533646 -0.28802297 0.25411993 -0.72295904 995.4 
20150624191049 -4.5896845 -0.22385786 0.5823896 -0.3191771 0.16493362 -0.4541783 995.4 
20150624191049 -6.244078 1.283292 -0.4261679 -0.21563543 0.18692477 -0.26053402 995.4 
20150624191049 -8.170812 1.2791022 -1.0055647 -0.13958271 0.37873647 -0.12767084 995.4 
20150624191049 -9.223662 0.51355624 -1.2934675 -0.17715092 0.56779927 0.016493361 995.45 
20150624191049 -9.202713 -0.41120413 -0.6769605 -0.20066923 0.59131753 0.059253927 995.45 
20150624191049 -8.656835 -0.85473 1.1587936 -0.3182608 0.473726 -0.049480084 995.45 
20150624191049 -9.663596 -2.1547816 2.4821887 -0.410196 0.15454891 -0.0571159 995.45 
20150624191049 -12.298415 -2.6324248 4.0743327 -0.31581733 -0.26725355 0.027794369 995.45 
20150624191049 -13.1555395 -2.2882583 5.2409077 -0.21227567 -0.4370741 0.064446285 995.45 
20150624191049 -11.54903 -2.8993783 4.168904 -0.13591751 -0.364992 0.037873644 995.45 
20150624191049 -9.172187 -2.1877017 2.1523874 0.21868975 -0.3567453 -0.21135938 995.45 
20150624191049 -9.487024 0.6536171 -0.47644615 0.8362745 -0.27305678 -0.50823987 995.45 
20150624191049 -10.600328 2.2882583 -4.6285906 1.1322387 -0.029932396 -0.5879578 995.4 
20150624191049 -12.022484 3.6296098 -9.20391 0.98624194 0.18967366 -0.84940815 995.4 
20150624191049 -15.9657345 0.90141696 -8.961497 1.0183123 0.77946407 -0.96669424 995.4 
20150624191049 -15.119384 -0.8810662 -3.8187518 0.89369583 1.2479976 -1.0100657 995.4 
20150624191049 -13.047202 -0.39384618 -1.2228385 0.4859433 1.0586295 -0.88056225 995.4 
20150624191049 -11.55741 -1.2258313 -2.1152773 -0.06352998 -0.034208454 -0.36896262 995.4 
20150624191049 -9.970653 -2.0248961 -1.103727 0.036957346 -0.67073005 0.02565634 995.4 
20150624191049 -9.548077 -2.1721394 -0.61530983 0.19425514 -0.074830994 0.19853121 995.4 
20150624191049 -9.032125 -1.4329298 -0.7302315 0.40744713 0.046731193 0.267559 995.4 
20150624191049 -7.327454 0.017357962 -0.4357447 0.5580254 -0.13652839 0.38240165 995.47 
20150624191049 -5.5790887 1.1510124 0.27593175 0.5552765 -0.1957823 0.52626044 995.47 
20150624191049 -4.320337 1.5131354 0.3764882 0.50793445 -0.17654006 0.63041294 995.47 
20150624191049 -5.01705 0.7044938 0.22744916 0.5036584 -0.19211712 0.6743952 995.47 
20150624191049 -6.260239 0.99299514 -0.7086837 0.5354234 -0.15149458 0.5867361 995.47 
20150624191049 -8.314464 1.3844471 -1.0019734 0.65240407 0.01985312 0.43127087 995.47 
20150624191049 -9.341577 1.8764555 -1.1288661 0.5693264 0.23945917 0.24007004 995.47 
20150624191049 -9.221268 1.5562311 -0.32142156 0.3359759 0.28099802 0.095294975 995.47 
20150624191049 -9.167996 0.059855044 1.3096284 0.25961772 0.05955936 0.002443461 995.47 
20150624191049 -9.48882 -1.1013328 3.4404678 0.21197024 -0.2284636 -0.087659165 995.41 
20150624191049 -11.179725 -0.7230489 4.979341 0.22174409 -0.64660084 -0.054061573 995.41 
20150624191049 -11.691485 1.9913772 4.7979803 0.27152961 -0.9288206 0.04184427 995.41 
20150624191049 -13.136386 2.5953147 3.4512417 0.20830505 -0.83199847 0.116675265 995.41 
20150624191049 -13.819332 1.204882 1.9231426 0.039095376 -0.41630468 0.10323623 995.41 
20150624191049 -14.2143755 0.034715924 0.14305355 0.060170226 -0.007330383 0.24617869 995.41 
20150624191049 -11.298837 0.34117374 -3.1597476 0.10720685 0.17165314 0.4260785 995.41 
20150624191049 -8.305486 0.5823896 -4.0414124 0.005497787 -0.1695151 0.59956425 995.41 
20150624191050 -8.136695 1.210269 -2.7096379 -0.20738874 -0.37812558 0.62949663 995.41 
20150624191050 -11.8261595 1.3946224 -2.6324248 -0.04062254 -0.3707952 0.5216789 995.48 
20150624191050 -14.944607 1.7962499 -4.044405 0.43218717 -0.43463063 0.50823987 995.48 
20150624191050 -13.037625 1.5801731 -2.883816 0.34208453 -0.06994407 0.22632557 995.48 
20150624191050 -8.970475 0.1352724 -1.1145009 0.1881465 0.68630713 -0.063224554 995.48 
20150624191050 -8.372523 -0.032920275 -0.15562311 0.19853121 0.6078109 -0.39095375 995.48 
20150624191050 -6.999449 0.029927522 0.24001873 0.2003638 -0.043066 -0.65148777 995.48 
20150624191050 -6.4882865 -0.6715736 0.005985504 0.10842858 -0.28985557 -0.64904433 995.48 
20150624191050 -5.3755813 -0.46327803 0.4830302 0.1151481 0.020463986 -0.5164866 995.48 
20150624191050 -5.0523643 -0.09995792 0.6721721 0.12095132 0.1994475 -0.45570546 995.48 
20150624191050 -5.5006785 -0.38486794 0.64823014 0.13255776 0.28527406 -0.3173445 995.43 
20150624191050 -6.7630215 -1.1031284 0.45310268 0.12217305 0.28527406 -0.25503623 995.43 
20150624191050 -8.0606785 -1.4730326 0.29269117 0.118202426 0.32467487 -0.16218472 995.43 
20150624191050 -9.469068 -1.0073603 0.14604631 0.10842858 0.37323865 -0.05681047 995.43 
20150624191050 -10.99178 -0.8984242 0.79846627 0.13561209 0.42149702 0.053450707 995.43 
20150624191050 -11.648989 -1.0474633 1.4514848 0.19364429 0.42271876 0.06505715 995.43 
20150624191050 -10.493786 -1.3024458 1.9093759 0.25259277 0.27855456 0.058643065 995.43 
20150624191050 -10.026319 -0.9959879 2.504335 0.25900686 0.08032878 0.090713486 995.43 
20150624191050 -11.224017 0.99060094 2.6928782 0.2932153 -0.13469578 0.09743301 995.43 
20150624191050 -12.932281 0.05327099 2.315193 0.20372356 -0.23304509 0.04428773 995.45 
20150624191050 -11.853693 -2.7353754 0.5805939 0.12095132 -0.058337633 -0.04428773 995.45 
20150624191050 -10.688315 -2.2762873 -0.3609259 0.45478916 0.19792034 -0.18570304 995.45 
20150624191050 -10.414179 -0.27593175 -2.6060886 0.8915578 0.24709499 -0.4111123 995.45 
20150624191050 -9.209297 1.5508442 -5.524022 0.9053023 0.04795292 -0.6762278 995.45 
20150624191050 -11.597513 0.9391256 -7.080253 0.88361657 0.101098195 -0.73853606 995.45 
20150624191050 -15.180436 -0.8170213 -6.3404446 0.9379836 0.5720753 -0.68325275 995.45 
20150624191050 -13.522451 0.7930793 -1.3162124 0.82436264 0.61544675 -0.74128497 995.45 
20150624191050 -12.245145 -0.4261679 -2.1655555 0.4596761 0.33628133 -0.56321776 995.45 
20150624191050 -11.47062 -1.4024036 -1.8764555 0.31215215 -0.4709771 -0.1414153 995.47 
20150624191050 -10.794857 -1.7896658 -1.033098 0.34269542 -0.48075095 0.15332718 995.47 
20150624191050 -10.043077 -1.1552023 -0.43754035 0.3484986 -0.12064589 0.29016098 995.47 
20150624191050 -8.392874 0.36990416 0.17477672 0.46089783 -0.23090707 0.2837469 995.47 
20150624191050 -6.259042 1.3491327 -0.08080431 0.52015173 -0.41630468 0.3231477 995.47 
20150624191050 -4.7919946 1.4251486 -0.5626374 0.46181414 -0.5305365 0.38820487 995.47 
20150624191050 -4.183269 0.78888947 -0.9780314 0.4352415 -0.4605924 0.46517387 995.47 
20150624191050 -5.504868 0.22685061 -1.0977415 0.46822822 -0.27091873 0.48991394 995.47 
20150624191050 -7.5309615 0.6500258 -1.1025299 0.535118 -0.12614368 0.44837508 995.47 
20150624191050 -8.384495 0.7110779 -0.95708215 0.50426924 -0.06414085 0.32620203 995.45 
20150624191050 -7.6345105 0.49919105 -0.14844051 0.36865717 -6.1086525E-4 0.16829337 995.45 
20150624191050 -6.7013707 -0.30945057 1.5508442 0.3903429 -0.17623462 0.08460484 995.45 
20150624191050 -8.586804 -0.16759412 3.4446578 0.47250426 -0.5317582 -0.071776666 995.45 
20150624191050 -11.397597 0.6847417 4.960786 0.5198463 -0.6930266 -0.118507855 995.45 
20150624191050 -13.319543 1.7328035 3.9869444 0.36774087 -0.5870415 -0.077579886 995.45 
20150624191050 -14.403518 1.06123 1.851915 0.31215215 -0.20952678 0.03634648 995.45 
20150624191050 -13.542203 0.7386112 2.328361 0.31337386 0.015882496 0.10751228 995.45 
20150624191050 -12.202049 0.4297592 3.1106665 0.1685988 0.15485434 0.20219639 995.45 
20150624191050 -12.668919 0.52971715 1.2354081 -0.005192355 0.08093964 0.27275133 995.47 
20150624191050 -11.399393 1.5993267 -2.5079262 -0.10781772 -0.18325958 0.38423425 995.47 
20150624191050 -9.799467 2.268506 -3.5500026 -0.22327125 -0.3231477 0.59040123 995.47 
20150624191050 -8.328829 1.8644845 -2.4732103 -0.3032946 0.017715093 0.5235115 995.47 
20150624191051 -10.364499 -0.44831428 -2.5528176 -0.18051068 0.0421497 0.46639562 995.47 
20150624191051 -13.166912 -0.4770447 -2.2002714 0.23762658 -0.10354166 0.33536503 995.47 
20150624191051 -11.909358 1.8986019 -1.8830396 0.5338962 -0.25992316 0.06291912 995.47 
20150624191051 -9.555259 2.906561 -0.44891283 0.18142697 0.08735373 -0.116980694 995.47 
20150624191051 -7.61835 2.5713725 0.44711718 -0.027488936 0.3930918 -0.28405234 995.47 
20150624191051 -7.2646065 0.6428431 0.7218518 0.039095376 0.24312437 -0.47494772 995.4 
20150624191051 -5.8723783 -1.6304513 0.5722142 0.101098195 -0.06505715 -0.68477994 995.4 
20150624191051 -5.6569 -2.7461493 -0.30286652 0.09315695 -0.1151481 -0.69974613 995.4 
20150624191051 -5.675455 -1.4838065 -0.7038953 -0.005192355 0.122478485 -0.56169057 995.4 
20150624191051 -6.3021374 0.12928689 0.019153614 -0.027488936 0.41874814 -0.39828414 995.4 
20150624191051 -7.2448545 0.4333505 0.43035775 0.03145956 0.60994893 -0.20861048 995.4 
20150624191051 -8.177995 0.02873042 0.79128367 0.06261369 0.4746423 -0.12950343 995.4 
20150624191051 -8.867524 0.046686932 1.1216835 0.089186326 0.3472769 -0.094989546 995.4 
20150624191051 -10.009559 -0.32920274 1.4089876 0.06658431 0.23701571 -0.05131268 995.4 
20150624191051 -11.267712 -0.8122329 1.6807296 0.03726278 0.267559 -0.051618114 995.43 
20150624191051 -11.680712 -0.7266402 1.7292122 0.01160644 0.20861048 -0.024740042 995.43 
20150624191051 -12.548011 -0.15622166 2.6551697 -0.01282817 0.07819075 -0.038789943 995.43 
20150624191051 -14.155718 -0.0023942017 3.8905778 -0.014660766 -0.053145275 -0.11178834 995.43 
20150624191051 -13.691841 -1.9919758 2.570774 -0.08032878 -0.16310102 -0.118202426 995.43 
20150624191051 -11.322779 -2.2756886 1.0259154 0.058337633 -0.13164146 -0.24495697 995.43 
20150624191051 -10.371682 0.6769605 -0.90500826 0.43676865 -0.09896017 -0.50701815 995.43 
20150624191051 -7.864354 2.9334955 -2.731784 0.42852196 -0.1151481 -0.58551437 995.43 
20150624191051 -8.277354 1.0145429 -6.8372416 0.23335053 -0.13561209 -0.48808134 995.43 
20150624191051 -12.197261 -2.31639 -5.4114943 0.3491095 0.08032878 -0.60048056 995.41 
20150624191051 -14.015656 -2.6156654 -0.99658644 0.3387248 0.4905248 -0.79381937 995.41 
20150624191051 -14.364612 0.027533319 -2.9149406 0.04184427 0.2312125 -0.65668017 995.41 
20150624191051 -13.282433 1.3928268 -3.1453824 0.016493361 -0.31887165 -0.27855456 995.41 
20150624191051 -10.703877 1.489792 -0.82779527 -0.07819075 -0.1731803 0.11209377 995.41 
20150624191051 -9.026739 0.61291564 0.28550854 -0.18997909 0.22785273 0.3652974 995.41 
20150624191051 -7.6201453 -0.599149 0.34835634 -0.10170906 -0.22235495 0.40133846 995.41 
20150624191051 -5.8161144 -0.99419224 0.6380547 -0.0036651916 -0.5766568 0.37293324 995.41 
20150624191051 -4.667496 -0.60693014 1.2749124 0.02076942 -0.5222898 0.3817908 995.41 
20150624191051 -4.63278 -0.16639702 1.2012907 0.02565634 -0.37751472 0.43463063 995.43 
20150624191051 -5.04578 0.50278234 0.7649474 0.058948494 -0.21380283 0.45448375 995.43 
20150624191051 -6.157288 0.9696517 0.37948096 0.0720821 0.032375857 0.42271876 995.43 
20150624191051 -7.916428 0.9720459 0.6440403 0.04795292 0.2764165 0.3381139 995.43 
20150624191051 -9.491214 0.25977087 0.9271546 0.040927973 0.36926803 0.24740042 995.43 
20150624191051 -9.610924 -0.26994625 1.572392 0.11942416 0.3643811 0.096516706 995.43 
20150624191051 -8.924985 -0.47285482 2.348712 0.27672195 0.16493362 -0.061086524 995.43 
20150624191051 -9.3260145 -0.046686932 3.1040826 0.5036584 -0.20738874 -0.1572978 995.43 
20150624191051 -11.618463 1.8273745 2.4504654 0.6814202 -0.5390886 -0.10720685 995.43 
20150624191051 -13.191453 2.9370868 1.2755109 0.5830709 -0.52870387 -0.009773844 995.43 
20150624191051 -13.681665 2.295441 0.31543607 0.2593123 -0.24923302 0.23609942 995.43 
20150624191051 -14.404116 1.5544355 -0.6476316 0.109650314 0.11301007 0.49846604 995.43 
20150624191051 -13.272856 1.4215573 -4.200627 -0.08674286 0.013133603 0.729984 995.43 
20150624191051 -11.497555 0.9780314 -6.4697313 -0.35033122 -0.46944994 1.1594223 995.43 
20150624191051 -11.560403 0.6422446 -4.5579615 -0.5342017 -0.20677789 1.3368785 995.43 
20150624191051 -13.702016 0.23223756 -1.7244238 -0.44806966 0.10293079 1.1224649 995.43 
20150624191051 -12.966398 1.4921862 -1.5304934 0.34574974 -0.10720685 0.3930918 995.43 
20150624191051 -11.897387 2.7928362 -1.6130934 0.48655418 -0.20830505 -0.13927728 995.43 
20150624191052 -10.317812 3.5236664 -1.7489643 0.26206118 -0.053450707 -0.24220806 995.43 
20150624191052 -8.722076 3.0412347 -1.2234371 0.06169739 0.21624629 -0.29016098 995.43 
20150624191052 -8.432379 1.638831 -0.7015011 -0.22449298 0.28344148 -0.49938235 995.43 
20150624191052 -7.258621 -0.93254155 0.26396075 -0.3304781 0.22602014 -0.74189585 995.43 
20150624191052 -4.9404354 -2.2182279 0.74519527 -0.40591997 0.14721853 -0.62949663 995.43 
20150624191052 -3.502717 -2.179322 0.9295488 -0.45112398 0.2012801 -0.5552765 995.43 
20150624191052 -4.1012673 -1.3479356 0.28311434 -0.38973203 0.18875736 -0.4456262 995.43 
20150624191052 -6.039374 0.059855044 -0.32561144 -0.29229903 0.2003638 -0.33567044 995.43 
20150624191052 -8.531139 0.320823 -0.94690675 -0.23243423 0.38056904 -0.15454891 995.43 
20150624191052 -9.939528 0.048482586 -0.9403227 -0.24220806 0.6603453 0.02107485 995.4 
20150624191052 -9.55885 -0.5117606 0.12629414 -0.22174409 0.79717916 0.09682214 995.4 
20150624191052 -9.015965 -1.6531962 1.6310499 -0.15454891 0.505491 0.048258353 995.4 
20150624191052 -9.101558 -1.8674773 2.3529017 -0.086437434 0.10903945 -0.06261369 995.4 
20150624191052 -9.818023 -0.3866636 2.35769 0.03359759 -0.33628133 -0.040927973 995.4 
20150624191052 -11.5316725 1.0923545 2.5582044 0.13713925 -0.42180246 0.021685716 995.4 
20150624191052 -13.160927 0.09876082 3.067571 0.09437868 -0.28344148 0.05497787 995.4 
20150624191052 -13.439253 -2.7629087 2.284667 0.061086524 -0.10048734 0.009162978 995.4 
20150624191052 -11.262324 -1.846528 2.273893 0.37995818 -0.050701816 -0.32070425 995.4 
20150624191052 -10.250176 0.777517 0.7691373 0.6383542 0.023518313 -0.49266282 995.43 
20150624191052 -9.821015 1.5556326 -2.5007436 0.5885687 -0.103847094 -0.59773165 995.43 
20150624191052 -9.5971575 0.6254852 -7.498041 0.5766568 -0.05497787 -0.77732605 995.43 
20150624191052 -11.580155 -0.6781576 -6.7749925 0.7984009 0.5198463 -0.8213083 995.43 
20150624191052 -14.090475 -0.7158663 -3.0951042 0.6243043 0.73731434 -0.81122905 995.43 
20150624191052 -15.100829 -0.24540567 -2.742558 0.1908954 0.26939157 -0.70921457 995.43 
20150624191052 -14.251486 -0.6015432 -4.086902 0.1826487 -0.24740042 -0.46731192 995.43 
20150624191052 -11.429919 -0.44472298 -1.5071499 0.258396 -0.24373524 -0.13439035 995.43 
20150624191052 -9.866506 -0.9127894 -0.24480712 0.18478674 -0.02107485 0.12858713 995.43 
20150624191052 -8.954314 -1.4000094 0.019153614 0.25778514 -0.20555615 0.28252518 995.42 
20150624191052 -7.443573 -1.2988545 -0.046686932 0.41447207 -0.5103779 0.33567044 995.42 
20150624191052 -6.078878 -0.61411273 0.13227965 0.4978552 -0.45814893 0.42180246 995.42 
20150624191052 -4.84347 0.3298013 0.34955344 0.52473325 -0.32070425 0.50335294 995.42 
20150624191052 -4.325724 1.1115081 0.044292733 0.55955255 -0.27183503 0.58459806 995.42 
20150624191052 -4.8506527 2.078167 -0.2873042 0.63713247 -0.115453534 0.5873469 995.42 
20150624191052 -6.6750345 2.3930047 -0.15023616 0.5357288 0.09560041 0.473726 995.42 
20150624191052 -8.178593 1.4760253 -0.55006784 0.2947425 0.2593123 0.2782491 995.42 
20150624191052 -8.146272 0.3333926 -0.7386112 0.23060162 0.33169982 0.11362094 995.42 
20150624191052 -7.666234 -0.36152446 0.61052144 0.3436117 0.22113322 -0.041233405 995.39 
20150624191052 -8.742428 -0.54887074 2.1398177 0.36560285 -0.09101892 -0.08002335 995.39 
20150624191052 -11.216835 0.22266077 3.9217024 0.27214047 -0.43157628 -0.1020145 995.39 
20150624191052 -13.360244 1.6561891 2.505532 0.20891592 -0.51068336 -0.025045475 995.39 
20150624191052 -14.195821 3.2483332 2.079364 0.2134974 -0.4260785 0.03481932 995.39 
20150624191052 -13.367427 2.0901382 2.8431146 0.004886922 -0.28496864 0.14996742 995.39 
20150624191052 -13.609839 -0.24301147 3.6302083 -0.20891592 -0.0125227375 0.3313944 995.39 
20150624191052 -13.065757 -0.16998832 0.23283611 -0.22540927 -0.080634214 0.4007276 995.39 
20150624191052 -11.422138 2.219425 -3.2321723 -0.41263947 -0.3213151 0.61483586 995.39 
20150624191052 -9.094376 3.4512417 -3.8905778 -0.65668017 -0.25137106 0.8888089 995.44 
20150624191052 -7.9451585 2.7593174 -2.7521348 -0.850019 -9.162979E-4 1.0070114 995.44 
20150624191052 -10.658387 0.79008657 -2.5360582 -0.64721173 0.07849618 0.86101454 995.44 
20150624191052 -14.420277 -0.5626374 -3.2453403 -0.21563543 -0.102319926 0.4746423 995.44 
20150624191052 -13.940239 0.16579847 -3.2908301 0.1518 0.03726278 0.15088372 995.44 
20150624191053 -11.534665 0.97623575 -2.0458453 0.1142318 0.36926803 -0.024740042 995.44 
20150624191053 -8.672996 1.9566613 -0.47524905 -0.09407325 0.34483343 -0.2556471 995.44 
20150624191053 -7.7440453 1.8064252 0.23762453 -0.1563815 0.34483343 -0.4098906 995.44 
20150624191053 -6.8348475 0.9032126 -0.048482586 -0.06261369 -0.41080686 -0.73639804 995.44 
20150624191053 -6.3500214 -0.8655039 -0.29747957 -0.01282817 -0.56413406 -0.7101309 995.45 
20150624191053 -4.730344 -1.2515689 0.3561375 -0.03359759 -0.28893927 -0.5671884 995.45 
20150624191053 -4.1623197 -0.5746084 1.5664065 -0.063224554 -0.1572978 -0.5531385 995.45 
20150624191053 -5.703587 -0.17537527 1.4407109 -0.07880162 -0.19364429 -0.44959682 995.45 
20150624191053 -7.9966335 -0.57640404 0.9175778 -0.030543262 -0.23548855 -0.3744604 995.45 
20150624191053 -9.219472 -0.85891986 0.4345476 0.08277224 0.028405234 -0.23396139 995.45 
20150624191053 -9.200318 -0.4381389 1.3186066 0.06505715 0.26053402 -0.17134771 995.45 
20150624191053 -9.2625675 -0.05267244 2.360683 -0.04184427 0.2782491 -0.14508049 995.45 
20150624191053 -9.487024 -0.1400608 2.9981391 -0.10781772 0.07666359 -0.14172074 995.45 
20150624191053 -9.70789 -1.234211 3.2692823 -0.15393804 -0.18875736 -0.04642576 995.45 
20150624191053 -10.644621 -1.7776948 3.675698 -0.12370021 -0.21624629 0.0070249503 995.45 
20150624191053 -11.832744 -1.9315223 3.4715924 -0.07544186 -0.2012801 -0.04428773 995.45 
20150624191053 -11.625047 -2.5510218 2.706645 -0.035430185 -0.19211712 -0.16768251 995.45 
20150624191053 -10.292673 -1.067814 2.5510218 0.30176744 -0.016493361 -0.39553526 995.45 
20150624191053 -10.383054 1.4502877 0.78769237 0.45906523 0.22204952 -0.46731192 995.45 
20150624191053 -10.444705 2.5169046 -2.3786395 0.2507602 0.10781772 -0.59650993 995.45 
20150624191053 -12.078748 1.8555063 -7.567473 0.10354166 0.23884831 -0.7440339 995.45 
20150624191053 -14.811131 -1.3210008 -8.982447 0.20708331 0.7153232 -0.93828905 995.45 
20150624191053 -15.409082 -1.8183962 -2.8760347 0.04550946 1.0983357 -1.0027353 995.39 
20150624191053 -14.075512 -1.2246342 -1.033098 -0.34330627 0.50671273 -0.5537493 995.39 
20150624191053 -11.928512 -2.0320787 -1.8788497 -0.5030475 -0.48349985 0.004886922 995.39 
20150624191053 -11.139622 -1.8273745 -0.15083471 -0.35033122 -0.39461896 0.25350907 995.39 
20150624191053 -10.856507 -1.1893197 -0.12270284 -0.31215215 -0.13072516 0.43951756 995.39 
20150624191053 -9.042301 -0.44891283 -0.12689269 -0.2012801 -0.27366763 0.5140431 995.39 
20150624191053 -6.583456 0.18435353 0.6368576 -0.08124508 -0.35796702 0.6423248 995.39 
20150624191053 -5.4922986 0.53689975 0.4973954 -0.04428773 -0.38912117 0.7535023 995.39 
20150624191053 -4.2880154 0.9660604 0.4369418 0.020463986 -0.3368922 0.7107417 995.39 
20150624191053 -3.9917328 0.8265981 0.4890157 0.05681047 -0.12522738 0.65209866 995.45 
20150624191053 -4.8745947 0.7062895 0.24181437 0.06047566 0.05681047 0.5766568 995.45 
20150624191053 -6.9360023 0.6931214 0.15562311 0.11484267 0.20311269 0.43066 995.45 
20150624191053 -8.348581 0.50397944 -0.3286042 0.07422013 0.37140608 0.24251351 995.45 
20150624191053 -7.9343843 0.7673417 -0.13826515 0.04520403 0.44776422 0.12889257 995.45 
20150624191053 -7.092224 0.6865373 1.3790601 0.0720821 0.35246924 0.029932396 995.45 
20150624191053 -7.6949644 -0.11372458 3.0969 0.16401732 -0.06811147 -0.041233405 995.45 
20150624191053 -10.912173 -1.1288661 3.265691 0.33322698 -0.46303585 -0.06505715 995.45 
20150624191053 -14.210186 0.88944596 1.6460136 0.4981606 -0.49357912 -0.10629055 995.45 
20150624191053 -15.59583 3.276465 1.7908629 0.44012842 -0.23640485 -0.073303826 995.47 
20150624191053 -14.4531975 2.4193408 3.7463272 0.06352998 0.06505715 0.13072516 995.47 
20150624191053 -12.921507 0.62608373 3.980959 -0.01740966 0.37323865 0.43860126 995.47 
20150624191053 -12.459426 -0.39145198 1.6825253 -0.10170906 -0.17348573 0.52106804 995.47 
20150624191053 -10.916363 1.6226702 -1.7244238 -0.26816985 -0.63071835 0.605062 995.47 
20150624191053 -8.403648 2.9574378 -2.9149406 -0.27152961 -0.42638394 0.7431176 995.47 
20150624191053 -7.0066314 2.9933507 -2.789245 -0.44409904 -0.10781772 0.71837753 995.47 
20150624191053 -9.72824 0.9660604 -2.9376855 -0.41874814 0.17531833 0.57848936 995.47 
20150624191053 -13.988722 -0.43155485 -3.071761 0.03145956 0.13958271 0.35124752 995.47 
20150624191053 -14.024036 0.85413146 -3.6499605 0.50946164 0.24098633 0.25686884 995.45 
20150624191054 -11.517307 2.5438392 -1.822586 0.32650748 0.40958515 0.08093964 995.45 
20150624191054 -9.494206 3.7834373 0.0077811554 -0.07971791 0.45875978 -0.172264 995.45 
20150624191054 -7.8487916 2.6084828 0.2136825 -0.1966986 0.074830994 -0.3408628 995.45 
20150624191054 -8.107366 -0.05805939 0.28491 -0.1957823 -0.29046643 -0.66981375 995.45 
20150624191054 -6.5481415 -1.8435353 0.15502456 -0.13744467 -0.29779682 -0.91751957 995.45 
20150624191054 -5.4527946 -3.156755 0.66498953 -0.17165314 -0.28802297 -0.7128797 995.45 
20150624191054 -3.7972038 -2.0949266 1.8148049 -0.26358834 -0.0852157 -0.6337727 995.45 
20150624191054 -4.7614684 -0.6326678 1.4197617 -0.12767084 -0.035430185 -0.42363504 995.45 
20150624191054 -7.216124 -0.075417355 0.18914193 -0.070249505 -0.049785517 -0.30298916 995.45 
20150624191054 -9.224859 -0.47884035 0.10115502 -0.004886922 0.22602014 -0.17592919 995.45 
20150624191054 -9.029133 -0.41000703 0.9463082 0.061086524 0.50640726 -0.06872234 995.45 
20150624191054 -8.419808 -0.16879122 2.5210943 0.12767084 0.44776422 -0.009468411 995.45 
20150624191054 -8.829816 -0.44232875 3.0651767 0.055588737 -0.0018325958 -0.03573562 995.45 
20150624191054 -10.43872 -0.9175778 3.3213563 0.005497787 -0.35216382 -0.01740966 995.45 
20150624191054 -13.358448 -1.0905589 3.7128084 -0.018936822 -0.2883284 0.01038471 995.45 
20150624191054 -15.023017 -1.1067197 4.1198225 -0.039095376 -0.0711658 -0.023518313 995.45 
20150624191054 -12.993931 -1.6089035 3.3315318 -0.0888809 -0.026572637 -0.08368854 995.45 
20150624191054 -10.237008 -1.258153 2.7910407 0.13347405 -0.115453534 -0.23548855 995.43 
20150624191054 -9.247604 0.66618663 0.87089086 0.3622431 -0.15149458 -0.37720928 995.43 
20150624191054 -9.2625675 1.5394717 -1.7130513 0.27977628 -0.1282817 -0.47983465 995.43 
20150624191054 -11.732785 -0.66020113 -6.2021794 0.24709499 0.115453534 -0.5693264 995.43 
20150624191054 -13.90313 -2.6557682 -6.193201 0.3191771 0.4868596 -0.79259765 995.43 
20150624191054 -13.730747 -0.57640404 -1.5783775 0.22449298 0.83077675 -0.806953 995.43 
20150624191054 -14.098257 0.7266402 -2.219425 -0.06719518 0.19333886 -0.3576616 995.43 
20150624191054 -12.559982 -0.15622166 -0.94810385 0.022907447 -0.35827246 0.005192355 995.43 
20150624191054 -10.350134 -1.371279 0.035913024 -0.019242255 -0.04795292 0.19058995 995.43 
20150624191054 -7.824251 -1.8884265 0.61530983 -0.09162979 0.03604105 0.36896262 995.45 
20150624191054 -5.257667 -1.4287399 1.7848774 -0.03268129 -0.3830125 0.5235115 995.45 
20150624191054 -4.6399627 -0.8283938 1.5676036 0.03481932 -0.5131268 0.66553766 995.45 
20150624191054 -4.1335893 0.29388827 1.103727 0.20769419 -0.49754974 0.679893 995.45 
20150624191054 -4.211401 1.1270704 1.0384849 0.35094208 -0.2666427 0.58276546 995.45 
20150624191054 -5.2983685 1.8764555 0.13946225 0.3622431 -0.012217305 0.5693264 995.45 
20150624191054 -7.530363 1.5885528 0.7410054 0.3817908 0.18784106 0.47983465 995.45 
20150624191054 -9.800665 0.4297592 0.7338228 0.39400807 0.32986724 0.25228736 995.45 
20150624191054 -9.994595 0.5351041 1.4544775 0.32284227 0.3811799 -0.019547688 995.45 
20150624191054 -8.861539 0.31004912 3.2399535 0.33292156 0.28405234 -0.14660765 995.48 
20150624191054 -8.403648 -0.7326257 4.392163 0.33108896 0.051923547 -0.15302174 995.48 
20150624191054 -9.827001 -1.2791022 3.50571 0.47616947 -0.4908302 -0.09040806 995.48 
20150624191054 -13.182474 1.5837644 1.5819688 0.6420194 -0.7510588 -0.011301007 995.48 
20150624191054 -14.624383 4.4873323 0.92655605 0.5513059 -0.5934556 0.12614368 995.48 
20150624191054 -14.06354 3.9378633 0.6392518 0.22143865 0.077579886 0.3191771 995.48 
20150624191054 -14.363415 2.2361844 -0.86370826 -0.19425514 0.42332962 0.59681535 995.48 
20150624191054 -12.693459 1.5071499 -5.8843493 -0.17470746 0.1826487 0.86529064 995.48 
20150624191054 -10.620679 1.1815386 -5.9807158 -0.52931476 -0.43218717 1.1297953 995.48 
20150624191054 -10.8182 0.30166942 -2.1613655 -0.71776664 0.28771752 1.2733486 995.45 
20150624191054 -10.295067 -0.88166475 1.210269 -0.47616947 0.45020768 0.95722586 995.45 
20150624191054 -11.430517 0.87089086 -0.16400282 0.32559118 -0.25167647 0.065973446 995.45 
20150624191054 -12.215816 2.8072014 -1.7513585 0.6206391 -0.8078693 -0.28893927 995.45 
20150624191054 -11.003153 3.5859156 -2.2254105 0.37751472 -0.42913285 -0.18203785 995.45 
20150624191054 -10.619482 3.2411506 -1.1258733 0.09254608 0.4541783 -0.10934488 995.45 
20150624191055 -9.226655 1.1366472 -0.36750996 -0.09621128 0.47036624 -0.32406402 995.45 
20150624191055 -8.359954 -2.4366987 -1.115698 -0.28955013 0.25625798 -0.70952 995.45 
20150624191055 -5.555745 -3.5685577 -0.47345337 -0.1994475 0.024740042 -0.6640105 995.45 
20150624191055 -3.9564183 -1.1384429 0.9983821 -0.172264 -0.016798794 -0.6957755 995.47 
20150624191055 -3.98874 0.6817489 1.1180922 -0.22632557 -0.09132435 -0.42088616 995.47 
20150624191055 -5.298967 0.66858083 1.0474633 -0.24709499 -0.3005457 -0.32895094 995.47 
20150624191055 -7.1395097 0.0047884034 0.93852705 -0.14080444 -0.115453534 -0.18387043 995.47 
20150624191055 -7.8733325 -0.32022446 1.158195 -0.10476339 0.13469578 -0.10842858 995.47 
20150624191055 -7.5213847 -0.83497787 1.650802 -0.086437434 0.33383787 -0.07544186 995.47 
20150624191055 -7.5549035 -0.7799112 2.0320787 -0.15760323 0.25228736 -0.09315695 995.47 
20150624191055 -8.565256 -0.7673417 2.6982653 -0.19364429 0.047647487 -0.09254608 995.47 
20150624191055 -10.457274 -0.7194576 3.305794 -0.19120082 -0.070249505 -0.03726278 995.47 
20150624191055 -12.776059 -0.9959879 4.203021 -0.23732115 -0.08155051 0.039095376 995.47 
20150624191055 -13.976152 -4.1677065 3.630807 -0.2275473 -0.038179077 0.04520403 995.47 
20150624191055 -11.477803 -2.3612814 4.2102036 0.06627888 -0.01740966 -0.0720821 995.47 
20150624191055 -9.710882 1.0498575 3.1519666 0.41263947 -0.15851954 -0.17989981 995.47 
20150624191055 -10.6637745 2.6473885 -1.0618285 0.37018433 -0.19364429 -0.2846632 995.47 
20150624191055 -11.355699 2.966416 -5.04997 0.3662137 -0.04886922 -0.54733527 995.47 
20150624191055 -15.613188 1.0372878 -9.18715 0.3933972 0.52473325 -0.8353582 995.47 
20150624191055 -16.85937 -3.264494 -10.460267 0.43004912 1.3448198 -0.97494096 995.47 
20150624191055 -12.899959 -2.285864 -0.4950012 0.2959642 1.5580118 -1.0580186 995.47 
20150624191055 -9.841366 -1.1288661 2.6312277 0.03756821 1.0036516 -0.52106804 995.44 
20150624191055 -10.666168 -2.011728 -0.074818805 -0.34116822 -0.8390234 0.0842994 995.44 
20150624191055 -11.238382 -1.8722657 -0.7230489 -0.07452556 -1.2742649 0.30665436 995.44 
20150624191055 -10.762535 -1.4347254 -1.0289081 -0.021991149 -0.29535335 0.33261612 995.44 
20150624191055 -9.03871 -0.7882909 -0.6386533 0.10445796 0.1863139 0.35460728 995.44 
20150624191055 -6.766014 -0.11911154 0.14963761 0.3173445 0.064751714 0.4364632 995.44 
20150624191055 -4.8309007 0.25318682 0.43634325 0.43493605 -0.1966986 0.50885075 995.44 
20150624191055 -3.7098155 0.65660983 0.25498247 0.47403142 -0.3378085 0.56505036 995.44 
20150624191055 -3.5284548 1.353921 0.33877954 0.55924714 -0.29657507 0.54305923 995.44 
20150624191055 -5.325303 1.7705121 0.29269117 0.61117065 -0.15882497 0.5036584 995.44 
20150624191055 -7.5704656 0.91697925 -0.0688333 0.59712076 -0.046731193 0.32620203 995.44 
20150624191055 -9.69113 -0.078410104 0.037110128 0.49693888 0.21563543 0.113926366 995.44 
20150624191055 -9.818023 -0.41120413 0.5919664 0.505491 0.38728857 -0.004886922 995.44 
20150624191055 -8.368334 -0.11791443 2.3110032 0.5671884 0.23609942 -0.087659165 995.44 
20150624191055 -8.421006 -0.22685061 3.7032316 0.66156703 -0.17959438 -0.098043874 995.44 
20150624191055 -11.228806 1.2138603 2.2852654 0.84635377 -0.6056729 -0.04184427 995.44 
20150624191055 -13.933656 3.913921 2.1170728 0.88178396 -0.8362745 -0.052839845 995.44 
20150624191055 -12.564771 3.8893807 2.9299042 0.40408736 -0.45998153 0.099265605 995.44 
20150624191055 -11.545439 1.0528502 3.1932666 -0.0061086523 0.07727446 0.44012842 995.43 
20150624191055 -12.940062 -1.7357962 1.3736732 0.0033597588 0.13103059 0.5131268 995.43 
20150624191055 -12.612056 -0.43514615 -2.9101522 0.02321288 -0.21685717 0.41172317 995.43 
20150624191055 -11.352706 1.8602947 -5.6898203 -0.015271631 -0.39736784 0.6563747 995.43 
20150624191055 -10.140641 2.110489 -4.92607 -0.10598512 -0.061391957 0.93828905 995.43 
20150624191055 -11.236588 1.0923545 -3.638588 -0.14446963 0.29077184 0.8732319 995.43 
20150624191055 -12.830527 0.28431144 -1.7866731 0.14172074 0.1872302 0.6780604 995.43 
20150624191055 -12.608464 0.92057055 -1.2683283 0.65270954 -0.022602014 0.118202426 995.43 
20150624191055 -11.442489 1.7381904 -0.93134445 0.6404922 -0.10873401 -0.258396 995.43 
20150624191055 -9.572617 2.4762032 -0.61112 0.46028697 -0.10720685 -0.3313944 995.43 
20150624191056 -8.979453 2.1763294 -0.40880993 0.22357668 -0.016798794 -0.38698313 995.43 
20150624191056 -8.294712 1.0013748 -0.050876785 0.054061573 -0.03848451 -0.5653558 995.43 
20150624191056 -7.401076 -1.1976994 0.019153614 -0.056505036 -0.04337143 -0.7281514 995.43 
20150624191056 -5.521029 -1.8100165 0.6063316 -0.10445796 -0.03756821 -0.5580254 995.43 
20150624191056 -4.5112743 -1.2018893 0.9720459 -0.11056661 0.061391957 -0.54733527 995.43 
20150624191056 -4.7764325 -0.5482722 0.62249243 0.024740042 0.076052725 -0.44073927 995.43 
20150624191056 -6.3763576 -0.58538234 0.59855044 0.13591751 0.01740966 -0.3735441 995.43 
20150624191056 -8.137293 -0.5955577 0.75956047 0.19822577 0.08674286 -0.26816985 995.43 
20150624191056 -9.095572 -0.7284359 0.84814596 0.24556783 0.24587326 -0.14874569 995.4 
20150624191056 -8.913613 -0.64463884 1.2150574 0.25473082 0.28924468 -0.09162979 995.4 
20150624191056 -8.768166 -0.29448682 2.1691468 0.19456059 0.16157386 -0.087964594 995.4 
20150624191056 -9.028535 -0.20051439 2.7042508 0.12767084 -0.08093964 -0.10629055 995.4 
20150624191056 -10.477625 -0.021547815 3.2387564 0.09712757 -0.26939157 -0.047647487 995.4 
20150624191056 -12.353482 -0.36631286 3.0071173 0.057726767 -0.2938262 0.04917465 995.4 
20150624191056 -13.588292 -2.5360582 3.6469676 -0.12064589 -0.16401732 0.055588737 995.4 
20150624191056 -11.8896055 -2.2571337 4.0402155 -0.0852157 -0.058948494 -0.1459968 995.4 
20150624191056 -11.08276 -0.23343466 3.3153708 0.26389378 -0.07696902 -0.3643811 995.4 
20150624191056 -11.206659 1.5053543 0.20111294 0.3894266 -0.0070249503 -0.59131753 995.45 
20150624191056 -10.546458 1.8579005 -3.9653966 0.3717115 -0.042760566 -0.76144356 995.45 
20150624191056 -11.298238 0.9451111 -6.3009405 0.344528 0.17134771 -0.86651236 995.45 
20150624191056 -13.03164 -1.785476 -6.1106014 0.35460728 0.7174612 -0.818254 995.45 
20150624191056 -13.12262 -1.7447745 -2.2876596 0.19242255 0.82711154 -0.7495316 995.45 
20150624191056 -12.529456 -1.5873557 -0.023942016 -0.002443461 0.46486846 -0.47067168 995.45 
20150624191056 -12.410943 -2.220622 -1.6298528 -0.2751948 -0.27550024 -0.17470746 995.45 
20150624191056 -11.604695 -2.0111294 -1.1055226 -0.022602014 -0.3979787 0.089491755 995.45 
20150624191056 -10.636241 -1.7357962 -0.729633 0.13988814 0.10323623 0.31306845 995.45 
20150624191056 -8.852561 -0.7272388 -0.42556936 0.3100141 0.074830994 0.3933972 995.49 
20150624191056 -6.196194 0.81761986 0.22984336 0.37843102 -0.15424347 0.55863625 995.49 
20150624191056 -4.1892543 1.377863 1.0109516 0.29016098 -0.37293324 0.66156703 995.49 
20150624191056 -3.1896753 1.2198458 0.80804306 0.22602014 -0.4098906 0.67011917 995.49 
20150624191056 -3.602675 0.7589619 0.4973954 0.25259277 -0.37018433 0.60231316 995.49 
20150624191056 -5.858013 0.8062474 0.25917232 0.26297748 -0.19853121 0.5112942 995.49 
20150624191056 -8.364143 0.34835634 0.32202014 0.18875736 0.04153884 0.33658674 995.49 
20150624191056 -9.422979 0.11372458 0.21547815 0.062308256 0.33964106 0.16187929 995.49 
20150624191056 -8.878299 -0.004189853 0.7882909 0.0983493 0.4792238 0.07086037 995.49 
20150624191056 -8.314464 -0.15741876 1.7375919 0.21930063 0.22907446 0.015577064 995.39 
20150624191056 -9.128492 0.037110128 3.1962593 0.32650748 -0.09132435 -0.027488936 995.39 
20150624191056 -11.356895 -0.15023616 4.2658687 0.31123585 -0.41538838 -0.06169739 995.39 
20150624191056 -13.648746 1.1007342 3.1370027 0.34238997 -0.44348818 0.032070424 995.39 
20150624191056 -13.936648 3.5140896 3.1184478 0.41508293 -0.35094208 0.20066923 995.39 
20150624191056 -12.573749 2.9227216 3.3327289 0.20769419 -0.13041973 0.26358834 995.39 
20150624191056 -11.90457 -0.18495208 2.9484594 0.030848695 0.08857546 0.39767328 995.39 
20150624191056 -11.768699 -1.0420763 -0.062249243 0.19394971 0.023518313 0.37812558 995.39 
20150624191056 -11.095928 1.340753 -3.445855 0.19272798 -0.31673363 0.5317582 995.39 
20150624191056 -10.317812 2.9813797 -4.3101616 -0.015882496 -0.3368922 0.788627 995.41 
20150624191056 -9.516354 2.1697452 -4.0737343 -0.25320363 0.026572637 0.7678576 995.41 
20150624191056 -12.28824 1.1168951 -4.435259 -0.18325958 0.16676621 0.81336707 995.41 
20150624191056 -14.443621 1.1941081 -3.1004913 0.29443705 0.06566802 0.68508536 995.41 
20150624191056 -12.621035 1.5155296 -1.6921021 0.47036624 0.014660766 0.3023783 995.41 
20150624191056 -10.336966 1.899799 -0.45789108 0.23090707 0.16920967 -0.08368854 995.41 
20150624191057 -8.435969 2.0757728 -0.44352585 0.10445796 0.12217305 -0.3100141 995.41 
20150624191057 -8.0684595 1.3826514 -0.41838676 -0.009162978 -0.07971791 -0.54611355 995.41 
20150624191057 -7.430405 -0.23702596 -0.24959552 -0.008857546 -0.18325958 -0.86284715 995.41 
20150624191057 -6.657078 -1.9093759 0.19991584 0.0290161 -0.27550024 -0.87689704 995.43 
20150624191057 -4.7698483 -1.7501614 1.352724 0.01740966 -0.16584991 -0.5992588 995.43 
20150624191057 -4.268263 -0.4201824 1.8363527 -0.048563786 -0.070249505 -0.5296202 995.43 
20150624191057 -4.9105077 -0.08678981 0.93373865 0.03634648 -0.04337143 -0.3210097 995.43 
20150624191057 -6.9342065 -0.50397944 0.59855044 0.19486602 -0.019547688 -0.2883284 995.43 
20150624191057 -8.822035 -0.7086837 0.8607155 0.36377025 0.16737708 -0.21899518 995.43 
20150624191057 -9.54209 -0.5482722 1.484405 0.4456262 0.3368922 -0.1386664 995.43 
20150624191057 -9.504382 -0.28431144 2.2709002 0.39492437 0.28771752 -0.098043874 995.43 
20150624191057 -9.408614 -0.8050503 2.5761611 0.22632557 0.11056661 -0.04886922 995.43 
20150624191057 -10.259753 -1.3910311 3.1346085 0.1572978 -0.09101892 -0.008552114 995.41 
20150624191057 -11.779472 -0.075417355 3.354875 0.18570304 -0.16432275 0.02107485 995.41 
20150624191057 -12.45763 0.9271546 3.99293 0.13744467 -0.124005646 -0.029932396 995.41 
20150624191057 -11.878832 -1.1067197 2.3319526 0.016493361 -0.08155051 -0.0729984 995.41 
20150624191057 -10.388441 -1.4149733 2.2373815 0.129198 -0.007941248 -0.24953845 995.41 
20150624191057 -10.110115 -0.21188685 0.35254622 0.33567044 0.095294975 -0.44012842 995.41 
20150624191057 -10.089166 0.52133745 -2.2810757 0.27152961 0.16493362 -0.5519168 995.41 
20150624191057 -11.008539 0.39983168 -5.919065 0.18295415 0.14019357 -0.7128797 995.41 
20150624191057 -13.532028 -1.4748282 -7.1514807 0.23335053 0.56321776 -0.81092364 995.41 
20150624191057 -13.803171 -0.8026561 -3.50571 0.25167647 0.91446525 -0.91629785 995.46 
20150624191057 -13.462596 0.3489549 -0.23822308 0.1133155 0.6630942 -0.71685034 995.46 
20150624191057 -12.980165 -1.1025299 -1.4478935 -0.2144137 -0.23701571 -0.2611449 995.46 
20150624191057 -11.774684 -1.9045875 -1.2276269 -0.25870144 -0.63804877 0.062002823 995.46 
20150624191057 -11.080365 -2.1260512 -0.85891986 -0.17654006 -0.106595986 0.18234327 995.46 
20150624191057 -9.967062 -1.7244238 -0.54887074 -0.017104227 0.044593163 0.23090707 995.46 
20150624191057 -7.7799582 -0.5710171 0.23044191 0.14996742 -0.21685717 0.29810223 995.46 
20150624191057 -5.228338 0.25498247 1.0887632 0.19639318 -0.45723262 0.4605924 995.46 
20150624191057 -3.594894 0.18914193 1.4562732 0.2049453 -0.58184916 0.5311473 995.46 
20150624191057 -3.1399956 0.46986207 0.9744401 0.26816985 -0.54733527 0.5525276 995.46 
20150624191057 -4.911106 1.5340848 -0.14544775 0.36163223 -0.37904188 0.4822781 995.46 
20150624191057 -7.4705076 1.5233108 -0.46986207 0.40591997 0.02076942 0.35124752 995.46 
20150624191057 -8.929175 0.705691 -0.6607997 0.36713 0.43371433 0.16065755 995.46 
20150624191057 -9.513959 -0.26755205 -0.5105635 0.38637227 0.65240407 0.029932396 995.46 
20150624191057 -9.246407 -0.3609259 1.0061632 0.4370741 0.4596761 -0.00580322 995.46 
20150624191057 -8.509591 -0.31064767 2.778471 0.40622538 0.17745635 0.0033597588 995.46 
20150624191057 -8.792706 -0.3489549 3.8540661 0.39675698 -0.2761111 0.027794369 995.46 
20150624191057 -10.505757 0.3184288 3.3129766 0.51343226 -0.6243043 0.022296581 995.46 
20150624191057 -12.092514 2.441487 2.2984335 0.5326745 -0.61911196 -0.064446285 995.44 
20150624191057 -12.9723835 2.7138276 1.7585411 0.3631594 -0.26847526 -0.02076942 995.44 
20150624191057 -12.870629 0.39863458 1.8650831 0.15027285 0.038179077 0.27885997 995.44 
20150624191057 -12.68867 -1.002572 2.7449522 0.21013765 0.22479841 0.48288897 995.44 
20150624191057 -12.258312 -0.21068975 -0.044891283 0.24098633 -0.031154128 0.48838675 995.44 
20150624191057 -10.802039 1.4999673 -2.9634233 0.10476339 -0.4981606 0.6383542 995.44 
20150624191057 -9.167398 2.285864 -3.3728316 0.043676864 -0.29718593 0.8949176 995.44 
20150624191057 -9.832987 1.198298 -3.3794158 0.0067195175 -0.06169739 1.1004738 995.44 
20150624191057 -13.76666 1.4514848 -4.2143936 0.32162055 -0.04153884 0.9379836 995.44 
20150624191057 -14.737509 2.8107927 -3.767875 0.88117313 -0.083383106 0.48502702 995.4 
20150624191057 -12.691065 3.555988 -2.3062148 0.6588182 0.22174409 -0.0027488936 995.4 
20150624191058 -10.569802 3.2728736 -1.0007763 0.31642818 0.42546764 -0.2837469 995.4 
20150624191058 -9.091382 1.7010803 -0.34476504 0.1142318 0.12492194 -0.46975538 995.4 
20150624191058 -8.256405 -0.13227965 -0.076614454 -0.0290161 -0.376293 -0.6224717 995.4 
20150624191058 -8.191162 -1.3335704 -0.20171149 -0.04886922 -0.38606682 -0.73914695 995.4 
20150624191058 -7.1987658 -1.3688848 0.079008654 -0.09437868 -0.3200934 -0.65240407 995.4 
20150624191058 -6.571485 -0.85173726 0.4297592 -0.17837265 -0.09437868 -0.4184427 995.4 
20150624191058 -6.465542 -0.30047232 0.3549404 -0.23671028 0.08246681 -0.30298916 995.4 
20150624191058 -7.2107368 -0.23882163 -0.15502456 -0.11178834 0.17928895 -0.1966986 995.43 
20150624191058 -8.615535 -0.20111294 -0.16160862 -0.032375857 0.19303341 -0.13530666 995.43 
20150624191058 -9.630676 0.11671733 0.17956513 -0.028710667 0.22388211 -0.06383542 995.43 
20150624191058 -9.403227 0.008978256 1.4137762 -0.045814894 0.17745635 -0.011911872 995.43 
20150624191058 -7.714118 -0.8996213 2.2026656 -0.08307768 0.02443461 0.007941248 995.43 
20150624191058 -5.7017913 -0.53330845 2.594716 -0.019242255 -0.3481932 0.033292156 995.43 
20150624191058 -5.0906715 0.40581718 4.1036615 -0.031154128 -0.79229224 0.116675265 995.43 
20150624191058 -7.5692687 0.23463176 3.0083144 -0.28344148 -0.8536842 0.23365596 995.43 
20150624191058 -11.234193 -0.5021838 0.7978677 -0.33536503 -0.38698313 0.2864958 995.43 
20150624191058 -13.247118 -1.5370775 0.27353755 -0.22999077 0.11881329 0.34025195 995.45 
20150624191058 -12.28824 -0.60573304 1.1186907 -0.054061573 0.6560693 0.23487769 995.45 
20150624191058 -10.726623 1.4544775 2.7096379 0.021380283 0.65484756 -0.050701816 995.45 
20150624191058 -9.734824 2.3959973 2.2104468 -0.09010262 0.28221974 -0.35124752 995.45 
20150624191058 -10.201694 2.1092918 0.20829555 -0.11759156 -0.18173242 -0.49266282 995.45 
20150624191058 -10.788273 1.1258733 -2.556409 -0.19730948 -0.27366763 -0.63713247 995.45 
20150624191058 -11.275493 0.5746084 -5.192425 -0.35185838 0.15393804 -0.8313876 995.45 
20150624191058 -11.659163 1.555034 -6.707356 -0.4034765 0.7131852 -1.1355985 995.45 
20150624191058 -12.37922 3.292626 -3.7116113 -0.6062838 0.8707884 -1.1136073 995.45 
20150624191058 -13.113641 0.48482585 -0.46926352 -1.0418307 0.5045747 -0.8335256 995.45 
20150624191058 -12.13142 -3.3333273 -1.6011224 -1.4520267 0.004581489 -0.31123585 995.45 
