20150624192353 -13.235745 0.24600422 2.0398598 -0.14355333 -0.08552113 -0.035124753 995.37 
20150624192353 -10.089166 -0.7799112 1.6208745 -0.047036625 0.010079277 -0.12675454 995.37 
20150624192353 -8.407838 -1.3000516 -0.24720132 0.20097467 -0.1518 -0.17959438 995.37 
20150624192353 -8.807071 0.84814596 -3.4332852 0.4914411 -0.38881573 -0.26542094 995.43 
20150624192353 -8.953716 1.7830818 -6.362591 0.52748215 -0.39187005 -0.34116822 995.43 
20150624192353 -10.941502 -0.866701 -9.88506 0.26939157 -0.15027285 -0.40775254 995.43 
20150624192353 -12.4947405 -2.5923219 -2.1643584 0.35124752 0.47403142 -0.54183745 995.43 
20150624192353 -10.738593 -1.821389 1.6154876 0.19608775 0.5323691 -0.61544675 995.43 
20150624192353 -9.342773 0.4225766 -1.9405005 0.22571471 -0.7733554 -0.18448131 995.43 
20150624192353 -9.711481 1.5089456 -2.2230163 0.3811799 -1.0161743 0.15760323 995.43 
20150624192353 -9.200917 1.1988965 -1.6944963 0.15821409 -0.17165314 0.35979962 995.43 
20150624192353 -7.16405 -0.22804771 -0.3250129 0.08307768 0.45448375 0.4352415 995.43 
20150624192353 -5.483919 -0.9498995 0.7206547 0.19822577 0.39645153 0.44073927 995.48 
20150624192353 -4.196437 0.014963761 -0.0700304 0.25381452 -0.03145956 0.3921755 995.48 
20150624192353 -5.020641 1.2922704 -0.42916065 0.27091873 -0.14721853 0.37751472 995.48 
20150624192354 -6.737882 2.3403323 -0.05327099 0.22266038 0.06841691 0.4071417 995.48 
20150624192354 -8.054693 2.5115175 0.41180268 0.10293079 0.3036 0.32742378 995.48 
20150624192354 -9.46847 0.9792285 0.16998832 0.070554934 0.3567453 0.17837265 995.48 
20150624192354 -11.184513 -0.2148796 0.50038815 0.11301007 0.24709499 0.04428773 995.48 
20150624192354 -11.304223 -0.036511578 1.733402 0.13622294 0.11636983 -0.004886922 995.48 
20150624192354 -11.270106 0.9187749 3.144784 0.11484267 -0.015271631 0.0571159 995.48 
20150624192354 -12.340913 1.6160861 3.0490158 0.18295415 -0.2855795 0.14080444 995.37 
20150624192354 -12.8371105 2.2709002 0.4285621 0.3903429 -0.39950588 0.16982053 995.37 
20150624192354 -12.272678 3.6541502 -1.0989386 0.4709771 -0.3100141 0.2669481 995.37 
20150624192354 -11.81359 4.4101195 -2.2182279 0.29046643 -0.2706133 0.43554693 995.37 
20150624192354 -11.653178 3.6828809 -4.0581717 -0.14721853 -0.21899518 0.70066243 995.37 
20150624192354 -10.600328 1.3395559 -6.9743094 -0.38056904 -0.12370021 0.9434814 995.37 
20150624192354 -12.520478 -0.5686229 -8.3312235 -0.4822781 -0.23609942 1.1502593 995.37 
20150624192354 -14.743494 0.39145198 -4.68665 -0.35460728 0.093462385 1.0045679 995.37 
20150624192354 -12.812571 1.6813282 -1.2545617 -0.2855795 0.089491755 0.52473325 995.37 
20150624192354 -11.429919 0.88944596 -0.48362875 -0.31398472 -0.2012801 -0.022296581 995.4 
20150624192354 -11.044453 0.7685388 -0.15203181 0.007330383 -0.8961393 -0.121256754 995.4 
20150624192354 -9.807847 1.7411832 -1.7878702 0.02565634 -0.6169739 -0.103847094 995.4 
20150624192354 -8.120534 2.3594859 -1.8764555 -0.10262536 0.05100725 -0.21777347 995.4 
20150624192354 -6.5218053 2.0769699 -0.88525605 -0.11789699 0.54428095 -0.441961 995.4 
20150624192354 -4.892551 0.6655881 -0.08200141 -0.01282817 0.5510005 -0.655153 995.4 
20150624192354 -3.6733038 -1.328782 0.26396075 -0.015271631 0.31245756 -0.7483099 995.4 
20150624192354 -3.4243069 -1.7070658 -0.34356794 0.052839845 0.13713925 -0.68569624 995.4 
20150624192354 -5.493496 -0.99898064 -1.3808558 0.14996742 0.14935656 -0.4382958 995.4 
20150624192354 -8.140884 0.45370123 -1.4431051 0.15668693 0.34880406 -0.32070425 995.38 
20150624192354 -10.209475 1.3575124 -0.3345897 0.116675265 0.4266894 -0.17989981 995.38 
20150624192354 -10.723629 1.13964 0.8218097 0.05375614 0.3484986 -0.16371189 995.38 
20150624192354 -10.881647 1.174356 2.3750482 -0.119729586 0.05589417 -0.13408493 995.38 
20150624192354 -11.676521 -0.34835634 3.0011318 -0.41355577 -0.30115658 0.040317107 995.38 
20150624192354 -13.50629 -2.2014685 2.1416135 -0.5320636 -0.40622538 0.16584991 995.38 
20150624192354 -13.708002 -2.1242554 1.4514848 -0.2947425 -0.17348573 0.14080444 995.38 
20150624192354 -11.845911 -0.84814596 -0.006584055 0.07788532 0.076052725 -9.162979E-4 995.38 
20150624192354 -10.5680065 -0.062249243 -2.0644004 0.68203104 -0.089186326 -0.16401732 995.38 
20150624192354 -9.378687 2.4768016 -3.052607 0.9810496 -0.41599923 -0.4083634 995.41 
20150624192354 -8.158242 3.0963013 -5.761048 0.8582657 -0.591623 -0.48991394 995.41 
20150624192354 -11.071986 1.0133458 -6.3458314 0.5329799 -0.4175264 -0.5213735 995.41 
20150624192354 -13.726557 -2.0326772 -2.7168205 0.5412266 0.18234327 -0.56107974 995.41 
20150624192354 -12.700043 -1.3563153 -2.8874073 0.47525316 0.23976462 -0.5317582 995.41 
20150624192354 -12.294226 1.5334862 -2.3104045 0.3576616 -0.08979719 -0.17715092 995.41 
20150624192354 -10.772112 1.8028339 -1.6262615 0.14202617 -0.2144137 -0.030543262 995.41 
20150624192354 -8.930971 1.1701661 -1.1965023 0.09254608 -0.15485434 0.07544186 995.41 
20150624192354 -7.7787614 -0.1340753 -0.25079262 0.20952678 -0.1600467 0.1740966 995.41 
20150624192354 -6.889914 -0.97144735 0.16699557 0.16462818 -0.1777618 0.23396139 995.42 
20150624192354 -6.173449 -1.2282255 0.57520694 0.18295415 -0.14202617 0.25686884 995.42 
20150624192354 -5.269039 -0.1328782 0.33518824 0.2742785 -0.03176499 0.20158553 995.42 
20150624192354 -5.3402667 0.99060094 0.055066638 0.4202753 0.016798794 0.23823744 995.42 
20150624192354 -5.4384294 1.8608932 -0.53330845 0.5635232 0.027488936 0.23793201 995.42 
20150624192354 -7.4375877 1.9309237 -0.3890578 0.6621779 0.13652839 0.24984388 995.42 
20150624192354 -9.360131 0.9888053 0.39803603 0.54733527 0.15149458 0.15271631 995.42 
20150624192354 -10.09994 0.45549688 1.0241197 0.5363397 0.1160644 0.064446285 995.42 
20150624192355 -10.664372 0.93254155 2.5252843 0.6078109 -0.028099801 0.020158553 995.42 
20150624192355 -11.25215 1.4317327 3.2770636 0.65668017 -0.38698313 -0.0021380284 995.44 
20150624192355 -12.394782 3.0789435 1.5652094 0.74036866 -0.573297 0.03481932 995.44 
20150624192355 -12.203246 5.677251 1.0420763 0.6771441 -0.47678033 0.15027285 995.44 
20150624192355 -12.183494 4.3424835 0.7146692 0.28710666 -0.14172074 0.3191771 995.44 
20150624192355 -13.0519905 2.0392613 -0.54527944 -0.1853976 0.116675265 0.4700608 995.44 
20150624192355 -12.3989725 0.7158663 -3.6804867 -0.38515055 0.3371976 0.5195409 995.44 
20150624192355 -10.977415 0.55485624 -6.0836663 -0.53969944 -0.058643065 0.59498274 995.44 
20150624192355 -11.2132435 1.3509283 -6.4350157 -0.550695 -0.1704314 0.7703011 995.44 
20150624192355 -11.292253 1.4945804 -2.552219 -0.3866777 0.1966986 0.7171558 995.44 
20150624192355 -12.161946 1.3605051 -1.9267339 -0.20280726 0.076052725 0.4569272 995.4 
20150624192355 -12.804191 0.55006784 -1.6645688 -0.062308256 -0.4810564 0.16065755 995.4 
20150624192355 -11.481993 0.7266402 -1.1312603 0.012217305 -0.3454443 -0.024129177 995.4 
20150624192355 -8.881291 1.9883845 -0.97743285 -0.03756821 0.27305678 -0.26725355 995.4 
20150624192355 -6.361394 2.4504654 -0.5823896 -0.08032878 0.44501534 -0.4529566 995.4 
20150624192355 -5.0583496 1.3982137 0.0011971008 0.022296581 0.36651915 -0.66920286 995.4 
20150624192355 -4.547188 -0.23702596 0.6997054 0.10751228 0.1301143 -0.7305948 995.4 
20150624192355 -4.6662993 -1.2132617 0.3184288 0.029321533 0.046731193 -0.64904433 995.4 
20150624192355 -5.5790887 -0.86969376 -0.42676646 -0.038789943 0.19608775 -0.516792 995.4 
20150624192355 -7.165247 -0.18555063 -0.7092823 -0.058643065 0.32070425 -0.39736784 995.43 
20150624192355 -8.389881 0.20709845 -0.5805939 -0.03390302 0.32253686 -0.31337386 995.43 
20150624192355 -9.800665 0.6913257 0.55964464 0.050701816 0.16982053 -0.27122417 995.43 
20150624192355 -11.772888 1.5155296 1.8800468 -0.013439035 0.0033597588 -0.24465153 995.43 
20150624192355 -13.327922 0.3549404 2.6384103 -0.25961772 -0.087964594 -0.1881465 995.43 
20150624192355 -13.908516 -1.1857284 1.5783775 -0.39064834 -0.07788532 -0.13103059 995.43 
20150624192355 -13.85345 -1.423353 1.6250644 -0.2883284 -0.06536258 -0.043982297 995.43 
20150624192355 -13.211205 -0.93014735 1.9692309 -0.18509217 -0.13530666 -0.043982297 995.43 
20150624192355 -11.3880205 -0.7038953 1.8297687 0.02107485 -0.3268129 -0.12095132 995.43 
20150624192355 -9.182362 -0.5069722 0.12270284 0.4279111 -0.47036624 -0.3109304 995.39 
20150624192355 -7.404069 2.690484 -2.6731262 0.5864306 -0.59559363 -0.40378192 995.39 
20150624192355 -6.497265 4.006098 -3.9725792 0.42149702 -0.68600166 -0.3811799 995.39 
20150624192355 -10.010756 0.6973112 -7.1233487 0.047647487 -0.42760566 -0.47158796 995.39 
20150624192355 -16.00823 -3.328539 -2.4331074 0.051923547 0.064751714 -0.6985244 995.39 
20150624192355 -16.093225 -1.3467385 -2.0165164 -0.18906279 0.56779927 -0.8775079 995.39 
20150624192355 -12.333132 1.4173675 -2.554613 -0.18112154 0.067500606 -0.5348125 995.39 
20150624192355 -9.342773 0.97982705 -0.94570965 -0.015882496 -0.087964594 0.09468412 995.39 
20150624192355 -7.335834 0.092775315 0.2681506 0.0076358155 0.090713486 0.3622431 995.39 
20150624192355 -5.257068 -0.93254155 1.3060371 0.040927973 -0.12644911 0.464563 995.44 
20150624192355 -3.6529531 -1.8974048 1.3634979 0.10445796 -0.16432275 0.4822781 995.44 
20150624192355 -2.8712463 -1.6208745 0.95947635 0.2507602 -0.10323623 0.40653083 995.44 
20150624192355 -3.9151182 -0.27593175 -0.10414778 0.43371433 0.09407325 0.37415496 995.44 
20150624192355 -6.7444663 3.0065188 -1.3239936 0.49449542 0.37934732 0.40561453 995.44 
20150624192355 -10.004171 4.537611 -0.78649527 0.4746423 0.65209866 0.3680463 995.44 
20150624192355 -11.385626 3.5272577 0.29508537 0.39064834 0.8011498 0.13744467 995.44 
20150624192355 -10.741586 1.0767922 1.857302 0.39920044 0.42424592 0.008552114 995.44 
20150624192355 -8.858546 0.10654198 2.3702598 0.33964106 -0.017104227 -0.0290161 995.44 
20150624192355 -9.886856 0.39863458 3.9713821 0.22602014 -0.47128254 0.071776666 995.48 
20150624192355 -13.157934 1.3078327 2.8496985 0.10048734 -0.49541172 0.10934488 995.48 
20150624192356 -14.97214 2.0853498 0.93732995 0.16371189 -0.21319197 0.15882497 995.48 
20150624192356 -13.608044 2.9029696 -0.30166942 0.2171626 0.14935656 0.20677789 995.48 
20150624192356 -11.5873375 2.9322984 -0.44831428 0.09560041 0.21227567 0.3943135 995.48 
20150624192356 -11.397597 2.1392193 -2.3582888 -0.112704635 0.08307768 0.59437186 995.48 
20150624192356 -11.4915695 1.2838906 -5.9825115 -0.16554448 -0.28985557 0.77488256 995.48 
20150624192356 -11.641207 1.8076223 -8.773552 -0.30085114 -0.33017266 0.9147707 995.48 
20150624192356 -13.137584 2.3295584 -4.0144777 -0.42302418 0.39187005 0.9624182 995.48 
20150624192356 -12.244546 1.7274165 -0.7667431 -0.3643811 0.5555819 0.5027421 995.4 
20150624192356 -11.68131 0.5279215 -0.046686932 -0.30085114 -0.18203785 0.086437434 995.4 
20150624192356 -11.364676 0.019752163 -0.46926352 -0.022296581 -0.6062838 -0.1337795 995.4 
20150624192356 -9.703699 1.0253168 -1.6316484 0.06688975 -0.31948254 -0.33292156 995.4 
20150624192356 -7.102998 1.6142905 -1.0187328 0.06261369 0.048258353 -0.4352415 995.4 
20150624192356 -4.8404775 0.9415198 0.6584055 0.067500606 0.23609942 -0.5842926 995.4 
20150624192356 -3.5206735 -0.3405752 1.1061212 0.12522738 -0.052534413 -0.6533204 995.4 
20150624192356 -3.0358477 -1.0935516 0.20111294 0.13622294 -0.26816985 -0.6560693 995.4 
20150624192356 -3.928885 -0.99658644 0.039504327 0.1591304 -0.09987647 -0.50793445 995.4 
20150624192356 -6.2165446 -0.97503865 -0.01436521 0.13408493 0.17928895 -0.3930918 995.48 
20150624192356 -8.511387 -0.24361002 -0.52492875 0.14874569 0.43493605 -0.2968805 995.48 
20150624192356 -10.1544075 0.83856916 0.42437226 0.20708331 0.5119051 -0.1826487 995.48 
20150624192356 -11.172543 1.5197195 1.4706384 0.03390302 0.4596761 -0.13775012 995.48 
20150624192356 -12.351088 1.4580688 1.6795325 -0.13927728 0.20616703 -0.07391469 995.48 
20150624192356 -14.444219 -0.42676646 1.6992847 -0.22602014 0.07360926 0.0852157 995.48 
20150624192356 -14.80694 -1.5400703 1.5149311 -0.17745635 0.063224554 0.060170226 995.48 
20150624192356 -12.5982895 -0.92895025 1.5370775 -0.056199603 0.0076358155 -0.03970624 995.48 
20150624192356 -10.457274 -0.5057751 0.19033903 0.061391957 -0.22693644 -0.048563786 995.48 
20150624192356 -8.980052 -0.092775315 -2.8407204 0.25778514 -0.3912592 -0.1328632 995.44 
20150624192356 -9.049484 1.8483237 -3.2237926 0.57910025 -0.3481932 -0.32620203 995.44 
20150624192356 -12.583325 2.2744915 -8.565256 0.52748215 -0.28619036 -0.56169057 995.44 
20150624192356 -15.488689 -1.5023615 -5.57849 0.37110063 -0.05375614 -0.73853606 995.44 
20150624192356 -12.934674 -0.717662 -0.6961141 0.3390302 0.5421429 -0.8185594 995.44 
20150624192356 -10.337564 1.0726024 -0.25558102 0.0106901415 0.45723262 -0.5183192 995.44 
20150624192356 -9.701305 0.45789108 -1.4850036 -0.002443461 -0.46517387 0.013744468 995.44 
20150624192356 -8.813655 -0.41479546 -1.1923125 0.07666359 -0.66614854 0.23487769 995.44 
20150624192356 -6.930017 -1.282095 -1.0073603 0.08674286 -0.092240654 0.39492437 995.44 
20150624192356 -5.1756654 -1.4652514 0.37948096 0.22449298 0.23335053 0.5222898 995.41 
20150624192356 -3.6152446 -0.15382746 1.074398 0.34025195 0.029321533 0.5403103 995.41 
20150624192356 -3.152565 1.555034 1.079785 0.47128254 -0.19150625 0.45051312 995.41 
20150624192356 -4.8338933 3.0819361 -0.11611878 0.52656585 -0.28771752 0.37659842 995.41 
20150624192356 -7.703344 3.6391866 -0.14903906 0.5519168 -0.12980886 0.32406402 995.41 
20150624192356 -9.701904 2.023699 -0.25318682 0.5363397 0.22143865 0.20586158 995.41 
20150624192356 -10.4728365 0.061650693 0.682946 0.45173484 0.46883908 0.0143553335 995.41 
20150624192356 -10.042479 -0.207697 2.5929205 0.49632803 0.33567044 -0.13897185 995.41 
20150624192356 -10.290877 0.6859388 4.655525 0.4288274 -0.0842994 -0.11636983 995.41 
20150624192356 -12.816162 1.3036429 3.678691 0.36346483 -0.5467244 0.0027488936 995.43 
20150624192356 -14.860211 2.1739352 1.54845 0.5158757 -0.6951646 0.089186326 995.43 
20150624192356 -12.859258 2.6982653 0.748188 0.5204572 -0.34208453 0.19639318 995.43 
20150624192356 -11.426328 1.6136919 0.008379706 0.28221974 -0.0067195175 0.49327368 995.43 
20150624192356 -11.2689085 0.99419224 -4.156334 0.18081611 -3.0543262E-4 0.7452556 995.43 
20150624192356 -10.766127 2.4450784 -7.495647 0.29718593 -0.24984388 0.8371908 995.43 
20150624192356 -13.709798 2.8125885 -8.34918 0.06780604 -0.35185838 1.1462886 995.43 
20150624192356 -14.785991 1.4317327 -5.0571527 -0.38881573 0.6221663 1.2339478 995.43 
20150624192356 -12.414535 -0.43993455 0.5506664 -0.31429017 1.212262 0.6301075 995.43 
20150624192357 -12.327146 -0.41180268 0.40402153 0.22937989 0.59528816 -0.18600847 995.43 
20150624192357 -11.380837 0.961272 0.15801731 0.5216789 -1.0201449 -0.44440445 995.43 
20150624192357 -8.401254 3.330933 -1.0241197 0.40103304 -1.1633929 -0.28405234 995.43 
20150624192357 -6.6744356 3.8923733 -0.9600749 0.2910773 -0.35033122 -0.21471913 995.43 
20150624192357 -5.6646814 2.336741 -1.0815806 0.103847094 0.10354166 -0.31703907 995.43 
20150624192357 -4.606444 -0.35673606 -0.3669114 0.015882496 0.21655174 -0.5036584 995.43 
20150624192357 -3.7541082 -1.9147629 0.2160767 0.008552114 0.16340645 -0.68325275 995.43 
20150624192357 -3.809175 -1.3347675 -0.09756372 -0.0033597588 0.09254608 -0.6420194 995.43 
20150624192357 -5.3713913 -0.027533319 -1.1791444 -0.04153884 0.16249016 -0.48899764 995.43 
20150624192357 -7.4226236 0.9307459 -1.3359646 -0.12614368 0.3191771 -0.27122417 995.44 
20150624192357 -9.646238 1.0319009 0.044891283 -0.17623462 0.54458636 -0.16401732 995.44 
20150624192357 -10.831368 0.30107087 1.2192472 -0.23426682 0.6337727 -0.15882497 995.44 
20150624192357 -11.2371855 -1.3389573 1.70946 -0.26358834 0.47861293 -0.15882497 995.44 
20150624192357 -11.592126 -1.5939398 1.555034 -0.25809056 0.22540927 -0.17195857 995.44 
20150624192357 -12.078748 0.40162733 2.5552118 -0.24648413 -0.027183503 -0.12522738 995.44 
20150624192357 -12.413338 1.8076223 2.7222073 -0.27947086 -0.22724187 -0.042455133 995.44 
20150624192357 -11.957242 -1.8854338 2.6030958 -0.34483343 -0.28955013 0.022602014 995.44 
20150624192357 -10.332776 -2.9137435 0.62129533 0.1518 -0.1591304 -0.14966199 995.44 
20150624192357 -9.927557 0.035913024 -2.1829133 0.5626069 -0.13133603 -0.4196644 995.41 
20150624192357 -9.459491 3.25372 -5.318719 0.7330383 -0.2507602 -0.59406644 995.41 
20150624192357 -13.128605 2.719813 -10.251971 0.5439755 -0.23426682 -0.62796944 995.41 
20150624192357 -18.716671 -2.106299 -6.2763996 0.5271767 0.16798794 -0.61758476 995.41 
20150624192357 -14.95179 -2.8898015 -0.52971715 0.43982297 0.9242391 -0.89736104 995.41 
20150624192357 -10.498574 -1.8291701 0.7044938 0.3005457 0.453262 -0.68294734 995.41 
20150624192357 -8.918402 -0.15322891 -0.62249243 0.4810564 -0.8881981 -0.14569137 995.41 
20150624192357 -8.945934 1.5532384 -0.6739678 0.7113526 -1.1612549 0.20647246 995.41 
20150624192357 -7.8086886 2.2266076 -0.43634325 0.55741453 -0.45723262 0.41874814 995.41 
20150624192357 -6.4924765 1.1546037 0.2100912 0.4343252 0.079107046 0.54611355 995.46 
20150624192357 -4.853047 -0.51595044 -0.049081136 0.45081854 0.21685717 0.5018258 995.46 
20150624192357 -4.255095 -1.3036429 -0.4782418 0.5687156 0.14477506 0.39675698 995.46 
20150624192357 -4.410718 0.705691 -1.4496891 0.6881397 0.037873644 0.30970868 995.46 
20150624192357 -6.421249 2.3756466 -0.8002619 0.7593055 0.059864793 0.38637227 995.46 
20150624192357 -7.8733325 2.2409728 -0.6548142 0.6722572 0.16310102 0.40225476 995.46 
20150624192357 -8.8645315 0.9648633 0.31543607 0.5369505 0.27214047 0.25473082 995.46 
20150624192357 -9.028535 0.29448682 1.5556326 0.548557 0.13897185 0.08857546 995.46 
20150624192357 -9.298481 0.6721721 3.4769795 0.5653558 -0.16646078 0.030848695 995.46 
20150624192357 -12.115858 1.1569979 3.6475663 0.57971114 -0.43188173 0.08979719 995.41 
20150624192357 -14.137162 2.8622682 1.2605472 0.63407815 -0.5580254 0.07788532 995.41 
20150624192357 -12.870629 5.0984526 1.5131354 0.68600166 -0.51007247 0.06566802 995.41 
20150624192357 -11.188704 3.6535518 3.0627825 0.4089743 -0.29565877 0.22143865 995.41 
20150624192357 -11.019912 1.6663644 1.6873137 -0.05131268 -0.1328632 0.46975538 995.41 
20150624192357 -10.451289 -0.0035913025 -2.4917655 -0.25870144 -0.005497787 0.5161811 995.41 
20150624192357 -10.373477 -0.33279404 -5.7945666 -0.45875978 -0.08827003 0.5852089 995.41 
20150624192357 -13.283629 0.024540568 -7.563283 -0.41233405 -0.09682214 0.81336707 995.41 
20150624192357 -14.876372 1.0702082 -6.2865753 -0.09193522 0.18387043 0.8414669 995.41 
20150624192357 -13.3464775 2.2224178 -3.4967315 0.17745635 0.4266894 0.56230146 995.41 
20150624192357 -12.142194 2.0871453 -1.6921021 0.03145956 0.13500121 0.33200526 995.41 
20150624192357 -10.864887 1.6502035 -0.5781997 -0.04062254 -0.43096542 0.10293079 995.41 
20150624192357 -9.112331 2.0003555 0.65541273 0.0076358155 -0.3576616 -0.12889257 995.41 
20150624192357 -6.9988503 1.834557 1.0720038 0.03268129 -0.17745635 -0.45998153 995.41 
20150624192358 -5.007473 1.4862007 0.9516952 0.09407325 -0.15851954 -0.7089091 995.41 
20150624192358 -3.940856 0.5398925 0.5955577 0.1554652 -0.19456059 -0.75533485 995.41 
20150624192358 -3.900753 -0.599149 0.45010993 0.030543262 -0.052839845 -0.70432764 995.41 
20150624192358 -5.069722 -1.3227965 0.23582886 -0.032375857 0.2657264 -0.6398814 995.41 
20150624192358 -6.892308 -0.79966336 -0.49919105 -0.022296581 0.47739118 -0.5748242 995.38 
20150624192358 -9.309854 -0.110133275 -1.0073603 -0.029321533 0.6206391 -0.4822781 995.38 
20150624192358 -11.13603 0.31304187 -0.6356605 -0.06688975 0.6771441 -0.39461896 995.38 
20150624192358 -10.696096 0.56682724 0.97264445 -0.079107046 0.65118235 -0.29046643 995.38 
20150624192358 -9.346365 0.3345897 2.9496565 -0.0852157 0.35460728 -0.21074851 995.38 
20150624192358 -10.745776 -0.22565351 3.1549592 -0.16462818 -0.027794369 -0.14355333 995.38 
20150624192358 -13.441049 -0.3681085 2.7395654 -0.1863139 -0.44837508 -0.058337633 995.38 
20150624192358 -14.747684 -1.2862848 2.7910407 -0.21777347 -0.31123585 -0.007941248 995.38 
20150624192358 -13.82831 -2.6204538 1.5616181 -0.21380283 0.007330383 0.02443461 995.38 
20150624192358 -12.118851 -1.8016368 0.25258827 0.035124753 0.03573562 0.011301007 995.36 
20150624192358 -11.047445 1.3018472 -2.1290438 0.6432411 -0.020463986 -0.19761491 995.36 
20150624192358 -9.020754 2.9879637 -5.0661306 0.8927795 -0.062308256 -0.44501534 995.36 
20150624192358 -9.134478 2.7216089 -7.514202 0.75808376 -0.25595254 -0.59620446 995.36 
20150624192358 -12.247539 -0.31423897 -6.5906386 0.79381937 -0.0711658 -0.5155703 995.36 
20150624192358 -12.855067 -0.8295909 -0.89064306 0.5702427 0.41447207 -0.43982297 995.36 
20150624192358 -10.272323 -0.12808979 -0.55605334 0.020463986 0.39858958 -0.32528573 995.36 
20150624192358 -8.902241 -0.29209262 -1.5819688 -0.087659165 -0.10262536 -0.04642576 995.36 
20150624192358 -8.248025 -0.26276365 -1.5574282 0.18784106 -0.5002986 0.13591751 995.36 
20150624192358 -7.33344 0.52732295 -0.84814596 0.21044308 -0.19456059 0.3036 995.41 
20150624192358 -6.9000893 0.65780693 -0.44951138 0.14721853 -0.003970624 0.41080686 995.41 
20150624192358 -6.2249246 0.5686229 -0.09756372 0.25320363 0.006414085 0.37965274 995.41 
20150624192358 -5.6485205 0.6536171 0.6919243 0.4147775 -0.1432479 0.28680122 995.41 
20150624192358 -5.94181 0.91219085 1.09834 0.462425 -0.22082779 0.22540927 995.41 
20150624192358 -6.6349316 1.8722657 0.64703304 0.4633413 -0.22540927 0.21044308 995.41 
20150624192358 -8.161235 2.3529017 0.81163436 0.42394048 -0.047036625 0.21930063 995.41 
20150624192358 -9.432556 1.1731589 0.7625532 0.35308012 0.15851954 0.16401732 995.41 
20150624192358 -10.025121 -0.14604631 1.2593501 0.27977628 0.26542094 0.033292156 995.41 
20150624192358 -10.2974615 -0.5710171 2.7982233 0.32803464 0.11789699 -0.034208454 995.44 
20150624192358 -10.488997 0.22864626 4.2658687 0.36377025 -0.1160644 -0.00580322 995.44 
20150624192358 -11.443087 2.3654714 2.9161377 0.42332962 -0.38453966 0.0720821 995.44 
20150624192358 -11.526285 4.4023385 1.9722236 0.5170974 -0.52473325 0.17959438 995.44 
20150624192358 -12.167932 2.938284 1.644218 0.3555236 -0.52778757 0.36346483 995.44 
20150624192358 -11.912351 1.4580688 0.45789108 0.14813483 -0.30176744 0.45540005 995.44 
20150624192358 -12.0093155 1.1695676 -3.072958 0.022296581 0.023823744 0.5858198 995.44 
20150624192358 -13.245322 1.3425486 -8.830415 -0.16126843 -0.095294975 0.79351395 995.44 
20150624192358 -16.373945 2.1709423 -9.974843 -0.36743546 0.04062254 0.9932669 995.44 
20150624192358 -13.924677 2.3750482 -2.7246015 -0.35918877 0.9492846 0.93828905 995.44 
20150624192358 -10.425551 1.690905 2.31639 -0.07727446 0.9611965 0.4007276 995.44 
20150624192358 -10.703877 1.1139023 1.8052281 0.082161374 -0.67103547 0.014049901 995.44 
20150624192358 -11.029489 1.5825673 0.12090719 0.27947086 -1.6676621 -0.16707164 995.44 
20150624192358 -9.153033 2.883816 -1.5819688 0.30085114 -0.9941832 -0.33108896 995.44 
20150624192358 -7.0593038 3.0753522 -1.5388732 0.20341812 -0.01985312 -0.52320606 995.44 
20150624192358 -5.4300494 1.6747441 -0.107739076 0.08979719 0.40286562 -0.71837753 995.44 
20150624192358 -3.5212722 -0.93732995 0.7835025 0.021380283 0.20250183 -0.79626286 995.44 
20150624192358 -2.3558946 -2.789245 1.002572 0.0015271631 -0.16768251 -0.8552113 995.44 
20150624192359 -3.2794578 -1.9997569 -0.044292733 0.08093964 -0.28588495 -0.7910705 995.39 
20150624192359 -5.819706 -0.12689269 -1.0426749 0.06078109 -0.1740966 -0.57360244 995.39 
20150624192359 -8.899248 1.1671734 -0.7410054 -0.12614368 0.28069258 -0.34788775 995.39 
20150624192359 -11.348516 1.5664065 0.25617957 -0.24862215 0.6575964 -0.20738874 995.39 
20150624192359 -11.39221 0.76195467 2.2098482 -0.269697 0.73548174 -0.16035213 995.39 
20150624192359 -10.251971 0.22266077 3.1501708 -0.37904188 0.53878313 -0.13225232 995.39 
20150624192359 -10.74817 -0.1328782 2.9257145 -0.552833 -0.08979719 0.006414085 995.39 
20150624192359 -12.524069 -0.02813187 3.039439 -0.5323691 -0.48655418 0.09254608 995.39 
20150624192359 -13.758879 -1.3251907 2.3876176 -0.6068946 -0.2779437 0.015577064 995.39 
20150624192359 -12.6300125 -2.8149827 1.6561891 -0.5213735 -0.025045475 -0.062002823 995.41 
20150624192359 -11.116877 -0.5943606 0.25617957 0.10354166 0.06688975 -0.22785273 995.41 
20150624192359 -9.777321 2.2900538 -1.9440918 0.43860126 -0.06078109 -0.3921755 995.41 
20150624192359 -9.774927 4.3861775 -7.896077 0.36896262 -0.36193767 -0.54550266 995.41 
20150624192359 -15.190611 -0.9540894 -11.061212 0.52381694 -0.1459968 -0.6954701 995.41 
20150624192359 -15.008054 -1.6525977 -0.52133745 0.47494772 0.72326446 -0.97494096 995.41 
20150624192359 -12.103887 -0.56682724 1.1875241 -0.116675265 0.9645562 -0.8585711 995.41 
20150624192359 -10.626065 -0.36511576 -1.2419921 -0.66431594 -0.3903429 -0.06291912 995.41 
20150624192359 -9.886257 -0.50278234 -0.9756372 -0.26267207 -0.8393288 0.3042109 995.41 
20150624192359 -8.330625 -0.717662 -1.1294646 -0.20189096 0.09132435 0.41538838 995.43 
20150624192359 -6.5966244 -1.5143325 -0.17836803 -0.12308934 0.3491095 0.48502702 995.43 
20150624192359 -5.3402667 -1.3024458 0.3633201 0.1151481 0.33964106 0.5381723 995.43 
20150624192359 -3.9624038 0.092775315 0.8122329 0.32498032 0.034513887 0.5687156 995.43 
20150624192359 -4.361637 1.0187328 0.50757074 0.36865717 -0.14172074 0.5308419 995.43 
20150624192359 -6.3458314 2.147599 -0.3250129 0.44073927 -0.069027774 0.52626044 995.43 
20150624192359 -8.331821 3.198055 0.22924481 0.49357912 0.1685988 0.46395215 995.43 
20150624192359 -8.968081 2.8149827 0.45070848 0.46700647 0.32284227 0.32559118 995.43 
20150624192359 -9.287108 1.4173675 1.5233108 0.35430184 0.31703907 0.15821409 995.43 
20150624192359 -8.8328085 0.842759 2.641403 0.3567453 0.026572637 0.07880162 995.43 
20150624192359 -8.6095495 0.19991584 4.547188 0.2782491 -0.33078352 0.09896017 995.43 
20150624192359 -10.650606 -0.28909984 3.8361096 0.27885997 -0.5705481 0.13347405 995.43 
20150624192359 -12.873024 2.0242975 2.6437972 0.49388456 -0.61666846 0.08399397 995.43 
20150624192359 -13.143569 4.64535 1.8070238 0.54092115 -0.35338554 0.058643065 995.43 
20150624192359 -12.977172 4.573524 1.5568297 0.1704314 -0.017104227 0.30665436 995.43 
20150624192359 -12.813767 3.0855274 0.08678981 -0.062308256 0.12370021 0.514654 995.43 
20150624192359 -11.871649 0.6877344 -4.6537294 -0.15210545 0.06658431 0.59528816 995.43 
20150624192359 -11.897387 -1.1252748 -7.301717 -0.24465153 -0.18845193 0.72173727 995.43 
20150624192359 -14.595653 0.5979519 -5.5748987 -0.2669481 -0.043676864 0.8570439 995.44 
20150624192359 -13.839683 1.0283096 1.0001777 -0.11881329 0.36285394 0.7852673 995.44 
20150624192359 -11.399991 1.6095021 0.2657564 -0.047036625 0.017715093 0.30634892 995.44 
20150624192359 -10.64043 1.6172832 0.11312603 0.16310102 -0.76052725 0.09254608 995.44 
20150624192359 -9.467272 2.6497827 -0.66618663 0.47616947 -0.7370089 -0.12308934 995.44 
20150624192359 -7.313688 2.6599581 -0.99419224 0.48899764 -0.17348573 -0.31887165 995.44 
20150624192359 -5.0116625 1.2132617 -0.8511387 0.40439278 0.16798794 -0.5662721 995.44 
20150624192359 -4.0252514 -0.83378077 -0.7188591 0.40561453 0.19730948 -0.7498371 995.44 
20150624192359 -3.0148985 -1.7860745 -0.7661445 0.3118467 0.09468412 -0.78893244 995.44 
20150624192359 -2.6581624 -0.79128367 0.2172738 0.10354166 0.17165314 -0.6960809 995.42 
20150624192359 -4.0677485 0.61052144 -0.6799533 -0.017104227 0.3576616 -0.47250426 995.42 
20150624192359 -6.96174 1.2491747 -2.4271219 0.02076942 0.46120325 -0.34238997 995.42 
20150624192359 -10.248979 0.9648633 -0.9504981 0.17470746 0.6087272 -0.30909783 995.42 
20150624192359 -12.0093155 1.186327 2.5330653 0.054367006 0.6600399 -0.3408628 995.42 
20150624192359 -11.897985 -0.28550854 3.4003649 -0.28344148 0.55680364 -0.25503623 995.42 
20150624192400 -13.472772 -1.5688007 2.6719291 -0.5204572 0.2144137 -0.01985312 995.42 
20150624192400 -14.83567 -0.81881696 1.8776526 -0.3576616 0.07269296 0.034208454 995.42 
20150624192400 -15.064317 0.9307459 2.2876596 -0.12370021 0.25167647 -0.18845193 995.42 
20150624192400 -14.012664 0.50876784 1.483208 -0.026572637 0.08093964 -0.20341812 995.44 
20150624192400 -12.103887 -0.05746084 -0.66259533 0.08582657 -0.12492194 -0.19822577 995.44 
20150624192400 -10.605715 1.2282255 -2.961029 0.30390546 -0.14630222 -0.14538592 995.44 
20150624192400 -8.147469 1.7471687 -4.0025067 0.23518312 -0.19120082 -0.2648101 995.44 
20150624192400 -8.509591 -1.8357542 -5.613206 0.18020524 -0.28802297 -0.505491 995.44 
20150624192400 -11.497555 -4.5741224 -2.7832594 0.355829 -0.119729586 -0.8002335 995.44 
20150624192400 -12.307394 -2.7736826 -2.2679076 0.52839845 0.08155051 -0.9440922 995.44 
20150624192400 -12.817359 0.8038532 -3.7547069 0.13713925 -0.07513642 -0.5858198 995.44 
20150624192400 -11.229404 1.6681601 -1.9363106 0.2828306 -0.007941248 -0.06414085 995.44 
20150624192400 -9.605537 1.3269863 -1.6903064 0.13103059 0.462425 0.20433442 995.41 
20150624192400 -8.14687 0.62967503 -0.66139823 0.2489276 0.36071593 0.30024028 995.41 
20150624192400 -6.50744 -0.29747957 -0.04369418 0.28710666 0.14813483 0.3549127 995.41 
20150624192400 -4.7901993 -1.067814 0.65900403 0.30634892 -0.11789699 0.3744604 995.41 
20150624192400 -3.9223008 -1.0085574 1.0588357 0.40775254 -0.18417588 0.34422258 995.41 
20150624192400 -4.5124717 0.2220622 0.9271546 0.54061574 -0.20738874 0.32589662 995.41 
20150624192400 -6.022016 2.212841 0.45908818 0.60994893 -0.08155051 0.3323107 995.41 
20150624192400 -8.234259 2.767697 -0.40222588 0.5708536 0.09040806 0.35124752 995.41 
20150624192400 -10.493188 1.9752164 -0.3776853 0.49663344 0.33933565 0.20769419 995.41 
20150624192400 -11.194689 1.1121067 0.47764325 0.48655418 0.42332962 -0.0143553335 995.45 
20150624192400 -10.117896 0.39624038 2.2930467 0.42943826 0.18325958 -0.11209377 995.45 
20150624192400 -10.67395 0.14903906 3.4793737 0.31490102 -0.25381452 -0.03970624 995.45 
20150624192400 -12.590508 1.423353 2.2918496 0.42241332 -0.54428095 0.13225232 995.45 
20150624192400 -12.839505 4.2880154 1.5340848 0.59895337 -0.64568454 0.23060162 995.45 
20150624192400 -11.461642 4.3634324 1.0073603 0.312763 -0.40317106 0.32345316 995.45 
20150624192400 -10.769119 2.1272483 0.31423897 -0.013744468 -0.14935656 0.4728097 995.45 
20150624192400 -10.350134 1.2018893 -2.9173348 -0.18142697 0.14446963 0.5476407 995.45 
20150624192400 -11.096526 0.83258367 -6.6684504 -0.27977628 0.020463986 0.71959925 995.45 
20150624192400 -14.595653 0.47046062 -7.7159133 -0.4905248 -0.07422013 0.86009824 995.42 
20150624192400 -16.118963 -0.07062895 -5.919065 -0.42577308 0.4905248 0.81183994 995.42 
20150624192400 -12.964004 0.35254622 -1.2198458 -0.21655174 0.66675943 0.5876524 995.42 
20150624192400 -11.105505 2.0428526 0.08678981 -0.03726278 -0.13591751 0.376293 995.42 
20150624192400 -10.727221 2.2637177 -0.44532153 -0.058337633 -0.8707884 0.20738874 995.42 
20150624192400 -8.878897 2.5755625 -1.0809821 0.02076942 -0.64751714 -0.10293079 995.42 
20150624192400 -6.96174 2.2732944 -0.6266823 0.059253927 0.045814894 -0.43982297 995.42 
20150624192400 -5.4581814 1.1025299 0.22864626 0.019547688 0.23945917 -0.7473936 995.42 
20150624192400 -3.7014358 -0.3393781 0.32022446 0.0012217305 0.07666359 -0.8237518 995.42 
20150624192400 -2.5881321 -0.94331545 -0.4225766 -0.12186762 -0.061391957 -0.8042041 995.39 
20150624192400 -3.3327289 -0.8295909 -0.075417355 -0.14538592 0.04428773 -0.6563747 995.39 
20150624192400 -5.449203 -0.4261679 -0.87687635 -0.16401732 0.24587326 -0.5235115 995.39 
20150624192400 -7.591415 -0.29987377 -1.1354501 -0.19211712 0.43035457 -0.40225476 995.39 
20150624192400 -9.928156 0.10115502 -0.1604115 -0.20158553 0.5290093 -0.32559118 995.39 
20150624192400 -11.960834 -0.3345897 0.9091981 -0.2950479 0.505491 -0.23243423 995.39 
20150624192400 -12.341511 -1.3365631 1.7956513 -0.41080686 0.3585779 -0.115453534 995.39 
20150624192400 -12.447454 -1.4520833 2.3995886 -0.28863382 0.1777618 -0.015271631 995.39 
20150624192400 -13.43626 0.10055647 2.1140802 -0.070249505 -0.070554934 0.042455133 995.39 
20150624192400 -14.838065 1.6651673 2.369661 0.0012217305 -0.16187929 -0.026572637 995.44 
20150624192400 -14.180857 -0.2621651 1.513734 0.019242255 -0.20952678 -0.036651913 995.44 
20150624192401 -11.163564 -1.5628152 0.4165911 0.24129178 -0.13775012 -0.12095132 995.44 
20150624192401 -8.685565 0.022146367 -1.276708 0.61850107 -0.13041973 -0.21105394 995.44 
20150624192401 -6.869563 1.3210008 -3.1627405 0.6062838 -0.3885103 -0.31398472 995.44 
20150624192401 -7.8667483 0.623091 -7.7703815 0.5018258 -0.48288897 -0.49480084 995.44 
20150624192401 -14.665084 -1.9752164 -5.7658362 0.56413406 -0.23884831 -0.65118235 995.44 
20150624192401 -15.972917 -0.9828198 -2.1733365 0.40530908 0.38637227 -0.9477574 995.44 
20150624192401 -13.700221 -0.43275195 -3.5655649 0.19394971 0.3472769 -0.68539083 995.44 
20150624192401 -10.289082 0.6745663 -2.5192988 0.50426924 -0.26297748 -0.31673363 995.36 
20150624192401 -8.594585 0.9451111 0.26874915 0.41813725 -0.1337795 0.16340645 995.36 
20150624192401 -7.32506 0.65541273 0.4890157 0.12644911 -0.1020145 0.3930918 995.36 
20150624192401 -6.192004 -0.27952304 1.4383167 0.11911872 -0.19883664 0.4990769 995.36 
20150624192401 -5.059547 -1.0845734 1.2473791 0.18142697 -0.0729984 0.4822781 995.36 
20150624192401 -4.633379 -1.389834 0.65421563 0.31856623 0.01038471 0.45448375 995.36 
20150624192401 -4.80636 -0.42317516 -0.27593175 0.5180137 0.10720685 0.3436117 995.36 
20150624192401 -5.6940103 1.7782934 -1.3521254 0.6404922 0.31245756 0.35796702 995.36 
20150624192401 -7.611766 2.7389667 -1.459266 0.6178902 0.4364632 0.38423425 995.36 
20150624192401 -9.709685 2.2385786 -0.98820674 0.5103779 0.53023106 0.22174409 995.44 
20150624192401 -10.900801 1.2312182 0.29867667 0.4529566 0.4578435 0.029321533 995.44 
20150624192401 -9.948506 0.4842273 2.381632 0.34269542 0.18661933 -0.095294975 995.44 
20150624192401 -10.099341 0.22266077 4.489128 0.226631 -0.23579398 0.016493361 995.44 
20150624192401 -12.282255 0.8571242 3.70802 0.3735441 -0.6224717 0.124005646 995.44 
20150624192401 -14.511855 3.2555158 1.7741034 0.59589905 -0.71868294 0.18845193 995.44 
20150624192401 -13.435062 5.445013 1.1791444 0.50976706 -0.29229903 0.25595254 995.44 
20150624192401 -12.228984 4.3658266 -0.23163901 0.055283304 0.04184427 0.44532076 995.44 
20150624192401 -12.173319 2.3768437 -4.751293 -0.28130344 0.312763 0.61453044 995.44 
20150624192401 -11.514315 1.1965023 -7.707534 -0.47250426 0.26206118 0.73456544 995.43 
20150624192401 -12.16853 -0.46926352 -7.16824 -0.8750645 -0.01863139 0.9443977 995.43 
20150624192401 -12.37084 -1.5209166 -3.2722752 -0.8732319 0.33200526 0.86742866 995.43 
20150624192401 -11.684901 -1.435324 -0.25498247 -0.39095375 0.35185838 0.46181414 995.43 
20150624192401 -12.109274 -0.010175358 -1.340753 -0.12003502 -0.36926803 0.05222898 995.43 
20150624192401 -11.663354 1.3617022 -2.243367 0.07452556 -0.979217 0.03756821 995.43 
20150624192401 -9.576807 2.497751 -1.9111716 0.20066923 -0.47494772 -0.01863139 995.43 
20150624192401 -7.1425023 2.8119898 -0.7793127 0.21502456 0.17440203 -0.15943582 995.43 
20150624192401 -5.4324436 2.2655134 0.7188591 0.2049453 0.1872302 -0.44257188 995.43 
20150624192401 -3.9133227 0.48602295 1.6436194 0.13316862 -0.10720685 -0.5861252 995.42 
20150624192401 -2.8209682 -1.0139444 1.7106571 -0.016798794 -0.26511553 -0.66339964 995.42 
20150624192401 -3.4452562 -0.9379285 -0.16101007 0.03268129 -0.16523905 -0.5833763 995.42 
20150624192401 -5.8095303 -0.3172317 -1.1905168 0.064751714 0.119729586 -0.46761733 995.42 
20150624192401 -8.150461 0.5021838 -1.6418238 -0.07971791 0.4447099 -0.4025602 995.42 
20150624192401 -10.262746 0.88405895 -0.21188685 -0.18051068 0.6056729 -0.28496864 995.42 
20150624192401 -11.634025 -0.18614918 0.9091981 -0.29993483 0.59498274 -0.18325958 995.42 
20150624192401 -11.499351 -2.1272483 1.8321629 -0.23915374 0.36682457 -0.1685988 995.42 
20150624192401 -11.543045 -1.1815386 3.2555158 -0.118202426 -0.01863139 -0.14294247 995.42 
20150624192401 -12.708423 0.35254622 3.8684313 -0.12797627 -0.34055737 0.0076358155 995.41 
20150624192401 -13.491925 1.0935516 2.2260091 -0.20616703 -0.42760566 0.013744468 995.41 
20150624192401 -13.03164 -0.8074445 0.89782566 0.015882496 -0.23609942 -0.052839845 995.41 
20150624192401 -12.190677 -2.107496 -0.89184016 0.39003745 0.026572637 -0.2312125 995.41 
20150624192401 -10.784681 0.10235212 -3.2842462 0.6914995 0.04917465 -0.364992 995.41 
20150624192401 -9.233837 2.6701334 -6.145916 0.8063421 -0.060170226 -0.5009095 995.41 
20150624192401 -11.741764 -0.3417723 -8.925584 0.7431176 -0.044898596 -0.71837753 995.41 
20150624192402 -14.984112 -2.6168625 -3.7493198 0.79259765 0.30879238 -0.94989544 995.41 
20150624192402 -11.940482 -0.5470751 1.8950106 0.56046885 0.3680463 -0.7174612 995.41 
20150624192402 -10.022128 0.6254852 -1.3227965 0.11148291 -0.5549711 -0.17806722 995.41 
20150624192402 -10.207081 0.6823475 -1.8435353 0.29840767 -1.0458013 0.35643986 995.41 
20150624192402 -10.175357 0.61411273 -1.6304513 0.27152961 -0.08032878 0.3484986 995.41 
20150624192402 -9.112331 0.31902736 -0.6769605 0.32345316 0.41538838 0.30634892 995.41 
20150624192402 -7.536947 5.985504E-4 0.44532153 0.4034765 0.24465153 0.35918877 995.41 
20150624192402 -5.3983264 0.17417817 0.29269117 0.4361578 -0.14355333 0.4129449 995.41 
20150624192402 -4.035427 0.58777654 -0.15442601 0.43188173 -0.29840767 0.4636467 995.41 
20150624192402 -4.1533413 1.328782 -0.5793968 0.4071417 -0.24495697 0.49571714 995.41 
20150624192402 -5.321113 2.1930888 -0.79966336 0.44104472 -0.11026118 0.42821655 995.41 
20150624192402 -6.68102 1.9255368 -0.8122329 0.36926803 0.09407325 0.25534168 995.41 
20150624192402 -8.750209 1.1941081 0.06284779 0.24831672 0.226631 0.10873401 995.41 
20150624192402 -10.128072 0.40282443 0.74758947 0.1255328 0.15118915 -0.0143553335 995.41 
20150624192402 -10.701483 0.2908955 2.546832 0.06536258 -0.025961773 -0.10629055 995.41 
20150624192402 -11.35091 0.30825347 3.8666358 0.13194689 -0.27947086 -0.12858713 995.41 
20150624192402 -12.908339 1.5442601 3.888782 0.29260445 -0.5381723 -0.09682214 995.41 
20150624192402 -13.327324 3.0591912 2.4498668 0.3726278 -0.52656585 -0.08460484 995.41 
20150624192402 -13.166314 2.2613235 1.8507179 0.2275473 -0.36682457 0.06719518 995.41 
20150624192402 -12.755708 1.3359646 0.19812019 -0.044898596 -0.03634648 0.33475417 995.41 
20150624192402 -11.556811 1.5879543 -3.144784 -0.21563543 0.16187929 0.63407815 995.43 
20150624192402 -11.206061 1.7232267 -6.701969 -0.38973203 0.0571159 0.8894198 995.43 
20150624192402 -11.822568 1.3096284 -7.863157 -0.5653558 0.33383787 0.9309586 995.43 
20150624192402 -12.075156 1.3730747 -2.0775685 -0.3753767 0.7828238 0.6933321 995.43 
20150624192402 -11.129447 0.79487497 0.374094 0.013439035 0.4709771 0.31337386 995.43 
20150624192402 -11.28088 0.50517654 -0.08259996 0.07849618 -0.72082096 0.016493361 995.43 
20150624192402 -10.988788 1.1091139 -1.6956934 0.11178834 -0.8136725 -0.13469578 995.43 
20150624192402 -9.345766 1.3563153 -2.1721394 0.079107046 -0.042760566 -0.23671028 995.43 
20150624192402 -7.2819643 0.7038953 -0.825401 0.0720821 0.32253686 -0.3930918 995.43 
20150624192402 -5.195418 -0.2753332 1.0181342 0.13439035 0.1423316 -0.5540548 995.4 
20150624192402 -3.232771 -1.0283096 2.3187842 0.1563815 -0.38240165 -0.5216789 995.4 
20150624192402 -2.658761 -0.31423897 1.5801731 0.11209377 -0.5714644 -0.47311515 995.4 
20150624192402 -3.9426517 0.533907 0.4938041 0.119729586 -0.37018433 -0.39370266 995.4 
20150624192402 -6.203975 1.3186066 -0.36152446 0.12370021 -0.020158553 -0.29932398 995.4 
20150624192402 -9.048885 1.8489223 -0.6171055 0.015577064 0.3912592 -0.25350907 995.4 
20150624192402 -12.454638 1.620276 -0.050278235 -0.23671028 0.6740898 -0.26908615 995.4 
20150624192402 -14.209587 -0.25617957 0.8439561 -0.4718934 0.7348709 -0.28069258 995.4 
20150624192402 -12.513894 -2.207454 2.585738 -0.5161811 0.5332854 -0.24740042 995.4 
20150624192402 -11.270704 -2.0787656 3.899556 -0.4538729 0.15882497 -0.11148291 995.38 
20150624192402 -10.830172 -1.3383588 3.9354692 -0.33078352 -0.50671273 -0.055283304 995.38 
20150624192402 -11.225813 -1.1378443 2.5151088 -0.14202617 -0.66920286 -0.11789699 995.38 
20150624192402 -10.793061 -1.4532804 0.4309563 0.27672195 -0.48349985 -0.23273966 995.38 
20150624192402 -10.243592 0.931943 -2.179322 0.593761 -0.11759156 -0.43951756 995.38 
20150624192402 -9.997588 4.0019083 -5.1900306 0.79473567 -0.011301007 -0.6423248 995.38 
20150624192402 -14.418481 1.4999673 -11.250953 0.6386596 0.05222898 -0.73456544 995.38 
20150624192402 -16.41405 -2.758719 -6.351817 0.5326745 0.72234815 -0.9954049 995.38 
20150624192402 -13.659519 -2.3989902 2.4648306 0.2828306 1.2012665 -0.86254174 995.38 
20150624192402 -10.375273 -0.439336 0.7032967 -0.10629055 -0.5039638 -0.29626966 995.39 
20150624192402 -9.849147 0.047884032 -1.6747441 0.07513642 -1.3515394 0.23823744 995.39 
20150624192402 -8.971672 0.091578215 -1.2425907 0.21624629 -0.4810564 0.36682457 995.39 
20150624192403 -7.4148426 -0.12928689 -0.62488663 0.22968534 0.34330627 0.42394048 995.39 
20150624192403 -5.197213 -0.044891283 0.6476316 0.3155119 0.25503623 0.51068336 995.39 
20150624192403 -3.0029275 0.07062895 1.673547 0.36560285 -0.0290161 0.5467244 995.39 
20150624192403 -2.6779146 -0.19632454 0.7781156 0.4098906 -0.19486602 0.52412236 995.39 
20150624192403 -4.509479 0.7032967 -0.9463082 0.50701815 -0.11301007 0.44257188 995.39 
20150624192403 -7.7470384 2.429516 -0.40821138 0.5128214 0.22968534 0.38056904 995.39 
20150624192403 -9.834782 2.0081367 0.25198972 0.34605515 0.548557 0.2489276 995.36 
20150624192403 -10.197504 0.97862995 0.6368576 0.3023783 0.5558874 0.08124508 995.36 
20150624192403 -10.28549 1.1905168 2.6210523 0.42852196 0.2938262 -0.0571159 995.36 
20150624192403 -9.924564 1.0474633 4.656722 0.3484986 -0.16187929 -0.06566802 995.36 
20150624192403 -11.265318 -0.47764325 3.0903158 0.36071593 -0.5021312 0.076358154 995.36 
20150624192403 -13.654132 1.6753427 1.2276269 0.73853606 -0.5314528 0.08735373 995.36 
20150624192403 -13.934853 5.5868697 -0.08798691 0.71593404 -0.20097467 0.08307768 995.36 
20150624192403 -12.323555 4.4125137 0.01436521 0.16920967 0.010995574 0.32284227 995.36 
20150624192403 -12.392388 1.7208325 -0.4770447 -0.2648101 0.20799962 0.6423248 995.36 
20150624192403 -10.751163 0.9840169 -4.876989 -0.32253686 0.099265605 0.77213365 995.41 
20150624192403 -10.325593 0.0053869537 -8.635885 -0.57971114 -0.25809056 1.0415252 995.41 
20150624192403 -14.176068 -0.13587095 -5.266645 -0.655153 0.3735441 1.151481 995.41 
20150624192403 -15.05055 0.2657564 -1.5807717 -0.29229903 0.86590147 0.7153232 995.41 
20150624192403 -13.255498 1.2336124 -1.7926586 -0.1740966 0.3707952 0.09987647 995.41 
20150624192403 -11.783662 1.6885108 -1.4041992 -0.046120327 -0.38423425 -0.100792766 995.41 
20150624192403 -9.558251 2.4265234 -1.1994951 -0.032375857 -0.2764165 -0.15699236 995.41 
20150624192403 -6.563704 2.4438813 -0.30885202 -0.096516706 -3.0543262E-4 -0.23273966 995.41 
20150624192403 -4.50888 1.726818 0.8690952 -0.19883664 0.0070249503 -0.4700608 995.41 
20150624192403 -3.6541502 0.41599256 0.92655605 -0.23732115 -0.1881465 -0.6038403 995.38 
20150624192403 -3.1794999 -0.98222125 1.0971429 -0.35216382 -0.28221974 -0.63132924 995.38 
20150624192403 -3.693056 -1.8555063 -0.2873042 -0.33964106 0.015882496 -0.5656612 995.38 
20150624192403 -5.5647235 -0.94451255 -1.6729485 -0.27305678 0.3726278 -0.4437936 995.38 
20150624192403 -7.5351515 0.23642741 -1.3275849 -0.3023783 0.5702427 -0.269697 995.38 
20150624192403 -9.583989 0.11671733 0.41299978 -0.34880406 0.6453791 -0.15057829 995.38 
20150624192403 -10.637438 -0.0664391 1.9482816 -0.28496864 0.4746423 -0.092240654 995.38 
20150624192403 -10.785878 0.20290859 2.695871 -0.20219639 0.21746802 -0.039095376 995.38 
20150624192403 -11.298837 0.52133745 3.1352072 -0.23304509 -0.16065755 -0.007941248 995.38 
20150624192403 -12.695853 0.4770447 2.348712 -0.3481932 -0.36285394 0.044593163 995.37 
20150624192403 -14.448409 -0.7158663 2.1703439 -0.31306845 -0.31490102 0.0125227375 995.37 
20150624192403 -14.307151 -1.9099745 1.2330139 -0.086132 -0.035430185 -0.061086524 995.37 
20150624192403 -12.123639 -1.9674352 0.23343466 0.33567044 -0.044593163 -0.13164146 995.37 
20150624192403 -10.391434 1.4975731 -2.9622262 0.5696318 -0.15302174 -0.258396 995.37 
20150624192403 -8.000225 4.10845 -5.5802855 0.63346726 -0.3378085 -0.36651915 995.37 
20150624192403 -10.407595 2.6539726 -7.277176 0.50671273 -0.364992 -0.57604593 995.37 
20150624192403 -14.877569 -2.5611973 -5.7299232 0.63407815 0.12034045 -0.9761627 995.37 
20150624192403 -14.032416 -2.3463178 0.2789245 0.539394 0.45631635 -0.9621128 995.37 
20150624192403 -11.642405 -0.42197806 -0.9103952 0.076358154 -0.102319926 -0.5757405 995.37 
20150624192403 -10.759542 -0.31902736 -1.9057846 0.013133603 -0.548557 0.06780604 995.37 
20150624192403 -9.659407 -0.38187516 -1.5161282 0.14752395 0.11789699 0.2742785 995.37 
20150624192403 -8.334216 -0.88405895 -0.8230068 0.23365596 0.4428773 0.36774087 995.37 
20150624192403 -6.2985463 -0.9876082 -0.094570965 0.36651915 0.28680122 0.44043383 995.37 
20150624192403 -4.6980224 -0.33638534 0.56203884 0.44043383 -0.0067195175 0.48075095 995.37 
20150624192403 -3.530849 0.7661445 0.51355624 0.47128254 -0.15454891 0.46120325 995.37 
20150624192403 -3.9785647 1.697489 -0.32321724 0.57604593 -0.1966986 0.45937067 995.37 
20150624192404 -6.0088477 2.6809072 -0.41958386 0.68936145 -0.038179077 0.4746423 995.37 
20150624192404 -7.9810715 2.1057005 -0.3752911 0.5684101 0.18875736 0.33017266 995.37 
20150624192404 -10.1460285 1.0205284 -0.011971008 0.49632803 0.3622431 0.14844026 995.37 
20150624192404 -11.057022 0.16699557 0.65301853 0.46517387 0.33444872 -0.025961773 995.37 
20150624192404 -10.080787 0.44891283 2.154183 0.34574974 0.10323623 -0.047647487 995.37 
20150624192404 -9.941324 0.51355624 3.7433343 0.3231477 -0.267559 0.112704635 995.37 
20150624192404 -12.336722 1.3305776 3.9989154 0.4596761 -0.6817256 0.183565 995.37 
20150624192404 -14.087482 3.6272156 1.9351135 0.5687156 -0.6808093 0.17623462 995.37 
20150624192404 -12.649765 3.8480806 0.3585317 0.42241332 -0.41233405 0.27275133 995.37 
20150624192404 -11.3084135 2.3181858 0.14305355 0.13316862 -0.09712757 0.5122105 995.37 
20150624192404 -10.512939 1.1534066 -1.8626889 -0.04153884 0.061086524 0.69974613 995.45 
20150624192404 -10.14543 0.42078096 -5.8903346 -0.12156218 -0.32711834 0.8698721 995.45 
20150624192404 -12.29243 0.61052144 -7.795521 -0.23457226 -0.3118467 0.8933904 995.45 
20150624192404 -15.634736 1.6346412 -3.9360676 -0.15118915 0.2611449 0.7987063 995.45 
20150624192404 -14.003087 1.8124107 -1.9865888 -0.07086037 0.4615087 0.41080686 995.45 
20150624192404 -12.192472 0.7380127 -1.2904748 -0.071776666 -0.010995574 0.10170906 995.45 
20150624192404 -10.974422 0.073023155 -0.5859809 0.0852157 -0.34697145 -0.12675454 995.45 
20150624192404 -8.821436 0.5722142 -0.40043023 0.17898351 -0.31856623 -0.29016098 995.45 
20150624192404 -6.567894 1.2868834 0.07182605 0.22235495 -0.28527406 -0.4822781 995.45 
20150624192404 -4.56694 1.7250223 1.1234791 0.22082779 -0.30024028 -0.6032294 995.38 
20150624192404 -3.1944637 1.0749966 1.4443022 0.11575896 -0.32406402 -0.5891795 995.38 
20150624192404 -2.6360161 -0.10654198 1.0378864 0.03634648 -0.2144137 -0.5687156 995.38 
20150624192404 -3.9223008 -0.80086046 -0.39085343 0.076052725 0.057726767 -0.49418998 995.38 
20150624192404 -5.9465985 -1.0498575 0.51116204 0.14477506 0.33292156 -0.41996986 995.38 
20150624192404 -9.002797 -0.66618663 0.4866215 0.16126843 0.6582073 -0.33261612 995.38 
20150624192404 -11.008539 0.5363012 0.08678981 0.17623462 0.7131852 -0.2284636 995.38 
20150624192404 -11.883021 0.7433996 0.18315643 0.15485434 0.6579019 -0.20861048 995.38 
20150624192404 -13.22138 -0.30286652 1.513734 0.03726278 0.5390886 -0.22418754 995.38 
20150624192404 -13.80377 -0.4758476 2.718616 -0.10934488 0.32498032 -0.12614368 995.43 
20150624192404 -13.245322 -0.46267948 2.3145945 -0.10048734 0.08093964 0.05222898 995.43 
20150624192404 -12.879608 -0.9888053 2.047641 -0.034513887 -0.008246681 0.14263703 995.43 
20150624192404 -12.178705 -0.777517 0.30406362 0.22876903 -0.14569137 -0.06536258 995.43 
20150624192404 -11.3880205 0.61291564 -2.641403 0.49235737 -0.14538592 -0.32589662 995.43 
20150624192404 -9.80665 3.3554738 -3.5954924 0.7067711 -0.15760323 -0.5513059 995.43 
20150624192404 -9.337387 0.18435353 -7.960122 0.63804877 -0.20158553 -0.54611355 995.43 
20150624192404 -12.543222 -3.0370448 -4.644751 0.4166101 -0.20433442 -0.6087272 995.43 
20150624192404 -12.599486 -2.1033063 0.3561375 0.46944994 0.24556783 -0.8219192 995.43 
20150624192404 -11.8094 -1.1611878 -2.5905263 0.13897185 0.27855456 -0.73456544 995.42 
20150624192404 -10.835558 0.5614403 -3.103484 0.4129449 -0.3304781 -0.21288654 995.42 
20150624192404 -9.736021 1.46585 -1.1216835 0.41783184 0.06719518 0.12675454 995.42 
20150624192404 -8.428188 1.2216414 -0.46327803 0.25686884 0.5720753 0.34880406 995.42 
20150624192404 -7.107786 0.2885013 -0.031124622 0.32162055 0.40744713 0.47219884 995.42 
20150624192404 -5.5084596 -0.4914099 -0.08140286 0.42149702 0.105374254 0.46822822 995.42 
20150624192404 -4.559159 -0.66259533 -0.17836803 0.5384777 -0.0711658 0.38912117 995.42 
20150624192404 -4.702811 -0.08319851 -0.4441244 0.659429 -0.19914207 0.3268129 995.42 
20150624192404 -5.483919 1.6825253 -0.0700304 0.6914995 -0.14477506 0.2770274 995.42 
20150624192404 -7.035362 1.8501194 -0.11851298 0.61666846 -0.0030543262 0.31123585 995.4 
20150624192404 -8.647857 1.0767922 -0.10474633 0.50823987 0.110872045 0.25961772 995.4 
20150624192404 -9.247604 0.25977087 -0.06284779 0.5186246 0.1441642 0.0693332 995.4 
20150624192404 -10.313024 0.15322891 1.3982137 0.52626044 0.10323623 -0.054367006 995.4 
20150624192405 -11.653777 1.3569138 3.602675 0.548557 -0.11484267 -0.06352998 995.4 
20150624192405 -13.4661875 2.7431567 3.1190462 0.52106804 -0.28619036 0.026267206 995.4 
20150624192405 -13.2513075 4.324527 1.5113398 0.5158757 -0.42546764 0.1423316 995.4 
20150624192405 -11.77229 4.9877205 1.4784195 0.4905248 -0.41325033 0.2687807 995.4 
20150624192405 -11.859678 2.825158 0.59615624 0.07391469 -0.23854288 0.44959682 995.4 
20150624192405 -12.23437 1.7633295 -3.401562 -0.43799037 -0.14080444 0.5222898 995.4 
20150624192405 -12.510901 1.0115502 -7.5722613 -0.5888741 -0.099265605 0.6591236 995.4 
20150624192405 -14.6998 -0.41000703 -9.61272 -0.7535023 -0.08307768 0.81183994 995.4 
20150624192405 -14.559739 0.110731825 -5.7706246 -0.870483 0.50915617 0.94989544 995.4 
20150624192405 -10.957064 0.48243165 -0.007182605 -0.34788775 1.1218541 0.6560693 995.4 
20150624192405 -10.323798 1.4700398 -0.5734113 -0.106901415 0.09743301 0.14263703 995.4 
20150624192405 -10.693104 2.2619221 -1.2425907 0.052534413 -1.2773192 -0.067500606 995.4 
20150624192405 -9.603143 3.1591492 -3.1358056 0.17623462 -0.7654142 -0.19456059 995.4 
20150624192405 -7.41185 2.7449522 -1.965041 0.06658431 -0.048258353 -0.3210097 995.4 
20150624192405 -5.158906 1.0767922 0.11731588 -0.12583824 0.44043383 -0.50885075 995.43 
20150624192405 -3.5458126 -0.7799112 1.2791022 -0.15210545 0.26145032 -0.65209866 995.43 
20150624192405 -2.315193 -2.1517887 1.2300211 -0.10293079 -0.16798794 -0.68233645 995.43 
20150624192405 -2.9592333 -1.1270704 0.31124622 0.011301007 -0.24007004 -0.6750061 995.43 
20150624192405 -5.6778493 0.20171149 -0.5374983 0.08002335 -0.118202426 -0.47983465 995.43 
20150624192405 -8.376713 1.0193313 -0.44532153 -0.04734206 0.18295415 -0.28955013 995.43 
20150624192405 -10.110115 0.99898064 0.676362 -0.12308934 0.41813725 -0.18845193 995.43 
20150624192405 -11.000758 1.2072762 1.5514427 -0.1881465 0.4914411 -0.17379116 995.43 
20150624192405 -11.927913 0.53570265 2.2732944 -0.30268374 0.3481932 -0.16249016 995.43 
20150624192405 -12.707226 -1.3341689 2.0979192 -0.4184427 0.056505036 -0.09590584 995.38 
20150624192405 -13.405135 -1.2964603 1.6077064 -0.38789943 0.0070249503 -0.032986723 995.38 
20150624192405 -13.848661 -0.15622166 2.0488381 -0.20708331 0.087659165 -0.061086524 995.38 
20150624192405 -12.814366 -1.7525556 2.873042 -0.16829337 0.003970624 -0.0870483 995.38 
20150624192405 -10.510546 -2.1140802 0.5057751 -0.024129177 -0.105374254 -0.113926366 995.38 
20150624192405 -9.809643 0.39863458 -2.734777 0.41508293 -0.23304509 -0.28252518 995.38 
20150624192405 -8.409035 2.6731262 -6.289568 0.78038037 -0.3277292 -0.40500367 995.38 
20150624192405 -11.642405 1.5275006 -9.833585 0.81306165 -0.24984388 -0.6020077 995.38 
20150624192405 -16.976686 -1.7304093 -5.0996494 0.90316427 0.1441642 -0.77274454 995.38 
20150624192405 -14.007875 0.25019407 -1.1073183 0.80848014 0.58246 -1.1181889 995.35 
20150624192405 -11.088146 0.34237084 -2.3397336 0.110872045 0.27000242 -0.68325275 995.35 
20150624192405 -10.163386 0.095768064 -1.6334441 0.1441642 -0.69913524 -0.025961773 995.35 
20150624192405 -9.154829 0.2885013 -1.2641385 0.14630222 -0.24190263 0.22296582 995.35 
20150624192405 -7.8835077 -0.33159694 -0.45070848 0.061391957 0.12308934 0.30115658 995.35 
20150624192405 -6.3368535 -0.8379706 0.46746787 0.13469578 0.2144137 0.38820487 995.35 
20150624192405 -4.644751 -0.5105635 0.78170687 0.24770586 0.13805555 0.3924809 995.35 
20150624192405 -3.833117 -0.0724246 0.41838676 0.3594942 -0.057421334 0.39003745 995.35 
20150624192405 -4.4957123 0.8182184 -0.3609259 0.46486846 -0.12461651 0.42058071 995.35 
20150624192405 -6.451775 2.1757307 -0.7194576 0.5213735 -0.040927973 0.4456262 995.37 
20150624192405 -8.319252 1.7010803 -0.931943 0.48899764 0.07422013 0.43585235 995.37 
20150624192405 -9.7863 0.0077811554 -0.7212533 0.3933972 0.26175576 0.2950479 995.37 
20150624192405 -10.554239 -0.61770403 0.4189853 0.45020768 0.20250183 0.15393804 995.37 
20150624192405 -10.524911 0.3333926 3.2477345 0.48197266 -0.19394971 0.13439035 995.37 
20150624192405 -11.909956 1.9321208 5.412093 0.46792278 -0.6600399 0.17501289 995.37 
20150624192405 -13.755287 3.3740287 2.1841104 0.5308419 -0.90377516 0.23243423 995.37 
20150624192405 -12.962807 5.324106 0.1340753 0.74372846 -1.0494665 0.1872302 995.37 
20150624192405 -12.621035 2.7551277 2.3247697 0.6469063 -0.81214535 0.1777618 995.37 
20150624192406 -12.8532715 0.35434186 0.48362875 0.014966198 -0.42363504 0.41630468 995.39 
20150624192406 -10.594941 1.6783354 -4.0773253 -0.17959438 -0.21074851 0.6750061 995.39 
20150624192406 -9.55047 2.224812 -6.891111 -0.3472769 -0.28680122 0.9456194 995.39 
20150624192406 -11.801021 2.9801826 -5.9148755 -0.7993172 0.014660766 1.0317514 995.39 
20150624192406 -12.042834 1.002572 -0.7272388 -0.5140431 0.8949176 0.77457714 995.39 
20150624192406 -10.780492 -0.20231004 -0.09756372 0.013744468 0.61086524 0.2134974 995.39 
20150624192406 -10.434529 0.75836337 -0.12629414 0.269697 -0.7556403 -0.102319926 995.39 
20150624192406 -9.313444 2.5187001 -1.1899183 0.052534413 -1.0922271 -0.22907446 995.39 
20150624192406 -7.789535 3.6367924 -1.5526398 -0.23426682 -0.24465153 -0.3323107 995.39 
20150624192406 -6.4164605 2.9789855 -0.47285482 -0.25534168 0.45448375 -0.45234573 995.42 
20150624192406 -4.6513352 0.83976626 1.009156 -0.25595254 0.4700608 -0.61483586 995.42 
20150624192406 -3.763685 -1.751957 2.2900538 -0.21135938 0.12492194 -0.7828238 995.42 
20150624192406 -4.931457 -2.3439236 0.9103952 -0.12186762 -0.11453723 -0.83108217 995.42 
20150624192406 -6.987478 -2.005144 -0.22505496 -0.15118915 -0.20586158 -0.6930266 995.42 
20150624192406 -8.572439 -1.4796166 0.5422867 -0.14660765 0.1881465 -0.4654793 995.42 
20150624192406 -10.264542 0.088585466 1.8315643 -0.09315695 0.56596667 -0.24465153 995.42 
20150624192406 -12.348095 0.25677812 2.9334955 -0.08674286 0.4569272 -0.12980886 995.42 
20150624192406 -12.907142 0.41838676 2.867655 -0.101098195 0.2828306 -0.09865474 995.42 
20150624192406 -12.480375 0.74878657 2.6737247 -0.07147124 0.06352998 -0.08399397 995.33 
20150624192406 -12.718598 0.7625532 3.1483753 -0.1282817 -0.18295415 -0.030543262 995.33 
20150624192406 -11.802815 -0.02873042 3.4662056 -0.15332718 -0.33200526 -0.070554934 995.33 
20150624192406 -9.393052 -2.1984756 0.5434838 -0.13164146 -0.3155119 -0.077579886 995.33 
20150624192406 -7.4226236 -2.4432828 -1.1414356 0.121256754 -0.28252518 -0.07574729 995.33 
20150624192406 -7.9475527 1.3383588 -2.0087352 0.6536258 -0.22571471 -0.38515055 995.33 
20150624192406 -9.428367 3.803788 -4.699818 0.58032197 -0.09193522 -0.71929383 995.33 
20150624192406 -16.42602 1.0761937 -10.295666 0.18570304 -0.14355333 -0.75411314 995.33 
20150624192406 -18.769943 -3.1250317 -2.5617957 0.25320363 0.4071417 -0.7171558 995.33 
20150624192406 -14.985309 -2.6449943 1.0749966 0.30726522 1.1023064 -0.9398162 995.33 
20150624192406 -9.729437 0.48961425 -0.6835446 0.29229903 0.10323623 -0.4098906 995.33 
20150624192406 -7.864354 1.6705543 0.97503865 0.36651915 -1.3518448 0.20677789 995.33 
20150624192406 -6.4128695 1.5334862 1.283292 0.20250183 -0.6197228 0.4266894 995.33 
20150624192406 -4.6603136 -0.08020575 1.1426327 0.2434298 -0.24373524 0.4025602 995.33 
20150624192406 -3.8361096 -1.54845 0.25677812 0.37751472 -0.055588737 0.36896262 995.33 
20150624192406 -3.8869865 -1.9740193 0.19871874 0.54305923 0.11484267 0.37690386 995.33 
20150624192406 -5.033809 -0.86370826 -0.14185645 0.6270532 0.258396 0.33567044 995.33 
20150624192406 -7.032369 1.6454151 -0.76195467 0.68661255 0.50732356 0.39706242 995.33 
20150624192406 -9.101558 3.1292217 -0.7266402 0.70707655 0.6603453 0.42149702 995.37 
20150624192406 -10.280104 2.9538465 -0.31244332 0.7275405 0.7339546 0.31856623 995.37 
20150624192406 -10.484808 1.7980455 0.6536171 0.75808376 0.6206391 0.08307768 995.37 
20150624192406 -10.350733 0.9911995 2.9137435 0.6948592 0.21074851 -0.042760566 995.37 
20150624192406 -10.313024 0.1388637 4.4113164 0.50488013 -0.20097467 0.008857546 995.37 
20150624192406 -12.182896 -0.14425065 2.4678235 0.4633413 -0.44226643 0.09896017 995.37 
20150624192406 -14.041993 2.8353333 1.4065934 0.6899723 -0.5155703 0.09896017 995.37 
20150624192406 -13.0280485 5.1864395 1.3227965 0.593761 -0.27366763 0.09987647 995.37 
20150624192406 -11.306019 4.1706996 -0.2801216 -0.027488936 0.01740966 0.35277468 995.37 
20150624192406 -11.604695 2.207454 -3.8163576 -0.36651915 0.04337143 0.75777835 995.39 
20150624192406 -11.876437 1.0570401 -7.714118 -0.39400807 -0.05589417 0.9477574 995.39 
20150624192406 -14.183849 0.23882163 -7.9756846 -0.7284568 0.03145956 1.0445796 995.39 
20150624192406 -14.577097 -0.20231004 -1.8525136 -0.7519751 0.79290307 0.9245446 995.39 
20150624192406 -11.145009 1.0055647 -0.83258367 -0.33505958 0.9486737 0.28252518 995.39 
20150624192407 -10.614095 2.2092497 -0.9995792 -0.26419923 -0.13164146 -0.26267207 995.39 
20150624192407 -8.728661 2.5192988 -1.4137762 -0.3100141 -0.98746365 -0.36071593 995.39 
20150624192407 -6.8893156 1.6358383 -0.8170213 -0.45998153 -0.7696902 -0.27763826 995.39 
20150624192407 -5.813122 -0.12090719 0.4165911 -0.46486846 -0.44226643 -0.25900686 995.39 
20150624192407 -5.273229 -1.2898762 0.74399817 -0.3268129 -0.15790866 -0.37598756 995.42 
20150624192407 -4.647744 -1.7142484 1.2360066 -0.2501493 -0.19028452 -0.3866777 995.42 
20150624192407 -4.8524485 -0.6548142 1.2862848 -0.25228736 -0.035430185 -0.41447207 995.42 
20150624192407 -5.905897 0.48123455 0.6925228 -0.14294247 0.12095132 -0.2846632 995.42 
20150624192407 -7.167641 1.2755109 -0.005985504 -0.06872234 0.28344148 -0.17654006 995.42 
20150624192407 -8.768764 1.3221979 0.05566519 -0.12003502 0.44929138 -0.12522738 995.42 
20150624192407 -10.199299 1.1031284 0.5781997 -0.24862215 0.5684101 -0.14630222 995.42 
20150624192407 -11.401787 0.29269117 1.2797008 -0.34483343 0.54153204 -0.14874569 995.42 
20150624192407 -12.127829 -0.98222125 1.1109096 -0.45875978 0.5332854 -0.1469131 995.42 
20150624192407 -12.628217 -0.97743285 1.0181342 -0.40530908 0.4801401 -0.16126843 995.37 
20150624192407 -11.089942 0.5093664 2.184709 -0.22602014 0.19364429 -0.21899518 995.37 
20150624192407 -9.521142 -1.7782934 2.9364884 -0.2742785 -0.25228736 -0.17104226 995.37 
20150624192407 -9.739613 -3.5972881 1.5693992 -0.28527406 -0.51343226 -0.02443461 995.37 
20150624192407 -9.988011 -1.690905 -1.4796166 0.35521814 -0.46120325 -0.13591751 995.37 
20150624192407 -9.138069 2.3959973 -3.4051533 0.7498371 -0.1255328 -0.5164866 995.37 
20150624192407 -11.335946 5.2810106 -6.962937 0.82650065 -0.047036625 -0.68203104 995.37 
20150624192407 -18.356943 0.20949265 -7.49445 0.698219 -0.13469578 -0.74281216 995.37 
20150624192407 -16.524181 -2.4995465 -0.79846627 0.5720753 0.2742785 -1.0403035 995.37 
20150624192407 -12.719196 -2.7431567 -1.5526398 0.45020768 0.36377025 -0.8567385 995.36 
20150624192407 -10.792462 -0.8062474 -0.92535895 0.32498032 -0.59650993 -0.17562376 995.36 
20150624192407 -9.599552 1.2234371 -0.41838676 0.33536503 -0.51007247 0.2669481 995.36 
20150624192407 -8.497621 1.6256629 0.06404489 0.22968534 -0.13713925 0.41691554 995.36 
20150624192407 -7.0820484 0.9768343 0.96067345 0.27550024 -0.106901415 0.44929138 995.36 
20150624192407 -5.807136 0.1376666 0.78290397 0.31673363 -0.08582657 0.41080686 995.36 
20150624192407 -4.7548847 -0.52971715 0.1352724 0.33658674 -0.1469131 0.33964106 995.36 
20150624192407 -4.8123455 -0.47465047 -0.095169514 0.3643811 -0.049785517 0.29229903 995.36 
20150624192407 -5.774216 0.97503865 -0.29987377 0.35643986 0.09468412 0.30115658 995.36 
20150624192407 -6.5499372 1.3030443 0.16280572 0.40866885 0.23487769 0.39095375 995.37 
20150624192407 -6.952163 0.7134721 -0.15682021 0.464563 0.3304781 0.39614612 995.37 
20150624192407 -8.116942 -0.11731588 -0.05267244 0.6429357 0.31031954 0.29810223 995.37 
20150624192407 -9.710882 0.7326257 0.58538234 0.86376345 0.17592919 0.093462385 995.37 
20150624192407 -12.0889225 2.3235726 1.8848352 0.8717047 0.14172074 -0.058948494 995.37 
20150624192407 -13.299191 2.866458 2.0123265 0.75900006 0.07391469 -0.082161374 995.37 
20150624192407 -13.147161 4.0719385 2.4277205 0.72356987 -0.11484267 -0.015271631 995.37 
20150624192407 -10.291476 5.0571527 2.903568 0.7125743 -0.4156938 0.10262536 995.37 
20150624192407 -9.924564 2.3882163 2.396596 0.25534168 -0.58551437 0.34972036 995.37 
20150624192407 -11.783662 0.7254431 0.5327099 -0.20922135 -0.44348818 0.48166725 995.32 
20150624192407 -12.731168 0.0011971008 -3.7074213 -0.37048978 0.018325957 0.5140431 995.32 
20150624192407 -12.412739 -0.28311434 -7.331644 -0.44929138 0.18997909 0.68233645 995.32 
20150624192407 -13.157934 0.40342298 -7.912238 -0.35277468 0.49663344 0.8912524 995.32 
20150624192407 -12.346898 2.349909 -3.371036 -0.14385876 0.8228355 0.7626653 995.32 
20150624192407 -10.881048 2.9257145 -0.46208093 -0.0076358155 0.45814893 0.5131268 995.32 
20150624192407 -11.4359045 2.4301147 -1.4987702 0.028099801 -0.64873886 0.25961772 995.32 
20150624192407 -11.976396 1.8136078 -1.174356 0.0729984 -1.0732902 0.04428773 995.32 
20150624192407 -9.966463 2.030283 -1.0013748 -0.052534413 -0.32498032 -0.20922135 995.32 
20150624192407 -7.7183075 1.584363 -0.2753332 -0.19364429 0.26328292 -0.47647488 995.34 
20150624192408 -5.846042 0.95827925 0.7098808 -0.20586158 0.12308934 -0.74006325 995.34 
20150624192408 -4.347272 -0.14544775 1.5304934 -0.17623462 -0.17623462 -0.7831292 995.34 
20150624192408 -3.0998926 -0.88645315 1.661576 -0.2669481 -0.26908615 -0.70738196 995.34 
20150624192408 -3.2357635 -1.2473791 0.8726865 -0.30573806 -0.12797627 -0.58246 995.34 
20150624192408 -5.117606 -1.2360066 0.12868834 -0.24251351 0.06414085 -0.46089783 995.34 
20150624192408 -7.8027034 -0.90021986 -0.13587095 -0.23151793 0.32162055 -0.3631594 995.34 
20150624192408 -9.660006 -0.017956512 0.17238252 -0.21899518 0.54183745 -0.27763826 995.34 
20150624192408 -10.2495775 1.2521675 0.65182143 -0.22052236 0.6239988 -0.16432275 995.34 
20150624192408 -10.7912655 1.4311341 1.4814123 -0.30482176 0.5235115 -0.06688975 995.34 
20150624192408 -12.250531 -0.10414778 2.8341362 -0.36957347 0.1518 0.015577064 995.34 
20150624192408 -13.60565 -0.7308301 3.4925418 -0.3323107 -0.10445796 0.004886922 995.34 
20150624192408 -13.933057 -0.83497787 3.6709096 -0.24495697 -0.2510656 -0.07574729 995.34 
20150624192408 -12.929288 -1.6304513 3.3117795 -0.2125811 -0.31490102 -0.16829337 995.34 
20150624192408 -11.321581 -1.3581109 2.0925324 -0.0290161 -0.36285394 -0.1459968 995.34 
20150624192408 -10.798449 0.83497787 -2.0362685 0.3744604 -0.20341812 -0.23640485 995.34 
20150624192408 -10.216059 2.2744915 -5.5018754 0.535118 -0.09682214 -0.44104472 995.34 
20150624192408 -11.599907 2.4714148 -9.03452 0.5833763 0.032986723 -0.6597345 995.34 
20150624192408 -13.624804 -1.9351135 -8.033744 0.58123827 0.31642818 -0.8414669 995.39 
20150624192408 -12.647969 -1.9536686 -0.38726214 0.23793201 0.7348709 -0.9755518 995.39 
20150624192408 -10.912771 -1.2509704 1.3012487 -0.22204952 0.10567969 -0.410196 995.39 
20150624192408 -10.617686 -1.1378443 -1.0618285 -0.23671028 -0.9083566 0.07391469 995.39 
20150624192408 -10.301053 -0.8912416 -0.86251116 0.064446285 -0.6908886 0.23273966 995.39 
20150624192408 -9.374496 -0.44771573 -0.20350714 0.2611449 -0.013744468 0.3210097 995.39 
20150624192408 -7.623737 0.25677812 0.16220717 0.34330627 0.25870144 0.41874814 995.39 
20150624192408 -5.680842 0.8714894 0.6398504 0.4529566 0.06719518 0.5369505 995.39 
20150624192408 -4.1533413 1.2575544 1.0301052 0.5021312 -0.15149458 0.57726765 995.39 
20150624192408 -4.023456 0.98461545 0.97025025 0.5311473 -0.1957823 0.52015173 995.37 
20150624192408 -5.183447 1.1330559 0.23523031 0.54458636 -0.093767814 0.47678033 995.37 
20150624192408 -6.7887588 2.3253684 -0.17657238 0.5122105 0.0842994 0.43066 995.37 
20150624192408 -8.456919 2.3702598 -0.55126494 0.4343252 0.3491095 0.32436943 995.37 
20150624192408 -10.061034 1.4640543 -0.17717093 0.3387248 0.47678033 0.11911872 995.37 
20150624192408 -10.125677 0.1921347 1.7860745 0.33628133 0.31948254 0.025961773 995.37 
20150624192408 -9.2865095 -0.3196259 3.8965633 0.2751948 0.13775012 0.026572637 995.37 
20150624192408 -10.169372 -0.08439561 4.631583 0.33108896 -0.16768251 0.08552113 995.37 
20150624192408 -12.261306 2.1547816 1.9698294 0.5479461 -0.4633413 0.08979719 995.37 
20150624192408 -13.012486 5.003283 0.130484 0.69058317 -0.35277468 0.105374254 995.36 
20150624192408 -12.424709 4.6561236 -0.0023942017 0.48472157 -0.008246681 0.20647246 995.36 
20150624192408 -13.035232 3.063381 -0.03232172 0.10720685 0.12339478 0.42088616 995.36 
20150624192408 -13.400946 1.3497312 -3.976769 -0.17592919 0.17073683 0.602924 995.36 
20150624192408 -11.867459 0.46627077 -6.925827 -0.4025602 -0.043982297 0.9111055 995.36 
20150624192408 -11.749545 0.09995792 -5.4845176 -0.6053675 0.058948494 1.1725558 995.36 
20150624192408 -12.731766 0.98581254 -0.92057055 -0.58123827 0.4538729 1.0241156 995.36 
20150624192408 -12.489353 1.423353 -1.5107412 -0.13164146 0.2770274 0.45540005 995.36 
20150624192408 -11.903971 1.7926586 -2.0805612 0.2611449 -0.29016098 -0.061391957 995.36 
20150624192408 -10.948685 2.995745 -2.1015105 0.19822577 -0.39950588 -0.13591751 995.4 
20150624192408 -9.008782 3.0142999 -2.2212207 -0.05681047 0.004886922 -0.16554448 995.4 
20150624192408 -7.2831616 1.2378023 -1.7124528 -0.15668693 0.22693644 -0.28496864 995.4 
20150624192408 -6.3368535 0.8631097 -0.52133745 -0.22174409 0.098043874 -0.5888741 995.4 
20150624192408 -6.0645127 -0.7469909 0.37229836 -0.29535335 -0.065973446 -0.70616025 995.4 
20150624192409 -4.7441106 -2.1996727 0.18555063 -0.22174409 -0.06078109 -0.7049385 995.4 
20150624192409 -4.8919525 -1.6777369 -0.12270284 -0.05222898 0.0018325958 -0.52320606 995.4 
20150624192409 -6.2883706 0.02813187 -0.49200845 -0.18875736 -0.023823744 -0.419359 995.4 
20150624192409 -7.3466077 1.0061632 -0.760159 -0.2929099 0.009468411 -0.25045475 995.4 
20150624192409 -8.655638 0.53570265 0.25977087 -0.24923302 0.08124508 -0.09101892 995.41 
20150624192409 -9.5385 0.17058687 1.4161704 -0.2666427 0.13041973 -0.077579886 995.41 
20150624192409 -9.412804 0.11731588 2.1158757 -0.1966986 0.07391469 -0.067500606 995.41 
20150624192409 -9.662399 -0.51595044 2.7132292 -0.2012801 -0.1386664 -0.044593163 995.41 
20150624192409 -10.870275 -0.28550854 3.1202433 -0.21960606 -0.29046643 0.052534413 995.41 
20150624192409 -11.853693 0.93613285 3.0591912 -0.14966199 -0.35094208 0.07422013 995.41 
20150624192409 -12.338518 -1.8848352 1.6077064 -0.23243423 -0.35643986 0.04062254 995.41 
20150624192409 -11.115082 -1.4640543 1.8136078 -0.13439035 -0.29077184 -0.12950343 995.41 
20150624192409 -12.7257805 0.79367787 -0.52732295 0.183565 -0.02107485 -0.14172074 995.41 
20150624192409 -11.976994 4.204817 -3.5098996 0.3735441 -0.014966198 -0.3662137 995.41 
20150624192409 -10.969035 2.8455088 -5.5246205 0.45723262 -0.12034045 -0.7189884 995.41 
20150624192409 -11.16117 -0.7194576 -4.5992613 0.6218608 -0.22815818 -1.1181889 995.41 
20150624192409 -12.570756 -0.9247604 -1.846528 0.5305365 -0.13164146 -1.0262536 995.41 
20150624192409 -13.1238165 0.30166942 -0.84814596 -0.08093964 -0.22632557 -0.5656612 995.41 
20150624192409 -11.820772 -0.23882163 -0.7308301 -0.7519751 -0.049480084 0.049785517 995.41 
