20150624191007 -1.1761516 -6.803124 4.501099 -1.0106765 0.7510588 0.24373524 995.23 
20150624191007 -0.90261406 -10.868479 7.7320743 -1.2730432 0.573297 0.65270954 995.23 
20150624191007 -3.0609868 -17.073051 12.590508 -1.1847731 0.03145956 0.82772243 995.23 
20150624191007 -3.8851907 -12.682685 11.704654 -0.73364913 -0.84879726 0.76144356 995.23 
20150624191007 -0.26276365 -10.2896805 7.3687544 -0.0711658 -0.58001655 0.37232238 995.23 
20150624191007 0.52852005 -8.839393 3.3512838 0.5366451 1.047023 0.21319197 995.23 
20150624191007 -1.6747441 -7.9834657 2.1930888 0.48930305 2.0925188 0.0842994 995.23 
20150624191007 -2.7539306 -10.69011 -3.6020765 -0.009162978 1.3460416 0.13591751 995.23 
20150624191007 -1.7932571 -12.927492 -3.9713821 -0.7312057 -0.18417588 0.47311515 995.23 
20150624191007 -1.7669208 -14.283209 -0.81522566 -1.5464053 -2.0076087 0.91813046 995.23 
20150624191007 0.21068975 -9.185953 -0.130484 -1.7238617 -4.3576074 0.74128497 995.23 
20150624191007 0.0724246 -5.9322333 -6.4457893 -1.4883732 -4.633413 0.23487769 995.23 
20150624191007 -2.0691888 -6.4008985 -6.35062 -1.2241739 -2.7840183 0.11056661 995.23 
20150624191007 -2.8221653 -7.5094137 -3.1028855 -1.9709567 -1.2883148 0.64996064 995.23 
20150624191007 -2.6623523 -11.462839 -1.377863 -2.40742 -2.1105394 1.2305881 995.23 
20150624191007 0.5674258 -13.888764 1.2910733 -2.1664336 -2.9263499 1.6945401 995.23 
20150624191007 5.4061074 -10.569802 5.2720323 -1.1731668 -3.2085698 1.5870279 995.23 
20150624191007 7.463325 -10.281899 0.44532153 -0.17012598 -2.4911084 0.42271876 995.23 
20150624191007 1.2826935 -10.127473 -2.3259668 -0.5122105 0.017104227 -0.3481932 995.11 
20150624191007 -1.845331 -9.2787285 -1.9596541 -0.8604037 1.3796391 -0.6563747 995.11 
20150624191007 -3.1986535 -8.839393 -0.008379706 -0.9801333 -0.49602258 -0.6059783 995.11 
20150624191008 -3.6529531 -8.958505 2.9700072 -0.829555 -1.2403619 -0.37293324 995.11 
20150624191008 -2.5797524 -9.153033 0.8810662 -0.40530908 -1.2495248 -0.016493361 995.11 
20150624191008 -1.0726024 -8.199542 -2.7742813 -0.312763 -0.6575964 0.17745635 995.11 
20150624191008 -0.3238158 -7.674015 -5.0002904 -0.30115658 1.0268645 0.40317106 995.11 
20150624191008 -0.8984242 -8.697536 -0.85652566 -0.6951646 1.1707232 0.35705075 995.11 
20150624191008 -1.7890673 -9.865907 0.80684596 -1.3206906 0.3005457 0.14935656 995.11 
20150624191008 -1.6460136 -10.641628 1.4065934 -1.2779301 -0.8524625 0.27763826 995.19 
20150624191008 -1.2473791 -11.740566 1.827973 -1.0836749 -0.7507534 0.48349985 995.19 
20150624191008 -0.09876082 -12.066178 1.905186 -1.0021244 -0.09560041 0.54275376 995.19 
20150624191008 1.3922282 -12.720393 1.3431472 -0.74372846 0.42058071 0.5540548 995.19 
20150624191008 3.7086184 -13.082517 0.9187749 -0.047647487 0.28313604 0.42485678 995.19 
20150624191008 4.6046486 -12.692861 1.0426749 0.258396 -0.5497787 0.2519819 995.19 
20150624191008 2.3026235 -12.330737 3.208829 0.17501289 -0.72082096 -0.06383542 995.19 
20150624191008 -0.2621651 -11.458051 4.035427 0.11148291 0.05222898 -0.36865717 995.19 
20150624191008 -0.57879823 -8.918402 3.311181 0.7593055 0.6936375 -0.5946773 995.19 
20150624191008 -4.6902413 -10.810419 4.9895163 1.5848899 0.6957755 -0.66645396 995.15 
20150624191008 -3.8307228 -13.354857 -0.29209262 2.7635543 0.9682214 -0.6432411 995.15 
20150624191008 1.5119383 -14.377181 -6.439804 3.9886446 1.4428637 -0.1572978 995.15 
20150624191008 -0.338181 -17.125725 -6.0860605 3.5366044 1.462106 -0.29810223 995.15 
20150624191008 -1.3706805 -15.203779 -5.7670336 2.078469 1.5506815 -1.0906999 995.15 
20150624191008 0.83617496 -12.454039 -4.88896 2.277611 2.000889 -0.5030475 995.15 
20150624191008 -0.34596214 -13.757083 5.957971 2.509129 -0.16218472 -0.2669481 995.15 
20150624191008 -2.4259248 -12.400767 6.9461775 2.2977695 -2.9043589 -0.9761627 995.15 
20150624191008 -0.37588966 -8.872911 -2.1811178 3.1612277 -3.0790663 -1.5149459 995.15 
20150624191008 1.5699978 -6.9288197 -4.0019083 3.5161405 1.1282681 -0.9932669 995.12 
20150624191008 -0.014963761 -8.756793 -1.347337 2.4831672 4.4785585 -0.98440933 995.12 
20150624191008 -1.2964603 -8.403049 -3.1381998 1.9269744 3.5332446 -1.4309518 995.12 
20150624191008 -2.4366987 -5.4551888 -4.040814 1.8661933 2.7953193 -1.5076154 995.12 
20150624191008 -4.6202106 -2.4893713 -2.3373394 1.6643023 2.9290988 -1.1936307 995.12 
20150624191008 -4.7937903 -0.5201403 -1.0079589 1.2479976 2.4086416 -0.91751957 995.12 
20150624191008 -3.821146 -0.027533319 -0.46567222 0.5183192 2.0372355 -0.4813618 995.12 
20150624191008 -3.256713 -2.235586 0.7858967 -0.2996294 1.7168368 -0.15363261 995.12 
20150624191008 -1.8261774 -6.5337763 4.3754034 -1.3787229 1.0778717 0.13622294 995.12 
20150624191008 2.6210523 -16.08305 11.493365 -2.132225 0.23976462 0.2883284 995.28 
20150624191008 -0.031124622 -19.608511 15.588049 -2.1429152 -0.15882497 0.59803706 995.28 
20150624191008 -2.7162218 -15.490485 12.597691 -1.1533136 -0.6291912 0.8741482 995.28 
20150624191008 -4.8057613 -8.01459 5.031415 -0.2507602 -0.82558435 1.0329732 995.28 
20150624191008 -6.801927 -9.662399 1.3628993 0.6795876 0.40683624 -0.004276057 995.28 
20150624191008 -5.035605 -11.902175 -3.8301241 0.40194935 1.7223345 -0.29229903 995.28 
20150624191008 -2.2110453 -10.231023 -6.75524 -0.25320363 0.42943826 0.20433442 995.28 
20150624191008 -2.1086931 -6.931214 -7.4591355 -0.70921457 -1.559539 0.38973203 995.28 
20150624191008 -0.6536171 -7.863157 -3.6206315 -0.52839845 -2.948952 0.4184427 995.28 
20150624191008 1.0163386 -13.496714 0.1436521 -0.91721416 -3.9110646 0.49846604 995.15 
20150624191008 0.8702923 -9.030929 -6.9605427 -1.4022411 -2.4379632 0.57543504 995.15 
20150624191008 -2.4756045 -9.962872 -4.220978 -1.4379768 -1.785559 1.071763 995.15 
20150624191008 -3.442862 -19.54746 1.0402806 -2.4569001 -2.9883528 1.6465873 995.15 
20150624191008 7.0395517 -10.569203 5.0038815 -2.5900686 -4.566523 2.9202414 995.15 
20150624191008 5.4593782 -7.301717 -0.39803603 -1.5787812 -4.0787473 2.4446826 995.15 
20150624191008 1.2844892 -6.030994 -0.93972415 -1.815186 -2.0760255 -0.3417791 995.15 
20150624191008 -0.19871874 -4.8985367 -1.4748282 -2.2479842 2.4196372 -0.516792 995.15 
20150624191009 -2.5983074 -6.7253127 3.180697 -1.3768903 1.8619173 -0.051618114 995.15 
20150624191009 -2.1763294 -8.094796 1.7447745 -1.6319265 -1.9172006 -0.37659842 995.25 
20150624191009 0.04369418 -8.821436 -1.1821371 -1.5488489 -2.8087585 -0.05375614 995.25 
20150624191009 0.7140707 -10.1544075 1.9608512 -1.1246029 -1.8817704 0.40317106 995.25 
20150624191009 0.031124622 -10.405201 1.8255788 -1.1200215 -1.4810427 0.4783075 995.25 
20150624191009 0.17776948 -11.325771 0.86729956 -1.1991285 -1.1844677 0.62949663 995.25 
20150624191009 0.38486794 -12.522872 2.2996306 -0.84513205 -0.18875736 0.6542367 995.25 
20150624191009 0.47465047 -12.726977 1.7280151 -0.9502009 0.083383106 0.5992588 995.25 
20150624191009 0.47524905 -14.402919 1.9165585 -1.0140363 0.26297748 0.61208695 995.25 
20150624191009 2.0404584 -14.098855 3.3997664 -0.42332962 -0.0571159 0.54153204 995.25 
20150624191009 6.5098343 -10.662578 1.5855601 -0.29138273 -0.6640105 0.29901853 995.21 
20150624191009 7.875128 -7.9170265 0.22804771 0.32834008 -0.48258355 0.09132435 995.21 
20150624191009 1.9620483 -8.000824 3.2052376 0.6881397 0.2171626 -0.2144137 995.21 
20150624191009 -8.067263 -12.9723835 7.9990277 1.1911873 0.8219192 -0.66553766 995.21 
20150624191009 -6.7606273 -12.708423 0.95947635 2.511267 1.135904 -0.82772243 995.21 
20150624191009 -0.18495208 -13.496714 -5.0266266 3.6349537 0.9080512 -0.2510656 995.21 
20150624191009 3.1800983 -16.053122 -6.180033 3.0818152 0.54244834 -0.33292156 995.21 
20150624191009 0.89184016 -17.811066 -3.6703112 1.9572122 1.1609493 -1.2070698 995.21 
20150624191009 -1.1504139 -17.815254 -5.28939 2.649017 2.0732768 -1.5656476 995.21 
20150624191009 1.3958195 -15.094245 -2.9735985 3.3044755 0.5543602 -1.2855659 995.03 
20150624191009 2.4277205 -14.550162 9.456498 3.1465669 -1.1386528 -0.7244862 995.03 
20150624191009 -0.3812766 -14.004883 2.915539 1.4428637 -3.5760052 -1.6163495 995.03 
20150624191009 -0.9516952 -9.189545 -4.5920787 1.1093313 -1.509448 -2.5396724 995.03 
20150624191009 -0.8619126 -5.075109 -6.6002154 1.6523905 2.567161 -2.1566598 995.03 
20150624191009 -1.7699136 -1.5819688 -5.080496 2.0182989 5.6025505 -1.4422529 995.03 
20150624191009 -2.6437972 -0.89902276 -3.3494883 2.228742 5.6511145 -1.2974777 995.03 
20150624191009 -3.3159695 -2.6258407 -1.2360066 1.8942931 4.2082505 -1.321607 995.03 
20150624191009 -3.7714663 -0.4866215 -0.8331822 0.8793405 3.2171218 -1.1994339 995.03 
20150624191009 -5.253477 0.5434838 -0.3184288 0.50885075 2.5647178 -0.6356053 995.23 
20150624191009 -4.6657004 -1.4173675 0.036511578 -0.12308934 2.4080307 -0.0711658 995.23 
20150624191009 -3.4871547 -7.9750857 -0.41000703 -1.1212431 2.0033326 0.31612277 995.23 
20150624191009 -3.6140475 -17.785328 7.349601 -2.447737 1.2556335 0.72112644 995.23 
20150624191009 -3.2561142 -19.608511 16.777369 -2.436436 -0.24465153 1.2119566 995.23 
20150624191009 -1.2060791 -17.54471 15.933413 -1.0283916 -1.3509285 1.3060299 995.23 
20150624191009 7.94037 -6.2626333 1.1486182 1.4752395 -0.82619524 0.73792523 995.23 
20150624191009 6.0064535 -11.80521 0.022744916 1.6236799 0.7086037 -0.62980205 995.23 
20150624191009 0.12210429 -17.681778 1.0205284 0.44868052 2.0286834 -1.0635164 995.23 
20150624191009 -3.930082 -13.878589 -6.4104753 -0.04734206 -0.6053675 -0.4709771 995.15 
20150624191009 -7.709928 -3.6421793 2.2391772 0.27855456 -2.1242838 0.20341812 995.15 
20150624191009 -9.309854 -3.6966474 -1.9381063 0.5897904 -3.0586023 -0.22540927 995.15 
20150624191009 -2.919729 -7.6919713 -12.203246 0.09712757 -2.2449298 -0.8020661 995.15 
20150624191009 -0.4321534 -13.534422 -11.78486 -1.5042557 0.38545597 0.42394048 995.15 
20150624191009 -1.1133038 -15.28997 -3.8492777 -3.0619621 0.77824235 2.284636 995.15 
20150624191009 3.489549 -19.608511 3.3381157 -3.0173688 -4.033543 3.5769215 995.15 
20150624191009 7.057508 -10.432734 1.845331 -1.7950275 -5.684101 4.1645737 995.15 
20150624191009 0.78050977 -8.391677 2.859874 -0.6197228 -4.75131 1.4187346 995.15 
20150624191009 1.4107834 -7.176021 -0.34835634 -2.9956832 0.2910773 -0.6914995 994.8 
20150624191009 -0.32561144 -4.689044 -2.083554 -2.3212879 4.2968264 0.03359759 994.8 
20150624191009 -1.4281414 -4.3023806 0.30705637 -2.0818288 -0.4841107 -0.31887165 994.8 
20150624191009 -0.8319851 -5.391144 1.2521675 -2.5760188 -2.185065 -0.2773328 994.8 
20150624191010 -0.20111294 -9.020754 -2.1164744 -1.8445076 -2.1453588 0.10262536 994.8 
20150624191010 -1.043872 -12.26789 3.2034419 -1.2394456 -1.2953397 0.31490102 994.8 
20150624191010 -1.8100165 -11.1893015 7.9595237 -1.8411479 -0.9410379 0.40591997 994.8 
20150624191010 -0.60812724 -9.750985 3.4560301 -2.002111 -0.6948592 0.45570546 994.8 
20150624191010 0.45729253 -11.168951 -3.657143 -0.23182335 0.031154128 0.7510588 994.8 
20150624191010 0.59017074 -12.401965 -0.23882163 -0.3622431 -0.9947941 0.61208695 995.19 
20150624191010 3.2872388 -14.689625 3.459023 -0.6609562 -1.5335772 0.5882632 995.19 
20150624191010 3.1435869 -15.017032 3.654749 -0.8396343 -0.9282097 0.72234815 995.19 
20150624191010 4.7668557 -14.438832 1.6454151 -0.59498274 0.75411314 0.3491095 995.19 
20150624191010 6.3685765 -11.126453 2.8323407 0.50946164 0.7495316 -0.043676864 995.19 
20150624191010 3.957017 -10.177752 -0.40761283 0.6096435 0.093767814 -0.49602258 995.19 
20150624191010 -3.1118636 -12.392388 4.051588 1.4431691 0.3848451 -0.820392 995.19 
20150624191010 -9.98442 -16.109985 4.9961004 1.9700404 0.89858276 -1.1866057 995.19 
20150624191010 -6.0507464 -13.220183 -4.9883194 3.2162056 1.0619892 -1.0296134 995.19 
20150624191010 -3.3734303 -12.546814 -6.037578 3.2834008 0.4972443 -0.48472157 995.1 
20150624191010 -3.365649 -14.814123 -0.3196259 1.9740111 1.1939361 -0.7284568 995.1 
20150624191010 -2.8443117 -13.029844 -2.657564 1.92392 1.5827519 -0.91782504 995.1 
20150624191010 -2.0416555 -14.885949 -4.5166616 3.3496795 0.45875978 -0.84665924 995.1 
20150624191010 1.9201498 -14.609419 7.7248917 3.5549302 -1.582141 -0.70829827 995.1 
20150624191010 2.794632 -12.301409 2.1906946 2.3057108 -3.248276 -0.88300574 995.1 
20150624191010 0.2112883 -9.270349 -4.501099 2.257758 -1.4453071 -1.8102992 995.1 
20150624191010 -1.352724 -4.9643774 -4.9278655 2.409558 2.4715607 -2.1096232 995.1 
20150624191010 -2.1529858 -3.028665 -4.941034 2.2198844 4.361578 -1.6884315 995.1 
20150624191010 -2.8060043 -1.0235212 -4.919486 2.2342396 4.1883974 -1.3524556 995.27 
20150624191010 -3.6056678 0.41838676 -2.2218192 1.87444 3.714977 -1.0656544 995.27 
20150624191010 -3.2770636 1.3634979 -0.75836337 1.029308 3.2143729 -0.8713993 995.27 
20150624191010 -3.2890346 1.2395979 -0.037708677 0.4007276 2.5189028 -0.6078109 995.27 
20150624191010 -1.9135658 -2.2290018 1.4443022 -0.6151413 2.0131063 -0.4202753 995.27 
20150624191010 -3.0951042 -11.131242 5.2474914 -1.9792033 1.4395039 -0.34055737 995.27 
20150624191010 0.6338649 -19.608511 13.683461 -2.784629 1.0424415 -0.14782938 995.27 
20150624191010 1.0546459 -19.608511 15.845426 -1.9767599 0.68936145 0.5476407 995.27 
20150624191010 -4.1695023 -12.031462 14.191032 1.0754282 0.2929099 0.8686504 995.27 
20150624191010 -2.7856536 -4.50888 3.1214404 1.6099354 -0.44929138 -0.36193767 995.17 
20150624191010 -3.6595373 -8.202535 1.258153 0.4343252 1.3979651 -0.65393126 995.17 
20150624191010 -6.0130377 -13.715783 -0.58657944 -0.19211712 1.7980819 -0.32986724 995.17 
20150624191010 -6.537368 -11.393407 -6.9796963 0.16982053 -0.4251622 0.4361578 995.17 
20150624191010 -3.478775 -7.7368627 -5.019444 0.8258898 -2.0143282 1.1713341 995.17 
20150624191010 4.1335893 -8.4234 -6.752846 0.68691796 -2.2989914 1.3552046 995.17 
20150624191010 3.095703 -10.014347 -10.115502 -0.43066 -1.5909985 0.8552113 995.17 
20150624191010 -1.3305776 -8.885481 -6.8408327 -2.1810944 -0.8060367 0.064751714 995.17 
20150624191010 -2.9119477 -12.410943 -4.0533834 -3.0601294 -1.8399261 0.77091193 995.17 
20150624191010 -3.4075475 -19.608511 2.7976246 -3.2711835 -4.139223 1.557401 995.02 
20150624191010 5.573103 -13.984532 6.9048777 -3.087313 -5.077512 3.0619621 995.02 
20150624191010 1.822586 -10.217256 -0.7517793 -2.0839667 -5.272378 2.1994202 995.02 
20150624191010 1.8016368 -7.3537903 -0.830788 -2.3344216 -1.2855659 -0.17501289 995.02 
20150624191010 0.65421563 -4.308366 -1.3377602 -2.4785857 2.948952 -0.17073683 995.02 
20150624191010 -1.6777369 -5.2726307 -3.2142158 -1.5360206 1.4239268 0.07727446 995.02 
20150624191010 -1.6807296 -6.4457893 -1.5179238 -1.8912388 -1.5760323 -0.08307768 995.02 
20150624191010 -2.296638 -7.9475527 -0.7721301 -1.8692477 -1.4718798 0.013744468 995.02 
20150624191010 -2.504335 -9.808446 4.6800656 -1.4474452 -1.7140878 0.2761111 995.02 
20150624191011 -1.1336545 -8.792706 7.3699512 -2.1465805 -2.1801782 0.40561453 995.12 
20150624191011 1.5556326 -10.1861315 -1.6729485 -1.6013832 -1.3100005 0.73975784 995.12 
20150624191011 3.0933087 -11.16955 0.3286042 -0.61483586 -0.19853121 0.7816021 995.12 
20150624191011 2.4001873 -12.066178 3.2477345 -0.91507614 -0.9211848 0.5983425 995.12 
20150624191011 1.9997569 -13.594875 4.019266 -0.8530733 -1.1184943 0.5766568 995.12 
20150624191011 3.7104142 -13.872603 0.20350714 -0.56169057 -0.3491095 0.44837508 995.12 
20150624191011 5.6700683 -12.065579 -1.9973627 0.14049901 -0.23609942 0.21074851 995.12 
20150624191011 8.123527 -9.943718 0.10594343 0.20463985 -0.27672195 -0.21655174 995.12 
20150624191011 1.2473791 -11.674128 0.25737667 0.106901415 0.18784106 -0.44684792 995.12 
20150624191011 -6.467337 -12.607267 4.9254713 0.7199047 0.6985244 -0.8772025 995.2 
20150624191011 -9.31105 -14.621988 0.7541735 1.7406605 0.56016344 -1.2052372 995.2 
20150624191011 -4.9781437 -14.0390005 -4.547786 3.3649511 0.5500842 -0.82741696 995.2 
20150624191011 -3.0454245 -14.2939825 -5.400122 3.4926221 0.8344419 -0.700357 995.2 
20150624191011 -1.6400281 -13.949816 0.6242881 2.43216 0.7678576 -0.8145888 995.2 
20150624191011 -2.7730842 -13.6170225 -1.9572599 2.1371121 0.8707884 -1.0296134 995.2 
20150624191011 -1.5747862 -16.114174 -1.1683705 3.2983668 -0.40958515 -1.2391402 995.2 
20150624191011 3.2519245 -14.762049 5.801151 3.7061195 -1.25319 -0.829555 995.2 
20150624191011 3.040636 -12.038046 2.8628666 2.8420506 -2.4333818 -0.64721173 995.2 
20150624191011 1.5179238 -9.673173 -2.783858 1.881465 -1.9107865 -1.7122552 995.1 
20150624191011 -0.3489549 -6.4392056 -6.7384806 1.8881844 1.8197676 -1.9819523 995.1 
20150624191011 -0.8655039 -3.4524388 -7.0245876 1.9107865 4.5481973 -1.6988163 995.1 
20150624191011 -2.0799627 -1.553837 -4.5232453 2.1331415 5.1294355 -1.2895365 995.1 
20150624191011 -4.1413703 -0.7284359 -1.5041572 2.3218987 3.7278051 -1.1691961 995.1 
20150624191011 -3.4620156 0.12509704 -0.33159694 1.9327776 2.5079072 -1.1585059 995.1 
20150624191011 -3.3375173 0.789488 -0.6063316 0.6994407 2.2540927 -0.8173377 995.1 
20150624191011 -4.4514194 -1.0444705 0.44651863 -0.13530666 2.205529 -0.48441613 995.1 
20150624191011 -2.6952724 -6.0567317 3.318962 -1.1969905 1.88849 -0.22479841 995.1 
20150624191011 -0.3477578 -15.316905 9.853935 -2.2421808 1.0607675 0.10842858 995.43 
20150624191011 2.7407625 -19.608511 15.43901 -2.8435776 0.4092797 0.47647488 995.43 
20150624191011 -0.6003461 -19.608511 18.46588 -1.3206906 0.11209377 1.0412198 995.43 
20150624191011 -5.0182467 -9.046491 9.555858 0.8029824 -0.21013765 0.59498274 995.43 
20150624191011 -3.539827 -3.6900635 -2.8173769 1.63437 -1.142318 -0.34330627 995.43 
20150624191011 -1.685518 -9.877877 1.6514006 0.2003638 1.815186 -0.23732115 995.43 
20150624191011 -3.6014779 -12.928091 -1.3431472 -0.29810223 1.1142182 0.26816985 995.43 
20150624191011 -4.6142254 -10.408792 -4.36044 -0.38881573 -1.690875 0.6041457 995.43 
20150624191011 -3.0388405 -7.326257 -6.5906386 0.312763 -2.355191 0.7699956 995.43 
20150624191011 0.90381116 -13.142372 -4.3406878 -0.24007004 -2.9046643 0.61086524 995.3 
20150624191011 -0.94451255 -7.9714947 -6.554127 -1.1218541 -1.1621711 0.22479841 995.3 
20150624191011 -1.6232687 -7.049727 -4.131195 -1.7082846 -0.79198676 0.5702427 995.3 
20150624191011 -2.629432 -13.9438305 -0.48841715 -2.3414464 -1.7705929 1.3329079 995.3 
20150624191011 2.2852654 -19.056648 5.685032 -2.5928175 -3.428481 2.0885482 995.3 
20150624191011 5.481525 -8.536526 0.3609259 -2.6771169 -4.2537603 2.955977 995.3 
20150624191011 2.136825 -8.643068 -2.059612 -1.9865338 -3.689626 1.4694363 995.3 
20150624191011 1.2545617 -6.045359 -0.56802434 -2.0418172 0.14569137 -0.74372846 995.3 
20150624191011 -0.688333 -5.0463786 -0.8038532 -1.7941113 1.7418822 -0.47891834 995.3 
20150624191011 -1.9195513 -6.704962 1.5334862 -1.5375478 0.06291912 -0.09437868 995.21 
20150624191011 -1.5741876 -8.045116 -1.4652514 -1.6148223 -0.7012733 0.049480084 995.21 
20150624191011 -0.50158525 -8.301296 -0.27353755 -1.3509285 -1.1383474 0.10140363 995.21 
20150624191011 -2.224812 -9.018359 7.301118 -1.3503176 -1.1505647 0.35643986 995.21 
20150624191012 -1.1731589 -10.968436 1.5460558 -1.7348573 -1.6267341 0.38026363 995.21 
20150624191012 1.1162965 -12.762891 -2.5504234 -1.1490375 -1.0497719 0.8576548 995.21 
20150624191012 3.074155 -11.273099 2.9203274 -0.8695667 0.09315695 0.8524625 995.21 
20150624191012 2.8502972 -12.225392 4.460996 -1.0409144 -0.50823987 0.85918194 995.21 
20150624191012 1.7405846 -14.583681 2.0500352 -0.7883216 -0.46853364 0.6469063 995.21 
20150624191012 3.6290112 -13.352463 -0.077811554 -0.11911872 0.17989981 0.29443705 995.18 
20150624191012 7.487866 -10.66557 -0.6919243 0.30970868 -0.08674286 0.009773844 995.18 
20150624191012 9.515755 -10.703279 1.079785 0.41141775 -0.13622294 -0.24373524 995.18 
20150624191012 0.9959879 -12.046426 0.52253455 0.79779 0.52595496 -0.86834496 995.18 
20150624191012 -10.922947 -17.678785 6.133945 1.5143349 1.4370605 -1.4492778 995.18 
20150624191012 -10.973225 -15.272014 -0.46387658 2.6502388 1.5537357 -1.25319 995.18 
20150624191012 -3.7972038 -10.101735 -6.007052 3.5246925 0.34208453 -0.25717425 995.18 
20150624191012 -3.714604 -12.729372 0.12210429 2.4776695 0.6398814 -0.44806966 995.18 
20150624191012 -2.360683 -13.133992 0.24061728 2.0366247 0.67103547 -1.0238101 995.18 
20150624191012 -1.2557588 -13.487137 -1.9542671 2.7779098 -0.16371189 -1.0180069 995.15 
20150624191012 1.2797008 -15.50904 3.8001966 3.7937787 -0.8335256 -0.8533788 995.15 
20150624191012 2.4917655 -12.807183 2.336741 2.8591547 -2.2366831 -0.7797695 995.15 
20150624191012 1.4107834 -10.189124 -0.57879823 1.5561792 -2.403144 -1.5005904 995.15 
20150624191012 0.30166942 -7.0365586 -6.097433 1.4504995 1.0152581 -1.892766 995.15 
20150624191012 -0.05267244 -3.7205894 -6.2327056 1.7489072 2.9315424 -1.6560557 995.15 
20150624191012 -1.9141643 -2.2637177 -4.768651 2.0958786 4.855157 -1.2516629 995.15 
20150624191012 -3.3955765 -0.9624691 -1.7980455 2.2763894 3.8114936 -1.1071932 995.15 
20150624191012 -3.9246953 0.035913024 0.27593175 1.9025398 2.6416867 -0.7870999 995.15 
20150624191012 -3.1028855 1.264737 -0.026934769 0.6056729 1.8695531 -0.6065892 995.23 
20150624191012 -3.1543608 -0.4878186 0.6512229 -0.32406402 1.8020525 -0.37232238 995.23 
20150624191012 -0.89423436 -7.244256 2.8688521 -1.1707232 1.7620409 -0.21044308 995.23 
20150624191012 0.08678981 -18.004995 10.043077 -2.6988027 1.3069462 -0.016493361 995.23 
20150624191012 3.9510314 -19.608511 19.452888 -3.0836477 0.6591236 0.5653558 995.23 
20150624191012 -0.0676362 -18.823214 16.80969 -1.3478742 0.27885997 1.1963795 995.23 
20150624191012 -3.751714 -7.4776907 7.043741 1.6927075 0.12064589 0.25717425 995.23 
20150624191012 -5.3486466 -7.553706 -2.327164 1.3350459 0.4541783 -0.60903263 995.23 
20150624191012 -4.219182 -14.811131 -0.3477578 0.3827071 2.1859813 -0.19486602 995.23 
20150624191012 -5.5641246 -12.264896 -1.9578584 0.25595254 0.16646078 0.14385876 995.16 
20150624191012 -3.6403837 -4.7297454 -8.751406 0.6844745 -1.2321151 0.41722095 995.16 
20150624191012 -1.697489 -5.501277 -5.4043117 0.5137377 -1.9483547 0.46028697 995.16 
20150624191012 1.2228385 -11.295844 -6.602011 -0.5329799 -1.4816537 0.6612616 995.16 
20150624191012 0.6691794 -10.354922 -9.375095 -1.3884968 -0.9932669 0.7076874 995.16 
20150624191012 -2.5318682 -9.93474 -5.221155 -2.5146267 -1.3542882 1.0360274 995.16 
20150624191012 -0.89303726 -19.011757 5.820903 -2.7870727 -2.417194 1.7482964 995.16 
20150624191012 5.431845 -13.698425 5.679645 -2.5072963 -3.6737435 2.5925121 995.16 
20150624191012 0.9211691 -9.922171 -0.5530606 -2.2739458 -4.5567493 2.6047294 995.16 
20150624191012 0.31902736 -8.277952 -1.2988545 -2.208278 -2.572659 -0.13927728 994.93 
20150624191012 -0.05327099 -6.126762 -0.87328506 -1.9272798 1.6945401 -0.18692477 994.93 
20150624191012 -1.2773066 -6.227319 0.52852005 -1.5332718 0.8353582 0.12858713 994.93 
20150624191012 -1.0307038 -7.1939774 1.2120646 -1.4498887 -0.5919284 0.12797627 994.93 
20150624191012 -0.7009025 -8.321647 -2.5432408 -1.3775011 -1.1490375 0.14080444 994.93 
20150624191012 0.6488287 -8.573038 -0.9876082 -1.2403619 -1.0137309 0.14172074 994.93 
20150624191012 0.2669535 -9.032125 4.6860514 -1.4865406 -0.8579602 0.3213151 994.93 
20150624191012 -1.5610195 -10.89661 4.1521444 -1.6658295 -1.6594155 0.33383787 994.93 
20150624191012 -0.36152446 -10.557233 0.6841431 -1.5057828 -1.597718 0.5748242 994.93 
20150624191013 2.767697 -10.819398 2.4546554 -1.2198979 -0.03604105 0.8854492 995.13 
20150624191013 3.447052 -12.543222 3.493739 -0.8622363 0.37965274 0.85062987 995.13 
20150624191013 2.2888567 -13.415909 3.044826 -0.5467244 -0.28802297 0.49846604 995.13 
20150624191013 3.4117374 -12.278664 1.6753427 -0.3115413 -0.24953845 0.15577064 995.13 
20150624191013 7.105392 -10.088568 -1.8489223 0.27947086 -0.24495697 -0.00580322 995.13 
20150624191013 5.720945 -9.993997 1.1354501 0.61911196 -0.17654006 -0.35002577 995.13 
20150624191013 -2.9580362 -11.589732 4.175488 0.95539325 0.41599923 -0.9282097 995.13 
20150624191013 -10.372879 -16.550518 4.669292 1.5992452 0.72173727 -1.3023647 995.13 
20150624191013 -7.8787193 -14.298173 -2.8592753 2.973692 0.7657196 -1.0381655 995.13 
20150624191013 -3.5757403 -13.277045 -6.2859764 3.0567696 0.17470746 -0.5375614 995.15 
20150624191013 -2.2577322 -14.566323 -1.5771804 2.0286834 0.3539964 -0.73639804 995.15 
20150624191013 -2.72939 -14.804546 -0.0035913025 1.9092593 0.49693888 -1.0961977 995.15 
20150624191013 -3.2202013 -14.817116 -1.6555905 2.9886582 -0.25717425 -1.3570372 995.15 
20150624191013 -1.3210008 -14.844649 2.5001452 3.6572502 -1.0433578 -0.80848014 995.15 
20150624191013 2.8161798 -12.245743 3.0484173 3.275154 -2.5964828 -0.3915646 995.15 
20150624191013 1.7423803 -10.5680065 -0.5931635 1.1218541 -3.302643 -1.0986412 995.15 
20150624191013 -0.20171149 -8.221688 -3.976769 1.1090258 0.17989981 -1.7785342 995.15 
20150624191013 -0.24720132 -4.7500963 -7.192182 1.4737124 2.8725939 -1.6835446 995.15 
20150624191013 -1.2300211 -2.6497827 -4.871003 1.8729129 4.7268753 -1.3387111 995.27 
20150624191013 -2.8562827 -1.0426749 -2.2816741 2.0778582 4.6379943 -1.0189233 995.27 
20150624191013 -3.8851907 0.8319851 -0.28670564 1.8839084 3.025921 -0.75441855 995.27 
20150624191013 -3.0280666 1.5263035 -0.3716998 1.207986 2.2479842 -0.5708536 995.27 
20150624191013 -3.4392707 0.11791443 0.8996213 0.042760566 2.0405953 -0.36957347 995.27 
20150624191013 -1.7429788 -5.403713 0.39205053 -1.0488557 1.8817704 -0.12217305 995.27 
20150624191013 -0.95468795 -13.3386965 3.8612487 -2.4284947 1.421178 0.16279559 995.27 
20150624191013 0.87927055 -19.608511 12.942456 -3.3157766 1.001819 0.2855795 995.27 
20150624191013 4.168904 -19.608511 19.314623 -2.5518897 0.59528816 1.0201449 995.27 
20150624191013 -1.0163386 -12.106879 10.538078 1.5158621 0.06994407 0.8555168 995.1 
20150624191013 -3.2076318 -4.374805 1.0696096 2.549446 -1.5018122 -1.2666291 995.1 
20150624191013 -4.589086 -9.779117 2.3187842 0.91751957 1.385137 -1.3640621 995.1 
20150624191013 -4.5358152 -16.003443 -0.2717419 -0.36163223 2.0650299 -0.34116822 995.1 
20150624191013 -5.815516 -9.264363 -4.021062 -0.15577064 -0.2773328 0.56779927 995.1 
20150624191013 -4.720767 -3.4243069 -6.3003416 0.569021 -1.6887369 0.6918049 995.1 
20150624191013 -3.25372 -9.094974 -4.856638 -0.005192355 -2.440712 0.36957347 995.1 
20150624191013 -0.40701428 -13.335105 -9.0716305 -0.8961393 -0.6814202 0.64812803 995.1 
20150624191013 -0.08200141 -8.112154 -7.9714947 -1.5900823 0.34238997 1.4798211 995.1 
20150624191013 -1.5334862 -11.881226 -5.282806 -2.144748 -2.0384574 1.8649716 994.9 
20150624191013 -1.2892777 -19.597738 3.6511576 -2.6258042 -3.4214563 2.2003367 994.9 
20150624191013 5.4761376 -12.94066 6.884527 -2.7317894 -3.7956111 2.679255 994.9 
20150624191013 1.2964603 -9.92636 0.91937345 -2.3848178 -2.867096 0.3042109 994.9 
20150624191013 0.6386533 -4.9404354 -1.0995371 -1.5066991 1.2547172 -0.56046885 994.9 
20150624191013 -2.1440077 -4.6842556 -1.5472529 -1.1612549 1.5406022 -0.26542094 994.9 
20150624191013 -2.9005754 -6.0645127 -0.12030864 -1.4251486 -0.36560285 -0.41233405 994.9 
20150624191013 -1.4269443 -7.7266874 0.51235914 -1.636508 -0.7993172 -0.2782491 994.9 
20150624191013 0.6338649 -10.1699705 0.038307227 -1.3729197 -0.9465357 0.20372356 994.9 
20150624191013 1.8908207 -10.721834 2.9179332 -1.1801916 -1.5180001 0.34269542 995.14 
20150624191013 1.5149311 -10.451289 4.778228 -1.4892895 -1.6475036 0.3659083 995.14 
20150624191013 0.75716627 -10.107122 0.8265981 -1.4688255 -1.3121386 0.44837508 995.14 
20150624191013 0.6805518 -9.184157 -0.2801216 -0.77396625 -0.68844515 0.49541172 995.14 
20150624191013 -0.30945057 -11.028292 1.9764135 -0.7174612 0.13164146 0.4804455 995.14 
20150624191013 -1.4341269 -12.873623 2.6833014 -0.93828905 0.13194689 0.3735441 995.14 
20150624191014 0.47225627 -13.9564 2.2397757 -0.79504114 0.036957346 0.20341812 995.14 
20150624191014 3.9492357 -13.037026 -0.19812019 -0.20861048 -0.19242255 0.22204952 995.14 
20150624191014 6.9126587 -11.086351 -0.4261679 0.25045475 -0.6377433 0.14996742 995.14 
20150624191014 5.409699 -10.452486 1.5795746 0.17928895 -0.28099802 -0.020158553 995.16 
20150624191014 0.26635495 -11.8339405 2.8760347 0.32345316 0.2574797 -0.4266894 995.16 
20150624191014 -4.781221 -12.707824 4.8662148 0.93645644 0.6398814 -1.0494665 995.16 
20150624191014 -9.185355 -14.153922 1.4939818 2.275473 1.0491611 -0.9300423 995.16 
20150624191014 -4.4903255 -11.497555 -3.5565867 3.268129 0.8671232 -0.42363504 995.16 
20150624191014 -3.09271 -13.008296 -3.4596214 3.0024028 0.50946164 -0.2180789 995.16 
20150624191014 -3.8857894 -15.606006 -2.2230163 2.2461514 0.43951756 -0.8686504 995.16 
20150624191014 -3.0059202 -14.247295 -1.4347254 2.245846 0.09254608 -0.9718866 995.16 
20150624191014 -0.11492168 -13.8738 2.345719 2.807842 -0.70005155 -0.6239988 995.16 
20150624191014 2.3397336 -12.756906 5.7059813 3.2372804 -2.201253 -0.5039638 994.98 
20150624191014 1.122282 -11.632828 1.5819688 2.3267858 -3.2006285 -1.1230757 994.98 
20150624191014 1.0708067 -9.285912 -3.3746274 1.8377881 -0.1966986 -1.4443909 994.98 
20150624191014 -0.21667525 -6.4721255 -4.935048 1.7269161 2.271808 -1.4401149 994.98 
20150624191014 -1.0468647 -5.322909 -4.1437645 1.8521434 3.7833939 -1.2980887 994.98 
20150624191014 -2.0069396 -4.146757 -3.1597476 2.228131 4.024075 -1.1047498 994.98 
20150624191014 -3.2375593 -2.6144683 -1.0570401 2.3374758 3.2033772 -0.9129381 994.98 
20150624191014 -3.371036 -1.1486182 -0.1921347 1.4361442 2.2534819 -0.8582657 994.98 
20150624191014 -2.8772318 -0.30406362 0.12988544 0.31795537 1.8842138 -0.679893 994.98 
20150624191014 -3.5942953 -0.6703765 1.0935516 -0.26358834 1.6872098 -0.5290093 995.29 
20150624191014 -1.9668367 -4.5579615 2.2134395 -1.2724323 1.5158621 -0.3313944 995.29 
20150624191014 0.3357868 -12.564771 6.0010667 -2.5509732 1.0467176 0.024129177 995.29 
20150624191014 2.5671828 -19.608511 13.030443 -3.3997705 0.31612277 0.34972036 995.29 
20150624191014 1.4885949 -19.608511 19.401413 -2.7159069 -0.29260445 0.92149025 995.29 
20150624191014 -4.0001125 -11.98298 10.700885 0.4007276 -0.49235737 1.2156218 995.29 
20150624191014 -5.645528 -6.3326635 0.99778354 1.9706513 -1.3643675 -0.49571714 995.29 
20150624191014 -5.1541176 -14.139557 1.1917139 1.0885619 1.7400496 -0.6618725 995.29 
20150624191014 -1.3449428 -15.334862 -2.7808652 0.008246681 2.7635543 0.19761491 995.29 
20150624191014 -1.9590555 -7.639299 -2.8550856 0.058643065 0.1591304 0.59437186 995.19 
20150624191014 -1.22224 -1.2988545 -8.899846 0.7687739 -1.9046779 0.05375614 995.19 
20150624191014 -3.2734723 -6.0609217 -5.4192758 0.28680122 -3.0460796 -0.43768495 995.19 
20150624191014 -2.0763714 -11.634624 -5.04997 -1.3594806 -1.6484199 -0.011911872 995.19 
20150624191014 -2.3810337 -8.643666 -8.160038 -1.3326025 -0.30787608 1.1756102 995.19 
20150624191014 -2.5941176 -10.718243 -4.0378213 -1.6789632 -1.824349 1.7333301 995.19 
20150624191014 -1.38325 -19.532495 4.221576 -2.4184155 -2.8179214 2.50638 995.19 
20150624191014 6.7785835 -13.648746 5.3821654 -2.6639833 -3.912592 3.1358767 995.19 
20150624191014 2.3181858 -9.647436 -0.6769605 -2.2440135 -3.1135802 0.70952 995.19 
20150624191014 0.9175778 -7.8039002 -1.1671734 -1.756543 1.1166617 -0.6356053 994.98 
20150624191014 -1.2988545 -5.467758 -0.2621651 -1.2461652 1.4883732 -0.3408628 994.98 
20150624191014 -2.1033063 -6.5008564 0.16699557 -1.4816537 -0.89736104 -0.18845193 994.98 
20150624191014 -1.0336965 -7.8835077 0.46148238 -1.6081028 -1.2864822 -0.064446285 994.98 
20150624191014 0.22984336 -9.722853 -0.7128736 -1.3387111 -1.1725558 0.1554652 994.98 
20150624191014 0.35254622 -10.197504 1.3389573 -1.001819 -1.022283 0.3115413 994.98 
20150624191014 -0.5602432 -10.753557 3.318962 -1.3949108 -0.8081747 0.3817908 994.98 
20150624191014 -0.80804306 -10.489596 1.5915456 -1.6041322 -0.73975784 0.44593164 994.98 
20150624191014 0.5315128 -9.766547 1.6178818 -1.2626585 -0.5870415 0.5112942 994.98 
20150624191014 2.6437972 -10.514136 3.115455 -0.93676186 -0.38087448 0.625526 995.11 
20150624191014 1.5197195 -11.968615 2.4223335 -0.92087936 -0.4196644 0.6563747 995.11 
20150624191015 1.1228806 -13.076531 2.7102363 -0.7119634 -0.089491755 0.43676865 995.11 
20150624191015 3.5727475 -12.384607 0.3345897 -0.2666427 0.034208454 0.18570304 995.11 
20150624191015 7.6375036 -11.197681 -1.5825673 0.28099802 -0.51923543 0.054061573 995.11 
20150624191015 7.3909006 -10.929531 0.45549688 0.45081854 -0.18448131 -0.10751228 995.11 
20150624191015 -1.0791864 -12.304401 2.0135236 0.49113566 0.45723262 -0.59742624 995.11 
20150624191015 -9.847352 -15.000871 6.031593 1.0024298 1.1472049 -1.2928963 995.11 
20150624191015 -10.574591 -14.288596 -0.35194764 2.5919013 1.2614367 -1.0134255 995.11 
20150624191015 -3.3596635 -9.985018 -5.6509147 3.460246 0.58062744 -0.2507602 995.15 
20150624191015 -3.6882677 -12.97777 -2.8892028 2.7840183 0.81092364 -0.08399397 995.15 
20150624191015 -3.4404678 -15.38095 -0.557849 2.0216584 0.52106804 -0.9486737 995.15 
20150624191015 -3.9977183 -15.490485 -2.3588872 2.5964828 -0.35308012 -1.2583824 995.15 
20150624191015 -0.8295909 -14.613608 2.9472623 3.1813862 -0.97402465 -0.84971356 995.15 
20150624191015 1.7818847 -12.354679 4.650737 3.2424726 -1.9016235 -0.22510384 995.15 
20150624191015 1.8177977 -10.101735 2.9825768 1.6484199 -3.3814445 -0.89980453 995.15 
20150624191015 0.95827925 -9.598953 -3.0178912 1.2382239 -0.42424592 -1.3008375 995.15 
20150624191015 0.374094 -7.153875 -5.975329 1.7510452 2.6462681 -1.3472633 995.15 
20150624191015 -0.6398504 -4.572925 -4.9440265 2.033876 4.6862526 -1.054048 995.27 
20150624191015 -2.4768016 -3.5242648 -2.3588872 2.293188 4.207029 -0.9257663 995.27 
20150624191015 -3.5930982 -1.5143325 -0.99778354 2.3246477 2.7052166 -0.82711154 995.27 
20150624191015 -3.1962593 -0.42556936 -0.05865794 1.668273 1.9254472 -0.70707655 995.27 
20150624191015 -2.915539 -0.43394905 -0.11252748 0.33078352 1.6618589 -0.49877146 995.27 
20150624191015 -3.2435448 -2.3235726 0.6572084 -0.3640757 1.6563611 -0.38056904 995.27 
20150624191015 -2.2613235 -7.5207863 1.7046716 -1.4453071 1.5803084 -0.24373524 995.27 
20150624191015 0.272939 -15.74846 7.9625163 -2.6300802 1.133155 -0.24373524 995.27 
20150624191015 0.0676362 -19.608511 18.79149 -2.9251282 0.21746802 0.3359759 995.27 
20150624191015 1.3922282 -19.460072 19.095554 -1.7941113 -1.0164797 0.795652 995.17 
20150624191015 0.84455466 -8.218098 6.3793507 1.2302825 -1.4944818 0.6872234 995.17 
20150624191015 0.037708677 -5.5288105 -2.148796 1.9504927 -0.473726 -0.49571714 995.17 
20150624191015 -1.0684125 -9.479841 3.3674448 0.72143185 2.5485299 -0.6835582 995.17 
20150624191015 -3.5715504 -11.647193 -0.700304 -0.22785273 1.4431691 -0.40866885 995.17 
20150624191015 -6.181829 -11.976396 -1.3742718 -0.45723262 -0.41783184 -0.064751714 995.17 
20150624191015 -5.1942205 -9.651027 -8.833407 -0.17012598 -1.6963727 0.04917465 995.17 
20150624191015 0.79966336 -9.750985 -1.4000094 -0.04153884 -2.7620273 0.1563815 995.17 
20150624191015 -0.760159 -11.168951 -3.7187939 -0.6432411 -1.4278975 0.28069258 995.17 
20150624191015 -1.4652514 -8.336611 -6.482301 -0.61422503 -0.19853121 0.45723262 994.98 
20150624191015 -3.4302924 -8.130709 -5.3396683 -1.4330899 -0.27885997 0.9627236 994.98 
20150624191015 -3.66672 -11.043256 -1.4802152 -2.2495112 -1.6597209 1.2425 994.98 
20150624191015 -2.6862943 -19.293076 3.6750996 -3.1312952 -3.3585372 2.1303926 994.98 
20150624191015 2.6581624 -11.950658 1.1150994 -2.5937338 -4.5097127 2.5900686 994.98 
20150624191015 1.4389153 -8.147469 -2.1206641 -1.3652838 -3.4608572 1.0537425 994.98 
20150624191015 1.1390414 -6.7223196 -0.75716627 -1.6701056 -0.9437868 -0.36713 994.98 
20150624191015 1.3569138 -5.467758 -0.40282443 -2.2366831 1.1624765 -0.19364429 994.98 
20150624191015 0.50517654 -8.2115135 -0.3345897 -1.6581937 1.2974777 0.38240165 994.98 
20150624191015 -0.28191724 -10.172963 -0.05327099 -1.1560625 -0.6032294 0.29565877 995.19 
20150624191015 -0.30226797 -10.342353 3.5164838 -1.3090842 -2.1096232 -0.15393804 995.19 
20150624191015 -0.23702596 -9.697116 5.0397944 -1.3875804 -2.5228734 0.13255776 995.19 
20150624191015 0.6919243 -9.536105 1.7429788 -1.4395039 -2.025629 0.4981606 995.19 
20150624191015 1.2707225 -9.667787 -1.3096284 -1.1890492 -0.5207626 0.6010914 995.19 
20150624191015 1.3162124 -11.370064 1.809418 -0.5497787 -0.022602014 0.5839872 995.19 
20150624191015 -0.08200141 -12.34211 2.9747956 -0.9254609 -0.42424592 0.5674938 995.19 
20150624191016 0.5979519 -13.992912 2.4756045 -1.0464121 -0.30207285 0.47555858 995.19 
20150624191016 3.7487214 -13.2668705 -0.7386112 -0.4184427 0.029932396 0.39920044 995.19 
20150624191016 6.1806316 -10.948086 -1.9249382 0.19425514 -0.46120325 0.30085114 995.17 
20150624191016 3.469797 -10.502166 1.7190368 0.009162978 -0.4981606 0.07269296 995.17 
20150624191016 -1.4622587 -12.532449 2.2158337 -0.25870144 0.28710666 -0.19272798 995.17 
20150624191016 -2.48159 -10.86788 3.453636 0.4089743 0.5708536 -0.66431594 995.17 
20150624191016 -6.4386067 -12.840104 4.0186677 1.5109752 0.3747658 -0.83016586 995.17 
20150624191016 -6.0345855 -13.610438 -0.05686229 2.7097983 0.5897904 -0.82863873 995.17 
20150624191016 -1.8124107 -12.354081 -5.85502 3.4327571 0.5564982 -0.6270532 995.17 
20150624191016 -2.6378117 -13.937845 -3.6739025 2.5525005 0.3662137 -0.7797695 995.17 
20150624191016 -2.0548236 -14.452599 -1.2054806 1.9767599 0.8744536 -1.0326678 995.17 
20150624191016 -1.9907787 -14.949994 -1.42455 2.4904976 -0.04734206 -1.056186 995.09 
20150624191016 0.80086046 -15.582064 4.1706996 3.277292 -1.1951579 -0.94897914 995.09 
20150624191016 2.0362685 -13.623607 3.153762 3.5756998 -2.4608707 -0.8753699 995.09 
20150624191016 2.1404164 -10.31901 0.7128736 1.9682078 -2.554333 -1.4514158 995.09 
20150624191016 0.078410104 -9.178771 -2.0326772 1.1948525 0.8268061 -1.7418822 995.09 
20150624191016 0.14844051 -6.6774287 -6.935404 1.0998629 2.6300802 -1.9254472 995.09 
20150624191016 -0.94211835 -3.8833952 -4.546589 1.8686367 4.770552 -1.4068227 995.09 
20150624191016 -3.477578 -2.369661 -2.046444 2.4281893 4.414112 -1.1163563 995.09 
20150624191016 -4.4298716 -0.6667852 -0.53450555 2.4785857 2.9911017 -0.7974846 995.09 
20150624191016 -3.3399115 0.1933318 -0.6440403 1.3692545 2.149024 -0.6432411 995.16 
20150624191016 -3.4524388 0.16160862 0.59855044 0.3210097 2.0836613 -0.44348818 995.16 
20150624191016 -1.9057846 -3.8420951 0.7942764 -0.5384777 1.9764545 -0.35063666 995.16 
20150624191016 -0.6464345 -9.834782 3.7786489 -1.8594738 1.385137 -0.09101892 995.16 
20150624191016 1.9009962 -18.315044 8.845378 -3.0060678 0.6010914 0.08277224 995.16 
20150624191016 0.80086046 -19.608511 18.16421 -3.037833 0.032375857 0.5103779 995.16 
20150624191016 0.14065935 -18.544289 16.542137 -1.3399329 -0.18325958 1.3561208 995.16 
20150624191016 -1.0672154 -7.074866 5.181651 1.5494597 -0.7837401 0.69058317 995.16 
20150624191016 -3.2393548 -10.451887 -1.4030021 1.3249667 0.05222898 -0.8680395 995.16 
20150624191016 -2.2092497 -14.771028 -0.6171055 0.13164146 1.9758437 -0.6267477 995.11 
20150624191016 -2.082357 -10.662578 -5.117606 -0.453262 1.0100657 0.269697 995.11 
20150624191016 -2.6162639 -3.3674448 -5.480926 0.020158553 -1.3582588 0.32803464 995.11 
20150624191016 -3.7804444 -4.5633483 -4.185663 0.29352075 -3.1581733 -0.15607607 995.11 
20150624191016 -3.365649 -11.337742 -0.89662856 -0.5635232 -2.3768766 -0.2648101 995.11 
20150624191016 -0.05626374 -10.365696 -8.404246 -1.2812898 -0.52870387 0.6563747 995.11 
20150624191016 -2.918532 -9.197326 -5.639542 -1.4089607 -0.3539964 1.6313156 995.11 
20150624191016 -3.2615013 -12.6354 -0.45310268 -2.158187 -1.8784106 2.072971 995.11 
20150624191016 3.3321302 -19.506758 7.86196 -2.404671 -3.058297 3.1609223 995.11 
20150624191016 4.9302597 -8.848371 2.6318262 -1.7559321 -3.513086 3.3899968 995.1 
20150624191016 2.28347 -9.015965 -0.42317516 -2.0497584 -1.2913691 -0.0061086523 995.1 
20150624191016 2.0518308 -6.337452 -1.1923125 -1.5741998 3.2146783 -0.36468655 995.1 
20150624191016 -0.8062474 -4.9146976 -1.2904748 -1.2272283 0.679893 -0.49235737 995.1 
20150624191016 -1.5819688 -6.5265937 0.36870706 -1.6441438 -1.6734654 -0.53023106 995.1 
20150624191016 -1.8662802 -8.388684 2.441487 -1.5870279 -1.3848315 -0.1966986 995.1 
20150624191016 -1.4030021 -10.122087 4.1916485 -1.461495 -1.3399329 0.121256754 995.1 
20150624191016 -0.27593175 -10.487801 3.103484 -1.5778649 -0.9285152 0.27977628 995.1 
20150624191016 0.8870517 -11.086949 -1.3479356 -1.1600331 -0.35827246 0.5439755 995.1 
20150624191016 1.1893197 -10.634445 0.5686229 -0.6762278 -0.41813725 0.593761 995.21 
20150624191016 0.15203181 -12.161347 2.3301568 -0.68539083 -0.6236934 0.5870415 995.21 
20150624191017 -0.30645782 -14.583681 3.6248214 -1.1099422 -0.3662137 0.54733527 995.21 
20150624191017 2.333748 -15.689802 2.3582888 -0.8921687 0.6065892 0.4456262 995.21 
20150624191017 6.0687027 -13.839683 0.59495914 -0.25717425 0.23823744 0.38362336 995.21 
20150624191017 6.353014 -11.692084 2.6629508 0.20586158 -0.31703907 0.055588737 995.21 
20150624191017 2.5384524 -10.584765 2.96881 0.42546764 -0.23579398 -0.34666604 995.21 
20150624191017 -4.1162314 -11.604695 6.4421983 0.9825767 0.45540005 -0.6441574 995.21 
20150624191017 -10.101735 -14.0150585 4.8165355 2.010663 1.0305296 -1.1291844 995.21 
20150624191017 -3.2998085 -10.590153 -6.295553 3.7763689 1.2791518 -0.60903263 995.11 
20150624191017 -2.3690627 -12.063784 -4.5142674 3.1816916 0.35705075 -0.30176744 995.11 
20150624191017 -1.2240356 -14.100651 -1.9422961 2.1930063 1.1447614 -0.7528914 995.11 
20150624191017 -1.1534066 -13.943233 -2.8215668 2.395508 1.2275337 -0.82986045 995.11 
20150624191017 -1.3946224 -15.704167 -4.1252093 3.2821789 0.06780604 -1.1074986 995.11 
20150624191017 2.1631613 -16.495451 7.7530236 3.4538321 -2.0189097 -1.0451905 995.11 
20150624191017 1.567005 -13.144766 5.2804117 2.2989914 -3.602883 -1.2437216 995.11 
20150624191017 1.79206 -9.256582 -0.44711718 1.740966 -2.932764 -2.084883 995.11 
20150624191017 -0.16160862 -5.815516 -5.1984105 1.7003434 1.7922786 -2.0305161 995.11 
20150624191017 -1.0516531 -1.9440918 -5.865794 1.6227635 4.298964 -1.7773124 995.11 
20150624191017 -1.834557 -0.86729956 -5.3713913 1.7705929 5.0497174 -1.2583824 995.11 
20150624191017 -3.3734303 -0.46088383 -0.86370826 1.5903877 4.07386 -0.73823065 995.11 
20150624191017 -3.5236664 0.9576807 -0.017357962 0.7495316 2.819143 -0.57543504 995.11 
20150624191017 -4.361038 -0.017357962 1.103727 0.30848694 2.0271564 -0.3659083 995.11 
20150624191017 -3.074155 -5.795764 1.9189527 -0.6041457 1.8799378 -0.18967366 995.11 
20150624191017 -1.8788497 -15.63713 5.9609637 -2.3151793 1.3542882 0.086132 995.11 
20150624191017 2.5366566 -19.608511 17.02038 -3.4006867 0.33628133 0.32742378 995.11 
20150624191017 3.7972038 -19.608511 18.736423 -2.6868908 -0.19333886 1.0409144 995.11 
20150624191017 -0.0712275 -8.898649 8.94773 1.6792686 0.11575896 0.58368176 995.15 
20150624191017 -1.5777789 -3.9600096 0.25498247 2.658791 0.3313944 -0.7797695 995.15 
20150624191017 -1.5352819 -15.911864 1.3688848 1.2855659 1.6869044 -0.65301496 995.15 
20150624191017 -4.359243 -18.317438 -3.1651347 0.17165314 1.3405437 -0.09040806 995.15 
20150624191017 -6.205771 -3.5075054 -10.642226 0.5534439 -0.6200282 0.30573806 995.15 
20150624191017 -6.8162923 -4.759673 -2.5025394 0.9896017 -2.0683897 0.116675265 995.15 
20150624191017 -0.46806642 -10.517728 -6.1369376 -0.45937067 -1.9856175 -0.01282817 995.15 
20150624191017 0.29269117 -11.227011 -10.821193 -0.81214535 -0.15057829 0.68233645 995.15 
20150624191017 -1.7196354 -10.751761 -7.043143 -2.0622811 -0.9388999 1.4624114 995.15 
20150624191017 -2.7156234 -16.12435 -2.7790697 -2.6847527 -2.5662448 2.017077 994.93 
20150624191017 4.1904516 -18.480843 8.19236 -3.0234776 -3.6160169 2.9724703 994.93 
20150624191017 3.8067808 -10.623672 4.198831 -2.637716 -4.3346996 3.1627548 994.93 
20150624191017 0.5363012 -10.300454 -0.97743285 -2.0415115 -2.414445 -0.12003502 994.93 
20150624191017 0.59376204 -6.9318123 -1.9081788 -1.9049833 2.0143282 -0.43157628 994.93 
20150624191017 -1.2737153 -5.2343235 -2.2864625 -1.8374827 1.5839735 0.005497787 994.93 
20150624191017 -2.2469583 -5.4917 -0.16938977 -2.0179935 -0.15363261 -0.056199603 994.93 
20150624191017 -2.3421278 -6.884527 -1.5424645 -1.9804251 -0.5821546 0.089186326 994.93 
20150624191017 -2.4785974 -9.232041 -0.7846996 -1.5436565 -0.88117313 0.3136793 994.93 
20150624191017 -2.5959132 -9.794679 5.916671 -1.7925841 -1.5351044 0.5720753 995.16 
20150624191017 2.1320367 -9.892841 2.5899277 -2.2482896 -2.144748 0.6994407 995.16 
20150624191017 3.8534677 -10.745177 -0.8265981 -1.2852604 -0.84207773 0.8677341 995.16 
20150624191017 3.9414546 -12.077551 1.9578584 -0.54367006 -0.073303826 0.6969972 995.16 
20150624191017 1.6286557 -13.615825 3.0921116 -0.4718934 -0.4260785 0.516792 995.16 
20150624191017 2.7922378 -13.645753 1.6561891 -0.4841107 -0.5357288 0.3368922 995.16 
20150624191017 5.3857565 -11.814787 -1.6130934 -0.22693644 -0.1328632 0.1740966 995.16 
20150624191018 7.3406224 -9.22426 -0.10414778 0.38423425 -0.2406809 -0.06963864 995.16 
20150624191018 3.549404 -9.9233675 -1.1174936 0.15118915 -0.13469578 -0.26358834 995.16 
20150624191018 -4.0743327 -11.490373 3.7912183 0.5149594 0.8362745 -0.3933972 995.09 
20150624191018 -10.180145 -14.851831 4.073136 1.1835514 1.1893547 -0.9761627 995.09 
20150624191018 -7.724293 -13.766061 -1.9674352 2.6783388 1.0122037 -0.7626653 995.09 
20150624191018 -3.107674 -13.992912 -6.8240733 3.4761286 1.2525792 -0.15943582 995.09 
20150624191018 -1.8477252 -15.213356 -2.4109612 2.7394252 1.1829406 -0.5693264 995.09 
20150624191018 -1.8950106 -13.670892 -0.7541735 1.8008307 1.3988814 -1.1313224 995.09 
20150624191018 -3.0681696 -14.169484 -2.9526494 2.74981 0.72204274 -1.4746287 995.09 
20150624191018 0.29209262 -15.078682 1.1300632 3.3371568 -0.46211955 -1.2373075 995.09 
20150624191018 3.2465374 -13.915699 6.215946 3.2592716 -1.5070046 -0.5653558 995.09 
20150624191018 1.1797429 -12.161946 0.56323594 1.7672331 -3.0433307 -1.3793337 995.08 
20150624191018 0.3298013 -9.15842 -2.2547395 1.711339 0.38881573 -1.928807 995.08 
20150624191018 -0.6907272 -5.977723 -6.8198833 1.7150042 3.1337388 -1.7189748 995.08 
20150624191018 -0.5243302 -3.072958 -6.5840545 2.0995438 4.6663995 -1.3252722 995.08 
20150624191018 -2.7192147 -3.1238346 -2.5887306 2.54517 5.4254 -1.2095132 995.08 
20150624191018 -4.0827127 -2.2816741 -0.46507367 2.3900104 3.1041117 -1.2822062 995.08 
20150624191018 -4.3281183 -0.21787235 -0.7254431 1.3075571 2.1896465 -1.0891727 995.08 
20150624191018 -4.932654 0.23762453 -0.2657564 0.43035457 2.275473 -0.65026605 995.08 
20150624191018 -3.0609868 -5.459977 2.1027076 -0.43799037 2.0845776 -0.36041048 995.08 
20150624191018 -1.4065934 -13.165715 7.3310456 -1.3720033 1.3472633 -0.004276057 995.34 
20150624191018 4.83509 -19.586964 13.2189865 -2.5024095 0.5213735 0.269697 995.34 
20150624191018 3.3291376 -19.608511 15.209167 -1.7913623 -0.06352998 0.7901542 995.34 
20150624191018 -4.4819455 -12.620436 12.78803 0.54611355 0.12675454 0.52106804 995.34 
20150624191018 -3.602675 -5.969942 6.0561333 1.4929546 -0.065973446 -0.18081611 995.34 
20150624191018 -1.0307038 -6.9078703 -9.57142 1.0152581 0.22724187 -0.38331795 995.34 
20150624191018 -5.3564277 -8.889072 -7.4884644 0.065973446 1.2253957 0.056199603 995.34 
20150624191018 -8.544906 -7.4866686 -0.82899237 -0.9392053 -1.1673635 0.4792238 995.34 
20150624191018 -6.491878 -12.011111 8.293514 -1.2519683 -3.739717 0.86620694 995.34 
20150624191018 5.86759 -11.281479 -11.728596 -0.13133603 -3.376863 1.5815301 995.25 
20150624191018 2.2056582 -9.633071 -9.845556 -0.47708577 -0.36682457 1.4480561 995.25 
20150624191018 0.5093664 -11.790246 -7.181408 -2.1713204 0.20280726 1.044885 995.25 
20150624191018 -1.0139444 -19.608511 -0.19692309 -2.2531765 -2.2018638 1.9019289 995.25 
20150624191018 6.120178 -11.920731 7.0245876 -2.0916026 -3.1667254 2.713158 995.25 
20150624191018 1.4215573 -9.611523 5.6443305 -1.8393153 -2.7812696 1.1704178 995.25 
20150624191018 1.4173675 -8.087015 0.98102415 -2.593123 -0.55833083 -0.43066 995.25 
20150624191018 -1.0923545 -5.41748 -1.7052702 -1.8842138 2.5583036 -0.23487769 995.25 
20150624191018 -2.8927941 -4.7656584 -3.4087446 -1.5296066 -0.0720821 -0.6017023 995.25 
20150624191018 -2.64679 -5.9202623 0.19812019 -1.3628404 -0.70188415 -0.50946164 995.23 
20150624191018 -2.2092497 -8.049306 1.2216414 -1.3536774 -1.2125676 0.016187929 995.23 
20150624191018 -1.411382 -9.133281 2.8377275 -1.7153096 -1.9043725 0.30298916 995.23 
20150624191018 -1.4562732 -10.376471 3.816956 -1.6523905 -1.1667526 0.5360342 995.23 
20150624191018 0.075417355 -11.533468 0.50038815 -1.20371 -0.047647487 0.7144069 995.23 
20150624191018 1.3144168 -12.367847 -0.0688333 -0.98807454 0.2602286 0.8576548 995.23 
20150624191018 2.9400797 -11.314399 2.1320367 -0.81092364 0.086437434 0.76083267 995.23 
20150624191018 0.6901286 -11.838729 1.8183962 -0.6059783 -0.17684549 0.7901542 995.23 
20150624191018 -1.827973 -13.72536 2.207454 -0.850019 -0.026267206 0.54336464 995.23 
20150624191018 1.5664065 -12.717999 3.3973722 -0.53786683 0.5195409 0.183565 995.14 
20150624191018 6.072294 -10.787076 0.065242 -0.0030543262 0.13164146 0.2489276 995.14 
20150624191018 7.0784574 -10.024523 0.44951138 0.5525276 -0.12461651 0.15241088 995.14 
20150624191018 3.7547069 -9.8754835 1.13964 0.68539083 0.48197266 -0.3399465 995.14 
20150624191019 -6.163274 -14.529213 4.219182 1.2892311 1.3277156 -0.86406887 995.14 
20150624191019 -8.690353 -15.519814 -0.45370123 2.1649065 1.9214766 -0.93126404 995.14 
20150624191019 -0.9259575 -10.077195 -6.127361 3.6850445 1.6951511 -0.269697 995.14 
20150624191019 -1.6897079 -13.749302 -4.63697 2.9911017 0.48808134 -0.14110987 995.14 
20150624191019 -3.8193502 -17.303493 -1.4820108 1.7571539 0.67347896 -1.2110404 995.14 
20150624191019 -2.866458 -14.707581 -1.4293385 1.9969184 0.5375614 -1.4071281 995.19 
20150624191019 -0.48482585 -13.873201 -0.18555063 3.0909781 -0.11484267 -0.89552844 995.19 
20150624191019 2.1918917 -12.946047 5.8634 3.4880404 -1.5940529 -0.4111123 995.19 
20150624191019 1.0737995 -11.996746 0.46627077 1.2479976 -3.3533447 -1.1325442 995.19 
20150624191019 0.017956512 -10.038888 -3.5392287 0.9602802 0.121256754 -1.8359555 995.19 
20150624191019 -0.943914 -7.1131735 -4.519056 1.541213 3.2812626 -1.9214766 995.19 
20150624191019 -0.7721301 -4.698621 -4.8985367 1.7617353 4.3295074 -1.7241671 995.19 
20150624191019 -2.0350714 -2.813187 -2.8072014 2.3170118 5.427843 -1.6163495 995.19 
20150624191019 -2.3223755 -2.1990743 -1.3192052 2.5271494 4.4034224 -1.6062702 995.19 
20150624191019 -4.739322 -0.75237787 -0.9235633 1.287704 2.9379563 -1.3045027 995.06 
20150624191019 -5.3923407 -0.88645315 -1.4101849 0.17898351 2.207667 -0.83658 995.06 
20150624191019 -4.9146976 -2.7898436 -1.9853917 -0.258396 1.8939877 -0.46303585 995.06 
20150624191019 -2.4426842 -7.8206596 -1.4173675 -0.97433007 1.7180585 0.06994407 995.06 
20150624191019 -1.3605051 -12.248735 2.3666685 -1.7220291 1.0002918 0.5488624 995.06 
20150624191019 -1.0085574 -18.747797 16.928204 -1.9425515 -0.01038471 0.82619524 995.06 
20150624191019 5.685032 -17.836205 19.608511 -1.2822062 -0.50762904 0.92087936 995.06 
20150624191019 2.0159178 -9.177573 4.59567 0.45204028 -1.2773192 0.7715228 995.06 
20150624191019 1.9015948 -7.793725 -0.6063316 1.0928379 -1.2104294 -0.3820962 995.06 
20150624191019 0.24420857 -12.873024 -5.8161144 0.3662137 2.4599543 -0.5183192 995.12 
20150624191019 -3.2728736 -10.726623 -4.3418846 0.0036651916 1.0680978 -0.30543262 995.12 
20150624191019 -4.207211 -7.0928226 -3.6978445 -0.49754974 -0.8940013 -0.046120327 995.12 
20150624191019 -4.6806645 -6.8144965 -0.43035775 -0.56077427 -3.2809572 -0.17348573 995.12 
20150624191019 -1.8836381 -11.642405 3.2998085 -0.75991637 -3.0231721 -0.27366763 995.12 
20150624191019 -0.42916065 -9.592968 -8.347384 -0.7724391 -1.3121386 0.19700404 995.12 
20150624191019 -3.1477766 -7.9756846 -4.76506 -1.0070114 -0.040011674 1.2147056 995.12 
20150624191019 -2.9179332 -10.882844 -1.8189948 -2.2116377 -1.1236867 1.677436 995.12 
20150624191019 -0.09876082 -16.575657 1.3940239 -2.4538457 -3.048523 2.3475552 995.12 
20150624191019 5.903503 -10.642825 2.042254 -2.1157317 -3.7137554 2.4969118 995.19 
20150624191019 3.8492777 -8.828619 -1.6430209 -2.1093178 -2.2565362 0.7470882 995.19 
20150624191019 0.97384155 -7.777564 -1.851915 -2.1374176 1.239751 -0.42332962 995.19 
20150624191019 0.09935937 -5.2241483 1.6118963 -1.7406605 1.983174 -0.116980694 995.19 
20150624191019 -2.4498668 -6.269816 1.3754689 -1.4309518 -1.0424415 0.087659165 995.19 
20150624191019 -1.9261353 -8.9040365 -0.320823 -1.2745703 -2.0576997 -0.079107046 995.19 
20150624191019 -0.46267948 -9.072827 1.1737574 -1.3500122 -0.766025 0.22052236 995.19 
20150624191019 -0.79607207 -9.730635 3.6230257 -1.3176364 -0.36377025 0.42241332 995.19 
20150624191019 -0.31184477 -11.012131 -0.12090719 -1.3649784 -0.8173377 0.40653083 995.19 
20150624191019 0.24061728 -11.824963 -0.3184288 -1.0946705 -1.1175779 0.40744713 995.22 
20150624191019 1.3748703 -12.120646 3.3028011 -0.8405506 -1.1233811 0.5647449 995.22 
20150624191019 1.5682021 -13.925874 3.657143 -1.0491611 -1.1438452 0.64904433 995.22 
20150624191019 2.520496 -15.107412 1.525705 -0.7180721 0.21044308 0.47494772 995.22 
20150624191019 5.2899885 -12.682685 0.5470751 -0.010995574 0.4147775 0.24953845 995.22 
20150624191019 6.699575 -10.018537 3.1172507 0.24495697 -0.5213735 -0.1386664 995.22 
20150624191019 1.4101849 -9.412804 2.4091654 0.33017266 -0.37110063 -0.46822822 995.22 
20150624191019 -7.020398 -12.418126 7.819463 1.0390818 0.6789767 -0.7425067 995.22 
20150624191020 -8.308478 -12.787432 1.5047557 1.971873 0.8072584 -1.1664472 995.22 
20150624191020 -3.0388405 -13.343485 -5.0643353 3.6172385 0.7629707 -0.49571714 995.06 
20150624191020 -1.0061632 -15.482105 -4.602853 3.143818 0.3213151 -0.27947086 995.06 
20150624191020 -1.2084733 -14.95179 -0.58119243 2.21683 0.6899723 -0.57971114 995.06 
20150624191020 -1.982399 -13.607446 -1.9728222 2.5631905 1.3371841 -0.71593404 995.06 
20150624191020 -3.6762967 -15.328278 -0.9307459 3.7662897 0.59956425 -0.8426886 995.06 
20150624191020 -0.8265981 -13.724761 2.9951463 3.8945713 -1.4178182 -0.44532076 995.06 
20150624191020 1.2372037 -10.985196 3.7056258 2.454762 -3.1844406 -0.26450464 995.06 
20150624191020 1.240795 -9.261371 -0.19632454 0.9492846 -2.6077838 -1.183246 995.06 
20150624191020 -0.010773907 -7.016208 -5.5856724 1.6581937 1.3093897 -1.8683313 995.06 
20150624191020 -1.2425907 -3.4991257 -5.840655 2.1859813 3.4593298 -1.8808541 995.21 
20150624191020 -2.2649148 -1.6490064 -4.7668557 2.4724772 4.5451427 -1.5271631 995.21 
20150624191020 -2.7856536 -0.6147113 -1.8974048 2.207056 3.7797287 -1.0876455 995.21 
20150624191020 -2.8880057 0.8499416 0.46267948 1.0149527 2.515543 -0.86742866 995.21 
20150624191020 -3.7499185 1.6753427 0.6859388 0.16615535 1.7644843 -0.6545421 995.21 
20150624191020 -3.7128084 -1.6136919 1.733402 -0.84971356 1.6105462 -0.3848451 995.21 
20150624191020 -2.095525 -10.017939 4.184466 -2.2870796 1.284955 -0.040011674 995.21 
20150624191020 0.28790274 -19.257761 11.97041 -3.220787 0.6420194 0.20250183 995.21 
20150624191020 2.6850972 -19.608511 16.83483 -2.5552492 0.54702985 1.0012082 995.21 
20150624191020 -3.651756 -13.56016 13.092093 1.3350459 0.79534656 0.890947 995.28 
20150624191020 -3.8630445 -5.6389437 4.398747 2.000889 -0.30940324 -0.44898596 995.28 
20150624191020 -5.4288526 -15.322891 -0.05805939 0.86437434 0.97127575 -0.54519725 995.28 
20150624191020 -5.53719 -13.218388 -1.1785458 0.42943826 1.1426234 -0.062308256 995.28 
20150624191020 -2.8574798 -2.5683799 -8.221688 1.0873401 -0.63346726 0.67256266 995.28 
20150624191020 -1.1288661 -3.306991 -7.6608467 1.4761559 -1.992337 0.5739079 995.28 
20150624191020 1.30484 -9.982624 -12.2319765 -0.1685988 -1.5598444 0.6588182 995.28 
20150624191020 -0.4261679 -12.166735 -10.71106 -1.5473217 -0.9242391 0.80970186 995.28 
20150624191020 -2.5911248 -14.098257 -5.952584 -2.7235427 -1.5329664 1.2968669 995.28 
20150624191020 -2.2493525 -19.226637 1.3826514 -2.9856038 -3.5570683 1.999362 994.99 
20150624191020 5.876568 -15.667656 12.236765 -2.967278 -5.011233 3.26874 994.99 
20150624191020 1.1976994 -11.410167 3.6008794 -2.58396 -5.621182 2.207667 994.99 
20150624191020 3.1364043 -8.277354 -2.4588451 -2.2385156 -1.8002199 -0.37415496 994.99 
20150624191020 1.2988545 -5.345055 -2.2852654 -1.7773124 3.2406402 0.02443461 994.99 
20150624191020 -1.459266 -4.5992613 -2.7126305 -1.9569068 1.0531317 -0.2779437 994.99 
20150624191020 -2.0919337 -4.9506106 2.6833014 -1.9990565 -0.86437434 -0.31764993 994.99 
20150624191020 -3.558981 -8.313267 3.6116533 -1.8729129 -1.0680978 0.08399397 994.99 
20150624191020 -1.4514848 -9.350554 -1.2826935 -1.3026701 -1.3136657 0.31703907 994.99 
20150624191020 1.4885949 -9.668385 -0.2136825 -1.1071932 -0.66798115 0.54183745 995.11 
20150624191020 1.7328035 -11.066 4.6004586 -1.3787229 -0.3576616 0.5027421 995.11 
20150624191020 1.4012065 -10.934917 4.1293993 -1.3662001 -1.4666874 0.50610185 995.11 
20150624191020 1.30484 -10.187328 -1.5622166 -1.133155 -1.7363845 0.6817256 995.11 
20150624191020 1.8579005 -10.160394 1.1348516 -0.7058548 -0.6948592 0.6554584 995.11 
20150624191020 -0.8110358 -12.620436 3.2477345 -0.6786713 -0.043982297 0.50488013 995.11 
20150624191020 0.76315176 -14.176667 3.5817258 -0.8258898 -0.076052725 0.22082779 995.11 
20150624191020 4.4400473 -13.069947 -0.01316811 -0.16737708 0.13103059 0.28496864 995.11 
20150624191020 6.749853 -11.588534 -1.3359646 0.57451874 -0.4352415 0.06872234 995.11 
20150624191020 5.4007206 -9.724648 2.0775685 0.24098633 0.058643065 -0.2012801 995.2 
20150624191020 -4.6722846 -11.474212 5.3019595 0.3145956 0.84635377 -0.63713247 995.2 
20150624191020 -8.764574 -13.573927 3.9677908 1.466382 1.1154399 -1.1200215 995.2 
20150624191020 -4.9494133 -13.352463 -1.3090298 2.9226847 0.5525276 -0.65057147 995.2 
20150624191021 -0.15382746 -13.582905 -6.0387754 3.3163874 0.21044308 -0.33414328 995.2 
20150624191021 -0.9816227 -15.248671 -3.1794999 2.5256224 0.43096542 -0.7144069 995.2 
20150624191021 -2.2014685 -16.554708 -2.722806 2.0882428 1.2791518 -1.2159272 995.2 
20150624191021 -3.4141316 -15.75265 -2.172738 2.5729644 0.7672467 -1.3839152 995.2 
20150624191021 -0.22146365 -12.944251 2.9161377 3.1239648 -0.1685988 -1.103528 995.2 
20150624191021 0.4782418 -13.48175 6.2925606 3.143207 -1.892155 -0.44684792 995.05 
20150624191021 1.780089 -11.298238 -0.9475053 1.7650951 -3.3163874 -1.3582588 995.05 
20150624191021 -0.10414778 -8.391078 -3.4183214 1.9037615 1.2183707 -1.7730364 995.05 
20150624191021 -1.1839328 -5.571307 -5.6616883 2.0702224 3.9251146 -1.6835446 995.05 
20150624191021 -0.76554596 -3.7044287 -5.345055 2.1777346 5.141958 -1.2363913 995.05 
20150624191021 -1.8842367 -2.9987376 -3.927688 2.2052236 4.740009 -1.0073168 995.05 
20150624191021 -3.775656 -2.0757728 -1.7423803 1.9257526 3.1306844 -1.056186 995.05 
20150624191021 -4.614824 0.8122329 -1.5807717 1.20371 2.4862216 -0.97005403 995.05 
20150624191021 -4.6441526 1.6573862 -1.1803415 0.4392121 2.1267273 -0.53969944 995.05 
20150624191021 -3.494936 -1.8632874 -1.2749124 -0.23884831 1.9620992 -0.28221974 995.31 
20150624191021 -2.9257145 -8.200141 2.6731262 -1.4758505 1.4828753 0.11942416 995.31 
20150624191021 -0.3633201 -16.676214 8.97646 -2.6740627 0.45631635 0.31215215 995.31 
20150624191021 2.7060466 -19.608511 16.749237 -2.3906212 -0.23609942 0.7495316 995.31 
20150624191021 -1.3934253 -19.224243 15.808914 -0.59650993 0.024129177 0.90133166 995.31 
20150624191021 -4.9200845 -5.9561753 12.616844 1.536326 -0.052839845 0.09040806 995.31 
20150624191021 -3.98874 -3.8983588 0.47046062 0.90469146 -1.1569787 -0.6585127 995.31 
20150624191021 -4.137779 -13.687651 2.4594438 -0.16187929 1.0729848 -0.43799037 995.31 
20150624191021 -2.0566192 -12.233173 -4.365228 -0.700357 1.0085385 0.36865717 995.31 
20150624191021 -0.5979519 -7.055114 -6.117784 -0.12980886 -1.2547172 0.8940013 995.31 
20150624191021 -1.632247 -4.192846 -4.768651 0.7828238 -2.2586741 0.5198463 995.31 
20150624191021 -0.8690952 -9.578004 -3.9085343 0.2666427 -2.797152 -0.005192355 995.31 
20150624191021 -1.4030021 -10.662578 -8.095993 -1.1490375 -1.5509869 0.021991149 995.31 
20150624191021 -2.460641 -8.318055 -4.8542438 -1.7528778 -0.49357912 0.7632761 995.31 
20150624191021 -3.0071173 -12.348095 -1.0432734 -2.6551259 -2.3808472 1.6594155 995.31 
20150624191021 1.3329718 -19.608511 6.4577603 -2.8017335 -4.1853433 2.329229 995.31 
20150624191021 7.6847887 -10.833164 2.0817583 -2.6111436 -4.595539 3.3215797 995.31 
20150624191021 3.2309752 -8.649054 -1.2389994 -2.1227567 -3.549127 1.2760975 995.31 
20150624191021 1.5759833 -6.291962 -0.62847793 -1.9999728 0.870483 -0.75900006 994.96 
20150624191021 0.25977087 -3.9091327 -1.3090298 -1.6099354 1.9599612 -0.66828656 994.96 
20150624191021 -1.9835961 -6.101623 1.8052281 -1.5421293 -0.53786683 -0.18387043 994.96 
20150624191021 -2.2619221 -8.22528 -0.6997054 -1.6038266 -1.072374 -0.15974127 994.96 
20150624191021 -1.1198878 -9.283517 -1.0013748 -1.1963795 -0.84116143 0.007941248 994.96 
20150624191021 -1.6915035 -9.449914 5.0224366 -1.2247849 -0.9633345 0.22571471 994.96 
20150624191021 -2.0290859 -10.229825 4.8482585 -1.6487253 -1.5286902 0.19181168 994.96 
20150624191021 1.0229226 -10.58716 -1.7609353 -1.3946054 -1.1304061 0.4092797 994.96 
20150624191021 2.0266917 -11.129447 0.8690952 -0.49449542 -0.36926803 0.6569856 994.96 
20150624191021 2.8281507 -10.92175 2.1817162 -0.6814202 -0.70402217 0.5870415 995.14 
20150624191021 1.6681601 -12.823344 3.0556 -0.99204516 -0.41508293 0.54183745 995.14 
20150624191021 2.3391352 -13.062764 0.3405752 -0.55924714 0.27030787 0.3222314 995.14 
20150624191021 5.3007627 -10.734404 -1.9835961 0.07391469 -0.17806722 0.16676621 995.14 
20150624191021 6.4260373 -10.166978 0.6913257 0.17867808 -0.30757064 -0.10751228 995.14 
20150624191021 -1.127669 -11.220427 5.047576 0.09987647 0.25259277 -0.5354234 995.14 
20150624191021 -8.656835 -13.208811 3.1489737 0.73426 0.7834347 -0.86376345 995.14 
20150624191021 -5.187038 -13.728353 -1.7908629 2.126422 0.5342017 -0.7275405 995.14 
20150624191021 -2.4007857 -13.9833355 -4.941034 3.068987 -0.026267206 -0.38881573 995.14 
20150624191022 -1.1725603 -13.858836 -2.9706059 2.79929 -0.34666604 -0.55955255 995.19 
20150624191022 -2.2649148 -15.473725 -0.700304 1.9501873 -0.22357668 -0.77396625 995.19 
20150624191022 -3.052607 -15.379154 -0.22984336 2.2321017 0.32986724 -1.2400564 995.19 
20150624191022 -4.1892543 -15.44739 1.4975731 3.0601294 -0.24678956 -1.2577715 995.19 
20150624191022 -2.2062569 -12.570756 1.8423382 3.4275649 -1.3023647 -0.8338311 995.19 
20150624191022 1.845331 -10.543466 0.25139117 2.8050933 -2.0592268 -0.22724187 995.19 
20150624191022 1.5933412 -9.5570545 -0.08020575 1.4926492 -2.039679 -0.4364632 995.19 
20150624191022 -0.61530983 -8.823232 -1.3569138 0.91690874 -0.2724459 -1.0164797 995.19 
20150624191022 -1.2773066 -6.4260373 -5.3522377 0.8793405 1.4785993 -1.498147 995.19 
20150624191022 -0.6386533 -3.0256724 -6.0884547 1.7263051 3.4840698 -1.3787229 995.17 
20150624191022 -2.629432 -0.86490536 -1.8231846 2.3197608 3.8612792 -1.0687088 995.17 
20150624191022 -3.6804867 1.1641805 -0.7954735 2.2403483 2.36863 -0.8915578 995.17 
20150624191022 -3.525462 1.4359225 -0.18734628 1.3683381 1.5946637 -0.64873886 995.17 
20150624191022 -3.5104983 -0.22744916 0.9020155 -0.01985312 1.6994271 -0.1994475 995.17 
20150624191022 -1.2898762 -4.9266686 -0.20111294 -1.3891076 1.4153748 0.204029 995.17 
20150624191022 -0.26994625 -12.160151 4.3478703 -2.2898283 1.2205088 0.3032946 995.17 
20150624191022 2.831742 -19.608511 12.042236 -2.8835895 1.2339478 0.25595254 995.17 
20150624191022 4.5513773 -19.608511 19.608511 -1.0454959 1.0708468 0.9092729 995.17 
20150624191022 -0.9056068 -13.418902 12.7814455 1.5378532 -0.22113322 1.0329732 995.11 
20150624191022 -3.3614593 -4.9703627 3.5984852 1.9251418 -1.8680259 -0.5299256 995.11 
20150624191022 -4.7261543 -8.438364 0.6805518 0.22418754 0.86315256 -0.92087936 995.11 
20150624191022 -4.836886 -12.119449 5.16549 -0.5571091 2.0295997 -0.44715336 995.11 
20150624191022 -4.0575733 -10.62427 -2.5462334 -0.43554693 0.06352998 0.111177474 995.11 
20150624191022 -1.0139444 -7.6255326 -6.3685765 0.069027774 -1.056186 0.49235737 995.11 
20150624191022 -2.9526494 -7.193379 -4.7279496 0.13439035 -1.8319849 0.37568212 995.11 
20150624191022 -1.1623849 -10.973225 -0.38367084 -0.25442538 -2.6823094 0.11178834 995.11 
20150624191022 -0.6697779 -10.758346 -3.6056678 -0.97158116 -1.8777997 0.31795537 995.11 
20150624191022 -2.1458032 -6.917447 -4.919486 -1.1499538 -0.8026769 0.88697636 994.89 
20150624191022 -2.3391352 -10.028113 -1.702876 -1.8548924 -1.4013249 1.3158038 994.89 
20150624191022 -2.4534583 -17.117943 0.97025025 -2.3890939 -2.350915 1.7730364 994.89 
20150624191022 4.8404775 -15.329475 2.7090392 -2.7113254 -2.982244 2.4349089 994.89 
20150624191022 2.6623523 -8.690952 -1.1558008 -2.0683897 -3.1496212 2.1410828 994.89 
20150624191022 1.447295 -7.726089 0.4914099 -1.4746287 -1.2089024 -0.20647246 994.89 
20150624191022 0.6027403 -5.108628 2.3415294 -1.9504927 1.1844677 -0.5537493 994.89 
20150624191022 -0.3561375 -5.831078 0.53211135 -1.7941113 1.2803736 0.023518313 994.89 
20150624191022 -0.25558102 -7.7608047 -0.7278373 -1.4825699 -0.4831944 0.086437434 994.89 
20150624191022 0.45848963 -8.837597 -1.8154035 -1.4181237 -1.4486669 -0.06078109 995.13 
20150624191022 0.46627077 -8.954314 1.9596541 -1.1133019 -1.5176947 0.049785517 995.13 
20150624191022 -0.7068881 -9.783307 5.1170077 -1.3414601 -1.9434677 0.22082779 995.13 
20150624191022 -1.5735891 -10.26933 2.4355016 -1.5919148 -1.7342464 0.3549127 995.13 
20150624191022 -0.36152446 -10.991181 -0.41240123 -1.1542299 -0.1563815 0.5222898 995.13 
20150624191022 1.5496471 -12.947245 2.2134395 -0.7125743 0.28160888 0.63713247 995.13 
20150624191022 2.8951883 -14.811131 3.280655 -0.7507534 -0.47769663 0.60903263 995.13 
20150624191022 3.7301662 -15.003265 1.7896658 -0.65668017 -0.57940567 0.55680364 995.13 
20150624191022 5.819107 -12.559383 0.3441665 -0.06383542 -0.21471913 0.32284227 995.13 
20150624191022 5.1170077 -9.968858 2.8927941 0.26633725 -0.22296582 -0.14935656 995.14 
20150624191022 -0.10055647 -10.99178 7.3071036 0.46181414 0.13652839 -0.58459806 995.14 
20150624191022 -6.2207346 -13.175292 5.828684 1.3045027 0.76174897 -0.86926126 995.14 
20150624191022 -2.96881 -13.843873 -5.269039 2.6752844 0.55955255 -0.82986045 995.14 
20150624191022 -0.7032967 -13.215395 -5.01705 3.3350189 0.09040806 -0.3399465 995.14 
20150624191022 -1.1528081 -15.219341 -2.099715 2.3503041 0.36041048 -0.7131852 995.14 
20150624191023 -1.0133458 -14.466964 -0.7248446 2.2470677 1.2611313 -0.90194255 995.14 
20150624191023 -2.858677 -16.23568 -0.98940384 3.0182853 0.82894415 -1.17897 995.14 
20150624191023 -1.9752164 -14.975133 2.344522 3.4785721 -0.766025 -1.2623531 995.14 
20150624191023 1.816002 -11.825561 1.4568717 3.3191364 -1.7458528 -0.8744536 994.97 
20150624191023 2.854487 -9.106945 1.7753005 2.0842721 -2.1801782 -1.0140363 994.97 
20150624191023 0.25797522 -7.94037 0.65182143 1.099252 -0.8744536 -1.8832976 994.97 
20150624191023 -0.98461545 -6.2793927 -6.1608796 1.3051136 1.7919732 -2.2730296 994.97 
20150624191023 -1.6112977 -2.3421278 -6.6121864 1.9587394 4.189314 -1.9248364 994.97 
20150624191023 -3.0142999 -0.7134721 -3.465607 2.5079072 5.362786 -1.0638218 994.97 
20150624191023 -4.348469 0.27593175 -0.86251116 2.062892 3.825849 -0.6047566 994.97 
20150624191023 -3.2076318 1.1145009 -0.20290859 1.1368202 2.218357 -0.5873469 994.97 
20150624191023 -3.8085763 0.45729253 1.0295067 0.21777347 1.9013181 -0.29871312 994.97 
20150624191023 -1.4425066 -4.7746367 1.8722657 -0.9407325 1.5005904 0.054367006 995.24 
20150624191023 -1.501763 -12.806585 4.767454 -2.63344 0.61941737 0.31673363 995.24 
20150624191023 3.169923 -19.608511 12.346898 -3.5311065 0.093462385 0.40317106 995.24 
20150624191023 4.5777135 -19.608511 19.120693 -2.6004534 0.37995818 1.1795808 995.24 
20150624191023 -2.4492683 -12.203845 9.982624 0.9960158 0.39400807 0.8359691 995.24 
20150624191023 -3.6900635 -7.865551 2.3080103 1.8167132 -0.6921103 -0.5751296 995.24 
20150624191023 -6.169858 -19.282303 2.8742392 0.93218035 1.6636915 -0.59712076 995.24 
20150624191023 -2.4235306 -16.572664 1.4466964 0.4615087 1.7244726 -0.12736541 995.24 
20150624191023 -4.268263 -2.9418752 -8.981848 1.2986995 -0.4718934 0.26328292 995.24 
20150624191023 -6.301539 1.8471266 -6.7809777 1.6850718 -1.7638733 -0.13225232 995.25 
20150624191023 -5.9501896 -3.911527 -5.7975593 -0.37384954 -2.0873265 0.0021380284 995.25 
20150624191023 1.2958617 -13.055582 -12.516887 -1.2678508 -1.0436633 1.2819008 995.25 
20150624191023 -0.20590134 -14.867992 -7.491457 -2.6444356 -1.6355917 2.250122 995.25 
20150624191023 -0.13227965 -19.608511 0.79367787 -3.1089988 -3.1245756 2.6713138 995.25 
20150624191023 11.42094 -13.680469 11.2605295 -2.5870142 -4.5799623 3.6236527 995.25 
20150624191023 1.9614497 -12.838906 3.3452983 -2.659402 -5.8679714 2.9614747 995.25 
20150624191023 1.3784616 -9.077017 0.20350714 -2.7739391 -1.7806722 -0.05375614 995.25 
20150624191023 -0.13587095 -5.7478795 -2.5689783 -1.6087136 2.6087 -0.28924468 995.25 
20150624191023 -2.5264814 -5.080496 -2.7766755 -1.4309518 0.6753115 -0.38240165 995.1 
20150624191023 -2.6743233 -4.8877625 1.8118122 -1.677436 -0.061086524 -0.45631635 995.1 
20150624191023 -2.6809072 -6.0645127 0.9876082 -1.7128662 -0.52656585 -0.10445796 995.1 
20150624191023 -1.9578584 -7.8733325 -1.673547 -1.2165382 -0.6951646 0.2764165 995.1 
20150624191023 0.08080431 -8.2169 0.789488 -1.2165382 -0.6261369 0.43401974 995.1 
20150624191023 0.7308301 -8.608951 3.5817258 -1.6911805 -0.95569867 0.55771995 995.1 
20150624191023 -0.7314286 -9.802461 1.4945804 -1.5357152 -1.4446963 0.6096435 995.1 
20150624191023 0.7284359 -10.986992 0.8451532 -1.0742066 -1.1081096 0.68691796 995.1 
20150624191023 2.8880057 -12.169727 4.797382 -1.0436633 -0.48747048 0.84635377 995.1 
20150624191023 1.8602947 -14.407707 2.9765913 -0.9773844 -0.18173242 0.83169305 995.14 
20150624191023 2.8407204 -14.108432 -0.0011971008 -0.71929383 -0.058948494 0.5296202 995.14 
20150624191023 4.856638 -12.321759 -0.8026561 0.0870483 -0.07238753 0.4092797 995.14 
20150624191023 5.5898623 -9.89344 -0.82001406 0.06169739 -0.6469063 0.065973446 995.14 
20150624191023 -0.47405192 -10.718243 3.3075895 -0.04886922 0.33658674 -0.21074851 995.14 
20150624191023 -5.33069 -12.028469 3.603872 0.7834347 0.9370673 -0.7174612 995.14 
20150624191023 -4.787805 -15.85201 3.1250317 2.1022928 0.5216789 -0.9783007 995.14 
20150624191023 -3.894169 -14.554951 -2.4797945 2.8756483 0.26206118 -1.0928379 995.14 
20150624191023 -2.895787 -13.939042 -5.823297 2.980717 0.5531385 -1.0464121 995.14 
20150624191023 -2.5007436 -14.609419 -2.6539726 2.0018053 1.0235047 -0.9437868 995.24 
20150624191024 -2.5061307 -13.778032 -1.2982559 1.9862283 0.86467975 -1.0461067 995.24 
20150624191024 -2.8802247 -14.326903 -0.40641573 2.7834074 -0.47067168 -1.1074986 995.24 
20150624191024 1.5580268 -14.663887 4.198831 3.465744 -1.5457945 -0.8384125 995.24 
20150624191024 2.7269957 -12.605472 1.875857 3.066849 -2.8130345 -0.5885687 995.24 
20150624191024 2.079364 -9.800665 -1.5999253 1.6820174 -2.4303274 -1.3637567 995.24 
20150624191024 -0.3369839 -7.5962033 -4.309563 1.5919148 1.8701639 -1.6771306 995.24 
20150624191024 -1.0702082 -4.369418 -7.000047 1.5329664 3.4746015 -1.7003434 995.24 
20150624191024 -1.6154876 -1.8231846 -5.566519 1.8008307 4.990158 -1.3353515 995.24 
20150624191024 -3.550601 -0.6835446 -1.9339164 2.0357084 4.5378127 -1.1252137 995.13 
20150624191024 -4.6405616 -0.034117375 -0.3333926 2.1267273 3.199712 -0.8597928 995.13 
20150624191024 -4.2293572 1.0642227 -0.15203181 1.3112222 1.9523253 -0.66339964 995.13 
20150624191024 -1.8555063 -2.1086931 0.35254622 -0.070554934 1.9159788 -0.36193767 995.13 
20150624191024 1.1085154 -7.9649105 -0.8182184 -1.1658363 2.1468859 -0.04337143 995.13 
20150624191024 -0.74639237 -15.515624 4.696825 -2.547308 1.9419407 0.043982297 995.13 
20150624191024 -2.367267 -19.494188 16.345814 -2.7882943 1.3600914 0.52656585 995.13 
20150624191024 0.4165911 -19.608511 19.608511 -1.5079209 -0.34483343 1.3368785 995.13 
20150624191024 -0.8643068 -10.2178545 8.043321 1.4013249 -1.4923438 0.9990701 995.13 
20150624191024 -0.6099229 -5.695207 -1.4263457 1.5601498 -1.1178834 -0.91354895 995.12 
20150624191024 -0.89303726 -9.76954 1.8626889 0.8979719 2.8512135 -0.8793405 995.12 
20150624191024 -1.5520413 -14.219164 0.29747957 0.3475823 2.2156084 -0.47647488 995.12 
20150624191024 -3.3836055 -14.197018 -0.9636662 0.09132435 0.020463986 0.048563786 995.12 
20150624191024 -3.578733 -6.384139 -7.5070195 0.49266282 -1.6178766 0.14721853 995.12 
20150624191024 -4.7860093 -6.0507464 -1.459266 0.18448131 -2.7690523 -0.24770586 995.12 
20150624191024 -1.9303252 -7.33344 -5.9358244 -0.3100141 -0.8029824 -0.32253686 995.12 
20150624191024 0.110731825 -8.644265 -10.389638 -0.86467975 0.59956425 0.63255095 995.12 
20150624191024 -3.0945058 -12.537836 -3.2237926 -2.2256875 -0.44257188 1.2159272 995.12 
20150624191024 0.19871874 -19.608511 5.589264 -2.8441887 -2.792876 1.8270979 994.96 
20150624191024 7.829638 -12.315175 5.3288946 -2.6603181 -4.0259075 3.0854805 994.96 
20150624191024 0.98940384 -10.796054 0.97743285 -1.8182404 -4.0292673 2.1316142 994.96 
20150624191024 0.91578215 -7.8589673 -0.6877344 -1.6560557 -0.8961393 -0.58123827 994.96 
20150624191024 -0.24899697 -5.3145294 -1.3377602 -1.559539 2.1294763 -0.31123585 994.96 
20150624191024 -2.0829554 -4.7201686 -1.3311762 -1.5082263 1.2202033 -0.22907446 994.96 
20150624191024 -2.8682537 -5.9322333 1.5699978 -1.5974126 0.19394971 -0.32711834 994.96 
20150624191024 -2.0919337 -7.9068513 1.8830396 -1.6572775 -0.39522982 -0.16462818 994.96 
20150624191024 -0.770933 -9.161413 -0.98581254 -1.3732251 -0.7324274 0.23548855 994.96 
20150624191024 0.24779987 -9.317036 0.7146692 -1.2070698 -0.6404922 0.408058 995.07 
20150624191024 -0.61770403 -9.956886 3.436278 -1.5103643 -0.66431594 0.50518554 995.07 
20150624191024 -1.22224 -10.324396 1.1761516 -1.4162911 -1.056186 0.48747048 995.07 
20150624191024 0.7733272 -11.09114 0.694917 -1.0002918 -0.8414669 0.6270532 995.07 
20150624191024 2.8191724 -12.203246 1.8764555 -0.95111716 -0.2751948 0.79137594 995.07 
20150624191024 1.9003977 -13.954006 3.1232362 -0.88025683 -0.15027285 0.63407815 995.07 
20150624191024 2.6581624 -13.7923975 2.5791538 -0.66553766 0.061086524 0.36346483 995.07 
20150624191024 4.256292 -12.178705 -1.9363106 -0.106595986 -0.13164146 0.17104226 995.07 
20150624191024 5.6257753 -10.861296 -0.59017074 0.36713 -0.28619036 -0.100792766 995.07 
20150624191024 1.1330559 -11.036672 4.051588 0.10995574 0.17837265 -0.36743546 995.11 
20150624191024 -5.241506 -12.160151 5.1726727 0.4728097 0.63529986 -0.79412484 995.11 
20150624191024 -8.8777 -13.710995 3.9055414 1.9578232 1.0064005 -1.0317514 995.11 
20150624191024 -5.020641 -12.984953 -2.1098902 3.0723467 0.19730948 -0.6945538 995.11 
20150624191024 -1.2755109 -12.962208 -5.466561 3.0735686 0.025350908 -0.5729916 995.11 
20150624191024 -0.85532856 -14.458584 -3.5104983 2.0748038 0.3323107 -0.7247916 995.11 
20150624191025 -0.0664391 -14.136564 -1.1540052 1.7999145 0.97127575 -0.84849185 995.11 
20150624191025 -0.9283517 -15.800534 -1.6496049 2.8313603 0.21930063 -1.1948525 995.11 
20150624191025 0.94211835 -14.06354 6.427833 3.3457088 -1.4379768 -1.16492 995.11 
20150624191025 -0.0017956513 -12.1044855 2.7210102 2.8570168 -2.3356433 -0.9053023 995.03 
20150624191025 0.7326257 -9.504981 -1.4155718 1.7079792 -2.52043 -1.5946637 995.03 
20150624191025 -0.53929394 -7.264008 -5.04997 1.5241088 1.4483615 -1.6523905 995.03 
20150624191025 -0.3633201 -4.0360255 -6.736685 1.4669929 3.544851 -1.3881912 995.03 
20150624191025 -1.1228806 -2.9939492 -4.0144777 1.9752327 5.203961 -0.9932669 995.03 
20150624191025 -2.4827871 -2.6180596 -1.8369513 2.3802364 4.007276 -0.9654725 995.03 
20150624191025 -3.7032316 -1.673547 -0.2220622 2.4113905 2.2708917 -0.98654735 995.03 
20150624191025 -4.039018 -0.18375498 -0.34476504 1.4407257 2.005165 -0.79504114 995.03 
20150624191025 -3.2609026 -0.28311434 0.4213795 0.22327125 1.9596558 -0.2321288 995.03 
20150624191025 -1.8842367 -4.083311 0.20590134 -0.571159 1.6957619 0.112399206 995.33 
20150624191025 -1.6292542 -10.503962 3.3919852 -1.6707164 1.2519683 0.44440445 995.33 
20150624191025 1.532289 -19.303251 12.624625 -2.6572638 0.54367006 0.60994893 995.33 
20150624191025 1.8836381 -19.608511 19.608511 -2.0882428 -0.5403103 0.9963212 995.33 
20150624191025 -0.2621651 -15.941194 13.4608 -0.32345316 -1.2030991 0.9007208 995.33 
20150624191025 -0.15263036 -6.1010246 3.5990837 1.690875 -1.0555751 -0.17654006 995.33 
20150624191025 -2.2230163 -7.7649946 -0.7745243 1.2388347 1.6554449 -0.70371675 995.33 
20150624191025 -2.2146366 -10.471041 2.8485014 0.32345316 2.6960537 -0.6637051 995.33 
20150624191025 -5.967548 -10.4644575 -3.9737763 -0.2751948 0.9434814 -0.14966199 995.33 
20150624191025 -8.3629465 -11.3138 -2.2661119 -0.26206118 -1.3478742 0.16493362 995.24 
20150624191025 -4.235343 -10.044274 0.6985083 0.17501289 -2.5549438 0.65118235 995.24 
20150624191025 3.6236243 -8.654441 -6.918046 0.16768251 -2.3808472 0.8023715 995.24 
20150624191025 2.0667946 -9.616311 -10.298658 -0.27855456 -0.204029 0.42394048 995.24 
20150624191025 -1.5197195 -6.7372837 -6.7971387 -1.679574 0.35277468 0.63438356 995.24 
20150624191025 -3.1896753 -12.097901 -0.6338649 -2.6145031 -2.2262983 1.3658947 995.24 
20150624191025 -0.24121583 -19.608511 6.82946 -2.755613 -4.243986 2.1600194 995.24 
20150624191025 7.2807674 -10.363302 3.5871127 -2.3145685 -4.560109 3.4675765 995.24 
20150624191025 1.7357962 -9.835979 0.15622166 -1.8032742 -3.7042868 2.1062634 995.24 
20150624191025 1.762731 -7.459734 0.3681085 -1.8102992 1.0558805 -0.43982297 994.96 
20150624191025 -0.682946 -5.0763063 0.21068975 -1.434617 3.1422908 -0.42577308 994.96 
20150624191025 -2.0895395 -5.5940523 -1.8064252 -1.5876387 0.0290161 -0.31887165 994.96 
20150624191025 -1.0528502 -5.811326 -0.7086837 -1.564426 -0.5552765 -0.18112154 994.96 
20150624191025 -1.2138603 -7.5363483 -0.21068975 -1.4425583 -0.6072 0.03756821 994.96 
20150624191025 -1.6621746 -10.301651 4.0898952 -1.2412782 -1.0149527 0.070249505 994.96 
20150624191025 -1.3461399 -10.337564 5.410896 -1.5580118 -1.3536774 0.14630222 994.96 
20150624191025 -0.6937199 -10.631453 0.10235212 -1.5323554 -0.93951076 0.42821655 994.96 
20150624191025 0.4782418 -11.023503 -1.4933833 -0.70432764 0.010995574 0.65484756 994.96 
20150624191025 2.3600843 -12.175713 1.0636241 -0.52412236 0.19853121 0.6786713 995.19 
20150624191025 1.3682863 -12.653356 2.8526914 -0.86132 -0.44532076 0.7162395 995.19 
20150624191025 0.18734628 -13.90313 2.7988217 -0.98440933 0.106595986 0.4978552 995.19 
20150624191025 2.9269116 -11.853094 0.8912416 -0.45662177 0.43279803 0.21197024 995.19 
20150624191025 6.1285577 -9.948506 -1.2515689 0.27305678 -0.21899518 0.07452556 995.19 
20150624191025 3.9258924 -9.903017 2.6007016 0.32162055 -0.1957823 -0.27000242 995.19 
20150624191025 -1.9189527 -11.589133 4.0336313 0.50885075 0.6056729 -0.63438356 995.19 
20150624191025 -7.359776 -14.057555 3.2597055 1.6148223 0.8680395 -1.0393872 995.19 
20150624191025 -6.5858502 -13.582905 -0.75477207 2.824641 0.84788096 -0.7797695 995.19 
20150624191025 -1.8872294 -12.808979 -4.970961 3.1728342 0.14782938 -0.4538729 995.12 
20150624191025 -1.0618285 -13.281834 -4.2119994 2.3307564 0.04642576 -0.5897904 995.12 
20150624191026 -1.738789 -15.482704 -1.6645688 1.8298469 0.6068946 -1.0097603 995.12 
20150624191026 -2.7210102 -15.42644 -2.6970682 2.4333818 0.47036624 -1.2657127 995.12 
20150624191026 1.3431472 -13.454216 3.8432922 2.9654453 -1.031446 -1.1081096 995.12 
20150624191026 0.7140707 -12.679093 5.495291 2.7989845 -2.2476788 -0.6047566 995.12 
20150624191026 0.9403227 -10.685322 0.6075287 1.3426818 -3.6994 -1.3701707 995.12 
20150624191026 -0.15981296 -8.282143 -1.9806033 0.91721416 -0.78893244 -1.7623463 995.12 
20150624191026 -0.5859809 -5.7227407 -5.2564697 1.0891727 2.2247713 -1.6627752 995.12 
20150624191026 -1.0851719 -3.6721067 -4.976947 1.7327193 4.355469 -1.3057245 995.21 
20150624191026 -2.9496565 -2.7940333 -3.3626564 2.3503041 4.837442 -1.1038336 995.21 
20150624191026 -4.1683054 -1.7471687 -1.7381904 2.3918428 3.186884 -1.042747 995.21 
20150624191026 -3.6086605 -0.83856916 -1.1384429 1.6362026 2.4339926 -0.8555168 995.21 
20150624191026 -2.7617116 -1.4532804 0.0688333 0.40500367 2.0576997 -0.48747048 995.21 
20150624191026 -2.6036944 -4.4681787 0.46866497 -0.56138515 1.8460348 -0.16462818 995.21 
20150624191026 -0.59974754 -7.8452005 1.0684125 -1.2333369 1.452943 0.09621128 995.21 
20150624191026 -0.2100912 -12.425907 5.761048 -2.1331415 1.255328 0.39858958 995.21 
20150624191026 0.7410054 -18.450317 14.8117285 -2.3582454 0.54733527 0.6750061 995.21 
20150624191026 5.2744265 -19.608511 19.241001 -1.5717562 -0.72173727 1.0784826 995.16 
20150624191026 1.3724761 -13.217191 10.222044 0.6365216 -1.1438452 0.90408057 995.16 
20150624191026 -1.0480618 -7.243657 3.5769374 1.4236214 -0.7877107 -0.81183994 995.16 
20150624191026 -2.4911668 -9.761759 1.9506758 0.7583892 1.7482964 -1.0170907 995.16 
20150624191026 -2.7072437 -13.024457 0.050278235 0.40286562 2.2204952 -0.6102544 995.16 
