20150624194218 -13.122021 2.3110032 3.0508115 0.06719518 -0.61086524 -0.19486602 995.76 
20150624194218 -11.701062 0.29568392 1.7310078 -0.002443461 -0.4260785 -0.13713925 995.76 
20150624194218 -10.502166 -1.1575965 0.27114335 0.27763826 -0.06688975 -0.30451632 995.76 
20150624194218 -10.370484 0.44711718 -2.0368671 0.514654 0.071776666 -0.5155703 995.76 
20150624194218 -9.759963 -0.2136825 -9.724648 0.6038403 -0.079107046 -0.67164636 995.76 
20150624194218 -13.096882 -2.6503813 -9.582792 0.63163465 -0.051923547 -0.7266242 995.76 
20150624194218 -15.123573 -2.581548 -3.8642416 0.52442783 0.7180721 -0.8191703 995.76 
20150624194218 -12.046426 0.18255788 -1.4814123 0.105068825 0.61941737 -0.57910025 995.8 
20150624194218 -10.427945 1.3461399 -0.8900445 0.06078109 -0.24098633 -0.07391469 995.8 
20150624194218 -11.493964 1.2731167 -2.328361 0.0290161 -0.72143185 0.31673363 995.8 
20150624194218 -11.16955 0.7020996 -2.1936872 -0.15882497 -0.5458081 0.24678956 995.8 
20150624194218 -9.260174 -0.7769185 -1.8602947 -0.2003638 0.020463986 0.24770586 995.8 
20150624194218 -6.745663 -1.4065934 -0.98581254 -0.01282817 0.17806722 0.33567044 995.8 
20150624194218 -4.134786 -1.0151415 0.16460137 0.090713486 -0.14355333 0.41691554 995.8 
20150624194218 -2.2559366 -0.41000703 0.52253455 0.12675454 -0.37201694 0.54367006 995.8 
20150624194218 -2.123657 0.029927522 0.40880993 0.22449298 -0.47525316 0.6389651 995.8 
20150624194218 -3.5122938 1.4341269 -0.29209262 0.3567453 -0.30818152 0.5525276 995.77 
20150624194218 -6.1938 2.380435 -0.6871359 0.3866777 0.08246681 0.33658674 995.77 
20150624194218 -8.3821 1.5873557 -1.1522095 0.2751948 0.43401974 0.12736541 995.77 
20150624194218 -9.476251 0.31124622 -1.4335283 0.28130344 0.6414085 -0.12064589 995.77 
20150624194218 -11.068395 -0.44771573 -0.077213004 0.5137377 0.50915617 -0.17592919 995.77 
20150624194218 -11.269507 0.011372458 2.9233203 0.5177083 -0.005497787 -0.15974127 995.77 
20150624194218 -12.999318 0.9792285 3.5571852 0.44440445 -0.44715336 -0.03390302 995.77 
20150624194218 -13.664308 4.5286326 2.107496 0.56505036 -0.79626286 0.021380283 995.77 
20150624194218 -12.483368 5.003283 2.3786395 0.61391956 -0.86101454 0.1704314 995.77 
20150624194218 -11.795633 2.5659857 3.0496144 0.18478674 -0.49113566 0.47678033 995.76 
20150624194218 -11.745954 1.6687586 0.92895025 -0.27152961 -0.15943582 0.58032197 995.76 
20150624194218 -10.55843 1.6292542 -3.4991257 -0.44073927 -0.09101892 0.75625116 995.76 
20150624194218 -11.305421 0.78769237 -7.928399 -0.57910025 -0.053145275 1.0537425 995.76 
20150624194218 -14.386758 1.9081788 -10.636241 -0.7684685 0.4908302 1.119716 995.76 
20150624194218 -15.856199 2.9801826 -6.089652 -0.63071835 1.3875804 0.6591236 995.76 
20150624194218 -15.170859 2.9891608 -1.9662381 -0.116980694 1.2837334 0.07452556 995.76 
20150624194218 -12.601881 1.1665748 0.2765303 0.02107485 0.028405234 -0.08674286 995.76 
20150624194218 -10.520123 0.23163901 -1.0169371 0.050701816 -0.8078693 -0.14569137 995.76 
20150624194218 -9.430161 0.31004912 -1.6519991 0.029626964 -0.8014552 -0.23151793 995.78 
20150624194218 -7.460931 -0.15622166 -0.9175778 0.04337143 -0.25289822 -0.44348818 995.78 
20150624194218 -4.630386 -1.0726024 -0.04249708 0.23304509 0.16615535 -0.6786713 995.78 
20150624194218 -2.855684 -1.5125369 0.33877954 0.4370741 -0.029321533 -0.87689704 995.78 
20150624194219 -2.0757728 -0.7380127 -0.54647654 0.50426924 -0.3753767 -0.9239337 995.78 
20150624194219 -2.7263973 0.7134721 -2.1841104 0.44501534 -0.42088616 -0.7651087 995.78 
20150624194219 -5.037999 1.2042835 -2.678513 0.23090707 0.021991149 -0.5342017 995.78 
20150624194219 -7.33344 1.0684125 -1.7890673 0.12034045 0.5381723 -0.43004912 995.78 
20150624194219 -8.189965 0.6183026 -0.50637364 0.06352998 0.7180721 -0.22999077 995.78 
20150624194219 -7.715315 -0.45549688 0.91219085 6.1086525E-4 0.5039638 -0.06872234 995.78 
20150624194219 -7.541735 -0.492607 1.9590555 -0.10873401 0.17104226 -0.022907447 995.78 
20150624194219 -9.690532 -0.54767364 2.847903 -0.15302174 -0.34147367 -0.03359759 995.78 
20150624194219 -13.905523 -0.54527944 4.433463 -0.23823744 -0.63194007 -0.028099801 995.78 
20150624194219 -16.074072 -1.055843 3.4021606 -0.28771752 -0.4364632 -0.03848451 995.78 
20150624194219 -15.303738 -2.7539306 2.2822728 -0.22968534 -0.1133155 -0.12522738 995.78 
20150624194219 -12.743138 -1.3694834 2.5061307 0.14385876 -0.0290161 -0.2932153 995.78 
20150624194219 -10.332177 0.7553706 1.2958617 0.376293 -0.064751714 -0.35888332 995.78 
20150624194219 -9.32781 1.3910311 -1.2635399 0.4370741 -0.2406809 -0.34574974 995.78 
20150624194219 -10.371083 -0.2633622 -6.783372 0.59986967 -0.30085114 -0.56688297 995.76 
20150624194219 -16.489466 -4.028843 -13.126809 0.7672467 0.25411993 -0.84696466 995.76 
20150624194219 -19.60911 -3.0364463 -6.975507 0.7812967 1.0305296 -1.1695015 995.76 
20150624194219 -15.741278 1.1893197 -2.6078842 -0.102319926 1.2217305 -0.7467828 995.76 
20150624194219 -10.184934 1.1534066 -1.8608932 -0.38453966 -0.03359759 0.16035213 995.76 
20150624194219 -9.242816 -0.60812724 -0.04309563 -0.19486602 -1.0708468 0.46975538 995.76 
20150624194219 -9.388862 -1.3365631 -0.90141696 -0.11453723 -0.91996306 0.35827246 995.76 
20150624194219 -7.963713 -1.6095021 -1.1881226 -0.2003638 -0.66523224 0.29077184 995.76 
20150624194219 -5.291186 -1.3401544 -0.91578215 -0.1563815 -0.081855945 0.4361578 995.76 
20150624194219 -3.3806129 -0.81881696 0.14724341 -0.008857546 -0.064446285 0.71837753 995.76 
20150624194219 -1.5532384 0.59615624 -0.47105917 0.049785517 -0.3555236 0.8020661 995.76 
20150624194219 -1.6041151 1.4478935 -0.7254431 0.09865474 -0.32803464 0.8561276 995.76 
20150624194219 -3.4943373 1.7328035 -1.5167267 0.25503623 -0.11881329 0.7134906 995.76 
20150624194219 -6.0262055 1.0708067 -1.4939818 0.4538729 0.17195857 0.410196 995.76 
20150624194219 -7.8068933 0.5303157 -0.8475474 0.5348125 0.40042216 0.009162978 995.76 
20150624194219 -9.519944 0.15322891 0.6374562 0.51893 0.4288274 -0.15363261 995.76 
20150624194219 -10.262147 0.26755205 2.44029 0.5207626 0.112704635 -0.16310102 995.76 
20150624194219 -11.375451 1.0749966 3.4302924 0.5876524 -0.18600847 -0.07696902 995.76 
20150624194219 -13.64695 2.27928 3.394978 0.6817256 -0.591623 -0.054061573 995.74 
20150624194219 -15.392921 4.2515035 3.655946 0.6783658 -0.6737844 -0.016493361 995.74 
20150624194219 -13.417705 3.3794158 4.028843 0.3436117 -0.4831944 0.23732115 995.74 
20150624194219 -11.225215 1.0720038 4.865018 0.0061086523 -0.35613444 0.49846604 995.74 
20150624194219 -11.766903 -0.004189853 1.0342951 0.05131268 -0.25625798 0.59803706 995.74 
20150624194219 -11.346721 1.2090719 -5.121796 0.010079277 -0.48166725 0.56291234 995.74 
20150624194219 -12.221801 2.534861 -8.91062 -0.15118915 -0.20861048 0.9621128 995.74 
20150624194219 -15.453974 4.1683054 -9.639056 -0.6291912 0.97158116 1.1047498 995.74 
20150624194219 -16.124949 2.6180596 -5.6736593 -0.5320636 1.7534887 0.7516697 995.74 
20150624194219 -13.883377 -0.21667525 -0.8283938 0.3631594 1.1838568 -0.09468412 995.78 
20150624194219 -11.211448 -1.5340848 2.1733365 0.64476824 -0.49938235 -0.4016439 995.78 
20150624194219 -9.547478 -0.16160862 1.3341689 0.61269784 -1.5289958 -0.39858958 995.78 
20150624194219 -8.929773 1.2814964 -1.0151415 0.5103779 -1.212873 -0.4382958 995.78 
20150624194219 -7.1730285 1.5394717 -1.6106992 0.49571714 -0.21960606 -0.5839872 995.78 
20150624194219 -4.569334 0.6823475 -0.7188591 0.6704246 0.36743546 -0.7290677 995.78 
20150624194219 -2.3169887 -1.1043255 0.997185 0.8579602 0.19181168 -0.8258898 995.78 
20150624194219 -0.96665895 -2.018312 0.96785605 0.81214535 -0.4334089 -0.8151997 995.78 
20150624194219 -2.1242554 -0.29149407 -1.0666169 0.6151413 -0.66675943 -0.6188065 995.78 
20150624194220 -5.3079453 1.0516531 -3.1800983 0.4016439 -0.16646078 -0.41050145 995.78 
20150624194220 -8.162432 1.5334862 -2.7581203 0.17837265 0.50671273 -0.310625 995.78 
20150624194220 -9.601347 0.87927055 -2.2343888 0.071776666 1.0280862 -0.13744467 995.78 
20150624194220 -8.805275 0.34955344 0.75357497 0.016493361 0.63224554 -0.076052725 995.78 
20150624194220 -8.818443 -0.3417723 4.459201 -0.27488935 -0.019547688 -0.0106901415 995.78 
20150624194220 -11.935096 -0.6548142 5.2810106 -0.5161811 -0.7498371 0.013133603 995.78 
20150624194220 -14.838664 -0.9427169 5.322909 -0.50793445 -0.90194255 -0.003970624 995.78 
20150624194220 -15.666459 -2.1386206 2.6222494 -0.53878313 -0.39706242 -0.12889257 995.78 
20150624194220 -14.151527 -1.9033904 2.0416555 -0.22418754 -0.04734206 -0.16707164 995.78 
20150624194220 -10.320207 0.060453594 1.8920178 0.2098322 0.27000242 -0.19425514 995.78 
20150624194220 -7.291541 2.2613235 -0.78649527 0.15668693 -0.03604105 -0.14355333 995.78 
20150624194220 -6.9503675 1.9261353 -4.4322658 0.058643065 -0.33933565 -0.21868975 995.78 
20150624194220 -10.800244 -1.2204443 -8.541314 0.09101892 -0.1337795 -0.54550266 995.78 
20150624194220 -17.967287 -4.5046906 -6.133346 -0.15241088 0.40530908 -0.77549344 995.78 
20150624194220 -18.93215 -2.558803 -6.5786676 -0.45234573 0.96944314 -0.8072584 995.78 
20150624194220 -14.800955 0.7517793 -6.5098343 -0.26633725 0.59956425 -0.5317582 995.78 
20150624194220 -10.846333 0.62847793 -0.08798691 -0.06505715 0.32986724 0.06872234 995.78 
20150624194220 -8.257003 -0.12988544 1.9237411 -0.312763 -0.026572637 0.3191771 995.78 
20150624194220 -7.9409685 -0.7870938 1.4688427 -0.30115658 -0.82558435 0.3726278 995.79 
20150624194220 -7.216124 -1.775899 0.15801731 -0.1704314 -0.61544675 0.312763 995.79 
20150624194220 -5.793968 -2.3008277 -0.130484 -0.007941248 -0.1423316 0.34880406 995.79 
20150624194220 -4.8285065 -1.678934 0.15741876 0.18051068 0.01160644 0.48380527 995.79 
20150624194220 -4.35625 0.43275195 0.108337626 0.3182608 -0.052839845 0.5366451 995.79 
20150624194220 -3.775656 2.4672248 0.48482585 0.4034765 -0.027794369 0.6062838 995.79 
20150624194220 -4.461595 2.630629 0.31364042 0.37873647 0.08368854 0.6356053 995.79 
20150624194220 -6.256049 1.3329718 -0.3393781 0.37415496 0.11453723 0.46089783 995.79 
20150624194220 -8.814254 -0.1436521 -0.39145198 0.41996986 0.19730948 0.1328632 995.79 
20150624194220 -9.563639 -0.58298814 0.9516952 0.4361578 0.26847526 -0.1469131 995.81 
20150624194220 -9.623494 -0.3597288 3.2429461 0.45998153 0.14966199 -0.14446963 995.81 
20150624194220 -12.010512 -0.30705637 4.4765587 0.52778757 -0.35308012 -0.029932396 995.81 
20150624194220 -14.891934 1.7112557 4.1138372 0.6600399 -0.7247916 -0.029932396 995.81 
20150624194220 -15.156494 4.3993454 3.1741128 0.55741453 -0.65668017 0.12644911 995.81 
20150624194220 -13.011888 3.4075475 2.5103204 0.21044308 -0.30940324 0.4792238 995.81 
20150624194220 -13.10586 1.0187328 1.3958195 -0.04184427 -0.04917465 0.63224554 995.81 
20150624194220 -12.698247 0.20171149 -2.77069 -0.08674286 -0.19730948 0.60048056 995.81 
20150624194220 -10.995371 0.7380127 -6.889914 -0.27947086 -0.4813618 0.784351 995.81 
20150624194220 -12.036849 1.4544775 -5.861006 -0.40500367 -0.14508049 1.0201449 995.78 
20150624194220 -13.746907 0.99538934 -1.4640543 -0.22418754 0.39828414 0.636827 995.78 
20150624194220 -13.193847 -1.459266 0.6679823 0.23518312 -0.060170226 0.039095376 995.78 
20150624194220 -11.619659 -0.6943185 -0.557849 0.55833083 -0.66675943 -0.25442538 995.78 
20150624194220 -10.268132 1.8938135 -1.115698 0.71868294 -0.6954701 -0.2312125 995.78 
20150624194220 -8.534731 3.217807 -1.2635399 0.46578476 -0.09010262 -0.26053402 995.78 
20150624194220 -6.019622 2.178125 -0.7823054 0.38362336 0.38698313 -0.48838675 995.78 
20150624194220 -3.7684734 -0.4782418 -0.5781997 0.6227771 0.36102137 -0.8194757 995.78 
20150624194220 -2.4905684 -1.7860745 0.015562311 0.7464773 -0.054367006 -0.8885035 995.78 
20150624194220 -2.9400797 -0.7146692 1.01574 0.4474588 -0.29749137 -0.7171558 995.76 
20150624194220 -4.8201265 0.31783026 0.3890578 0.03481932 -0.05222898 -0.46517387 995.76 
20150624194220 -6.531382 0.53450555 -0.59256494 0.11178834 0.4474588 -0.24587326 995.76 
20150624194220 -7.963713 0.59136784 -0.6631939 0.183565 0.7651087 -0.122783914 995.76 
20150624194220 -9.551069 0.13108255 0.18974048 0.0693332 0.7162395 -0.09621128 995.76 
20150624194221 -10.9834 -1.3706805 1.5897499 -0.069027774 0.573297 -0.11911872 995.76 
20150624194221 -11.381436 -2.5600002 2.8844144 -0.089491755 0.28985557 -0.073303826 995.76 
20150624194221 -11.380837 -1.4143747 4.197036 -0.069027774 -0.06383542 0.11026118 995.76 
20150624194221 -12.375628 1.1767502 2.8844144 -0.087659165 -0.32834008 0.20861048 995.76 
20150624194221 -14.468161 0.7062895 1.2000936 -0.16065755 -0.29749137 0.11636983 995.8 
20150624194221 -12.908937 -2.973 0.34237084 0.183565 -0.121256754 -0.129198 995.8 
20150624194221 -10.088568 -0.044292733 1.01574 0.6969972 0.29626966 -0.45998153 995.8 
20150624194221 -7.9954367 1.9764135 -2.1523874 0.6533204 0.005497787 -0.3885103 995.8 
20150624194221 -8.437167 1.4263457 -7.1365166 0.39064834 -0.46120325 -0.32650748 995.8 
20150624194221 -12.868236 -1.0271125 -9.490616 0.45112398 -0.08735373 -0.44990227 995.8 
20150624194221 -16.654066 -2.505532 -3.705027 0.3549127 0.5357288 -0.6365216 995.8 
20150624194221 -15.489886 -1.958457 -2.7162218 -0.18417588 1.0613784 -0.6386596 995.8 
20150624194221 -12.413936 -0.8230068 -3.1190462 -0.1591304 0.70463306 -0.4373795 995.8 
20150624194221 -11.133636 -1.0019734 -1.3006501 0.25686884 -0.22174409 -0.09560041 995.76 
20150624194221 -9.880272 -0.83737206 -0.35434186 0.20525073 -0.25900686 0.13500121 995.76 
20150624194221 -8.326435 -0.29688102 -0.65541273 0.14294247 -0.20463985 0.32620203 995.76 
20150624194221 -6.054936 -0.018555064 -0.41299978 0.20311269 -0.16798794 0.47983465 995.76 
20150624194221 -4.486734 -0.33159694 -0.051475335 0.33200526 -0.16340645 0.57635134 995.76 
20150624194221 -3.41892 0.35434186 0.11731588 0.4990769 -0.2947425 0.5885687 995.76 
20150624194221 -4.307169 1.2725182 0.5422867 0.5375614 -0.44257188 0.5928447 995.76 
20150624194221 -5.2983685 2.2188265 0.664391 0.59712076 -0.38515055 0.59895337 995.76 
20150624194221 -6.637924 1.7806876 0.30526072 0.6239988 -0.09254608 0.45204028 995.76 
20150624194221 -7.668628 0.6314707 0.3812766 0.58001655 0.1001819 0.23365596 995.78 
20150624194221 -8.417415 0.033518825 1.2779051 0.5519168 0.15241088 0.020463986 995.78 
20150624194221 -9.002198 0.44951138 2.5115175 0.5317582 0.049480084 -0.06841691 995.78 
20150624194221 -10.1460285 0.66738373 3.8271315 0.5009095 -0.15668693 -0.1386664 995.78 
20150624194221 -13.052589 0.6985083 4.0976763 0.43249258 -0.51251596 -0.102319926 995.78 
20150624194221 -15.226524 2.4504654 3.3901896 0.48349985 -0.602924 0.020158553 995.78 
20150624194221 -12.819155 2.5300727 2.3756466 0.31337386 -0.5705481 0.15027285 995.78 
20150624194221 -10.815806 0.98341835 3.1214404 0.062308256 -0.22235495 0.38637227 995.78 
20150624194221 -11.192294 0.96187055 2.0057425 0.016798794 0.026572637 0.5992588 995.78 
20150624194221 -11.131841 1.6298528 -3.306991 -0.12889257 -0.33353242 0.6606508 995.81 
20150624194221 -14.393342 0.78410107 -11.251551 -0.35369098 -0.5332854 0.9257663 995.81 
20150624194221 -17.513586 1.7304093 -8.985439 -0.46700647 0.46609017 0.89552844 995.81 
20150624194221 -14.4531975 1.553837 -1.9865888 -0.2452624 1.781283 0.56596667 995.81 
20150624194221 -10.333375 0.7757214 3.6541502 0.33292156 1.4089607 0.15699236 995.81 
20150624194221 -9.228451 0.9391256 3.6589386 0.5815437 -0.8793405 -0.16187929 995.81 
20150624194221 -9.318831 2.232593 -0.39624038 0.6200282 -2.1572707 -0.25992316 995.81 
20150624194221 -8.090008 2.5504234 -2.8646624 0.39187005 -1.1890492 -0.4129449 995.81 
20150624194221 -5.7843914 1.6693572 -2.56419 0.21655174 0.4990769 -0.6444628 995.81 
20150624194221 -3.7367504 -0.22744916 -1.1180922 0.27916542 1.042747 -0.9560041 995.86 
20150624194221 -2.5091233 -2.292448 1.5508442 0.48563787 0.5558874 -1.0024298 995.86 
20150624194221 -1.38325 -1.7016789 1.2108675 0.35308012 -0.27305678 -0.91751957 995.86 
20150624194221 -3.4931402 -0.3693056 -0.016759412 0.13988814 -0.52412236 -0.64568454 995.86 
20150624194221 -6.338649 0.32321724 -1.3323733 -0.013439035 -0.113926366 -0.4147775 995.86 
20150624194221 -9.137471 0.26515785 -1.6059108 -0.06291912 0.5299256 -0.30665436 995.86 
20150624194221 -11.405378 0.04070143 0.32621 0.037873644 0.97249746 -0.17287487 995.86 
20150624194221 -11.900379 -0.82779527 2.3678656 -0.017104227 0.8399397 -0.16126843 995.86 
20150624194221 -12.087726 -2.3050177 3.7104142 -0.23396139 0.3555236 -0.087964594 995.86 
20150624194221 -13.108852 -1.316811 4.120421 -0.28710666 -0.1518 0.051923547 995.81 
20150624194222 -14.462175 -0.36631286 3.8564603 -0.2171626 -0.2742785 0.14385876 995.81 
20150624194222 -14.17966 -1.1127052 1.6220716 -0.23609942 -0.18967366 -0.047647487 995.81 
20150624194222 -11.34253 -1.845331 1.4957775 0.24404067 -0.11453723 -0.2929099 995.81 
20150624194222 -8.702325 0.20111294 -0.7493851 0.65026605 0.090713486 -0.49174652 995.81 
20150624194222 -8.14687 1.5598224 -3.9731777 0.6230826 -0.2950479 -0.46089783 995.81 
20150624194222 -11.518504 0.7589619 -8.808268 0.4636467 -0.38026363 -0.49327368 995.81 
20150624194222 -17.246033 -1.9734207 -11.431116 0.5717699 0.28130344 -0.7302894 995.81 
20150624194222 -16.713324 -1.8920178 -2.3600843 0.32803464 1.2883148 -0.84940815 995.81 
20150624194222 -12.471995 -0.4914099 -0.82599956 -0.122478485 1.452943 -0.5448918 995.77 
20150624194222 -9.894637 0.20290859 -0.6344634 -0.18234327 -0.2764165 -0.09743301 995.77 
20150624194222 -9.822212 -0.01316811 0.108936176 0.0015271631 -1.0913107 0.22510384 995.77 
20150624194222 -8.9602995 0.0724246 -1.1749545 -0.07513642 -0.59315014 0.3155119 995.77 
20150624194222 -7.6494746 -0.7104794 -0.9648633 0.032986723 -0.03604105 0.37843102 995.77 
20150624194222 -5.659893 -1.3341689 -1.0313023 0.20830505 0.24740042 0.41691554 995.77 
20150624194222 -3.9187095 -1.2210429 -0.51834464 0.3304781 0.07971791 0.49480084 995.77 
20150624194222 -2.8844144 0.038905777 0.25977087 0.40744713 -0.12095132 0.550695 995.77 
20150624194222 -3.4931402 1.1534066 0.6925228 0.37598756 -0.1863139 0.6337727 995.77 
20150624194222 -4.6393642 1.4826094 0.14305355 0.41813725 -0.06994407 0.5357288 995.78 
20150624194222 -6.105813 1.0342951 -0.74639237 0.50793445 0.1386664 0.3295618 995.78 
20150624194222 -8.443152 0.80445176 -0.7715315 0.54183745 0.27763826 0.16584991 995.78 
20150624194222 -10.785878 1.2587515 0.85473 0.54611355 0.29901853 0.013133603 995.78 
20150624194222 -11.454459 1.2922704 4.296395 0.39706242 0.1151481 -0.08857546 995.78 
20150624194222 -11.756129 0.19991584 6.7384806 0.23243423 -0.26542094 -0.07147124 995.78 
20150624194222 -14.152126 -0.4770447 4.233547 0.28496864 -0.7846564 -0.01282817 995.78 
20150624194222 -14.8590145 1.8327614 2.409764 0.4868596 -0.9963212 0.032986723 995.78 
20150624194222 -13.281834 2.6396074 2.296638 0.42577308 -0.52106804 0.1908954 995.78 
20150624194222 -12.61445 1.388637 1.2563573 0.09468412 0.24465153 0.4474588 995.79 
20150624194222 -11.681909 1.3084313 -1.8728642 0.04886922 0.28130344 0.52656585 995.79 
20150624194222 -11.079767 1.2802993 -6.0609217 -0.10842858 -0.19456059 0.8155051 995.79 
20150624194222 -13.052589 2.2056582 -8.673594 -0.31337386 -0.25595254 1.0931433 995.79 
20150624194222 -15.037981 2.5540147 -5.459977 -0.2443461 0.2761111 1.0164797 995.79 
20150624194222 -12.827534 1.7615339 -0.22325931 0.043982297 0.68203104 0.43127087 995.79 
20150624194222 -10.746374 0.49679685 1.0486604 0.13713925 0.03268129 -0.05589417 995.79 
20150624194222 -9.999383 0.9672575 -0.3812766 0.25411993 -0.7199047 -0.23335053 995.79 
20150624194222 -9.367912 1.5442601 -1.5759833 0.39187005 -0.5494733 -0.30085114 995.79 
20150624194222 -6.821679 1.3467385 -0.96785605 0.34972036 0.005497787 -0.4978552 995.76 
20150624194222 -4.055179 -0.032920275 0.021547815 0.28893927 0.4801401 -0.8042041 995.76 
20150624194222 -1.6454151 -0.7326257 -0.13946225 0.32895094 0.30268374 -0.9266826 995.76 
20150624194222 -1.4562732 -0.9139865 -0.94331545 0.2012801 -0.12736541 -0.7556403 995.76 
20150624194222 -2.3211784 -0.53450555 -1.0313023 -0.025350908 0.0036651916 -0.6411031 995.76 
20150624194222 -4.8620253 -0.017956512 -1.673547 -0.20586158 0.36163223 -0.5552765 995.76 
20150624194222 -7.5680714 0.6727707 -2.0458453 -0.14263703 0.7257079 -0.39522982 995.76 
20150624194222 -9.328408 0.8912416 -0.97264445 -0.124311075 0.8891144 -0.2611449 995.76 
20150624194222 -10.692505 0.581791 1.043872 -0.19272798 0.7654142 -0.14019357 995.76 
20150624194222 -11.632828 -1.929128 3.016694 -0.28008172 0.34025195 -0.069027774 995.76 
20150624194222 -13.96059 -2.980781 4.548983 -0.35430184 -0.021991149 -0.106595986 995.76 
20150624194222 -16.965912 -1.8177977 4.6459484 -0.23762658 -0.3817908 -0.08827003 995.76 
20150624194222 -16.406267 -0.92895025 2.5767596 -0.13530666 -0.36896262 -0.24740042 995.76 
20150624194222 -13.127408 -0.6476316 2.223615 0.049785517 -0.118202426 -0.29718593 995.76 
20150624194222 -9.297284 -0.6847417 0.7170634 0.35033122 0.022296581 -0.26908615 995.76 
20150624194223 -8.197746 0.20590134 -1.690905 0.5510005 -0.020463986 -0.28955013 995.76 
20150624194223 -10.277111 0.05327099 -7.131728 0.8008443 -0.13469578 -0.44959682 995.76 
20150624194223 -15.621568 -3.205836 -11.452065 1.1484267 0.03176499 -0.829555 995.76 
20150624194223 -17.962498 -3.0969 -5.563526 1.0323622 0.7244862 -0.98990715 995.75 
20150624194223 -12.336722 1.5376761 -1.448492 0.49877146 1.047023 -0.64934975 995.75 
20150624194223 -9.836577 2.4355016 -2.6551697 -0.14172074 0.35185838 0.19730948 995.75 
20150624194223 -11.182119 0.7140707 -1.8956091 0.04550946 -0.6569856 0.4465425 995.75 
20150624194223 -10.944494 -0.3172317 -1.3084313 -0.007330383 -0.2941316 0.19150625 995.75 
20150624194223 -8.193557 -0.98940384 -0.6512229 -0.0870483 0.22632557 0.22418754 995.75 
20150624194223 -5.077503 -1.3874398 0.15981296 -0.1301143 0.37598756 0.37568212 995.75 
20150624194223 -0.7637503 -0.7038953 0.17417817 -0.172264 0.160963 0.53969944 995.75 
20150624194223 0.688333 0.6667852 -0.3417723 -0.2049453 -0.16768251 0.75594574 995.75 
20150624194223 -1.1139023 2.0290859 -0.7404069 -0.1591304 -0.25778514 0.79229224 995.77 
20150624194223 -4.1940427 1.9949685 -1.3515269 -0.11362094 0.049785517 0.4972443 995.77 
20150624194223 -6.8426285 0.842759 -1.804031 -0.03756821 0.44012842 0.26358834 995.77 
20150624194223 -10.04607 -0.110133275 -1.0702082 -0.010995574 0.5467244 -0.04062254 995.77 
20150624194223 -12.678495 -0.7086837 1.6921021 0.014660766 0.38240165 -0.23762658 995.77 
20150624194223 -13.033436 0.43394905 4.7722425 -0.06566802 0.029321533 -0.24984388 995.77 
20150624194223 -14.673464 0.8319851 5.485116 0.043676864 -0.44959682 -0.025961773 995.77 
20150624194223 -15.453375 1.0899603 3.1172507 0.2602286 -0.8185594 0.025045475 995.77 
20150624194223 -14.288596 2.2571337 0.92296475 0.5222898 -0.66798115 0.1704314 995.77 
20150624194223 -12.069769 3.2022448 0.8607155 0.25686884 -0.17440203 0.52534413 995.76 
20150624194223 -11.361086 3.0334535 -2.0350714 -0.21746802 0.070249505 0.8002335 995.76 
20150624194223 -12.542624 2.4145525 -7.1634517 -0.39828414 -0.035124753 0.9251554 995.76 
20150624194223 -15.410279 2.9963434 -12.076952 -0.5494733 -0.14966199 1.0122037 995.76 
20150624194223 -18.060062 2.469619 -10.600926 -0.8698721 0.44257188 1.0415252 995.76 
20150624194223 -14.858416 -0.037110128 -3.2303767 -0.5839872 1.2757921 0.6536258 995.76 
20150624194223 -9.618107 -2.6473885 2.8281507 -0.3036 0.4156938 0.007941248 995.76 
20150624194223 -7.119757 -0.96187055 2.9245174 0.025045475 -1.2125676 -0.23976462 995.76 
20150624194223 -7.4046674 -0.08619126 -1.2384008 0.21013765 -1.8701639 -0.2666427 995.76 
20150624194223 -6.3943143 0.48123455 -2.2301989 0.38331795 -1.1398746 -0.45478916 995.83 
20150624194223 -4.496909 0.3824737 -0.82480246 0.5500842 0.2751948 -0.61086524 995.83 
20150624194223 -2.4462755 0.06404489 -0.7392098 0.56291234 0.56169057 -0.7107417 995.83 
20150624194223 -1.8722657 0.14604631 -1.3652935 0.36865717 0.20433442 -0.6133087 995.83 
20150624194223 -3.0986955 0.3669114 -1.8698715 0.17715092 0.08979719 -0.52595496 995.83 
20150624194223 -5.2061915 -0.260968 -2.1517887 0.007330383 0.24465153 -0.44959682 995.83 
20150624194223 -6.8623805 -0.9552865 -1.9991584 0.07880162 0.550695 -0.39736784 995.83 
20150624194223 -8.103176 -1.0181342 -0.7715315 0.25717425 0.5717699 -0.20586158 995.83 
20150624194223 -9.924564 0.009576807 1.9434932 0.24251351 0.3191771 -0.047036625 995.83 
20150624194223 -11.821969 0.038307227 3.413533 0.09590584 -0.04642576 -0.036651913 995.8 
20150624194223 -13.697826 -0.95109665 2.8658595 -0.01863139 -0.29993483 -0.015882496 995.8 
20150624194223 -15.225925 -0.4902128 2.3038206 0.020463986 -0.4596761 -0.006414085 995.8 
20150624194223 -15.59583 -0.5919664 2.693477 -0.042455133 -0.3463606 -0.004276057 995.8 
20150624194223 -13.715184 -1.7836803 2.1176715 0.054367006 -0.09285152 -0.057421334 995.8 
20150624194223 -9.912594 -2.0410569 0.22804771 0.40225476 0.01160644 -0.17959438 995.8 
20150624194223 -7.2484455 0.17956513 -3.4703953 0.79320854 -0.14966199 -0.33414328 995.8 
20150624194223 -7.401076 1.4736311 -6.7666125 0.92485 -0.3885103 -0.4364632 995.8 
20150624194223 -15.556924 -1.8321629 -9.970653 0.8784242 -0.27214047 -0.54336464 995.8 
20150624194223 -19.60911 -2.6072857 -7.85358 0.84391034 0.31978795 -0.820392 995.77 
20150624194223 -16.486473 1.3730747 -5.261258 0.6743952 0.9776898 -0.73853606 995.77 
20150624194224 -10.006566 3.1675289 0.521936 0.28099802 0.68325275 -0.19700404 995.77 
20150624194224 -8.594585 0.9032126 0.4914099 0.055283304 -0.48502702 0.3417791 995.77 
20150624194224 -9.109938 -0.10594343 -0.060453594 0.0693332 -1.2018774 0.20891592 995.77 
20150624194224 -8.37013 -1.2006922 -0.6721721 0.01160644 -0.5421429 0.1704314 995.77 
20150624194224 -6.239888 -2.0620062 -0.51954174 -0.0030543262 0.2706133 0.20708331 995.77 
20150624194224 -3.466804 -2.059612 -0.98102415 0.087964594 0.36163223 0.36193767 995.77 
20150624194224 -1.9566613 -0.45310268 -1.8171991 0.19181168 0.004276057 0.569021 995.77 
20150624194224 -2.4438813 1.5610195 -1.3198037 0.37659842 -0.30451632 0.677755 995.76 
20150624194224 -3.7104142 2.1110873 -1.0977415 0.4908302 -0.22602014 0.58184916 995.76 
20150624194224 -5.109226 1.0582372 -1.3221979 0.53023106 -0.06169739 0.36560285 995.76 
20150624194224 -7.1311297 -0.427365 -0.18674773 0.6221663 0.03726278 0.13255776 995.76 
20150624194224 -9.160215 -0.06943185 2.585738 0.539394 0.015882496 -0.03481932 995.76 
20150624194224 -10.84334 1.2108675 4.5441947 0.36468655 -0.10476339 -0.1020145 995.76 
20150624194224 -13.53562 1.3323733 4.5513773 0.40133846 -0.42455134 -0.10720685 995.76 
20150624194224 -15.967529 2.3331497 2.1918917 0.61666846 -0.600786 -0.09865474 995.76 
20150624194224 -15.313912 4.577115 1.6118963 0.782213 -0.44104472 0.0106901415 995.76 
20150624194224 -12.282853 2.6791117 2.4390929 0.2846632 -0.052839845 0.3371976 995.79 
20150624194224 -10.633847 0.3357868 1.9381063 -0.2706133 0.13683382 0.6032294 995.79 
20150624194224 -9.548675 0.22984336 -1.3425486 -0.32345316 -0.1255328 0.6750061 995.79 
20150624194224 -10.188525 1.7088615 -6.6241574 -0.44409904 -0.50946164 0.79381937 995.79 
20150624194224 -16.119562 3.945046 -10.654796 -0.6337727 -0.27275133 0.97402465 995.79 
20150624194224 -18.787899 3.6966474 -8.733449 -0.64568454 0.92087936 0.68752885 995.79 
20150624194224 -14.929045 0.7236475 -3.8301241 -0.33475417 1.5693128 0.27397305 995.79 
20150624194224 -10.283695 -1.4413095 1.5586253 -0.19975294 0.42058071 -0.0030543262 995.79 
20150624194224 -7.57286 0.08200141 3.357868 -0.14172074 -1.0488557 -0.15118915 995.79 
20150624194224 -8.206725 0.84455466 0.86969376 -0.0693332 -1.4672983 -0.30787608 995.82 
20150624194224 -6.962937 0.6087258 -0.51475334 0.074830994 -0.86498517 -0.59620446 995.82 
20150624194224 -5.1768627 -0.18435353 -1.0630256 0.42180246 0.28038713 -0.79412484 995.82 
20150624194224 -3.3955765 -0.7882909 -0.46746787 0.5161811 0.29840767 -0.8362745 995.82 
20150624194224 -2.2481554 -0.8762778 -0.012569559 0.22724187 0.040927973 -0.74097955 995.82 
20150624194224 -2.7275944 -0.6278794 -0.4794389 -0.023518313 -0.052534413 -0.5543602 995.82 
20150624194224 -4.919486 -0.2136825 -1.2773066 -0.0720821 0.0720821 -0.45265114 995.82 
20150624194224 -7.867945 0.23762453 -1.0929531 -0.020463986 0.36071593 -0.3491095 995.82 
20150624194224 -10.811616 0.6380547 -0.21308395 -0.026267206 0.47800204 -0.21471913 995.82 
20150624194224 -11.5203 0.8702923 1.5717934 -0.12736541 0.39736784 -0.13958271 995.74 
20150624194224 -10.108319 -0.12270284 2.7377696 -0.36987892 0.15363261 -0.06841691 995.74 
20150624194224 -10.905589 -1.400608 4.2515035 -0.5271767 -0.30115658 0.04642576 995.74 
20150624194224 -13.005902 -2.7581203 4.8422728 -0.49877146 -0.6569856 0.038789943 995.74 
20150624194224 -13.842077 -4.584896 2.790442 -0.35827246 -0.4202753 -0.17715092 995.74 
20150624194224 -11.422736 -2.9987376 1.5849615 0.28863382 -0.1133155 -0.3576616 995.74 
20150624194224 -9.074623 0.12449849 -1.4772224 0.9098838 0.050701816 -0.45173484 995.74 
20150624194224 -8.322844 2.9125464 -5.5102553 0.9999864 -0.08399397 -0.42058071 995.74 
20150624194224 -13.11843 3.157952 -8.623915 0.9728029 -0.015577064 -0.49480084 995.74 
20150624194224 -19.60911 -0.7404069 -10.173561 0.86834496 0.7315111 -0.65209866 995.73 
20150624194224 -17.426796 -2.1703439 -3.221997 0.3885103 1.2565498 -0.9288206 995.73 
20150624194224 -12.218808 -0.64463884 -1.7549498 0.18142697 1.0195341 -0.43951756 995.73 
20150624194224 -11.02889 -0.22744916 0.10474633 0.105068825 -0.6560693 0.13744467 995.73 
20150624194224 -10.857106 -0.031124622 -0.6973112 0.12736541 -0.83199847 0.2434298 995.73 
20150624194224 -9.818023 0.18016368 -2.0560207 0.15485434 -0.1563815 0.29901853 995.73 
20150624194224 -8.133701 -0.2220622 -0.94930094 0.15943582 0.21594086 0.4447099 995.73 
20150624194225 -4.709395 -0.90859956 0.4997896 0.13958271 0.52473325 0.5183192 995.73 
20150624194225 -2.0404584 -1.3916297 0.66498953 0.23060162 0.14569137 0.6805039 995.73 
20150624194225 -1.2156559 -0.7368156 0.09756372 0.34422258 -0.23304509 0.75533485 995.82 
20150624194225 -2.5905263 0.5823896 -1.1180922 0.44593164 -0.15271631 0.68508536 995.82 
20150624194225 -4.666898 1.1563994 -1.4856021 0.6747007 0.1337795 0.4896085 995.82 
20150624194225 -5.6790466 1.6514006 -1.7345991 0.70432764 0.4792238 0.1600467 995.82 
20150624194225 -7.3579803 1.5819688 -0.777517 0.6273586 0.5348125 -0.026572637 995.82 
20150624194225 -9.47206 1.4275428 1.4030021 0.5626069 0.2565634 -0.13194689 995.82 
20150624194225 -12.41214 0.7158663 2.7641058 0.5354234 -0.02107485 -0.17379116 995.82 
20150624194225 -15.054142 0.7164649 1.95307 0.63407815 -0.23579398 -0.24556783 995.82 
20150624194225 -15.430032 3.912724 2.7072437 0.7837401 -0.46761733 -0.25534168 995.82 
20150624194225 -13.429676 4.6261964 4.2922053 0.47861293 -0.52931476 0.11209377 995.79 
20150624194225 -12.041637 2.0093338 3.570952 -0.2565634 -0.48624873 0.5305365 995.79 
20150624194225 -11.127651 0.40701428 0.76554596 -0.56382865 -0.16584991 0.66859204 995.79 
20150624194225 -9.848549 0.7248446 -4.0414124 -0.70249504 -0.03756821 0.7812967 995.79 
20150624194225 -12.574945 1.423353 -10.603321 -0.68844515 -0.121256754 1.0546589 995.79 
20150624194225 -18.285715 4.160524 -11.818976 -0.8335256 0.54641896 0.9584476 995.79 
20150624194225 -17.64347 3.1824925 -7.723695 -0.7483099 1.6966782 0.6044512 995.79 
20150624194225 -12.721591 0.45489833 -1.5047557 -0.5174029 1.2382239 0.23426682 995.79 
20150624194225 -8.856153 -1.9692309 3.7822402 -0.1853976 -0.0027488936 -0.028099801 995.79 
20150624194225 -7.991845 -0.700304 2.0278888 0.03756821 -1.6655241 -0.2669481 995.73 
20150624194225 -8.347384 0.17537527 -1.1971009 0.16065755 -1.6310102 -0.4373795 995.73 
20150624194225 -6.229713 1.2000936 -2.0446482 0.2510656 -0.19303341 -0.72692966 995.73 
20150624194225 -3.8708255 0.7152678 -1.1941081 0.3717115 0.67073005 -0.8145888 995.73 
20150624194225 -1.7992426 -0.35553896 -0.02633622 0.44318274 0.42332962 -0.8924741 995.73 
20150624194225 -0.86849666 -1.234211 -0.7182605 0.36560285 -0.04520403 -0.763887 995.73 
20150624194225 -2.4540567 -0.7781156 -2.1511903 0.22113322 -0.02076942 -0.6075055 995.73 
20150624194225 -5.035605 -0.41838676 -2.4678235 0.077579886 0.41172317 -0.52778757 995.73 
20150624194225 -7.1383123 0.52612585 -1.7375919 -0.00580322 0.5516113 -0.42943826 995.73 
20150624194225 -9.276335 1.95307 -0.3842694 -0.090713486 0.5290093 -0.15302174 995.79 
20150624194225 -11.236588 0.7757214 1.7076644 -0.26358834 0.2932153 -0.032986723 995.79 
20150624194225 -13.1477585 -2.64679 3.0125043 -0.49174652 0.050701816 -0.051618114 995.79 
20150624194225 -16.089035 -3.3859997 3.8732197 -0.41722095 -0.19394971 -0.03023783 995.79 
20150624194225 -16.209942 -0.5758055 4.147356 -0.2929099 -0.3023783 -0.11942416 995.79 
20150624194225 -14.006679 -0.7811083 3.0202854 -0.1423316 -0.27275133 -0.22693644 995.79 
20150624194225 -10.812215 -1.0618285 2.1679497 0.19364429 -0.258396 -0.3051272 995.79 
20150624194225 -8.598776 -0.35793316 1.2282255 0.5540548 -0.20066923 -0.3378085 995.79 
20150624194225 -8.374319 0.86131406 -4.172495 0.5708536 -0.23701571 -0.4859433 995.79 
20150624194225 -11.5316725 -1.335366 -9.478644 0.6075055 -0.25381452 -0.6435465 995.81 
20150624194225 -18.268955 -3.6002808 -11.979388 0.6374379 0.37965274 -0.9795224 995.81 
20150624194225 -19.60911 -3.0478187 -6.558317 0.5665775 1.4636332 -1.003957 995.81 
20150624194225 -13.982138 1.186327 -4.8177323 0.35155296 1.2525792 -0.4831944 995.81 
20150624194225 -8.306085 3.1226375 0.29149407 0.17379116 -0.35613444 0.3707952 995.81 
20150624194225 -8.058285 1.4077905 1.638831 -0.023823744 -1.1166617 0.52626044 995.81 
20150624194225 -8.68796 0.2777274 -0.8499416 0.04428773 -1.3139712 0.3857614 995.81 
20150624194225 -7.916428 -0.70509243 -2.4103625 0.06291912 -0.44104472 0.34880406 995.81 
20150624194225 -6.417658 -1.6436194 -1.8243817 0.025961773 0.5681047 0.41416663 995.81 
20150624194225 -3.6290112 -1.2587515 0.032920275 -0.015271631 0.52320606 0.54519725 995.76 
20150624194225 -1.6310499 -0.037708677 0.05925649 -0.017104227 0.0693332 0.6914995 995.76 
20150624194225 -1.7016789 1.2533646 -1.1145009 0.070554934 -0.1469131 0.72326446 995.76 
20150624194226 -3.4626143 1.3808558 -1.0127473 0.21197024 -0.06688975 0.51068336 995.76 
20150624194226 -5.2241483 0.06344634 -0.7751228 0.30085114 0.22052236 0.172264 995.76 
20150624194226 -7.0605006 -1.2719196 -0.599149 0.44043383 0.3109304 -0.021685716 995.76 
20150624194226 -10.441113 -0.25438392 0.46327803 0.5644395 0.17501289 -0.10720685 995.76 
20150624194226 -13.245322 1.365892 2.0524294 0.50762904 -0.004886922 -0.17256944 995.76 
20150624194226 -14.50587 1.6089035 3.697246 0.4260785 -0.23793201 -0.15118915 995.76 
20150624194226 -14.5759 1.1905168 2.8634653 0.73731434 -0.50610185 -0.098043874 995.76 
20150624194226 -14.234128 2.7605145 1.7160441 0.83169305 -0.8026769 0.081855945 995.76 
20150624194226 -13.059772 3.845088 2.6539726 0.473726 -0.6441574 0.31306845 995.76 
20150624194226 -11.865664 3.733159 1.6011224 -0.28038713 -0.37690386 0.659429 995.76 
20150624194226 -10.26095 3.669114 -1.4281414 -0.54000485 -0.20097467 0.93615097 995.76 
20150624194226 -11.323377 2.558803 -8.536526 -0.7715228 -0.30115658 1.1603385 995.76 
20150624194226 -15.791555 2.243367 -12.119449 -1.3148874 0.3200934 0.95356065 995.76 
20150624194226 -17.326838 1.371279 -7.515399 -1.3625349 2.0619757 0.6582073 995.76 
20150624194226 -12.595895 -0.27593175 -0.51355624 -0.61208695 1.8390098 0.118507855 995.76 
20150624194226 -9.635465 -2.0045455 2.3439236 -0.21746802 -0.22113322 -0.16401732 995.77 
20150624194226 -9.760562 -0.81163436 0.5482722 0.089186326 -1.7348573 -0.21838433 995.77 
20150624194226 -9.313444 1.5077485 -3.0322564 0.057726767 -1.0989466 -0.30757064 995.77 
20150624194226 -7.071873 2.4720132 -3.0777464 -0.070249505 0.40194935 -0.4428773 995.77 
20150624194226 -4.3742065 1.5598224 -1.9195513 -0.00580322 0.929126 -0.6423248 995.77 
20150624194226 -2.2541409 -1.5729905 1.54845 0.22143865 0.3491095 -0.8503244 995.77 
20150624194226 -0.7469909 -3.520075 0.29568392 0.29993483 -0.43096542 -0.9370673 995.77 
20150624194226 -3.5769374 -1.9758149 -2.28347 0.22418754 -0.78801614 -0.68752885 995.77 
20150624194226 -7.28795 0.16579847 -2.0201077 0.15760323 -0.31581733 -0.39767328 995.77 
20150624194226 -9.7084875 0.7140707 -1.1270704 0.16493362 0.47983465 -0.226631 995.75 
20150624194226 -10.788273 0.8900445 1.5939398 0.23335053 0.7318166 -0.1423316 995.75 
20150624194226 -9.56304 1.1994951 3.2052376 0.08002335 0.16035213 -0.09132435 995.75 
20150624194226 -10.839149 0.16101007 3.6481647 -0.3631594 -0.50243664 -0.0125227375 995.75 
20150624194226 -13.563152 -1.1510124 3.6170402 -0.5348125 -0.77946407 0.16126843 995.75 
20150624194226 -15.4880905 -2.6156654 2.5438392 -0.56382865 -0.36193767 0.06719518 995.75 
20150624194226 -14.876372 -3.333926 1.2503718 -0.27091873 0.2098322 -0.1994475 995.75 
20150624194226 -10.510546 -1.9602526 1.1204864 0.17745635 0.2666427 -0.41783184 995.75 
20150624194226 -7.703344 -0.32561144 -0.85413146 0.51159966 0.055588737 -0.37690386 995.75 
20150624194226 -7.36217 1.1653777 -5.7855883 0.61086524 -0.34300083 -0.30176744 995.79 
20150624194226 -12.519879 0.7906851 -9.786898 0.8002335 -0.37690386 -0.42638394 995.79 
20150624194226 -19.60911 -1.5388732 -10.605715 0.93187493 0.37843102 -0.7180721 995.79 
20150624194226 -17.483059 -1.4251486 -4.3358994 0.5345071 1.3121386 -0.9993755 995.79 
20150624194226 -11.300034 1.0127473 -2.7617116 0.33108896 1.25319 -0.54336464 995.79 
20150624194226 -8.983045 1.2114661 0.44472298 0.22724187 -0.516792 0.12522738 995.79 
20150624194226 -9.797672 0.30286652 1.702876 -0.06811147 -1.2452488 0.46944994 995.79 
20150624194226 -9.902418 -0.8888474 -0.54168814 -0.15454891 -0.8671232 0.28863382 995.79 
20150624194226 -8.992023 -1.8596961 -1.5759833 0.023518313 -0.19822577 0.19058995 995.79 
20150624194226 -6.449381 -2.1613655 -1.1911154 0.18081611 0.48380527 0.2284636 995.76 
20150624194226 -3.5577838 -0.91937345 -0.83737206 0.20005837 0.5491679 0.37751472 995.76 
20150624194226 -2.0338743 0.6811504 0.030526072 0.21777347 0.28313604 0.68325275 995.76 
20150624194226 -2.2290018 1.8920178 -0.87328506 0.27855456 -0.044898596 0.7357872 995.76 
20150624194226 -3.7062242 1.7950528 -2.3319526 0.3463606 -0.06994407 0.627664 995.76 
20150624194226 -5.891532 0.46986207 -2.273893 0.46181414 0.14385876 0.36743546 995.76 
20150624194226 -8.34918 -0.8475474 -0.8870517 0.5537493 0.36987892 0.15454891 995.76 
20150624194226 -10.086173 -0.29388827 0.96306765 0.5555819 0.35705075 -0.060170226 995.76 
20150624194227 -11.634624 1.1288661 3.3237505 0.44043383 0.15027285 -0.086437434 995.76 
20150624194227 -13.820529 1.453879 4.7099934 0.35430184 -0.27214047 -0.05375614 995.78 
20150624194227 -15.822082 1.3670892 2.7042508 0.5015204 -0.627664 -0.061086524 995.78 
20150624194227 -14.850036 3.6379895 1.4413095 0.7324274 -0.6236934 -0.035124753 995.78 
20150624194227 -12.613852 3.1723173 2.5462334 0.6386596 -0.45753807 0.24495697 995.78 
20150624194227 -11.547235 1.2282255 2.7180176 -0.13133603 -0.14752395 0.5674938 995.78 
20150624194227 -10.011953 0.28191724 -1.2312182 -0.4474588 -0.051923547 0.6478226 995.78 
20150624194227 -9.36911 0.15562311 -6.225523 -0.43585235 -0.30848694 0.75808376 995.78 
20150624194227 -12.005126 2.795829 -8.723872 -0.49327368 -0.37384954 0.8735373 995.78 
20150624194227 -15.986683 4.943428 -7.386112 -0.6035349 0.124005646 0.83169305 995.78 
20150624194227 -15.9495735 2.995745 -5.568913 -0.5342017 0.829555 0.6246097 995.74 
20150624194227 -14.000094 -1.1552023 -2.4779987 -0.4550946 0.5458081 0.28069258 995.74 
20150624194227 -10.517728 -2.5432408 0.25258827 -0.23732115 -0.099265605 0.022602014 995.74 
20150624194227 -8.893262 -0.44113165 0.41240123 3.0543262E-4 -0.7189884 -0.16676621 995.74 
20150624194227 -7.08145 0.52612585 -0.034117375 -0.049480084 -0.7901542 -0.34208453 995.74 
20150624194227 -4.4801497 0.89902276 -0.074220255 0.030543262 -0.36468655 -0.5748242 995.74 
20150624194227 -2.767697 0.7266402 -1.0145429 0.3484986 -0.0033597588 -0.70371675 995.74 
20150624194227 -2.2110453 0.4902128 -1.4622587 0.4279111 -0.048563786 -0.68661255 995.74 
20150624194227 -3.144784 0.2148796 -1.7896658 0.15271631 -0.021991149 -0.6114761 995.74 
20150624194227 -4.373608 -0.6326678 -1.0253168 -0.14294247 0.22724187 -0.5180137 995.78 
20150624194227 -5.799355 -1.2982559 -0.56563014 -0.0720821 0.43585235 -0.45020768 995.78 
20150624194227 -7.195773 -0.7092823 -0.4794389 0.081855945 0.35430184 -0.3491095 995.78 
20150624194227 -8.814852 0.3196259 0.45669398 0.124005646 0.11942416 -0.2284636 995.78 
20150624194227 -11.246164 0.9864111 2.504335 0.022602014 0.004276057 -0.18081611 995.78 
20150624194227 -13.487137 -2.1015105 3.016694 -0.1826487 0.004886922 -0.102319926 995.78 
20150624194227 -14.3735895 -2.4708161 3.1196449 -0.20891592 -0.032986723 -0.010995574 995.78 
20150624194227 -15.541362 -0.45729253 3.696049 -9.162979E-4 -0.16187929 0.02565634 995.78 
20150624194227 -14.528016 -1.0779893 2.6844985 -0.14385876 -0.3222314 -0.16890424 995.78 
20150624194227 -12.275072 -2.529474 2.4103625 -0.07788532 -0.2611449 -0.29993483 995.81 
20150624194227 -9.367912 -1.4933833 0.789488 0.43890667 -0.18142697 -0.3726278 995.81 
20150624194227 -8.091205 0.061650693 -3.141791 0.5720753 -0.26725355 -0.29779682 995.81 
20150624194227 -8.826224 0.82001406 -8.052299 0.62980205 -0.3943135 -0.344528 995.81 
20150624194227 -17.033548 -1.6705543 -10.1460285 0.8921687 0.07574729 -0.54611355 995.81 
20150624194227 -18.392258 0.02932897 -5.559336 0.87017757 0.870483 -0.8668178 995.81 
20150624194227 -13.962386 1.6938977 -3.7834373 0.24740042 1.1206323 -0.799928 995.81 
20150624194227 -10.548254 0.3369839 -1.2563573 0.045814894 0.41355577 -0.17470746 995.81 
20150624194227 -9.0315275 -0.41060558 0.15322891 0.07696902 -0.7021896 0.115453534 995.81 
20150624194227 -8.998607 -0.7398083 -0.005985504 -0.043676864 -0.84849185 0.13836098 995.78 
20150624194227 -8.161235 -1.441908 -0.015562311 -0.1020145 -0.42943826 0.19547687 995.78 
20150624194227 -6.1985884 -1.6591818 -0.19871874 0.012217305 -0.0106901415 0.29565877 995.78 
20150624194227 -4.8380833 -1.3227965 -0.7044938 0.18387043 0.14538592 0.50732356 995.78 
20150624194227 -2.980781 0.089782566 -1.2054806 0.30207285 -0.013744468 0.5849035 995.78 
20150624194227 -2.1996727 1.5705963 -1.0289081 0.3903429 -0.04337143 0.64965516 995.78 
20150624194227 -2.89459 1.7322049 -0.7930793 0.4642576 -0.0729984 0.6649268 995.78 
20150624194227 -4.610634 0.96546185 -0.92895025 0.47861293 -0.0125227375 0.5164866 995.78 
20150624194227 -7.7745714 0.54049104 -0.97384155 0.49357912 0.116980694 0.28221974 995.78 
20150624194227 -10.533889 0.39444473 0.90381116 0.5320636 0.20463985 0.03573562 995.79 
20150624194227 -11.300632 0.41838676 3.630807 0.38789943 0.073303826 -0.14660765 995.79 
20150624194227 -11.736976 0.09995792 6.2368956 0.37507126 -0.3191771 -0.17989981 995.79 
20150624194228 -13.164518 0.3298013 4.951209 0.5522222 -0.7333437 -0.18020524 995.79 
20150624194228 -14.827889 2.4558525 3.6074634 0.7244862 -1.0375546 -0.07941248 995.79 
20150624194228 -14.244902 2.445677 3.181894 0.5112942 -0.7247916 0.1966986 995.79 
20150624194228 -12.668919 1.4766239 3.413533 0.13988814 -0.008857546 0.5751296 995.79 
20150624194228 -12.119449 1.7124528 0.17238252 0.04184427 0.28527406 0.643852 995.79 
20150624194228 -10.155006 2.7096379 -4.210802 -0.10934488 0.005497787 0.65484756 995.79 
20150624194228 -10.760141 3.5625722 -8.282143 -0.40408736 -0.25228736 1.0320568 995.78 
20150624194228 -14.443022 3.0370448 -8.39467 -0.8729264 0.4633413 1.196685 995.78 
20150624194228 -15.875353 -0.16400282 -2.7647045 -0.65270954 1.428203 0.55833083 995.78 
20150624194228 -13.871407 -2.247557 1.5514427 0.047036625 0.9468411 0.04886922 995.78 
20150624194228 -11.376648 -1.0199299 0.4237737 0.35185838 -0.29168814 -0.3118467 995.78 
20150624194228 -10.076596 2.1787236 -1.163582 0.28069258 -1.2864822 -0.24556783 995.78 
20150624194228 -8.1480665 3.3207579 -2.0655975 0.13225232 -0.5589417 -0.26206118 995.78 
20150624194228 -5.295376 2.0338743 -1.0654198 0.093767814 0.34147367 -0.4792238 995.78 
20150624194228 -3.144784 -1.4867992 0.8948329 0.24587326 0.40958515 -0.72387534 995.78 
20150624194228 -1.6304513 -2.6102784 0.6679823 0.46639562 0.007941248 -0.9963212 995.79 
20150624194228 -2.6420016 -1.3736732 -1.0474633 0.31520647 -0.5849035 -0.79534656 995.79 
20150624194228 -4.784812 -0.08020575 -1.9973627 -0.04550946 -0.18295415 -0.47342056 995.79 
20150624194228 -6.9808936 0.52492875 -3.007716 -0.11026118 0.73273283 -0.40958515 995.79 
20150624194228 -8.177995 1.0767922 -3.0250738 0.0729984 0.8848383 -0.28160888 995.79 
20150624194228 -8.872911 1.0444705 -0.45549688 0.21930063 0.80664754 -0.14477506 995.79 
20150624194228 -8.293514 0.50996494 2.9149406 -0.032375857 0.3203988 -0.10720685 995.79 
20150624194228 -8.563461 -0.08559271 3.9348705 -0.44837508 -0.1704314 -0.069027774 995.79 
20150624194228 -12.281057 -0.7260417 4.122815 -0.5674938 -0.61453044 0.04062254 995.79 
20150624194228 -16.08724 -0.760159 3.342904 -0.4111123 -0.49021935 0.025961773 995.78 
20150624194228 -16.318281 -2.5019407 1.508347 -0.34574974 -0.040011674 -0.18967366 995.78 
20150624194228 -13.20941 -3.3441012 1.4275428 -0.12705997 0.31337386 -0.37140608 995.78 
20150624194228 -10.125677 -1.1707647 0.5602432 0.20433442 0.27916542 -0.3717115 995.78 
20150624194228 -9.369708 0.79726917 -2.2505496 0.23365596 -0.09101892 -0.26083946 995.78 
20150624194228 -10.831368 0.86251116 -7.354389 0.46486846 -0.28619036 -0.36682457 995.78 
20150624194228 -15.625757 -1.5646108 -11.561002 0.88025683 0.09040806 -0.7648033 995.78 
20150624194228 -16.506824 -1.4796166 -4.372411 0.7263188 0.93279123 -0.9975429 995.78 
20150624194228 -12.282853 0.30526072 -1.9153614 0.13408493 1.0219775 -0.46731192 995.78 
20150624194228 -10.166978 -0.009576807 -1.2401965 -0.095294975 -0.23701571 0.2919936 995.81 
20150624194228 -10.710462 -0.12868834 -1.1911154 -0.05222898 -0.8588765 0.44257188 995.81 
20150624194228 -10.8385515 0.1376666 -2.1440077 -6.1086525E-4 -0.43554693 0.30879238 995.81 
20150624194228 -9.202114 0.0664391 -1.7399861 0.022296581 -0.03604105 0.30970868 995.81 
20150624194228 -6.716933 0.33518824 -0.6135142 0.10903945 0.19303341 0.40561453 995.81 
20150624194228 -3.980959 0.62368953 -0.05267244 0.1142318 -0.1966986 0.48502702 995.81 
20150624194228 -2.4947581 0.6955156 0.5895722 0.042455133 -0.5122105 0.55741453 995.81 
20150624194228 -2.8844144 0.6931214 0.7200562 -0.04337143 -0.6209445 0.5662721 995.81 
20150624194228 -5.109226 1.0079589 0.91219085 -0.056505036 -0.4859433 0.4908302 995.81 
20150624194228 -7.0287776 0.054468088 0.676362 0.040317107 -0.18845193 0.28527406 995.75 
20150624194228 -8.450335 -0.94930094 0.8846575 0.05955936 0.11789699 0.07788532 995.75 
20150624194228 -8.93935 -0.90261406 2.2619221 0.18509217 0.19150625 -0.036651913 995.75 
20150624194228 -8.682572 -0.20709845 4.0264487 0.26083946 0.0036651916 -0.0580322 995.75 
20150624194228 -9.65821 -0.6398504 3.857059 0.37812558 -0.3585779 0.0036651916 995.75 
20150624194228 -12.366052 0.748188 3.2249897 0.7486154 -0.59956425 0.022907447 995.75 
20150624194228 -14.565126 3.8935704 3.550601 0.82436264 -0.55863625 0.03023783 995.75 
20150624194228 -12.895769 3.7062242 2.4007857 0.46853364 -0.29810223 0.1881465 995.75 
20150624194228 -11.219229 2.1218612 1.661576 0.21991149 0.021380283 0.50885075 995.75 
20150624194229 -11.0695915 2.2780828 -1.5915456 0.09285152 -0.016798794 0.75900006 995.78 
20150624194229 -11.402985 2.079364 -8.115746 -0.18784106 -0.29626966 0.9810496 995.78 
20150624194229 -15.425841 1.5765818 -11.496358 -0.48747048 0.017104227 1.0876455 995.78 
20150624194229 -17.802685 1.2324153 -6.6684504 -0.74097955 1.0393872 0.8527679 995.78 
20150624194229 -15.252262 -0.5770026 -0.44592008 -0.22388211 1.7180585 0.31429017 995.78 
20150624194229 -11.5951185 -1.8291701 3.0520086 0.25228736 0.3023783 -0.15607607 995.78 
20150624194229 -9.967062 0.760159 1.560421 0.49235737 -1.4049901 -0.3210097 995.78 
20150624194229 -9.592369 2.6443958 -1.2246342 0.43157628 -1.6187929 -0.2996294 995.78 
20150624194229 -7.642292 2.823961 -2.1583729 0.27916542 -0.74220127 -0.39003745 995.78 
20150624194229 -4.791396 1.6747441 -1.2539631 0.258396 0.41905355 -0.5290093 995.79 
20150624194229 -2.7850552 -0.7835025 0.4961983 0.39645153 0.45112398 -0.6963864 995.79 
20150624194229 -1.8956091 -1.9937714 1.395221 0.40500367 -0.14721853 -0.80573124 995.79 
20150624194229 -2.9640217 -1.1234791 -0.061052144 0.30757064 -0.48349985 -0.7141015 995.79 
20150624194229 -5.242703 -0.272939 -1.1192893 0.10781772 -0.26847526 -0.52412236 995.79 
20150624194229 -7.269395 0.6404489 -1.0720038 -0.0290161 0.48991394 -0.43096542 995.79 
20150624194229 -9.002797 0.82240826 -0.7697359 -0.038179077 0.86529064 -0.18295415 995.79 
20150624194229 -9.502586 0.5638345 0.28491 -0.069027774 0.8552113 -0.019547688 995.79 
20150624194229 -9.482236 -0.2693477 1.3640964 -0.13500121 0.6392705 -0.009773844 995.79 
20150624194229 -10.166978 -1.3676877 2.5821466 -0.31642818 0.28191432 -0.026267206 995.82 
20150624194229 -12.441469 -0.80564886 2.861071 -0.42852196 -0.18967366 -0.03145956 995.82 
20150624194229 -14.857818 -0.59256494 3.8947675 -0.4007276 -0.3481932 0.0015271631 995.82 
20150624194229 -14.7411 -3.596091 2.088941 -0.3827071 -0.1685988 -0.037873644 995.82 
20150624194229 -11.939884 -3.3363202 2.0410569 -0.028710667 -0.0070249503 -0.18906279 995.82 
20150624194229 -8.631097 0.040102877 -0.033518825 0.54641896 0.004276057 -0.39614612 995.82 
20150624194229 -7.848193 2.1362264 -3.3201592 0.58184916 -0.27550024 -0.39400807 995.82 
20150624194229 -10.621876 2.6072857 -7.3843164 0.61391956 -0.34147367 -0.514654 995.82 
20150624194229 -17.754202 -1.3569138 -11.020511 0.6560693 0.4373795 -0.8155051 995.82 
20150624194229 -18.110939 -3.0172927 -5.6569 0.52503866 1.3307699 -0.9486737 995.8 
20150624194229 -14.001291 -1.9542671 -2.7443538 0.20463985 1.5164729 -0.75961095 995.8 
20150624194229 -10.422559 -1.2605472 -2.03567 0.03023783 0.09315695 -0.11881329 995.8 
20150624194229 -9.63726 -0.88765025 0.05925649 0.12217305 -0.93126404 0.28985557 995.8 
20150624194229 -9.198523 -0.39504328 -0.20530279 0.030543262 -0.7101309 0.40530908 995.8 
20150624194229 -7.849989 -0.2681506 -1.6585833 0.093462385 -0.45662177 0.45173484 995.8 
20150624194229 -6.551733 -0.40282443 -1.4682442 0.32925636 -0.2415972 0.52564955 995.8 
20150624194229 -4.685453 -0.022146367 -0.47345337 0.46731192 -0.14660765 0.5525276 995.8 
20150624194229 -2.8078 0.8714894 0.56982 0.4343252 -0.35979962 0.56688297 995.8 
20150624194229 -2.8030117 1.3257892 0.80086046 0.410196 -0.4465425 0.6273586 995.82 
20150624194229 -4.408922 1.5155296 0.41599256 0.44684792 -0.39187005 0.5674938 995.82 
20150624194229 -6.7803793 0.83617496 0.28072014 0.48197266 -0.19761491 0.32253686 995.82 
20150624194229 -8.986636 -0.20171149 0.9983821 0.473726 0.19028452 0.07880162 995.82 
20150624194229 -9.194932 -0.34835634 1.3078327 0.5537493 0.36560285 -0.09437868 995.82 
20150624194229 -9.235633 0.25977087 2.3900118 0.6435465 0.12064589 -0.1777618 995.82 
20150624194229 -10.80623 0.9516952 4.5920787 0.65026605 -0.33200526 -0.14172074 995.82 
20150624194229 -13.378799 1.1887212 4.9865236 0.5216789 -0.5910121 -0.063224554 995.82 
20150624194229 -14.196419 2.698864 4.6579194 0.46303585 -0.6774496 0.048258353 995.82 
20150624194229 -13.502101 2.2894554 3.6349967 0.24678956 -0.5510005 0.2666427 995.78 
20150624194229 -12.395979 0.61411273 2.782661 0.09162979 -0.19639318 0.5296202 995.78 
20150624194229 -11.886613 1.4520833 1.2814964 0.028099801 0.024129177 0.6062838 995.78 
20150624194229 -9.945514 3.015497 -3.9396589 -0.24984388 -0.160963 0.7858781 995.78 
20150624194229 -11.061212 2.6114755 -9.543886 -0.61850107 -0.20525073 1.1304061 995.78 
20150624194230 -14.525023 2.5157075 -9.082404 -0.9074403 0.754724 0.95905846 995.78 
20150624194230 -15.4084835 0.35793316 -3.122039 -0.43401974 1.606881 0.4288274 995.78 
20150624194230 -13.14297 -1.436521 1.525705 0.1441642 0.70554936 -0.030543262 995.78 
20150624194230 -10.841544 -0.41958386 1.8171991 0.3390302 -0.5910121 -0.2687807 995.78 
20150624194230 -9.613917 1.8956091 -0.09756372 0.28955013 -1.5323554 -0.18112154 995.8 
20150624194230 -8.27496 2.9885623 -1.875857 0.14538592 -0.68569624 -0.24190263 995.8 
20150624194230 -5.927445 2.6030958 -1.9560628 0.11362094 0.29443705 -0.60048056 995.8 
20150624194230 -3.7858315 0.59256494 -0.18495208 0.23732115 0.43860126 -0.84696466 995.8 
20150624194230 -2.4438813 -2.0973208 2.111686 0.41722095 0.004276057 -0.9642508 995.8 
20150624194230 -2.0135236 -2.058415 1.3826514 0.3481932 -0.70921457 -0.8756753 995.8 
20150624194230 -4.368221 -1.1049241 0.3842694 0.06688975 -0.68508536 -0.5742133 995.8 
20150624194230 -6.7725983 -0.01436521 -0.24361002 -0.12705997 0.08093964 -0.43127087 995.8 
20150624194230 -8.92738 0.6003461 -0.49919105 -0.06169739 0.73639804 -0.3295618 995.8 
20150624194230 -10.796054 0.54887074 -0.4405331 0.02107485 0.8594874 -0.17715092 995.8 
20150624194230 -11.015722 -0.12868834 1.536479 -0.03604105 0.75869465 -0.13927728 995.8 
20150624194230 -10.245986 -0.29688102 3.2603042 -0.26358834 0.39370266 -0.11453723 995.8 
20150624194230 -10.489596 -0.3196259 3.9905357 -0.43890667 -0.21655174 0.0580322 995.8 
20150624194230 -12.2241955 -1.0348936 3.7541082 -0.47403142 -0.39400807 0.084910266 995.8 
20150624194230 -14.09287 -3.140594 1.7375919 -0.40469822 -0.19853121 -0.109650314 995.8 
20150624194230 -13.430274 -3.9109285 0.9528923 0.06383542 0.0842994 -0.36285394 995.8 
20150624194230 -9.980828 -0.82480246 0.37110126 0.6114761 0.28099802 -0.5198463 995.8 
20150624194230 -7.9086466 2.2643163 -2.345719 0.59681535 -0.10934488 -0.3735441 995.8 
20150624194230 -9.903615 3.1136594 -6.8809357 0.45234573 -0.4092797 -0.3726278 995.82 
20150624194230 -15.729905 0.0017956513 -11.306019 0.4034765 -0.0015271631 -0.74220127 995.82 
20150624194230 -17.414825 -2.698864 -5.4563856 0.18997909 1.0754282 -0.9282097 995.82 
20150624194230 -14.159907 -3.0478187 -1.1438298 -0.070554934 1.4892895 -0.6835582 995.82 
20150624194230 -10.609306 -1.270124 -1.6944963 -0.2434298 -0.029932396 -0.122783914 995.82 
20150624194230 -10.733206 -0.0053869537 -0.7745243 -0.25137106 -0.9993755 0.23976462 995.82 
20150624194230 -11.11987 0.86131406 -1.5412674 -0.27183503 -0.5516113 0.37048978 995.82 
20150624194230 -9.776124 0.18195933 -1.5801731 -0.14294247 -0.092240654 0.37018433 995.82 
20150624194230 -7.2747817 -1.0462662 -0.6787562 0.10781772 0.112399206 0.39553526 995.82 
20150624194230 -5.0523643 -1.1761516 -0.6787562 0.30573806 -0.1740966 0.4813618 995.84 
20150624194230 -3.2190042 -0.31902736 0.75357497 0.30726522 -0.52870387 0.5195409 995.84 
20150624194230 -2.9017725 0.7661445 0.46986207 0.17379116 -0.4978552 0.5729916 995.84 
20150624194230 -4.7363296 1.7591397 -0.18914193 0.15057829 -0.2773328 0.61178154 995.84 
20150624194230 -6.783372 1.4149733 -0.19512744 0.20769419 0.021380283 0.4089743 995.84 
20150624194230 -8.619724 0.130484 0.32142156 0.20525073 0.34788775 0.16982053 995.84 
20150624194230 -9.640852 -0.78410107 1.5831659 0.2733622 0.3368922 0.08277224 995.84 
20150624194230 -8.416218 -0.22505496 3.3584664 0.36377025 0.07849618 -0.03481932 995.84 
20150624194230 -8.203134 0.56323594 4.519056 0.4990769 -0.3747658 -0.053450707 995.84 
20150624194230 -10.852318 1.3036429 3.8989575 0.70432764 -0.8885035 -0.0421497 995.75 
20150624194230 -14.450204 2.6138697 3.933075 0.5513059 -0.95722586 -0.025045475 995.75 
20150624194230 -14.329896 2.2056582 3.3255463 0.2180789 -0.33169982 0.12614368 995.75 
20150624194230 -11.553221 1.1288661 3.074155 -0.08002335 0.02565634 0.5021312 995.75 
20150624194230 -9.937733 1.4024036 1.7064673 -0.10323623 0.12950343 0.70157874 995.75 
20150624194230 -9.87668 2.0895395 -2.3050177 -0.30390546 -0.35888332 0.7699956 995.75 
20150624194230 -11.684303 2.066196 -7.4286094 -0.47250426 -0.4465425 0.9822713 995.75 
20150624194230 -16.003443 1.9093759 -10.160394 -0.52839845 0.54458636 0.93462384 995.75 
20150624194230 -16.777967 0.7410054 -5.185841 -0.46273044 1.3106114 0.5693264 995.75 
20150624194231 -13.886969 -0.7739257 0.43155485 0.02107485 1.3264939 0.04734206 995.76 
20150624194231 -11.246164 -0.74758947 2.7952304 0.19822577 -0.23151793 -0.23243423 995.76 
20150624194231 -9.877279 1.4460979 1.002572 0.2415972 -1.4773777 -0.21502456 995.76 
20150624194231 -9.306262 2.517503 -1.4891934 0.16982053 -1.0482447 -0.16646078 995.76 
20150624194231 -7.571663 2.0153193 -2.0763714 0.053450707 -0.23090707 -0.3378085 995.76 
20150624194231 -5.3247046 0.1340753 -0.97503865 0.1469131 0.44501534 -0.5946773 995.76 
20150624194231 -3.429694 -0.5386954 -0.08678981 0.20158553 0.21838433 -0.6814202 995.76 
20150624194231 -3.0322564 -0.2717419 0.040102877 -0.092240654 -0.18112154 -0.53786683 995.76 
20150624194231 -3.8684313 -0.10534488 0.009576807 -0.29749137 -0.0143553335 -0.4474588 995.76 
20150624194231 -5.7083755 -0.04129998 -0.108936176 -0.29565877 0.23151793 -0.32375857 995.77 
20150624194231 -7.785944 -0.03172317 -0.84335756 -0.26328292 0.45631635 -0.2565634 995.77 
20150624194231 -8.714295 -0.47405192 -1.1994951 -0.23823744 0.5665775 -0.15210545 995.77 
20150624194231 -8.528745 -0.35075054 0.43514615 -0.22907446 0.59742624 -0.08002335 995.77 
20150624194231 -8.528147 0.20709845 2.837129 -0.25167647 0.36377025 -0.04795292 995.77 
20150624194231 -9.584588 -0.30406362 3.5577838 -0.3979787 0.029932396 0.00580322 995.77 
20150624194231 -12.13142 -0.79367787 3.7463272 -0.3378085 -0.3023783 0.06078109 995.77 
20150624194231 -14.638149 -1.8602947 3.3722332 -0.1826487 -0.23273966 0.056505036 995.77 
20150624194231 -14.570513 -3.3195608 2.420538 -0.06352998 -0.02565634 -0.13316862 995.77 
20150624194231 -11.885416 -2.1470003 2.6539726 0.2556471 0.027488936 -0.2855795 995.79 
20150624194231 -9.160814 1.4377182 1.2850877 0.5662721 -0.053145275 -0.3051272 995.79 
20150624194231 -8.078036 3.846285 -2.6491842 0.5207626 -0.34025195 -0.17165314 995.79 
20150624194231 -9.139266 3.1441853 -6.71394 0.3848451 -0.2779437 -0.32498032 995.79 
20150624194231 -13.908516 -0.8774749 -9.831191 0.38453966 0.4288274 -0.70249504 995.79 
20150624194231 -17.714699 -4.1461587 -7.1622543 0.25503623 1.1753048 -0.87781334 995.79 
20150624194231 -15.974712 -2.4277205 -1.8447324 -0.13347405 1.2641857 -0.8573494 995.79 
20150624194231 -12.114062 -0.55006784 -3.2692823 -0.30024028 0.36071593 -0.2556471 995.79 
20150624194231 -10.564415 -0.5422867 -0.8062474 0.019547688 -0.3998113 0.22052236 995.79 
20150624194231 -10.111911 -0.30885202 -0.57281274 -0.017715093 -0.28038713 0.31673363 995.74 
20150624194231 -9.496601 -0.641646 -0.5734113 0.013439035 -0.32925636 0.3268129 995.74 
20150624194231 -7.638102 -1.186327 -0.56443304 0.124005646 -0.17837265 0.36010507 995.74 
20150624194231 -6.097433 -1.2144588 -0.19153613 0.3567453 -0.094989546 0.49602258 995.74 
20150624194231 -4.338892 -0.35075054 0.30466217 0.4392121 -0.26633725 0.52290064 995.74 
20150624194231 -3.3925838 0.7404069 0.6823475 0.44868052 -0.30695978 0.60139686 995.74 
20150624194231 -4.4783545 1.9776106 0.60812724 0.4810564 -0.24801129 0.6072 995.74 
20150624194231 -6.2327056 1.8028339 0.38187516 0.5183192 -0.13652839 0.46120325 995.74 
20150624194231 -7.795521 0.7218518 -0.37469256 0.48441613 0.15943582 0.19058995 995.74 
20150624194231 -9.097368 0.061052144 -0.74519527 0.5332854 0.3436117 -0.030848695 995.83 
20150624194231 -8.921394 0.09816227 0.62728083 0.52931476 0.19364429 -0.14935656 995.83 
20150624194231 -7.877522 0.40641573 3.674501 0.47158796 -0.1572978 -0.14660765 995.83 
20150624194231 -9.3260145 -0.30526072 4.180875 0.4905248 -0.49968776 -0.039095376 995.83 
20150624194231 -12.458228 0.15263036 3.8564603 0.6310238 -0.86529064 0.02443461 995.83 
20150624194231 -13.274053 2.5911248 3.8361096 0.5751296 -0.7641924 0.02321288 995.83 
20150624194231 -12.73416 2.2876596 3.4500446 0.30298916 -0.3417791 0.25411993 995.83 
20150624194231 -13.275848 0.4441244 3.0801406 0.16982053 -0.04184427 0.42730024 995.83 
20150624194231 -13.147161 1.827973 -0.75118077 0.09132435 -0.05955936 0.6062838 995.83 
20150624194231 -10.644022 2.1296425 -4.9308586 -0.116675265 -0.3222314 0.87781334 995.81 
20150624194231 -10.609306 1.4856021 -8.620922 -0.3924809 -0.17654006 1.2611313 995.81 
20150624194231 -12.574945 2.2996306 -5.8358665 -0.5491679 0.6759224 1.0146471 995.81 
20150624194231 -13.8959465 1.9806033 -0.15502456 -0.3848451 1.0317514 0.5143485 995.81 
20150624194231 -12.950237 0.65780693 0.84575176 0.09682214 0.61941737 -0.056505036 995.81 
20150624194232 -11.428123 0.5315128 -1.1115081 0.35888332 -0.5390886 -0.19517145 995.81 
20150624194232 -10.335769 1.3718776 -1.6861166 0.20280726 -0.9407325 -0.1563815 995.81 
20150624194232 -8.699332 1.7579426 -1.0953473 -0.013744468 -0.12736541 -0.27885997 995.81 
20150624194232 -6.5619082 0.504578 -0.23762453 -0.06261369 0.33841935 -0.47158796 995.81 
20150624194232 -4.3143516 -1.435324 0.17417817 0.092240654 0.2874121 -0.7663304 995.84 
20150624194232 -2.961029 -2.28347 0.21906945 0.3567453 -0.0125227375 -0.87598073 995.84 
20150624194232 -2.460641 -0.97743285 0.28311434 0.35613444 -0.24495697 -0.7312057 995.84 
20150624194232 -3.5434184 0.41120413 0.41479546 0.1994475 -0.053145275 -0.5039638 995.84 
20150624194232 -5.33488 0.8846575 -0.5943606 0.1282817 0.3378085 -0.3594942 995.84 
20150624194232 -7.5052238 0.9283517 -1.6089035 0.19853121 0.5390886 -0.27947086 995.84 
20150624194232 -9.640852 0.18614918 -1.1067197 0.2950479 0.7706065 -0.1704314 995.84 
20150624194232 -10.688315 -0.7314286 1.0169371 0.22174409 0.75777835 -0.11789699 995.84 
20150624194232 -10.915166 -1.1348516 3.1591492 0.11942416 0.5131268 -0.08124508 995.84 
20150624194232 -11.8578825 -0.7517793 3.5075054 0.04917465 0.07849618 -0.0012217305 995.82 
20150624194232 -14.144943 0.038307227 3.8833952 0.03848451 -0.3042109 0.06994407 995.82 
20150624194232 -16.046537 1.0151415 3.2842462 0.047036625 -0.4373795 -0.03359759 995.82 
20150624194232 -15.477916 0.006584055 2.8095956 0.0067195175 -0.21991149 -0.18967366 995.82 
20150624194232 -11.94168 -1.3706805 1.5897499 0.06536258 0.13683382 -0.3817908 995.82 
20150624194232 -9.929952 -1.0785879 0.5153519 0.22724187 0.2134974 -0.45448375 995.82 
20150624194232 -8.683769 -0.7158663 -3.2303767 0.2855795 0.0 -0.40561453 995.82 
20150624194232 -9.758766 -1.4526819 -9.7084875 0.35094208 -0.14110987 -0.44348818 995.82 
20150624194232 -12.915521 -1.9740193 -10.499771 0.6579019 0.3747658 -0.7290677 995.82 
20150624194232 -14.042591 -1.2186487 -1.7950528 0.57360244 1.3652838 -0.79381937 995.8 
20150624194232 -11.556811 -0.077811554 -1.0420763 -0.06169739 1.2895365 -0.6020077 995.8 
20150624194232 -10.519524 -0.3489549 -2.9622262 -0.1591304 -0.043982297 -0.07696902 995.8 
20150624194232 -11.267113 -0.16101007 -2.094328 0.09682214 -0.88208944 0.1591304 995.8 
20150624194232 -11.341932 -0.17836803 -1.697489 0.03940081 -0.29901853 0.1441642 995.8 
20150624194232 -9.985018 -0.415394 -2.1068976 0.0143553335 0.1001819 0.21777347 995.8 
20150624194232 -8.0606785 -0.29448682 -2.0614076 0.1685988 0.07238753 0.31429017 995.8 
20150624194232 -6.2249246 0.27952304 -0.66498953 0.29626966 -0.24404067 0.4700608 995.8 
20150624194232 -4.1635165 0.9475053 0.7236475 0.26328292 -0.5571091 0.50946164 995.8 
20150624194232 -2.8820202 0.8451532 1.9512744 0.1695151 -0.7816021 0.514654 995.81 
20150624194232 -3.1860838 0.62249243 0.62847793 0.1469131 -0.8249735 0.49693888 995.81 
20150624194232 -5.9370217 0.7751228 -0.5494693 0.20189096 -0.6603453 0.4120286 995.81 
20150624194232 -9.116522 0.52492875 -0.08678981 0.2666427 -0.20952678 0.24709499 995.81 
20150624194232 -10.55005 0.1328782 0.8074445 0.15699236 0.40317106 0.020158553 995.81 
20150624194232 -9.4972 -0.19931729 1.7286136 0.09468412 0.52595496 -0.07269296 995.81 
20150624194232 -7.8733325 -0.4429273 4.313154 0.19456059 0.08552113 -0.098043874 995.81 
20150624194232 -9.091981 -0.40701428 5.439028 0.33567044 -0.44135013 0.0015271631 995.81 
20150624194232 -12.312182 0.7505822 4.396353 0.46578476 -0.93828905 0.10170906 995.81 
20150624194232 -13.863027 2.3133974 3.1914709 0.50793445 -0.86498517 0.09560041 995.85 
20150624194232 -12.997522 1.7633295 1.9207484 0.344528 -0.2910773 0.22021692 995.85 
20150624194232 -11.729194 1.5717934 2.3092074 0.2733622 0.18906279 0.45112398 995.85 
20150624194232 -11.15698 3.4231098 0.2088941 0.21471913 0.17867808 0.66645396 995.85 
20150624194232 -10.065823 3.875614 -4.137779 -0.115453534 -0.23396139 0.90194255 995.85 
20150624194232 -12.006922 2.1721394 -9.076419 -0.550695 -0.29657507 1.2009611 995.85 
20150624194232 -15.093047 0.70509243 -8.887876 -0.8518516 0.76083267 0.9837985 995.85 
20150624194232 -15.336658 -0.4997896 -3.0125043 -0.52015173 1.672549 0.59620446 995.85 
20150624194232 -13.10586 -0.04369418 1.3551182 0.23823744 1.25319 0.023823744 995.85 
20150624194232 -11.073183 1.726818 1.1043255 0.3286455 -0.37323865 -0.21135938 995.81 
20150624194233 -10.123283 2.9101522 -0.8511387 0.24465153 -1.3939945 -0.21563543 995.81 
20150624194233 -8.797494 2.498948 -2.142212 0.090713486 -0.8231409 -0.3191771 995.81 
20150624194233 -6.9904704 1.412579 -1.9123687 0.021685716 0.043676864 -0.47739118 995.81 
20150624194233 -5.146935 -0.45549688 -0.57640404 0.070249505 0.2724459 -0.75625116 995.81 
20150624194233 -3.514688 -2.059612 0.5823896 0.23426682 0.07849618 -0.8671232 995.81 
20150624194233 -2.60549 -1.7310078 0.02813187 0.20341812 -0.4642576 -0.7806858 995.81 
20150624194233 -3.9797618 -0.374094 0.023942016 0.057726767 -0.5323691 -0.5717699 995.81 
20150624194233 -6.5283895 0.34476504 0.23283611 -0.003970624 -0.01038471 -0.39584067 995.81 
20150624194233 -8.290522 0.7284359 -0.4177882 -0.013744468 0.30970868 -0.25809056 995.83 
20150624194233 -9.270947 0.46627077 -0.70509243 0.04062254 0.5852089 -0.09590584 995.83 
20150624194233 -9.430161 -0.13826515 0.9379285 0.008246681 0.6414085 -0.03268129 995.83 
20150624194233 -8.995614 -0.99419224 3.0579941 -0.1151481 0.45570546 -0.049785517 995.83 
20150624194233 -9.592369 -1.4502877 3.6260185 -0.17531833 0.0015271631 -0.025045475 995.83 
20150624194233 -11.762115 -0.7164649 3.0071173 -0.13439035 -0.32498032 0.09743301 995.83 
20150624194233 -13.3464775 0.7823054 2.3774424 -0.027794369 -0.3036 0.087659165 995.83 
20150624194233 -13.074736 0.15502456 1.1270704 -0.035124753 -0.01863139 -0.106901415 995.83 
20150624194233 -11.2371855 -1.5897499 1.5819688 0.17501289 0.22266038 -0.30451632 995.83 
20150624194233 -10.042479 -0.62967503 0.22385786 0.38331795 0.30482176 -0.47647488 995.81 
20150624194233 -9.853337 0.32800564 -2.2319946 0.43890667 0.0842994 -0.539394 995.81 
20150624194233 -11.217434 0.16639702 -8.890269 0.4196644 -0.14782938 -0.66950834 995.81 
20150624194233 -14.270639 -1.2300211 -12.501923 0.6630942 0.5494733 -1.035722 995.81 
20150624194233 -15.92204 -0.6769605 -5.398925 0.4877759 1.4147639 -1.1206323 995.81 
20150624194233 -13.9198885 -0.093373865 -0.43155485 -0.12003502 1.1618657 -0.7461719 995.81 
20150624194233 -10.88823 -0.89184016 -1.5053543 -0.70707655 0.21838433 -0.09315695 995.81 
20150624194233 -10.396821 -1.1791444 -0.93732995 -0.43157628 -0.85918194 0.27916542 995.81 
20150624194233 -11.444882 -1.417966 -1.4718355 -0.27397305 -0.5635232 0.23090707 995.81 
20150624194233 -11.203667 -1.7429788 -1.8788497 -0.09896017 -0.20677789 0.119729586 995.79 
