20150624194207 -2.665345 0.26515785 -0.28431144 0.76144356 2.2348504 -0.28771752 995.55 
20150624194207 -1.8064252 -1.917157 1.5837644 -0.32284227 1.6331482 -0.36896262 995.55 
20150624194207 -0.20410569 -6.3165026 2.7006595 -1.1560625 1.054048 -0.40744713 995.55 
20150624194207 0.59735334 -14.364612 9.437345 -2.047315 0.754724 -0.22204952 995.55 
20150624194207 0.9032126 -19.608511 19.272726 -2.2412646 0.23396139 0.21777347 995.55 
20150624194207 -0.46327803 -19.218855 18.270752 -0.70554936 -0.9211848 0.91354895 995.55 
20150624194207 -1.3784616 -8.445546 7.9792757 1.2116512 -0.77366084 0.68783426 995.55 
20150624194207 -1.9590555 -6.8605847 -0.93493575 1.9617938 1.2144 -0.52198434 995.55 
20150624194207 -3.5434184 -9.792285 4.297592 0.7293731 3.9553525 -0.7431176 995.55 
20150624194207 -8.628703 -13.30398 1.2246342 -0.11056661 1.756543 -0.3659083 995.6 
20150624194207 -6.1644707 -12.577939 -4.7004166 -0.106595986 -1.1004738 -0.004581489 995.6 
20150624194207 -1.3994108 -8.034941 -7.6051817 0.5503896 -1.609019 0.6417139 995.6 
20150624194207 2.1380222 -8.901043 -4.000711 -0.087659165 -1.7953329 0.70066243 995.6 
20150624194207 2.4241292 -10.579977 -5.6886234 -0.5647449 -1.0946705 0.45142943 995.6 
20150624194207 0.019153614 -9.350554 -4.3777976 -1.4899004 -0.63224554 0.27855456 995.6 
20150624194207 -0.521936 -10.888829 1.4191631 -2.4587326 -2.0879374 0.8078693 995.6 
20150624194207 -0.54647654 -14.201207 2.6449943 -2.6963592 -4.531704 1.2195925 995.6 
20150624194207 -2.6844985 -14.458584 -0.6027403 -2.823419 -5.5219164 1.7892243 995.6 
20150624194207 2.5270798 -11.07019 -0.05207389 -3.068376 -4.525595 1.8490891 995.37 
20150624194207 2.6868927 -6.075287 -2.9125464 -2.685058 -1.9764545 1.7464638 995.37 
20150624194207 1.3682863 -4.115034 2.8365304 -2.026851 -0.4071417 0.63071835 995.37 
20150624194207 -2.4851813 -6.5110316 2.0811598 -1.9107865 0.7877107 -0.09590584 995.37 
20150624194207 -0.6739678 -8.279149 -0.88645315 -1.1426234 1.2864822 0.44104472 995.37 
20150624194207 0.28072014 -9.328408 -3.5972881 -1.1716396 0.21105394 0.5195409 995.37 
20150624194207 0.7032967 -9.172187 0.8523358 -1.5497651 -0.6930266 0.1328632 995.37 
20150624194207 -1.4173675 -9.83957 4.5657425 -1.790446 -1.7421877 -0.004886922 995.37 
20150624194207 -1.2060791 -10.301651 1.9991584 -1.4309518 -3.2528574 0.14538592 995.37 
20150624194207 0.24121583 -10.622475 -0.095768064 -1.3271047 -2.0818288 0.66920286 995.56 
20150624194207 2.4654293 -11.565191 2.3331497 -1.1951579 -0.27488935 1.0528263 995.56 
20150624194207 1.3341689 -13.567941 3.5063083 -0.8313876 0.48930305 1.0430524 995.56 
20150624194207 1.2174516 -15.255255 1.3365631 -0.8185594 0.19517145 0.5726862 995.56 
20150624194207 5.3636103 -14.158112 -2.801216 -0.42943826 0.20738874 0.30298916 995.56 
20150624194207 6.361394 -10.323199 0.3752911 0.25595254 -0.3145956 -0.102319926 995.56 
20150624194207 0.25617957 -11.351509 2.594716 -0.18936823 -0.3051272 -0.36926803 995.56 
20150624194207 -5.0637364 -10.394426 1.7782934 0.26633725 0.657291 -0.5103779 995.56 
20150624194207 -6.68102 -10.264542 4.0803185 1.5195273 0.550695 -0.7107417 995.56 
20150624194207 -3.0561984 -13.471575 0.39025488 2.8096747 -0.6267477 -0.6575964 995.54 
20150624194207 -0.30047232 -14.738706 -2.6222494 3.4110715 -0.1469131 -0.8155051 995.54 
20150624194207 -0.4878186 -16.13273 -5.805341 2.7317894 0.63438356 -0.9761627 995.54 
20150624194207 -0.6703765 -15.414469 -1.2479776 2.0662518 1.6340646 -1.0546589 995.54 
20150624194207 -2.822764 -14.6363535 -2.429516 2.6871963 1.4422529 -1.1591167 995.54 
20150624194207 -0.33518824 -15.446791 2.2780828 3.7226129 -1.4062119 -1.0885619 995.54 
20150624194208 2.7353754 -12.897565 5.8268886 3.5729508 -2.9620855 -0.7134906 995.54 
20150624194208 3.086126 -11.517906 -2.0644004 1.8664987 -3.388164 -1.0516045 995.54 
20150624194208 0.46746787 -9.086594 -5.3642087 2.074193 1.1585059 -1.8167132 995.54 
20150624194208 -0.48722005 -4.695628 -6.010045 2.1820107 5.001765 -2.0066924 995.5 
20150624194208 -2.4953568 -2.6288335 -4.426879 2.1642957 5.6599717 -1.7757853 995.5 
20150624194208 -4.1706996 -0.8122329 -2.5234885 2.234545 5.3081136 -1.5552629 995.5 
20150624194208 -3.6062663 0.3417723 -1.8680758 1.7351627 3.7232237 -1.2797627 995.5 
20150624194208 -3.3979707 1.0708067 -1.3910311 1.0961977 3.1355712 -0.88270026 995.5 
20150624194208 -3.9971197 0.6691794 -1.0618285 0.3933972 2.7742445 -0.36896262 995.5 
20150624194208 -2.6515784 -3.4494462 -0.6697779 -0.5861252 2.008525 -0.33628133 995.5 
20150624194208 -2.2870612 -10.651803 2.7910407 -1.5485435 1.4370605 -0.310625 995.5 
20150624194208 1.6017209 -19.240404 10.732009 -2.5124888 0.8176431 -0.25473082 995.5 
20150624194208 0.7433996 -19.608511 19.608511 -1.8176296 0.07971791 0.47250426 995.61 
20150624194208 -1.1881226 -13.362638 18.207905 0.48838675 -0.66920286 0.93523467 995.61 
20150624194208 0.6003461 -5.758055 3.7367504 1.7373008 -1.6872098 0.26419923 995.61 
20150624194208 -1.3198037 -8.289924 1.5568297 1.1191051 0.44409904 -0.5885687 995.61 
20150624194208 -3.140594 -12.6222315 6.199187 -0.105068825 3.5604281 -0.5488624 995.61 
20150624194208 -2.2744915 -11.757924 -0.57640404 0.003970624 0.19272798 0.101098195 995.61 
20150624194208 -3.7696705 -10.934917 -11.206061 0.24495697 -1.1215485 0.5235115 995.61 
20150624194208 -6.630143 -8.969278 -7.7787614 0.56138515 -1.3118331 0.7742717 995.61 
20150624194208 -0.50397944 -10.418967 3.228581 -0.7147123 -2.4984388 0.46761733 995.61 
20150624194208 1.6496049 -10.245986 -5.547964 -0.7883216 -1.5103643 0.183565 995.45 
20150624194208 -0.5770026 -7.9726915 -4.6058455 -1.3393221 -0.8753699 0.23273966 995.45 
20150624194208 -1.4215573 -8.910022 -2.336741 -2.2156084 -1.3274102 1.0042624 995.45 
20150624194208 -4.1479545 -12.643779 1.484405 -2.819754 -4.5567493 1.8530598 995.45 
20150624194208 4.7680526 -13.71698 4.124611 -3.0983086 -5.2687125 2.5876253 995.45 
20150624194208 3.9480386 -6.775591 -3.2842462 -2.3469443 -4.247346 3.0286698 995.45 
20150624194208 1.9596541 -5.8723783 -3.0322564 -1.1673635 -1.7825048 0.23151793 995.45 
20150624194208 -0.427365 -3.7295678 -0.4189853 -2.0146337 1.8701639 -0.81061816 995.45 
20150624194208 0.52133745 -4.9823337 -2.3511062 -3.0702088 2.9724703 -0.64660084 995.45 
20150624194208 1.0067618 -6.8103065 -0.42078096 -2.3243423 2.0778582 0.37751472 995.51 
20150624194208 -2.195483 -9.2865095 4.4167037 -1.740966 -1.611768 0.28863382 995.51 
20150624194208 -6.475717 -11.750742 9.375694 -1.6120734 -3.7433822 -0.013744468 995.51 
20150624194208 0.4441244 -10.452486 -1.3509283 -1.9422461 -3.726278 0.06872234 995.51 
20150624194208 2.8221653 -12.799402 -4.3221326 -0.90316427 -1.2996159 1.1695015 995.51 
20150624194208 3.7235823 -12.957419 3.550601 -0.8536842 0.2648101 0.91446525 995.51 
20150624194208 -1.2868834 -14.6363535 5.6431336 -1.2568552 0.07788532 0.8213083 995.51 
20150624194208 0.46986207 -15.479113 0.3890578 -1.067487 0.051923547 0.42149702 995.51 
20150624194208 5.6844335 -14.07611 -1.9195513 0.13072516 -0.10262536 0.22235495 995.51 
20150624194208 8.150461 -10.1544075 2.304419 0.31581733 -0.745561 -0.03145956 995.48 
20150624194208 4.257489 -8.72507 -1.541866 0.19730948 -0.41813725 -0.4981606 995.48 
20150624194208 -3.5966895 -11.817181 4.4418426 0.89675015 0.0030543262 -0.79504114 995.48 
20150624194208 -7.311892 -14.557344 2.7335799 1.6050484 0.14172074 -1.0638218 995.48 
20150624194208 -6.163274 -14.440029 -0.7134721 2.6563475 0.31490102 -0.86406887 995.48 
20150624194208 -4.1820717 -13.476363 -6.0321913 3.140458 0.069027774 -0.634689 995.48 
20150624194208 -2.6102784 -13.909115 -3.5110967 2.3585508 0.22388211 -0.6462954 995.48 
20150624194208 -2.124854 -14.516644 -0.4997896 1.9633209 1.4993688 -0.7309003 995.48 
20150624194208 -1.7723078 -13.878589 -1.834557 2.673757 0.95233893 -1.0497719 995.48 
20150624194208 -2.5540147 -15.029002 -0.032920275 3.4736853 -0.58551437 -1.1108584 995.34 
20150624194208 0.3357868 -12.999318 2.2571337 3.3157766 -1.887879 -0.7263188 995.34 
20150624194209 2.344522 -9.511565 1.602918 2.1099286 -3.0659328 -0.6750061 995.34 
20150624194209 1.1079168 -9.14226 -1.8004397 0.90316427 -1.7895297 -1.368949 995.34 
20150624194209 0.34596214 -6.723517 -6.2752028 1.2965615 2.1716259 -1.8032742 995.34 
20150624194209 -1.9363106 -3.2363622 -6.921637 1.7751744 4.24307 -1.765706 995.34 
20150624194209 -3.630807 -0.7044938 -4.244321 2.0934353 5.094005 -1.6716328 995.34 
20150624194209 -3.845088 0.16460137 -2.2529438 2.437047 4.220468 -1.1499538 995.34 
20150624194209 -2.9131448 0.6811504 -1.0402806 2.0350976 2.9819386 -0.59895337 995.34 
20150624194209 -1.9716251 0.2160767 -0.023942016 0.97097033 2.4355197 -0.36957347 995.58 
20150624194209 -1.2186487 -2.908955 1.8004397 -0.2855795 2.0503693 -0.33475417 995.58 
20150624194209 -1.4939818 -8.792706 7.017405 -1.348485 1.5158621 -0.45051312 995.58 
20150624194209 3.517681 -19.588161 15.828068 -2.1771238 1.0305296 -0.38331795 995.58 
20150624194209 4.7907977 -19.608511 19.607914 -1.7895297 0.5900958 0.08735373 995.58 
20150624194209 -0.19752164 -10.423756 12.247539 0.1001819 0.052839845 0.7141015 995.58 
20150624194209 -4.5005007 -6.1542954 1.4191631 1.3646729 -0.004276057 -0.067500606 995.58 
20150624194209 -7.678205 -10.328587 2.5450363 1.105666 2.6163359 -0.7107417 995.58 
20150624194209 -6.630143 -15.315109 4.896741 -0.062308256 3.3206635 -0.26389378 995.58 
20150624194209 -4.8638206 -14.261063 -2.6509798 -0.118202426 0.033292156 0.31337386 995.57 
20150624194209 -1.8136078 -7.529764 -10.62008 0.6411031 -1.6218473 0.7715228 995.57 
20150624194209 -2.232593 -4.1042604 -9.357738 0.7287622 -1.9422461 0.72295904 995.57 
20150624194209 -0.22804771 -8.512584 -4.0276456 -1.0057896 -2.6465738 0.36071593 995.57 
20150624194209 -0.007182605 -12.467805 -5.081693 -1.9712621 -1.751656 0.35002577 995.57 
20150624194209 0.6039374 -10.590752 -2.3187842 -2.4312437 -2.427273 0.97066486 995.57 
20150624194209 0.47046062 -10.434529 -0.005985504 -2.8286116 -3.7030652 1.509448 995.57 
20150624194209 -2.634819 -13.804967 1.8435353 -3.0045407 -4.2626176 1.78617 995.57 
20150624194209 2.5181017 -16.926407 2.391209 -2.999043 -4.1676283 2.5393667 995.57 
20150624194209 5.466561 -7.773973 -3.157952 -2.5799894 -2.4162774 3.0567696 995.37 
20150624194209 1.09834 -5.0122614 -0.362123 -1.7342464 -0.7501425 0.7360926 995.37 
20150624194209 -0.3681085 -4.882974 0.02932897 -2.0552561 1.806634 -0.47311515 995.37 
20150624194209 -0.5482722 -6.535572 -1.8489223 -1.9077321 1.7131716 0.09010262 995.37 
20150624194209 -0.015562311 -7.5088153 -3.4207156 -1.7910569 -0.68875057 0.13530666 995.37 
20150624194209 -1.4903905 -8.868722 2.895787 -1.6227635 -1.7446312 -0.086132 995.37 
20150624194209 -5.6820393 -10.33936 12.649166 -1.4813483 -2.8756483 -0.05222898 995.37 
20150624194209 -0.074220255 -10.043077 -2.2870612 -2.277611 -3.4379497 0.094989546 995.37 
20150624194209 4.2479124 -14.271237 -3.9636009 -1.3353515 -1.613906 0.9233228 995.37 
20150624194209 4.347272 -15.267824 6.654085 -0.5021312 0.5213735 0.86590147 995.53 
20150624194209 1.5628152 -15.294161 3.6056678 -1.3002267 -0.62980205 0.70188415 995.53 
20150624194209 4.0701427 -14.973337 -1.8261774 -0.8524625 -0.17256944 0.55863625 995.53 
20150624194209 6.1596823 -11.352706 1.3180081 0.29138273 -0.2501493 0.055588737 995.53 
20150624194209 4.325125 -8.605359 0.24181437 0.065973446 -0.8350528 -0.4813618 995.53 
20150624194209 -2.1212628 -10.55843 3.4608185 0.7828238 -0.03176499 -0.593761 995.53 
20150624194209 -4.9643774 -16.57027 2.5366566 1.5329664 0.23365596 -0.8335256 995.53 
20150624194209 -5.173271 -16.90486 -1.5759833 2.6154196 -0.016187929 -0.90041536 995.53 
20150624194209 -4.6950297 -13.745112 -2.4193408 3.268129 0.514654 -0.9502009 995.53 
20150624194209 -3.378817 -14.003686 -1.5580268 2.8099802 0.3622431 -0.78038037 995.55 
20150624194209 -1.9812019 -15.958551 -0.5057751 2.5079072 0.7458665 -0.5195409 995.55 
20150624194209 -1.6585833 -15.795147 -2.566584 3.057686 1.5231925 -0.6123924 995.55 
20150624194209 -2.0991163 -15.952566 -1.654992 4.0118575 0.8961393 -0.8875872 995.55 
20150624194209 2.1230583 -13.884574 0.44651863 4.117232 -0.890947 -0.86101454 995.55 
20150624194209 2.598906 -10.53329 2.5911248 2.3692408 -2.310598 -0.75777835 995.55 
20150624194209 1.5011644 -9.221268 0.8283938 0.9285152 -1.3579534 -1.4929546 995.55 
20150624194210 0.2717419 -7.7009497 -5.8388596 0.9963212 2.0454822 -1.9581286 995.55 
20150624194210 -1.5801731 -0.8391677 -6.9288197 1.5677856 4.178013 -1.9394971 995.55 
20150624194210 -3.626617 2.3295584 -4.993706 2.0234911 6.1388903 -1.6019942 995.62 
20150624194210 -4.088698 4.727351 -2.654571 2.5262332 4.5906525 -1.0100657 995.62 
20150624194210 -3.4691982 3.4488475 -1.7435774 2.3823745 3.7281106 -0.5225952 995.62 
20150624194210 -2.4486697 -0.65182143 -0.65301853 0.6579019 2.9776626 -0.38912117 995.62 
20150624194210 -1.3347675 -8.404845 1.7435774 -0.8219192 1.9999728 -0.37659842 995.62 
20150624194210 -2.0147207 -19.608511 17.283743 -2.0894647 0.9279043 -0.516792 995.62 
20150624194210 0.32800564 -19.608511 14.332889 -2.3692408 0.44623706 -0.16126843 995.62 
20150624194210 -5.799355 -15.197195 15.208568 0.0720821 0.3173445 0.49541172 995.62 
20150624194210 -5.431845 -4.9883194 7.5746555 1.7498235 1.8695531 -0.039095376 995.62 
20150624194210 -3.5045128 -8.564658 3.5284548 1.4596626 0.81214535 -0.4343252 995.61 
20150624194210 -4.6764746 -18.281527 0.24241292 0.27947086 1.2895365 -0.22876903 995.61 
20150624194210 -5.3965306 -13.877392 -6.397307 0.32589662 0.43249258 0.2837469 995.61 
20150624194210 -7.536947 -6.060323 -3.6260185 0.820392 -1.4648548 1.2024882 995.61 
20150624194210 1.388637 -4.8003745 -4.4873323 0.6407976 -2.4330764 1.2739595 995.61 
20150624194210 5.3660045 -8.091804 -10.55843 -0.073303826 -2.0980167 1.3735305 995.61 
20150624194210 5.0403934 -12.884397 -9.533711 -1.969735 -1.1267409 0.31856623 995.61 
20150624194210 -0.2160767 -13.096283 -4.9823337 -3.551876 -2.5442538 0.3472769 995.61 
20150624194210 3.9749734 -15.773001 0.82899237 -4.076609 -4.217719 0.7987063 995.61 
20150624194210 0.1592144 -16.745047 3.8474822 -3.309057 -4.5390344 1.4859297 995.35 
20150624194210 2.7216089 -11.113884 6.959346 -1.8616118 -4.317901 1.8912388 995.35 
20150624194210 0.59495914 -7.9726915 2.6366146 -1.96271 -3.975511 2.0967948 995.35 
20150624194210 -2.4774003 -5.903503 -1.0570401 -2.1438315 -0.88697636 0.39522982 995.35 
20150624194210 -2.2637177 -4.9021277 -0.98341835 -1.4651603 3.1942143 0.24098633 995.35 
20150624194210 -2.5408466 -6.8067155 -1.8076223 -1.2366967 2.191479 0.30115658 995.35 
20150624194210 -0.038307227 -6.894104 -1.894412 -1.5632042 -0.21655174 0.22388211 995.35 
20150624194210 1.1366472 -7.445967 -2.8018146 -1.8359555 -1.3121386 0.29626966 995.35 
20150624194210 1.0175357 -7.2711906 5.421071 -1.5125023 -2.1749856 0.3005457 995.35 
20150624194210 -0.30286652 -9.0716305 13.5218525 -1.4230106 -2.930015 0.38820487 995.53 
20150624194210 1.5897499 -11.6442 -3.1028855 -2.3252585 -3.059824 0.6374379 995.53 
20150624194210 1.4784195 -15.162479 -0.3812766 -1.072374 -0.5534439 0.82741696 995.53 
20150624194210 0.6548142 -15.970523 5.3276973 -0.2275473 1.6624697 0.7302894 995.53 
20150624194210 4.209007 -15.143925 5.955577 -0.883922 -0.59528816 0.5555819 995.53 
20150624194210 9.698911 -13.594277 -2.5270798 -0.56046885 -0.8353582 0.48838675 995.53 
20150624194210 7.736264 -8.147469 -0.6937199 0.852157 -0.12889257 -0.16157386 995.53 
20150624194210 -3.5446155 -9.278131 7.3525934 0.40011674 0.45478916 -0.6957755 995.53 
20150624194210 -7.776367 -14.333487 5.9130797 0.8414669 0.8081747 -0.8891144 995.53 
20150624194210 -2.3080103 -18.083405 -1.7914615 2.7290404 0.27672195 -0.6053675 995.6 
20150624194210 3.82773 -14.775816 -10.4010105 3.2131512 0.14355333 -0.44868052 995.6 
20150624194210 -2.3523033 -18.211494 -7.2729864 2.4947736 1.0955868 -0.8686504 995.6 
20150624194210 -2.099715 -16.602592 0.9900024 1.2202033 2.1160371 -1.3683381 995.6 
20150624194210 -3.4398694 -16.030378 -1.4191631 2.593123 1.1374311 -0.9266826 995.6 
20150624194210 -4.869208 -14.159907 0.47105917 3.991699 -1.0882565 -0.8671232 995.6 
20150624194210 -2.7521348 -10.257359 0.1352724 4.027129 -1.527774 -0.4914411 995.6 
20150624194210 2.8269536 -9.346365 1.8255788 2.8325822 -2.0091357 -0.25320363 995.6 
20150624194210 1.2372037 -9.609129 -1.3156139 0.75594574 -0.77488256 -1.2760975 995.6 
20150624194210 0.39384618 -8.224083 -3.4111388 0.9089675 3.1987958 -2.017077 995.51 
20150624194210 -1.5975311 -4.180875 -8.136695 1.9633209 5.616906 -2.1600194 995.51 
20150624194210 -1.8800468 0.5255273 -5.7203465 2.3930645 5.909205 -1.96271 995.51 
20150624194211 -2.92751 1.4622587 -3.2441432 2.613587 5.453194 -1.4141531 995.51 
20150624194211 -3.2112231 0.90381116 -2.6282349 2.28036 3.631594 -0.92179567 995.51 
20150624194211 -4.969764 -1.0642227 -0.5129577 0.9016371 2.9095511 -0.27885997 995.51 
20150624194211 -2.1775265 -7.72968 1.0959458 -0.3753767 2.4330764 -0.17287487 995.51 
20150624194211 -0.25677812 -16.469114 10.304046 -1.248914 1.5763378 -0.2687807 995.51 
20150624194211 1.560421 -19.608511 15.717336 -2.0576997 0.85154617 -0.2574797 995.51 
20150624194211 -1.6998832 -18.81663 15.399506 -0.63804877 0.21594086 0.22968534 995.7 
20150624194211 -4.3580456 -6.3392477 11.872248 1.3011429 0.09743301 0.33414328 995.7 
20150624194211 -3.8468835 -5.741296 2.5246856 1.3897184 0.38789943 -0.19333886 995.7 
20150624194211 -6.3859344 -13.105262 4.4424415 0.39858958 1.3176364 -0.84604836 995.7 
20150624194211 -5.6066217 -15.905879 -0.017357962 -0.09162979 1.8106046 -0.22174409 995.7 
20150624194211 -2.8634653 -8.968679 -7.814076 0.31581733 -0.22724187 0.6918049 995.7 
20150624194211 -5.5288105 -6.0782795 -4.9146976 0.68844515 -1.25319 1.0238101 995.7 
20150624194211 1.5676036 -6.530185 -4.6166196 0.23151793 -1.676825 0.88025683 995.7 
20150624194211 4.8560395 -12.524069 -9.52174 -0.6411031 -1.808772 1.0906999 995.7 
20150624194211 2.059612 -11.8094 -7.079056 -1.4492778 -0.79504114 0.42058071 995.35 
20150624194211 -0.49679685 -9.526528 -4.1036615 -2.9746084 -2.2953262 0.6618725 995.35 
20150624194211 -1.4628572 -13.711593 -1.9596541 -3.442531 -5.1557026 1.4410311 995.35 
20150624194211 1.6837224 -19.608511 4.514866 -3.5589008 -5.5955257 2.1902573 995.35 
20150624194211 7.038953 -11.046846 6.971317 -2.939789 -4.134947 2.731484 995.35 
20150624194211 1.7794905 -7.8625584 -0.45250413 -1.8277088 -3.4376442 1.649947 995.35 
20150624194211 0.18614918 -4.936844 -1.5089456 -1.8283197 -0.6588182 -0.18967366 995.35 
20150624194211 -1.3108255 -3.9217024 -0.9911995 -1.9156734 2.1331415 -0.074830994 995.35 
20150624194211 -2.1440077 -6.0740895 -1.7423803 -1.6453656 0.87995136 -0.024129177 995.35 
20150624194211 -1.922544 -7.811083 -1.0564415 -1.4798211 -0.3390302 -0.10140363 995.53 
20150624194211 -1.4413095 -8.1480665 0.034117375 -1.3109168 -1.2043208 0.1255328 995.53 
20150624194211 -1.1659763 -9.002797 3.8588545 -1.4086553 -1.9746219 0.27580565 995.53 
20150624194211 -1.7525556 -10.429143 2.6318262 -2.1609359 -2.243097 0.45265114 995.53 
20150624194211 2.7659016 -11.912351 -1.8890251 -1.5720617 -1.3274102 0.8045095 995.53 
20150624194211 4.3089647 -11.886613 3.819949 -0.7367035 0.2434298 0.9450085 995.53 
20150624194211 1.6543933 -14.191032 4.2658687 -0.72784597 -0.025961773 0.84482664 995.53 
20150624194211 2.3175871 -15.31092 1.7753005 -0.7816021 -0.79137594 0.51159966 995.53 
20150624194211 5.6628857 -12.717401 -1.6693572 -0.30665436 -0.073303826 0.183565 995.53 
20150624194211 7.53994 -10.02153 3.1854854 0.3203988 0.0870483 -0.10903945 995.51 
20150624194211 1.4885949 -10.5123415 -0.30765492 0.20372356 -0.19120082 -0.5671884 995.51 
20150624194211 -7.140108 -14.186842 5.6431336 1.0613784 0.48899764 -0.77579886 995.51 
20150624194211 -7.4351935 -17.10298 1.1803415 2.2000313 0.9450085 -0.88300574 995.51 
20150624194211 -4.8255134 -14.302961 -4.1186256 3.2317827 0.14569137 -0.5390886 995.51 
20150624194211 -2.6509798 -13.623607 -5.531803 3.211013 0.24373524 -0.5510005 995.51 
20150624194211 -2.1308396 -15.990274 -1.2683283 1.9617938 0.7165449 -0.75808376 995.51 
20150624194211 -1.9087774 -14.917672 -2.3349452 2.0836613 1.5800029 -0.9282097 995.51 
20150624194211 -2.4372973 -14.796765 -2.0093338 3.2421672 0.6383542 -1.0262536 995.51 
20150624194211 0.7278373 -12.895769 1.4736311 3.9003747 -0.9550878 -0.8197812 995.4 
20150624194211 1.8459295 -10.5362835 4.212598 2.8515189 -2.9798007 -0.6093381 995.4 
20150624194211 1.1869255 -10.0748005 0.3250129 1.0112875 -2.8686233 -1.2049317 995.4 
20150624194211 -0.10235212 -8.469488 -4.921282 0.99021256 0.9089675 -1.6914859 995.4 
20150624194211 -0.06823475 -4.433463 -7.303512 1.7369953 4.463287 -1.7669277 995.4 
20150624194211 -2.5594015 -0.8888474 -6.2793927 2.4721715 5.9357777 -1.702176 995.4 
20150624194211 -3.0262709 0.6266823 -3.8851907 2.7302623 4.8065934 -1.5409076 995.4 
20150624194211 -2.9586349 0.2184709 -2.2577322 2.4260514 3.8099666 -0.9779953 995.4 
20150624194212 -3.7481227 0.19752164 -1.6825253 0.9257663 2.8496864 -0.49510628 995.4 
20150624194212 -4.6393642 -1.389834 -0.25977087 0.10903945 1.9840903 -0.29229903 995.58 
20150624194212 -1.6136919 -6.716933 2.4025815 -0.99296147 1.4440855 -0.2507602 995.58 
20150624194212 3.3446999 -19.569008 14.788984 -2.132836 0.82772243 -0.25992316 995.58 
20150624194212 2.6970682 -19.608511 19.247585 -1.8536706 0.34574974 0.16065755 995.58 
20150624194212 -2.5127146 -11.110293 14.563331 -0.35918877 0.25625798 0.5864306 995.58 
20150624194212 -5.1900306 -4.841076 4.0575733 1.1591167 0.3286455 0.34574974 995.58 
20150624194212 -6.933608 -10.883442 2.2301989 0.7076874 0.8249735 -0.6001751 995.58 
20150624194212 -6.523601 -18.974049 0.50637364 0.08093964 2.7101038 -0.2669481 995.58 
20150624194212 -1.8177977 -11.135432 -5.827487 0.27763826 0.6221663 0.3036 995.58 
20150624194212 -2.7246015 -3.6128504 -8.563461 0.77091193 -0.9379836 1.0027353 995.65 
20150624194212 -0.19093758 -4.9661727 -5.589264 0.5534439 -1.7073684 0.49327368 995.65 
20150624194212 2.212841 -13.1950445 -7.2526355 -0.68966687 -1.9599612 0.41416663 995.65 
20150624194212 0.7763199 -11.505336 -6.797737 -1.7583756 -1.0839803 0.32803464 995.65 
20150624194212 -1.0001777 -8.553286 -3.6727054 -2.6933048 -2.3295345 0.89919364 995.65 
20150624194212 -2.8179753 -14.163499 -0.6775591 -3.0592132 -4.4067817 1.67316 995.65 
20150624194212 2.2140381 -19.34096 6.381745 -3.084564 -5.381112 2.346028 995.65 
20150624194212 6.947375 -8.810662 3.755904 -2.5341744 -4.8365254 3.4794884 995.65 
20150624194212 2.6473885 -7.301717 -1.5951369 -1.395827 -2.8270843 1.0882565 995.65 
20150624194212 1.0654198 -5.6221843 -1.1552023 -1.666135 1.7067575 -0.45753807 995.42 
20150624194212 -1.4257472 -4.712986 -1.1827357 -1.7186694 3.058297 -0.28038713 995.42 
20150624194212 -2.1230583 -6.8186865 -1.0019734 -1.6621643 0.7266242 -0.17348573 995.42 
20150624194212 -1.0253168 -7.848193 -1.62686 -1.8252654 -0.86101454 -0.15577064 995.42 
20150624194212 -1.0959458 -8.764574 0.7386112 -1.6462818 -1.8625281 0.044593163 995.42 
20150624194212 -2.2613235 -10.338761 6.671443 -1.5393804 -2.5576928 0.21960606 995.42 
20150624194212 -2.9203274 -11.180922 5.3486466 -2.1655173 -2.610227 0.38515055 995.42 
20150624194212 1.9566613 -11.648989 -2.9897594 -1.3970488 -0.22999077 0.97158116 995.42 
20150624194212 3.6768951 -11.862671 1.6903064 -0.698219 1.2385293 1.0155635 995.42 
20150624194212 1.1252748 -14.472351 3.6481647 -0.73639804 0.06261369 0.6973027 995.56 
20150624194212 1.99437 -14.902708 1.3192052 -0.70921457 -0.7483099 0.40133846 995.56 
20150624194212 5.747281 -11.581352 -1.9877859 -0.34391713 -0.19120082 0.21227567 995.56 
20150624194212 6.3218894 -8.680179 -0.15143326 0.27000242 -0.14966199 -0.013439035 995.56 
20150624194212 -0.25318682 -10.096349 1.7016789 0.14752395 0.056199603 -0.4896085 995.56 
20150624194212 -6.7486563 -13.830106 5.8705826 0.8206975 0.66737026 -0.8002335 995.56 
20150624194212 -6.9982514 -15.838243 1.9375077 1.7076738 0.49541172 -0.98807454 995.56 
20150624194212 -4.471172 -14.021044 -3.6523547 3.128852 0.02321288 -0.68569624 995.56 
20150624194212 -1.9351135 -13.295002 -6.285378 3.2021556 0.09712757 -0.5363397 995.56 
20150624194212 -1.6112977 -15.052944 -3.5476084 2.2504275 0.61666846 -0.5564982 995.53 
20150624194212 -1.0618285 -14.17966 -0.9660604 1.7647897 1.5387696 -0.829555 995.53 
20150624194212 -2.730587 -14.607623 -0.23463176 3.0127873 0.70921457 -1.0873401 995.53 
20150624194212 -0.5895722 -14.156915 2.556409 3.7888918 -2.172237 -1.1001683 995.53 
20150624194212 2.4768016 -11.339538 4.5842977 3.2204816 -3.8127155 -0.72112644 995.53 
20150624194212 2.630629 -10.342952 0.6404489 0.83658 -3.6141841 -1.0299188 995.53 
20150624194212 -0.040102877 -10.381857 -5.8041434 0.8164214 0.77640975 -1.8460348 995.53 
20150624194212 0.2777274 -5.2887917 -7.1071877 1.8658879 4.8502703 -1.9767599 995.53 
20150624194212 -2.9113493 -1.9387048 -5.701193 2.3558018 5.8029146 -1.6786577 995.53 
20150624194212 -4.0623617 0.5758055 -3.2662897 2.5955665 4.8499646 -1.4602734 995.58 
20150624194212 -3.8373067 0.74998367 -1.3916297 2.334727 3.5161405 -1.0607675 995.58 
20150624194212 -2.9514523 1.0151415 -0.7685388 1.2983941 2.6047294 -0.77304995 995.58 
20150624194212 -2.7335799 -0.4285621 0.5470751 0.04428773 2.1523838 -0.4111123 995.58 
20150624194213 -1.2826935 -4.712986 1.9560628 -1.0656544 1.6108516 -0.36285394 995.58 
20150624194213 -0.9624691 -13.234549 8.206126 -2.228742 1.2449434 -0.2648101 995.58 
20150624194213 2.219425 -19.608511 17.562069 -2.4932466 0.74006325 0.12370021 995.58 
20150624194213 2.8628666 -19.60133 19.592949 -0.7128797 0.39370266 1.1420126 995.58 
20150624194213 -3.1196449 -5.6946087 4.6926355 1.6148223 -0.5329799 0.4718934 995.58 
20150624194213 -4.71957 -9.442133 0.6428431 1.4795157 0.66828656 -0.6059783 995.59 
20150624194213 -5.0763063 -17.547703 3.4410665 0.47433686 3.2443054 -0.5375614 995.59 
20150624194213 -3.4811692 -12.579734 -2.3116016 0.20341812 2.2146919 0.10567969 995.59 
20150624194213 -2.8646624 -3.2118216 -12.361263 0.634689 -1.1362094 0.6075055 995.59 
20150624194213 -5.321712 -3.8492777 -4.1796775 0.86315256 -1.8041905 0.40469822 995.59 
20150624194213 -0.96905315 -9.873688 -4.2622776 -0.6017023 -2.1517727 0.1255328 995.59 
20150624194213 1.7525556 -13.79958 -7.7213006 -1.0064005 -1.0592403 0.41722095 995.59 
20150624194213 0.7344214 -10.937312 -4.2401314 -1.9370537 -1.3784174 0.9954049 995.59 
20150624194213 0.024540568 -12.18948 -1.520318 -2.6261096 -3.3368514 1.5222762 995.59 
20150624194213 -2.5617957 -18.30846 2.2810757 -3.1105258 -4.794681 1.9538525 995.4 
20150624194213 5.1984105 -13.936049 3.072958 -3.2965343 -4.82553 2.4153612 995.4 
20150624194213 2.292448 -8.467693 -2.1583729 -2.6297748 -3.3698382 2.4990497 995.4 
20150624194213 1.13964 -6.099229 -1.5029601 -1.8014416 -1.0613784 0.30207285 995.4 
20150624194213 -0.9044097 -4.334702 -0.14604631 -2.0879374 1.9321668 -0.21380283 995.4 
20150624194213 -1.2593501 -6.393117 -0.56922144 -1.81091 1.7589865 0.23548855 995.4 
20150624194213 -1.1426327 -7.9026613 -1.2665327 -1.6099354 -0.28038713 0.2846632 995.4 
20150624194213 -0.6206968 -8.426393 -1.5616181 -1.5693128 -1.4263704 0.21166481 995.4 
20150624194213 -1.0761937 -8.867524 2.2200236 -1.3497068 -2.1835377 0.34422258 995.4 
20150624194213 -1.4089876 -8.881889 6.2195373 -1.570229 -2.4767532 0.40042216 995.56 
20150624194213 -0.4830302 -10.392631 1.3802572 -2.0470095 -1.9999728 0.52106804 995.56 
20150624194213 2.4893713 -12.431892 -0.095768064 -1.1985176 0.013744468 0.74097955 995.56 
20150624194213 2.2451627 -12.947245 3.365649 -0.6737844 0.7846564 0.6575964 995.56 
20150624194213 0.14425065 -13.913903 4.31914 -0.75686204 -0.50488013 0.45937067 995.56 
20150624194213 1.8082209 -14.305355 0.9115923 -0.49541172 -0.54519725 0.183565 995.56 
20150624194213 6.901885 -10.612898 -1.4688427 0.40866885 -0.3848451 0.055588737 995.56 
20150624194213 3.4051533 -9.088389 2.5474305 0.2602286 -0.50518554 -0.35155296 995.56 
20150624194213 -5.525219 -11.551425 4.5394063 0.08460484 0.087659165 -0.5882632 995.56 
20150624194213 -7.543531 -14.799758 3.98874 1.3234396 0.49205196 -1.0635164 995.53 
20150624194213 -5.230732 -15.198991 -0.30885202 2.7278187 -0.03634648 -0.7290677 995.53 
20150624194213 -2.4438813 -14.274231 -5.919065 3.3961053 -0.059864793 -0.58184916 995.53 
20150624194213 -1.7016789 -15.128961 -5.8801594 2.993545 0.3436117 -0.65179324 995.53 
20150624194213 -1.0785879 -14.762049 -2.5067291 1.9107865 1.3521502 -0.82711154 995.53 
20150624194213 -2.166154 -14.679449 -1.7770962 2.3674083 1.2455542 -1.0421361 995.53 
20150624194213 0.047884032 -14.696807 3.752911 3.2183435 -1.5125023 -1.1441506 995.53 
20150624194213 2.9071593 -11.681909 6.5511346 3.5451565 -3.2916474 -0.8145888 995.53 
20150624194213 2.095525 -11.297041 1.3491327 1.9419407 -4.4819183 -1.1673635 995.53 
20150624194213 1.5286977 -9.969456 -4.2999864 1.2296717 -0.71776664 -1.7211128 995.44 
20150624194213 0.19871874 -6.593033 -8.119336 1.7055358 3.7711766 -1.8206838 995.44 
20150624194213 -1.2210429 -2.9520507 -7.0275807 1.9724839 5.8502564 -1.5696182 995.44 
20150624194213 -2.984971 -1.376666 -4.4143095 2.3185391 5.8884354 -1.3130548 995.44 
20150624194213 -4.2796354 -0.28790274 -1.4826094 2.3802364 3.6022723 -1.14018 995.44 
20150624194213 -3.3758245 0.9283517 -0.8822633 1.6013832 2.7452285 -0.92179567 995.44 
20150624194213 -4.172495 0.8858546 -0.22804771 0.42852196 2.3044891 -0.4288274 995.44 
20150624194213 -3.3171666 -2.1577742 0.18794483 -0.5552765 1.8591684 -0.2751948 995.44 
20150624194213 -1.1552023 -8.546701 3.7337575 -1.4822645 1.2116512 -0.18661933 995.44 
20150624194214 1.8902222 -18.293497 9.900024 -2.7116308 0.79320854 -0.16065755 995.71 
20150624194214 1.9428947 -19.608511 19.589357 -2.0803015 0.33567044 0.6930266 995.71 
20150624194214 -0.3585317 -17.463306 19.024326 -0.18203785 -0.21563543 1.2428054 995.71 
20150624194214 -2.532467 -5.0278234 5.616797 1.824349 -1.715615 0.030848695 995.71 
20150624194214 -2.5911248 -7.7949224 -0.6027403 0.89888823 0.84665924 -0.7519751 995.71 
20150624194214 -2.8473043 -16.079458 -2.0171149 0.07941248 3.6490035 -0.124005646 995.71 
20150624194214 -2.284667 -7.0545154 -7.0700774 -0.07513642 -0.22235495 0.55955255 995.71 
20150624194214 -3.769072 -2.1308396 -9.053674 0.4251622 -1.6123788 0.6618725 995.71 
20150624194214 -4.0306387 -7.99005 -0.85054016 0.10140363 -2.7247643 -0.04734206 995.71 
20150624194214 1.7022774 -13.470976 -6.377555 -1.094976 -1.679574 -0.025961773 995.5 
20150624194214 -0.42078096 -9.438541 -5.6844335 -1.3677273 -0.38912117 0.6872234 995.5 
20150624194214 -1.9961656 -10.540473 -2.2373815 -2.3652701 -1.6102408 1.3185526 995.5 
20150624194214 -1.471237 -19.530102 3.5326445 -2.720183 -3.0567696 2.0638082 995.5 
20150624194214 7.5004354 -12.404359 6.940192 -2.6380215 -3.9962804 2.9123 995.5 
20150624194214 3.4374752 -7.9750857 -1.6214731 -2.4834726 -3.7363572 2.5592198 995.5 
20150624194214 1.596334 -6.4380083 -2.867655 -1.892766 -1.0228939 -0.226631 995.5 
20150624194214 -0.006584055 -3.9432502 -2.19668 -1.954158 2.1972823 -0.57787853 995.5 
20150624194214 -1.7866731 -3.9354692 -2.0386627 -1.8988746 1.0259482 -0.4370741 995.5 
20150624194214 -2.1080947 -6.8492126 0.9415198 -1.8356501 0.23671028 -0.15424347 995.59 
20150624194214 -1.939902 -8.999206 0.39564183 -1.7110336 -0.6432411 0.0421497 995.59 
20150624194214 -3.34051 -10.660782 5.0481744 -1.5851953 -2.1975877 0.13744467 995.59 
20150624194214 -3.7612908 -11.097125 4.501099 -1.7437148 -2.5244007 0.3463606 995.59 
20150624194214 0.9959879 -11.0618105 -2.4343045 -1.6707164 -1.7269161 0.75869465 995.59 
20150624194214 4.815338 -12.664728 0.34237084 -0.84421575 0.33169982 1.094976 995.59 
20150624194214 4.198831 -13.396755 3.8965633 -0.5558874 -0.098043874 0.9166033 995.59 
20150624194214 -0.3890578 -15.036784 3.8762126 -1.1120802 -0.5558874 0.5290093 995.59 
20150624194214 1.8321629 -14.541184 0.27593175 -0.3930918 0.22357668 0.025350908 995.59 
20150624194214 5.5443726 -10.832565 -0.30406362 0.30085114 -0.3371976 -0.07360926 995.49 
20150624194214 5.377377 -8.74542 0.7787141 0.28221974 -0.4636467 -0.3747658 995.49 
20150624194214 -1.3880384 -11.323976 3.0244753 0.80939645 0.4288274 -0.54458636 995.49 
20150624194214 -6.5002575 -16.440983 -0.27234045 1.9394971 0.73914695 -1.0128145 995.49 
20150624194214 -5.4138885 -13.86542 -3.2992098 2.7895162 0.3830125 -0.89736104 995.49 
20150624194214 -3.4332852 -13.531429 -2.6443958 3.1077769 -0.004886922 -0.600786 995.49 
20150624194214 -2.3020248 -15.237298 -1.3718776 2.264172 -0.025961773 -0.5815437 995.49 
20150624194214 -1.2563573 -14.706983 -0.83258367 2.3490822 0.9963212 -0.8454375 995.49 
20150624194214 -1.9626468 -14.787189 0.15083471 3.0250046 0.4783075 -1.0351112 995.49 
20150624194214 0.45250413 -12.551003 0.83258367 3.7959166 -0.8258898 -1.1136073 995.44 
20150624194214 1.8429368 -11.080964 2.1350293 3.0216448 -2.6960537 -0.7635816 995.44 
20150624194214 1.4036007 -10.335769 1.0324994 1.525636 -2.7855456 -0.93370754 995.44 
20150624194214 -0.02813187 -9.408015 -4.212598 0.7162395 -0.43218717 -1.4801265 995.44 
20150624194214 -0.0688333 -5.7281275 -7.8769236 1.5625933 3.8707476 -1.7012597 995.44 
20150624194214 -2.6324248 -2.2319946 -6.217143 2.2867742 5.621182 -1.5714508 995.44 
20150624194214 -3.9911342 0.14604631 -3.376423 2.5344799 4.8554626 -1.5696182 995.44 
20150624194214 -3.4033577 0.58657944 -1.1025299 2.6010642 3.592804 -1.1087204 995.44 
20150624194214 -2.9041667 0.5021838 -0.7260417 1.4040737 2.718045 -0.6395759 995.44 
20150624194214 -3.1896753 -0.6392518 0.45429978 0.321926 2.0415115 -0.47891834 995.63 
20150624194214 -1.7782934 -4.531027 2.7766755 -0.9034697 1.534188 -0.464563 995.63 
20150624194214 -1.328782 -14.268245 10.674548 -2.2638667 0.9850202 -0.45051312 995.63 
20150624194214 3.4530375 -19.608511 16.980276 -2.682004 0.6056729 -0.172264 995.63 
20150624194214 1.9363106 -19.527708 19.517532 -1.3420709 0.61483586 0.5235115 995.63 
20150624194215 -3.3542767 -8.559271 10.800842 1.1520919 0.6383542 0.68966687 995.63 
20150624194215 -6.597821 -6.6385226 -0.79846627 1.5344934 0.1777618 -0.36865717 995.63 
20150624194215 -4.771045 -17.09879 0.40462008 0.4633413 2.5720482 -0.06505715 995.63 
20150624194215 -3.107674 -15.033791 -1.6657659 0.124311075 1.1270463 0.42119157 995.63 
20150624194215 0.14844051 -2.7802668 -12.371439 0.6588182 -1.3267993 0.8237518 995.56 
20150624194215 -0.8295909 -4.648941 -3.2980127 0.41538838 -2.6303856 0.21013765 995.56 
20150624194215 1.4634558 -14.542381 -7.9152308 -1.1716396 -2.6294694 -0.01985312 995.56 
20150624194215 -0.09816227 -11.547235 -5.5539494 -1.9165897 -1.8329011 0.26511553 995.56 
20150624194215 0.9403227 -11.852495 -0.30705637 -3.0243938 -2.2275202 1.1792754 995.56 
20150624194215 -2.2014685 -15.827469 2.7898436 -3.28279 -3.1655037 1.9123137 995.56 
20150624194215 1.5221137 -15.127165 7.086837 -2.522568 -3.6566393 2.2024746 995.56 
20150624194215 4.5992613 -8.655039 0.12150574 -2.185065 -4.330729 2.9544497 995.56 
20150624194215 2.0805612 -6.4326215 -4.016872 -1.9226984 -2.68628 1.2611313 995.56 
20150624194215 0.12449849 -5.3618145 -3.5793316 -1.7119498 2.214081 -0.11362094 995.48 
20150624194215 -0.9068039 -4.2437224 -2.771887 -1.7351627 2.9917126 -0.086437434 995.48 
20150624194215 -1.6358383 -6.651691 -0.47524905 -1.7434094 1.065349 0.05131268 995.48 
20150624194215 -1.7286136 -8.635885 1.2144588 -1.7107282 -0.63407815 -0.010079277 995.48 
20150624194215 -2.670732 -10.149619 4.3993454 -1.6181821 -2.2608123 0.04917465 995.48 
20150624194215 -2.6330233 -10.535086 6.054936 -1.7687603 -2.8918362 0.24312437 995.48 
20150624194215 0.46866497 -11.336545 -0.9864111 -2.0234911 -2.1594086 0.6282749 995.48 
20150624194215 4.3676224 -12.519879 0.4950012 -0.9272934 -0.1554652 0.9098838 995.48 
20150624194215 4.1138372 -13.43626 3.9857473 -0.5671884 0.074830994 0.8396343 995.48 
20150624194215 0.84455466 -14.834474 4.1581297 -0.9550878 -0.70921457 0.5510005 995.6 
20150624194215 2.9095535 -13.9917145 -0.5315128 -0.4202753 -0.28588495 0.064446285 995.6 
20150624194215 5.810129 -10.954071 -0.3333926 0.35063666 -0.41447207 -0.14538592 995.6 
20150624194215 5.183447 -8.623316 0.110133275 0.321926 -0.6053675 -0.5140431 995.6 
20150624194215 -3.8522706 -11.470022 4.3999443 0.8219192 0.3295618 -0.70463306 995.6 
20150624194215 -7.40347 -16.090233 2.89459 2.225993 1.0677924 -1.0900891 995.6 
20150624194215 -6.344036 -15.057135 -1.7501614 3.218038 0.116675265 -0.8885035 995.6 
20150624194215 -3.1741128 -12.800599 -4.933253 3.3194418 0.005497787 -0.66675943 995.6 
20150624194215 -3.031658 -16.24406 -3.1609447 2.3817637 0.6951646 -0.77732605 995.6 
20150624194215 -2.223615 -15.316905 -2.7724855 2.1716259 1.5827519 -0.97097033 995.51 
20150624194215 -0.92296475 -14.740501 -0.5835867 3.075401 0.3933972 -1.031446 995.51 
20150624194215 2.2427685 -12.893374 4.7722425 3.7458258 -1.5210545 -0.83108217 995.51 
20150624194215 1.5705963 -11.077971 3.2626984 2.5857925 -3.9092321 -0.870483 995.51 
20150624194215 1.2473791 -9.715072 -1.1546037 1.0170907 -2.8875601 -1.4419475 995.51 
20150624194215 0.39743748 -7.3071036 -7.2364745 1.4330899 1.8344283 -1.6933185 995.51 
20150624194215 -0.75118077 -2.753332 -8.012196 1.9517145 4.6083674 -1.68385 995.51 
20150624194215 -2.2936451 -0.6147113 -5.964555 2.5097399 6.2155538 -1.5500705 995.51 
20150624194215 -3.8935704 0.45789108 -2.8628666 2.6988027 4.7525315 -1.4059063 995.51 
20150624194215 -2.7485435 0.7009025 -1.3533225 2.3658812 3.5185838 -0.97158116 995.53 
20150624194215 -3.6056678 0.92176765 -0.5734113 0.7837401 2.3835962 -0.5503896 995.53 
20150624194215 -3.8786068 -1.2671312 1.7824832 -0.099571034 1.6801848 -0.42730024 995.53 
20150624194215 -0.90500826 -8.5143795 4.551976 -1.3161092 1.2278391 -0.364992 995.53 
20150624194215 1.5933412 -19.50975 13.254899 -2.733622 0.6264423 -0.22143865 995.53 
20150624194215 1.6663644 -19.608511 19.608511 -2.5024095 0.26633725 0.5308419 995.53 
20150624194215 -2.2068555 -14.234726 16.55351 -0.45570546 0.024129177 1.1340714 995.53 
20150624194215 -3.6888664 -3.25791 4.189853 1.785559 -0.52106804 0.043066 995.53 
20150624194215 -3.3159695 -9.3182335 1.596334 1.3136657 1.2104294 -0.60231316 995.53 
20150624194215 -2.3038206 -18.40722 -2.368464 0.5540548 3.1377094 0.02321288 995.65 
20150624194216 -0.5883751 -10.916962 -8.891466 0.32895094 0.26511553 0.4792238 995.65 
20150624194216 -5.7909756 -2.7503393 -9.192537 0.49877146 -1.4388931 0.453262 995.65 
20150624194216 -4.382586 -7.702147 2.9484594 -0.4447099 -3.3282993 -0.25411993 995.65 
20150624194216 2.0685902 -12.985552 -4.5232453 -0.9297369 -2.0231857 -0.027183503 995.65 
20150624194216 1.3030443 -11.328764 -5.1846437 -1.065349 -1.4471397 0.312763 995.65 
20150624194216 -0.31663316 -9.22426 -3.7924154 -2.0412061 -1.4993688 1.0989466 995.65 
20150624194216 -2.8161798 -13.958795 -0.13706805 -2.8371637 -3.7103956 1.8182404 995.65 
20150624194216 1.0336965 -18.16002 5.5120506 -3.4917057 -4.6465464 2.3759604 995.65 
20150624194216 4.2640734 -8.696938 -1.0456676 -3.3237178 -4.088521 3.0833423 995.41 
20150624194216 1.9919758 -7.3220673 -2.7509377 -1.8353447 -2.896723 1.3246613 995.41 
20150624194216 2.0518308 -4.629189 -0.58298814 -1.6713274 0.6423248 -0.19822577 995.41 
20150624194216 -0.4333505 -5.9477954 0.18974048 -2.2131648 1.9917262 -0.38789943 995.41 
20150624194216 -0.1412579 -7.401076 -0.9271546 -1.8283197 1.4697418 0.14446963 995.41 
20150624194216 -0.40462008 -8.010999 -2.9646204 -1.5149459 -0.93370754 0.3286455 995.41 
20150624194216 -1.7932571 -8.491635 2.1859062 -1.3182472 -1.7660115 0.22571471 995.41 
20150624194216 -5.5258174 -10.398018 10.586561 -1.6957619 -2.0616703 0.14874569 995.41 
20150624194216 0.92416185 -10.669162 0.31603462 -2.5445592 -2.4254405 0.21288654 995.41 
20150624194216 4.324527 -13.169905 -2.795829 -1.4013249 -0.97433007 1.0842859 995.58 
20150624194216 4.431069 -13.675081 3.7882257 -0.3643811 0.09315695 0.9746355 995.58 
20150624194216 2.1266496 -14.869788 5.453393 -1.0494665 -0.1423316 0.7312057 995.58 
20150624194216 3.429694 -14.703391 -2.6737247 -0.5882632 -0.080634214 0.21960606 995.58 
20150624194216 5.5192337 -10.749966 -0.52492875 0.36560285 -0.36468655 -0.09896017 995.58 
20150624194216 2.8981812 -9.264962 1.3581109 0.06994407 -0.5177083 -0.52534413 995.58 
20150624194216 -4.4837413 -11.6747265 4.9374423 0.5335908 -0.009162978 -0.7012733 995.58 
20150624194216 -6.257246 -14.808138 3.247136 1.733941 0.29046643 -0.9728029 995.58 
20150624194216 -4.654927 -15.80233 -0.75237787 2.7360654 -0.24220806 -0.8005389 995.58 
20150624194216 -2.331354 -14.02284 -4.736928 3.408628 0.3051272 -0.72051555 995.58 
20150624194216 -2.9993362 -16.213533 -4.361038 2.6551259 0.51893 -0.8237518 995.58 
20150624194216 -1.8926164 -16.038757 -1.5945383 2.053118 1.7467692 -0.8374963 995.58 
20150624194216 -1.9979613 -14.149732 -1.246182 2.9116893 1.4419475 -0.786489 995.58 
20150624194216 -0.64463884 -14.25807 2.3983915 3.8508945 -1.2208142 -0.8588765 995.58 
20150624194216 2.046444 -11.599309 3.3877954 3.5240817 -3.0848694 -0.7367035 995.58 
20150624194216 1.4903905 -9.8276 -0.6398504 1.8701639 -3.093727 -1.1297953 995.58 
20150624194216 -0.33399114 -8.461109 -5.112818 1.4608842 0.3662137 -1.5848899 995.58 
20150624194216 -0.46686932 -4.665102 -8.118738 1.8335121 3.7907243 -1.7107282 995.58 
20150624194216 -2.2319946 -1.62686 -6.5098343 2.1878138 5.4125714 -1.5155567 995.64 
20150624194216 -3.1292217 0.4285621 -3.752911 2.547308 4.8786755 -1.4465289 995.64 
20150624194216 -2.973 1.453879 -0.6063316 2.606562 3.5863898 -1.0965031 995.64 
20150624194216 -2.6078842 1.7770962 0.35673606 1.2965615 2.5369234 -0.70280045 995.64 
20150624194216 -3.5865142 0.21906945 1.192911 0.24984388 1.6655241 -0.45814893 995.64 
20150624194216 -1.3251907 -5.3079453 4.779425 -1.0152581 1.2672399 -0.34147367 995.64 
20150624194216 1.0283096 -17.25561 12.514492 -2.4990497 0.6612616 -0.18692477 995.64 
20150624194216 4.429273 -19.608511 16.825253 -2.7311785 0.11636983 0.2434298 995.64 
20150624194216 -1.0498575 -18.714277 18.46588 -1.1539245 0.8857546 0.9627236 995.64 
20150624194216 -5.7263317 -5.9597664 8.7370405 1.2189816 0.5479461 0.77946407 995.58 
20150624194216 -8.202535 -10.869077 3.4476504 1.0473285 -0.37140608 -0.4596761 995.58 
20150624194216 -3.4703953 -19.181147 -3.3494883 0.5864306 2.1429152 -0.2003638 995.58 
20150624194216 -0.3716998 -9.451111 -7.5806413 0.70432764 1.738828 0.68233645 995.58 
20150624194216 -3.7966053 -1.0953473 -8.32045 0.8371908 -0.54702985 0.65576386 995.58 
20150624194216 -3.1004913 -4.033033 -0.801459 -0.2773328 -2.95109 0.051923547 995.58 
20150624194217 1.7184383 -13.217191 -6.9599442 -1.099252 -2.484389 0.31795537 995.58 
20150624194217 1.234211 -13.691841 -5.2145715 -1.2278391 -1.4874569 0.57360244 995.58 
20150624194217 -0.41120413 -9.370906 -3.1184478 -2.273335 -2.514016 1.5769486 995.58 
20150624194217 0.36032736 -16.186 0.18555063 -2.6923885 -4.335616 2.44621 995.34 
20150624194217 6.1405287 -18.793884 6.669049 -3.2317827 -4.5481973 2.8548787 995.34 
20150624194217 5.434838 -9.214684 0.9540894 -3.0509665 -3.903429 2.624888 995.34 
20150624194217 1.7998412 -7.20535 -2.3307555 -1.9614882 -1.4159856 -0.06047566 995.34 
20150624194217 -0.8798691 -2.847903 -0.7074866 -2.0943515 2.0286834 -0.44073927 995.34 
20150624194217 -3.6733038 -3.0520086 1.1097125 -2.1499403 1.7476854 -0.17592919 995.34 
20150624194217 -2.2493525 -5.711368 -1.1246762 -1.9162843 0.8741482 0.06383542 995.34 
20150624194217 -1.1923125 -8.08462 -2.5091233 -1.5222762 0.40500367 0.4550946 995.34 
20150624194217 -2.3235726 -10.269928 2.112883 -1.4242324 -1.1136073 0.4147775 995.34 
20150624194217 -3.494936 -12.216414 9.07582 -1.5693128 -2.302962 0.41722095 995.65 
20150624194217 0.4890157 -11.722012 -1.5987282 -2.0744984 -2.8655689 0.6010914 995.65 
20150624194217 4.1611223 -13.461998 -0.682946 -1.6963727 -0.5696318 1.065349 995.65 
20150624194217 4.735132 -14.596251 4.3041763 -0.7156286 1.149343 1.0983357 995.65 
20150624194217 2.0566192 -15.328278 5.035605 -0.6927212 -0.13316862 0.7284568 995.65 
20150624194217 4.0198646 -14.720749 -0.85473 -0.7165449 -0.33383787 0.14385876 995.65 
20150624194217 5.5168395 -10.66138 -0.19093758 0.28069258 -0.099265605 -0.124311075 995.65 
20150624194217 3.7553053 -9.384672 -0.19093758 0.33383787 -0.5564982 -0.57787853 995.65 
20150624194217 -3.5571852 -11.848905 2.4660277 0.70738196 0.0421497 -0.5928447 995.65 
20150624194217 -6.7600284 -15.968128 3.0520086 1.6942347 0.89919364 -0.9611965 995.57 
20150624194217 -5.6569 -14.455591 -1.3497312 2.7104092 0.12767084 -0.9111055 995.57 
20150624194217 -3.0178912 -12.260707 -5.2720323 3.492011 0.15363261 -0.6246097 995.57 
20150624194217 -3.6284127 -15.538967 -2.034473 2.5925121 0.56107974 -0.6423248 995.57 
20150624194217 -2.4552538 -15.740679 -1.2719196 2.072971 1.5855007 -0.7315111 995.57 
20150624194217 -2.3822308 -14.172477 -2.042254 2.9810224 1.0668762 -0.7348709 995.57 
20150624194217 0.037708677 -14.093469 1.1019313 3.8282926 -0.8723156 -0.7858781 995.57 
20150624194217 2.6264393 -12.485164 3.6601357 3.5573738 -2.893974 -0.74281216 995.57 
20150624194217 3.470994 -10.525509 1.3467385 1.822211 -3.5842519 -1.0815369 995.57 
20150624194217 1.5412674 -9.451111 -3.7355533 1.1224649 -0.21227567 -1.7916678 995.54 
20150624194217 0.5129577 -5.6844335 -7.827842 1.881465 4.608062 -2.1416936 995.54 
20150624194217 -2.3373394 -2.653374 -6.695385 2.313652 6.0057216 -2.044566 995.54 
20150624194217 -3.3063924 1.1264719 -2.861071 2.526844 5.467244 -1.6829338 995.54 
20150624194217 -2.3624785 1.1216835 -1.1534066 2.295937 3.9272528 -0.95814216 995.54 
20150624194217 -2.908955 1.2521675 -0.30945057 0.86376345 3.0332513 -0.6096435 995.54 
20150624194217 -3.675698 -0.5781997 0.6967127 0.10720685 2.1010711 -0.46211955 995.54 
20150624194217 -1.7208325 -7.1867948 4.1054573 -0.98837996 1.5671748 -0.43799037 995.54 
20150624194217 0.10175357 -18.229452 8.814852 -2.3738225 1.0629056 -0.39370266 995.54 
20150624194217 0.801459 -19.608511 19.282303 -2.8249464 0.36010507 0.0290161 995.7 
20150624194217 -0.6063316 -18.303074 19.14224 -1.7281377 0.036957346 0.7687739 995.7 
20150624194217 -2.658761 -6.192004 7.9367785 1.5497651 -0.48899764 0.5766568 995.7 
20150624194217 -3.8708255 -7.2203135 -0.45549688 1.9511036 0.09987647 -0.5748242 995.7 
20150624194217 -2.9670146 -15.565903 -1.6753427 0.97402465 3.5341609 -0.3005457 995.7 
20150624194217 -2.9891608 -13.894151 -6.0148335 0.29901853 2.4706445 0.23304509 995.7 
20150624194217 -3.7020345 -3.5488055 -11.922526 0.4184427 -1.2986995 0.64721173 995.7 
20150624194217 -1.5263035 -6.5666966 -1.0049661 -0.041233405 -3.1105258 0.19364429 995.7 
20150624194217 2.6551697 -15.770008 -2.707842 -1.1450669 -2.612976 0.102319926 995.7 
20150624194217 2.2176294 -11.290457 -5.193622 -1.2400564 -1.679574 0.11759156 995.34 
20150624194217 -1.7130513 -7.811083 -3.5697548 -2.0980167 -1.8979583 0.8555168 995.34 
20150624194218 -2.7868507 -10.250774 -1.1115081 -2.5115724 -2.831055 1.2895365 995.34 
20150624194218 -3.208829 -18.110939 2.2373815 -3.2821789 -3.9202278 2.193617 995.34 
20150624194218 4.883573 -11.547833 3.6487634 -3.4321463 -3.8832703 3.120605 995.34 
20150624194218 2.8646624 -6.0483522 -4.055179 -2.0024164 -3.1322114 1.6105462 995.34 
20150624194218 0.6745663 -5.861604 -2.9245174 -1.5332718 0.047036625 -0.17104226 995.34 
20150624194218 -0.47105917 -4.4005427 -2.1176715 -2.1444426 2.1288655 -0.47525316 995.34 
20150624194218 0.47405192 -7.041946 -1.7585411 -1.892155 2.2919664 0.2669481 995.34 
20150624194218 0.56982 -9.029732 -0.36511576 -1.7311921 -0.19975294 0.4569272 995.56 
20150624194218 -1.3425486 -10.013748 4.815338 -1.7602082 -3.2720997 0.14966199 995.56 
20150624194218 -1.4706384 -11.043854 6.8545995 -2.0131063 -4.056451 0.094989546 995.56 
20150624194218 3.093907 -11.475409 -4.520851 -1.8454239 -2.9272664 0.6899723 995.56 
20150624194218 5.16968 -11.768699 1.8842367 -1.0317514 0.0 1.1414018 995.56 
20150624194218 2.9945478 -13.253103 6.3709707 -0.70341134 0.6337727 0.79381937 995.56 
20150624194218 1.1504139 -15.585056 1.3569138 -1.0928379 -0.41355577 0.47800204 995.56 
20150624194218 4.703409 -13.194446 -2.6324248 -0.24190263 -0.36896262 0.09162979 995.56 
20150624194218 6.5990186 -9.303867 2.4995465 0.32589662 -0.40958515 -0.089186326 995.56 
20150624194218 3.530849 -9.062054 -2.011728 0.12522738 -0.655153 -0.4868596 995.55 
20150624194218 -6.712743 -12.745533 6.303933 0.86254174 0.20830505 -0.7360926 995.55 
20150624194218 -6.9844847 -15.989078 1.875857 1.5396858 0.7367035 -1.1563679 995.55 
20150624194218 -5.143344 -15.190013 -2.5133133 3.114802 0.04642576 -0.7693848 995.55 
20150624194218 -2.9885623 -13.928867 -5.637148 3.257439 0.13775012 -0.7858781 995.55 
20150624194218 -3.5996823 -17.062279 -2.1942859 2.4410176 0.6881397 -0.95386606 995.55 
20150624194218 -2.6491842 -16.356588 -1.6178818 2.0363193 1.6187929 -0.94959 995.55 
20150624194218 -3.41473 -15.327081 -1.5185224 3.1086931 1.0659598 -0.89888823 995.55 
20150624194218 0.54887074 -13.315352 2.843713 4.0442333 -0.9437868 -0.76144356 995.55 
20150624194218 2.461838 -11.5155115 3.7044287 3.3869424 -3.0384438 -0.5555819 995.35 
20150624194218 2.7976246 -10.081984 -0.013766659 1.5176947 -3.0955596 -1.1523973 995.35 
20150624194218 0.7080852 -8.891466 -4.485537 1.29198 1.0228939 -1.6581937 995.35 
20150624194218 0.35075054 -5.527613 -8.283937 1.8325957 4.3698244 -1.9083431 995.35 
20150624194218 -2.0919337 -2.144606 -7.445967 2.1633792 5.5466566 -1.8695531 995.35 
20150624194218 -3.3482912 0.49799395 -3.5607765 2.5066855 5.116302 -1.7849482 995.35 
20150624194218 -2.932897 1.7345991 -1.2324153 2.659402 3.5286632 -1.2299771 995.35 
20150624194218 -2.6192567 1.9470845 -0.45549688 1.0925325 2.410169 -0.818254 995.35 
20150624194218 -3.6774938 0.62967503 0.18674773 0.019242255 2.0705278 -0.6169739 995.35 
20150624194218 -1.7477672 -8.255806 4.268263 -1.1239921 1.6832392 -0.43493605 995.7 
20150624194218 1.5035586 -19.603125 15.576676 -2.4770586 1.1566733 -0.16523905 995.7 
20150624194218 2.932897 -19.608511 18.05288 -2.830444 0.5491679 0.1826487 995.7 
20150624194218 -4.23235 -14.568717 17.331627 -0.72418076 0.3454443 1.0638218 995.7 
20150624194218 -7.144298 -2.871845 4.654927 1.4437801 0.8164214 0.56291234 995.7 
20150624194218 -5.959168 -7.8811135 1.3186066 1.0882565 0.09773844 -0.48655418 995.7 
20150624194218 -2.7778726 -13.795989 1.6106992 0.41538838 2.740036 -0.24037547 995.7 
20150624194218 -3.1196449 -14.396335 -5.058948 0.3213151 1.7275269 0.33200526 995.7 
20150624194218 -4.883573 -8.350377 -7.140108 0.2941316 -1.4535538 0.79473567 995.7 
20150624194218 1.762731 -7.3807254 -4.110844 0.1301143 -2.522568 1.0146471 995.71 
20150624194218 3.2836475 -11.188704 -5.7179523 -0.3753767 -2.1649065 0.7874053 995.71 
20150624194218 2.2373815 -11.09114 -4.847061 -1.1340714 -0.8680395 -0.22204952 995.71 
20150624194218 -1.0354922 -8.339603 -4.347272 -1.9917262 -1.5076154 0.116980694 995.71 
20150624194218 -2.3535004 -10.084377 -2.468422 -2.3631322 -3.325245 0.784351 995.71 
20150624194218 -3.9630024 -16.213533 0.28072014 -3.076012 -4.771163 1.7324139 995.71 
20150624194218 2.5187001 -18.219276 6.583456 -3.689626 -5.1337113 2.9110782 995.71 
20150624194219 3.2998085 -8.623915 -0.96665895 -2.6960537 -4.364938 3.3151658 995.71 
20150624194219 1.7459716 -6.9198413 -2.9514523 -1.361924 -1.9052887 1.0592403 995.71 
20150624194219 1.483208 -4.162918 -0.39863458 -1.5958854 1.3292428 -0.17623462 995.52 
20150624194219 0.3184288 -5.8364654 -1.1653777 -1.9758437 2.4193318 0.08002335 995.52 
20150624194219 -0.22505496 -6.519411 -2.9400797 -1.6804903 0.7431176 0.27366763 995.52 
20150624194219 -0.022146367 -7.317279 -2.5887306 -1.4532484 -0.4813618 0.14202617 995.52 
20150624194219 -1.2934675 -8.399458 3.3620577 -1.4217888 -1.6029104 0.09987647 995.52 
20150624194219 -3.1064768 -9.336189 7.8613615 -2.007914 -3.1838295 -0.0106901415 995.52 
20150624194219 -1.2443863 -10.955269 6.085462 -2.346028 -2.7061331 0.22113322 995.52 
20150624194219 2.8622682 -12.69705 -3.9294837 -1.2571607 -0.6969972 0.9062186 995.52 
20150624194219 4.6645036 -14.845247 2.633622 -0.26939157 0.91232723 0.9049969 995.52 
20150624194219 4.2461166 -14.126987 4.7925935 -0.54305923 -0.26175576 0.70646566 995.59 
20150624194219 4.6525326 -13.453618 -1.4748282 -0.7351763 -0.7495316 0.38026363 995.59 
20150624194219 4.39755 -10.6117 -1.2096704 0.20433442 -0.42455134 -0.16126843 995.59 
20150624194219 -0.7062895 -11.101315 6.5008564 -0.004581489 -0.22999077 -0.41263947 995.59 
20150624194219 -3.6709096 -10.635642 2.1068976 -0.2602286 0.028710667 -0.6236934 995.59 
20150624194219 -6.4008985 -13.211803 3.3997664 1.4483615 0.15088372 -0.8002335 995.59 
20150624194219 -3.3171666 -15.532384 -1.1971009 2.6865854 0.19486602 -0.70280045 995.59 
20150624194219 -0.842759 -15.377957 -4.171298 3.559512 0.32162055 -0.6081163 995.59 
20150624194219 -1.7304093 -16.390106 -7.253234 3.0509665 0.7504479 -0.782213 995.59 
20150624194219 -1.471237 -16.607979 -3.7840357 1.9651535 1.488984 -1.0173961 995.43 
20150624194219 -1.9973627 -14.78659 -1.1216835 2.2446244 1.8964312 -1.0155635 995.43 
20150624194219 -0.4369418 -13.977948 3.7948096 3.2134566 -1.105666 -1.0974194 995.43 
20150624194219 2.0153193 -12.717999 4.0402155 3.8347065 -3.107166 -0.947452 995.43 
20150624194219 2.5929205 -10.232818 1.0055647 2.6780334 -4.163963 -1.2815952 995.43 
20150624194219 1.1192893 -9.411008 -1.7980455 1.2324207 -0.65179324 -1.7061466 995.43 
20150624194219 -1.0324994 -7.089231 -6.611588 1.3026701 4.4232755 -1.8613064 995.43 
20150624194219 -0.6781576 -2.9370868 -8.543709 1.9113973 5.862779 -1.6007724 995.43 
20150624194219 -1.2336124 -0.6907272 -5.591658 2.4284947 6.2448754 -1.3365731 995.43 
20150624194219 -3.0963013 -0.8379706 -1.9117701 2.6633725 4.524068 -1.2235631 995.53 
20150624194219 -3.5003228 -0.1388637 -1.3144168 2.212554 2.973692 -0.9596693 995.53 
20150624194219 -4.362834 0.2801216 -0.55844754 0.6924158 2.3084598 -0.47647488 995.53 
20150624194219 -4.969764 -1.1348516 1.0133458 -0.3555236 1.8322903 -0.3295618 995.53 
20150624194219 -1.423353 -6.730101 2.2110453 -1.1976013 1.3374895 -0.20861048 995.53 
20150624194219 0.27234045 -15.933413 7.385514 -2.3417518 0.9419542 -0.06261369 995.53 
20150624194219 4.1461587 -19.608511 17.487848 -2.6166413 0.65057147 0.3436117 995.53 
20150624194219 -2.2601264 -13.157335 16.967707 -0.28863382 0.32375857 0.58093286 995.53 
20150624194219 -1.6160861 -3.3566709 4.768651 1.8790215 -0.38087448 -0.0012217305 995.53 
20150624194219 -3.9510314 -11.120468 2.6018987 1.4474452 0.20250183 -0.6969972 995.6 
20150624194219 -3.108871 -16.08305 -1.3904326 0.13713925 3.3066137 -0.5403103 995.6 
20150624194219 -4.634576 -10.031705 -5.9244523 0.09132435 1.3817772 -0.04795292 995.6 
20150624194219 -8.43178 -6.183026 -3.4799721 0.41172317 -0.72784597 0.2519819 995.6 
20150624194219 -3.8738184 -6.830059 -1.9393034 0.24709499 -2.447737 0.30573806 995.6 
20150624194219 3.7253778 -12.021885 -9.324219 -0.2660318 -2.3936756 1.033584 995.6 
20150624194219 3.5745432 -13.060968 -9.335591 -0.46761733 -0.10170906 1.0415252 995.6 
20150624194219 0.2621651 -8.008006 -4.796783 -2.0796907 -0.94806284 0.7333437 995.6 
20150624194219 -1.8034325 -11.000758 -1.7310078 -3.2330043 -3.4865134 1.03786 995.6 
20150624194219 -0.22924481 -17.885883 2.855684 -3.563788 -5.085453 1.6105462 995.45 
20150624194219 3.9223008 -17.40046 6.870162 -3.1887167 -4.5793514 2.2653937 995.45 
20150624194219 4.272453 -8.690952 2.135628 -2.225382 -3.972762 2.864958 995.45 
20150624194220 1.8537107 -5.851429 -1.7645266 -1.5121969 -2.4208589 0.74372846 995.45 
20150624194220 0.18076223 -3.7391446 -0.9708488 -1.632232 1.536326 -0.17195857 995.45 
20150624194220 -0.54527944 -4.7626657 -1.3323733 -1.7336355 2.2653937 -0.027488936 995.45 
20150624194220 -1.6250644 -5.6580973 -2.7323828 -1.2864822 0.8155051 0.15393804 995.45 
20150624194220 -0.7978677 -7.4723034 -2.8580782 -1.1007792 -0.0290161 0.01282817 995.45 
20150624194220 -1.5239093 -9.515156 1.6370354 -1.1893547 -1.1142182 0.099571034 995.45 
20150624194220 -2.2134395 -9.961076 6.8366427 -1.8344283 -2.257758 0.16218472 995.53 
20150624194220 -0.9498995 -9.939528 3.9306808 -2.2864685 -2.6529877 0.35185838 995.53 
20150624194220 1.5059528 -11.580753 -2.3708582 -1.2800682 -0.8585711 0.6973027 995.53 
20150624194220 2.8257565 -12.4630165 0.7870938 -0.37323865 0.21563543 0.9233228 995.53 
20150624194220 0.5907693 -14.187441 2.9765913 -0.91874135 -0.02443461 0.8127562 995.53 
20150624194220 0.22445641 -15.074492 3.9294837 -1.074512 -0.28863382 0.4034765 995.53 
20150624194220 6.1824274 -13.56854 -2.0548236 -0.7189884 0.06963864 0.27305678 995.53 
20150624194220 5.397728 -11.841722 2.6964695 0.44135013 -0.17379116 0.053450707 995.53 
20150624194220 2.569577 -11.026496 3.0322564 0.025961773 -0.54244834 -0.3436117 995.53 
20150624194220 -1.055843 -11.444284 0.9792285 0.58368176 -0.054061573 -0.6239988 995.6 
20150624194220 -6.8121023 -15.237897 5.2385135 1.6288722 0.89766645 -1.058324 995.6 
20150624194220 -5.997475 -13.842077 -1.922544 2.8475482 0.99021256 -1.0491611 995.6 
20150624194220 0.046686932 -10.419566 -5.017648 4.128838 0.70280045 -0.3136793 995.6 
20150624194220 -4.3275194 -16.57805 -4.7925935 3.325245 0.63407815 -0.27947086 995.6 
20150624194220 -3.466804 -17.798496 -1.2354081 2.080607 1.1090258 -1.1417072 995.6 
20150624194220 -1.4598645 -13.940239 -1.5047557 2.4712553 1.2327261 -0.6637051 995.6 
20150624194220 1.3096284 -14.960768 2.0147207 3.8588357 -0.81489426 -0.40500367 995.6 
20150624194220 2.9269116 -11.790246 4.5938745 3.8472292 -3.4278703 -0.6426302 995.6 
20150624194220 1.9422961 -10.29387 -1.2539631 1.6087136 -3.9947534 -1.3610078 995.49 
20150624194220 0.34117374 -8.502409 -4.280234 1.6728544 1.5323554 -1.8817704 995.49 
20150624194220 -0.49440265 -4.896741 -5.898116 1.9773707 4.8853946 -2.0323486 995.49 
20150624194220 -2.0859482 -2.6593595 -5.7185507 2.1450534 5.341711 -1.9104811 995.49 
20150624194220 -2.7928362 -0.6985083 -3.5224693 2.2828035 5.0637674 -1.597718 995.49 
20150624194220 -2.7365725 0.026934769 -1.3461399 1.8435913 3.929696 -1.0711522 995.49 
20150624194220 -2.819771 1.1073183 -0.7230489 0.97066486 2.7959301 -0.77274454 995.49 
20150624194220 -3.9743748 0.5518635 0.32321724 0.16890424 2.2122486 -0.40683624 995.49 
20150624194220 -2.461838 -3.8283286 1.8746599 -0.82863873 1.6933185 -0.2171626 995.49 
20150624194220 -1.939902 -12.164939 4.0462008 -2.0631974 1.0821478 -0.0290161 995.81 
20150624194220 0.2801216 -19.608511 12.649765 -2.5320365 0.4792238 0.14446963 995.81 
20150624194220 -0.99419224 -19.608511 19.608511 -1.4672983 0.24465153 0.7870999 995.81 
20150624194220 -2.1098902 -10.248979 15.759234 1.3988814 -0.3820962 0.49480084 995.81 
20150624194220 -1.6017209 -4.9763484 0.35254622 1.9275852 -0.35735616 -0.4392121 995.81 
20150624194220 -3.0131028 -16.658257 4.575918 0.61422503 2.3909266 -0.54336464 995.81 
20150624194220 -2.0757728 -16.59541 -4.0683475 -0.084910266 2.8759537 -0.1863139 995.81 
20150624194220 -2.0500352 -7.0832458 -10.831368 0.24129178 -0.66920286 0.34697145 995.81 
20150624194220 -5.348048 -3.7822402 -4.8141413 0.54244834 -1.887879 0.2519819 995.81 
20150624194220 -1.8926164 -8.405443 0.048482586 -0.22357668 -2.6991081 -0.1337795 995.67 
20150624194220 0.7038953 -11.670536 -9.60015 -0.6072 -1.7214183 0.089491755 995.67 
20150624194220 -0.29149407 -9.202713 -5.4486046 -0.98868537 -0.95386606 0.70371675 995.67 
20150624194220 -2.6018987 -10.907983 -3.3363202 -2.7711902 -1.5378532 1.5195273 995.67 
20150624194220 -3.0573955 -18.522142 1.8148049 -3.317609 -4.192063 2.2440135 995.67 
20150624194220 6.095039 -15.509639 7.2209125 -3.1306844 -4.922963 3.211624 995.67 
20150624194220 4.8680105 -8.106767 -1.2892777 -2.5583036 -4.68778 3.061351 995.67 
20150624194220 2.5731683 -6.469133 -3.241749 -1.7394388 -2.5470026 0.204029 995.67 
20150624194221 0.8571242 -3.8301241 -0.88525605 -2.2116377 2.2715025 -0.75136423 995.67 
20150624194221 -1.2892777 -4.264672 -1.6017209 -2.064419 2.3893993 -0.44043383 995.5 
20150624194221 -1.0271125 -6.8929067 -0.7757214 -1.6835446 0.070249505 0.008552114 995.5 
20150624194221 -1.0833763 -9.385869 -0.45908818 -1.5439619 -0.990518 0.24098633 995.5 
20150624194221 -1.977012 -9.890448 3.9665937 -1.6236799 -2.3900104 0.2049453 995.5 
20150624194221 -4.859631 -12.023083 8.617331 -1.8716911 -3.1132748 0.26511553 995.5 
20150624194221 0.39624038 -11.304223 -1.4915876 -1.7959439 -2.518292 0.56779927 995.5 
20150624194221 4.5483847 -11.274895 -0.581791 -1.0781772 -0.087964594 1.2391402 995.5 
20150624194221 6.4350157 -12.756906 3.9258924 -0.60994893 0.33933565 0.8136725 995.5 
20150624194221 2.7593174 -14.054563 4.844667 -0.605062 -0.54550266 0.6102544 995.5 
20150624194221 1.9117701 -14.520235 0.6572084 -0.8191703 -0.28221974 0.07238753 995.71 
20150624194221 4.6657004 -11.26412 -0.842759 0.2941316 0.047647487 -0.14660765 995.71 
20150624194221 7.1125746 -9.491813 0.98222125 0.37934732 -0.5299256 -0.3915646 995.71 
20150624194221 -4.1581297 -13.654731 4.818331 0.81245077 -0.037873644 -0.559858 995.71 
20150624194221 -8.269572 -17.153856 2.297835 1.4712689 1.0198395 -1.2366967 995.71 
20150624194221 -7.0610995 -14.441825 -2.9652188 3.0857859 0.69058317 -0.89644474 995.71 
20150624194221 -4.71538 -14.170083 -5.4911017 3.4287865 -0.045814894 -0.52931476 995.71 
20150624194221 -3.6074634 -15.501259 -2.1984756 2.518292 0.15760323 -0.6047566 995.71 
20150624194221 -1.9853917 -14.908095 -0.94570965 1.8509218 0.9077458 -0.73884153 995.71 
20150624194221 -2.0931308 -14.109031 -0.5518635 2.773023 0.54733527 -0.98715824 995.48 
20150624194221 0.19871874 -13.888764 1.927931 3.6957347 -0.91813046 -1.1777482 995.48 
20150624194221 1.8339585 -11.844116 1.6394296 3.7323866 -2.38268 -0.9682214 995.48 
20150624194221 2.468422 -10.305841 1.3533225 1.4773777 -3.2748485 -0.9923506 995.48 
20150624194221 0.81043726 -9.269152 -3.2824504 0.5458081 0.061391957 -1.3063353 995.48 
20150624194221 -0.4213795 -6.2165446 -7.1514807 1.2938126 3.2510247 -1.7595973 995.48 
20150624194221 -2.336741 -1.9979613 -6.6971807 1.9871446 4.978857 -1.7968601 995.48 
20150624194221 -3.0783448 0.43873745 -4.109049 2.2925773 4.893336 -1.6279559 995.48 
20150624194221 -3.252523 0.760159 -1.0205284 2.5143213 3.7519343 -1.2272283 995.48 
20150624194221 -2.6497827 0.85173726 -0.8074445 1.8591684 2.9810224 -0.691194 995.55 
20150624194221 -3.1860838 -0.015562311 0.26515785 0.32711834 2.207056 -0.3643811 995.55 
20150624194221 -1.8124107 -3.1238346 2.2972364 -0.6041457 1.8362609 -0.33322698 995.55 
20150624194221 -1.2629414 -11.339538 5.0332108 -1.8594738 1.3454307 -0.3399465 995.55 
20150624194221 2.0655975 -19.608511 13.749302 -2.8050933 0.999681 -0.24465153 995.55 
20150624194221 2.6048915 -19.608511 19.608511 -1.6276505 0.6771441 0.71868294 995.55 
20150624194221 -1.7818847 -10.885238 13.210008 0.7867944 -0.42760566 0.86651236 995.55 
20150624194221 -2.4193408 -3.7062242 0.7110779 2.2094996 -1.0125091 -0.47342056 995.55 
20150624194221 -2.0638018 -8.005013 1.2593501 1.0497719 2.8130345 -0.66675943 995.55 
20150624194221 -4.669292 -15.043966 0.18614918 0.08368854 3.2705724 -0.1994475 995.6 
20150624194221 -5.1744685 -13.286622 -7.784148 -0.0693332 -0.8698721 0.11148291 995.6 
20150624194221 -5.031415 -7.323863 -3.0561984 0.26633725 -2.248595 0.5384777 995.6 
20150624194221 1.2773066 -10.4967785 -4.721366 -0.29993483 -2.8774807 0.55863625 995.6 
20150624194221 2.2260091 -11.286865 -8.526949 -0.35735616 -0.90010995 0.5366451 995.6 
20150624194221 -0.6254852 -8.536526 -6.095039 -1.382999 -0.56046885 0.4025602 995.6 
20150624194221 -2.5438392 -10.274716 -4.119224 -2.7302623 -1.6505579 1.0183123 995.6 
20150624194221 -4.0372224 -15.776592 -0.6404489 -3.3689218 -3.976122 1.8515326 995.6 
20150624194221 2.9137435 -18.467674 7.451354 -3.6438112 -4.8704286 2.7159069 995.6 
20150624194221 3.5655649 -9.218275 0.6859388 -2.807842 -4.600426 3.4434474 995.4 
20150624194221 2.204461 -6.92044 -2.2762873 -1.0372492 -3.3603697 0.68630713 995.4 
20150624194221 1.8447324 -3.8839936 -1.7962499 -1.5858061 1.097114 -0.3109304 995.4 
20150624194221 0.919972 -4.7417164 -2.8862102 -2.2898283 3.025921 -0.20250183 995.4 
20150624194222 0.45070848 -5.7023897 -4.708796 -1.74738 1.8484782 0.082161374 995.4 
20150624194222 -0.008978256 -8.582615 -0.682946 -1.4605788 -0.8762862 0.0015271631 995.4 
20150624194222 -2.795829 -11.210251 5.4725466 -1.4547756 -2.3060162 -0.021685716 995.4 
20150624194222 -4.741118 -10.409989 10.080787 -1.8881844 -3.4138205 -0.0711658 995.4 
20150624194222 0.9175778 -10.207081 -1.5388732 -2.1862867 -2.85946 0.4361578 995.4 
20150624194222 3.2507274 -11.787253 -2.0428526 -0.6010914 -0.3998113 1.067487 995.57 
20150624194222 4.883573 -12.397177 3.1783028 -0.5992588 -0.16371189 0.77732605 995.57 
20150624194222 2.3439236 -13.092692 4.9763484 -1.0283916 -0.732122 0.7302894 995.57 
20150624194222 0.8798691 -14.334684 1.5747862 -0.9923506 -0.15760323 0.35033122 995.57 
20150624194222 4.2544966 -13.2513075 -2.5600002 -0.082161374 0.089491755 0.07971791 995.57 
20150624194222 6.282984 -9.937733 0.90141696 0.4538729 -0.46944994 -0.17287487 995.57 
20150624194222 3.323152 -10.559028 0.8050503 -0.08552113 -0.60139686 -0.31948254 995.57 
20150624194222 -1.9267339 -11.665748 1.1779473 0.8060367 0.464563 -0.86590147 995.57 
20150624194222 -8.192958 -15.374965 4.3089647 1.4245378 0.3839288 -1.3133603 995.57 
20150624194222 -6.1938 -13.1238165 -2.321777 3.0240884 0.34666604 -0.96486163 995.52 
20150624194222 -2.7730842 -12.787432 -5.768829 3.626707 0.2828306 -0.25381452 995.52 
20150624194222 -3.5817258 -17.006613 -2.858677 2.7482827 0.3585779 -0.62796944 995.52 
20150624194222 -2.6156654 -15.642517 -1.9081788 1.8860464 1.246776 -1.0537425 995.52 
20150624194222 -1.6944963 -14.921862 1.2312182 2.6728408 0.61453044 -1.1404854 995.52 
20150624194222 1.46585 -13.851654 2.7401638 3.655723 -1.4511104 -0.9841039 995.52 
20150624194222 1.7441759 -11.630433 3.5871127 3.4477234 -3.4504724 -0.8188649 995.52 
20150624194222 1.2743138 -10.180744 -1.5472529 1.319469 -3.313333 -1.2669345 995.52 
20150624194222 -0.3298013 -8.487445 -5.1277814 1.4376713 1.3665055 -1.5601498 995.52 
20150624194222 -0.22266077 -4.865018 -6.9623384 1.743104 3.9822304 -1.5338826 995.59 
20150624194222 -1.0857705 -2.1625626 -6.275801 2.1169536 5.170669 -1.4101825 995.59 
20150624194222 -2.2038627 -0.5093664 -2.7461493 2.574186 4.704273 -1.4920384 995.59 
20150624194222 -3.342904 -0.046686932 -1.0755951 2.7064385 3.2586606 -1.3396275 995.59 
20150624194222 -3.2902317 0.16699557 -0.6572084 1.6914859 2.2516494 -1.1200215 995.59 
20150624194222 -3.539827 -0.81642276 -0.079008654 0.17989981 2.1361957 -0.59040123 995.59 
20150624194222 -3.2968156 -2.8604724 1.1803415 -0.81031275 1.7889189 -0.31764993 995.59 
20150624194222 -2.6300306 -9.181764 5.777807 -1.8368717 1.3063353 -0.018325957 995.59 
20150624194222 2.2535424 -19.22903 16.529568 -2.5583036 0.7263188 0.13958271 995.59 
20150624194222 4.8817773 -19.608511 19.273922 -1.9975294 0.39064834 0.7305948 995.6 
20150624194222 -1.1420342 -14.207192 15.143925 0.8170323 0.4746423 0.7495316 995.6 
20150624194222 -4.809353 -4.3807907 -0.19991584 1.8219056 -0.32528573 -0.1853976 995.6 
20150624194222 -6.2979474 -11.121067 3.2519245 1.1206323 2.6499333 -0.46731192 995.6 
20150624194222 -5.9442043 -19.550453 5.1505265 -0.029932396 3.1477885 -0.03970624 995.6 
20150624194222 -1.5167267 -9.762358 -7.8745294 0.82772243 -1.2284501 0.79168135 995.6 
20150624194222 -4.1742907 -0.6823475 -8.438962 1.6792686 -2.1010711 0.8405506 995.6 
20150624194222 -3.1555579 -4.6297874 -5.5162406 0.19211712 -2.1881194 0.3005457 995.6 
20150624194222 3.1250317 -14.576498 -10.931925 -0.9969321 -0.623388 0.81581056 995.6 
20150624194222 -0.85532856 -11.550826 -3.752911 -2.4431555 -0.1863139 0.981355 995.43 
20150624194222 3.288436 -15.031397 0.6159084 -2.9856038 -2.3780985 1.3158038 995.43 
20150624194222 1.8183962 -14.42746 4.2281604 -2.713158 -4.1352525 1.8726074 995.43 
20150624194222 -1.5005659 -14.213179 1.2844892 -2.6942213 -5.120578 1.4581354 995.43 
20150624194222 0.74519527 -10.349535 0.8798691 -2.9425378 -4.205807 1.0800097 995.43 
20150624194222 0.25318682 -7.33344 -0.142455 -2.6548204 -1.543351 1.1505647 995.43 
20150624194222 -0.93852705 -5.715558 0.11971009 -2.0060816 0.07391469 0.32467487 995.43 
20150624194222 -1.6873137 -5.967548 0.011372458 -1.428203 0.9068295 0.09590584 995.43 
20150624194222 -0.9983821 -7.0383544 -1.4867992 -1.0818423 0.59895337 0.3830125 995.43 
20150624194223 -0.75477207 -8.279149 -2.574964 -1.0769554 -0.15118915 0.35002577 995.49 
20150624194223 -0.20470424 -8.694544 -2.4558525 -1.208597 -0.8210029 0.20738874 995.49 
20150624194223 -0.47524905 -8.8328085 3.1214404 -1.3912456 -1.412015 0.30543262 995.49 
20150624194223 -1.8315643 -8.677784 8.371924 -2.0048597 -2.450486 0.33567044 995.49 
20150624194223 -0.42796355 -10.287885 1.620276 -1.9938642 -2.4379632 0.52839845 995.49 
20150624194223 3.1489737 -11.067198 -0.52253455 -0.93279123 -0.70096785 0.86590147 995.49 
20150624194223 3.180697 -12.39957 1.6867151 -0.68386364 0.63804877 1.0048733 995.49 
20150624194223 0.97623575 -13.103466 3.5464113 -0.76144356 -0.0070249503 0.68936145 995.49 
20150624194223 2.6150668 -13.714586 2.0057425 -0.689056 -0.22602014 0.32162055 995.49 
20150624194223 5.129577 -12.237962 -3.1070752 0.13225232 -0.42149702 0.23579398 995.52 
20150624194223 7.845799 -9.545084 -1.2988545 0.47952923 -0.43066 0.004276057 995.52 
20150624194223 2.6551697 -9.479243 0.05925649 0.08093964 -0.058337633 -0.2938262 995.52 
20150624194223 -5.13257 -11.729793 2.4372973 0.8579602 0.6270532 -1.0430524 995.52 
20150624194223 -10.857705 -14.584878 6.5816603 1.681712 0.5039638 -1.4114041 995.52 
20150624194223 -7.9954367 -13.961188 -1.067814 3.087313 -0.31703907 -0.9266826 995.52 
20150624194223 -3.532046 -13.254301 -8.223484 3.537826 0.06078109 -0.26053402 995.52 
20150624194223 -1.8764555 -15.774198 -5.6886234 2.233018 1.0433578 -0.75625116 995.52 
20150624194223 -1.2030864 -13.843274 -1.6490064 1.559539 1.4074335 -1.1866057 995.52 
20150624194223 0.33039984 -14.686033 0.5255273 2.2333233 -0.3268129 -1.5415184 995.45 
20150624194223 3.9677908 -14.432846 11.909956 3.0622675 -3.739717 -1.3475688 995.45 
20150624194223 2.825158 -12.791022 1.3682863 1.9700404 -5.3401837 -1.3472633 995.45 
20150624194223 0.39264908 -11.03727 -4.618415 1.575116 -1.6581937 -1.7513506 995.45 
20150624194223 -1.1976994 -7.5686703 -5.16968 1.9074267 3.4565809 -1.8219056 995.45 
20150624194223 -0.82719666 -4.593276 -6.209362 1.6688838 4.7177124 -1.3231341 995.45 
20150624194223 -1.0013748 -2.9616275 -4.329315 1.9511036 4.6276097 -1.0403035 995.45 
20150624194223 -2.8461072 -3.3327289 -0.95947635 2.2397375 4.1700716 -1.1667526 995.45 
20150624194223 -3.1717186 -2.1374235 0.52133745 1.7760907 2.7766879 -1.3897184 995.45 
20150624194223 -3.1854854 -0.013766659 -0.01436521 0.5222898 1.8793269 -1.0290025 995.53 
20150624194223 -3.7403417 -0.0688333 0.48482585 0.03726278 1.8267925 -0.5830709 995.53 
20150624194223 -5.283405 -1.7495629 0.28072014 -0.5919284 1.8551978 -0.25900686 995.53 
20150624194223 -1.6466122 -7.915829 2.7808652 -1.7275269 1.6349808 0.27091873 995.53 
20150624194223 0.5506664 -16.858173 4.168904 -2.8313603 0.9691377 0.6404922 995.53 
20150624194223 6.751649 -19.608511 10.675745 -3.6224308 0.2321288 1.0668762 995.53 
20150624194223 3.3183637 -19.533094 19.608511 -1.2660183 0.28527406 1.7507398 995.53 
20150624194223 -3.3973722 -9.640253 10.642825 2.944676 -1.6820174 -0.20952678 995.53 
20150624194223 -4.31076 -5.0140567 -3.7116113 2.8887818 -2.2925773 -1.5583172 995.53 
20150624194223 0.9911995 -14.165295 2.0691888 0.37140608 3.0980031 -1.2159272 995.46 
20150624194223 0.3309984 -17.239449 2.1631613 -0.25595254 3.4003813 -0.37720928 995.46 
20150624194223 -0.5189432 -8.734647 -4.609437 0.86559606 -0.82741696 0.3203988 995.46 
