20150624193927 -2.0991163 2.7353754 -3.4811692 2.4236078 4.7907104 -0.5934556 995.52 
20150624193927 -3.5745432 1.9524715 0.20649989 1.3261884 3.7323866 -0.36774087 995.52 
20150624193927 -5.1547165 1.3018472 0.22146365 -0.16157386 2.590374 -0.3827071 995.52 
20150624193927 -2.2667105 -5.2049947 0.25498247 -1.3545936 1.3326025 -0.5103779 995.52 
20150624193928 -1.2551602 -16.957533 6.0291986 -2.1853704 1.0027353 -0.8185594 995.52 
20150624193928 -2.8844144 -19.608511 19.608511 -2.1071796 0.6808093 -0.5705481 995.52 
20150624193928 -4.300585 -8.623915 14.099454 -0.2910773 -0.15149458 0.95630956 995.52 
20150624193928 -4.8763905 -6.2662244 8.464102 0.9450085 -2.724459 0.9957104 995.52 
20150624193928 -2.1948843 -16.290148 2.271499 0.6795876 0.055588737 -0.42363504 995.52 
20150624193928 -3.618836 -17.225084 -7.0186024 0.4886922 2.482251 -0.3622431 995.52 
20150624193928 -3.9785647 -7.240066 -9.96347 0.4615087 1.5943583 0.06719518 995.52 
20150624193928 -7.20116 -3.4117374 -3.8283286 0.15668693 -1.464244 0.28893927 995.52 
20150624193928 -2.1894975 -5.7065797 -1.9961656 -0.44837508 -3.2968397 0.22082779 995.52 
20150624193928 2.5971103 -10.922348 -11.860875 -0.4831944 -2.5928175 0.61727935 995.52 
20150624193928 1.2599486 -12.620436 -9.270947 -1.6511687 -1.5027285 0.9221011 995.52 
20150624193928 -0.6434417 -12.649765 -5.2139726 -3.975511 -2.4489589 1.6337591 995.52 
20150624193928 -1.0253168 -18.600554 -0.4758476 -4.322177 -4.4498477 2.3173172 995.26 
20150624193928 7.0227923 -16.318878 5.121197 -3.522249 -5.3111677 3.3023374 995.26 
20150624193928 5.0158525 -9.297882 0.26874915 -2.132836 -5.7949734 2.4449883 995.26 
20150624193928 2.2744915 -7.4872675 1.5197195 -2.558609 -2.9458976 0.19058995 995.26 
20150624193928 0.7392098 -5.2516813 3.3842041 -3.6743546 1.3991868 -0.33567044 995.26 
20150624193928 -1.2186487 -6.530185 -0.0047884034 -2.076331 1.5586227 0.19120082 995.26 
20150624193928 -1.0749966 -7.829638 -4.5753193 -1.2727377 -1.4431691 -0.058948494 995.26 
20150624193928 0.26515785 -8.303091 -7.61416 -1.2547172 -1.3277156 -0.08307768 995.26 
20150624193928 -2.1051018 -8.721478 13.749901 -1.8365663 -1.5476271 0.28008172 995.26 
20150624193928 -3.0639796 -9.084799 10.5841675 -2.685058 -3.5078936 -0.019242255 995.48 
20150624193928 3.681085 -10.830172 -10.612898 -1.0793989 -2.564107 0.7476991 995.48 
20150624193928 3.453636 -13.226768 2.147599 -0.0036651916 2.1981986 1.0574077 995.48 
20150624193928 1.5233108 -14.599243 9.886856 -0.82344633 -0.34330627 0.57818395 995.48 
20150624193928 5.1726727 -13.774441 -0.9175778 -0.9755518 -0.9242391 0.41263947 995.48 
20150624193928 8.707113 -12.643181 -3.7307649 0.48747048 -0.116980694 0.12461651 995.48 
20150624193928 2.9897594 -9.703699 -0.061052144 0.32742378 -0.7324274 -0.7473936 995.48 
20150624193928 -6.4709287 -12.794614 3.5284548 0.5439755 -0.44348818 -0.82619524 995.48 
20150624193928 -6.341642 -16.451757 2.0691888 1.7654005 0.5561928 -0.86315256 995.48 
20150624193928 -5.3683987 -16.911444 -2.9496565 2.5809057 0.064751714 -0.75594574 995.4 
20150624193928 -3.9097314 -14.486117 -3.2944214 3.3093624 0.38698313 -0.872621 995.4 
20150624193928 -2.542642 -15.099631 -0.6362591 2.6038132 1.3109168 -0.8765916 995.4 
20150624193928 -3.7582982 -16.412851 -1.7890673 2.271808 1.7705929 -0.8258898 995.4 
20150624193928 -3.8738184 -15.49647 -3.0969 2.9804115 1.3536774 -0.906524 995.4 
20150624193928 -1.316811 -16.542736 -2.3648727 3.859752 0.5180137 -0.40042216 995.4 
20150624193928 2.7269957 -12.878411 5.711368 3.709479 -1.3005321 0.058337633 995.4 
20150624193928 1.2880806 -11.033679 0.2717419 2.1423044 -2.8961122 -0.6273586 995.4 
20150624193928 -0.7230489 -9.622895 -2.255338 1.704925 -0.75411314 -1.921782 995.4 
20150624193928 -0.5303157 -4.44723 -9.776124 1.8319849 2.7104092 -2.2036965 995.42 
20150624193928 -0.12988544 0.8487445 -7.5447283 2.4642303 5.2821517 -1.9098701 995.42 
20150624193928 -1.6747441 3.7008374 -4.087501 2.971554 5.8465915 -1.6178766 995.42 
20150624193928 -2.6252422 1.2910733 -2.2852654 3.0757065 4.563469 -1.2702943 995.42 
20150624193928 -3.7660792 1.1150994 -2.545635 1.2709051 3.2421672 -0.77640975 995.42 
20150624193928 -5.1678843 0.08738836 -1.9021933 0.3371976 2.513405 -0.34972036 995.42 
20150624193928 -2.544438 -4.252701 0.80684596 -0.63224554 2.1670444 -0.11026118 995.42 
20150624193928 -0.24660277 -16.224308 13.151949 -1.8133535 1.5842791 -0.07422013 995.42 
20150624193928 0.7673417 -19.608511 17.905037 -2.2256875 0.47647488 0.19608775 995.42 
20150624193928 -5.3025584 -18.927362 17.244238 -1.0852021 -0.47250426 0.5345071 995.67 
20150624193928 -6.187814 -5.533599 9.888652 0.39645153 -0.27885997 0.5766568 995.67 
20150624193929 -6.157288 -7.6949644 2.4582467 0.99082345 0.9602802 -0.16737708 995.67 
20150624193929 -0.207697 -12.551602 3.0550013 0.6795876 1.9917262 -0.18448131 995.67 
20150624193929 -4.0545807 -12.476185 -4.281431 0.54458636 0.81397796 0.45173484 995.67 
20150624193929 -7.252037 -7.961918 -2.309806 0.6395759 -1.3839152 0.5476407 995.67 
20150624193929 0.6667852 -4.9081135 -5.8280854 0.54641896 -2.4770586 0.6814202 995.67 
20150624193929 3.6355953 -8.626308 -10.781689 -0.07269296 -2.307238 1.056186 995.67 
20150624193929 0.46627077 -11.643601 -7.299921 -1.391551 -0.929126 0.6301075 995.67 
20150624193929 -1.3503298 -10.389638 -4.2012253 -3.19116 -2.1218405 0.44929138 995.23 
20150624193929 -2.337938 -13.769054 -2.907758 -3.378085 -4.0695844 1.4923438 995.23 
20150624193929 3.245939 -19.608511 3.8013937 -3.3719761 -5.2595496 2.3463335 995.23 
20150624193929 8.699332 -11.382633 5.7616463 -3.2635477 -4.855157 3.3857207 995.23 
20150624193929 1.4131776 -9.345766 -0.9540894 -2.2473733 -3.4733799 1.3564262 995.23 
20150624193929 0.96306765 -6.397307 -0.3238158 -2.2030854 0.07147124 -0.5561928 995.23 
20150624193929 -1.2114661 -4.039018 2.3744495 -2.5265386 2.2446244 -0.040011674 995.23 
20150624193929 -3.6499605 -5.407305 0.7858967 -2.0934353 0.5656612 -0.054061573 995.23 
20150624193929 -1.8938135 -5.771223 -4.4059296 -1.6841555 -1.0015136 -0.13713925 995.23 
20150624193929 -0.073621705 -5.915474 -4.0264487 -1.4306464 -0.89675015 0.14080444 995.44 
20150624193929 -2.1440077 -9.589975 9.611523 -1.5085317 -0.98715824 0.4370741 995.44 
20150624193929 -2.7269957 -10.8708725 9.205706 -2.2968533 -2.68628 0.2302962 995.44 
20150624193929 2.7982233 -11.300034 -7.021595 -1.9608774 -1.8402315 0.6792821 995.44 
20150624193929 2.8862102 -13.320141 1.1695676 -0.46303585 0.7489208 1.1484267 995.44 
20150624193929 4.4520183 -14.583082 6.1530986 -0.6569856 -0.086132 0.63499445 995.44 
20150624193929 3.2890346 -14.707581 2.903568 -0.79290307 -0.745561 0.6395759 995.44 
20150624193929 6.0363812 -12.815563 -2.1972785 -0.24465153 0.06566802 0.30543262 995.44 
20150624193929 6.6295447 -10.431537 2.2631192 0.5329799 0.03940081 -0.1957823 995.44 
20150624193929 3.235165 -10.559627 1.8489223 0.3924809 0.015577064 -0.872621 995.48 
20150624193929 -4.797382 -15.778388 6.06152 1.8173242 0.37659842 -0.893085 995.48 
20150624193929 -6.949769 -18.728643 1.441908 2.7134633 0.63316184 -0.9963212 995.48 
20150624193929 -4.009091 -13.039421 -5.1642933 3.5274413 0.63499445 -0.9825767 995.48 
20150624193929 -3.1364043 -15.351023 -2.2583308 2.5616634 0.47433686 -0.90010995 995.48 
20150624193929 -2.03567 -16.804304 -0.25019407 1.9004018 1.5158621 -0.7458665 995.48 
20150624193929 -2.9538465 -15.881937 -4.779425 2.6697865 1.9666806 -0.74281216 995.48 
20150624193929 -0.74399817 -16.669031 -2.6683378 4.3429465 1.0064005 -0.75533485 995.48 
20150624193929 3.2674868 -12.047623 5.052963 4.2088614 -0.61666846 -0.28008172 995.48 
20150624193929 2.135628 -11.304223 3.4434607 2.5274549 -3.1606169 -0.5332854 995.35 
20150624193929 -0.7266402 -10.064626 -4.609437 0.9795224 -2.4022276 -1.9486601 995.35 
20150624193929 -1.3054385 -3.7271736 -8.74961 1.4453071 2.4233024 -2.4297166 995.35 
20150624193929 -3.1962593 0.7212533 -5.8999114 2.0595322 6.149275 -2.0234911 995.35 
20150624193929 -2.724003 3.8708255 -4.3239284 2.5341744 6.0887995 -1.3946054 995.35 
20150624193929 -2.8766334 3.4159272 -2.835932 2.5439484 4.011552 -0.87872964 995.35 
20150624193929 -3.3782187 2.7898436 -2.2930467 1.2391402 3.1532865 -0.7470882 995.35 
20150624193929 -3.401562 0.62009823 -1.2330139 0.22235495 2.211332 -0.36926803 995.35 
20150624193929 -1.3377602 -7.483676 3.6703112 -1.1093313 1.8041905 -0.11881329 995.35 
20150624193929 2.4426842 -19.568409 14.739305 -2.532342 1.351234 -0.065973446 995.65 
20150624193929 -3.163339 -19.608511 19.300259 -1.8677205 0.6588182 0.77274454 995.65 
20150624193929 -7.8344264 -13.940838 14.10125 -0.21838433 0.010079277 1.3826935 995.65 
20150624193929 -4.559159 -1.7483658 5.5898623 1.2724323 -0.99082345 0.13775012 995.65 
20150624193929 -3.5996823 -10.511144 1.5221137 1.3524556 1.02717 -0.6365216 995.65 
20150624193929 -0.29149407 -16.21533 1.8728642 1.0403035 2.9743028 -0.2782491 995.65 
20150624193929 0.29747957 -13.928867 -6.3272767 0.7837401 1.4856243 0.26908615 995.65 
20150624193930 -7.4028716 -4.2221746 -6.806117 0.8176431 -0.7620544 0.462425 995.65 
20150624193930 -4.868609 -5.595249 0.0700304 -0.17073683 -2.5488353 0.16646078 995.65 
20150624193930 0.46088383 -9.999383 -7.94037 -0.46303585 -2.053729 0.55955255 995.38 
20150624193930 2.3505075 -11.753735 -8.841787 -1.2901474 -0.8918633 0.569021 995.38 
20150624193930 -0.92296475 -12.117653 -4.9362454 -3.1914654 -1.9886718 1.1734722 995.38 
20150624193930 -2.2254105 -18.163013 -1.2898762 -3.7791178 -4.9018884 1.6951511 995.38 
20150624193930 5.7299232 -17.791912 7.503428 -3.7342193 -5.7054815 2.7339275 995.38 
20150624193930 5.4019175 -8.688558 2.735974 -2.7006352 -5.489235 3.4208453 995.38 
20150624193930 1.0833763 -7.189788 0.5494693 -1.9074267 -3.3551774 0.52412236 995.38 
20150624193930 0.64823014 -4.710592 0.19033903 -2.6230555 2.388483 -0.48808134 995.38 
20150624193930 -2.3678656 -4.742315 -0.79367787 -2.090381 3.8762455 0.0571159 995.38 
20150624193930 -1.9740193 -6.0022635 -1.8171991 -1.7892243 0.32375857 -0.1151481 995.45 
20150624193930 -1.0594343 -6.455965 -5.5126495 -1.777007 -1.2452488 -0.17134771 995.45 
20150624193930 -3.1800983 -8.411429 6.208165 -1.7174476 -1.5928311 0.03481932 995.45 
20150624193930 -1.7100586 -11.298837 11.406575 -2.1255057 -2.1563544 0.28344148 995.45 
20150624193930 3.2866404 -10.964846 -4.6657004 -1.9856175 -2.824641 0.8338311 995.45 
20150624193930 3.5745432 -11.873445 -1.3066356 -0.9569204 0.08307768 1.3109168 995.45 
20150624193930 2.8820202 -13.955802 7.6243353 -1.0100657 0.19303341 0.8533788 995.45 
20150624193930 -0.4938041 -15.816695 3.3542767 -0.97158116 -0.9673051 0.7272351 995.45 
20150624193930 3.9641995 -14.30775 -1.9255368 -0.43768495 0.21655174 0.43401974 995.45 
20150624193930 7.029376 -11.689092 1.4347254 0.2706133 0.28955013 0.2452624 995.4 
20150624193930 5.8963203 -10.887632 1.757344 0.16768251 -0.2321288 -0.5513059 995.4 
20150624193930 -0.8984242 -10.699687 2.4438813 0.8399397 0.16310102 -0.6646214 995.4 
20150624193930 -3.9366663 -14.034212 1.0606314 1.2800682 0.22571471 -0.79381937 995.4 
20150624193930 -3.2555158 -16.798317 -1.6430209 2.439185 0.56077427 -0.93034774 995.4 
20150624193930 -4.039018 -16.56608 -6.363788 3.1132748 0.8573494 -1.0354166 995.4 
20150624193930 -3.9205053 -14.12579 -1.8788497 2.4874432 1.0189233 -0.9651671 995.4 
20150624193930 -3.7391446 -15.2097645 0.34596214 2.196977 1.5592335 -0.76052725 995.4 
20150624193930 -4.120421 -15.446791 -0.7661445 2.9883528 0.5537493 -0.8145888 995.4 
20150624193930 -2.9203274 -13.727754 -2.6982653 3.7204747 -0.01863139 -0.68416905 995.26 
20150624193930 1.7136499 -11.654974 3.5781345 3.794695 -0.66950834 -0.5320636 995.26 
20150624193930 2.160767 -10.333973 1.0031705 2.4150558 -1.9874501 -0.86467975 995.26 
20150624193930 1.4311341 -9.091981 -1.9243397 1.1285735 -1.3888022 -1.774869 995.26 
20150624193930 0.2100912 -6.0800753 -8.294712 1.7916678 2.617252 -2.2351558 995.26 
20150624193930 -1.620276 -1.785476 -6.983288 2.2336287 4.8127017 -2.3331997 995.26 
20150624193930 -3.1028855 1.0241197 -3.9258924 2.4904976 5.900347 -1.9581286 995.26 
20150624193930 -3.2399535 2.4881742 -2.6701334 2.5292876 4.526817 -1.1294898 995.26 
20150624193930 -3.5775359 2.6396074 -1.4748282 1.4495832 3.2198708 -0.464563 995.26 
20150624193930 -3.5284548 0.8643068 -0.80924016 0.41447207 2.59465 -0.20189096 995.44 
20150624193930 -1.2443863 -5.591658 1.7609353 -0.6908886 1.9178114 -0.14844026 995.44 
20150624193930 -1.5628152 -17.244837 8.115746 -2.132225 1.3093897 -0.25167647 995.44 
20150624193930 2.19668 -19.608511 19.482817 -2.944676 0.61178154 0.1282817 995.44 
20150624193930 -0.40162733 -19.475634 18.924967 -1.5164729 0.39614612 0.7666359 995.44 
20150624193930 -4.3185415 -6.7085533 10.163386 2.1502457 0.44684792 0.23457226 995.44 
20150624193930 -4.583101 -3.9246953 0.9271546 1.6811012 0.11728613 -0.8145888 995.44 
20150624193930 -3.7445314 -13.302185 2.0578163 0.675617 2.3558018 -0.52656585 995.44 
20150624193930 -6.8653736 -16.504429 -2.6916811 0.23090707 1.9624046 0.098043874 995.44 
20150624193930 -4.7740383 -8.085219 -8.64666 0.643852 -0.86070913 0.84665924 995.5 
20150624193930 0.2789245 -3.3363202 -6.671443 0.70005155 -1.8973475 0.86529064 995.5 
20150624193930 3.6715083 -9.56304 -6.7588315 -0.3753767 -1.6215417 0.47525316 995.5 
20150624193931 1.1115081 -14.490906 -5.494693 -1.5619824 -0.8436049 -0.2761111 995.5 
20150624193931 -0.97264445 -10.415975 -2.8311436 -2.4569001 -1.861001 0.29352075 995.5 
20150624193931 -0.87448215 -9.753978 -1.4454993 -2.7550023 -3.6920695 1.2147056 995.5 
20150624193931 -3.3967736 -16.73966 0.54527944 -3.0158417 -4.3377542 2.0977113 995.5 
20150624193931 5.3594203 -10.331579 0.9355343 -3.3078353 -4.1129556 2.7571404 995.5 
20150624193931 1.5987282 -7.393295 -3.1830912 -2.5115724 -3.1786373 2.0091357 995.5 
20150624193931 0.5009867 -4.8704047 -0.10354923 -2.1413882 0.071776666 -0.16982053 995.35 
20150624193931 -2.4289176 -3.8402996 0.12509704 -2.579684 2.1426098 -0.6032294 995.35 
20150624193931 -1.5610195 -6.266823 -0.86251116 -2.0635028 1.6856827 -0.0012217305 995.35 
20150624193931 -0.700304 -8.015787 -1.6514006 -1.6948457 -0.19242255 0.18295415 995.35 
20150624193931 -0.9708488 -8.345589 2.4199393 -1.7852536 -1.7406605 0.038179077 995.35 
20150624193931 -1.8722657 -9.478046 7.97748 -1.6988163 -3.042109 0.19394971 995.35 
20150624193931 0.3453636 -11.036672 2.505532 -1.9077321 -3.503312 0.42302418 995.35 
20150624193931 3.7062242 -12.644977 -2.1320367 -1.8274034 -1.1887437 0.9007208 995.35 
20150624193931 4.2969937 -14.3735895 4.618415 -0.81581056 0.95722586 1.0836749 995.35 
20150624193931 2.2212207 -15.398308 6.4685345 -0.76052725 0.25167647 0.67256266 995.5 
20150624193931 4.0659533 -14.631565 -0.2124854 -0.6209445 -0.59895337 0.17806722 995.5 
20150624193931 6.542156 -11.476007 -2.5492263 0.35521814 -0.22021692 -0.03726278 995.5 
20150624193931 4.5340195 -7.7488337 3.0771477 0.56199604 -0.44684792 -0.5222898 995.5 
20150624193931 -3.8307228 -10.374675 1.8189948 0.62949663 -0.030543262 -0.62949663 995.5 
20150624193931 -7.1586633 -14.97633 2.441487 1.7568485 1.0033462 -0.75900006 995.5 
20150624193931 -4.2419267 -16.420034 -2.2050598 2.7989845 0.5882632 -0.72509706 995.5 
20150624193931 -2.1930888 -14.793174 -6.136339 3.3084462 0.02107485 -0.75655663 995.5 
20150624193931 -2.9765913 -16.938976 -2.1278467 2.413834 0.6264423 -1.0305296 995.5 
20150624193931 -2.6868927 -17.22269 -0.5770026 2.0665572 1.1142182 -1.0500773 995.48 
20150624193931 -3.550601 -16.596008 -1.7830818 3.0411925 0.40408736 -0.9279043 995.48 
20150624193931 -2.8449101 -14.651916 0.7080852 4.0259075 -0.79412484 -0.74036866 995.48 
20150624193931 2.493561 -11.974001 3.5733461 4.06317 -2.2724187 -0.4071417 995.48 
20150624193931 3.2650926 -10.716447 2.6868927 1.9071213 -3.186273 -0.90102625 995.48 
20150624193931 1.9351135 -9.546879 -8.062474 1.1957687 0.19364429 -1.8829921 995.48 
20150624193931 -1.127669 -2.9239187 -6.952163 2.20278 5.7176986 -2.1908681 995.48 
20150624193931 -2.777274 -0.15203181 -5.4019175 2.400395 6.6196413 -2.0772474 995.48 
20150624193931 -2.9257145 1.1282675 -3.2585084 2.4767532 5.3169713 -1.5021176 995.48 
20150624193931 -2.8999767 1.7100586 -1.5646108 2.1358902 3.706425 -0.8384125 995.45 
20150624193931 -3.46022 2.8532898 -0.90021986 0.7812967 2.6978865 -0.52656585 995.45 
20150624193931 -3.0478187 1.3742718 0.12749124 0.119729586 1.9291124 -0.25778514 995.45 
20150624193931 -0.33399114 -6.6624646 3.502717 -1.0311406 1.6380352 -0.25045475 995.45 
20150624193931 0.40521863 -19.017742 8.975264 -2.6215281 1.2052372 -0.45204028 995.45 
20150624193931 0.37948096 -19.608511 19.536686 -3.1978796 0.5861252 -0.22357668 995.45 
20150624193931 -4.1198225 -17.046717 18.524538 -1.3164146 0.39278635 0.9850202 995.45 
20150624193931 -6.209362 -3.9641995 9.6528225 1.9120082 -0.7828238 0.47800204 995.45 
20150624193931 -4.9733553 -10.4249525 1.9506758 1.6511687 -0.8335256 -0.82344633 995.45 
20150624193931 -1.1085154 -19.608511 4.276643 0.7470882 2.8845057 -0.28221974 995.58 
20150624193931 1.7890673 -13.054385 -4.654927 0.18478674 2.2919664 0.5885687 995.58 
20150624193931 1.0582372 0.8170213 -12.689269 1.1621711 -0.54550266 0.5516113 995.58 
20150624193931 -5.966949 -1.472434 -6.108207 0.9242391 -2.2104158 -0.37293324 995.58 
20150624193931 -3.5110967 -10.64881 -2.8700492 -1.0494665 -2.643214 -0.43371433 995.58 
20150624193931 0.19093758 -12.95323 -8.48984 -1.1826351 -1.3038919 0.4654793 995.58 
20150624193931 -0.6631939 -11.171345 -4.231153 -2.3252585 -1.6957619 1.6759088 995.58 
20150624193931 0.480636 -16.1453 -1.5544355 -3.075401 -3.583641 2.356718 995.58 
20150624193932 1.3215994 -19.570803 5.60722 -3.4623842 -4.692056 2.9648345 995.58 
20150624193932 4.096479 -10.720038 1.1121067 -3.1312952 -4.874705 2.8680124 995.38 
20150624193932 1.6023195 -7.349601 -3.1040826 -2.1077905 -2.6013696 0.26511553 995.38 
20150624193932 0.6931214 -4.755483 -0.80684596 -2.3127358 1.9715676 -0.3921755 995.38 
20150624193932 -0.97503865 -3.8546648 0.7110779 -2.3970351 2.5955665 -0.15271631 995.38 
20150624193932 -1.7447745 -7.8703394 -0.9684546 -1.6016886 0.8717047 0.20189096 995.38 
20150624193932 -0.64703304 -9.024344 -2.553416 -1.5800029 -1.0870347 0.09468412 995.38 
20150624193932 -0.878672 -9.162011 2.6856956 -1.7858646 -1.7012597 0.13683382 995.38 
20150624193932 -2.6701334 -10.271724 9.877877 -1.7712038 -2.4947736 0.36346483 995.38 
20150624193932 -0.8984242 -11.066 0.79607207 -1.9190332 -2.9205468 0.42058071 995.38 
20150624193932 3.6649241 -11.762115 -1.9363106 -1.6172657 -0.8197812 0.8750645 995.46 
20150624193932 4.8662148 -13.080721 4.83928 -0.9789116 0.99204516 1.0396926 995.46 
20150624193932 2.35769 -15.258247 5.792771 -0.5448918 -0.13836098 0.43279803 995.46 
20150624193932 4.378995 -15.300146 -0.7793127 -0.89552844 -1.0659598 0.032375857 995.46 
20150624193932 6.479907 -11.671135 0.58119243 0.112399206 -0.06383542 -0.03848451 995.46 
20150624193932 8.665813 -10.746973 0.046088383 0.42241332 -0.5497787 -0.5644395 995.46 
20150624193932 -1.8423382 -11.138425 3.3871968 0.8906415 -0.410196 -0.8555168 995.46 
20150624193932 -9.359533 -15.175648 6.1746464 1.632232 1.1459832 -1.0986412 995.46 
20150624193932 -7.909844 -15.017032 -1.9111716 3.0042353 0.71868294 -1.0375546 995.46 
20150624193932 -3.0789435 -13.062166 -5.9465985 3.7314703 0.37843102 -0.6282749 995.46 
20150624193932 -3.2716765 -15.348629 -3.4261026 2.7122416 1.0986412 -0.6209445 995.46 
20150624193932 -2.327164 -17.59798 -0.27234045 1.9052887 1.3567317 -0.9578367 995.46 
20150624193932 -1.7351977 -15.266627 -3.4751837 2.828917 1.1756102 -0.8903361 995.46 
20150624193932 2.4702177 -15.300744 -0.11911154 4.1523566 -0.5342017 -0.7180721 995.46 
20150624193932 3.2603042 -13.144766 6.747459 3.2919528 -2.8686233 -0.8374963 995.46 
20150624193932 2.8981812 -10.642226 -2.1068976 1.9501873 -2.7852402 -1.7101172 995.46 
20150624193932 0.8882488 -7.0712748 -6.2123547 2.4862216 2.2339342 -2.0931299 995.46 
20150624193932 -1.3341689 -3.0651767 -6.214749 2.0124955 5.0060406 -2.0891593 995.46 
20150624193932 -2.9885623 -0.97503865 -6.2434793 1.9281962 5.456859 -1.779145 995.56 
20150624193932 -3.6092591 0.57041854 -3.2483332 2.1526892 4.627304 -1.2687671 995.56 
20150624193932 -2.9999347 1.7166426 -1.0791864 1.6013832 3.6816847 -0.958753 995.56 
20150624193932 -4.136582 1.1013328 -0.86729956 0.34697145 2.5378397 -0.67347896 995.56 
20150624193932 -3.9995139 -1.9572599 0.2908955 -0.22327125 1.9043725 -0.5012149 995.56 
20150624193932 -1.2300211 -12.882002 6.589442 -1.4782939 1.5338826 -0.34238997 995.56 
20150624193932 4.502895 -19.608511 16.2686 -2.7320948 0.66981375 -0.12186762 995.56 
20150624193932 -0.997185 -19.608511 19.608511 -2.4984388 -0.25625798 0.39522982 995.56 
20150624193932 -4.3580456 -10.87207 14.796765 0.096516706 -0.27275133 0.95814216 995.56 
20150624193932 -4.271256 -4.723161 1.3305776 1.7369953 -0.8903361 0.07086037 995.52 
20150624193932 0.090381116 -13.699622 2.4426842 0.9578367 1.640784 -0.45051312 995.52 
20150624193932 -1.7196354 -16.203358 -6.233304 0.3399465 2.5497515 -0.0729984 995.52 
20150624193932 -2.6084828 -7.3112936 -9.725247 0.35796702 0.27580565 0.39095375 995.52 
20150624193932 -4.247314 -2.3720553 -9.391256 0.44868052 -1.9636264 0.41263947 995.52 
20150624193932 -1.602918 -9.784504 0.26276365 -0.47036624 -3.2302554 0.084910266 995.52 
20150624193932 0.8595184 -14.73272 -7.9188223 -1.3054191 -2.0442605 0.093462385 995.52 
20150624193932 -1.5197195 -10.338761 -5.4504004 -2.1077905 -1.4972308 0.8011498 995.52 
20150624193932 -2.5252843 -9.835381 -2.534861 -3.4944546 -2.2366831 1.9419407 995.52 
20150624193932 -2.9041667 -17.823635 1.8986019 -3.6410623 -4.0979896 2.7046058 995.12 
20150624193932 4.6363716 -13.733141 5.79337 -3.3166928 -4.6734247 3.5191946 995.12 
20150624193932 5.4527946 -6.161478 -2.4037786 -2.0308216 -4.471228 2.1933117 995.12 
20150624193933 3.642778 -5.2037973 -2.8886044 -1.8799378 -0.94989544 -0.15241088 995.12 
20150624193933 1.5921441 -4.277241 -3.2944214 -2.6804767 2.9407053 -0.7828238 995.12 
20150624193933 1.2360066 -5.000889 -0.23044191 -2.3051 2.860682 -0.36102137 995.12 
20150624193933 0.5398925 -7.095815 -0.04309563 -1.8805487 -0.81336707 0.015882496 995.12 
20150624193933 -2.7724855 -10.162787 7.275979 -1.6536123 -3.6151006 -0.038179077 995.12 
20150624193933 -8.43178 -14.468161 12.023083 -1.9123137 -3.833485 -0.0125227375 995.12 
20150624193933 1.7735049 -10.441113 -6.487688 -1.8698585 -2.2660046 0.68752885 995.53 
20150624193933 4.0599675 -15.436615 5.6766524 -0.35277468 0.44104472 1.3698653 995.53 
20150624193933 2.5258827 -14.781801 5.2678423 -0.5910121 -1.3411547 0.8875872 995.53 
20150624193933 3.9133227 -14.289194 0.28191724 -1.2867876 -1.0943651 0.67011917 995.53 
20150624193933 6.7749925 -12.418724 1.6262615 0.25381452 0.22418754 0.18295415 995.53 
20150624193933 7.9068513 -10.448297 -1.7070658 0.40744713 -0.6789767 -0.23762658 995.53 
20150624193933 1.5179238 -8.963891 2.2290018 0.9184359 -0.12950343 -0.6356053 995.53 
20150624193933 -6.077681 -15.719131 4.549582 1.4388931 0.5842926 -1.0118983 995.53 
20150624193933 -7.0928226 -16.82645 1.2228385 2.8405235 1.0167851 -1.2571607 995.53 
20150624193933 -2.5821466 -12.852674 -4.656722 3.4865134 0.40561453 -0.9398162 995.42 
20150624193933 -5.1726727 -16.581043 -4.5046906 3.0057623 0.25717425 -0.61850107 995.42 
20150624193933 -3.788824 -17.046717 -1.501763 2.0717494 1.7931949 -0.8313876 995.42 
20150624193933 -2.6372132 -14.285005 -3.228581 2.8426614 2.0885482 -0.51007247 995.42 
20150624193933 -1.2150574 -14.256872 -1.4203602 3.8637226 0.029932396 -0.5882632 995.42 
20150624193933 2.2182279 -12.854469 4.1539397 3.9962804 -1.6401732 -0.700357 995.42 
20150624193933 2.9191303 -11.133038 3.0639796 2.1838431 -3.5845573 -1.1991285 995.42 
20150624193933 1.2593501 -9.4217825 -2.1140802 1.1432343 -0.91354895 -1.7870862 995.42 
20150624193933 0.32561144 -5.446809 -7.3831196 1.7602082 2.9006937 -2.2742512 995.42 
20150624193933 -3.2255883 -0.8230068 -7.328053 2.191479 4.8499646 -2.282498 995.45 
20150624193933 -4.0078936 3.2429461 -6.425439 2.3906212 5.062851 -1.7391334 995.45 
20150624193933 -2.665345 1.4101849 -3.70802 2.327702 4.286747 -1.1151345 995.45 
20150624193933 -2.7551277 1.2042835 -2.03148 1.0732902 3.6053267 -0.7263188 995.45 
20150624193933 -4.2634745 0.66498953 -1.5346833 0.11026118 2.406809 -0.37934732 995.45 
20150624193933 -3.0903158 -3.180697 1.8872294 -0.5320636 1.6719382 -0.16554448 995.45 
20150624193933 -1.6795325 -16.9707 15.526398 -1.9074267 1.348485 -0.008552114 995.45 
20150624193933 1.7375919 -19.608511 19.047071 -2.4966063 0.46211955 0.3118467 995.45 
20150624193933 -6.6846113 -11.1893015 15.361198 -0.80970186 -0.008246681 0.93737274 995.45 
20150624193933 -6.513426 -6.7318964 2.0045455 0.66889745 0.1777618 0.60048056 995.63 
20150624193933 -5.8424506 -19.54327 0.7751228 1.4150693 0.6081163 -0.32070425 995.63 
20150624193933 2.235586 -17.06647 -4.6884456 0.8561276 2.5332582 0.3173445 995.63 
20150624193933 0.47644615 0.11552023 -12.433089 0.7134906 -0.14721853 0.97127575 995.63 
20150624193933 -6.27221 2.1601684 -4.5938745 0.9279043 -2.2904391 0.14782938 995.63 
20150624193933 -4.011485 -5.046977 -4.455011 -1.2544118 -3.8056905 -0.6017023 995.63 
20150624193933 -2.3110032 -16.243462 -13.769652 -1.8325957 -2.0818288 0.22235495 995.63 
20150624193933 -0.19752164 -13.566145 -7.5962033 -2.5124888 -1.7922786 1.2907583 995.63 
20150624193933 -1.4652514 -18.88666 1.7375919 -4.2797217 -3.0088167 3.1230485 995.63 
20150624193933 6.967127 -17.718887 7.451953 -4.131587 -5.392413 4.0665298 995.17 
20150624193933 7.129933 -8.25401 2.319383 -1.5097535 -5.8685822 3.0891457 995.17 
20150624193933 5.3498435 -8.318654 1.2880806 -1.2620476 -2.0039434 0.6221663 995.17 
20150624193933 3.3213563 -4.805163 -1.1917139 -2.820365 2.7192667 -0.098043874 995.17 
20150624193933 -0.5021838 -3.4823663 -2.9520507 -1.9147571 1.452943 -0.52320606 995.17 
20150624193933 -0.43035775 -4.2119994 -2.1643584 -1.7837266 -0.8206975 -0.6218608 995.17 
20150624193933 -0.87567925 -6.59423 -1.536479 -1.6853772 -0.6789767 -0.07941248 995.17 
20150624193933 -4.485537 -11.671733 6.5936313 -1.6551393 -1.2864822 0.025961773 995.17 
20150624193933 -9.130288 -13.761272 11.395203 -2.173764 -2.0595322 -0.058337633 995.17 
20150624193934 1.567005 -10.906187 -6.344036 -2.1584923 -1.5244142 0.5296202 995.44 
20150624193934 5.3366756 -13.393763 2.3852234 -0.47555858 0.18417588 1.4932601 995.44 
20150624193934 5.0439844 -13.902531 6.190807 -0.86834496 -0.108123146 0.88025683 995.44 
20150624193934 4.004901 -14.016854 2.1811178 -0.7272351 -0.5299256 0.37507126 995.44 
20150624193934 6.3182983 -12.41633 -0.42916065 0.21288654 -0.41263947 -0.042760566 995.44 
20150624193934 7.1826053 -8.024766 -2.1254525 0.5717699 -0.8775079 -0.5491679 995.44 
20150624193934 -6.211158 -15.178041 5.966949 1.1023064 -3.0543262E-4 -0.6954701 995.44 
20150624193934 -6.021417 -17.779343 0.093373865 1.9401081 0.4373795 -0.9053023 995.44 
20150624193934 -4.697424 -15.690999 -6.435614 3.239724 0.27305678 -0.8961393 995.44 
20150624193934 -5.719748 -14.941015 -2.15957 2.8319712 0.13041973 -1.0742066 995.45 
20150624193934 -3.9803603 -14.908095 0.0724246 2.0607538 0.90194255 -0.91232723 995.45 
20150624193934 -2.2720973 -13.889961 -0.9995792 2.5589144 1.3118331 -0.64965516 995.45 
20150624193934 -3.9348705 -14.706384 -2.594716 3.641673 0.7144069 -0.70371675 995.45 
20150624193934 0.21667525 -14.760254 -1.4784195 4.022242 -0.45173484 -0.93431836 995.45 
20150624193934 2.544438 -12.391191 4.420295 3.4352007 -1.8240436 -0.72418076 995.45 
20150624193934 2.1398177 -11.683704 2.4570496 1.0629056 -2.8032606 -1.2751812 995.45 
20150624193934 -0.092176765 -9.553463 -7.702147 0.90041536 -0.06994407 -2.0986276 995.45 
20150624193934 -2.2888567 -2.7934349 -7.093421 1.733941 3.490484 -2.392759 995.45 
20150624193934 -3.727772 0.7906851 -4.947019 2.1331415 6.1764584 -2.11451 995.62 
20150624193934 -4.0653543 3.9444473 -2.7353754 2.574186 5.062546 -1.29198 995.62 
20150624193934 -2.271499 4.150947 -1.5490485 1.700038 3.6389244 -0.8597928 995.62 
20150624193934 -2.782661 2.7419596 -1.0235212 0.30818152 3.089451 -0.47891834 995.62 
20150624193934 -2.5258827 -0.10354923 0.9223662 -0.3726278 2.0888536 -0.21624629 995.62 
20150624193934 -1.0450691 -10.552444 6.8958993 -1.6869044 1.412015 -0.14294247 995.62 
20150624193934 1.7046716 -19.608511 18.216284 -3.0017917 1.0247264 -0.057421334 995.62 
20150624193934 -0.78050977 -19.608511 18.471865 -2.4153612 0.9660834 0.66950834 995.62 
20150624193934 -4.6459484 -11.008539 13.396157 1.5183055 0.86162543 0.895223 995.62 
20150624193934 -3.7666779 -1.4520833 -0.0724246 2.43216 -0.36468655 -0.7770206 995.55 
20150624193934 -2.236783 -10.452486 1.1504139 1.0100657 2.0512855 -0.7507534 995.55 
20150624193934 -5.7766104 -18.890251 -1.4221559 0.3744604 1.4556919 -0.04520403 995.55 
20150624193934 -6.060323 -8.952518 -9.595362 0.42180246 -1.1099422 0.73761976 995.55 
20150624193934 1.103727 -6.2075663 -4.777031 0.5381723 -2.1832323 0.795652 995.55 
20150624193934 1.5059528 -12.764088 -5.677251 -0.24709499 -1.74738 0.34483343 995.55 
20150624193934 -0.76315176 -12.683284 -5.617396 -1.473407 -0.50915617 -0.22204952 995.55 
20150624193934 -0.45549688 -8.76637 -3.1585505 -2.3753495 -1.412015 0.74220127 995.55 
20150624193934 -2.9514523 -13.676877 -2.3630772 -3.1557298 -3.875329 2.1801782 995.55 
20150624193934 2.2242134 -19.467255 3.630807 -3.6001344 -4.7687197 2.617863 995.37 
20150624193934 2.778471 -11.057621 -0.37708676 -3.327383 -4.1712933 3.4208453 995.37 
20150624193934 1.6023195 -7.7254906 -1.5520413 -1.8457294 -2.9437597 0.806953 995.37 
20150624193934 0.45669398 -4.042011 0.40282443 -2.5158484 0.8863655 -0.57726765 995.37 
20150624193934 -0.41838676 -4.4687777 -1.1001357 -3.0653217 3.0934217 -0.41263947 995.37 
20150624193934 -0.19033903 -5.489306 -3.4440591 -2.2067506 2.5271494 0.258396 995.37 
20150624193934 -1.1204864 -7.216124 -1.42455 -1.9055941 -1.0876455 0.079107046 995.37 
20150624193934 -3.788824 -8.154053 10.364499 -1.9010127 -2.8264735 -0.025961773 995.37 
20150624193934 -1.311424 -9.539697 9.401431 -2.3301454 -3.8481457 0.09621128 995.37 
20150624193934 4.9745526 -11.31799 -6.5307837 -1.5234979 -3.331659 0.83291477 995.51 
20150624193934 5.377377 -12.561778 -0.81163436 -0.600786 0.32559118 1.185384 995.51 
20150624193934 5.048773 -14.115615 6.3099184 -0.9822713 0.09865474 0.6588182 995.51 
20150624193934 -0.30406362 -14.730925 4.2251673 -1.0192287 -0.47800204 0.3894266 995.51 
20150624193935 3.1884782 -13.396755 -2.4366987 -0.2855795 -0.03848451 -0.04886922 995.51 
20150624193935 5.663484 -10.739192 1.8303672 0.5665775 -0.5039638 -0.22937989 995.51 
20150624193935 2.099715 -9.100959 0.4914099 0.41172317 -0.52473325 -0.72234815 995.51 
20150624193935 -4.4514194 -11.522096 5.5006785 1.2767084 0.4370741 -0.72143185 995.51 
20150624193935 -4.148553 -16.957533 0.2088941 2.4749205 0.28771752 -1.0103711 995.51 
20150624193935 -3.0663738 -18.033726 -6.451775 3.2363641 0.49541172 -1.0546589 995.48 
20150624193935 -4.2916064 -16.36317 -4.233547 2.8823676 0.88697636 -1.0390818 995.48 
20150624193935 -3.7493198 -15.868171 -1.049259 1.9092593 1.2599095 -0.63407815 995.48 
20150624193935 -2.3942018 -13.826515 -1.4107834 2.368019 1.1242975 -0.52564955 995.48 
20150624193935 -3.180697 -13.643358 -1.8848352 3.3279939 0.29535335 -0.6973027 995.48 
20150624193935 -0.86011696 -14.326903 1.2108675 4.0656137 -0.8216137 -0.8588765 995.48 
20150624193935 2.7641058 -10.849325 4.3807907 3.4895678 -2.2800546 -0.6270532 995.48 
20150624193935 2.271499 -9.873089 -0.34356794 1.6493362 -2.7259862 -0.90041536 995.48 
20150624193935 0.3417723 -7.9541364 -6.5786676 1.0097603 0.60231316 -1.6667458 995.48 
20150624193935 -1.2515689 -2.9765913 -9.122507 1.7828102 4.984966 -2.0821342 995.42 
20150624193935 -2.8993783 0.0724246 -5.2702365 2.2785273 6.189592 -1.9291124 995.42 
20150624193935 -3.74513 1.7447745 -3.0657754 2.4104743 4.627915 -1.59558 995.42 
20150624193935 -3.1759086 2.5019407 -1.5759833 2.2339342 3.1151073 -0.9914343 995.42 
20150624193935 -4.6136265 2.0632033 -0.91578215 0.8894198 2.4895813 -0.49388456 995.42 
20150624193935 -3.0933087 -0.96187055 0.007182605 -0.07574729 1.9089539 -0.32650748 995.42 
20150624193935 -0.82779527 -10.216059 4.6950297 -1.3939945 1.3991868 -0.119729586 995.42 
20150624193935 1.6663644 -19.608511 15.449185 -2.6725354 0.79473567 -0.13775012 995.42 
20150624193935 1.3461399 -19.608511 18.27973 -1.8454239 0.47036624 0.58459806 995.42 
20150624193935 -4.020463 -12.130821 16.482882 0.5858198 0.29626966 0.86467975 995.58 
20150624193935 -4.321534 -2.1936872 3.4500446 1.6823229 -0.3903429 -0.27947086 995.58 
20150624193935 -3.6888664 -9.874287 1.4688427 0.8347474 0.6017023 -0.634689 995.58 
20150624193935 -2.7252002 -18.470667 1.536479 0.22632557 2.6734517 0.10170906 995.58 
20150624193935 -1.0019734 -14.356232 -4.941034 0.13988814 -0.32742378 0.61086524 995.58 
20150624193935 -1.8195933 -1.5987282 -10.065823 1.0607675 -1.6820174 0.7703011 995.58 
20150624193935 -1.7531542 -4.325125 -3.5410242 0.015882496 -2.7036896 0.005192355 995.58 
20150624193935 -0.2633622 -13.354857 -4.900931 -1.061073 -1.2922854 -0.15363261 995.58 
20150624193935 -0.91578215 -11.979987 -5.6580973 -1.6850718 -0.732122 0.09560041 995.58 
20150624193935 -1.6460136 -8.585608 -3.1364043 -2.4437664 -1.8075503 1.3286319 995.34 
20150624193935 -3.364452 -16.808493 0.748188 -2.8625145 -4.0543127 2.2201898 995.34 
20150624193935 3.875614 -17.35078 5.205593 -3.288593 -4.905859 2.7382035 995.34 
20150624193935 2.9346926 -8.486248 -2.4498668 -3.130379 -4.5020766 2.886949 995.34 
20150624193935 2.1493945 -6.199187 -2.598906 -1.998751 -2.352442 0.33475417 995.34 
20150624193935 0.3274071 -3.9414546 -1.1695676 -2.2626448 1.9651535 -0.6059783 995.34 
20150624193935 -0.57879823 -4.775235 -2.2822728 -2.42147 2.883895 -0.47311515 995.34 
20150624193935 -0.19931729 -6.4541693 -2.0757728 -1.8765781 1.4544702 0.19883664 995.34 
20150624193935 -1.009156 -8.452729 0.6039374 -1.7605137 -1.3170254 0.20219639 995.34 
20150624193935 -3.3865983 -10.275315 8.120534 -1.6649132 -3.1841352 0.16737708 995.46 
20150624193935 -0.81163436 -10.061034 7.4776907 -2.0665572 -3.880827 0.22693644 995.46 
20150624193935 3.4500446 -11.455657 -4.2634745 -1.8057177 -2.5360072 0.87781334 995.46 
20150624193935 5.0254292 -13.2985935 0.17896658 -0.55771995 0.54183745 1.105666 995.46 
20150624193935 3.86903 -13.420099 4.6483426 -0.571159 -0.22510384 0.73639804 995.46 
20150624193935 0.17298107 -14.36102 4.2221746 -1.1252137 -0.82344633 0.49510628 995.46 
20150624193935 3.1112652 -14.082096 -2.5719712 -0.4804455 -0.062308256 0.0070249503 995.46 
20150624193935 5.707178 -10.852917 -0.09935937 0.45845437 -0.344528 -0.09896017 995.46 
20150624193935 4.2796354 -9.640852 1.8746599 0.099265605 -0.86742866 -0.39522982 995.46 
20150624193936 -1.8632874 -11.300034 0.39683893 0.5558874 -0.27458394 -0.59589905 995.46 
20150624193936 -8.033744 -15.636531 4.367024 1.6166549 0.84391034 -1.1679744 995.46 
20150624193936 -6.126762 -15.202582 -0.4345476 2.7070494 0.10170906 -1.0134255 995.46 
20150624193936 -2.9221232 -14.030621 -2.837129 3.4984252 -0.019547688 -0.69058317 995.46 
20150624193936 -2.2457612 -14.995483 -5.0942626 2.7898216 0.45142943 -0.66431594 995.46 
20150624193936 -2.1458032 -17.752407 -1.122282 2.1090124 1.1160508 -0.73761976 995.46 
20150624193936 -1.5286977 -15.110406 -1.2880806 2.4242187 1.3087788 -0.70341134 995.46 
20150624193936 -0.676362 -13.458406 -1.3676877 3.7885861 -0.23671028 -0.71929383 995.46 
20150624193936 3.1920695 -11.160571 4.7961845 3.936721 -2.2104158 -0.6762278 995.46 
20150624193936 2.433706 -9.817424 0.41718966 2.2770002 -3.2821789 -1.106277 995.43 
20150624193936 1.1438298 -7.997831 -5.5365915 1.2205088 -0.40622538 -1.7852536 995.43 
20150624193936 -0.5033809 -3.8061821 -8.172607 1.8869628 4.5503354 -1.956296 995.43 
20150624193936 -2.1655555 -0.4369418 -6.2662244 2.1978931 6.003889 -1.7067575 995.43 
20150624193936 -2.9891608 0.5518635 -3.7816415 2.2467623 4.9483137 -1.3478742 995.43 
20150624193936 -2.5995045 0.023343466 -1.501763 2.363743 3.7137554 -0.82711154 995.43 
20150624193936 -3.3662477 0.6386533 -0.66858083 1.2864822 2.6929994 -0.63132924 995.43 
20150624193936 -4.1024647 -0.22685061 0.55006784 0.39278635 1.9834795 -0.4578435 995.43 
20150624193936 -1.87047 -4.8626237 2.920926 -0.68752885 1.5589281 -0.3304781 995.43 
20150624193936 0.44831428 -15.552734 9.944916 -1.9071213 1.131017 -0.2742785 995.73 
20150624193936 3.1142578 -19.608511 16.225506 -2.3845124 0.6026186 -0.09132435 995.73 
20150624193936 -1.2785037 -19.504364 19.608511 -1.6389514 0.23335053 0.42546764 995.73 
20150624193936 -3.9306808 -8.372523 10.603919 0.4175264 -0.13500121 0.8035932 995.73 
20150624193936 -4.015076 -8.563461 0.29328972 1.5592335 -0.31123585 -0.29657507 995.73 
20150624193936 -3.852869 -19.17576 4.795586 0.91446525 2.7430904 -0.43310347 995.73 
20150624193936 -2.3678656 -16.07048 -2.3546975 0.25045475 1.4672983 0.119729586 995.73 
20150624193936 -1.3856442 -1.738789 -11.019313 0.9599747 -0.7464773 0.7324274 995.73 
20150624193936 -6.1728506 1.6154876 -5.2516813 1.0024298 -1.9117028 0.15943582 995.73 
20150624193936 -4.9823337 -5.6323595 -1.910573 -0.42913285 -2.8160887 0.007941248 995.59 
20150624193936 1.8118122 -14.048577 -13.9994955 -1.0763446 -1.4446963 0.7049385 995.59 
20150624193936 -0.31304187 -13.168109 -7.743447 -2.6300802 -1.0494665 1.6441438 995.59 
20150624193936 -0.7062895 -13.996503 -3.980959 -3.9660425 -3.3713653 2.59465 995.59 
20150624193936 0.81522566 -19.608511 5.7203465 -3.7513235 -5.454721 3.4440582 995.59 
20150624193936 7.752425 -12.509106 6.805518 -2.7824912 -6.015801 3.8976257 995.59 
20150624193936 3.0250738 -9.093777 -0.87089086 -2.2018638 -4.5561385 0.6759224 995.59 
20150624193936 1.8489223 -5.3701944 -2.2361844 -2.3961189 2.4593434 -0.47158796 995.59 
20150624193936 0.40043023 -3.6924577 -4.055179 -1.8170186 3.7766743 -0.10445796 995.59 
20150624193936 -0.7954735 -5.1906295 -3.632004 -1.7644843 0.627664 -0.15424347 995.48 
20150624193936 -1.5514427 -6.9677253 -1.4119805 -2.0766363 -0.53878313 -0.29077184 995.48 
20150624193936 -5.946 -10.144233 8.680179 -1.9895881 -1.4795157 -0.27305678 995.48 
20150624193936 -5.079299 -10.609306 11.369465 -2.0949624 -2.7360654 -0.14752395 995.48 
20150624193936 3.328539 -10.173561 -5.685032 -2.0289888 -2.9565878 0.7272351 995.48 
20150624193936 3.9013517 -11.829751 -2.3774424 -0.86620694 0.42455134 1.5118915 995.48 
20150624193936 4.0533834 -12.856264 5.8041434 -0.95814216 0.22999077 0.8524625 995.48 
20150624193936 -0.20709845 -14.313735 3.989937 -0.73792523 -0.8164214 0.6988298 995.48 
20150624193936 2.0033484 -14.498089 -0.48123455 -0.69913524 -0.14966199 0.2489276 995.48 
20150624193936 5.171476 -12.361263 -0.39683893 0.14355333 0.6450737 0.08246681 995.4 
20150624193936 8.695142 -10.068815 1.5424645 0.27000242 -0.50762904 -0.43127087 995.4 
20150624193936 3.726575 -9.313444 -1.9482816 0.6918049 -0.32345316 -0.73456544 995.4 
20150624193936 -4.8045645 -14.930242 4.574721 1.3161092 0.38240165 -1.112691 995.4 
20150624193936 -6.4906807 -16.811485 2.1242554 2.025629 0.70432764 -1.4132367 995.4 
20150624193936 -5.927445 -15.103822 -3.2549171 3.225674 0.5332854 -1.1679744 995.4 
20150624193937 -4.4837413 -14.2460985 -4.2419267 3.1425962 0.81183994 -0.7476991 995.4 
20150624193937 -4.6926355 -16.591818 -1.6334441 2.5042422 1.5717562 -0.5766568 995.4 
20150624193937 -2.7730842 -15.048755 -1.7663223 2.2742512 1.8771889 -0.49541172 995.4 
20150624193937 -2.4061728 -12.969391 -3.3452983 3.465744 1.4627168 -0.4465425 995.31 
20150624193937 0.30945057 -15.051149 -1.4820108 4.079969 -0.39584067 -0.6044512 995.31 
20150624193937 1.9991584 -12.396578 5.3420625 3.1102204 -2.489276 -0.79168135 995.31 
20150624193937 1.6753427 -10.219051 -0.27952304 1.7800614 -2.339003 -1.5879441 995.31 
20150624193937 0.45070848 -6.4541693 -8.145673 2.3564126 2.3124304 -2.137723 995.31 
20150624193937 -2.3427265 -0.18076223 -6.8522053 2.5534167 4.9571714 -1.958434 995.31 
20150624193937 -3.0334535 1.055843 -5.6203885 2.4712553 4.618141 -1.7666223 995.31 
20150624193937 -3.1824925 0.46327803 -1.8938135 2.463314 3.9015963 -1.1801916 995.31 
20150624193937 -3.0119057 1.0648212 -0.8948329 1.3423764 3.2073479 -0.8228355 995.31 
20150624193937 -3.5236664 0.22146365 0.2088941 0.4251622 1.9404135 -0.56138515 995.48 
20150624193937 -1.9841946 -3.6445735 3.606865 -0.49266282 1.5012014 -0.3472769 995.48 
20150624193937 1.7591397 -17.652449 14.18325 -1.8429805 1.1505647 -0.25411993 995.48 
20150624193937 0.054468088 -19.608511 19.546263 -2.6080892 0.40775254 -0.0033597588 995.48 
20150624193937 -4.855441 -17.580025 18.225262 -1.5903877 -0.32803464 0.42577308 995.48 
20150624193937 -4.177882 -4.35625 6.6630635 0.5027421 -0.36865717 0.80909103 995.48 
20150624193937 -1.9207484 -9.662399 1.8219875 1.5833627 0.68936145 -0.08857546 995.48 
20150624193937 -3.8989575 -19.189528 -0.48841715 0.97005403 2.6282477 -0.16768251 995.48 
20150624193937 -1.0360907 -14.039598 -6.3177 0.26175576 1.2672399 0.24648413 995.48 
20150624193937 -2.1679497 -2.0512323 -10.301053 0.3115413 -1.1688906 0.52442783 995.54 
20150624193937 -4.256292 -4.419098 1.7399861 -0.41050145 -2.8286116 0.054061573 995.54 
20150624193937 -1.0684125 -9.358934 -5.849633 -1.2586879 -2.930015 0.0030543262 995.54 
20150624193937 -0.29987377 -11.434708 -8.944737 -1.3332134 -1.783421 0.3707952 995.54 
20150624193937 -1.614889 -10.028113 -5.6030307 -3.0121765 -1.4107933 1.488984 995.54 
20150624193937 -2.665345 -14.236522 -0.41599256 -3.7815614 -3.6337318 2.5595255 995.54 
20150624193937 2.4145525 -19.195513 6.505046 -3.5585954 -5.4315085 3.3414328 995.54 
20150624193937 5.2504845 -9.051279 1.2659341 -2.0152445 -5.698762 3.114802 995.54 
20150624193937 4.268263 -5.79337 -1.9644425 -1.8359555 -3.0225613 0.3491095 995.54 
20150624193937 2.6001031 -4.26946 -0.076614454 -3.082426 2.9733865 -0.41722095 995.35 
20150624193937 0.50876784 -4.8440685 -1.2413936 -2.4804184 4.1254783 -0.2003638 995.35 
20150624193937 -0.26635495 -6.6283474 -2.1655555 -1.6945401 -0.37293324 -0.041233405 995.35 
20150624193937 -1.1563994 -8.734048 0.6386533 -1.7024814 -1.9691241 -0.044898596 995.35 
20150624193937 -7.514202 -12.050017 14.477737 -1.6398678 -2.6309967 0.12339478 995.35 
20150624193937 -2.5629928 -11.790246 -0.700304 -2.4013114 -3.1832187 0.082161374 995.35 
20150624193937 6.9527617 -13.27944 -4.7506948 -1.813659 -1.8454239 1.0412198 995.35 
20150624193937 7.81228 -15.7747965 6.3182983 -0.6282749 0.9416488 1.4034629 995.35 
20150624193937 4.5112743 -14.569316 4.8781857 -0.8546005 -0.65209866 0.453262 995.35 
20150624193937 3.9270895 -13.940838 -1.8231846 -0.6945538 -0.8762862 0.39767328 995.61 
20150624193937 4.9494133 -10.12448 1.0540473 0.34238997 -0.02107485 -0.12064589 995.61 
20150624193937 3.903746 -7.6123643 -1.5412674 0.36682457 -0.48747048 -0.5271767 995.61 
20150624193937 -5.4144874 -12.107478 8.290522 1.1432343 0.04886922 -0.77091193 995.61 
20150624193937 -7.6201453 -18.168999 3.127426 1.921782 0.16371189 -1.1985176 995.61 
20150624193937 -2.7659016 -17.964893 -7.441179 3.5042286 -0.10415252 -0.91507614 995.61 
20150624193937 -4.0138793 -15.882536 -6.5044475 3.1483996 0.22113322 -0.9193522 995.61 
20150624193937 -2.8886044 -16.382923 -1.1061212 1.8512272 0.7128797 -0.80756384 995.61 
20150624193937 -2.3409307 -15.502456 -1.0193313 2.2262983 1.4749341 -0.6722572 995.61 
20150624193937 -3.5404258 -14.320319 -1.2384008 3.4397821 0.6224717 -0.9398162 995.39 
20150624193937 -2.184709 -15.331869 0.28431144 4.3114867 -0.7281514 -1.1093313 995.39 
20150624193938 2.822764 -10.772112 2.2092497 3.6257906 -2.2299635 -0.8323039 995.39 
20150624193938 2.4199393 -9.500791 0.54288524 1.3814718 -1.951409 -1.2822062 995.39 
20150624193938 -0.3321955 -7.905654 -2.184709 1.3610078 2.13925 -1.8591684 995.39 
20150624193938 -2.3319526 -3.7056258 -9.041104 1.6740762 3.3869424 -2.3640485 995.39 
20150624193938 -2.345719 2.2307975 -6.5936313 2.2721133 5.373476 -2.080607 995.39 
20150624193938 -2.0841527 2.5210943 -5.5222263 2.649017 5.566815 -1.4373659 995.39 
20150624193938 -2.8933928 1.4490906 -1.8752584 2.2110267 4.3429465 -0.97585726 995.39 
20150624193938 -3.7223852 2.1906946 -2.2906525 0.83108217 3.196047 -0.5500842 995.53 
20150624193938 -1.6370354 0.15442601 1.5011644 -0.17287487 2.0100522 -0.112399206 995.53 
20150624193938 -1.7411832 -15.920244 7.2843585 -1.3115277 1.5671748 0.010079277 995.53 
20150624193938 1.6418238 -19.608511 19.594746 -2.8417451 0.88117313 0.003970624 995.53 
20150624193938 -0.60932434 -19.414581 19.608511 -2.3197608 0.17012598 0.7305948 995.53 
20150624193938 -3.693056 -5.1463366 9.734824 1.4358387 -0.4841107 0.6041457 995.53 
20150624193938 -4.514866 -6.375759 -0.4261679 2.107485 0.027183503 -0.54183745 995.53 
20150624193938 -3.8714242 -18.805258 2.1571758 1.1823297 2.5393667 -0.408058 995.53 
20150624193938 -1.9955671 -14.8033495 -7.7087307 0.462425 1.7168368 0.44318274 995.53 
20150624193938 -5.7616463 -1.1528081 -8.647258 0.83260936 -1.5696182 0.8417723 995.48 
20150624193938 -4.0252514 -2.7808652 -5.08708 0.6731735 -2.1401663 0.28405234 995.48 
20150624193938 0.32920274 -12.400169 -7.2843585 -1.0421361 -2.7043004 0.35369098 995.48 
20150624193938 1.733402 -15.026608 -6.169259 -1.8500054 -1.073901 0.5907067 995.48 
20150624193938 0.5398925 -9.074623 -3.2549171 -2.6355782 -2.2537873 1.1585059 995.48 
20150624193938 -0.8062474 -12.042834 -1.0163386 -3.1129694 -3.9257255 1.9318613 995.48 
20150624193938 -0.56802434 -19.457079 2.949058 -3.4581082 -5.050023 2.3671029 995.48 
20150624193938 8.131308 -12.302606 5.321113 -3.6209037 -3.9000692 2.8026497 995.48 
20150624193938 3.5332432 -7.988254 0.37828386 -3.0439415 -2.727208 2.2272146 995.48 
20150624193938 1.5981296 -6.587646 -1.6124948 -2.2730296 -0.0852157 -0.2180789 995.3 
20150624193938 0.14664486 -4.11264 0.39683893 -2.1545217 1.8536706 -0.22510384 995.3 
20150624193938 -1.3281834 -4.1156325 -1.0959458 -2.062892 0.49418998 -0.050396383 995.3 
20150624193938 -0.47405192 -4.498705 -3.650559 -1.672549 -0.08093964 0.03726278 995.3 
20150624193938 -1.0953473 -7.301118 -2.815581 -1.2241739 -0.31520647 0.049785517 995.3 
20150624193938 -5.686229 -12.188282 12.06139 -1.6523905 -1.4899004 -0.053145275 995.3 
20150624193938 -4.644751 -10.769718 6.1530986 -2.9028316 -3.1248813 -0.023823744 995.3 
20150624193938 4.019266 -13.106459 -6.8545995 -1.3335189 -1.8310685 1.0751228 995.3 
20150624193938 7.265804 -16.220716 4.4538136 -0.19914207 0.8552113 1.2247849 995.3 
20150624193938 6.5906386 -15.374965 1.287482 -0.9468411 -0.7254025 0.6930266 995.52 
20150624193938 5.5521536 -12.467207 -1.3772645 -0.49205196 -0.6282749 0.33292156 995.52 
20150624193938 4.2880154 -10.936713 0.06823475 0.602924 -0.24648413 -0.4083634 995.52 
20150624193938 -4.546589 -12.516887 4.531027 0.5983425 -0.4578435 -0.8038987 995.52 
20150624193938 -8.75799 -17.306486 4.7022123 1.4828753 0.9550878 -0.8772025 995.52 
20150624193938 -5.503671 -15.736489 -3.1010897 2.984993 0.63407815 -0.82619524 995.52 
20150624193938 -3.4703953 -13.171103 -4.211401 3.6114354 0.23365596 -0.64660084 995.52 
20150624193938 -3.0508115 -14.947599 -1.38325 2.9773571 0.54519725 -0.7840455 995.52 
20150624193938 -2.0829554 -16.312893 -1.0971429 2.2208006 0.86101454 -0.75777835 995.52 
20150624193938 -2.3852234 -14.990695 -3.3494883 3.0637946 1.0647382 -0.84238315 995.4 
20150624193938 0.07182605 -16.867151 -3.13401 4.1926737 0.09254608 -0.93767816 995.4 
20150624193938 4.7578773 -12.995129 5.0158525 4.169461 -1.5512923 -0.7476991 995.4 
20150624193938 3.4398694 -10.656591 2.2828712 2.352442 -2.7360654 -1.0525209 995.4 
20150624193938 0.56084174 -8.058285 -6.0321913 1.8478674 0.019242255 -2.000889 995.4 
20150624193938 -1.763928 -2.4432828 -6.945579 2.149024 4.0179663 -2.2602015 995.4 
20150624193939 -3.3680432 2.15538 -6.4272346 2.169488 5.991977 -1.9795089 995.4 
20150624193939 -3.1352072 4.912902 -4.8620253 2.6798658 5.4211235 -1.2724323 995.4 
20150624193939 -1.2330139 3.2722752 -2.3714569 2.1233675 4.290107 -0.95569867 995.4 
20150624193939 -1.210269 1.927931 -2.5845408 0.88056225 3.2449162 -0.8729264 995.49 
20150624193939 -4.14975 -0.39624038 -2.6282349 -0.2501493 2.325564 -0.56016344 995.49 
20150624193939 -3.5476084 -8.965088 3.6110547 -1.541213 1.6539177 -0.43982297 995.49 
20150624193939 -0.017956512 -19.608511 19.215263 -3.0564642 0.59406644 0.029932396 995.49 
20150624193939 0.7302315 -19.608511 18.5814 -2.6502388 -0.5714644 0.9233228 995.49 
20150624193939 -7.6524673 -11.507132 17.29691 0.5910121 -0.37934732 1.0308352 995.49 
20150624193939 -7.89907 -4.76925 5.439626 1.8805487 -0.047036625 -0.44593164 995.49 
20150624193939 2.1398177 -18.844164 0.39324763 1.7018706 1.8029687 -0.106595986 995.49 
20150624193939 -1.192911 -11.752538 -11.758523 1.1921035 2.0002782 0.37232238 995.49 
20150624193939 -7.1844006 -0.30107087 -7.107786 1.0338894 -0.8167268 0.3463606 995.47 
20150624193939 -2.4247277 -4.526837 -5.392939 -0.029932396 -2.7382035 0.020158553 995.47 
20150624193939 1.5263035 -14.431649 -11.7268 -0.89552844 -2.606562 0.115453534 995.47 
20150624193939 0.516549 -16.6822 -6.0022635 -1.8738291 -1.642922 0.25778514 995.47 
20150624193939 0.65242 -11.777079 -1.2324153 -3.186273 -2.4077253 1.3274102 995.47 
20150624193939 2.8287494 -15.102624 3.6565444 -3.6297612 -5.3692 2.4330764 995.47 
20150624193939 1.3760674 -16.994642 4.771644 -3.412904 -5.6892934 2.6380215 995.47 
20150624193939 4.5621514 -9.249998 0.9923966 -3.1144965 -5.3136115 2.341141 995.47 
20150624193939 2.885013 -6.6732388 -2.0398598 -2.6251934 -2.688418 1.2421945 995.47 
20150624193939 1.8046296 -5.3259015 -1.4143747 -2.4431555 1.0115929 0.24831672 995.32 
20150624193939 -1.1683705 -4.6273932 0.51714754 -2.3154848 1.9190332 0.087659165 995.32 
20150624193939 -1.7962499 -5.510854 -0.374094 -1.7715092 1.1945469 0.27305678 995.32 
20150624193939 -1.6950948 -6.3099184 -2.3971944 -1.258077 0.398895 0.3463606 995.32 
20150624193939 -2.5037365 -8.083424 -1.0450691 -1.074512 -0.053450707 0.28221974 995.32 
20150624193939 -5.895123 -10.125677 13.385982 -1.8674151 -0.79534656 0.21746802 995.32 
20150624193939 0.85473 -10.674548 1.745373 -2.7159069 -2.2003367 0.58001655 995.32 
20150624193939 5.052963 -13.987525 -4.7375264 -1.284955 -2.0696115 1.2464706 995.32 
20150624193939 6.4481835 -15.543756 3.697246 -0.22693644 -0.8445212 0.96944314 995.32 
20150624193939 4.8021703 -15.052944 8.005013 -1.0497719 -0.38698313 0.86254174 995.53 
20150624193939 5.7724204 -14.132374 0.24361002 -0.6062838 -0.111177474 0.29352075 995.53 
20150624193939 5.997475 -12.821548 -4.8578353 0.81336707 -0.45845437 -0.09193522 995.53 
20150624193939 3.7882257 -10.699687 1.7896658 0.61636305 -0.080634214 -0.7153232 995.53 
20150624193939 -4.9344497 -14.836269 3.5021186 0.9462303 0.61391956 -0.93737274 995.53 
20150624193939 -6.0902505 -16.604986 -1.1426327 2.5411994 1.1316279 -0.94225967 995.53 
20150624193939 -4.646547 -13.6493435 -5.29358 3.3276885 0.7828238 -0.7031059 995.53 
20150624193939 -3.977966 -14.773421 -0.61052144 3.181997 0.6963864 -0.46822822 995.53 
20150624193939 -1.9877859 -14.853627 -1.2569559 2.2198844 1.3432927 -0.46914452 995.53 
20150624193939 -1.5705963 -14.210784 -3.7750576 2.6642888 1.5351044 -0.45051312 995.36 
20150624193939 -0.6536171 -14.192229 -2.641403 3.833485 1.1976013 -0.6032294 995.36 
20150624193939 2.5438392 -12.906543 1.6310499 4.0469823 -0.3640757 -0.5626069 995.36 
20150624193939 2.5372553 -9.598953 3.233968 2.4990497 -2.8845057 -0.75808376 995.36 
20150624193939 0.56682724 -9.206305 -0.19033903 0.96974856 -2.1688771 -1.4795157 995.36 
20150624193939 0.39803603 -6.1411276 -8.859145 1.1737776 1.3912456 -2.3154848 995.36 
20150624193939 -1.5071499 -0.6997054 -7.7428484 2.2162192 4.817589 -2.39337 995.36 
20150624193939 -3.3728316 2.131438 -4.553173 2.7907379 6.508158 -2.154827 995.36 
20150624193939 -2.731784 2.3247697 -3.8564603 2.8655689 5.1532593 -1.5464053 995.36 
20150624193939 -3.9444473 1.6352397 -2.498948 1.4227052 3.6807685 -0.8863655 995.43 
20150624193939 -4.3766007 -0.3465607 -1.6813282 0.3231477 2.7999008 -0.5119051 995.43 
20150624193940 -3.0669725 -6.941389 2.678513 -0.37751472 1.8973475 -0.27977628 995.43 
20150624193940 1.1623849 -19.293076 18.140865 -1.7773124 1.5741998 -0.032375857 995.43 
20150624193940 1.163582 -19.608511 14.333487 -2.261423 0.70738196 0.54183745 995.43 
20150624193940 -7.491457 -17.228077 19.22963 -0.60231316 0.28344148 0.6084218 995.43 
20150624193940 -10.049662 -11.553819 7.529764 0.2125811 0.8597928 0.35094208 995.43 
20150624193940 -4.9542017 -19.193716 -1.127669 1.0103711 0.47494772 -0.2761111 995.43 
20150624193940 1.359308 -17.492037 -1.3533225 1.4559973 2.087021 0.5992588 995.43 
20150624193940 1.7711107 0.01316811 -13.624205 1.7040086 -0.45662177 0.82436264 995.41 
20150624193940 -6.27221 3.2261868 -4.829105 1.0189233 -1.4792101 -0.08032878 995.41 
20150624193940 -5.145738 -1.2330139 -4.6806645 -0.9456194 -3.0445523 -0.22693644 995.41 
20150624193940 -0.670975 -18.634071 -14.942213 -1.7592919 -2.2672265 0.6258314 995.41 
20150624193940 -0.6464345 -16.87613 -5.213374 -3.287066 -1.7864754 1.4905112 995.41 
20150624193940 1.5275006 -19.34036 4.085107 -5.01612 -4.353331 3.4895678 995.41 
20150624193940 8.228272 -16.664242 11.555016 -3.8530326 -7.138877 4.6370783 995.41 
20150624193940 4.6375685 -9.7162695 2.8939912 -1.983174 -7.269602 3.0411925 995.41 
20150624193940 3.3051953 -8.051701 -1.1994951 -1.9120082 -4.0430117 0.13133603 995.41 
20150624193940 1.7405846 -5.4102974 -2.7629087 -2.2015584 3.5085046 0.24129178 995.33 
20150624193940 0.12150574 -4.426879 -4.4478283 -2.0790799 2.0928242 -6.1086525E-4 995.33 
20150624193940 0.08738836 -4.7776294 -2.2948422 -1.9813415 0.16646078 -0.28008172 995.33 
20150624193940 -0.8367735 -6.1261635 0.35673606 -1.9162843 -0.1994475 -0.13072516 995.33 
20150624193940 -5.5084596 -9.876082 7.827244 -1.5534303 -0.9975429 -0.027488936 995.33 
20150624193940 -5.490503 -9.625289 9.617508 -2.104736 -1.892766 -0.1908954 995.33 
20150624193940 2.5031378 -9.087193 -1.2707225 -2.1658227 -1.0842859 0.441961 995.33 
20150624193940 3.3943794 -12.0159 -1.8130093 -0.7825184 0.44012842 1.1890492 995.33 
20150624193940 4.8374844 -13.659519 2.7593174 -0.2275473 -0.54000485 0.6291912 995.33 
20150624193940 4.9877205 -14.198813 7.3430166 -0.70188415 -1.1209377 0.5726862 995.66 
20150624193940 7.1431007 -14.762648 -1.3425486 -0.96486163 -0.39828414 0.18448131 995.66 
20150624193940 6.8827314 -11.2449665 -0.46627077 0.72601336 -0.36163223 -0.40103304 995.66 
20150624193940 2.8449101 -8.823831 2.3535004 0.37232238 -0.56413406 -0.70249504 995.66 
20150624193940 -6.605004 -14.428657 5.0882773 0.96669424 0.43371433 -0.78954333 995.66 
20150624193940 -6.9731126 -18.564041 1.6328455 2.5793786 0.977079 -0.9841039 995.66 
20150624193940 -4.6938324 -16.72709 -6.746262 3.4101553 0.25900686 -0.9095783 995.66 
20150624193940 -3.41892 -15.641918 -4.3077674 2.842356 0.4654793 -1.1282681 995.66 
20150624193940 -4.072537 -17.675793 0.26635495 1.7171422 1.2589933 -1.1346822 995.66 
20150624193940 -3.5703533 -17.190968 -1.7070658 2.513405 0.7806858 -1.1215485 995.41 
20150624193940 -3.1112652 -15.014039 -1.6980876 3.8502836 -0.08552113 -0.86254174 995.41 
20150624193940 2.2655134 -10.225636 5.7616463 4.0463715 -1.5885551 -0.4877759 995.41 
20150624193940 1.91596 -9.52174 0.76315176 2.165212 -2.9471195 -0.59712076 995.41 
20150624193940 1.2892777 -8.046912 -3.582923 1.2739595 -1.3213016 -1.6145169 995.41 
20150624193940 0.11971009 -4.1078515 -8.898649 1.6588045 3.4639113 -1.9312505 995.41 
20150624193940 -0.15801731 0.3549404 -8.772954 2.094657 6.0090814 -1.9685133 995.41 
20150624193940 -2.6276364 3.3153708 -4.417302 2.82403 6.722572 -1.5940529 995.41 
20150624193940 -3.2740707 1.946486 -2.005144 3.0784554 4.7305403 -0.9981538 995.41 
20150624193940 -3.8696284 1.7968484 -1.6352397 2.1022928 2.7327056 -0.59712076 995.48 
20150624193940 -3.8271315 0.11192893 0.037110128 0.3182608 2.07572 -0.28893927 995.48 
20150624193940 -1.1923125 -8.028357 1.3784616 -1.1792754 1.6807957 -0.11209377 995.48 
20150624193940 0.3669114 -19.445108 12.181698 -2.8002062 1.1557571 -0.118507855 995.48 
20150624193940 -0.23403321 -19.608511 19.608511 -3.087313 0.34513888 0.20891592 995.48 
20150624193940 -2.847903 -15.101427 16.672623 -0.45265114 -0.44257188 0.76144356 995.48 
20150624193940 -3.2202013 -3.0107086 3.8576574 2.0222695 -1.3845261 0.017715093 995.48 
20150624193941 -2.7036524 -9.55047 -1.5574282 1.749518 1.2238685 -0.5564982 995.48 
20150624193941 -4.2730513 -19.51394 0.4902128 0.8323039 3.1108313 -0.22510384 995.48 
20150624193941 -1.2617443 -11.391612 -7.536947 0.5366451 0.45204028 0.2883284 995.49 
20150624193941 -4.5352163 -1.0672154 -7.587824 1.2076806 -2.1526892 0.4071417 995.49 
20150624193941 -3.3584664 -4.7746367 -3.6768951 0.30665436 -2.3970351 0.07086037 995.49 
20150624193941 -1.3682863 -13.649942 -6.1381345 -0.72234815 -1.3997977 0.27763826 995.49 
20150624193941 -0.7757214 -13.68406 -6.2524576 -1.53205 -0.7724391 0.6618725 995.49 
20150624193941 -0.9864111 -9.955689 -3.532046 -2.5943446 -2.5751023 1.9685133 995.49 
20150624193941 -0.7793127 -15.244481 -2.1505916 -2.9477303 -4.8472157 2.6731462 995.49 
20150624193941 4.5842977 -19.400217 5.131373 -3.6129625 -5.264742 3.3310483 995.49 
20150624193941 3.8654387 -7.7608047 -0.3465607 -3.753767 -4.315763 2.575408 995.49 
20150624193941 2.0949266 -6.854001 -1.1803415 -2.908024 -0.96577793 -0.041233405 995.25 
20150624193941 0.11312603 -4.785411 1.2563573 -2.4657576 1.8790215 -0.9593639 995.25 
20150624193941 -1.9063832 -4.5082817 3.1956608 -2.0344868 1.1322387 -0.4831944 995.25 
20150624193941 -1.6190789 -6.289568 0.45848963 -1.5070046 -0.34300083 0.18112154 995.25 
20150624193941 -0.7745243 -7.243657 -5.1798553 -1.2483032 -0.5705481 0.20861048 995.25 
20150624193941 -0.29269117 -7.799112 0.62847793 -1.0512991 -0.41599923 0.29352075 995.25 
20150624193941 -4.4538136 -11.442489 15.170859 -1.6166549 -1.2278391 0.5384777 995.25 
20150624193941 0.29328972 -11.073183 0.45429978 -2.3527474 -2.7852402 0.42210788 995.25 
20150624193941 4.809353 -13.02745 -3.2848446 -1.428203 -0.8151997 1.01312 995.25 
20150624193941 6.143522 -14.609419 3.6008794 -0.23976462 1.3573426 1.1050552 995.47 
20150624193941 5.9861026 -14.948198 5.7365074 -0.9282097 -0.009773844 0.66828656 995.47 
20150624193941 6.3907228 -14.223353 -1.9195513 -0.9410379 -0.3295618 0.34269542 995.47 
20150624193941 5.796961 -11.920731 -0.17896658 0.44929138 -0.1414153 -0.1282817 995.47 
20150624193941 2.3798366 -10.506355 0.6572084 0.26908615 -0.21991149 -0.50793445 995.47 
20150624193941 -5.5443726 -14.718953 3.8031895 0.95447695 0.6178902 -0.8582657 995.47 
20150624193941 -8.240244 -18.243217 1.9476831 2.0528126 1.2238685 -1.187522 995.47 
20150624193941 -6.8665705 -14.289194 -2.938284 3.259577 0.4352415 -0.9611965 995.47 
20150624193941 -2.3918076 -11.641806 -4.3089647 3.1181617 0.009773844 -0.49754974 995.47 
20150624193941 -5.379771 -16.337435 0.27593175 2.4303274 0.68539083 -0.59131753 995.45 
20150624193941 -4.975151 -17.545908 0.3309984 2.0824397 0.48991394 -0.9804387 995.45 
20150624193941 -2.902371 -14.632762 -2.9041667 3.270267 -0.015577064 -0.5140431 995.45 
20150624193941 2.2571337 -14.491505 0.32441434 4.044844 -0.59650993 -0.29932398 995.45 
20150624193941 2.3110032 -11.273697 2.3529017 3.1297681 -2.1365013 -0.7247916 995.45 
20150624193941 2.2134395 -8.655039 -1.2036849 1.7617353 -1.7327193 -1.566564 995.45 
20150624193941 0.14724341 -4.9296613 -6.7163343 1.7705929 2.327702 -1.9721785 995.45 
20150624193941 -0.54288524 -1.3341689 -6.995259 1.8661933 4.307211 -2.1661282 995.45 
20150624193941 -2.1440077 -0.089184016 -4.675876 2.3988678 5.6984563 -1.8469511 995.45 
20150624193941 -2.8886044 -0.17956513 -2.5510218 2.5806003 4.6642613 -1.2147056 995.41 
20150624193941 -2.9586349 1.401805 -2.0452468 1.6099354 3.0326405 -0.623388 995.41 
20150624193941 -3.8684313 1.3688848 -1.0839748 0.679893 2.2467623 -0.3857614 995.41 
20150624193941 -1.8231846 -2.1164744 0.7110779 -0.27885997 2.0604484 -0.3707952 995.41 
20150624193941 0.65301853 -13.535021 7.089231 -1.5515977 1.7311921 -0.37323865 995.41 
20150624193941 4.2622776 -19.608511 17.600376 -2.9260445 0.8155051 -0.5354234 995.41 
20150624193941 -1.4401124 -19.608511 19.608511 -2.7009406 -0.004581489 -0.03390302 995.41 
20150624193941 -6.072294 -6.097433 9.214684 0.09193522 -0.85062987 0.8597928 995.41 
20150624193941 -5.2959743 -3.9851487 -1.8297687 1.6542231 -1.2834278 -0.47525316 995.41 
20150624193941 -3.7391446 -16.807297 -2.5959132 1.41904 2.7907379 -0.39858958 995.58 
20150624193941 -1.6112977 -16.883312 -4.8416743 0.44012842 2.3142629 0.4978552 995.58 
20150624193941 0.4866215 -3.7642837 -10.232818 0.16371189 -0.9596693 1.0641272 995.58 
20150624193942 -1.9189527 -4.993108 -2.5169046 0.10170906 -2.6087 0.2049453 995.58 
20150624193942 0.89603 -13.245921 -4.1641154 -1.1960741 -2.8502972 -0.15790866 995.58 
20150624193942 0.6979098 -11.978789 -5.7843914 -1.59558 -1.6927075 0.20311269 995.58 
20150624193942 -1.2617443 -6.9988503 -4.602853 -2.3722951 -1.9975294 1.2437216 995.58 
20150624193942 -2.3834279 -10.048465 -2.0907366 -2.764776 -2.8118126 1.964848 995.58 
20150624193942 -3.5350387 -19.237411 2.2691047 -3.1667254 -3.733914 2.4828618 995.58 
20150624193942 6.875549 -11.861474 5.827487 -2.7693577 -3.823711 3.4058793 995.35 
20150624193942 4.0898952 -6.76362 -1.9309237 -1.8390098 -3.5011742 1.6719382 995.35 
20150624193942 1.5562311 -6.652888 -1.2611457 -1.9013181 0.26389378 -0.23365596 995.35 
20150624193942 -0.05626374 -5.313332 -0.3573346 -2.1343632 2.450486 -0.47800204 995.35 
20150624193942 -1.1402385 -6.655282 -0.8655039 -1.5763378 0.981355 0.07849618 995.35 
20150624193942 -1.3096284 -8.919599 -2.7192147 -1.2559389 -0.50243664 -0.080634214 995.35 
20150624193942 -2.705448 -10.538078 4.84347 -1.3130548 -1.3979651 -0.095294975 995.35 
20150624193942 -4.144363 -11.231799 8.6574335 -2.0711386 -2.1991148 -0.035124753 995.35 
20150624193942 0.093972415 -11.174338 1.5334862 -2.287385 -2.7834074 0.23457226 995.35 
20150624193942 4.9583917 -12.378621 0.46148238 -1.3417655 -0.9605856 0.98929626 995.51 
20150624193942 7.705738 -13.921684 4.1060557 -0.63591075 -0.13561209 1.1010846 995.51 
20150624193942 5.7706246 -14.528016 2.3451207 -0.73639804 -0.29352075 0.5693264 995.51 
20150624193942 3.9145198 -12.011111 -0.48003745 -0.24862215 -0.24190263 0.17012598 995.51 
20150624193942 4.9164934 -9.946711 1.174356 0.24984388 -0.27885997 -0.09101892 995.51 
20150624193942 1.9488802 -10.630854 0.09995792 0.52503866 -0.29749137 -0.48563787 995.51 
20150624193942 -8.240842 -16.703747 6.0381765 1.5060883 0.4914411 -0.98899084 995.51 
20150624193942 -9.4972 -17.170616 0.7422025 2.7999008 0.8573494 -1.1939361 995.51 
20150624193942 -4.9164934 -13.854048 -6.4948707 3.59708 -0.33536503 -0.8689558 995.51 
20150624193942 -2.754529 -14.117411 -4.0384197 2.6942213 -0.61391956 -0.6924158 995.49 
20150624193942 -1.839944 -17.228676 1.4909891 1.7599027 0.7703011 -0.9034697 995.49 
20150624193942 -2.6659436 -15.846622 -2.212841 2.2024746 0.689056 -1.180497 995.49 
20150624193942 -1.0444705 -15.670649 -0.5081693 3.9217548 -0.10720685 -1.2663237 995.49 
20150624193942 2.267309 -12.679692 4.168904 3.9498546 -1.5720617 -0.6762278 995.49 
20150624193942 1.9614497 -10.225037 1.5520413 1.4691309 -3.1764994 -1.0100657 995.49 
20150624193942 0.8242039 -8.711303 -1.9698294 1.0473285 0.18692477 -1.5070046 995.49 
20150624193942 0.47524905 -5.486912 -6.7360864 1.3066407 2.7800477 -1.7693712 995.49 
20150624193942 -0.39564183 -1.6968905 -9.474455 1.9892827 4.9345694 -1.645671 995.49 
20150624193942 -1.6561891 0.42078096 -5.020641 2.6358836 5.977927 -1.3952162 995.51 
20150624193942 -3.614646 1.0570401 -1.893215 2.912911 4.6541824 -0.9828822 995.51 
20150624193942 -2.4199393 2.1350293 -1.3174095 1.6111571 2.6700919 -0.68875057 995.51 
20150624193942 -3.8660371 0.8882488 0.019153614 0.16157386 2.1453588 -0.37843102 995.51 
20150624193942 -1.1546037 -5.7574563 2.8137856 -0.74097955 1.9236146 -0.3295618 995.51 
20150624193942 -0.62608373 -18.966866 7.941567 -2.3182335 1.5305228 -0.2556471 995.51 
20150624193942 3.5859156 -19.608511 19.570204 -3.3255503 0.66675943 -0.1133155 995.51 
20150624193942 -1.0013748 -18.766352 19.535488 -1.5225816 0.29016098 0.7293731 995.51 
20150624193942 -4.751293 -5.7538652 8.777742 1.59558 -0.49632803 0.4266894 995.51 
20150624193942 -4.8189297 -10.070611 -0.40462008 2.2382102 -0.7538077 -0.75747293 995.52 
20150624193942 -2.9574378 -19.608511 4.859032 0.7360926 2.7907379 -0.49693888 995.52 
20150624193942 -0.7236475 -11.480197 -6.357204 0.32895094 1.2217305 0.20311269 995.52 
20150624193942 -4.392163 1.5508442 -8.5538845 1.738217 -1.1496484 0.766025 995.52 
20150624193942 -7.7320743 -1.2372037 -1.2970588 1.07665 -1.7568485 0.2611449 995.52 
20150624193942 0.18315643 -8.995614 -13.133393 -0.11881329 -1.6184875 0.691194 995.52 
20150624193942 3.300407 -15.610195 -12.089521 -0.93279123 0.21227567 1.2577715 995.52 
20150624193942 0.37708676 -15.501259 -5.832874 -3.2317827 -0.47891834 1.5861117 995.52 
20150624193943 6.165668 -19.608511 4.131195 -3.6682458 -3.2388074 2.1456642 995.52 
20150624193943 4.0773253 -15.106814 6.669049 -3.2586606 -5.0961432 2.4199426 995.32 
20150624193943 -0.19153613 -10.469844 1.6711528 -2.6233609 -5.402492 1.0803152 995.32 
20150624193943 -2.0135236 -7.3962874 0.0700304 -2.5806003 -3.0524936 -0.23793201 995.32 
20150624193943 -3.210026 -5.1918263 -0.095768064 -2.6035078 0.3115413 -0.32070425 995.32 
20150624193943 -3.9636009 -6.156091 0.38307226 -2.1700988 1.4004086 -0.13316862 995.32 
20150624193943 -3.5529952 -7.675212 -0.16280572 -1.3148874 0.93187493 0.20005837 995.32 
20150624193943 -2.0416555 -8.9602995 -0.63206923 -1.1917981 -0.22388211 0.5363397 995.32 
20150624193943 -0.28909984 -8.688558 -1.9387048 -1.3283265 -0.6053675 0.7840455 995.32 
20150624193943 0.99060094 -9.547478 -2.7449522 -1.2140946 -0.8072584 0.81092364 995.32 
20150624193943 1.163582 -9.380483 10.220847 -1.4899004 -1.4379768 0.70188415 995.51 
20150624193943 3.1477766 -9.163208 2.8221653 -2.2834144 -2.293799 0.7791586 995.51 
20150624193943 3.9731777 -9.204509 -1.7244238 -1.8982637 -1.9388863 0.93218035 995.51 
20150624193943 0.39564183 -12.559383 2.0488381 -0.6966918 -0.27275133 0.89552844 995.51 
20150624193943 1.4101849 -12.410943 4.549582 -0.75625116 0.124005646 0.36957347 995.51 
20150624193943 4.6896424 -12.449849 -0.25977087 -0.6844745 -0.47647488 0.34574974 995.51 
20150624193943 8.1642275 -11.130045 -5.663484 0.04642576 -0.54550266 0.37995818 995.51 
20150624193943 7.6231384 -10.625467 -1.6633717 0.5164866 -0.24770586 -0.04550946 995.51 
20150624193943 -3.4314895 -11.365275 1.6795325 0.062002823 0.27366763 -0.80573124 995.51 
20150624193943 -9.825205 -13.417107 4.7740383 0.6243043 0.4596761 -1.1969905 995.51 
20150624193943 -13.325528 -17.799692 1.0833763 2.147802 -0.28099802 -1.1817188 995.51 
20150624193943 -8.019379 -13.332112 -6.4457893 3.1786373 -1.2654073 -0.49663344 995.51 
20150624193943 -4.7441106 -12.2002535 -4.9506106 2.8002062 0.035430185 -0.07147124 995.51 
20150624193943 -3.9881415 -13.989919 -1.2539631 1.9788979 0.19120082 -0.6267477 995.51 
20150624193943 -1.7501614 -13.3147545 0.362123 1.5241088 -0.8356637 -1.3234396 995.51 
20150624193943 1.6950948 -11.508329 1.4203602 2.330451 -1.3503176 -1.2064588 995.51 
20150624193943 3.9097314 -13.336901 2.2756886 3.1532865 -1.8805487 -1.0659598 995.51 
20150624193943 2.1278467 -14.256274 1.6166847 2.9889636 -2.0754147 -1.3530666 995.51 
20150624193943 -0.23523031 -13.128007 -2.4109612 1.3625349 -0.99265605 -1.777007 995.4 
20150624193943 -0.6488287 -10.196905 -3.4662056 1.1282681 2.8753426 -1.5677856 995.4 
20150624193943 -2.0141222 -7.7997108 -7.141904 1.0143417 3.642284 -1.3264939 995.4 
20150624193943 -2.9526494 -4.9583917 -4.9003325 1.187522 3.4648278 -1.3130548 995.4 
20150624193943 -2.5240872 -2.7473464 -2.3666685 1.7061466 3.5851681 -1.2559389 995.4 
20150624193943 -2.5258827 -0.56203884 -1.0319009 2.3512204 2.7843237 -1.0228939 995.4 
20150624193943 -2.2571337 0.48722005 0.05267244 2.218968 2.4233024 -0.68600166 995.4 
20150624193943 -2.3080103 0.06823475 0.47764325 0.67011917 2.149024 -0.3549127 995.4 
20150624193943 -0.97264445 -4.6154222 4.223372 -1.0128145 1.6798794 -0.046120327 995.4 
20150624193943 -0.46088383 -12.30919 6.135142 -2.0641136 1.1191051 0.2144137 995.54 
20150624193943 4.6255975 -19.608511 11.9057665 -3.040887 0.86467975 0.48624873 995.54 
20150624193943 4.1934443 -19.608511 14.446014 -2.3811526 1.6655241 0.96486163 995.54 
20150624193943 -1.9746178 -16.806099 17.507002 1.0396926 1.9767599 0.06872234 995.54 
20150624193943 -13.29979 -15.999851 -19.608511 3.1468723 1.1252137 -1.1835514 995.54 
20150624193943 -7.358579 -3.2800562 -1.2006922 3.1257975 2.1413882 -1.6200147 995.54 
20150624193943 -9.059659 -5.5084596 6.305729 0.0018325958 2.3674083 0.9297369 995.54 
20150624193943 1.774702 -4.6166196 -7.0622964 0.6264423 -6.0606995 1.1242975 995.54 
