20150624182848 -1.7788919 -4.050989 1.4999673 -1.2608259 1.5103643 -0.21471913 994.78 
20150624182848 -1.9674352 -8.564059 4.092888 -1.8683313 0.93401295 -0.11942416 994.78 
20150624182848 -0.770933 -16.73487 10.793061 -2.4294112 0.44348818 0.16523905 994.78 
20150624182848 -0.28311434 -19.59714 16.605585 -2.3930645 -0.61422503 0.6209445 994.78 
20150624182848 2.0895395 -17.640478 13.899538 -1.7592919 -2.2052236 1.0500773 994.78 
20150624182848 1.7369933 -10.627861 3.0621839 -0.1994475 -2.4223862 0.9437868 994.78 
20150624182848 -1.650802 -10.454881 -0.60812724 1.4972308 0.23945917 -0.4251622 994.78 
20150624182848 -3.8624458 -10.93791 1.9907787 1.0800097 3.2577443 -0.9593639 994.67 
20150624182848 -4.9422307 -10.662578 0.56323594 0.20952678 1.8335121 -0.4654793 994.67 
20150624182848 -2.4959552 -6.420052 -2.7563248 -0.28619036 -0.9550878 0.10842858 994.67 
20150624182848 -0.76195467 -4.8626237 -1.9273324 -0.035430185 -2.908024 0.29535335 994.67 
20150624182848 -0.272939 -7.6704235 -5.619191 0.33444872 -2.4312437 0.062308256 994.67 
20150624182848 -1.400608 -10.390836 -6.1165867 -0.22235495 -0.8081747 -0.18387043 994.67 
20150624182848 -3.6050692 -7.100005 -2.7156234 -0.98349303 1.1780536 0.5140431 994.67 
20150624182848 -3.6020765 -10.263344 -0.011971008 -1.2568552 -0.37659842 1.3573426 994.67 
20150624182848 -2.030283 -17.326239 3.7325604 -1.5021176 -3.7281106 1.9422461 994.67 
20150624182848 5.0583496 -13.985729 3.630807 -1.831374 -4.5399504 2.191479 994.64 
20150624182848 2.4666264 -8.311471 -1.3605051 -2.7882943 -3.9003747 1.6865989 994.64 
20150624182848 0.16519992 -9.002198 0.04070143 -1.493871 -1.2000448 0.12980886 994.64 
20150624182848 -0.3788824 -7.4585366 -0.18136078 -1.0509937 0.8781188 -0.58001655 994.64 
20150624182848 -1.8154035 -7.6973586 -0.30705637 -1.3631458 0.7275405 -0.011301007 994.64 
20150624182849 -1.7375919 -8.690353 0.19752164 -1.246776 0.06963864 0.18845193 994.64 
20150624182849 -0.4381389 -9.433155 -0.077213004 -1.07665 -0.20341812 0.13561209 994.64 
20150624182849 0.40222588 -9.821614 -0.42916065 -0.9663888 -0.26725355 0.30482176 994.64 
20150624182849 0.15861586 -10.386645 0.7954735 -0.9440922 -0.464563 0.2180789 994.64 
20150624182849 -0.22924481 -10.44231 0.5674258 -1.0332786 -0.63041294 0.07971791 994.78 
20150624182849 -0.09636662 -10.357317 0.22685061 -1.0149527 -1.0790935 0.19120082 994.78 
20150624182849 -0.10055647 -10.050261 1.8207904 -1.039998 -1.1774428 0.46670106 994.78 
20150624182849 -0.53450555 -10.666767 2.7341783 -1.1991285 -0.75228053 0.50823987 994.78 
20150624182849 -0.760159 -11.738173 2.9083564 -1.2507466 -0.1554652 0.48747048 994.78 
20150624182849 0.95229375 -12.786833 1.9979613 -1.0079277 0.19853121 0.46792278 994.78 
20150624182849 3.4488475 -12.085332 1.0426749 -0.3145956 0.070249505 0.37140608 994.78 
20150624182849 5.0463786 -11.481394 -0.4902128 0.16615535 -0.5381723 0.18661933 994.78 
20150624182849 5.1223946 -10.2735195 -0.38726214 0.36010507 -0.6246097 0.007941248 994.78 
20150624182849 1.0115502 -9.903017 1.9099745 0.34147367 0.012217305 -0.21380283 994.72 
20150624182849 -4.1341877 -12.384607 3.6942532 0.63041294 0.9773844 -0.6722572 994.72 
20150624182849 -6.6804214 -14.380174 1.5227122 1.7858646 1.0742066 -1.0546589 994.72 
20150624182849 -5.2157683 -13.479954 -2.2613235 2.649628 0.38637227 -0.8756753 994.72 
20150624182849 -3.1962593 -12.464812 -4.6004586 2.9584203 0.38545597 -0.39767328 994.72 
20150624182849 -3.9522285 -14.171879 -2.5905263 2.2385156 0.68783426 -0.33536503 994.72 
20150624182849 -3.0065188 -12.537237 -1.4951789 1.8435913 0.8695667 -0.5580254 994.72 
20150624182849 -0.96426475 -13.02326 3.8498764 2.2736404 0.20861048 -0.4990769 994.72 
20150624182849 -0.60573304 -12.634801 4.9972973 2.7705793 -1.5241088 -0.2751948 994.72 
20150624182849 0.50876784 -10.922348 -0.93254155 2.7522533 -3.1328225 -0.602924 994.6 
20150624182849 -0.11851298 -9.248801 -4.6393642 2.4627032 -2.3118196 -0.80481493 994.6 
20150624182849 -1.0007763 -7.1646485 -4.0294414 2.1184807 1.1954633 -1.0076222 994.6 
20150624182849 -1.3210008 -6.2542534 -1.9662381 1.9062049 3.8261545 -1.2611313 994.6 
20150624182849 -1.8866309 -5.0583496 -2.3750482 1.9312505 3.7669005 -1.3994923 994.6 
20150624182849 -2.2002714 -2.4349031 -0.86849666 2.196366 2.5607471 -1.3197744 994.6 
20150624182849 -2.4702177 -1.4329298 -0.45669398 2.2791383 2.2522602 -0.91996306 994.6 
20150624182849 -2.4827871 -1.541866 0.3800795 1.3771957 1.9019289 -0.64934975 994.6 
20150624182849 -3.655946 -2.0925324 1.252766 0.33505958 1.529912 -0.4905248 994.6 
20150624182849 -2.7090392 -5.13257 2.493561 -0.7852673 1.3161092 -0.3717115 994.78 
20150624182849 -0.5722142 -10.238804 5.144541 -1.9840903 1.0607675 -0.19242255 994.78 
20150624182849 2.2224178 -18.342577 10.478823 -2.9501736 0.66981375 0.042760566 994.78 
20150624182849 2.204461 -19.608511 17.870321 -2.8857274 0.47342056 0.25717425 994.78 
20150624182849 -2.8461072 -13.358448 14.453795 -0.874759 0.34055737 0.5516113 994.78 
20150624182849 -4.648941 -6.244078 3.7858315 1.9526308 -0.24648413 0.07819075 994.78 
20150624182849 -4.2155905 -9.027337 0.046088383 2.0360138 -0.129198 -0.37690386 994.78 
20150624182849 -3.2782607 -15.979501 -0.9331401 0.6062838 2.2751677 -0.27366763 994.78 
20150624182849 -2.1039047 -10.138845 -3.0974984 -0.019547688 1.9868392 -0.05467244 994.78 
20150624182849 -1.9985598 -4.537012 -7.6387005 0.44959682 -1.1487321 0.20525073 994.79 
20150624182849 -0.7565677 -6.7731967 -3.0945058 0.70402217 -2.046704 -0.021991149 994.79 
20150624182849 2.1751323 -9.884461 -6.3727665 -0.22785273 -2.144748 0.10323623 994.79 
20150624182849 -0.9151836 -9.622895 -8.717288 -0.8213083 -0.4266894 0.42852196 994.79 
20150624182849 -2.4552538 -9.76116 -4.71957 -1.500285 -0.1872302 0.8197812 994.79 
20150624182849 -0.2160767 -15.592238 2.409764 -2.538145 -2.658791 1.4086553 994.79 
20150624182849 1.7022774 -19.125483 3.7295678 -2.978579 -4.1621304 2.1636846 994.79 
20150624182849 1.3204023 -9.388264 -0.6242881 -2.1868975 -4.476726 1.6646078 994.79 
20150624182849 1.2862848 -5.975329 0.58777654 -1.9715676 -3.9318342 1.1044444 994.79 
20150624182849 -0.8295909 -6.165668 0.96546185 -1.8044959 -1.5234979 0.0421497 994.52 
20150624182850 -1.6537948 -7.04434 -0.26396075 -1.6145169 0.64873886 -0.09621128 994.52 
20150624182850 -0.5374983 -8.063671 -0.516549 -0.98532563 0.7415904 0.25595254 994.52 
20150624182850 0.7517793 -9.543886 -0.05267244 -0.9101892 -0.1740966 0.3885103 994.52 
20150624182850 0.88046765 -10.094553 0.045489833 -1.1142182 -0.3191771 0.50915617 994.52 
20150624182850 0.25318682 -9.959281 1.0384849 -1.0146471 -0.25411993 0.36651915 994.52 
20150624182850 -0.42197806 -9.800066 0.7260417 -1.0558805 -0.49174652 0.18325958 994.52 
20150624182850 -0.7392098 -9.574412 0.23582886 -1.289842 -0.73426 0.22602014 994.52 
20150624182850 0.02813187 -9.719262 2.3421278 -1.1090258 -0.92485 0.41538838 994.52 
20150624182850 -0.18914193 -10.93791 3.1250317 -1.0705414 -0.9416488 0.528093 994.69 
20150624182850 -0.99778354 -12.297218 2.1960814 -1.2275337 -0.59620446 0.5519168 994.69 
20150624182850 0.4758476 -13.060968 1.578976 -0.91690874 -0.05131268 0.47250426 994.69 
20150624182850 2.9861681 -11.892 0.46746787 -0.29932398 0.15821409 0.3622431 994.69 
20150624182850 4.948815 -10.981006 -0.47524905 0.019242255 -0.376293 0.18967366 994.69 
20150624182850 4.848857 -10.728417 1.0163386 0.14630222 -0.5674938 0.0061086523 994.69 
20150624182850 0.45310268 -11.752538 1.2886791 -0.045814894 0.034208454 -0.112704635 994.69 
20150624182850 -2.755726 -10.242993 4.2676644 0.13683382 0.77946407 -0.4896085 994.69 
20150624182850 -5.849633 -12.049418 2.8927941 0.7049385 0.59131753 -0.80970186 994.69 
20150624182850 -4.9266686 -13.682862 -2.0751743 1.994475 0.28619036 -0.8011498 994.71 
20150624182850 -2.5001452 -13.00291 -3.3812113 3.1758883 0.6239988 -0.38912117 994.71 
20150624182850 -3.551798 -14.718355 -4.257489 2.7009406 0.7828238 -0.4783075 994.71 
20150624182850 -3.520075 -14.6842375 -2.349909 2.0033326 0.6771441 -0.80481493 994.71 
20150624182850 -2.944868 -13.044808 -1.7824832 2.019826 1.0485502 -0.8222246 994.71 
20150624182850 -0.33279404 -12.795811 1.5771804 2.6639833 -0.2742785 -0.54733527 994.71 
20150624182850 0.06943185 -13.1315975 7.3071036 2.9590313 -2.219579 -0.38423425 994.71 
20150624182850 0.6871359 -10.374076 -2.967613 2.5143213 -3.3921347 -0.7644979 994.71 
20150624182850 -0.09876082 -7.7308774 -5.177461 2.4755313 -1.4825699 -1.0778717 994.71 
20150624182850 -0.34835634 -6.193201 -3.3147724 2.1035144 3.0149255 -1.2959507 994.66 
20150624182850 -0.8487445 -6.0202203 -2.5276785 1.831374 4.6572366 -1.312444 994.66 
20150624182850 -2.202067 -4.120421 -1.553837 2.0042489 4.029878 -1.2702943 994.66 
20150624182850 -3.2902317 -2.2786815 -0.8026561 2.486527 2.930626 -1.0082331 994.66 
20150624182850 -3.2782607 -1.6005238 -0.3866636 2.1496348 2.3218987 -0.7357872 994.66 
20150624182850 -3.1070752 -1.7250223 -0.17657238 1.1911873 2.0112739 -0.6218608 994.66 
20150624182850 -2.0709844 -3.402759 0.866701 -0.06963864 1.8930714 -0.41263947 994.66 
20150624182850 -1.9554642 -6.609194 1.8381484 -1.1252137 1.4709635 -0.27672195 994.66 
20150624182850 -0.009576807 -12.54023 6.819285 -1.8329011 0.97494096 -0.28985557 994.66 
20150624182850 2.4528596 -17.786524 12.998719 -2.620612 0.6808093 -0.13408493 994.74 
20150624182850 0.21428105 -19.421165 16.968904 -2.1774292 0.18112154 0.43554693 994.74 
20150624182850 -3.357868 -12.03625 10.382456 -0.56107974 -0.91690874 0.92057395 994.74 
20150624182850 -3.0597897 -8.6017685 4.1934443 0.70952 -1.3747523 0.6365216 994.74 
20150624182850 -3.9797618 -8.950723 0.3609259 1.1814134 0.25870144 -0.37904188 994.74 
20150624182850 -2.9358897 -9.424176 4.096479 0.5183192 2.6013696 -0.52564955 994.74 
20150624182850 -4.5076833 -11.438298 -3.5607765 -0.0842994 1.998751 -0.27458394 994.74 
20150624182850 -2.0883424 -11.34253 -2.7126305 -0.26939157 -0.4437936 0.14477506 994.74 
20150624182850 0.48362875 -7.1155677 -5.2061915 -0.32284227 -1.3680327 0.28588495 994.74 
20150624182850 -1.0414777 -8.421006 -2.1757307 0.2932153 -2.4135287 0.10170906 994.82 
20150624182850 0.33039984 -9.491214 -3.8977604 -0.13103059 -1.8472565 -0.30970868 994.82 
20150624182850 -0.61770403 -8.810662 -7.6919713 -0.71685034 -0.72295904 0.30879238 994.82 
20150624182850 -3.2237926 -8.008605 -3.804985 -1.0360274 -0.54458636 0.98624194 994.82 
20150624182850 -2.0488381 -11.517906 0.0700304 -2.094046 -2.298075 1.4514158 994.82 
20150624182850 -1.5717934 -19.608511 1.7178397 -2.545781 -3.875329 2.1135938 994.82 
20150624182851 6.0447607 -10.216658 1.5646108 -2.604424 -3.9144244 2.627637 994.82 
20150624182851 1.8698715 -8.369531 1.5316905 -1.8545868 -3.200323 1.6621643 994.82 
20150624182851 -0.41479546 -6.6564794 0.8535329 -1.4908166 -1.8509218 -0.4147775 994.82 
20150624182851 -1.1049241 -7.1089835 -0.8948329 -1.752267 -0.1554652 -0.7840455 994.67 
20150624182851 -1.7429788 -8.72088 -1.2611457 -1.244027 0.754724 0.10873401 994.67 
20150624182851 -1.2096704 -9.922171 0.29568392 -0.9978484 0.07360926 0.12889257 994.67 
20150624182851 -0.439336 -10.305841 -0.017956512 -1.0409144 -0.58551437 0.24098633 994.67 
20150624182851 0.26396075 -9.712678 -0.11552023 -1.0864239 -0.7473936 0.3924809 994.67 
20150624182851 -0.58657944 -8.99322 0.051475335 -1.2168436 -0.6750061 0.29565877 994.67 
20150624182851 -0.81642276 -9.414599 2.134431 -1.2327261 -0.95905846 0.27763826 994.67 
20150624182851 0.44352585 -10.520123 3.5553896 -0.98440933 -1.3451253 0.3472769 994.67 
20150624182851 0.8858546 -11.496358 2.392406 -1.1462886 -1.1844677 0.5665775 994.67 
20150624182851 0.22625206 -12.4947405 1.1587936 -1.3906348 -0.121256754 0.60048056 994.71 
20150624182851 0.7541735 -13.305178 1.5394717 -0.8542951 0.5198463 0.5751296 994.71 
20150624182851 3.229778 -11.932103 1.6531962 -0.14721853 -0.21013765 0.35521814 994.71 
20150624182851 6.293758 -11.089942 -0.023942016 -0.116980694 -0.9083566 0.13927728 994.71 
20150624182851 6.531981 -10.365098 0.65780693 0.18203785 -0.5360342 -0.014966198 994.71 
20150624182851 1.3347675 -11.154586 1.5328877 0.19517145 0.2968805 -0.1151481 994.71 
20150624182851 -2.8981812 -11.192294 3.970185 0.41416663 0.8542951 -0.54275376 994.71 
20150624182851 -7.5549035 -14.000094 2.569577 1.2156218 0.8906415 -1.0604621 994.71 
20150624182851 -6.0531406 -13.586496 -2.5552118 2.0793853 0.6963864 -1.0204504 994.71 
20150624182851 -4.156334 -12.610859 -3.870227 3.1917708 1.1438452 -0.42302418 994.75 
20150624182851 -4.948815 -14.562732 -3.5565867 2.6093109 1.0830641 -0.21471913 994.75 
20150624182851 -3.4302924 -13.2513075 -2.0015526 1.8637499 0.8686504 -0.54550266 994.75 
20150624182851 -1.8201919 -12.096106 -1.3976152 2.0415115 0.75319684 -0.5369505 994.75 
20150624182851 -1.0714053 -13.549985 3.0783448 2.6978865 -0.4783075 -0.48808134 994.75 
20150624182851 1.1216835 -11.6029 6.18542 3.0311134 -2.2073615 -0.5849035 994.75 
20150624182851 1.1174936 -10.487202 1.0594343 2.7097983 -3.37106 -0.72265357 994.75 
20150624182851 0.06584055 -9.235035 -6.0920463 1.8072448 -2.151162 -1.0729848 994.75 
20150624182851 -0.62967503 -6.323685 -2.8083985 1.7366899 2.777299 -1.3319917 994.75 
20150624182851 -0.91817635 -5.6521115 -3.6924577 1.6212363 4.755586 -1.2651019 994.78 
20150624182851 -2.1733365 -4.204817 -2.7563248 1.8093829 3.3948836 -1.1979067 994.78 
20150624182851 -3.638588 -1.8926164 -0.34237084 2.3839016 2.6004534 -0.97433007 994.78 
20150624182851 -3.277662 -1.4293385 0.26515785 2.3854287 2.4397957 -0.7257079 994.78 
20150624182851 -3.4745853 -1.8914193 0.45729253 1.2275337 1.7366899 -0.65026605 994.78 
20150624182851 -2.3116016 -3.8379054 1.5101427 0.10903945 1.7470746 -0.5714644 994.78 
20150624182851 -1.6699557 -8.645462 3.0550013 -1.2635747 1.6893479 -0.42271876 994.78 
20150624182851 1.134253 -15.865177 10.23222 -2.48164 1.1206323 -0.2947425 994.78 
20150624182851 2.0614076 -19.607914 17.527351 -2.9810224 0.6600399 -0.06719518 994.78 
20150624182851 -0.93134445 -16.427814 14.718953 -1.9230038 0.10445796 0.7144069 994.78 
20150624182851 -3.5889084 -8.6813755 7.421427 0.3286455 -0.7125743 1.0189233 994.78 
20150624182851 -5.4402246 -9.70789 -1.0468647 1.3274102 -0.37873647 -0.042455133 994.78 
20150624182851 -5.7766104 -12.982558 3.4111388 0.95417154 2.2794437 -0.3652974 994.78 
20150624182851 -4.460996 -12.56896 -2.7036524 0.14660765 3.036611 -0.15088372 994.78 
20150624182851 -1.3964181 -6.892308 -2.4690206 0.22693644 0.48075095 0.22388211 994.78 
20150624182851 0.9475053 -3.0723593 -6.320094 0.24740042 -1.4743233 0.17012598 994.78 
20150624182851 -1.9339164 -7.7452426 -2.6755204 0.48502702 -2.2779164 -0.06811147 994.78 
20150624182851 0.82360536 -10.657789 -5.683835 -0.5751296 -2.05098 -0.22327125 994.78 
20150624182851 -0.14065935 -9.049484 -9.116522 -1.1090258 -0.56413406 0.5726862 994.64 
20150624182852 -2.1266496 -9.8916445 -3.5805287 -1.1792754 -0.3726278 1.1554517 994.64 
20150624182852 -0.6332663 -16.130934 2.047641 -2.4627032 -2.19209 1.5012014 994.64 
20150624182852 6.1542954 -16.785149 7.32506 -2.9025261 -4.297437 2.3564126 994.64 
20150624182852 0.3357868 -10.083779 0.6063316 -2.4132233 -4.180456 2.165212 994.64 
20150624182852 -0.6913257 -7.9026613 -0.049081136 -1.7369953 -2.7733283 0.15302174 994.64 
20150624182852 -1.8513165 -6.1890116 0.7302315 -1.566564 -0.07666359 -0.45478916 994.64 
20150624182852 -2.7401638 -7.029975 -0.5255273 -1.320996 1.1612549 -0.043676864 994.64 
20150624182852 -1.3305776 -8.419808 -1.2372037 -1.2330315 0.40011674 -0.06383542 994.64 
20150624182852 0.39145198 -9.609727 -1.0833763 -1.3048081 -0.092240654 0.1777618 994.73 
20150624182852 0.39444473 -10.175956 0.26036942 -1.1927143 -0.6200282 0.23884831 994.73 
20150624182852 -0.25438392 -9.698313 2.7952304 -1.003957 -1.0033462 0.108123146 994.73 
20150624182852 -0.15622166 -9.100959 2.858677 -1.1737776 -1.2812898 0.105068825 994.73 
20150624182852 0.014963761 -8.97287 0.09816227 -1.5015068 -1.3041973 0.39003745 994.73 
20150624182852 0.32561144 -9.7563715 0.973243 -1.3646729 -0.8005389 0.57818395 994.73 
20150624182852 -0.074220255 -10.644621 3.7193923 -1.0943651 -0.1591304 0.569021 994.73 
20150624182852 -0.682946 -12.785636 3.726575 -1.0381655 -0.22510384 0.5039638 994.73 
20150624182852 1.46585 -13.646351 1.4101849 -0.84513205 -0.464563 0.3381139 994.73 
20150624182852 4.033033 -12.158954 -0.9756372 -0.29840767 -0.19456059 0.3203988 994.69 
20150624182852 5.6880245 -11.012131 -0.27952304 0.1966986 -0.1432479 0.28924468 994.69 
20150624182852 3.3464954 -10.233417 1.7944542 0.3979787 -0.4654793 -0.009468411 994.69 
20150624182852 -2.0967221 -9.881469 3.9282866 0.09285152 -0.004276057 -0.17898351 994.69 
20150624182852 -6.82946 -13.126809 5.1385555 0.8078693 0.96486163 -0.77549344 994.69 
20150624182852 -6.063316 -14.126389 -1.7741034 1.781283 0.537256 -1.001819 994.69 
20150624182852 -2.1200657 -12.3989725 -4.4807487 3.2000177 0.32436943 -0.6737844 994.69 
20150624182852 -3.141791 -15.076886 -5.3474493 3.1884112 0.8313876 -0.46303585 994.69 
20150624182852 -3.4614172 -16.184204 -2.7018566 2.1337523 0.2864958 -0.7492262 994.69 
20150624182852 -2.5222914 -14.553155 -0.4189853 1.6563611 0.5207626 -0.9074403 994.66 
20150624182852 -1.4694413 -13.549985 2.8095956 2.59465 -0.40133846 -0.70829827 994.66 
20150624182852 0.9923966 -12.504915 4.545392 3.4067955 -2.468812 -0.6102544 994.66 
20150624182852 1.7058687 -11.121067 2.3708582 3.6447275 -3.4480288 -0.57757306 994.66 
20150624182852 1.5292963 -9.674371 -2.7084408 2.0781636 -2.9926288 -0.9618073 994.66 
20150624182852 0.01316811 -7.750031 -6.1411276 1.1242975 1.6975945 -1.2400564 994.66 
20150624182852 -0.8230068 -5.5377884 -4.047398 1.4825699 5.2543573 -1.5845845 994.66 
20150624182852 -2.235586 -3.8774097 -4.172495 1.7742581 4.8973064 -1.6395624 994.66 
20150624182852 -2.8048072 -1.894412 -2.1751323 2.1801782 3.488957 -1.4071281 994.66 
20150624182852 -2.677316 0.22266077 0.65900403 2.377793 2.8707612 -0.8029824 994.73 
20150624182852 -2.6479871 -0.5291186 1.3192052 1.7986927 2.1642957 -0.5647449 994.73 
20150624182852 -2.2379801 -3.3913867 1.6238673 0.27305678 1.7259997 -0.4352415 994.73 
20150624182852 -0.13347675 -9.056666 1.3293805 -1.2617421 1.6670512 -0.31703907 994.73 
20150624182852 0.83737206 -15.775993 5.0002904 -2.6087 1.3292428 -0.21685717 994.73 
20150624182852 -2.3427265 -19.608511 14.736312 -3.2195654 1.067487 -0.08002335 994.73 
20150624182852 -1.7244238 -17.927183 19.608511 -2.4666739 0.9034697 0.634689 994.73 
20150624182852 -0.18495208 -8.973468 9.782708 0.54336464 -0.80848014 1.1792754 994.73 
20150624182852 0.019153614 -6.6391215 -0.6979098 2.0925188 -2.4565945 0.5103779 994.73 
20150624182852 -0.25977087 -8.637083 2.961029 1.5384641 0.10354166 -0.74464476 994.68 
20150624182852 -2.1877017 -11.056423 -0.44113165 0.41813725 4.0720277 -0.79626286 994.68 
20150624182852 -5.527613 -12.307394 -3.6613328 0.06688975 2.3533583 -0.29779682 994.68 
20150624182852 -3.5529952 -9.108142 -7.1227503 0.06078109 -1.1398746 -0.071776666 994.68 
20150624182852 -2.0739772 -9.177573 2.40318 -0.32528573 -2.1817052 0.21197024 994.68 
20150624182852 2.0320787 -10.036493 -3.840898 -0.089186326 -2.656653 0.26847526 994.68 
20150624182853 1.9806033 -8.831013 -9.378088 -0.013744468 -0.5693264 0.15485434 994.68 
20150624182853 -2.8909986 -7.6949644 -5.673061 -0.46120325 1.039998 0.61636305 994.68 
20150624182853 -4.0384197 -10.481815 -1.9871874 -2.0088303 -0.26511553 1.0177015 994.68 
20150624182853 -3.09271 -18.937536 3.3237505 -2.9529226 -3.5640934 1.7427986 994.59 
20150624182853 3.1549592 -13.535021 5.6257753 -2.8399124 -4.223522 2.3866506 994.59 
20150624182853 1.5059528 -8.619126 -0.5710171 -2.0861049 -3.9794817 1.920255 994.59 
20150624182853 0.64583594 -6.2608376 0.6206968 -1.3466524 -2.9727757 0.030848695 994.59 
20150624182853 -0.06404489 -5.394735 -1.1127052 -1.7583756 0.4538729 -0.41630468 994.59 
20150624182853 -0.78290397 -7.065888 -1.9614497 -1.5308284 1.7104226 -0.15790866 994.59 
20150624182853 -0.9840169 -8.213907 -0.11312603 -1.0213667 1.4636332 0.32406402 994.59 
20150624182853 -0.66498953 -9.516354 0.6811504 -1.2412782 -0.22479841 0.2932153 994.59 
20150624182853 -0.6991069 -10.647614 1.3479356 -1.2412782 -1.0644327 0.28099802 994.59 
20150624182853 -0.2645593 -10.637438 1.5239093 -1.1829406 -1.2492194 0.18875736 994.71 
20150624182853 0.38367084 -9.653421 0.9163807 -1.4489723 -1.0711522 0.34513888 994.71 
20150624182853 1.0408791 -10.411186 2.6737247 -1.2727377 -0.8188649 0.49632803 994.71 
20150624182853 0.32202014 -11.216236 2.8712463 -0.98807454 -0.6927212 0.5354234 994.71 
20150624182853 -1.4041992 -12.7335615 2.8550856 -1.144456 -0.5332854 0.5729916 994.71 
20150624182853 0.05327099 -13.860034 2.1589713 -0.9465357 0.054367006 0.41141775 994.71 
20150624182853 3.0190883 -12.207436 0.31004912 -0.30726522 -0.018325957 0.25778514 994.71 
20150624182853 5.415684 -10.939706 -0.5093664 -0.03634648 -0.49296826 0.28863382 994.71 
20150624182853 6.7881603 -9.555259 0.82599956 0.3594942 -0.5012149 0.15271631 994.71 
20150624182853 1.6005238 -9.661801 1.8142064 0.25503623 -0.08460484 -0.08155051 994.69 
20150624182853 -4.5244427 -11.628637 4.8482585 0.3231477 0.9147707 -0.32742378 994.69 
20150624182853 -7.302315 -14.37778 1.946486 1.142318 1.1856894 -1.0216721 994.69 
20150624182853 -3.5990837 -12.865841 -3.7301662 2.4422393 0.58459806 -0.86529064 994.69 
20150624182853 -2.2230163 -13.187263 -5.321712 3.3429601 0.782213 -0.2565634 994.69 
20150624182853 -2.8802247 -15.006258 -3.1705215 2.6755898 0.9578367 -0.42180246 994.69 
20150624182853 -2.795829 -13.8402815 -2.259528 1.5424347 0.84696466 -0.94897914 994.69 
20150624182853 -1.4251486 -12.331934 -0.700304 1.9679024 0.5531385 -0.96577793 994.69 
20150624182853 1.0031705 -12.952033 5.6443305 2.5729644 -1.1725558 -0.7440339 994.69 
20150624182853 1.602918 -12.17272 6.6044054 2.9898798 -2.486527 -0.55680364 994.55 
20150624182853 1.4915876 -10.43034 -2.0739772 2.314874 -3.9678752 -1.0919216 994.55 
20150624182853 0.99898064 -8.561067 -5.3474493 1.8093829 -0.8738427 -1.3713925 994.55 
20150624182853 -0.040102877 -6.8085113 -3.4344823 1.9205604 4.6346345 -1.450805 994.55 
20150624182853 -1.7465701 -6.8605847 -2.8628666 1.5778649 4.966029 -1.6423112 994.55 
20150624182853 -2.023699 -5.085883 -3.3554738 1.6178766 3.9498546 -1.5803084 994.55 
20150624182853 -3.6421793 -3.0095115 -1.5897499 1.8860464 3.2433891 -1.1010846 994.55 
20150624182853 -3.3925838 -0.7906851 -0.29867667 1.6786577 2.9523118 -0.8378017 994.55 
20150624182853 -3.2597055 -0.7565677 0.50278234 1.10139 2.4251351 -0.6010914 994.55 
20150624182853 -2.4690206 -3.879804 1.1677719 -0.09040806 2.1676552 -0.6087272 994.83 
20150624182853 -0.33279404 -8.803479 0.5422867 -1.1685852 1.9798143 -0.52534413 994.83 
20150624182853 -0.08200141 -16.196177 8.306085 -2.3774874 1.5986344 -0.30818152 994.83 
20150624182853 -1.7381904 -18.835184 16.39729 -2.765387 1.0705414 0.20372356 994.83 
20150624182853 -1.8231846 -15.327081 15.486894 -1.3096951 0.0 0.9233228 994.83 
20150624182853 -0.8415619 -9.138069 5.6108117 0.6588182 -1.1780536 1.0219775 994.83 
20150624182853 -0.92416185 -6.9120603 -0.24899697 1.8493946 -0.91904676 -0.19639318 994.83 
20150624182853 -2.1877017 -9.7007065 5.9346275 0.8582657 2.3435845 -0.6469063 994.83 
20150624182853 -3.6661212 -12.270883 -2.1894975 0.18845193 3.0451632 -0.5549711 994.83 
20150624182853 -4.453215 -12.293029 -5.2636523 0.051923547 0.95294976 -0.2648101 994.77 
20150624182853 -2.5875335 -7.6704235 -6.3129115 -0.12339478 -1.3319917 0.1591304 994.77 
20150624182853 -1.0755951 -8.222287 0.85173726 -0.23823744 -1.9587394 0.33964106 994.77 
20150624182854 1.4730326 -10.802039 -4.3658266 0.009162978 -2.2907448 0.16035213 994.77 
20150624182854 -0.3369839 -9.870695 -9.3260145 -0.12370021 -0.9972375 -0.06261369 994.77 
20150624182854 -3.4386723 -8.827422 -4.298789 -0.81245077 0.55741453 0.79198676 994.77 
20150624182854 -3.752911 -10.7912655 -2.235586 -2.4226916 -1.4352279 1.3164146 994.77 
20150624182854 -2.6713305 -19.608511 2.8520927 -2.933375 -4.022242 1.9981402 994.77 
20150624182854 4.1545386 -10.475829 4.1132383 -2.742785 -4.1215076 2.324953 994.77 
20150624182854 2.6420016 -7.909844 0.43275195 -1.8368717 -3.6651914 1.6581937 994.54 
20150624182854 0.52373165 -5.8149176 -0.3537433 -1.2140946 -2.3353379 0.24709499 994.54 
20150624182854 -0.32561144 -5.7143607 -2.7527335 -1.6988163 0.38820487 -0.5006041 994.54 
20150624182854 -1.62686 -7.2424603 -2.0272903 -1.2892311 2.2397375 -0.021685716 994.54 
20150624182854 -1.2587515 -8.836999 1.2629414 -1.1252137 0.38912117 0.044898596 994.54 
20150624182854 -0.5650316 -10.328587 2.3780408 -1.3487904 -1.6881261 0.16157386 994.54 
20150624182854 0.4333505 -10.505757 2.574964 -1.2321151 -2.151162 0.26083946 994.54 
20150624182854 1.388637 -10.242993 0.19812019 -1.1960741 -1.6966782 0.4382958 994.54 
20150624182854 1.6232687 -9.425972 -0.7332243 -1.3307699 -0.83658 0.56505036 994.54 
20150624182854 1.7998412 -10.00896 2.1523874 -0.95539325 -0.441961 0.45845437 994.75 
20150624182854 -0.6075287 -10.891224 2.966416 -0.7275405 -0.6762278 0.38881573 994.75 
20150624182854 -1.9153614 -12.073959 1.5035586 -1.1472049 -0.5045747 0.37384954 994.75 
20150624182854 0.36750996 -13.924079 1.0313023 -0.958753 0.30940324 0.35705075 994.75 
20150624182854 4.072537 -12.13561 0.29987377 -0.32589662 0.060170226 0.36468655 994.75 
20150624182854 5.973533 -10.679337 -0.7781156 -0.09896017 -0.65057147 0.34972036 994.75 
20150624182854 5.094861 -10.486604 1.3371617 0.09987647 -0.50946164 0.20616703 994.75 
20150624182854 0.58418524 -12.091916 0.065242 0.055588737 0.05131268 -0.03726278 994.75 
20150624182854 -2.1098902 -11.049839 3.6014779 0.20769419 0.5705481 -0.37568212 994.75 
20150624182854 -6.664859 -12.795811 3.7187939 0.77946407 0.8735373 -0.9599747 994.74 
20150624182854 -6.1279593 -13.15135 -2.2798786 1.5421293 0.72051555 -1.0412198 994.74 
20150624182854 -3.7588966 -11.959038 -3.5990837 3.0445523 0.86315256 -0.6453791 994.74 
20150624182854 -4.0318356 -13.5535755 -3.3859997 3.1144965 1.0806206 -0.2452624 994.74 
20150624182854 -2.823961 -12.992734 -1.5885528 1.9703459 0.4972443 -0.6224717 994.74 
20150624182854 -1.3227965 -11.71842 -1.0121487 1.7947221 0.6469063 -0.7284568 994.74 
20150624182854 0.89184016 -13.232154 0.53929394 2.44621 0.12003502 -0.63163465 994.74 
20150624182854 1.9099745 -13.487736 7.562086 3.0842586 -1.6184875 -0.71776664 994.74 
20150624182854 1.5699978 -11.084556 0.9600749 2.8530462 -3.0418036 -1.0512991 994.74 
20150624182854 0.35553896 -9.754577 -4.663306 1.9462167 -1.8848248 -1.3466524 994.66 
20150624182854 -0.025737667 -7.349002 -4.5076833 1.8759671 1.9046779 -1.466382 994.66 
20150624182854 -1.6035166 -6.8372416 -2.6001031 1.5607607 4.2788057 -1.3313808 994.66 
20150624182854 -2.1523874 -5.54557 -3.4512417 1.5103643 4.0814962 -1.2336423 994.66 
20150624182854 -3.5344403 -3.2836475 -1.4730326 1.9028453 3.1752775 -1.0345002 994.66 
20150624182854 -4.1198225 -1.4646529 -0.56203884 1.9303342 2.7162123 -0.7501425 994.66 
20150624182854 -3.3800142 -0.83617496 0.08319851 1.3274102 2.0610592 -0.54825157 994.66 
20150624182854 -3.2273839 -1.9524715 0.7374141 0.4550946 1.724778 -0.4016439 994.66 
20150624182854 -0.91219085 -6.5259953 0.5189432 -0.8906415 1.5635096 -0.2602286 994.66 
20150624182854 0.16699557 -11.506534 2.996942 -2.2461514 1.1618657 -0.10903945 994.86 
20150624182854 -0.26994625 -17.484257 9.976639 -2.948952 0.8903361 -0.0067195175 994.86 
20150624182854 0.60573304 -19.608511 18.783709 -2.5054638 0.6575964 0.67164636 994.86 
20150624182854 -0.0053869537 -10.736199 8.079233 -0.110872045 -0.36010507 1.269378 994.86 
20150624182854 -1.8477252 -7.9744873 -0.3196259 1.6081028 -1.6783522 0.013133603 994.86 
20150624182854 -2.2589293 -10.329783 1.353921 1.3759739 0.4615087 -0.8042041 994.86 
20150624182854 -4.4280763 -12.884995 -1.435324 0.49296826 2.9404 -0.68508536 994.86 
20150624182854 -5.66109 -10.006566 -2.2415714 -0.15882497 1.815797 -0.24495697 994.86 
20150624182855 -3.3506854 -5.497087 -3.8325183 -0.15027285 -1.2470814 0.19639318 994.86 
20150624182855 -1.6705543 -7.5267715 -1.1605892 0.09560041 -2.4156666 0.2855795 994.87 
20150624182855 1.9536686 -9.327211 -6.403891 0.17562376 -2.3765712 0.070554934 994.87 
20150624182855 0.090381116 -8.725668 -9.19553 -0.38912117 -0.4560109 0.36285394 994.87 
20150624182855 -2.8724434 -9.301474 -4.485537 -0.8026769 0.63224554 1.0384709 994.87 
20150624182855 -2.9358897 -15.6712475 -0.8511387 -1.8829921 -0.77640975 1.4596626 994.87 
20150624182855 4.322731 -16.767193 7.173627 -2.3787093 -3.68535 2.4086416 994.87 
20150624182855 1.5466543 -9.673173 3.6613328 -2.2773056 -4.492303 2.7348437 994.87 
20150624182855 0.97384155 -8.963891 -0.25617957 -1.9233092 -3.3173037 0.7846564 994.87 
20150624182855 -0.20649989 -6.5122285 -2.1559787 -1.5375478 -0.25870144 -0.59864795 994.87 
20150624182855 -2.1811178 -6.2674217 -2.295441 -1.1557571 1.928807 -0.1142318 994.66 
20150624182855 -2.7712884 -7.339425 0.7128736 -1.3875804 0.636827 -0.22418754 994.66 
20150624182855 -1.929128 -9.221867 2.4899697 -1.5176947 -0.16676621 -0.10934488 994.66 
20150624182855 -0.15562311 -10.209475 0.64703304 -1.2809844 -1.278541 0.24007004 994.66 
20150624182855 1.2982559 -10.284293 -1.3126211 -0.9419542 -1.3185526 0.42241332 994.66 
20150624182855 0.57760113 -10.061034 -0.18016368 -1.0155635 -0.65576386 0.43982297 994.66 
20150624182855 0.18914193 -9.496002 1.79206 -1.1563679 -0.62125 0.28405234 994.66 
20150624182855 0.66618663 -9.19134 3.2040405 -1.0299188 -1.149343 0.30085114 994.66 
20150624182855 0.7703344 -10.38904 1.6496049 -1.2208142 -1.1447614 0.53969944 994.66 
20150624182855 -0.19991584 -11.811195 1.395221 -1.3683381 -0.06505715 0.5852089 994.7 
20150624182855 -0.7224504 -13.223775 2.3241713 -0.8359691 0.6914995 0.51893 994.7 
20150624182855 1.3652935 -12.80479 1.8495208 -0.41141775 -0.004886922 0.30024028 994.7 
20150624182855 3.793014 -11.431715 -0.18794483 -0.29749137 -0.56199604 0.22479841 994.7 
20150624182855 4.5076833 -10.351331 -0.6835446 0.23823744 -0.39736784 0.12767084 994.7 
20150624182855 0.90620536 -11.229404 1.4879963 0.45478916 -0.19303341 -0.09987647 994.7 
20150624182855 -2.2559366 -10.869077 3.1848867 0.37140608 0.47952923 -0.4831944 994.7 
20150624182855 -7.796119 -13.005303 3.7361517 0.7901542 1.1517864 -0.956615 994.7 
20150624182855 -6.005256 -12.32116 -2.6473885 1.9187278 0.7861836 -1.0946705 994.7 
20150624182855 -3.9989154 -11.90457 -3.6942532 3.193909 0.6630942 -0.49205196 994.73 
20150624182855 -3.7858315 -13.15135 -3.1381998 3.2241468 0.84635377 -0.113926366 994.73 
20150624182855 -2.6150668 -12.802395 -1.9506758 2.1190915 0.4868596 -0.45937067 994.73 
20150624182855 -0.23822308 -11.990761 -0.89303726 1.7464638 0.35735616 -0.68294734 994.73 
20150624182855 2.883816 -13.821727 4.4861355 2.3014348 -0.47983465 -0.5742133 994.73 
20150624182855 2.0775685 -12.449849 7.056311 2.654515 -2.3188446 -0.58459806 994.73 
20150624182855 1.3090298 -11.15279 -0.5554548 2.1523838 -3.5527923 -1.2092078 994.73 
20150624182855 0.7870938 -8.744224 -6.11539 2.0665572 -1.7406605 -1.488984 994.73 
20150624182855 -0.33997664 -6.467936 -2.72939 2.0018053 2.8655689 -1.3408492 994.73 
20150624182855 -2.154183 -6.7725983 -1.7729063 1.7537941 4.6288314 -1.2012665 994.71 
20150624182855 -2.3139958 -5.675455 -2.4672248 1.6811012 3.7421606 -1.1184943 994.71 
20150624182855 -3.1884782 -4.045004 -1.1887212 1.8451185 2.2956316 -0.86101454 994.71 
20150624182855 -2.9777884 -3.5152867 -0.94690675 1.6362026 2.2470677 -0.79534656 994.71 
20150624182855 -2.8616695 -3.2261868 -0.15143326 1.0458013 1.9285016 -0.73639804 994.71 
20150624182855 -2.8652608 -3.2273839 1.0570401 0.24220806 1.8713857 -0.48716503 994.71 
20150624182855 -2.9352913 -5.103241 2.7521348 -0.56291234 1.6716328 -0.35155296 994.71 
20150624182855 -1.2641385 -7.436989 4.128801 -1.244027 1.310306 -0.33261612 994.71 
20150624182855 0.5327099 -14.607024 9.372701 -2.2638667 0.9950995 -0.12705997 994.71 
20150624182855 3.1070752 -19.327791 17.57404 -2.5369234 0.5540548 0.21685717 994.77 
20150624182855 4.4220905 -18.049887 15.253459 -1.7993035 -0.23518312 0.7877107 994.77 
20150624182855 -0.10414778 -9.625289 5.5886655 0.54367006 -0.782213 0.91324353 994.77 
20150624182855 -3.1621418 -8.507795 0.1592144 1.5470163 -0.2012801 -0.51251596 994.77 
20150624182856 -3.7104142 -12.827534 2.7802668 0.6765333 2.3130412 -0.76083267 994.77 
20150624182856 -4.569334 -9.901221 -6.3422403 0.23518312 1.9404135 -0.54367006 994.77 
20150624182856 -3.815759 -5.981913 -6.199785 0.2574797 0.12950343 -0.03573562 994.77 
20150624182856 -3.4650085 -5.397129 -2.0919337 0.026267206 -0.82986045 0.087964594 994.77 
20150624182856 -2.8389246 -11.130045 -1.0833763 -0.17867808 -2.0882428 -0.080634214 994.77 
20150624182856 1.5777789 -10.266935 -8.779537 -0.7483099 -1.3316863 -0.052839845 994.81 
20150624182856 -1.7046716 -7.8188643 -6.5032506 -0.44073927 -0.37018433 0.8536842 994.81 
20150624182856 -2.1613655 -10.308834 -1.857302 -1.3396275 -0.44776422 1.5604553 994.81 
20150624182856 -1.804031 -19.562424 2.6210523 -2.325564 -2.4834726 1.7302758 994.81 
20150624182856 5.725135 -10.7356 4.061165 -2.7605 -3.9080105 2.2220223 994.81 
20150624182856 1.6681601 -9.231443 0.12389994 -2.336865 -3.4645221 2.0418172 994.81 
20150624182856 0.49081135 -7.463924 -0.15502456 -1.2925909 -1.9602666 -0.18692477 994.81 
20150624182856 -1.5245079 -6.2225304 -0.27593175 -1.486846 0.45906523 -0.6936375 994.81 
20150624182856 -2.629432 -7.193379 -1.1180922 -1.5109752 0.82436264 -0.2284636 994.81 
20150624182856 -1.8273745 -8.517971 -0.05746084 -1.3081679 0.31215215 -0.023518313 994.72 
20150624182856 -0.92296475 -9.58818 0.75956047 -1.1948525 -0.40103304 0.13500121 994.72 
20150624182856 0.24301147 -10.457873 -0.05746084 -1.1242975 -1.1032226 0.3539964 994.72 
20150624182856 0.7637503 -10.298658 -0.26994625 -1.0534371 -1.294118 0.32803464 994.72 
20150624182856 0.012569559 -9.685144 0.22505496 -1.1893547 -0.9334021 0.32284227 994.72 
20150624182856 0.10354923 -8.988432 1.4089876 -1.1618657 -1.0454959 0.31490102 994.72 
20150624182856 0.094570965 -9.731233 2.843713 -1.0430524 -1.1725558 0.4538729 994.72 
20150624182856 -0.5554548 -11.624448 2.8281507 -1.2180653 -0.7644979 0.46853364 994.72 
20150624182856 -0.320823 -12.592304 2.2691047 -1.1230757 0.20280726 0.3943135 994.72 
20150624182856 1.1109096 -13.415909 1.5867572 -0.63499445 0.28191432 0.37965274 994.75 
20150624182856 3.4488475 -11.242573 0.54168814 -0.09896017 -0.46731192 0.26175576 994.75 
20150624182856 5.177461 -10.31063 -0.9403227 0.16584991 -0.79045963 0.098043874 994.75 
20150624182856 4.410718 -9.845556 0.1400608 0.4129449 -0.44715336 -0.09712757 994.75 
20150624182856 -0.89782566 -11.21444 4.308366 0.46089783 0.007330383 -0.2919936 994.75 
20150624182856 -7.9188223 -13.998898 2.3145945 0.7476991 0.6966918 -0.93554014 994.75 
20150624182856 -5.9986725 -13.590087 -2.717419 2.125811 0.68569624 -1.0030408 994.75 
20150624182856 -2.9670146 -12.053609 -4.9440265 3.0741794 0.3848451 -0.5589417 994.75 
20150624182856 -3.9558198 -14.736312 -4.4963107 3.0839531 0.22907446 -0.07269296 994.75 
20150624182856 -2.4678235 -13.787609 -0.8391677 1.883603 -0.109650314 -0.5412266 994.7 
20150624182856 -1.0564415 -12.048222 1.3862427 1.5778649 -0.0027488936 -0.8240572 994.7 
20150624182856 1.2192472 -13.302783 5.113416 2.2229385 -0.80848014 -0.7657196 994.7 
20150624182856 1.8543092 -12.170924 4.06715 3.1517591 -2.8038714 -0.8213083 994.7 
20150624182856 1.8219875 -10.4405155 1.264737 3.1154127 -3.393051 -0.8341365 994.7 
20150624182856 1.1510124 -9.109339 -3.2914288 1.784032 -1.8637499 -0.92485 994.7 
20150624182856 -0.4818331 -7.6093717 -4.9039235 1.171945 1.8197676 -1.0848967 994.7 
20150624182856 -1.5747862 -6.683414 -2.3002293 1.3084733 4.3988404 -1.3384057 994.7 
20150624182856 -1.8004397 -5.059547 -3.7104142 1.4602734 4.2100835 -1.2241739 994.7 
20150624182856 -3.1310172 -2.9215245 -1.0283096 1.7553213 2.7177396 -1.0671816 994.75 
20150624182856 -2.710835 -1.4347254 -0.7230489 1.8002199 2.3640485 -0.8518516 994.75 
20150624182856 -2.5252843 -1.3497312 0.016759412 1.35551 1.9315559 -0.58093286 994.75 
20150624182856 -2.5773582 -2.8700492 0.94331545 0.57848936 1.7742581 -0.4071417 994.75 
20150624182856 -1.0827777 -6.495469 1.1145009 -0.71959925 1.8234328 -0.32589662 994.75 
20150624182856 -0.61052144 -11.376049 3.122039 -1.8041905 1.647809 -0.21899518 994.75 
20150624182856 -0.10235212 -15.591042 9.855133 -2.4755313 1.3909402 -0.03176499 994.75 
20150624182856 0.7044938 -18.245014 18.30846 -2.300824 0.5338962 0.35613444 994.75 
20150624182856 0.05746084 -15.337854 12.1044855 -0.7171558 -0.5983425 0.9477574 994.75 
20150624182857 -0.25857377 -10.254366 4.718373 0.8885035 -1.745242 0.37751472 994.69 
20150624182857 -0.8158242 -8.4425535 1.0749966 1.1646146 0.26267207 -0.6453791 994.69 
20150624182857 -1.0803835 -7.854179 4.8560395 0.5525276 2.2944098 -0.9062186 994.69 
20150624182857 -4.3424835 -9.74859 1.0540473 0.07880162 1.9788979 -0.8371908 994.69 
20150624182857 -6.413468 -12.171523 -4.623802 -0.08827003 0.13836098 -0.36010507 994.69 
20150624182857 -2.2140381 -8.780735 -3.1352072 -0.5164866 -0.98929626 0.0842994 994.69 
20150624182857 -1.5664065 -8.641273 -0.6434417 -0.5766568 -1.4370605 0.5119051 994.69 
20150624182857 -0.7062895 -9.611523 -3.3686419 0.01740966 -2.0402899 0.083383106 994.69 
20150624182857 -0.074220255 -8.5778265 -7.2646065 -0.28008172 -1.0005972 0.05131268 994.69 
20150624182857 -2.8772318 -7.1502833 -5.687426 -0.56291234 0.22693644 0.8026769 994.55 
20150624182857 -3.2345665 -11.370064 -2.9400797 -1.3518448 -0.45875978 1.2959507 994.55 
20150624182857 0.12030864 -19.49359 2.202067 -2.314874 -2.8362474 1.7757853 994.55 
20150624182857 3.5990837 -9.523536 1.3311762 -2.574797 -3.7232237 2.402533 994.55 
20150624182857 1.079785 -9.258977 1.7250223 -1.9300288 -3.6077702 2.261423 994.55 
20150624182857 0.049679685 -6.4380083 0.7164649 -1.3249667 -2.7461448 -0.355829 994.55 
20150624182857 -1.340753 -6.5469446 -0.7248446 -1.9413297 0.07941248 -0.46578476 994.55 
20150624182857 -1.3772645 -8.002619 -1.8207904 -1.6545285 1.6548339 -0.05375614 994.55 
20150624182857 -1.2467805 -9.193734 -0.11133038 -1.0112875 0.915687 0.1255328 994.55 
20150624182857 -0.24361002 -10.1621895 1.2808979 -1.1187997 -1.2907583 0.14202617 994.73 
20150624182857 0.6931214 -10.63684 1.0426749 -1.153619 -2.000889 0.2874121 994.73 
20150624182857 0.78410107 -9.705495 0.033518825 -0.8717047 -1.7150042 0.38423425 994.73 
20150624182857 0.4818331 -9.215282 0.37349546 -1.0403035 -1.3417655 0.4804455 994.73 
20150624182857 0.55365914 -10.128671 1.858499 -1.1643091 -0.8246681 0.48899764 994.73 
20150624182857 -0.5638345 -10.9899845 3.4374752 -1.0421361 -0.33475417 0.50793445 994.73 
20150624182857 -1.0947487 -11.233594 2.473809 -1.2269229 -0.10170906 0.4654793 994.73 
20150624182857 -0.075417355 -12.4151325 1.1186907 -1.0164797 -0.06566802 0.35094208 994.73 
20150624182857 2.4768016 -12.40795 0.47285482 -0.18936823 -0.4654793 0.3915646 994.73 
20150624182857 4.2371383 -11.287464 -0.78050977 -0.013744468 -0.784351 0.38240165 994.74 
20150624182857 5.143344 -10.547656 -0.22266077 0.032375857 -0.6444628 0.24373524 994.74 
20150624182857 3.5122938 -10.652402 0.092176765 0.086437434 -0.2003638 0.24373524 994.74 
20150624182857 -1.7968484 -11.712435 1.3072342 0.06169739 0.28527406 -0.16126843 994.74 
20150624182857 -4.1138372 -10.104729 4.6806645 0.32436943 0.7367035 -0.6942484 994.74 
20150624182857 -6.547543 -11.789648 2.3385365 1.1502593 0.72173727 -0.95630956 994.74 
20150624182857 -3.7594953 -12.337321 -3.8109705 2.6163359 0.11148291 -0.7516697 994.74 
20150624182857 -3.527856 -13.612234 -4.1132383 3.2473598 0.7706065 -0.42730024 994.74 
20150624182857 -2.4486697 -13.697826 -3.5182793 2.663067 0.600786 -0.4636467 994.74 
20150624182857 -0.7673417 -12.608464 0.109534726 1.7058412 0.23976462 -0.6062838 994.69 
20150624182857 0.6003461 -12.8371105 1.311424 1.892155 -0.17104226 -0.6462954 994.69 
20150624182857 1.2401965 -14.519037 4.9757495 2.4251351 -1.7763962 -0.7910705 994.69 
20150624182857 1.5065514 -11.859678 3.4542346 3.140458 -2.7250698 -0.8918633 994.69 
20150624182857 1.073201 -10.002377 -1.0666169 2.7571404 -2.5103507 -0.9914343 994.69 
20150624182857 -0.19752164 -8.561666 -4.663905 1.9654589 -0.054061573 -0.9837985 994.69 
20150624182857 -1.6651673 -7.2592196 -3.6661212 1.4071281 2.7189612 -1.1004738 994.69 
20150624182857 -2.1428106 -6.603807 -3.2848446 1.0629056 4.2510114 -1.0757337 994.69 
20150624182857 -3.5901055 -5.092467 -2.5941176 1.1908818 3.5876117 -1.0094548 994.69 
20150624182857 -4.68246 -2.3828292 -0.84694886 1.5448782 2.4291058 -0.93401295 994.7 
20150624182857 -3.6469676 -0.93254155 -0.39444473 1.7757853 2.1285598 -0.84116143 994.7 
20150624182857 -2.0159178 -2.4468741 0.2813187 1.4080443 1.8594738 -0.6603453 994.7 
20150624182857 -1.1683705 -5.6138043 0.2873042 0.3231477 2.0412061 -0.6056729 994.7 
20150624182857 -1.5316905 -8.882488 2.2284033 -1.1856894 1.917506 -0.38148534 994.7 
20150624182858 -1.9973627 -12.649166 6.375759 -2.1181753 1.5604553 -0.16646078 994.7 
20150624182858 -2.0021513 -16.448765 13.18846 -2.0002782 1.0720685 0.4120286 994.7 
20150624182858 2.7844565 -15.540165 16.621746 -1.2739595 0.019547688 0.87872964 994.7 
20150624182858 0.55246204 -12.504317 7.234679 -0.30848694 -0.9599747 0.9978484 994.7 
20150624182858 -1.0193313 -10.177153 3.1465795 0.49388456 -0.63804877 -0.15974127 994.66 
20150624182858 -0.6847417 -8.137892 1.3497312 0.9999864 2.0906863 -0.64996064 994.66 
20150624182858 -2.3511062 -9.916783 1.6352397 0.7883216 2.0186043 -0.68966687 994.66 
20150624182858 -7.3627687 -10.874464 -3.4422636 0.06811147 0.9990701 -0.6035349 994.66 
20150624182858 -7.2185183 -9.910199 -1.7286136 -0.4792238 -0.96791595 0.034208454 994.66 
20150624182858 -4.040814 -8.094796 4.355053 -0.57940567 -1.702176 0.44898596 994.66 
20150624182858 2.7257986 -8.183381 -6.8809357 -0.022907447 -2.0179935 0.49938235 994.66 
20150624182858 1.1133038 -9.957485 -8.624513 0.5140431 -0.8045095 0.5155703 994.66 
20150624182858 -2.8868086 -7.8942814 -5.180454 -0.7165449 0.7504479 0.73548174 994.66 
20150624182858 -2.505532 -9.822811 -2.3505075 -1.8301523 -1.1230757 1.0125091 994.54 
20150624182858 -2.0129251 -19.564817 0.53689975 -2.317928 -3.0430253 1.5775595 994.54 
20150624182858 3.2734723 -11.535264 3.5284548 -1.9489655 -3.7201693 2.166739 994.54 
20150624182858 1.2731167 -8.765771 3.1148565 -1.7046194 -3.2085698 2.005776 994.54 
20150624182858 0.6434417 -7.687782 -0.8888474 -1.0931433 -2.123673 0.08307768 994.54 
20150624182858 -0.789488 -6.929418 -2.4534583 -1.5763378 0.7287622 -0.37018433 994.54 
20150624182858 -2.2798786 -7.6410947 -2.44029 -1.1264355 1.9981402 -0.18967366 994.54 
20150624182858 -2.3840263 -8.504205 0.10654198 -1.1475104 0.13439035 -0.39767328 994.54 
20150624182858 -2.3110032 -9.617508 2.0338743 -1.2644911 -1.0665708 -0.21563543 994.54 
20150624182858 -1.3664906 -10.307038 1.4628572 -1.1178834 -1.7956384 0.09162979 994.79 
20150624182858 0.42916065 -10.1226845 0.10055647 -1.0601566 -1.4633276 0.21410827 994.79 
20150624182858 0.7350199 -9.580399 -0.86969376 -1.1304061 -0.6227771 0.34483343 994.79 
20150624182858 0.7457938 -9.186552 0.97743285 -0.92271197 -0.30848694 0.39767328 994.79 
20150624182858 0.18794483 -9.500791 2.480393 -0.91354895 -0.6783658 0.3484986 994.79 
20150624182858 -0.6422446 -10.674548 1.3150153 -1.024421 -0.8958339 0.37568212 994.79 
20150624182858 -0.99778354 -11.027693 1.2635399 -0.88239485 -0.47586402 0.33444872 994.79 
20150624182858 -1.3174095 -11.997345 1.678934 -0.5833763 0.20769419 0.3491095 994.79 
20150624182858 0.50517654 -12.813169 1.0079589 -0.30940324 -0.052839845 0.28099802 994.79 
20150624182858 2.822764 -11.805809 -0.16759412 -0.17379116 -0.48441613 0.21899518 994.7 
20150624182858 3.8750155 -10.819398 0.37828386 0.06780604 -0.5158757 0.2012801 994.7 
20150624182858 4.1425676 -11.086351 1.8183962 0.113926366 -0.54733527 0.0143553335 994.7 
20150624182858 2.327164 -11.204864 0.70509243 0.020463986 -0.10567969 -0.10262536 994.7 
20150624182858 -0.4321534 -11.2928505 1.9859903 0.32467487 0.4578435 -0.25778514 994.7 
20150624182858 -5.4563856 -10.587758 4.863222 0.81031275 0.7852673 -0.75655663 994.7 
20150624182858 -7.8912888 -11.7268 0.7882909 1.5858061 0.68630713 -0.8188649 994.7 
20150624182858 -2.747945 -10.241198 -3.1334114 2.666427 0.8949176 -0.34666604 994.7 
20150624182858 -2.9616275 -13.135788 -3.83192 3.196658 1.1242975 0.3930918 994.7 
20150624182858 -1.6370354 -13.75409 -2.059612 2.2266037 0.6948592 -0.09621128 994.67 
20150624182858 -0.09876082 -12.045827 0.25797522 1.6652187 0.27855456 -0.59131753 994.67 
20150624182858 -0.6392518 -13.257892 1.5143325 1.8704693 -0.19700404 -0.6795876 994.67 
20150624182858 -0.011372458 -12.373833 5.474941 2.5024095 -1.534799 -0.8228355 994.67 
20150624182858 -0.108936176 -10.055049 3.5727475 2.5170703 -2.6871963 -0.81245077 994.67 
20150624182858 -0.53330845 -8.622119 -1.4742297 1.5830573 -2.7006352 -0.7840455 994.67 
20150624182858 -1.4790181 -8.369531 -4.993706 1.3274102 -0.45662177 -0.9263771 994.67 
20150624182858 -1.4802152 -7.6823945 -1.827973 1.461495 2.6832256 -1.0134255 994.67 
20150624182858 -1.6490064 -6.8228765 -0.8499416 1.3857478 3.450167 -0.87109387 994.67 
20150624182858 -2.1170728 -5.3863554 -1.6005238 1.5473217 2.3979516 -0.89461213 994.73 
20150624182859 -2.818574 -4.2491093 0.08499416 1.9220876 1.7058412 -0.8717047 994.73 
20150624182859 -3.1771057 -3.0819361 0.18435353 1.5897768 1.9263636 -0.8897252 994.73 
20150624182859 -3.4183214 -2.6563668 0.9223662 0.8622363 1.7684549 -0.76052725 994.73 
20150624182859 -2.5432408 -4.6279917 1.869273 -0.15821409 1.6578883 -0.40866885 994.73 
20150624182859 -1.0881647 -7.9954367 2.1392193 -1.2290609 1.4355333 -0.07086037 994.73 
20150624182859 -0.09935937 -12.345102 6.0483522 -2.1673498 1.0173961 0.16157386 994.73 
20150624182859 0.8607155 -17.147272 11.812991 -2.4437664 0.8536842 0.41263947 994.73 
20150624182859 3.063381 -16.265608 16.042948 -1.5213599 0.32253686 0.8695667 994.73 
20150624182859 -0.338181 -10.626065 7.8386164 0.059253927 -0.7119634 0.8393288 994.69 
20150624182859 -0.6835446 -9.035717 3.3824084 0.605062 -0.98807454 -0.28893927 994.69 
20150624182859 -2.9311013 -12.31278 -0.19512744 0.6169739 1.4278975 -0.5723807 994.69 
20150624182859 -4.4155064 -13.743317 0.7966706 0.41630468 1.9941696 -0.6930266 994.69 
20150624182859 -5.5964465 -9.659407 -0.86849666 -0.08246681 1.2971723 -0.32467487 994.69 
20150624182859 -5.81791 -5.834071 -0.5009867 -0.17623462 -0.91232723 0.050396383 994.69 
20150624182859 -3.4614172 -5.155315 -1.002572 0.12003502 -1.922393 0.065973446 994.69 
20150624182859 1.13964 -9.4774475 -5.965752 0.17867808 -2.0653355 0.11728613 994.69 
20150624182859 0.49200845 -9.383475 -8.511387 -0.24556783 -0.33200526 0.6835582 994.69 
20150624182859 -1.4981717 -8.814852 -4.8853683 -0.6969972 0.35185838 1.1823297 994.59 
20150624182859 -1.1917139 -15.829265 -1.6436194 -1.63437 -0.61636305 1.4248432 994.59 
20150624182859 4.3424835 -15.71554 4.3424835 -1.9336939 -3.1083877 1.9156734 994.59 
20150624182859 1.7806876 -10.237008 7.12694 -1.6038266 -3.5708127 1.9086485 994.59 
20150624182859 0.8499416 -9.334992 1.0929531 -1.3399329 -2.9263499 0.6035349 994.59 
20150624182859 -1.0564415 -7.5004354 -2.4271219 -1.7006488 -0.5531385 -0.6243043 994.59 
20150624182859 -2.8078 -7.627328 -2.2589293 -0.754724 1.815797 -0.3191771 994.59 
20150624182859 -3.3662477 -7.463924 0.80924016 -1.0192287 0.4578435 -0.593761 994.59 
20150624182859 -2.5995045 -8.794501 3.0376434 -1.5070046 -0.2843578 -0.3839288 994.59 
20150624182859 -0.03232172 -9.824008 1.3694834 -1.3008375 -1.067487 0.15118915 994.76 
20150624182859 1.2623428 -10.409989 -0.32920274 -0.74097955 -1.351234 0.44501534 994.76 
20150624182859 1.5448587 -10.412982 -0.581791 -0.61391956 -0.45142943 0.44898596 994.76 
20150624182859 1.0522517 -10.020931 -0.59735334 -0.77457714 0.02443461 0.3631594 994.76 
20150624182859 0.05865794 -9.500193 0.12330139 -1.0512991 9.162979E-4 0.26725355 994.76 
20150624182859 -0.9588778 -9.586384 2.2936451 -1.1282681 -0.31490102 0.24404067 994.76 
20150624182859 -1.2838906 -10.454881 3.477578 -1.0955868 -0.45814893 0.25228736 994.76 
20150624182859 -0.76315176 -10.895413 2.0578163 -1.0485502 -0.4288274 0.24404067 994.76 
20150624182859 0.046088383 -11.80521 0.7212533 -0.6795876 -0.18142697 0.2828306 994.76 
20150624182859 1.1013328 -11.758523 1.0923545 -0.28344148 -0.022296581 0.2950479 994.64 
20150624182859 2.6192567 -11.011532 0.9127894 -0.113926366 -0.19303341 0.19792034 994.64 
20150624182859 3.457826 -11.207258 0.7422025 -0.01038471 -0.41905355 0.10629055 994.64 
20150624182859 2.6856956 -11.045051 0.98102415 0.1301143 -0.13469578 -0.029626964 994.64 
20150624182859 -0.63206923 -11.300034 3.1238346 0.34055737 0.47708577 -0.19303341 994.64 
20150624182859 -5.4982843 -11.964424 4.100669 0.754724 0.86437434 -0.6560693 994.64 
20150624182859 -7.019799 -12.046426 0.40162733 1.7828102 0.9016371 -0.784351 994.64 
20150624182859 -3.6224272 -11.191097 -2.9634233 2.7183504 0.49602258 -0.35613444 994.64 
20150624182859 -3.0244753 -13.922881 -5.0667295 3.0424144 0.5821546 0.15515977 994.64 
20150624182859 -1.5969325 -14.082096 -1.7340006 2.234545 0.60903263 -0.31429017 994.73 
20150624182859 0.27832595 -12.246941 0.17357962 1.6862935 0.3472769 -0.6178902 994.73 
20150624182859 1.6861166 -13.492524 4.274847 1.9117028 -1.058324 -0.5693264 994.73 
20150624182859 0.45669398 -12.349891 7.691373 2.5308146 -2.8735101 -0.677755 994.73 
20150624182859 0.2657564 -10.340557 0.6434417 2.2623394 -3.862501 -0.9111055 994.73 
20150624182859 -0.08080431 -8.418014 -5.089474 1.5711454 -2.5662448 -1.1038336 994.73 
20150624182900 -0.7757214 -6.963536 -3.5314474 1.5671748 1.0815369 -0.99082345 994.73 
20150624182900 -1.4329298 -7.0928226 -2.0506337 1.3600914 3.8762455 -0.91446525 994.73 
20150624182900 -1.3317747 -6.4404025 -2.5306711 1.707063 3.751018 -0.8524625 994.73 
20150624182900 -2.694674 -5.0002904 -0.22565351 2.141999 2.4691174 -0.77366084 994.67 
20150624182900 -2.6078842 -3.6409822 0.3226187 2.2629502 2.3157902 -0.79259765 994.67 
20150624182900 -2.5498247 -2.6048915 0.5674258 1.5803084 1.7519615 -0.8671232 994.67 
20150624182900 -2.5971103 -2.7072437 0.94451255 0.69913524 1.4902058 -0.7290677 994.67 
20150624182900 -2.3451207 -4.7339354 1.7340006 -0.4373795 1.5693128 -0.60139686 994.67 
20150624182900 -1.400608 -7.848193 2.202067 -1.4538593 1.4095715 -0.35979962 994.67 
20150624182900 0.06284779 -12.972981 6.9701195 -2.2770002 1.1212431 -0.031154128 994.67 
20150624182900 0.5506664 -17.357962 13.132196 -2.4336872 0.9315695 0.37782016 994.67 
20150624182900 2.6803088 -16.175825 15.780184 -1.5906931 0.18325958 0.95142263 994.67 
20150624182900 -1.1749545 -11.3551 7.3388267 -0.2947425 -1.2324207 0.8579602 994.7 
20150624182900 -2.445677 -9.952697 2.6042929 0.5693264 -0.74189585 -0.19272798 994.7 
20150624182900 -4.1198225 -11.435306 -0.18734628 0.77457714 2.2342396 -0.3659083 994.7 
20150624182900 -4.5082817 -9.844358 3.2124202 0.42943826 2.581822 -0.29840767 994.7 
20150624182900 -4.022857 -11.46224 -0.75357497 -0.26175576 0.99021256 -0.1001819 994.7 
20150624182900 -1.3018472 -9.876082 -2.5713725 -0.37934732 -1.3432927 0.04337143 994.7 
20150624182900 -0.7721301 -6.795343 -1.6089035 -0.21533 -1.645671 0.30634892 994.7 
20150624182900 -0.91817635 -6.863578 -3.5739446 0.34208453 -1.9727893 -0.05681047 994.7 
20150624182900 -0.6368576 -7.85777 -6.213552 -0.064446285 -1.4071281 -0.2593123 994.7 
20150624182900 -2.8191724 -7.5561004 -4.301782 -0.7883216 -0.095294975 0.3539964 994.6 
20150624182900 -2.8353333 -10.238804 -1.9716251 -1.3231341 -0.17562376 0.9993755 994.6 
20150624182900 -1.4496891 -19.60073 1.5945383 -1.9110919 -2.2489004 1.7195857 994.6 
20150624182900 6.259042 -10.590752 3.7684734 -1.9144517 -3.4611626 2.579073 994.6 
20150624182900 0.47465047 -9.232041 2.6288335 -1.565953 -2.631302 2.7036896 994.6 
20150624182900 0.36391866 -7.99005 -1.2587515 -1.1997393 -1.5198327 0.007941248 994.6 
20150624182900 -1.1773487 -6.8839283 -1.7010803 -1.320996 1.5268577 -0.67103547 994.6 
20150624182900 -2.5875335 -7.439383 -0.53091425 -0.9807441 1.600467 -0.29749137 994.6 
20150624182900 -2.404377 -8.387487 1.5095441 -1.2278391 -0.09682214 -0.5149594 994.6 
20150624182900 -1.7100586 -9.500791 1.8423382 -1.2901474 -1.4110987 -0.1432479 994.78 
20150624182900 -0.18435353 -10.156802 0.4842273 -0.945314 -1.679574 0.25259277 994.78 
20150624182900 1.0708067 -9.954493 -0.22385786 -0.7706065 -1.0543534 0.30909783 994.78 
20150624182900 1.2192472 -9.577405 0.219668 -0.874759 -0.32467487 0.3594942 994.78 
20150624182900 0.8098387 -9.57561 -0.54168814 -1.0485502 0.08368854 0.2968805 994.78 
20150624182900 -0.3585317 -9.755774 0.44711718 -0.98654735 -0.21624629 0.3173445 994.78 
20150624182900 -1.7322049 -10.251373 2.8939912 -0.97219205 -0.38637227 0.3735441 994.78 
20150624182900 -2.546832 -11.073781 2.4516625 -1.1557571 -0.23365596 0.32498032 994.78 
20150624182900 -1.4915876 -12.106281 1.0761937 -1.1270463 0.042760566 0.2996294 994.78 
20150624182900 1.1079168 -12.352883 0.94331545 -0.75502944 0.2947425 0.35277468 994.68 
20150624182900 3.496133 -12.045827 0.25318682 -0.28313604 0.0067195175 0.37690386 994.68 
20150624182900 4.617218 -11.965622 0.29029694 0.017104227 -0.768163 0.25167647 994.68 
20150624182900 4.3580456 -11.660361 1.2587515 0.06505715 -0.6206391 0.02107485 994.68 
20150624182900 1.9351135 -11.851897 0.41180268 0.048258353 0.15607607 -0.14263703 994.68 
20150624182900 -1.3042414 -10.16578 3.3991678 0.46975538 0.51159966 -0.59498274 994.68 
20150624182900 -7.0700774 -11.716026 3.0819361 1.0687088 0.88453287 -0.97219205 994.68 
20150624182900 -6.654085 -12.565968 -2.3594859 1.9856175 0.79351395 -0.9053023 994.68 
20150624182900 -3.0148985 -10.691906 -3.7379475 3.1227431 1.0296134 -0.16737708 994.68 
20150624182900 -4.2000284 -13.879786 -4.5765166 2.8573222 1.2406673 0.1591304 994.66 
20150624182900 -2.0757728 -13.010691 -0.52373165 2.0879374 0.7703011 -0.50823987 994.66 
20150624182901 -0.19752164 -12.403162 0.22026655 1.9654589 0.22693644 -0.6939429 994.66 
20150624182901 1.9297266 -13.545197 5.044583 2.3295345 -0.99082345 -0.56138515 994.66 
20150624182901 1.5903485 -11.991958 4.2425256 2.7937922 -3.0863967 -0.6411031 994.66 
20150624182901 1.0702082 -10.242394 -1.7513585 2.0867157 -3.620293 -0.915687 994.66 
20150624182901 -0.093373865 -8.1720085 -4.988918 1.6765196 -1.4648548 -1.2415836 994.66 
20150624182901 -1.0007763 -6.655881 -2.4319103 1.8081611 2.7320948 -1.3542882 994.66 
20150624182901 -1.6124948 -6.8970966 -2.3475149 1.704925 4.1114287 -1.2641857 994.66 
20150624182901 -2.332551 -5.6042275 -1.7633295 1.8735237 3.2436945 -1.1227703 994.75 
20150624182901 -3.4195185 -3.6649241 -0.12030864 2.1120665 2.532342 -0.9288206 994.75 
20150624182901 -2.6599581 -2.8909986 -0.11911154 1.8096883 2.2201898 -0.81092364 994.75 
20150624182901 -2.7886465 -2.5330653 0.362123 0.8744536 1.676825 -0.73548174 994.75 
20150624182901 -2.3918076 -3.8271315 0.8218097 0.08032878 1.636508 -0.5858198 994.75 
20150624182901 -1.7058687 -6.455965 1.2707225 -0.86926126 1.493871 -0.37659842 994.75 
20150624182901 -1.4030021 -10.115502 3.603872 -1.756543 1.1313224 -0.21319197 994.75 
20150624182901 0.16938977 -14.668675 10.225037 -2.291661 0.79381937 -0.07269296 994.75 
20150624182901 1.6597804 -17.19396 17.48725 -2.21683 0.48502702 0.43554693 994.75 
20150624182901 2.2517467 -16.478094 13.089101 -0.8866709 -0.5195409 0.9486737 994.81 
20150624182901 -0.5189432 -11.204864 3.120842 0.8426886 -1.0189233 0.5006041 994.81 
20150624182901 -1.2150574 -8.219295 0.49799395 1.3341297 0.82924956 -0.30024028 994.81 
20150624182901 -3.0813377 -9.059659 6.8402343 0.86070913 2.6823094 -0.7058548 994.81 
20150624182901 -3.863643 -10.699687 2.9191303 0.092240654 1.971873 -0.7828238 994.81 
20150624182901 -4.1395745 -13.724761 -4.431069 -0.18417588 -0.70341134 -0.4083634 994.81 
20150624182901 -1.2473791 -8.3868885 -5.039196 -0.15241088 -1.3316863 0.1826487 994.81 
20150624182901 -3.3842041 -4.505289 -3.8959646 -0.06261369 -0.9071349 0.28802297 994.81 
20150624182901 -4.634576 -8.224682 1.0875661 -0.02076942 -1.7140878 -0.4343252 994.81 
20150624182901 0.3405752 -9.49301 -8.296508 -0.5751296 -1.0806206 -0.20952678 994.73 
20150624182901 -1.6867151 -8.53892 -6.6361284 -0.6041457 -0.29138273 0.95081174 994.73 
20150624182901 -2.0201077 -10.724228 -2.6970682 -1.2003502 -0.59131753 1.6826283 994.73 
20150624182901 -1.8537107 -19.123686 0.83378077 -2.593123 -2.6615398 1.7983873 994.73 
20150624182901 6.3338604 -12.767679 3.1118636 -2.8469374 -3.7775908 2.2101104 994.73 
20150624182901 2.8149827 -8.863934 1.7357962 -2.1233675 -3.681074 2.4162774 994.73 
20150624182901 0.8451532 -7.7829514 1.1575965 -1.2159272 -3.2134566 0.34391713 994.73 
20150624182901 -0.3321955 -6.355408 0.110133275 -1.7153096 -0.92179567 -0.80756384 994.73 
20150624182901 -1.9752164 -7.3549876 -0.44472298 -1.679574 0.69913524 -0.43676865 994.73 
20150624182901 -1.8231846 -8.619126 -1.4784195 -1.1111639 0.4202753 0.07086037 994.69 
20150624182901 -0.8762778 -9.838373 0.7104794 -0.820392 -0.7150178 0.1591304 994.69 
20150624182901 0.25797522 -10.428544 0.4321534 -0.93126404 -0.98532563 0.34330627 994.69 
20150624182901 0.6374562 -9.949704 -0.0724246 -1.0629056 -1.0528263 0.37598756 994.69 
20150624182901 -0.10594343 -9.405023 0.9091981 -1.1181889 -0.8145888 0.3472769 994.69 
20150624182901 -0.54767364 -9.634268 1.7262194 -1.0980303 -0.6936375 0.37690386 994.69 
20150624182901 -0.35434186 -10.383054 2.5031378 -1.0845913 -0.78954333 0.46273044 994.69 
20150624182901 0.65182143 -10.977415 1.8106151 -1.2971723 -0.68875057 0.5036584 994.69 
20150624182901 0.29029694 -12.447454 0.8972271 -1.138042 -0.054367006 0.56596667 994.69 
20150624182901 1.3724761 -12.601282 0.95588505 -0.5720753 -3.0543262E-4 0.53023106 994.66 
20150624182901 3.2249897 -11.031883 0.5243302 -0.2761111 -0.41874814 0.3109304 994.66 
20150624182901 5.053561 -10.433332 -0.36750996 -0.062308256 -0.68661255 0.13591751 994.66 
20150624182901 4.751293 -11.373655 0.15801731 0.19150625 -0.573297 -0.046120327 994.66 
20150624182901 0.7146692 -12.301409 1.1061212 0.13591751 0.13316862 -0.17928895 994.66 
20150624182901 -2.2900538 -11.638214 3.2106245 0.38240165 0.7254025 -0.65301496 994.66 
20150624182901 -7.265804 -13.166314 2.4396915 1.2318097 0.97341377 -1.0409144 994.66 
20150624182902 -6.1112 -12.583325 -2.3373394 2.176513 0.6921103 -1.0363328 994.66 
20150624182902 -3.4117374 -11.31799 -3.352481 3.2305608 1.0732902 -0.4370741 994.66 
20150624182902 -4.9278655 -13.845669 -3.093907 2.8472428 0.89552844 -0.24587326 994.59 
20150624182902 -2.6007016 -12.743138 -1.389834 2.0769417 0.4560109 -0.68844515 994.59 
20150624182902 0.49799395 -12.740745 0.09935937 2.132225 0.42271876 -0.6160576 994.59 
20150624182902 2.3708582 -13.878589 6.8929067 2.6994135 -0.48624873 -0.3567453 994.59 
20150624182902 1.388637 -12.276269 3.5500026 2.9749138 -2.651766 -0.528093 994.59 
20150624182902 0.5770026 -10.172963 -3.309984 2.0427334 -3.7549887 -1.0305296 994.59 
20150624182902 0.035913024 -7.2298903 -5.816713 1.6664404 0.1423316 -1.2336423 994.59 
20150624182902 -0.6374562 -6.326678 -3.6864722 1.7763962 3.1716123 -1.2266175 994.59 
20150624182902 -1.757344 -6.1507044 -3.3943794 1.7379116 4.5527787 -1.0711522 994.59 
20150624182902 -3.5116954 -4.2969937 -0.6548142 2.0760255 3.422678 -0.9639453 994.75 
20150624182902 -3.8253357 -2.4995465 0.29209262 2.4397957 2.4685066 -0.83199847 994.75 
20150624182902 -2.4600422 -2.2523453 0.29747957 2.1273382 1.593442 -0.72692966 994.75 
20150624182902 -2.6527755 -1.9165585 0.43634325 0.94134337 1.3457361 -0.70463306 994.75 
20150624182902 -2.783858 -3.288436 1.2533646 0.005192355 1.5149459 -0.5674938 994.75 
20150624182902 -2.095525 -6.6947865 3.0430303 -1.2198979 1.2999213 -0.364992 994.75 
20150624182902 -0.20051439 -12.121843 6.0848637 -2.3671029 0.83077675 -0.13713925 994.75 
20150624182902 1.9961656 -18.638262 11.419145 -2.9211576 0.5366451 0.015577064 994.75 
20150624182902 1.9554642 -19.482817 18.179174 -2.2785273 0.45570546 0.65087694 994.75 
20150624182902 -1.5340848 -11.626244 10.55005 0.014966198 0.06414085 1.0812315 994.72 
20150624182902 -1.2174516 -6.145916 1.9841946 1.8402315 -0.95417154 0.19242255 994.72 
20150624182902 -2.7994204 -8.6813755 1.5688007 1.3625349 0.7883216 -0.35460728 994.72 
20150624182902 -3.9797618 -10.820595 4.152743 0.06658431 2.9639182 -0.4746423 994.72 
20150624182902 -4.221576 -10.032902 -2.396596 -0.49418998 1.7363845 -0.17073683 994.72 
20150624182902 -3.775656 -10.338163 -1.9746178 -0.3753767 -0.74036866 0.20280726 994.72 
20150624182902 -1.3904326 -7.7608047 -3.9091327 -0.2666427 -1.2189816 0.26633725 994.72 
20150624182902 -0.30047232 -9.221268 -2.349909 0.2593123 -2.0271564 0.08979719 994.72 
20150624182902 -0.4441244 -11.249157 -3.9761705 -0.4016439 -1.3445144 -0.15974127 994.72 
20150624182902 -1.0061632 -8.264784 -6.159084 -0.6747007 0.18203785 0.31856623 994.61 
20150624182902 -2.9233203 -9.074623 -2.1841104 -0.91354895 -0.29565877 1.0173961 994.61 
20150624182902 -2.5372553 -16.808493 -0.6853402 -1.5925257 -2.4404066 1.3625349 994.61 
20150624182902 5.753267 -15.136742 2.4384944 -1.9743165 -3.6059375 2.0641136 994.61 
20150624182902 2.4516625 -8.306085 0.26635495 -2.2644775 -2.9266553 2.3881776 994.61 
20150624182902 0.3705027 -8.678383 1.7130513 -1.6102408 -2.0879374 0.9783007 994.61 
20150624182902 -0.47345337 -6.6187706 1.3736732 -1.4645494 -0.7131852 -0.9450085 994.61 
20150624182902 -2.1278467 -7.067683 0.04070143 -1.7482964 0.39370266 -0.6591236 994.61 
20150624182902 -2.0135236 -8.042124 -0.8451532 -1.4532484 0.4260785 -0.08674286 994.61 
20150624182902 -1.2108675 -9.163807 0.99060094 -1.1795808 -0.1957823 -0.015882496 994.66 
20150624182902 0.0676362 -10.032902 1.1947067 -1.1475104 -0.96944314 0.30176744 994.66 
20150624182902 1.2000936 -10.035895 0.74519527 -1.1065824 -1.1389582 0.3652974 994.66 
20150624182902 0.52133745 -9.260772 0.13108255 -1.2089024 -1.0161743 0.40775254 994.66 
20150624182902 0.4405331 -8.996812 0.50038815 -1.1630874 -0.8384125 0.30970868 994.66 
20150624182902 0.36750996 -9.243414 1.0372878 -0.99112886 -0.77518797 0.38698313 994.66 
20150624182902 -1.1456255 -10.933122 1.3383588 -1.1044444 -0.52687126 0.4914411 994.66 
20150624182902 -1.8896236 -12.318168 1.4766239 -1.2147056 -0.034513887 0.44257188 994.66 
20150624182902 -0.33877954 -13.548787 1.5801731 -0.84696466 0.19058995 0.36163223 994.66 
20150624182902 2.207454 -13.274652 1.0630256 -0.58001655 -0.27947086 0.37140608 994.76 
20150624182902 4.5741224 -11.735778 0.40581718 -0.23640485 -0.60139686 0.32498032 994.76 
20150624182902 5.5748987 -11.610682 1.0295067 0.1301143 -0.7415904 0.17928895 994.76 
20150624182903 3.9474401 -11.96622 1.1390414 0.040927973 -0.3481932 0.0067195175 994.76 
20150624182903 1.447295 -12.746131 1.6956934 0.063224554 0.50854534 -0.12217305 994.76 
20150624182903 -2.3020248 -11.155783 3.9791632 0.59895337 0.9059132 -0.64812803 994.76 
20150624182903 -7.441179 -12.336124 1.4820108 1.3035865 0.8671232 -0.9224065 994.76 
20150624182903 -5.461174 -11.443087 -2.9771898 2.2030854 1.2742649 -0.78038037 994.76 
20150624182903 -4.325724 -10.908582 -2.6737247 3.327383 1.7269161 -0.051618114 994.76 
20150624182903 -3.8965633 -12.450447 -3.1789012 2.888171 1.2030991 0.028405234 994.68 
20150624182903 -1.9895816 -12.327146 -2.2260091 2.2409592 0.59498274 -0.3475823 994.68 
20150624182903 1.4999673 -14.109031 -1.1534066 2.239432 0.57696223 -0.516792 994.68 
20150624182903 1.9207484 -14.857219 7.351396 2.5363126 -0.49510628 -0.7678576 994.68 
20150624182903 1.1534066 -12.363658 4.6393642 2.5442538 -2.5344799 -1.0516045 994.68 
20150624182903 -0.022146367 -9.838373 -3.8612487 1.8643607 -3.424816 -1.568702 994.68 
20150624182903 -0.22864626 -6.6762314 -5.1259856 1.8359555 -0.36010507 -1.6807957 994.68 
20150624182903 -1.2186487 -6.535572 -2.4462755 1.8295414 2.8777862 -1.393689 994.68 
20150624182903 -2.1350293 -5.837662 -2.6563668 1.8203784 4.8349986 -1.0345002 994.68 
20150624182903 -3.6846764 -3.5697548 -1.1994951 2.1606305 3.4663548 -0.83108217 994.78 
20150624182903 -3.9163153 -2.939481 0.24600422 2.3722951 2.6667323 -0.6640105 994.78 
20150624182903 -2.4708161 -2.4492683 0.25079262 1.5457945 1.890017 -0.7101309 994.78 
20150624182903 -2.8281507 -2.3744495 0.6679823 0.3203988 1.4425583 -0.63713247 994.78 
20150624182903 -2.719813 -4.018069 1.2683283 -0.37415496 1.4004086 -0.50823987 994.78 
20150624182903 -1.7232267 -7.033566 2.3493104 -1.2263119 1.2901474 -0.32467487 994.78 
20150624182903 -0.0676362 -12.540829 6.1620765 -2.1594086 1.022283 -0.065973446 994.78 
20150624182903 0.50517654 -17.993624 12.956223 -2.597399 0.7800749 0.18753563 994.78 
20150624182903 2.6390088 -19.176956 17.810467 -1.9984456 0.5174029 0.7678576 994.78 
20150624182903 0.29807812 -10.997766 9.662998 -0.09712757 -0.45998153 1.0809261 994.72 
20150624182903 -0.9959879 -8.240244 2.878429 1.0574077 -1.0516045 -0.10323623 994.72 
20150624182903 -4.723161 -13.005902 1.690905 0.70402217 0.96852684 -0.6420194 994.72 
20150624182903 -5.7586536 -12.273276 0.97743285 0.20677789 2.0857995 -0.63316184 994.72 
20150624182903 -4.19943 -9.991602 -3.3476925 -0.13958271 1.0076222 -0.16584991 994.72 
20150624182903 -1.4269443 -6.4457893 -5.354632 -0.042455133 -0.9972375 0.17928895 994.72 
20150624182903 -1.5562311 -5.480926 -2.6318262 0.1966986 -2.172237 0.16126843 994.72 
20150624182903 -1.4652514 -11.058219 -3.9522285 0.1151481 -2.7088819 -0.04734206 994.72 
20150624182903 1.1575965 -11.055825 -9.31105 -0.7351763 -1.616044 0.34147367 994.72 
20150624182903 -2.3971944 -8.5538845 -5.539584 -1.0842859 -0.267559 0.958753 994.64 
20150624182903 -2.7132292 -10.055049 -1.6394296 -1.9599612 -0.97066486 1.2705997 994.64 
20150624182903 1.7908629 -18.666992 3.4943373 -2.6624563 -3.3111951 1.8829921 994.64 
20150624182903 5.134964 -9.338584 1.5358804 -2.4034493 -3.7067304 2.552806 994.64 
20150624182903 0.85473 -8.513183 0.7769185 -2.0454822 -2.9926288 2.6230555 994.64 
20150624182903 -0.04369418 -6.717531 0.6853402 -1.5555683 -2.1594086 -0.07269296 994.64 
20150624182903 -1.2970588 -6.319495 -0.60214174 -1.7913623 0.015271631 -0.67164636 994.64 
20150624182903 -1.697489 -7.608773 -1.8255788 -1.3692545 0.54000485 -0.14660765 994.64 
20150624182903 -1.0241197 -9.140464 -1.1761516 -0.95111716 -0.12980886 0.1151481 994.64 
20150624182903 0.5638345 -10.202292 1.389834 -1.087951 -1.003957 0.2843578 994.68 
20150624182903 1.0588357 -10.296863 3.0478187 -1.1511755 -1.2205088 0.41508293 994.68 
20150624182903 0.7278373 -9.760562 1.2060791 -1.208597 -1.4483615 0.4089743 994.68 
20150624182903 0.6745663 -9.141062 -0.10474633 -1.2635747 -1.3952162 0.39095375 994.68 
20150624182903 0.81343 -9.753978 1.738789 -1.0363328 -0.68691796 0.46517387 994.68 
20150624182903 -0.28491 -11.594521 2.2122424 -0.7959574 -0.2855795 0.45570546 994.68 
20150624182903 -1.1324574 -12.327146 1.0893618 -0.9776898 -0.17898351 0.46670106 994.68 
20150624182904 -0.6290765 -13.77504 1.7417817 -1.0983357 0.18845193 0.43860126 994.68 
20150624182904 2.8209682 -13.533824 1.3335704 -0.40469822 0.052839845 0.42760566 994.68 
20150624182904 5.6359506 -11.918336 -0.24121583 -0.1685988 -0.6948592 0.34208453 994.71 
20150624182904 5.6179943 -11.647791 1.1959038 0.0421497 -0.66706485 0.30909783 994.71 
20150624182904 1.1959038 -12.029068 0.37469256 0.13469578 -0.21135938 0.005192355 994.71 
20150624182904 -0.5626374 -11.183316 1.7501614 0.2687807 0.4746423 -0.43371433 994.71 
20150624182904 -2.3008277 -10.542868 3.54282 0.7492262 0.7840455 -0.82344633 994.71 
20150624182904 -7.098808 -14.2700405 1.7328035 1.6019942 0.6973027 -0.9868528 994.71 
20150624182904 -4.4699745 -12.644977 -3.6056678 3.0552425 1.2027937 -0.9114109 994.71 
20150624182904 -2.4941597 -12.516288 -3.7954082 3.5781431 1.4159856 -0.49174652 994.71 
20150624182904 -4.871602 -15.026608 -1.934515 2.5234842 0.81397796 -0.4251622 994.71 
20150624182904 -2.806603 -12.039244 -3.084929 1.9162843 0.81581056 -0.81306165 994.66 
20150624182904 0.015562311 -11.860875 -0.9624691 2.6288586 0.5174029 -0.258396 994.66 
20150624182904 1.1563994 -14.093469 4.8614264 2.9749138 -1.0693196 -0.14172074 994.66 
20150624182904 1.6017209 -11.020511 -0.84934306 2.5735753 -2.8163943 -0.86070913 994.66 
20150624182904 1.1121067 -8.009203 -4.4220905 2.7116308 -2.6597073 -1.4462235 994.66 
20150624182904 0.31483752 -6.302736 -4.39336 2.3539693 1.7580702 -1.5274686 994.66 
20150624182904 -1.4335283 -6.42903 -2.8658595 2.0971005 4.5469756 -1.5317446 994.66 
20150624182904 -3.177704 -4.644751 -2.344522 2.1300871 4.7989573 -1.3457361 994.66 
20150624182904 -4.490924 -2.0979192 -0.9463082 2.2122486 3.072652 -1.0228939 994.66 
20150624182904 -2.8293478 -0.6703765 -1.1079168 1.9599612 2.1649065 -0.8032878 994.7 
20150624182904 -2.420538 0.25019407 -0.20111294 1.162782 1.9840903 -0.6591236 994.7 
20150624182904 -1.6585833 -1.7938557 0.98341835 0.2415972 2.2797492 -0.4071417 994.7 
20150624182904 -0.54887074 -7.2568254 3.787627 -0.96852684 2.1255057 -0.20769419 994.7 
20150624182904 0.78050977 -14.546571 8.3408 -2.0494528 1.2620476 -0.14630222 994.7 
20150624182904 -1.1133038 -19.424158 17.782932 -3.022256 0.55741453 -0.005497787 994.7 
20150624182904 -2.0979192 -19.457678 16.454151 -2.438574 -0.47616947 0.7663304 994.7 
20150624182904 -1.1079168 -8.445546 7.7667904 -0.7247916 -1.5671748 1.2757921 994.7 
20150624182904 0.8242039 -7.1275387 0.4381389 1.3518448 -1.1749994 0.40530908 994.7 
20150624182904 -0.34835634 -9.399037 2.8634653 1.602605 2.180789 -0.6704246 994.74 
20150624182904 -1.3988123 -9.537302 0.02813187 0.8454375 3.2549953 -0.8921687 994.74 
20150624182904 -5.7299232 -12.140398 -3.0532057 0.16432275 1.1826351 -0.5858198 994.74 
20150624182904 -4.425083 -9.964069 -5.9543796 -0.30848694 -0.45814893 -0.44043383 994.74 
20150624182904 -2.8048072 -11.872248 3.5883098 -0.2919936 -1.9679024 0.04795292 994.74 
20150624182904 2.1523874 -8.392874 -6.1770406 0.008857546 -2.3857343 0.21197024 994.74 
20150624182904 0.7009025 -6.0926447 -10.29387 0.2660318 -0.29810223 0.19914207 994.74 
20150624182904 -2.4911668 -7.307702 -4.983531 -1.0549643 0.9584476 0.68752885 994.74 
20150624182904 -3.2291796 -12.270883 -2.6940753 -2.4874432 -0.30573806 1.1276573 994.74 
20150624182904 1.1438298 -19.608511 3.2489316 -2.6911669 -3.0674598 1.9269744 994.64 
20150624182904 2.4546554 -10.424355 2.0560207 -2.1242838 -3.9526036 2.9202414 994.64 
20150624182904 -0.5141548 -9.643845 1.9141643 -1.3121386 -3.77698 0.8921687 994.64 
20150624182904 -1.0947487 -6.2542534 -0.6739678 -2.1746802 -0.7501425 -0.67073005 994.64 
20150624182904 -2.28347 -7.3472066 -1.3874398 -2.11451 2.3677137 -0.24740042 994.64 
20150624182904 -1.9063832 -8.816648 0.3890578 -1.0167851 2.2629502 0.017715093 994.64 
20150624182904 -1.0941502 -9.91798 0.9540894 -1.20371 -0.04337143 -0.062308256 994.64 
20150624182904 -0.10175357 -10.559028 -0.80445176 -1.5314392 -1.425454 0.1704314 994.64 
20150624182904 0.6159084 -9.759365 -1.1228806 -1.357648 -1.3646729 0.23457226 994.64 
20150624182904 -0.20231004 -7.7608047 1.7052702 -1.2186762 -0.98563105 0.28955013 994.7 
20150624182904 -0.86131406 -7.656657 4.0402155 -1.2788464 -1.0656544 0.33567044 994.7 
20150624182904 -0.060453594 -8.287529 0.29448682 -1.4349225 -1.4278975 0.29932398 994.7 
20150624182905 -1.5131354 -11.743559 0.7332243 -1.4999796 -0.9104946 0.4343252 994.7 
20150624182905 -0.8265981 -12.69705 2.5300727 -0.89736104 0.13561209 0.5653558 994.7 
20150624182905 2.4486697 -12.665327 1.9542671 -0.6282749 -0.52839845 0.45540005 994.7 
20150624182905 4.317344 -11.610682 -0.3172317 -0.550695 -0.9315695 0.43493605 994.7 
20150624182905 5.4168816 -10.322002 -0.45729253 0.12858713 -0.6386596 0.20647246 994.7 
20150624182905 4.5352163 -10.13286 0.31364042 0.2593123 -0.42332962 -0.0070249503 994.7 
20150624182905 -1.1671734 -10.506954 2.0907366 0.0888809 0.106901415 -0.10781772 994.73 
20150624182905 -7.9421654 -13.447633 3.9618053 0.47158796 0.6026186 -0.45662177 994.73 
20150624182905 -8.293514 -13.7684555 0.6655881 1.5796975 0.8026769 -0.9007208 994.73 
20150624182905 -3.2136173 -12.078748 -2.8221653 2.8160887 0.23793201 -0.6377433 994.73 
20150624182905 -1.6741456 -12.647969 -3.693056 2.7711902 0.19883664 -0.47403142 994.73 
20150624182905 -1.2282255 -13.175891 -2.5510218 1.8161024 0.050396383 -0.8378017 994.73 
20150624182905 -0.9271546 -12.307394 -1.7986441 1.323745 0.122783914 -1.07665 994.73 
20150624182905 -0.40880993 -12.279262 -1.5185224 1.7672331 0.2846632 -1.1279627 994.73 
20150624182905 0.15442601 -13.464392 4.216788 2.5164595 -1.0290025 -1.0045679 994.73 
20150624182905 0.20709845 -12.421119 5.66947 2.6557367 -2.0134118 -0.7519751 994.63 
20150624182905 -0.6183026 -10.619482 -0.9840169 2.0631974 -2.7678304 -0.79290307 994.63 
20150624182905 -0.43394905 -9.3738985 -1.899799 1.5262468 -0.16798794 -0.95172805 994.63 
20150624182905 -2.8868086 -7.501034 -6.740875 1.4031575 3.023783 -0.81397796 994.63 
20150624182905 -3.482965 -6.145916 -2.191293 1.1218541 3.4220672 -0.9468411 994.63 
20150624182905 -3.8115692 -5.507861 -1.7501614 1.6939293 3.983147 -0.9370673 994.63 
20150624182905 -3.0376434 -3.1998506 -0.75596917 2.003638 2.5567765 -0.96974856 994.63 
20150624182905 -2.765303 -2.3373394 -0.09696517 1.9281962 1.4025466 -0.7901542 994.63 
20150624182905 -1.8830396 -3.9977183 0.7685388 0.9410379 1.7159204 -0.57818395 994.63 
20150624182905 -1.1384429 -6.1890116 1.54845 0.06383542 2.0512855 -0.38240165 994.73 
20150624182905 -0.7457938 -8.783129 4.295198 -0.87109387 2.0244074 -0.10751228 994.73 
20150624182905 0.16400282 -11.164762 7.9248075 -1.6178766 1.391551 0.007330383 994.73 
20150624182905 1.5610195 -13.666702 11.739369 -1.820073 0.45356745 0.40958515 994.73 
20150624182905 3.918111 -17.307085 11.118672 -1.4126259 -0.109650314 0.7892379 994.73 
20150624182905 1.0594343 -12.65575 6.4302273 -0.45570546 0.04642576 0.806953 994.73 
20150624182905 0.7661445 -8.021174 4.2742486 0.58093286 0.8875872 -0.115453534 994.73 
20150624182905 -1.7447745 -6.8486137 3.3237505 0.9379836 1.5992452 -0.9691377 994.73 
20150624182905 -5.6748567 -11.7387705 3.0059202 0.6462954 0.97433007 -1.2311989 994.73 
20150624182905 -6.8240733 -12.5982895 -2.8119898 -0.008857546 0.5348125 -0.73639804 994.76 
20150624182905 -5.3396683 -9.989208 -3.2453403 -0.39645153 -0.36163223 0.3371976 994.76 
20150624182905 -2.2481554 -6.700772 0.6721721 -0.37965274 -0.81306165 0.7104363 994.76 
20150624182905 1.2964603 -7.521983 -2.3702598 0.20891592 -1.4220943 0.43035457 994.76 
20150624182905 1.4796166 -10.204686 -6.0166287 0.26419923 -1.4941764 0.052839845 994.76 
20150624182905 -1.1953052 -9.267955 -7.5363483 -0.5299256 -0.016798794 0.43218717 994.76 
20150624182905 -3.2112231 -8.327033 -3.0508115 -1.1010846 -0.22327125 0.87109387 994.76 
20150624182905 -2.9239187 -11.422736 -0.97862995 -1.8493946 -1.9566014 1.2965615 994.76 
20150624182905 2.123657 -19.430742 5.085883 -1.9587394 -3.5219436 2.0610592 994.76 
20150624182905 3.8067808 -9.248202 2.8742392 -1.8325957 -3.3084462 2.3701572 994.69 
20150624182905 0.29029694 -8.99741 0.46926352 -1.4844025 -2.6316075 1.0977248 994.69 
20150624182905 -0.032920275 -6.4224463 -1.4718355 -1.260215 -0.21319197 -0.70188415 994.69 
20150624182905 -2.574964 -6.6546836 -0.6973112 -1.2476922 1.473407 -0.28160888 994.69 
20150624182905 -2.4648306 -8.263587 0.777517 -1.318858 0.8491027 -0.17654006 994.69 
20150624182905 -1.2970588 -9.4774475 1.7363948 -1.2944235 -0.10629055 -0.09560041 994.69 
20150624182905 0.6422446 -10.266935 0.39384618 -1.162782 -1.3356569 0.3145956 994.69 
20150624182905 1.780089 -10.234015 -0.18914193 -0.94714653 -1.3643675 0.39920044 994.69 
20150624182906 1.021127 -10.028712 0.56563014 -0.97219205 -0.48899764 0.38789943 994.69 
20150624182906 -0.28191724 -10.013748 0.14544775 -1.1355985 -0.20799962 0.28710666 994.74 
20150624182906 -1.0648212 -10.037092 0.62129533 -1.0418307 -0.6432411 0.2501493 994.74 
20150624182906 -1.3521254 -10.262147 1.9973627 -0.93034774 -0.99204516 0.3481932 994.74 
20150624182906 -1.2036849 -11.436503 1.6843209 -1.2165382 -0.77274454 0.46273044 994.74 
20150624182906 -0.3842694 -12.707226 2.0925324 -1.2592987 -0.022907447 0.56199604 994.74 
20150624182906 2.047641 -12.266692 1.7914615 -0.7156286 0.40866885 0.57726765 994.74 
20150624182906 4.812944 -10.564415 -0.48602295 -0.44868052 -0.24923302 0.43676865 994.74 
20150624182906 5.395334 -10.761936 -0.38845924 -0.046120327 -0.5314528 0.20250183 994.74 
20150624182906 2.6246436 -11.118672 -0.66858083 0.21868975 -0.43493605 -0.1151481 994.74 
20150624182906 -0.073621705 -12.1128645 0.6889315 0.15577064 0.05955936 -0.27305678 994.78 
20150624182906 -3.6296098 -12.273875 3.0358477 0.46914452 0.45204028 -0.7733554 994.78 
20150624182906 -7.331644 -13.749901 1.5131354 1.2910637 0.7516697 -1.0839803 994.78 
20150624182906 -5.6215854 -11.702259 -2.2200236 2.5332582 0.82344633 -1.0170907 994.78 
20150624182906 -4.8548427 -12.138004 -2.6791117 3.1022792 1.1120802 -0.6221663 994.78 
20150624182906 -4.0779243 -12.902951 -1.9422961 2.5326474 0.88147855 -0.4343252 994.78 
20150624182906 -2.508525 -12.227787 -1.3802572 1.9822577 0.5342017 -0.44135013 994.78 
20150624182906 -0.88405895 -12.722189 -2.0536265 2.3109033 0.34300083 -0.34391713 994.78 
20150624182906 0.9498995 -14.902708 4.329315 2.8072312 -0.9007208 -0.44806966 994.78 
20150624182906 1.0139444 -13.074137 3.0256724 2.5821273 -2.2134702 -0.6536258 994.6 
20150624182906 1.0462662 -10.78947 -0.9163807 1.8845193 -2.9119947 -0.96944314 994.6 
20150624182906 -0.20470424 -8.470686 -4.3065705 2.103209 0.34666604 -1.1221595 994.6 
20150624182906 -1.893215 -6.4002995 -2.0506337 1.8649716 2.0317378 -1.3148874 994.6 
20150624182906 -2.8634653 -5.0080714 -2.1829133 2.0357084 3.7430768 -1.16492 994.6 
20150624182906 -3.235165 -3.7469256 -1.0408791 2.4254405 3.0344732 -1.024421 994.6 
20150624182906 -2.553416 -2.8281507 -0.7433996 2.296548 2.111761 -0.8567385 994.6 
20150624182906 -2.132635 -2.3600843 0.5734113 1.5570955 1.6759088 -0.70402217 994.6 
20150624182906 -1.4478935 -3.204639 1.34195 0.5540548 1.4957036 -0.52473325 994.6 
20150624182906 -1.2797008 -5.6060233 2.135628 -0.10323623 1.4309518 -0.41447207 994.84 
20150624182906 -0.52373165 -8.115147 3.4512417 -0.956615 1.3524556 -0.4392121 994.84 
20150624182906 0.6123171 -11.523891 7.377134 -1.8768835 1.3765849 -0.37048978 994.84 
20150624182906 0.24061728 -14.98471 13.003508 -2.1658227 1.3038919 0.0852157 994.84 
20150624182906 1.0995371 -16.865355 13.517663 -1.6646078 0.42088616 0.52931476 994.84 
20150624182906 0.9068039 -12.673707 7.864354 -0.3622431 -0.7125743 0.7684685 994.84 
20150624182906 0.207697 -9.306262 3.7014358 0.59864795 -0.5497787 0.018325957 994.84 
20150624182906 -1.6280571 -7.760206 3.0903158 0.85154617 1.604743 -0.7852673 994.84 
20150624182906 -5.3564277 -10.855909 4.367024 0.68844515 2.302962 -0.9550878 994.84 
20150624182906 -8.12592 -13.088502 -3.4284968 0.04734206 1.5928311 -0.68477994 994.68 
20150624182906 -7.4711065 -12.172121 0.39683893 -0.25473082 -0.69913524 0.1777618 994.68 
20150624182906 -1.6059108 -6.256049 -2.4552538 -0.32925636 -1.378112 0.700357 994.68 
20150624182906 3.4105403 -7.03177 -5.8215013 0.6963864 -1.9660698 0.70402217 994.68 
20150624182906 3.2148144 -10.608707 -7.4375877 0.42363504 -1.035722 0.35643986 994.68 
20150624182906 -1.3431472 -10.391434 -8.216302 -0.8542951 0.8359691 0.535118 994.68 
20150624182906 -3.369839 -8.279149 -2.191293 -1.5919148 -0.94806284 0.8200866 994.68 
20150624182906 -3.353678 -11.374253 0.41599256 -2.439185 -2.742785 1.2134838 994.68 
20150624182906 -1.3862427 -19.608511 3.5368345 -2.2540927 -4.4022 2.033876 994.68 
20150624182906 3.7588966 -10.912771 1.1216835 -2.1276436 -4.1871758 2.3011293 994.61 
20150624182906 1.0145429 -8.322844 -0.54049104 -2.000889 -3.2424726 1.4837917 994.61 
20150624182906 0.6745663 -6.39611 0.61112 -1.5406022 -1.205848 -0.40653083 994.61 
20150624182906 -1.8171991 -5.935226 -0.55485624 -1.715615 0.31520647 -0.33841935 994.61 
20150624182907 -2.4552538 -8.00621 -0.48961425 -1.382388 0.22449298 -0.0021380284 994.61 
20150624182907 -0.6326678 -9.925761 0.4758476 -0.9129381 -0.29810223 0.059253927 994.61 
20150624182907 1.1683705 -10.344747 0.17118542 -0.9825767 -0.7287622 0.3399465 994.61 
20150624182907 1.9500773 -10.284892 0.36511576 -1.0662653 -0.7516697 0.4981606 994.61 
20150624182907 0.62967503 -10.033501 0.5482722 -1.1093313 -0.71868294 0.44501534 994.61 
20150624182907 -0.46327803 -9.382876 1.1438298 -1.2177598 -0.8185594 0.32070425 994.78 
20150624182907 -1.1318588 -9.139865 3.4039562 -1.0149527 -1.2889256 0.21960606 994.78 
20150624182907 -1.1013328 -9.667787 1.9207484 -1.1026118 -1.1261301 0.29443705 994.78 
20150624182907 -0.17956513 -11.190498 0.9259575 -1.2052372 -0.6933321 0.3539964 994.78 
20150624182907 1.0342951 -12.9723835 0.29508537 -0.7244862 -0.013133603 0.47067168 994.78 
20150624182907 2.8101943 -12.679093 -0.40222588 -0.28008172 -0.22937989 0.45906523 994.78 
20150624182907 4.1802764 -11.629236 -0.036511578 -0.16249016 -0.68203104 0.33536503 994.78 
20150624182907 4.023456 -11.22282 1.5556326 -0.10873401 -0.6417139 0.07544186 994.78 
20150624182907 0.3878607 -12.02009 1.2078748 -0.17623462 -0.34666604 -0.071776666 994.78 
20150624182907 -1.5526398 -12.498331 1.9488802 -0.16157386 0.2275473 -0.28099802 994.69 
20150624182907 -1.7190368 -9.910199 3.66672 0.32559118 0.44959682 -0.5900958 994.69 
20150624182907 -4.992509 -10.875063 1.1569979 0.93767816 0.121256754 -0.73792523 994.69 
20150624182907 -6.1979895 -12.537836 -1.7986441 2.2110267 0.52290064 -0.68539083 994.69 
20150624182907 -5.076905 -12.753913 -2.4911668 2.9492574 1.0641272 -0.44715336 994.69 
20150624182907 -4.4406457 -13.961787 -3.809175 2.8530462 0.6658431 -0.23823744 994.69 
20150624182907 -2.3942018 -13.2668705 -2.3900118 2.125811 0.116980694 -0.45142943 994.69 
20150624182907 0.29568392 -11.4041815 -0.29807812 1.971873 0.30298916 -0.59040123 994.69 
20150624182907 0.94690675 -13.053786 1.3904326 2.2149973 -1.0207558 -0.6450737 994.69 
20150624182907 2.042254 -13.194446 5.971139 2.615725 -2.3930645 -0.8689558 994.66 
20150624182907 1.5167267 -11.004948 3.0735564 2.3701572 -3.042109 -1.0680978 994.66 
20150624182907 0.1448492 -9.619304 -2.2613235 1.8777997 -1.7895297 -1.2574661 994.66 
20150624182907 -0.8607155 -7.4974427 -4.565144 1.7168368 1.1365148 -1.4040737 994.66 
20150624182907 -1.5586253 -6.401497 -2.397793 1.4468343 3.8820486 -1.1884383 994.66 
20150624182907 -2.6001031 -5.3881507 -2.3481133 1.4559973 4.3218718 -0.86437434 994.66 
20150624182907 -4.183269 -3.5338416 -0.10055647 1.8466456 2.7317894 -0.66737026 994.66 
20150624182907 -3.3237505 -2.629432 0.08259996 2.1252003 2.1108449 -0.57451874 994.66 
20150624182907 -2.6437972 -2.1003134 0.29209262 1.5916094 1.5748106 -0.5723807 994.66 
20150624182907 -2.098518 -3.4207156 0.78888947 0.71837753 1.5949692 -0.57879484 994.74 
20150624182907 -1.7675194 -6.3003416 1.5885528 -0.6001751 1.613906 -0.48655418 994.74 
20150624182907 -1.2773066 -9.546879 2.9640217 -1.7971655 1.1835514 -0.3023783 994.74 
20150624182907 0.65660983 -14.96376 10.077793 -2.5809057 0.7602218 -0.09285152 994.74 
20150624182907 2.622848 -18.555063 18.386272 -2.4733934 0.6795876 0.41630468 994.74 
20150624182907 2.9550436 -15.65748 11.746552 -1.1496484 -0.14110987 1.1026118 994.74 
20150624182907 -0.46088383 -11.33894 4.991312 0.2125811 -1.7641789 0.88331115 994.74 
20150624182907 -2.5234885 -9.153631 -0.4213795 0.96577793 -0.25167647 -0.37568212 994.74 
20150624182907 -3.352481 -9.368511 5.3318872 0.86590147 2.4410176 -0.65668017 994.74 
20150624182907 -5.5222263 -10.275315 1.9405005 0.24465153 2.4239132 -0.72326446 994.83 
20150624182907 -7.102998 -11.105505 -1.910573 -0.2770274 0.14019357 -0.40011674 994.83 
20150624182907 -3.7762547 -8.910022 -3.4314895 -0.33628133 -1.7241671 0.087659165 994.83 
20150624182907 -1.3275849 -6.9731126 -2.7395654 -0.2706133 -1.8719965 0.48991394 994.83 
20150624182907 0.3842694 -9.321226 -5.13257 0.017104227 -1.5903877 0.23945917 994.83 
20150624182907 0.8499416 -9.690532 -8.404246 -0.39461896 -0.42913285 0.2779437 994.83 
20150624182907 -2.331354 -7.4872675 -6.3607955 -0.893085 -0.017715093 0.816116 994.83 
20150624182907 -3.3435028 -8.808268 -2.8263552 -1.7498235 -0.9101892 1.0143417 994.83 
20150624182908 -0.49440265 -13.961787 2.4133554 -2.287385 -2.6019804 1.3399329 994.83 
20150624182908 2.8520927 -18.450317 3.1902738 -2.2840252 -3.1383202 2.1093178 994.66 
20150624182908 3.0454245 -9.007586 0.62368953 -2.0619757 -3.0833423 2.2525656 994.66 
20150624182908 0.049081136 -8.780735 0.4381389 -1.3326025 -2.5735753 0.7275405 994.66 
20150624182908 -0.7613561 -6.381146 -0.88286185 -1.4789047 -1.1905763 -0.66798115 994.66 
20150624182908 -2.0949266 -7.309498 -0.89662856 -1.4679092 0.045814894 -0.39614612 994.66 
20150624182908 -1.7369933 -9.136273 -0.3842694 -1.0100657 0.04550946 -0.105374254 994.66 
20150624182908 -0.5931635 -10.209475 1.6514006 -0.7870999 -0.60048056 0.10781772 994.66 
20150624182908 0.91578215 -10.544662 1.5861586 -0.8735373 -0.93737274 0.28099802 994.66 
20150624182908 1.3413515 -10.571598 -0.045489833 -0.99021256 -1.0283916 0.3631594 994.66 
20150624182908 0.5327099 -9.688137 -0.9295488 -0.93126404 -0.9841039 0.376293 994.73 
20150624182908 -0.076614454 -9.041702 0.6338649 -0.8533788 -0.8454375 0.3042109 994.73 
20150624182908 -0.9498995 -9.582792 3.1334114 -0.8781188 -0.904386 0.31245756 994.73 
20150624182908 -1.3192052 -10.883442 2.2457612 -1.1377366 -0.77732605 0.44959682 994.73 
20150624182908 0.18195933 -11.760319 1.5478514 -1.3613132 -0.25045475 0.473726 994.73 
20150624182908 1.5592239 -12.984354 1.0115502 -0.90285885 0.3585779 0.5656612 994.73 
20150624182908 3.1896753 -12.460623 0.19512744 -0.29535335 -0.16157386 0.52564955 994.73 
20150624182908 4.2916064 -10.8708725 0.1436521 -0.017715093 -0.79259765 0.31123585 994.73 
20150624182908 4.4621935 -10.056246 0.2220622 -0.12156218 -0.62980205 0.19364429 994.73 
20150624182908 1.2150574 -11.273099 -0.26515785 -0.04184427 -0.073303826 0.0842994 994.79 
20150624182908 -1.4574703 -11.665748 1.3844471 0.077579886 0.52198434 -0.14844026 994.79 
20150624182908 -4.433463 -11.249755 3.2890346 0.42913285 0.81000733 -0.70707655 994.79 
20150624182908 -7.717709 -13.295002 1.7621324 1.2522738 0.5332854 -0.93126404 994.79 
20150624182908 -5.355231 -11.376648 -2.6431987 2.2534819 0.63529986 -0.79259765 994.79 
20150624182908 -4.012682 -11.854291 -4.2221746 3.2818735 0.893085 -0.15454891 994.79 
20150624182908 -3.044826 -13.502101 -3.2477345 2.624277 0.675617 -0.118507855 994.79 
20150624182908 -1.3730747 -12.85806 -1.6998832 1.7788396 0.5296202 -0.52442783 994.79 
20150624182908 0.039504327 -12.0727625 -0.56323594 1.8909334 0.06383542 -0.745561 994.79 
20150624182908 1.174356 -14.483724 1.8608932 2.6050348 -1.258077 -0.88270026 994.63 
20150624182908 1.8195933 -12.777855 5.7784057 2.9846876 -2.490803 -0.94714653 994.63 
20150624182908 0.84335756 -11.212646 1.8201919 2.605951 -2.6911669 -1.0351112 994.63 
20150624182908 0.3513491 -9.566631 -6.0064535 1.509448 -1.7281377 -1.3246613 994.63 
20150624182908 -1.5448587 -6.4008985 -4.152743 1.3662001 2.336865 -1.352761 994.63 
20150624182908 -2.695871 -5.851429 -3.389591 1.5402967 4.611727 -1.244638 994.63 
20150624182908 -3.8774097 -4.678869 -1.276708 1.8729129 3.8982365 -1.1169671 994.63 
20150624182908 -3.3919852 -3.091513 -0.7517793 2.2464569 2.6468792 -0.85062987 994.63 
20150624182908 -2.4797945 -1.9841946 0.076015905 1.9300288 1.883603 -0.66889745 994.63 
20150624182908 -2.7389667 -2.2631192 0.7763199 1.0274754 1.677436 -0.54550266 994.72 
20150624182908 -2.2409728 -4.1826706 1.3940239 0.20311269 1.7977765 -0.49174652 994.72 
20150624182908 -1.7932571 -7.1472907 1.8992004 -0.9092729 1.4657712 -0.34055737 994.72 
20150624182908 -0.79367787 -11.468226 4.4017396 -1.9721785 1.0299188 -0.25534168 994.72 
20150624182908 0.57041854 -16.220716 11.27669 -2.4953845 0.8032878 -0.038179077 994.72 
20150624182908 3.2692823 -18.365921 17.392677 -2.1691825 0.6310238 0.6985244 994.72 
20150624182908 1.513734 -14.021044 10.1861315 -0.75961095 -0.72234815 1.2403619 994.72 
20150624182908 -0.2873042 -10.09575 3.57993 0.8347474 -1.402852 0.3652974 994.72 
20150624182908 -1.7621324 -8.620922 -0.12629414 1.3158038 0.93187493 -0.5919284 994.72 
20150624182908 -2.7485435 -9.430161 7.16824 0.98899084 2.579684 -0.8194757 994.74 
20150624182908 -5.691616 -11.33894 -0.13826515 0.002443461 2.0641136 -0.8194757 994.74 
20150624182908 -6.7468605 -11.824963 -2.5635915 -0.25350907 -0.81000733 -0.4813618 994.74 
20150624182908 -3.4650085 -7.267599 -2.842516 -0.32742378 -1.5018122 0.21319197 994.74 
20150624182908 -2.0817583 -7.493851 -1.8249803 0.02076942 -1.7577647 0.45998153 994.74 
20150624182909 0.6655881 -9.157223 -6.785766 -0.03756821 -1.5134187 0.102319926 994.74 
20150624182909 0.023343466 -9.564238 -10.086772 -0.4025602 0.16646078 0.40378192 994.74 
20150624182909 -2.819771 -8.584411 -4.9278655 -1.1814134 0.54733527 1.3286319 994.74 
20150624182909 -2.7485435 -11.729793 -2.178125 -2.211332 -1.6969837 1.4844025 994.74 
20150624182909 1.1384429 -19.589956 4.1317935 -2.4150558 -3.9752057 2.1096232 994.67 
20150624182909 4.758476 -10.594342 3.0005333 -2.4483478 -3.5689802 2.3921483 994.67 
20150624182909 0.29508537 -9.795278 1.3623008 -1.8289305 -2.6331346 1.0488557 994.67 
20150624182909 -0.16998832 -6.5906386 -0.3393781 -1.287704 -0.63499445 -0.81061816 994.67 
20150624182909 -2.1505916 -6.5259953 -2.110489 -1.2425 0.4859433 -0.43096542 994.67 
20150624182909 -1.5831659 -7.475895 -1.062427 -1.0989466 -0.010079277 -0.23518312 994.67 
20150624182909 -1.1659763 -9.585187 1.2611457 -1.0797043 -0.88361657 -0.11789699 994.67 
20150624182909 0.044891283 -11.128249 2.1829133 -0.8713993 -1.6551393 0.26175576 994.67 
20150624182909 1.3946224 -9.910199 0.43514615 -0.6805039 -1.6218473 0.33505958 994.67 
20150624182909 1.3563153 -9.314642 -1.2006922 -1.0473285 -1.2516629 0.3912592 994.66 
20150624182909 0.4345476 -9.185953 -0.4369418 -1.1377366 -0.30726522 0.41722095 994.66 
20150624182909 -0.61890113 -9.581595 2.0919337 -0.9095783 -0.31612277 0.3051272 994.66 
20150624182909 -2.3953989 -10.1161 2.7329812 -0.92271197 -0.6096435 0.24678956 994.66 
20150624182909 -2.156577 -10.967838 0.6721721 -1.2357804 -0.6252206 0.39064834 994.66 
20150624182909 -0.065242 -12.058995 0.9247604 -1.1227703 -0.09743301 0.4269948 994.66 
20150624182909 2.8580782 -12.8927765 0.48602295 -0.6731735 0.17470746 0.55955255 994.66 
20150624182909 4.1665096 -11.240178 -0.40581718 -0.24862215 -0.39400807 0.5375614 994.66 
20150624182909 3.7247794 -10.572795 -0.109534726 -0.22510384 -0.7415904 0.36651915 994.66 
20150624182909 1.9788077 -11.097723 0.8912416 -0.22052236 -0.2648101 0.08368854 994.71 
20150624182909 -1.1456255 -12.702437 0.2088941 -0.16646078 0.0720821 -0.016493361 994.71 
20150624182909 -1.7615339 -11.526884 2.1428106 -0.045814894 0.15882497 -0.3368922 994.71 
20150624182909 -2.955642 -9.566033 3.7936125 0.3231477 0.40958515 -0.56016344 994.71 
20150624182909 -6.1399302 -10.5362835 1.8680758 0.90133166 0.0888809 -0.6609562 994.71 
20150624182909 -5.0224366 -11.21085 -2.5594015 2.2226331 0.15760323 -0.6627888 994.71 
20150624182909 -4.0174704 -11.732785 -4.0252514 3.1239648 0.75869465 -0.26847526 994.71 
20150624182909 -3.0825348 -13.854048 -3.6888664 2.7800477 0.81336707 -0.23548855 994.71 
20150624182909 -1.1647792 -13.986926 -2.0572178 2.0931299 0.21594086 -0.46578476 994.71 
20150624182909 0.7374141 -12.278664 0.08439561 1.863139 -0.06841691 -0.7031059 994.64 
20150624182909 2.6372132 -13.317148 0.6386533 2.3961189 -1.4187346 -0.788627 994.64 
20150624182909 3.3381157 -12.925097 5.0613422 2.8460212 -2.5014932 -0.9584476 994.64 
20150624182909 1.435324 -11.062409 4.325724 2.679255 -2.511267 -1.1426234 994.64 
20150624182909 -0.45609543 -9.293693 -5.21517 1.5170839 -2.0851886 -1.4263704 994.64 
20150624182909 -0.54288524 -7.453748 -4.7764325 1.284955 1.3350459 -1.4785993 994.64 
20150624182909 -1.2150574 -6.755839 -3.2267854 1.1533136 4.073555 -1.3432927 994.64 
20150624182909 -2.6844985 -5.90889 -1.7878702 1.4468343 4.4501534 -1.2140946 994.64 
20150624182909 -3.470994 -4.1222167 0.8559271 2.1731532 3.16642 -1.2144 994.64 
20150624182909 -2.4744074 -2.789245 1.4000094 2.2208006 2.42147 -1.1389582 994.71 
20150624182909 -2.707842 -2.6431987 1.5873557 1.5800029 2.0210476 -0.9944886 994.71 
20150624182909 -2.2828712 -4.807557 0.60812724 0.07513642 2.0528126 -0.73639804 994.71 
20150624182909 -0.29269117 -6.667852 -0.1604115 -1.0754282 1.8167132 -0.53878313 994.71 
20150624182909 0.37469256 -8.838794 0.8571242 -1.5940529 1.4630222 -0.3753767 994.71 
20150624182909 -1.2761095 -11.66515 5.9052987 -1.815797 1.4865406 0.080634214 994.71 
20150624182909 -1.6370354 -13.357251 12.84549 -1.389413 1.0528263 0.72326446 994.71 
20150624182909 2.3122003 -14.921862 14.551359 -0.9098838 -0.840856 1.0152581 994.71 
20150624182909 3.669114 -14.478336 7.8027034 -0.68203104 -1.7131716 0.8903361 994.71 
20150624182909 2.2301989 -10.822391 3.3087866 -0.017104227 -0.03481932 0.21319197 994.66 
20150624182910 -1.3102269 -10.332177 4.882974 0.5897904 2.8634307 -0.5726862 994.66 
20150624182910 -3.6182373 -12.140997 6.0202203 0.47494772 1.990199 -0.98807454 994.66 
