20150701184438 -1.899799 -10.906786 0.78050977 1.4257594 0.52595496 0.1600467 994.9 
20150701184438 -1.4580688 -8.197148 1.151611 1.677436 1.4825699 0.8436049 994.9 
20150701184438 -2.397793 -7.417237 1.0354922 1.7974709 2.0552561 1.0054842 994.9 
20150701184438 -3.2638955 -7.554305 0.41120413 2.0894647 2.01555 0.3827071 994.9 
20150701184438 -1.8962077 -7.053917 0.25258827 2.2275202 1.831374 -0.2434298 994.9 
20150701184438 -0.17956513 -7.5213847 -0.44891283 2.0286834 1.7159204 -0.21563543 994.84 
20150701184438 1.2264298 -8.432977 -0.37588966 1.6542231 1.8548924 -0.20708331 994.84 
20150701184438 -0.20350714 -8.132504 -0.39683893 1.1148291 2.239432 -0.5180137 994.84 
20150701184438 -2.486977 -6.545149 0.005985504 1.1600331 2.8139508 -0.88514376 994.84 
20150701184438 -3.6655228 -5.1660886 0.19512744 1.4132367 2.3185391 -0.7593055 994.84 
20150701184438 -4.1742907 -4.578911 0.7930793 1.4202617 1.6239853 -0.56413406 994.84 
20150701184438 -3.9713821 -4.8177323 2.7766755 1.1746938 1.6065756 -0.37843102 994.84 
20150701184438 -3.3997664 -6.70975 5.277419 0.6047566 1.6743816 -0.2996294 994.84 
20150701184438 -2.0189106 -10.346542 7.754221 0.094989546 1.5558738 -0.25137106 994.84 
20150701184438 -1.459266 -12.232575 7.5345526 -0.3203988 1.5851953 -0.10751228 995.02 
20150701184438 -3.0083144 -10.9822035 9.581595 -0.31490102 1.6985108 -0.03390302 995.02 
20150701184438 -2.9508536 -8.7951 8.2169 -0.06352998 1.2211196 -0.27366763 995.02 
20150701184438 -0.5638345 -8.392874 5.9124813 0.28344148 0.5885687 -0.30665436 995.02 
20150701184438 -1.0283096 -12.3876 5.2277393 0.6963864 1.0235047 -0.17959438 995.02 
20150701184438 -2.2200236 -11.335946 -1.894412 1.352761 0.9795224 -0.047036625 995.02 
20150701184438 -2.2278047 -3.5913026 -12.081141 1.4034629 0.74097955 -0.060170226 995.02 
20150701184438 -12.694057 -6.699575 12.37503 -0.080634214 0.66889745 -0.15851954 995.02 
20150701184438 -11.547235 -8.974067 -1.3221979 -2.32984 -1.2538009 -0.6203337 995.02 
20150701184439 -2.5240872 -8.779537 -9.227253 0.2941316 -4.77941 0.42485678 994.9 
20150701184439 -1.0761937 -10.323798 -4.71119 0.60231316 -1.5897768 1.105666 994.9 
20150701184439 -0.06464344 -11.7782755 1.834557 -2.175902 -0.355829 1.0207558 994.9 
20150701184439 -1.9297266 -13.825317 0.57161564 -3.0747902 -2.286163 1.0247264 994.9 
20150701184439 -0.45250413 -15.093047 0.15741876 -2.3420575 -4.0048327 0.87109387 994.9 
20150701184439 4.1665096 -13.554174 3.305794 -2.233018 -4.2311583 0.9086621 994.9 
20150701184439 3.5470097 -9.637859 3.2315738 -2.2073615 -3.6526687 0.39095375 994.9 
20150701184439 3.0663738 -9.290101 0.24001873 -1.5399913 -2.3096814 -0.95233893 994.9 
20150701184439 3.277662 -8.076839 1.2635399 -1.1643091 -0.28344148 -1.466382 994.9 
20150701184439 2.5779567 -8.350976 1.9237411 -1.3704761 0.68294734 -1.6511687 994.87 
20150701184439 0.84216046 -9.505579 0.66379243 -1.8270979 1.0085385 -1.4208726 994.87 
20150701184439 0.39444473 -8.958505 -0.33159694 -1.8332067 1.2318097 -0.6087272 994.87 
20150701184439 -0.51235914 -9.009979 0.15203181 -1.4165965 0.6001751 0.08735373 994.87 
20150701184439 -2.9293058 -9.835979 3.1507695 -1.029308 -0.3555236 0.1518 994.87 
20150701184439 -2.1757307 -9.569026 2.822764 -0.88331115 -1.3154984 0.06536258 994.87 
20150701184439 1.4101849 -10.4488945 -2.2068555 -0.76174897 -1.6740762 0.3032946 994.87 
20150701184439 2.1649568 -10.304046 1.0366893 -0.87598073 -0.9691377 0.34880406 994.87 
20150701184439 0.3429694 -9.485827 5.149928 -1.2333369 -1.1200215 0.36346483 994.87 
20150701184439 2.9741971 -8.74961 2.2780828 -1.0626001 -2.6285532 0.47250426 994.87 
20150701184439 5.5042696 -7.685986 -0.3369839 -0.68630713 -1.9501873 0.6423248 994.87 
20150701184439 4.895544 -7.5890207 1.7136499 -0.30268374 -0.9605856 0.54061574 994.87 
20150701184439 4.288614 -8.242638 0.50637364 -0.24648413 -1.1294898 0.31795537 994.87 
20150701184439 2.0272903 -9.742006 1.2623428 -0.1731803 -0.539394 0.2874121 994.87 
20150701184439 -0.85652566 -11.628039 0.023942016 0.032375857 0.6728681 0.18845193 994.87 
20150701184439 -1.525705 -13.632585 0.05686229 0.5739079 0.8402451 0.024740042 994.87 
20150701184439 0.7230489 -14.151527 -2.0021513 1.1988231 1.0067059 -0.19975294 994.87 
20150701184439 -0.30705637 -14.536994 -2.1254525 1.7763962 1.0103711 -0.30390546 994.87 
20150701184439 -1.3245921 -15.646108 -0.94451255 2.0705278 0.60231316 -0.60903263 994.91 
20150701184439 -2.1930888 -16.976088 0.18495208 2.0341814 0.07971791 -0.9627236 994.91 
20150701184439 -3.401562 -17.53274 1.2000936 2.0131063 0.15943582 -1.0299188 994.91 
20150701184439 -2.6354175 -14.864401 1.441908 2.0567832 0.29046643 -0.74036866 994.91 
20150701184439 -1.2725182 -12.159552 0.7739257 2.296548 0.44348818 0.089186326 994.91 
20150701184439 -0.5363012 -9.114726 0.219668 2.4721715 0.68416905 0.63163465 994.91 
20150701184439 -1.5532384 -7.6093717 -0.66020113 2.4080307 0.91721416 0.54550266 994.91 
20150701184439 -2.391209 -5.9651537 -1.1300632 2.1994202 0.87995136 0.3145956 994.91 
20150701184439 -3.8672342 -6.5271926 -0.59136784 1.8185458 0.80878556 0.23823744 994.91 
20150701184439 -3.977966 -6.059126 -0.0053869537 1.4123205 0.55955255 0.122783914 994.87 
20150701184439 -3.572149 -4.9919105 0.39205053 1.2217305 0.29810223 0.25381452 994.87 
20150701184439 -3.1082723 -4.9984946 0.39803603 1.1059716 0.35033122 0.21380283 994.87 
20150701184439 -2.3511062 -5.692813 0.58538234 1.1921035 0.9068295 0.058643065 994.87 
20150701184439 -1.5173253 -6.417059 0.45549688 1.3744467 1.529912 0.14782938 994.87 
20150701184439 -0.6745663 -6.10701 0.03232172 1.464244 2.0195205 0.2779437 994.87 
20150701184439 -1.0815806 -5.1846437 0.11492168 1.400714 2.2519548 0.26236662 994.87 
20150701184439 -1.3844471 -5.146935 2.0949266 0.66859204 2.0610592 -0.011911872 994.87 
20150701184439 -1.359308 -6.7588315 3.482965 -0.15271631 1.6209309 -0.112399206 994.87 
20150701184439 -0.8972271 -10.042479 4.734534 -1.0668762 1.3136657 -0.06536258 994.98 
20150701184439 -2.0548236 -14.249091 10.38485 -1.4691309 1.4413365 -0.13041973 994.98 
20150701184439 -2.7688942 -14.432248 15.574282 -0.8933904 1.6465873 -0.49113566 994.98 
20150701184439 -3.482965 -11.045051 9.67018 0.7449502 1.2629639 -0.06291912 994.98 
20150701184439 -4.0306387 -8.262989 3.003526 1.7974709 1.4239268 0.36926803 994.98 
20150701184440 -7.1466923 -7.062895 0.90500826 0.6386596 1.378112 0.13255776 994.98 
20150701184440 -9.337387 -7.8613615 2.5139117 -0.79626286 -0.42455134 -0.52839845 994.98 
20150701184440 -8.190564 -11.137228 3.4979286 -0.30451632 -0.2510656 -0.46303585 994.98 
20150701184440 -2.542642 -9.824008 0.7302315 1.4520267 0.5332854 0.39370266 994.98 
20150701184440 0.89603 -8.890269 -1.3108255 1.6001616 0.98624194 0.820392 994.97 
20150701184440 -1.0079589 -9.044097 0.08020575 0.2666427 0.8072584 0.26358834 994.97 
20150701184440 -1.0235212 -8.785523 -1.8201919 -0.6976081 -0.64476824 -0.43310347 994.97 
20150701184440 -1.6609775 -7.6734166 -2.3355439 -1.142318 -2.7907379 -0.42730024 994.97 
20150701184440 -2.0296845 -8.801085 -1.5059528 -1.2907583 -2.7033842 -0.05222898 994.97 
20150701184440 -0.3764882 -12.806585 -1.5526398 -1.359786 -2.439185 0.39736784 994.97 
20150701184440 4.297592 -19.51035 0.8367735 -1.4935656 -2.1025982 0.84391034 994.97 
20150701184440 0.15741876 -12.151173 3.1010897 -1.4914275 -1.0928379 -0.54000485 994.97 
20150701184440 0.17776948 -11.125257 1.5029601 -1.0705414 -0.30848694 -1.9214766 994.97 
20150701184440 0.022146367 -9.0716305 1.0414777 -0.9419542 -0.11209377 -1.3307699 994.8 
20150701184440 -1.2737153 -7.9541364 0.7589619 -1.8002199 -0.00580322 -0.9370673 994.8 
20150701184440 -2.6360161 -6.646304 2.48159 -2.496301 0.42821655 -1.0274754 994.8 
20150701184440 -2.7114334 -6.125565 1.6699557 -2.652377 1.1374311 -0.9651671 994.8 
20150701184440 -0.9283517 -5.5347958 0.6751649 -1.9297233 1.4810427 -0.5739079 994.8 
20150701184440 0.090979666 -7.5225816 0.6087258 -1.1001683 1.3607023 -0.25900686 994.8 
20150701184440 1.09834 -8.497621 -0.9624691 -1.0393872 0.27672195 -0.20097467 994.8 
20150701184440 1.532289 -8.867524 0.79607207 -1.2027937 -0.7959574 -0.1563815 994.8 
20150701184440 1.3281834 -9.212888 2.4103625 -1.2739595 -1.713477 -0.049785517 994.8 
20150701184440 1.4167689 -9.271546 2.1068976 -1.0170907 -2.8518243 0.05497787 994.9 
20150701184440 1.4838065 -9.898827 0.27234045 -0.93523467 -2.4620924 0.18753563 994.9 
20150701184440 0.9391256 -10.458471 -0.44711718 -1.0888673 -1.2913691 0.28619036 994.9 
20150701184440 -0.6476316 -11.878832 0.55246204 -1.2177598 -0.005192355 0.2669481 994.9 
20150701184440 -1.1330559 -13.409924 0.9900024 -1.1142182 -0.20280726 0.29657507 994.9 
20150701184440 2.7449522 -12.814964 1.4520833 -1.0567969 -0.64812803 0.37812558 994.9 
20150701184440 5.4222684 -11.965023 1.1737574 -0.82436264 -0.40225476 0.43676865 994.9 
20150701184440 5.203199 -11.2371855 1.1492168 -0.2929099 -0.27214047 0.28710666 994.9 
20150701184440 3.1543608 -11.106103 2.8772318 -0.04550946 -0.58032197 0.019547688 994.9 
20150701184440 1.8429368 -11.997943 2.123657 0.087964594 -0.66859204 -0.045814894 994.89 
20150701184440 1.1761516 -12.236765 1.3281834 0.4700608 -0.44684792 -0.04184427 994.89 
20150701184440 -0.005985504 -11.015722 0.107140526 1.0742066 0.6178902 -0.11362094 994.89 
20150701184440 -1.0127473 -10.489596 -0.85473 1.5625933 1.1090258 -0.06352998 994.89 
20150701184440 -1.1587936 -12.358271 -1.6502035 2.1545217 1.0934488 0.025045475 994.89 
20150701184440 0.18136078 -12.3594675 -3.727772 2.572659 1.1685852 -0.071776666 994.89 
20150701184440 0.23403321 -14.496891 -3.2812533 2.6233609 1.078788 -0.30482176 994.89 
20150701184440 -2.859874 -17.587805 -1.002572 2.2763894 0.19150625 -0.6444628 994.89 
20150701184440 -5.0332108 -17.212515 3.9516299 1.8658879 -0.7351763 -0.84849185 994.89 
20150701184440 -2.4959552 -12.619239 0.8086416 2.1743748 -1.5317446 0.105374254 994.82 
20150701184440 -0.5434838 -8.887876 -0.28550854 2.7052166 -1.2922854 1.0861185 994.82 
20150701184440 -2.022502 -7.253833 0.3878607 2.7504208 -0.22235495 1.3356569 994.82 
20150701184440 -2.2170308 -6.343437 0.6488287 2.5515842 0.5326745 0.441961 994.82 
20150701184440 -0.76315176 -5.321712 0.86011696 2.3631322 0.70066243 0.258396 994.82 
20150701184440 -0.12150574 -5.291186 -0.04369418 2.1774292 1.0613784 0.39461896 994.82 
20150701184440 1.2599486 -5.781997 -0.7691373 1.964848 1.5176947 0.44868052 994.82 
20150701184440 2.3505075 -5.4761376 -1.3371617 1.5855007 1.9587394 0.26542094 994.82 
20150701184440 -0.41120413 -4.5884876 -2.2451627 1.1643091 2.2907448 -0.29810223 994.82 
20150701184440 -2.27928 -3.881001 -1.4921862 1.0323622 2.3765712 -0.6921103 994.88 
20150701184441 -3.043629 -3.2632968 -1.5634137 0.75869465 1.7116444 -0.59681535 994.88 
20150701184441 -3.2632968 -3.8552632 -0.3681085 0.3747658 1.2363913 -0.3576616 994.88 
20150701184441 -2.8329391 -5.7245364 1.7980455 0.01863139 1.3891076 -0.36102137 994.88 
20150701184441 -1.9099745 -9.248202 6.009446 -0.45204028 1.4110987 -0.37720928 994.88 
20150701184441 -2.307412 -18.774132 15.744869 -0.82741696 1.6786577 -0.3454443 994.88 
20150701184441 -5.475539 -13.851055 15.887922 -0.6899723 1.5699236 -0.45356745 994.88 
20150701184441 -5.277419 -7.7254906 10.426748 -0.07880162 0.7360926 -0.29352075 994.88 
20150701184441 -4.0186677 -6.7905545 4.429273 0.49205196 -0.3866777 0.2764165 994.88 
20150701184441 -1.6454151 -7.3687544 -1.1528081 0.75319684 0.00580322 -0.103847094 994.97 
20150701184441 -3.247136 -10.105926 2.6497827 0.50946164 0.7620544 -0.45662177 994.97 
20150701184441 -8.002021 -14.552556 11.589133 0.100792766 1.6215417 -0.41905355 994.97 
20150701184441 -4.3089647 -12.506113 -0.6410475 0.64996064 0.8038987 0.25809056 994.97 
20150701184441 -1.2090719 -8.294113 -13.522451 1.4327844 -0.05681047 0.84788096 994.97 
20150701184441 -4.9374423 -7.006033 4.742315 -0.051923547 0.8585711 0.33475417 994.97 
20150701184441 -4.6513352 -7.271789 1.0229226 -2.2595906 -1.099252 -0.5036584 994.97 
20150701184441 -0.66618663 -7.1287355 -5.055357 -0.19517145 -4.491692 -0.15790866 994.97 
20150701184441 -1.7022774 -8.295909 -6.7845693 -0.22418754 -2.3331997 0.5030475 994.97 
20150701184441 -0.8678981 -11.315596 -1.3215994 -1.5528195 -0.820392 0.90041536 994.63 
20150701184441 1.0271125 -18.385075 2.0171149 -2.7797422 -1.4944818 1.351234 994.63 
20150701184441 3.2746694 -15.515025 3.21661 -2.5201247 -2.6392434 0.54336464 994.63 
20150701184441 1.733402 -8.974067 4.5561657 -2.025629 -2.415972 -0.6606508 994.63 
20150701184441 0.7368156 -9.214684 1.340753 -1.459968 -1.6676621 -1.5790867 994.63 
20150701184441 1.1390414 -6.7965403 0.45489833 -1.5488489 -0.13225232 -1.3191634 994.63 
20150701184441 -0.59855044 -5.7466826 1.0414777 -2.2455406 1.4376713 -1.0509937 994.63 
20150701184441 -1.9434932 -6.175245 0.7332243 -2.4373524 1.9782871 -1.0421361 994.63 
20150701184441 -0.5398925 -6.3889275 0.90141696 -1.8374827 1.67316 -0.52473325 994.63 
20150701184441 0.05566519 -7.4561424 0.84934306 -1.31672 -0.06047566 -0.101098195 994.85 
20150701184441 0.56323594 -8.47727 0.4285621 -1.1325442 -1.8591684 -0.089186326 994.85 
20150701184441 0.6697779 -8.470686 1.8483237 -1.1206323 -2.54517 -0.089186326 994.85 
20150701184441 0.7326257 -9.284116 2.1906946 -1.1398746 -2.7546968 0.03573562 994.85 
20150701184441 2.0685902 -10.220847 0.8206126 -1.2119566 -2.2721133 0.20677789 994.85 
20150701184441 0.64823014 -11.345523 1.0384849 -1.1814134 -0.7507534 0.3912592 994.85 
20150701184441 -0.17417817 -13.176489 1.1426327 -1.2476922 -0.10720685 0.3680463 994.85 
20150701184441 1.8154035 -13.767259 1.276708 -1.2012665 -0.48716503 0.37965274 994.85 
20150701184441 4.4125137 -13.076531 1.0546459 -0.7834347 -0.89888823 0.54092115 994.85 
20150701184441 5.322909 -12.227188 1.7040731 -0.5644395 -0.711658 0.4654793 994.94 
20150701184441 3.5697548 -11.757326 3.916914 -0.2574797 -0.42271876 0.14080444 994.94 
20150701184441 2.130241 -11.779472 1.7615339 -0.01038471 -0.26175576 0.008552114 994.94 
20150701184441 1.9614497 -12.633604 0.05327099 0.42241332 -0.06505715 0.015882496 994.94 
20150701184441 -0.36152446 -11.369465 0.97862995 1.135904 0.26236662 -0.17562376 994.94 
20150701184441 -2.0254946 -11.504139 0.5506664 1.7266107 0.7461719 -0.25961772 994.94 
20150701184441 -1.6340426 -13.439253 -1.3503298 2.4492643 1.0711522 -0.16982053 994.94 
20150701184441 0.83497787 -12.834118 -4.498705 2.990491 1.3695599 -0.18906279 994.94 
20150701184441 0.58657944 -16.316484 -3.4344823 3.1948252 1.215011 -0.36468655 994.94 
20150701184441 -5.011064 -19.608511 3.702633 2.3790147 -0.115453534 -1.003957 994.84 
20150701184441 -4.510676 -15.900492 3.4608185 1.7831156 -1.5005904 -0.9166033 994.84 
20150701184441 -1.8064252 -11.675923 0.07182605 2.2782218 -1.6288722 0.40378192 994.84 
20150701184441 -0.480636 -7.387908 0.5057751 2.6972754 -0.14080444 1.4758505 994.84 
20150701184441 -2.3852234 -5.9783216 -0.25498247 2.5763242 1.2559389 0.96944314 994.84 
20150701184441 -1.9081788 -5.145738 -0.9115923 2.5986207 1.461495 0.2284636 994.84 
20150701184442 -1.1791444 -4.5160627 -0.65421563 2.488665 1.4214834 0.24098633 994.84 
20150701184442 -0.18495208 -4.7022123 -0.6015432 2.1319196 1.1435398 0.42180246 994.84 
20150701184442 1.1390414 -5.825691 -1.1988965 1.641395 1.0247264 0.4196644 994.84 
20150701184442 1.1013328 -5.265448 -2.1320367 1.1753048 1.5943583 0.19181168 994.87 
20150701184442 -0.3250129 -3.8732197 -2.0620062 0.9080512 2.3802364 -0.3885103 994.87 
20150701184442 -1.7226281 -3.289633 -1.6106992 1.1139128 2.5320365 -0.7147123 994.87 
20150701184442 -2.2822728 -3.1016884 -1.6801311 1.0668762 1.3558154 -0.6392705 994.87 
20150701184442 -2.4187422 -2.842516 -0.50517654 0.57940567 1.144456 -0.36041048 994.87 
20150701184442 -3.7187939 -7.03596 2.712032 -0.20830505 1.248914 -0.31703907 994.87 
20150701184442 -2.754529 -14.055161 10.372879 -1.2492194 1.2400564 -0.29901853 994.87 
20150701184442 -3.855862 -19.608511 19.608511 -2.1138992 1.4972308 -0.21960606 994.87 
20150701184442 -5.4192758 -16.719908 16.92581 -1.5757269 1.6148223 -0.42302418 994.87 
20150701184442 -6.506243 -8.752005 9.240421 0.9083566 1.1181889 0.11484267 994.92 
20150701184442 -4.395156 -4.7536874 -1.0133458 1.5586227 0.13805555 0.50243664 994.92 
20150701184442 -2.6743233 -4.775235 -2.5929205 1.706452 0.84329945 -0.010079277 994.92 
20150701184442 -7.5932107 -12.439673 5.9172697 1.0812315 1.4236214 -0.48563787 994.92 
20150701184442 -4.751293 -14.610018 5.547365 0.74006325 1.6013832 0.098043874 994.92 
20150701184442 2.5540147 -8.32404 -9.249998 1.1914927 0.13561209 1.0485502 994.92 
20150701184442 -1.7717092 -6.9461775 -5.0463786 0.44990227 0.33414328 0.35063666 994.92 
20150701184442 -5.4300494 -8.379706 6.166865 -1.4404203 -0.1432479 -1.0238101 994.92 
20150701184442 -3.8624458 -9.489418 -1.5382746 -0.8582657 -3.1789427 -0.7678576 994.92 
20150701184442 -0.7422025 -8.052299 -5.801151 0.04734206 -2.903137 0.06261369 994.89 
20150701184442 -0.3597288 -9.69951 -1.1133038 -1.0842859 -1.3713925 1.0097603 994.89 
20150701184442 -0.33758244 -14.177265 0.92176765 -2.3283129 -1.6178766 1.1640037 994.89 
20150701184442 3.2662897 -19.475634 0.9151836 -2.5314255 -2.366492 0.7162395 994.89 
20150701184442 0.7661445 -10.720636 3.9013517 -2.6438248 -2.0955732 -0.4266894 994.89 
20150701184442 -0.931943 -9.260174 0.85532856 -2.5011878 -2.0073032 -1.7287487 994.89 
20150701184442 -0.17058687 -7.7997108 1.1851299 -2.0015 -1.5867225 -1.1633929 994.89 
20150701184442 -0.6943185 -6.579865 1.2258313 -1.8826867 -0.75441855 -0.7516697 994.89 
20150701184442 -2.1643584 -7.2747817 2.331354 -1.9095647 -0.40866885 -0.77182823 994.89 
20150701184442 -1.1414356 -7.587225 1.0881647 -2.1062634 0.5757405 -0.6954701 994.79 
20150701184442 0.46327803 -7.368156 -0.044292733 -1.4065173 1.6780468 -0.20341812 994.79 
20150701184442 0.55964464 -7.9170265 -0.51834464 -0.93615097 1.4627168 -0.040317107 994.79 
20150701184442 0.76075757 -7.699753 -0.6781576 -0.9138544 0.118202426 -0.1255328 994.79 
20150701184442 1.2372037 -7.4884644 1.0702082 -1.1508701 -1.8536706 -0.04520403 994.79 
20150701184442 1.5783775 -8.185177 0.82001406 -1.2379184 -3.3377676 0.028710667 994.79 
20150701184442 1.3940239 -10.044873 -0.60453594 -1.0201449 -3.5897496 0.046120327 994.79 
20150701184442 0.97743285 -10.915166 1.7651252 -1.0864239 -2.5647178 0.2764165 994.79 
20150701184442 0.374094 -13.055582 2.3301568 -1.4367551 -1.3521502 0.5662721 994.79 
20150701184442 2.2697031 -13.856442 2.429516 -1.6362026 -0.68752885 0.50732356 994.89 
20150701184442 4.5082817 -13.533824 2.9502552 -1.4184291 0.3549127 0.52412236 994.89 
20150701184442 5.922058 -13.356054 2.1272483 -0.7687739 0.63163465 0.45142943 994.89 
20150701184442 5.0308166 -12.77965 3.6373909 -0.30604348 -0.59773165 0.26053402 994.89 
20150701184442 3.4410665 -11.477204 2.32058 -0.07666359 -0.56016344 -0.008552114 994.89 
20150701184442 1.5065514 -11.089344 0.8559271 0.46944994 0.04062254 -0.057421334 994.89 
20150701184442 -1.9273324 -10.5440645 3.1238346 1.2858714 0.6291912 -0.2843578 994.89 
20150701184442 -1.1725603 -12.158355 0.6183026 1.7690657 1.0900891 -0.38423425 994.89 
20150701184442 0.48243165 -12.722788 -2.7102363 2.6865854 1.3292428 -0.21838433 994.89 
20150701184442 0.6733692 -14.504074 -5.623381 3.1407638 1.7440202 -0.35369098 994.88 
20150701184442 -0.9498995 -19.397821 -4.171298 2.638327 1.5864171 -0.68936145 994.88 
20150701184443 -4.602853 -19.608511 4.9164934 1.9083431 0.10781772 -0.82344633 994.88 
20150701184443 -4.9045224 -16.259024 3.7989995 1.4950926 -1.2263119 -0.3210097 994.88 
20150701184443 -2.0260932 -10.335769 -1.5795746 2.9547553 -2.2656991 1.135293 994.88 
20150701184443 -3.6254199 -8.36175 1.240795 3.4168746 -0.47983465 1.743104 994.88 
20150701184443 -2.510919 -7.2352777 -0.6302736 3.3371568 0.33475417 0.44409904 994.88 
20150701184443 -1.4718355 -6.408081 -1.2443863 3.068987 0.172264 0.12675454 994.88 
20150701184443 0.46088383 -5.5485625 -0.44352585 2.313652 1.1679744 0.40133846 994.88 
20150701184443 1.4766239 -5.109825 -1.4024036 1.9092593 1.7910569 0.55741453 994.89 
20150701184443 2.1625626 -4.613028 -1.7328035 1.5525141 1.9636264 0.3744604 994.89 
20150701184443 -0.25258827 -3.6403837 -1.7429788 1.3011429 2.252871 -0.2125811 994.89 
20150701184443 -0.8912416 -1.8177977 -2.059612 1.2366967 1.928807 -0.6047566 994.89 
20150701184443 -1.417966 -1.4622587 -2.397793 1.3952162 1.9456058 -0.4654793 994.89 
20150701184443 -1.4730326 -1.9057846 -1.3485341 1.1255192 1.9156734 -0.22999077 994.89 
20150701184443 -2.3636756 -3.6104562 0.52612585 0.2773328 2.0390682 -0.10842858 994.89 
20150701184443 -2.597709 -7.721899 3.9935284 -0.464563 1.8863518 -0.25137106 994.89 
20150701184443 -2.5312698 -17.079039 16.254833 -1.6517797 1.700038 -0.4370741 994.89 
20150701184443 -5.3288946 -19.608511 19.543869 -2.3533583 1.5845845 -0.5015204 994.93 
20150701184443 -7.514202 -14.702792 12.822745 -0.12858713 1.2739595 -0.12308934 994.93 
20150701184443 -8.571242 -7.9188223 4.453215 0.9294315 -0.12614368 0.473726 994.93 
20150701184443 -6.9611416 -4.235343 -2.5007436 1.058324 -0.11728613 0.13103059 994.93 
20150701184443 -7.650073 -12.61864 1.8201919 1.3741413 0.99173975 -0.33261612 994.93 
20150701184443 -7.0287776 -19.556438 14.866197 1.2681563 2.0186043 -0.061086524 994.93 
20150701184443 3.478775 -9.533711 -12.100894 1.357648 0.8393288 1.1597277 994.93 
20150701184443 2.6485856 1.3192052 -9.090185 2.090381 0.10751228 0.93676186 994.93 
20150701184443 -4.2371383 -2.4486697 8.800487 -1.0519099 0.7690793 -0.8539896 994.93 
20150701184443 -2.3529017 -11.365874 -6.9527617 -1.8701639 -2.3979516 -1.2730432 994.97 
20150701184443 -0.6871359 -12.424111 -4.9757495 -0.34513888 -2.400395 -0.24953845 994.97 
20150701184443 0.75956047 -13.700221 3.958214 -1.8680259 -1.3460416 1.1282681 994.97 
20150701184443 -1.9393034 -14.918271 0.074220255 -2.3774874 -3.1297681 1.2479976 994.97 
20150701184443 -0.1412579 -14.7716255 1.3210008 -2.0619757 -2.930015 0.5308419 994.97 
20150701184443 1.9967642 -13.54759 2.9909565 -2.3887885 -1.8396207 -0.053145275 994.97 
20150701184443 -0.44651863 -9.002198 1.2150574 -2.5744915 -1.2660183 -1.1578951 994.97 
20150701184443 -0.6464345 -8.253412 0.3250129 -2.4764478 -0.9279043 -1.4731015 994.97 
20150701184443 -0.272939 -6.8109055 0.2148796 -2.3716843 -0.41630468 -1.196685 994.97 
20150701184443 -2.259528 -6.3943143 2.2427685 -2.3701572 -0.32559118 -1.0549643 994.84 
20150701184443 -1.9740193 -6.8881183 2.5073278 -2.1649065 -0.18509217 -0.84238315 994.84 
20150701184443 -0.24480712 -6.30513 0.5494693 -1.6939293 0.1853976 -0.39614612 994.84 
20150701184443 0.18315643 -7.204153 -1.1372458 -1.047023 0.46578476 -0.049480084 994.84 
20150701184443 1.0247183 -7.961319 -0.40222588 -1.1560625 0.14172074 -0.055588737 994.84 
20150701184443 1.6346412 -6.9647326 -0.14425065 -1.2730432 -1.1236867 0.03023783 994.84 
20150701184443 0.28909984 -8.207922 1.2156559 -1.0598512 -2.3515258 0.0143553335 994.84 
20150701184443 0.48362875 -9.435549 0.7266402 -1.1710287 -3.1844406 -0.03848451 994.84 
20150701184443 0.55006784 -10.95048 0.45489833 -1.4492778 -2.8075366 0.23151793 994.84 
20150701184443 0.38067806 -14.434044 1.1994951 -1.4388931 -1.3634512 0.45234573 994.95 
20150701184443 0.97025025 -15.266627 2.7407625 -1.57084 -0.54519725 0.55771995 994.95 
20150701184443 2.9933507 -14.125192 3.867833 -1.5344934 0.12308934 0.5662721 994.95 
20150701184443 5.9867015 -13.07294 1.8249803 -0.83077675 0.040317107 0.4007276 994.95 
20150701184443 5.0781016 -12.749125 3.3871968 -0.16890424 -0.5021312 0.14172074 994.95 
20150701184443 3.1962593 -12.473791 2.907758 0.17256944 -0.50732356 -0.28771752 994.95 
20150701184443 1.988983 -12.284649 0.19512744 0.61666846 -0.5543602 -0.21624629 994.95 
20150701184444 0.032920275 -9.980828 0.45370123 1.3121386 0.29138273 -0.21227567 994.95 
20150701184444 -1.5005659 -11.692084 0.11252748 1.9055941 0.83169305 -0.2733622 994.95 
20150701184444 -0.1400608 -13.158532 -3.0909145 2.56991 1.2455542 -0.20799962 994.83 
20150701184444 0.84455466 -14.236522 -5.8801594 3.1554244 1.6300939 -0.24495697 994.83 
20150701184444 -1.6154876 -19.574394 -3.515885 2.9153545 1.1520919 -0.5320636 994.83 
20150701184444 -6.0878563 -19.608511 6.8384385 1.9465221 -0.37110063 -1.0845913 994.83 
20150701184444 -3.8696284 -14.830882 3.015497 1.6701056 -2.0540345 -0.37965274 994.83 
20150701184444 -2.2852654 -9.832987 -0.997185 2.5995371 -2.1673498 0.87872964 994.83 
20150701184444 -3.6846764 -8.350976 1.0899603 3.0500503 -0.07696902 0.91354895 994.83 
20150701184444 -2.4241292 -6.3661823 -0.040102877 3.043636 1.0989466 0.027488936 994.83 
20150701184444 -1.8010383 -5.513248 -0.89543146 3.0069842 0.87689704 0.3051272 994.83 
20150701184444 -0.05327099 -5.118803 0.1328782 2.666427 1.4046847 0.5177083 994.88 
20150701184444 2.1631613 -5.5431757 0.055066638 2.2220223 1.6401732 0.6533204 994.88 
20150701184444 2.493561 -5.759252 -1.4999673 1.844813 1.7846428 0.35888332 994.88 
20150701184444 -0.13826515 -4.5807066 -2.509722 1.5060883 2.522568 -0.3182608 994.88 
20150701184444 -1.2635399 -2.8802247 -2.594716 1.543351 3.1697798 -0.61453044 994.88 
20150701184444 -2.2936451 -2.071583 -2.043451 1.6667458 2.6600127 -0.43279803 994.88 
20150701184444 -2.4570496 -2.4289176 -1.1899183 1.3148874 1.8548924 -0.16493362 994.88 
20150701184444 -2.3241713 -2.971803 -0.2100912 0.63407815 1.599856 -0.12064589 994.88 
20150701184444 -3.1908724 -5.827487 1.204882 -0.63255095 1.4376713 -0.14630222 994.88 
20150701184444 -3.7660792 -11.920731 9.745598 -1.8032742 1.2473868 -0.25289822 995.02 
20150701184444 -2.472612 -19.608511 19.608511 -2.7644706 0.90408057 -0.27122417 995.02 
20150701184444 -6.579266 -19.608511 18.401236 -2.3671029 0.42241332 -0.19547687 995.02 
20150701184444 -8.058883 -12.339117 7.521983 0.07422013 0.22235495 0.101098195 995.02 
20150701184444 -6.0848637 -4.4418426 0.090381116 1.5354098 0.15577064 0.6765333 995.02 
20150701184444 -6.52001 -6.0716953 -1.4640543 2.1132884 1.4196508 0.16401732 995.02 
20150701184444 -7.7973166 -11.235989 -1.0402806 1.9465221 1.8497 -0.07941248 995.02 
20150701184444 -3.5583823 -7.7865424 -3.5380316 1.07665 1.212873 0.65240407 995.02 
20150701184444 -2.4067712 -4.742315 -2.2667105 0.1386664 0.27916542 0.79412484 995.02 
20150701184444 0.28909984 -8.589199 4.0025067 -0.44409904 -0.69058317 0.14660765 995.03 
20150701184444 2.6144683 -12.865841 -6.029797 -0.4538729 -1.4584408 0.026267206 995.03 
20150701184444 0.21787235 -8.314464 -5.085883 -0.6075055 -1.1780536 0.07941248 995.03 
20150701184444 -1.0833763 -10.063428 0.6434417 -2.2886066 -1.9792033 0.3436117 995.03 
20150701184444 -1.0947487 -15.176246 1.146224 -2.7296515 -3.4083226 0.41538838 995.03 
20150701184444 2.7210102 -18.79987 2.2050598 -2.101682 -3.3014212 0.16462818 995.03 
20150701184444 -1.6579847 -11.481993 3.9145198 -2.2782218 -2.6050348 -1.0910053 995.03 
20150701184444 -0.78050977 -9.990405 0.4141969 -2.3930645 -2.0277672 -1.5800029 995.03 
20150701184444 0.11791443 -7.9708962 0.19033903 -2.2742512 -0.9914343 -0.8405506 995.03 
20150701184444 -1.0366893 -7.117363 1.6777369 -2.3176227 0.08857546 -0.9764681 994.81 
20150701184444 -2.6431987 -6.457162 2.5570073 -2.2495112 0.09468412 -1.2162327 994.81 
20150701184444 -2.1057005 -6.600814 1.9213469 -2.195755 0.3680463 -1.0479393 994.81 
20150701184444 -0.10654198 -6.039374 -0.6943185 -1.7641789 0.9465357 -0.44990227 994.81 
20150701184444 0.6841431 -7.261614 -1.9015948 -1.3503176 1.1417072 -0.1777618 994.81 
20150701184444 1.4676456 -7.8332295 0.1448492 -1.5155567 -0.258396 -0.079107046 994.81 
20150701184444 -0.07182605 -7.167641 1.8549078 -1.5855007 -2.6783388 -0.028405234 994.81 
20150701184444 -0.95229375 -8.301296 1.3640964 -1.2681563 -4.1609087 -0.004581489 994.81 
20150701184444 0.97623575 -9.289502 -1.1749545 -1.1346822 -4.2702537 0.2144137 994.81 
20150701184444 1.4227544 -12.574945 1.1097125 -1.2162327 -2.1361957 0.528093 994.93 
20150701184444 0.45190558 -15.386337 4.299388 -1.6157386 -0.30390546 0.6133087 994.93 
20150701184444 1.733402 -15.642517 4.1635165 -1.9089539 0.59223384 0.48288897 994.93 
20150701184445 4.5274353 -14.50587 1.9057846 -1.0167851 0.43310347 0.5183192 994.93 
20150701184445 6.1064115 -12.03266 0.6745663 -0.1432479 -0.782213 0.47678033 994.93 
20150701184445 4.11264 -11.481993 2.3145945 0.027488936 -1.3405437 0.09896017 994.93 
20150701184445 2.0494366 -12.022484 2.1865046 0.1337795 -0.70157874 -0.20891592 994.93 
20150701184445 0.29568392 -11.9374895 1.3497312 0.7360926 -0.032070424 -0.1572978 994.93 
20150701184445 -0.8996213 -13.051392 0.90859956 1.7305813 0.6771441 -0.22785273 994.93 
20150701184445 0.6991069 -13.098079 -0.6368576 2.5305092 1.5155567 -0.22479841 994.9 
20150701184445 2.315193 -13.029844 -4.7506948 3.10289 1.5848899 -0.27977628 994.9 
20150701184445 0.40701428 -17.196354 -3.6936548 3.140458 1.3176364 -0.6988298 994.9 
20150701184445 -2.4732103 -18.871696 -3.1399956 2.3102922 0.6774496 -1.2690725 994.9 
20150701184445 -3.5769374 -16.171038 -0.20590134 1.5903877 -0.5720753 -0.72204274 994.9 
20150701184445 -3.8055837 -13.904326 6.927623 1.2519683 -1.1206323 0.39278635 994.9 
20150701184445 -2.054225 -8.720282 -1.8674773 2.03693 -1.4840971 1.1068878 994.9 
20150701184445 -2.4546554 -7.7159133 -0.010773907 3.2119296 -0.21685717 1.1539245 994.9 
20150701184445 -1.7244238 -6.3793507 0.41838676 3.0363057 1.4101825 0.38056904 994.9 
20150701184445 -1.216853 -5.6425347 -1.0414777 2.928488 1.2226468 0.31642818 994.9 
20150701184445 0.45968673 -4.8524485 -1.7525556 2.8655689 1.8249599 0.605062 994.9 
20150701184445 2.5995045 -4.573524 -2.4917655 2.6816983 2.2351558 0.83077675 994.9 
20150701184445 2.6671407 -5.199009 -2.1691468 2.1749856 1.9190332 0.4538729 994.9 
20150701184445 0.4866215 -4.23654 -3.1717186 1.7635679 2.1835377 -0.2171626 994.9 
20150701184445 -1.3868413 -3.0412347 -1.6376339 1.7275269 2.7458394 -0.6817256 994.9 
20150701184445 -2.191293 -2.445677 -1.2246342 1.4993688 2.2638667 -0.67256266 994.9 
20150701184445 -2.6701334 -2.3122003 0.24241292 1.0806206 1.8203784 -0.6068946 994.9 
20150701184445 -2.7569232 -5.697003 0.6889315 0.058948494 2.0091357 -0.68386364 994.9 
20150701184445 -1.4317327 -12.469601 8.042722 -1.7110336 1.8933768 -0.75991637 995.0 
20150701184445 -2.557606 -19.608511 19.608511 -2.8777862 1.6545285 -0.47678033 995.0 
20150701184445 -6.8210807 -19.099745 18.720263 -2.362216 0.63407815 -0.51343226 995.0 
20150701184445 -8.843582 -9.65821 7.0826473 0.9059132 -0.23579398 -0.08307768 995.0 
20150701184445 -9.427169 -4.197634 -2.0895395 2.1523838 -0.43157628 0.43463063 995.0 
20150701184445 -11.113884 -11.4377 -5.762245 2.0207422 1.2935071 -0.15149458 995.0 
20150701184445 -3.8534677 -10.017939 -0.5327099 1.5079209 1.8252654 0.10567969 995.0 
20150701184445 1.3988123 -7.8212585 -5.322909 0.24953845 1.0983357 1.3069462 995.0 
20150701184445 0.8655039 -5.9064956 1.1641805 -0.08552113 -0.3659083 0.4071417 995.0 
20150701184445 2.4139538 -11.520899 -3.378817 -0.86132 -2.1838431 -0.17531833 994.97 
20150701184445 -0.9648633 -10.975619 -6.145317 -0.66523224 -2.1520782 -0.226631 994.97 
20150701184445 -0.8607155 -10.988788 -0.91458505 -1.4398094 -1.1230757 0.3484986 994.97 
20150701184445 2.6378117 -17.485453 3.406949 -2.2837198 -2.2379048 0.6200282 994.97 
20150701184445 1.4167689 -14.314333 3.4632127 -2.0033326 -2.4452937 0.1160644 994.97 
20150701184445 -1.5472529 -10.86788 2.5809495 -1.733941 -2.0124955 -1.5021176 994.97 
20150701184445 -0.7015011 -9.99639 0.4758476 -1.9388863 -1.2421945 -1.5231925 994.97 
20150701184445 -0.36391866 -7.2107368 -0.86370826 -2.3069327 0.086132 -1.1242975 994.97 
20150701184445 -1.9752164 -5.876568 0.40701428 -2.5928175 0.93187493 -1.0864239 994.97 
20150701184445 -4.9176903 -6.327875 4.148553 -2.5909848 1.2379184 -1.1774428 994.84 
20150701184445 -2.4672248 -5.7383027 1.1438298 -1.8854356 0.73639804 -0.6973027 994.84 
20150701184445 -1.0313023 -7.3753386 -1.4610616 -1.2162327 0.5158757 -0.29138273 994.84 
20150701184445 1.0606314 -8.874707 -1.1150994 -1.3707817 0.33750305 -0.20891592 994.84 
20150701184445 2.356493 -8.4826565 -0.41359833 -1.5262468 -1.2034045 -0.047647487 994.84 
20150701184445 1.0881647 -8.471883 3.669114 -1.1301007 -3.4251215 -0.05222898 994.84 
20150701184445 1.7381904 -9.038112 -0.15442601 -0.97310835 -4.661207 -0.018020526 994.84 
20150701184445 2.8257565 -9.403826 -1.0348936 -1.1224649 -4.1108174 0.3640757 994.84 
20150701184446 1.316811 -11.758523 2.504335 -1.4895949 -1.3836098 0.59956425 994.84 
20150701184446 -0.41120413 -13.5697365 4.1653123 -1.6588045 -0.016798794 0.55863625 994.89 
20150701184446 1.9500773 -13.39077 1.9165585 -1.4477507 0.01740966 0.46028697 994.89 
20150701184446 4.771045 -12.737752 0.6147113 -0.573297 0.29779682 0.47586402 994.89 
20150701184446 4.644751 -12.040441 1.5107412 0.076358154 -0.42394048 0.36254853 994.89 
20150701184446 3.2363622 -11.6585655 2.9358897 -0.01985312 -0.92057395 0.09315695 994.89 
20150701184446 1.5065514 -12.980165 1.9979613 0.112399206 -0.3042109 -0.011911872 994.89 
20150701184446 0.1364695 -12.360066 1.2479776 0.9972375 0.3631594 -0.15943582 994.89 
20150701184446 -0.44771573 -11.994352 0.37828386 1.5806139 0.9034697 -0.25289822 994.89 
20150701184446 0.6266823 -13.128007 -1.875857 2.3322835 1.063211 -0.2180789 994.89 
20150701184446 1.192911 -13.646351 -4.5364137 2.8948903 1.0677924 -0.35918877 994.86 
20150701184446 -0.415394 -16.934189 -3.86903 2.824641 1.0836749 -0.7819075 994.86 
20150701184446 -4.9398365 -19.428349 2.135628 2.2403483 0.14355333 -1.0461067 994.86 
20150701184446 -5.044583 -15.95496 3.8612487 1.5161675 -0.7357872 -0.8078693 994.86 
20150701184446 -2.0602105 -10.356119 -1.1504139 2.223855 -1.2980887 0.6575964 994.86 
20150701184446 -3.5170822 -8.239645 0.5117606 2.7006352 0.20616703 1.1426234 994.86 
20150701184446 -2.7275944 -6.4164605 -0.037110128 2.7666087 1.1728612 0.36743546 994.86 
20150701184446 -1.7429788 -5.628768 -0.62009823 2.9352076 0.86620694 0.25625798 994.86 
20150701184446 -0.7368156 -5.115212 -0.31663316 2.6887233 0.8002335 0.58368176 994.86 
20150701184446 0.670975 -4.9242744 -0.12868834 2.2595906 0.88208944 0.7370089 994.84 
20150701184446 2.4199393 -6.093243 -0.108936176 1.704314 1.1609493 0.70463306 994.84 
20150701184446 1.0761937 -5.947197 -1.9129672 1.2513574 1.8228219 0.23426682 994.84 
20150701184446 -0.29029694 -4.4639893 -2.0254946 1.3359623 3.0998356 -0.2742785 994.84 
20150701184446 -1.5801731 -3.0340521 -1.1833342 1.5259414 2.9019153 -0.46853364 994.84 
20150701184446 -2.3505075 -2.5103204 -0.74758947 1.3820826 1.9779817 -0.4642576 994.84 
20150701184446 -2.44448 -3.7193923 0.51475334 0.91232723 1.5787812 -0.35246924 994.84 
20150701184446 -2.7665 -7.73387 3.280655 -0.27855456 1.4605788 -0.4810564 994.84 
20150701184446 -3.3632548 -15.415667 12.331934 -1.5293012 1.4242324 -0.5552765 994.84 
20150701184446 -4.31076 -19.608511 19.608511 -2.3032675 1.4611896 -0.57757306 995.0 
20150701184446 -5.492897 -15.143326 15.644911 -1.0204504 0.96486163 -0.5516113 995.0 
20150701184446 -5.786187 -9.372103 7.813477 0.72234815 0.26511553 -0.06994407 995.0 
20150701184446 -3.715801 -5.305551 -1.0761937 1.4376713 -0.17470746 0.23579398 995.0 
20150701184446 -3.41473 -5.7245364 -0.8559271 1.541213 0.655153 -0.31429017 995.0 
20150701184446 -6.23091 -10.542868 2.083554 1.1053606 2.4627032 -0.46761733 995.0 
20150701184446 -2.4995465 -7.5974007 -5.5647235 0.7910705 1.5873333 0.03726278 995.0 
20150701184446 -3.0759506 -9.011775 -8.318055 -0.01863139 0.115453534 0.45723262 995.0 
20150701184446 -5.7281275 -15.877748 14.593857 -2.0674734 -0.8597928 -0.15515977 995.0 
20150701184446 -1.9979613 -11.598111 -5.422867 -2.0158553 -3.0387492 -0.106901415 994.96 
20150701184446 0.374094 -8.747216 -1.79206 0.5882632 -4.21833 0.52503866 994.96 
20150701184446 -0.7062895 -6.9587474 -4.1880574 -0.9025534 -1.9022343 0.41691554 994.96 
20150701184446 -0.6973112 -9.250597 -1.2886791 -2.0433443 -1.0302242 0.34055737 994.96 
20150701184446 2.7976246 -18.88606 0.49440265 -2.531731 -1.4199562 0.37782016 994.96 
20150701184446 3.4967315 -12.831724 4.534618 -2.8295279 -2.2821925 0.16523905 994.96 
20150701184446 -0.19393034 -8.054094 2.4929626 -2.5213463 -2.4578164 -1.8002199 994.96 
20150701184446 -0.4345476 -7.4166384 0.25737667 -1.8261817 -1.5329664 -2.1358902 994.96 
20150701184446 -0.8924387 -5.456984 2.154183 -1.8008307 0.3885103 -1.4874569 994.96 
20150701184446 -1.2024878 -5.808932 1.4586674 -2.238821 1.1386528 -0.7984009 994.81 
20150701184446 -1.3126211 -6.757634 -0.5626374 -1.779145 1.509448 -0.43279803 994.81 
20150701184446 0.13587095 -7.9104424 -0.7044938 -1.4853189 0.691194 -0.26725355 994.81 
20150701184446 0.9498995 -8.393473 -1.0809821 -1.4101825 -0.86437434 0.006414085 994.81 
20150701184447 0.3681085 -8.841188 0.7062895 -1.2250903 -2.7656925 0.13561209 994.81 
20150701184447 -0.2160767 -9.313444 3.9240966 -1.2486086 -3.7210855 0.17654006 994.81 
20150701184447 1.7986441 -9.499594 -0.22026655 -1.5867225 -3.2549953 0.3368922 994.81 
20150701184447 2.6868927 -11.434708 0.36032736 -1.6942347 -1.4395039 0.54428095 994.81 
20150701184447 1.3221979 -13.402741 2.1883004 -1.2895365 0.4877759 0.5815437 994.81 
20150701184447 1.834557 -13.9833355 2.4552538 -0.9599747 -0.49754974 0.5149594 994.93 
20150701184447 4.2143936 -13.342287 2.6282349 -0.6453791 -1.2006557 0.44409904 994.93 
20150701184447 4.961983 -12.45344 1.2144588 -0.31337386 -0.54428095 0.29016098 994.93 
20150701184447 3.1585505 -11.092337 2.8550856 0.15241088 -0.19456059 -0.007330383 994.93 
20150701184447 0.9696517 -11.321581 2.8520927 0.35430184 -0.3912592 -0.09132435 994.93 
20150701184447 -0.6344634 -11.807006 1.9093759 0.94225967 -0.35246924 -0.14355333 994.93 
20150701184447 -0.47465047 -13.587693 0.40282443 1.8909334 0.6133087 -0.16157386 994.93 
20150701184447 2.433706 -13.321339 -3.353678 2.8732047 1.3136657 -0.027488936 994.93 
20150701184447 2.932897 -14.785393 -4.3664255 3.1710014 1.3020593 -0.13530666 994.93 
20150701184447 -0.034117375 -19.41937 -3.354875 2.7889054 0.9810496 -0.78801614 994.84 
20150701184447 -5.295376 -19.608511 0.31663316 1.947133 -0.55741453 -1.3005321 994.84 
20150701184447 -5.9118824 -17.006014 6.361394 1.5140295 -1.2959507 -0.9630291 994.84 
20150701184447 -1.5616181 -9.795278 -2.534861 2.1612413 -1.5943583 0.8390234 994.84 
20150701184447 -4.06715 -7.69257 0.31004912 3.0262265 -0.19425514 1.8307631 994.84 
20150701184447 -3.3213563 -5.9226565 0.5662287 3.0326405 1.7238617 0.3735441 994.84 
20150701184447 -1.9488802 -4.614824 -0.8331822 3.2293391 0.70616025 0.21777347 994.84 
20150701184447 -0.866701 -4.220379 -1.0791864 3.082426 0.5882632 0.52473325 994.84 
20150701184447 1.8309658 -3.8349125 -0.2705448 2.408947 0.8026769 0.70432764 994.84 
20150701184447 2.7443538 -4.955399 -0.5722142 1.6673567 1.3191634 0.54275376 995.01 
20150701184447 1.5586253 -5.092467 -2.4756045 1.1685852 2.4092526 6.1086525E-4 995.01 
20150701184447 0.59495914 -3.5452142 -2.6048915 1.488984 3.805385 -0.5329799 995.01 
20150701184447 -1.4820108 -2.8963854 -1.5239093 1.4367551 2.9211576 -0.70616025 995.01 
20150701184447 -2.224812 -2.9179332 -1.4329298 1.0485502 1.6481144 -0.7079928 995.01 
20150701184447 -2.420538 -2.7341783 -0.19692309 0.37415496 1.5057828 -0.5366451 995.01 
20150701184447 -3.608062 -8.387487 1.8237832 -0.63346726 1.5607607 -0.59528816 995.01 
20150701184447 -2.2337902 -17.645266 12.825739 -2.0555615 1.3338243 -0.57910025 995.01 
20150701184447 -6.4589577 -19.608511 19.608511 -2.8921416 1.251052 -0.46975538 995.01 
20150701184447 -8.781932 -16.350601 15.928624 -1.5888605 0.77121735 -0.77518797 994.96 
20150701184447 -8.76996 -7.1502833 6.2740054 1.2180653 -0.5833763 0.2837469 994.96 
20150701184447 -4.3418846 -1.7956513 -5.589264 1.858252 0.105068825 0.4370741 994.96 
20150701184447 -4.533421 -7.679402 -3.705027 2.4868324 2.0641136 0.12370021 994.96 
20150701184447 -5.1038394 -12.342709 4.485537 1.1249083 2.6508498 -0.08277224 994.96 
20150701184447 1.8974048 -9.888652 -7.86615 -0.04153884 0.42241332 0.8249735 994.96 
20150701184447 0.49200845 -9.6528225 -4.4005427 -0.4175264 -1.024421 0.77366084 994.96 
20150701184447 -2.5318682 -12.876616 4.5543704 -1.7015651 -1.0647382 -0.37201694 994.96 
20150701184447 -2.1458032 -11.119271 1.0875661 -0.9138544 -3.4083226 -0.39522982 994.96 
20150701184447 -0.6063316 -7.391499 -4.124611 -0.036651913 -3.3814445 0.22876903 994.9 
20150701184447 -1.1031284 -8.675988 -1.8968062 -0.68111473 -1.5845845 0.39400807 994.9 
20150701184447 -1.168969 -12.666524 -0.41838676 -2.0647244 -1.1291844 0.25350907 994.9 
20150701184447 3.0819361 -18.8286 0.6464345 -2.9190195 -1.8784106 0.14996742 994.9 
20150701184447 1.2737153 -9.812635 2.9562407 -3.241251 -2.1203132 -0.40378192 994.9 
20150701184447 -0.9044097 -8.653243 0.08619126 -3.0234776 -2.1649065 -1.8124372 994.9 
20150701184447 -0.9295488 -6.7690067 1.0384849 -2.2296581 -1.541213 -1.5800029 994.9 
20150701184447 -2.0254946 -6.1046157 3.7828386 -1.956296 -0.7247916 -0.782213 994.9 
20150701184448 -1.6364368 -5.8693852 0.024540568 -1.7760907 -0.35613444 -0.40530908 994.9 
20150701184448 -1.0618285 -6.6840124 -3.003526 -1.0644327 1.0528263 -0.09407325 994.73 
20150701184448 0.9684546 -8.067862 -0.79008657 -1.2131784 1.817935 0.02687807 994.73 
20150701184448 2.5079262 -8.783728 0.80684596 -1.5079209 -0.22571471 0.084910266 994.73 
20150701184448 1.5496471 -9.242816 3.128623 -1.3603969 -2.3383923 -0.020158553 994.73 
20150701184448 1.0336965 -9.452309 2.3421278 -1.0998629 -3.844786 -0.0720821 994.73 
20150701184448 1.8602947 -9.356541 -0.2777274 -1.1652255 -3.3722816 0.2764165 994.73 
20150701184448 0.9864111 -11.1899 2.4133554 -1.2055426 -1.2431108 0.4560109 994.73 
20150701184448 0.59495914 -13.057976 1.1959038 -1.1319333 -0.46975538 0.4718934 994.73 
20150701184448 2.4893713 -13.125612 0.724246 -1.0115929 -0.5558874 0.5021312 994.73 
20150701184448 4.350863 -12.655151 0.82480246 -0.59528816 -0.09315695 0.5152648 994.87 
20150701184448 4.5418005 -11.444284 1.3401544 -0.28893927 -0.6001751 0.34697145 994.87 
20150701184448 2.160767 -11.282676 3.603872 -0.16737708 -0.7699956 0.03573562 994.87 
20150701184448 0.88944596 -12.354679 1.7298107 -0.003970624 -0.40042216 -0.08246681 994.87 
20150701184448 -0.16639702 -13.062764 1.5310919 0.49418998 -0.28771752 -0.057421334 994.87 
20150701184448 -0.97982705 -12.452842 0.45190558 1.2394456 0.22327125 -0.11056661 994.87 
20150701184448 -0.1340753 -12.64737 -1.7082629 2.0842721 0.6188065 0.011301007 994.87 
20150701184448 0.830788 -12.801797 -4.4280763 2.7595837 0.6227771 -0.031154128 994.87 
20150701184448 0.24001873 -14.609419 -3.4207156 2.8322768 0.5161811 -0.33475417 994.87 
20150701184448 -4.3101616 -18.772337 2.8113914 2.2644775 0.054367006 -0.8503244 994.84 
20150701184448 -5.6946087 -17.225683 3.690662 1.8903224 -1.2733486 -1.0461067 994.84 
20150701184448 -2.7156234 -12.522872 0.6757634 2.3909266 -1.7562376 -0.08155051 994.84 
20150701184448 -1.7196354 -8.283937 1.0301052 2.918714 -0.7657196 1.4789047 994.84 
20150701184448 -2.6132712 -7.189189 0.6254852 2.919325 0.72418076 1.097114 994.84 
20150701184448 -1.353921 -6.415862 0.15562311 2.9889636 1.0079277 0.2947425 994.84 
20150701184448 -0.6631939 -5.9926867 -0.33997664 2.8591547 1.1545353 0.4474588 994.84 
20150701184448 0.6027403 -5.2343235 -0.23283611 2.4205534 1.2660183 0.59131753 994.84 
20150701184448 2.1296425 -5.439028 -0.5686229 1.8478674 1.3759739 0.6020077 994.84 
20150701184448 0.842759 -5.7029886 -1.4862007 1.1563679 1.3906348 0.13775012 994.87 
20150701184448 -0.7015011 -4.4897265 -1.6208745 0.9138544 2.298686 -0.35521814 994.87 
20150701184448 -1.5634137 -3.2483332 -1.0109516 1.042747 2.5195136 -0.59223384 994.87 
20150701184448 -1.7998412 -2.8383262 -1.4335283 1.0778717 1.5909985 -0.550695 994.87 
20150701184448 -1.9249382 -3.3842041 -1.299453 0.8775079 1.4474452 -0.5131268 994.87 
20150701184448 -2.879626 -4.2155905 0.40940848 0.14446963 1.649947 -0.54611355 994.87 
20150701184448 -2.9622262 -9.808446 5.061941 -1.0070114 1.4517213 -0.61391956 994.87 
20150701184448 -2.154183 -18.501194 14.724939 -2.159714 0.9651671 -0.5684101 994.87 
20150701184448 -2.5396495 -19.608511 19.608511 -2.7107146 0.3585779 -0.57757306 994.87 
20150701184448 -3.946243 -13.936648 14.156915 -1.5625933 0.49388456 -0.52015173 994.99 
20150701184448 -6.0567317 -7.593809 5.881955 1.568091 1.3133603 -0.124005646 994.99 
20150701184448 -6.3033347 -6.0806737 -3.6774938 2.2177463 0.6936375 -0.21594086 994.99 
20150701184448 -8.139688 -14.2042 -2.9287071 1.6588045 0.25381452 -0.4007276 994.99 
20150701184448 -4.8344917 -10.468647 -1.7699136 0.18173242 0.68386364 -0.0021380284 994.99 
20150701184448 -3.0873232 -5.1379566 -5.947197 0.15057829 0.39492437 1.0742066 994.99 
20150701184448 -2.5288756 -3.8480806 2.3600843 0.2144137 -1.3127494 0.6536258 994.99 
20150701184448 0.8038532 -10.521918 -1.9542671 -0.7443393 -2.133447 0.1255328 994.99 
20150701184448 0.1933318 -11.486182 -6.114791 -0.6426302 -1.9321668 0.15943582 994.99 
20150701184448 -0.25617957 -10.727221 -0.20410569 -1.5555683 -0.6270532 0.64965516 994.85 
20150701184448 0.670975 -14.0234375 3.9223008 -2.2672265 -1.8319849 0.6239988 994.85 
20150701184448 1.7274165 -16.42602 1.5699978 -1.9321668 -2.6963592 0.2144137 994.85 
20150701184448 2.1254525 -10.353725 2.7443538 -1.6823229 -2.375655 -0.028710667 994.85 
20150701184448 -0.60214174 -9.3733 0.59615624 -2.0027218 -1.428203 -1.0375546 994.85 
20150701184449 -1.2228385 -7.677606 -0.053869538 -2.1566598 -0.44959682 -1.8069394 994.85 
20150701184449 -1.5298948 -5.141548 1.2138603 -2.1111503 0.9049969 -1.3994923 994.85 
20150701184449 -1.8046296 -6.145317 1.9776106 -1.9743165 1.1530081 -0.8573494 994.85 
20150701184449 -0.56084174 -7.5770497 -1.1719618 -1.6621643 0.90285885 -0.539394 994.85 
20150701184449 -0.20350714 -8.734048 1.1079168 -1.3041973 0.62980205 -0.25717425 994.83 
20150701184449 -0.108337626 -9.069236 2.0721815 -1.486846 -0.66981375 -0.13744467 994.83 
20150701184449 0.7290344 -8.634688 1.1546037 -1.3570372 -2.1358902 0.008246681 994.83 
20150701184449 1.7986441 -8.695741 0.7104794 -1.0341948 -2.3112087 0.07269296 994.83 
20150701184449 1.6412252 -9.364322 0.5859809 -1.0803152 -2.250122 0.1020145 994.83 
20150701184449 0.92535895 -9.223662 0.35553896 -1.1517864 -2.3762658 0.2565634 994.83 
20150701184449 2.0368671 -10.763732 0.42676646 -0.9841039 -2.3127358 0.38026363 994.83 
20150701184449 1.8028339 -12.580333 1.590947 -0.9841039 -1.5943583 0.54305923 994.83 
20150701184449 2.256535 -13.03164 3.3877954 -1.1252137 -0.29810223 0.49418998 994.83 
20150701184449 4.2054152 -12.984354 2.4995465 -0.91354895 0.33628133 0.2938262 994.97 
20150701184449 3.9546227 -12.571355 1.8166006 -0.44898596 0.13683382 0.26939157 994.97 
20150701184449 2.6803088 -12.293029 1.941099 0.07574729 0.06811147 0.129198 994.97 
20150701184449 1.532289 -12.749125 1.2198458 0.552833 -0.18906279 -0.05955936 994.97 
20150701184449 -0.40821138 -12.451645 2.629432 1.0439687 0.11728613 -0.17287487 994.97 
20150701184449 -0.17657238 -12.635998 0.23283611 1.7171422 0.9691377 -0.24617869 994.97 
20150701184449 1.8237832 -12.753913 -3.2375593 2.6548204 1.473407 -0.14446963 994.97 
20150701184449 1.7561469 -15.324687 -4.2742486 3.0812044 1.7302758 -0.30757064 994.97 
20150701184449 -0.9636662 -18.850746 -3.8708255 2.734233 1.400714 -0.67073005 994.97 
20150701184449 -3.09271 -17.758392 -2.3852234 1.9999728 0.40866885 -0.8210029 994.91 
20150701184449 -3.6846764 -15.819688 11.279683 1.4114041 -0.86193085 -0.096516706 994.91 
20150701184449 -1.6340426 -9.865308 -2.0632033 2.307238 -1.9453003 1.0054842 994.91 
20150701184449 -2.4911668 -7.645883 -0.6811504 3.5170567 -0.55741453 1.491733 994.91 
20150701184449 -2.079364 -6.329671 0.28790274 3.2971451 1.5781704 0.5876524 994.91 
20150701184449 -1.1971009 -5.1104236 -0.6344634 2.8182268 0.9068295 0.2947425 994.91 
20150701184449 0.6254852 -4.24073 -1.3467385 2.5686884 1.606881 0.48166725 994.91 
20150701184449 2.6928782 -4.392163 -1.9303252 2.2870796 2.1053472 0.6844745 994.91 
20150701184449 2.7700913 -5.4180784 -2.5007436 1.7968601 2.0387628 0.3472769 994.91 
20150701184449 0.682946 -4.44723 -3.156755 1.3710871 2.5240953 -0.3555236 994.96 
20150701184449 -1.0049661 -3.3740287 -2.3241713 1.4957036 3.1618385 -0.6075055 994.96 
20150701184449 -2.7593174 -2.9364884 -1.4496891 1.4712689 2.2608123 -0.6243043 994.96 
20150701184449 -3.3183637 -2.4498668 -0.12569559 1.0549643 1.3784174 -0.39003745 994.96 
20150701184449 -4.39755 -4.1222167 0.55365914 0.49357912 1.4920384 -0.3924809 994.96 
20150701184449 -2.5821466 -12.354679 7.495647 -1.2159272 1.5717562 -0.7266242 994.96 
20150701184449 -1.887828 -19.608511 19.412188 -2.7403414 1.858863 -0.6041457 994.96 
20150701184449 -4.0982747 -18.16361 17.720085 -2.1319196 0.7339546 -0.50243664 994.96 
20150701184449 -4.944625 -8.757391 12.34211 0.2660318 -0.10293079 -0.1432479 994.96 
20150701184449 -5.5467668 -4.2425256 1.4036007 1.8710803 0.21899518 0.42546764 994.91 
20150701184449 -4.7740383 -6.1411276 -4.6896424 1.6896533 1.1255192 -0.009162978 994.91 
20150701184449 -9.183559 -15.9417925 -1.9165585 0.591623 1.3891076 -0.2706133 994.91 
20150701184449 -3.8163576 -12.161946 -3.3931823 -0.3662137 1.0363328 0.105374254 994.91 
20150701184449 -2.9562407 -7.848193 -0.6135142 -0.3454443 -0.1853976 1.0494665 994.91 
20150701184449 -2.054225 -7.2394676 3.0597897 -0.42332962 -1.7318029 0.1133155 994.91 
20150701184449 0.44891283 -10.404003 -2.895787 -0.27947086 -2.5332582 -0.010079277 994.91 
20150701184449 0.670975 -9.11712 -5.8382607 -0.23793201 -1.9660698 0.20219639 994.91 
20150701184449 -0.7212533 -8.269572 -3.1411927 -1.3182472 -0.43066 0.3481932 994.91 
20150701184450 3.4620156 -16.034567 2.0644004 -2.2922719 -1.5705346 0.35827246 994.81 
20150701184450 3.1824925 -16.188993 3.0256724 -2.5757134 -2.7284296 0.17654006 994.81 
20150701184450 -0.85173726 -10.290877 4.1054573 -2.3356433 -2.5638015 -1.4676038 994.81 
20150701184450 -0.7350199 -9.543288 0.17477672 -1.9275852 -1.9031507 -1.9092593 994.81 
20150701184450 0.11192893 -6.739079 -0.62967503 -1.6966782 -0.7244862 -1.1893547 994.81 
20150701184450 -1.757344 -5.2618566 1.4993688 -1.9058995 0.28955013 -0.7281514 994.81 
20150701184450 -4.0013094 -6.613982 2.6761189 -2.3359487 0.77671516 -0.9053023 994.81 
20150701184450 -2.1523874 -6.142923 -1.2791022 -2.1468859 0.98471475 -0.7333437 994.81 
20150701184450 -0.08619126 -7.563283 -1.678934 -1.5693128 1.5949692 -0.30848694 994.81 
20150701184450 1.1444284 -8.97287 -0.23942018 -1.3185526 0.71868294 -0.02443461 994.85 
20150701184450 1.3257892 -9.36911 0.5129577 -1.3127494 -1.8784106 -0.007941248 994.85 
20150701184450 0.44651863 -9.131485 3.0777464 -1.1441506 -3.5967746 0.03970624 994.85 
20150701184450 1.1270704 -9.48463 2.03148 -1.1398746 -3.6844337 0.16035213 994.85 
20150701184450 2.741361 -9.516354 -0.48961425 -1.310306 -2.533869 0.4709771 994.85 
20150701184450 1.4431051 -11.86686 1.650802 -1.3066407 -0.18661933 0.4709771 994.85 
20150701184450 1.0007763 -13.246519 1.3784616 -1.1914927 0.19333886 0.3735441 994.85 
20150701184450 2.191293 -13.2752495 1.9488802 -0.80664754 -0.6395759 0.35460728 994.85 
20150701184450 4.10845 -12.382213 1.7812861 -0.57451874 -0.78801614 0.35643986 994.85 
20150701184450 3.809175 -12.146982 2.2780828 -0.37843102 -0.24831672 0.24190263 995.0 
20150701184450 2.585738 -12.520478 0.6183026 -0.07666359 0.04795292 0.09590584 995.0 
20150701184450 1.6693572 -12.731766 0.46387658 0.47219884 -0.25992316 0.0027488936 995.0 
20150701184450 -0.32441434 -12.396578 1.8543092 1.0085385 -0.37690386 -0.18173242 995.0 
20150701184450 -1.4454993 -11.334749 0.54647654 1.3866642 0.49174652 -0.23579398 995.0 
20150701184450 -0.7380127 -12.817957 -1.311424 2.1798725 1.0216721 -0.0852157 995.0 
20150701184450 1.4939818 -13.031041 -4.0276456 2.8237245 1.3289373 -0.073303826 995.0 
20150701184450 0.22445641 -16.76001 -3.7068229 2.8991663 1.1985176 -0.4700608 995.0 
20150701184450 -4.0880995 -19.388245 0.24720132 2.3606887 0.10781772 -0.90133166 995.0 
20150701184450 -4.2904096 -15.871163 6.5032506 1.6013832 -0.8552113 -0.7516697 994.9 
20150701184450 -0.7422025 -9.729437 -1.0301052 2.208278 -1.6920967 0.7180721 994.9 
20150701184450 -2.2996306 -7.630321 -0.10354923 2.9929342 -0.54000485 1.5497651 994.9 
20150701184450 -2.9622262 -6.6630635 0.25977087 2.8228083 1.1557571 0.60139686 994.9 
20150701184450 -2.178125 -5.2361193 -1.0127473 2.713769 0.98990715 0.19120082 994.9 
20150701184450 -0.95468795 -4.9266686 -0.78529817 2.4685066 0.9309586 0.57940567 994.9 
20150701184450 0.22744916 -4.8428717 -0.4950012 2.1303926 1.0797043 0.75441855 994.9 
20150701184450 0.8900445 -5.639542 -1.1953052 1.645671 1.0839803 0.6762278 994.9 
20150701184450 1.7112557 -6.4900823 -1.3826514 1.4382823 1.6749926 0.35216382 994.9 
20150701184450 0.16101007 -5.5324016 -1.821389 1.4553864 2.2907448 -0.12064589 994.94 
20150701184450 -1.1965023 -3.8361096 -1.0480618 1.5580118 2.3952026 -0.38973203 994.94 
20150701184450 -2.6060886 -3.393781 -0.74998367 1.4315627 1.953547 -0.5308419 994.94 
20150701184450 -2.5474305 -2.926313 -0.40282443 0.7367035 1.3903292 -0.4972443 994.94 
20150701184450 -2.8742392 -4.4873323 0.25558102 -0.041233405 1.4810427 -0.54336464 994.94 
20150701184450 -2.1535845 -12.37922 7.0287776 -1.352761 1.2809844 -0.6056729 994.94 
20150701184450 -3.3728316 -19.608511 19.60073 -2.666427 0.95325524 -0.5354234 994.94 
20150701184450 -4.52145 -18.727446 19.379866 -2.568383 0.3640757 -0.8213083 994.94 
20150701184450 -6.217143 -11.586141 10.203489 -0.16554448 0.010079277 -0.3943135 994.94 
20150701184450 -4.6178164 -5.591658 -0.31004912 1.9746219 0.54428095 0.52198434 994.92 
20150701184450 -4.851251 -6.2524576 -3.3243492 2.1868975 1.5937474 0.29749137 994.92 
20150701184450 -9.069835 -14.350246 3.879804 1.03786 1.0659598 -0.3359759 994.92 
20150701184450 -1.9991584 -11.366472 -1.5161282 0.41233405 0.91965765 -0.05375614 994.92 
20150701184450 1.4676456 -6.4230447 -10.726024 0.7816021 0.07391469 1.2382239 994.92 
20150701184450 -0.7661445 -6.5188127 -0.3657143 -0.27366763 -0.14202617 0.07941248 994.92 
20150701184451 -3.514688 -12.995129 3.9480386 -1.4086553 -1.5439619 -0.6084218 994.92 
20150701184451 -1.5556326 -10.969035 -3.8043866 -0.5186246 -2.9923234 -0.4373795 994.92 
20150701184451 -0.14425065 -9.53012 -1.9393034 -0.310625 -2.2452352 0.5342017 994.92 
20150701184451 0.39085343 -11.145009 1.797447 -1.7211128 -1.235475 0.54611355 994.69 
20150701184451 -0.7110779 -13.844471 0.28072014 -2.2272146 -2.0033326 0.17837265 994.69 
20150701184451 3.2620997 -14.607623 2.0829554 -2.3240368 -2.0793853 -0.07941248 994.69 
20150701184451 0.581791 -8.4425535 1.271321 -2.562885 -1.960572 -0.8020661 994.69 
20150701184451 -1.0941502 -7.367557 0.7170634 -2.4162774 -1.6930131 -1.6340646 994.69 
20150701184451 -0.40581718 -5.9280434 1.6106992 -2.223244 -0.72204274 -1.4129313 994.69 
20150701184451 -1.6059108 -6.7863646 2.9867666 -2.2165246 -0.33078352 -0.8304713 994.69 
20150701184451 -1.939902 -6.4128695 -0.43275195 -2.144748 0.29260445 -0.55741453 994.69 
20150701184451 -1.2162545 -7.2969284 -0.39384618 -1.5723672 1.5909985 -0.2919936 994.69 
20150701184451 -0.18555063 -8.220491 -2.3852234 -1.4905112 1.5735888 0.03481932 994.86 
20150701184451 1.3994108 -8.278551 -0.06584055 -1.5946637 0.058643065 0.028710667 994.86 
20150701184451 0.7715315 -8.813655 3.4141316 -1.6444492 -1.8689423 -0.013439035 994.86 
20150701184451 0.1436521 -9.928156 3.7900212 -1.4801265 -3.800498 -0.065973446 994.86 
20150701184451 2.1308396 -9.439739 -0.30526072 -1.2232577 -3.6560285 0.27672195 994.86 
20150701184451 2.4953568 -12.7970085 0.8343793 -1.0445796 -1.3768903 0.5839872 994.86 
20150701184451 1.8357542 -13.65533 1.8938135 -1.0283916 -0.031154128 0.46609017 994.86 
20150701184451 2.7982233 -13.286622 2.1284454 -0.8029824 -0.4560109 0.37323865 994.86 
20150701184451 3.9995139 -11.924321 2.2361844 -0.49602258 -0.895223 0.27977628 994.86 
20150701184451 4.1479545 -11.735778 2.3588872 -0.19517145 -0.27916542 0.10873401 995.0 
20150701184451 2.9909565 -12.768278 0.7691373 0.09010262 0.01282817 -0.0021380284 995.0 
20150701184451 1.3796587 -13.599066 0.37229836 0.6630942 -0.30115658 -0.14874569 995.0 
20150701184451 -1.0348936 -12.306197 1.5107412 1.1166617 -0.40439278 -0.3286455 995.0 
20150701184451 -2.4408886 -12.152967 -0.41479546 1.6050484 0.56321776 -0.26328292 995.0 
20150701184451 -2.2140381 -13.922283 -1.685518 2.2412646 1.0763446 -0.11148291 995.0 
20150701184451 0.7906851 -12.716204 -4.1078515 2.844494 1.1960741 0.018020526 995.0 
20150701184451 -0.47405192 -15.616779 -3.3315318 3.0109549 0.7825184 -0.28588495 995.0 
20150701184451 -5.8065376 -19.59714 4.678869 2.4926357 -0.7199047 -0.8924741 995.0 
20150701184451 -3.6254199 -14.823101 4.258686 1.8249599 -1.6994271 -0.9211848 994.83 
20150701184451 -0.5117606 -9.156625 0.3429694 2.5103507 -2.1371121 0.66523224 994.83 
20150701184451 -2.166154 -7.854179 1.1360487 2.9147434 -0.20647246 0.9990701 994.83 
20150701184451 -1.738789 -6.499659 0.28550854 2.8674014 1.0616838 0.19822577 994.83 
20150701184451 -1.3856442 -5.692813 -1.1767502 2.8038714 1.0888673 0.23579398 994.83 
20150701184451 -0.17836803 -5.1690817 -0.8230068 2.3710735 1.3561208 0.6365216 994.83 
20150701184451 0.3776853 -5.6898203 -0.4985925 1.9107865 1.6187929 0.7816021 994.83 
20150701184451 0.36870706 -5.93762 -1.2659341 1.4993688 1.6426166 0.6053675 994.83 
20150701184451 0.5386954 -5.8532248 -0.18914193 1.3411547 1.89918 0.2556471 994.83 
20150701184451 -0.3854665 -4.9027267 -1.584363 1.2965615 1.9459113 -0.30298916 994.98 
20150701184451 -0.7374141 -3.4572272 -1.7866731 1.3494014 1.8799378 -0.53023106 994.98 
20150701184451 -1.5580268 -2.7455509 -1.6436194 1.2229522 2.1606305 -0.56688297 994.98 
20150701184451 -2.35769 -2.7509377 -0.86610246 0.550695 1.7913623 -0.49266282 994.98 
20150701184451 -3.508104 -4.519056 1.3874398 -0.44165558 1.5534303 -0.41630468 994.98 
20150701184451 -2.6862943 -13.593678 11.318588 -1.3939945 1.1798862 -0.42210788 994.98 
20150701184451 -2.8874073 -19.608511 19.608511 -2.6719246 0.97127575 -0.3390302 994.98 
20150701184451 -4.8105497 -17.710508 17.949928 -1.9920316 0.9129381 -0.46211955 994.98 
20150701184451 -7.827244 -9.3026705 7.143699 0.06047566 0.58062744 -0.12950343 994.98 
20150701184451 -7.951742 -4.0641575 -4.6004586 1.6951511 -0.0036651916 0.3268129 994.84 
20150701184452 -9.858126 -9.7803135 -4.8147397 1.9663752 0.9450085 -0.093767814 994.84 
20150701184452 -7.5686703 -12.791022 1.4736311 0.6123924 1.0558805 -0.07880162 994.84 
20150701184452 -0.5566519 -10.196306 -2.926313 -0.04520403 0.19975294 0.8668178 994.84 
20150701184452 0.31783026 -6.3141084 0.44113165 0.24801129 -0.59895337 1.1768318 994.84 
20150701184452 3.3249476 -8.883087 -0.38307226 -0.20922135 -1.520749 0.36010507 994.84 
20150701184452 1.5520413 -9.988609 -5.9130797 -0.43218717 -2.1371121 0.08368854 994.84 
20150701184452 -1.6250644 -8.302493 -4.6710877 -0.9083566 -1.1453724 0.099571034 994.84 
20150701184452 0.3573346 -13.949816 4.8045645 -2.051591 -1.758681 0.39706242 994.84 
20150701184452 4.923077 -19.521124 2.0362685 -2.2085834 -2.5772405 0.45265114 994.77 
20150701184452 -0.12389994 -11.159374 4.811747 -1.6374242 -2.3237314 -0.16890424 994.77 
20150701184452 -1.364695 -10.111312 0.58777654 -1.6639969 -1.6853772 -1.743104 994.77 
20150701184452 -0.15801731 -7.8888946 -0.50397944 -1.7033978 -0.698219 -1.2244794 994.77 
20150701184452 -1.3012487 -6.687604 0.24899697 -2.0616703 0.6960809 -1.0079277 994.77 
20150701184452 -2.930503 -6.7145386 1.8986019 -2.2770002 0.7877107 -1.1487321 994.77 
20150701184452 -2.8640637 -7.065289 3.0699651 -2.3970351 0.65209866 -0.981355 994.77 
20150701184452 -1.3437457 -6.9958572 -0.0035913025 -1.7876972 0.5158757 -0.453262 994.77 
20150701184452 -0.22565351 -7.911041 -0.054468088 -1.1985176 0.4456262 -0.18081611 994.77 
20150701184452 0.8194155 -9.066243 0.16819267 -1.2241739 0.09682214 -0.15851954 994.94 
20150701184452 2.3780408 -9.071032 -0.3489549 -1.2971723 -1.0360274 -0.12736541 994.94 
20150701184452 2.331354 -8.850166 0.88765025 -1.0763446 -2.209805 -0.009162978 994.94 
20150701184452 0.30047232 -9.484032 3.4320881 -0.9691377 -3.383888 -0.02107485 994.94 
20150701184452 0.46986207 -9.506178 -0.02813187 -1.0027353 -3.7033706 0.17348573 994.94 
20150701184452 2.078167 -11.270106 0.78050977 -1.0867293 -2.158187 0.5009095 994.94 
20150701184452 1.6298528 -12.565369 1.8267759 -1.2296717 0.118507855 0.5149594 994.94 
20150701184452 1.9853917 -12.826337 1.1941081 -1.1624765 0.24251351 0.4025602 994.94 
20150701184452 3.2399535 -12.582727 1.395221 -0.64873886 -0.10903945 0.35094208 994.94 
20150701184452 3.0508115 -11.941081 2.8395233 -0.2950479 -0.58123827 0.29352075 994.98 
20150701184452 2.1517887 -11.218032 3.6529531 -0.24801129 -0.39095375 0.17440203 994.98 
20150701184452 1.8686744 -11.851298 1.8632874 -0.0143553335 -0.04642576 0.17562376 994.98 
20150701184452 1.3515269 -11.920132 1.5771804 0.90010995 -0.047647487 0.10567969 994.98 
20150701184452 0.21068975 -11.467029 1.0402806 1.520749 -0.09407325 -0.12583824 994.98 
20150701184452 -0.13826515 -11.654974 -0.36870706 1.949271 0.5864306 -0.15577064 994.98 
20150701184452 1.0301052 -12.672509 -2.0560207 2.5360072 1.0354166 -0.12064589 994.98 
20150701184452 1.0809821 -14.452 -4.107253 2.9061913 1.3927728 -0.30940324 994.98 
20150701184452 -2.130241 -18.603546 -3.518878 2.843883 1.0351112 -0.5925393 994.98 
20150701184452 -4.606444 -18.596363 9.041702 2.1303926 -0.06261369 -0.7791586 994.93 
20150701184452 -2.4648306 -13.120824 2.03148 1.7284433 -1.4514158 0.13133603 994.93 
20150701184452 -1.9111716 -9.340978 -0.21308395 3.0094275 -1.8267925 1.3805555 994.93 
20150701184452 -2.915539 -8.063671 1.7549498 3.1248813 0.68539083 1.0626001 994.93 
20150701184452 -1.9560628 -6.8611836 0.04249708 2.9217684 0.94042706 0.2098322 994.93 
20150701184452 -0.97384155 -5.7879825 -1.1258733 2.651766 0.8927795 0.39522982 994.93 
20150701184452 5.985504E-4 -4.8841715 -1.0085574 1.9581286 1.5882497 0.57696223 994.93 
20150701184452 0.6254852 -4.6046486 -1.8004397 1.5635096 1.7821994 0.57604593 994.93 
20150701184452 1.8579005 -5.2439003 -1.1438298 1.3414601 1.5989398 0.3576616 994.93 
20150701184452 0.47405192 -5.2421045 -0.931943 0.999681 1.0815369 -0.22937989 995.0 
20150701184452 -1.0013748 -3.7672763 -1.1773487 0.89644474 1.361924 -0.65484756 995.0 
20150701184452 -2.1428106 -3.301604 -0.33279404 1.0858129 1.8399261 -0.7699956 995.0 
20150701184452 -2.3397336 -3.2746694 -0.8559271 0.88606006 1.4908166 -0.5687156 995.0 
20150701184452 -2.0697873 -4.132392 -0.41000703 0.1142318 1.280679 -0.42058071 995.0 
20150701184452 -2.9783869 -10.727221 6.5966244 -0.7144069 1.3500122 -0.48258355 995.0 
20150701184453 -2.7263973 -19.112911 17.776947 -1.7458528 1.2076806 -0.53878313 995.0 
20150701184453 -2.8628666 -19.525314 19.608511 -2.0824397 0.9104946 -0.45173484 995.0 
20150701184453 -4.3795934 -11.801619 14.274231 -0.8035932 1.0454959 -0.33078352 995.0 
20150701184453 -3.0747535 -6.6504936 -1.8303672 1.7434094 1.0207558 0.17806722 995.0 
20150701184453 -3.2998085 -6.4284315 -3.3674448 2.196366 0.50885075 0.14874569 995.0 
20150701184453 -7.006033 -12.893374 -0.17537527 0.9114109 1.2272283 -0.4636467 995.0 
20150701184453 -2.2577322 -7.896077 -4.147356 0.56779927 1.7776178 -0.22418754 995.0 
20150701184453 -2.1003134 -7.3328414 -4.3885717 0.16035213 0.66737026 0.52320606 995.0 
20150701184453 -6.865972 -12.179903 8.364143 -1.2678508 -0.5564982 -0.45998153 995.0 
20150701184453 -5.097255 -10.751163 -1.5699978 -0.9505063 -2.1212296 -0.3866777 995.0 
20150701184453 -2.5264814 -8.7538 -2.203264 -0.2125811 -3.5558467 0.3454443 995.0 
20150701184453 -1.3281834 -8.361151 -4.1293993 -1.3866642 -2.196977 0.57635134 995.0 
20150701184453 -0.31543607 -8.903438 -0.18016368 -2.3719897 -1.2247849 0.5714644 994.78 
20150701184453 -0.49320555 -10.981605 0.7344214 -2.7693577 -2.3554964 0.66859204 994.78 
20150701184453 3.4087446 -18.684948 2.2349873 -2.7983737 -3.3713653 0.7348709 994.78 
20150701184453 2.2002714 -8.80767 2.7874494 -2.5042422 -3.3759468 0.31642818 994.78 
20150701184453 1.7878702 -7.055712 2.8514943 -1.7263051 -2.886949 -1.3750577 994.78 
20150701184453 2.4061728 -7.369353 2.2307975 -1.427592 -1.1490375 -1.5314392 994.78 
20150701184453 1.3108255 -7.2179193 2.1176715 -1.7886134 0.30176744 -1.2232577 994.78 
20150701184453 1.6585833 -6.933608 -1.1905168 -2.0210476 2.2321017 -0.5384777 994.78 
20150701184453 0.07062895 -7.503428 -0.93852705 -1.5793921 2.5247061 -0.069027774 994.78 
20150701184453 -1.1767502 -8.122928 -0.28550854 -1.3381003 0.82802784 -0.14294247 994.88 
20150701184453 -1.9991584 -9.173384 1.5251064 -1.2788464 -1.743104 -0.035124753 994.88 
20150701184453 -0.30585927 -9.960478 1.8034325 -1.3567317 -3.1456506 0.18784106 994.88 
20150701184453 1.7190368 -10.38485 0.61052144 -1.5366315 -3.4116824 0.46181414 994.88 
20150701184453 2.2469583 -9.746197 2.4462755 -1.4993688 -2.604424 0.6032294 994.88 
20150701184453 4.6232033 -11.291654 2.2260091 -1.102001 -1.3738359 0.59040123 994.88 
20150701184453 4.0378213 -12.633604 3.241749 -0.77671516 -0.1423316 0.5045747 994.88 
20150701184453 3.855862 -13.247118 4.9625816 -0.43035457 0.3481932 0.3472769 994.88 
20150701184453 5.53719 -13.438056 0.91338795 -0.057421334 -0.5354234 0.14019357 994.88 
20150701184453 4.3317094 -13.06875 0.39923313 0.44348818 -0.5708536 0.07238753 995.06 
20150701184453 -0.52492875 -12.928689 2.0009542 0.87964594 0.4184427 -0.1282817 995.06 
20150701184453 -4.06296 -13.059772 0.96426475 1.348485 0.49388456 -0.33841935 995.06 
20150701184453 -2.3959973 -12.697649 -3.3452983 2.2235496 0.9334021 -0.15149458 995.06 
20150701184453 0.80445176 -12.675503 -4.3275194 2.8857274 1.2208142 0.17562376 995.06 
20150701184453 0.427365 -15.292963 -2.0967221 2.9287934 0.98990715 -0.15943582 995.06 
20150701184453 -4.3544545 -19.608511 5.269638 2.3900104 -0.09896017 -1.0910053 995.06 
20150701184453 -5.8885393 -18.568232 1.7705121 2.1126773 -1.4309518 -1.3970488 995.06 
20150701184453 -2.4301147 -12.8371105 0.74878657 2.698192 -0.956615 0.118507855 995.06 
20150701184453 -1.7310078 -8.171411 1.1216835 2.9223793 1.0277808 1.3967434 994.88 
20150701184453 -2.7802668 -7.117962 0.1592144 2.8539624 1.5070046 0.9263771 994.88 
20150701184453 -1.513734 -5.6102133 -0.54527944 2.9303205 1.4819591 0.12522738 994.88 
20150701184453 -0.97623575 -4.1922474 -1.4347254 2.7430904 1.2528846 0.35735616 994.88 
20150701184453 -0.24420857 -3.2615013 -1.5969325 2.1132884 1.0177015 0.5681047 994.88 
20150701184453 0.58119243 -3.5290532 -0.943914 1.3680327 0.79443026 0.5030475 994.88 
20150701184453 0.38965634 -4.2760444 -0.320823 0.70432764 0.6056729 0.08093964 994.88 
20150701184453 -0.25019407 -3.5871127 -1.733402 0.40683624 0.98837996 -0.30665436 994.88 
20150701184453 -0.4938041 -3.6703112 -1.903989 0.5326745 1.7800614 -0.55924714 994.88 
20150701184453 -1.4311341 -3.8857894 -1.7441759 0.7162395 2.3127358 -0.54000485 995.03 
20150701184453 -2.408567 -3.9199066 -1.0235212 0.48472157 1.7131716 -0.42485678 995.03 
20150701184454 -3.6481647 -6.8132997 2.4073699 -0.3643811 1.378112 -0.4147775 995.03 
20150701184454 -1.4347254 -12.913127 9.054871 -1.6187929 1.187522 -0.45845437 995.03 
20150701184454 -4.1156325 -19.608511 19.608511 -2.3383923 1.5635096 -0.34055737 995.03 
20150701184454 -6.225523 -12.622829 14.945206 -0.8258898 2.0152445 -0.3155119 995.03 
20150701184454 -8.968081 -4.8464627 1.365892 1.9526308 1.4327844 0.38423425 995.03 
20150701184454 -7.109582 -2.6803088 -4.55856 1.8585575 0.007941248 0.18478674 995.03 
20150701184454 -8.059482 -10.62008 -5.3085437 0.8359691 0.6942484 -0.410196 995.03 
20150701184454 -3.2423477 -9.643845 -4.0078936 0.1337795 1.1343768 -0.21930063 995.12 
20150701184454 -1.6011224 -11.719019 1.5873557 -0.28680122 0.72082096 0.9477574 995.12 
20150701184454 -0.11971009 -14.08449 1.7663223 -1.0097603 -1.0793989 0.5467244 995.12 
20150701184454 0.21068975 -9.802461 -5.1409497 -0.50518554 -2.2177463 0.27947086 995.12 
20150701184454 -1.5286977 -7.8865004 -3.7948096 -0.22021692 -2.2736404 0.24404067 995.12 
20150701184454 -1.4030021 -8.516175 -1.4694413 -1.2275337 -1.6991217 0.03726278 995.12 
20150701184454 -0.33758244 -12.514492 3.413533 -1.8820758 -1.9517145 0.19792034 995.12 
20150701184454 4.6124296 -18.00739 1.1899183 -2.058005 -2.0143282 0.35705075 995.12 
20150701184454 0.52253455 -10.238205 2.3469162 -1.8658879 -1.8078557 -0.41080686 995.12 
20150701184454 -0.28191724 -10.029909 1.893215 -1.9511036 -1.1618657 -1.7901406 994.86 
20150701184454 0.350152 -7.751228 1.3497312 -1.9168952 -0.90102625 -1.4382823 994.86 
20150701184454 -0.7553706 -5.97892 1.6376339 -1.9181169 -0.4129449 -0.9407325 994.86 
20150701184454 -3.2836475 -6.6067996 2.9334955 -1.9767599 0.4251622 -0.9254609 994.86 
20150701184454 -1.9859903 -6.3967085 1.7399861 -1.9517145 1.2302825 -0.6960809 994.86 
20150701184454 -0.58538234 -7.086837 -0.110731825 -1.5769486 1.5717562 -0.2660318 994.86 
20150701184454 1.5047557 -8.371924 0.08259996 -1.2672399 1.1756102 -0.061391957 994.86 
20150701184454 2.5019407 -8.364143 0.33997664 -1.2382239 -0.5907067 0.04550946 994.86 
20150701184454 2.1200657 -8.507795 2.830545 -0.96669424 -2.6829202 -0.022907447 994.86 
20150701184454 1.2539631 -9.291298 2.6234465 -0.91629785 -3.780645 -0.036957346 994.94 
20150701184454 1.584363 -9.564238 0.46148238 -1.1133019 -3.4150422 0.24862215 994.94 
20150701184454 1.8309658 -10.253767 -1.033098 -1.1255192 -1.212262 0.4615087 994.94 
20150701184454 1.4036007 -11.947665 0.87567925 -1.2345587 0.47250426 0.43768495 994.94 
20150701184454 0.54168814 -13.495517 0.56682724 -1.2709051 0.5009095 0.33964106 994.94 
20150701184454 1.9357121 -13.456012 0.46986207 -0.8744536 -0.18784106 0.2828306 994.94 
20150701184454 2.8269536 -12.249933 1.4742297 -0.54367006 -0.23762658 0.34605515 994.94 
20150701184454 2.2469583 -11.460445 3.3854012 -0.4538729 -0.30848694 0.29443705 994.94 
20150701184454 1.9393034 -11.98657 2.5486276 -0.19211712 -0.321926 0.12583824 994.94 
20150701184454 2.790442 -12.48217 1.7902644 0.5448918 -0.3359759 0.0061086523 994.97 
20150701184454 1.541866 -11.716026 1.4640543 1.0845913 -0.073303826 -0.13897185 994.97 
20150701184454 0.16998832 -11.315596 0.79607207 1.6859881 0.45937067 -0.3539964 994.97 
20150701184454 -0.10175357 -12.616844 -1.146224 2.262034 0.93370754 -0.27305678 994.97 
20150701184454 2.1853075 -12.539033 -4.2275615 2.7537806 1.45783 -0.15851954 994.97 
20150701184454 0.40162733 -16.180614 -3.5009215 2.8145616 1.7825048 -0.2180789 994.97 
20150701184454 -2.243367 -17.705122 -3.13401 2.233018 0.97097033 -0.64599 994.97 
20150701184454 -2.6880898 -16.230293 12.419921 1.6719382 -0.5195409 -0.32803464 994.97 
20150701184454 -1.3724761 -11.541249 1.002572 1.7702875 -1.6334536 0.6249151 994.97 
20150701184454 -0.4369418 -8.306683 -1.4107834 3.1471777 -1.3503176 1.1597277 994.88 
20150701184454 -2.134431 -6.9485717 0.6332663 3.143818 1.2498302 0.99296147 994.88 
20150701184454 -2.087744 -6.1447186 -0.54049104 2.6123652 1.6340646 0.19853121 994.88 
20150701184454 -0.7493851 -4.975151 -0.93373865 2.4507914 1.3658947 0.33567044 994.88 
20150701184454 0.4381389 -4.4915223 -1.4664485 2.0793853 1.53205 0.7189884 994.88 
20150701184454 1.5358804 -5.2498856 -1.0839748 1.6557503 1.4489723 0.6252206 994.88 
20150701184454 0.9391256 -5.808932 -1.5933412 1.1136073 1.3579534 0.049785517 994.88 
20150701184455 0.18195933 -4.6255975 -1.4766239 1.0256428 2.2284365 -0.35827246 994.88 
20150701184455 -1.6394296 -4.188656 -1.371279 1.4065173 2.6572638 -0.55955255 994.88 
20150701184455 -2.8742392 -3.5847185 -1.0049661 1.382999 1.7724255 -0.4999932 995.03 
20150701184455 -3.0561984 -3.2010477 -1.1360487 0.84299403 1.2727377 -0.33658674 995.03 
20150701184455 -4.091092 -6.0327897 0.31603462 -0.41172317 1.4187346 -0.42332962 995.03 
20150701184455 -3.6098576 -11.015722 6.0010667 -1.6701056 1.640784 -0.50976706 995.03 
20150701184455 -3.6511576 -19.608511 19.608511 -2.352442 1.1414018 -0.33292156 995.03 
20150701184455 -3.870227 -14.10963 17.587805 -1.6468927 0.30176744 -0.35308012 995.03 
20150701184455 -4.4125137 -7.5926123 7.162853 0.74128497 -0.062002823 0.25503623 995.03 
20150701184455 -2.8652608 -5.9920883 -3.2363622 1.9498819 0.47647488 0.4025602 995.03 
20150701184455 -7.6811976 -15.636531 -2.8048072 1.8570304 2.119397 0.07147124 995.03 
20150701184455 -4.7297454 -13.706206 1.4089876 0.5708536 1.6853772 -0.13133603 995.18 
20150701184455 -1.5077485 -6.14831 -10.044873 -0.27091873 0.3408628 0.79351395 995.18 
20150701184455 -4.4119153 -3.539827 0.76315176 0.087659165 -1.1872166 -0.021991149 995.18 
20150701184455 -2.8323407 -8.223484 2.6791117 -0.9746355 -2.2272146 -0.5925393 995.18 
20150701184455 -1.1061212 -10.649409 -8.913014 -0.6374379 -2.9205468 -0.2678644 995.18 
20150701184455 -1.5065514 -9.239224 -4.6645036 -0.88300574 -1.0409144 0.6808093 995.18 
20150701184455 3.4213142 -14.733318 3.1004913 -2.3741279 -0.5009095 1.07665 995.18 
20150701184455 5.2720323 -17.810467 2.497751 -2.6190848 -2.2351558 0.79076505 995.18 
20150701184455 0.58897364 -10.1621895 4.820725 -1.9065105 -2.348166 -1.031446 995.18 
20150701184455 0.16579847 -10.254366 1.2234371 -1.7073684 -2.2122486 -2.126422 994.8 
20150701184455 1.2090719 -7.221511 -0.36032736 -1.8503108 -1.2000448 -1.2391402 994.8 
20150701184455 -0.040102877 -5.407903 0.47465047 -2.186592 0.464563 -0.88453287 994.8 
20150701184455 -2.802413 -5.858013 3.4225113 -2.323426 0.86651236 -1.0036516 994.8 
20150701184455 -2.5594015 -5.9962783 1.7651252 -2.1487186 0.926988 -0.79198676 994.8 
20150701184455 -1.543063 -7.6231384 -0.093373865 -1.5690074 1.1032226 -0.36651915 994.8 
20150701184455 -0.96426475 -9.070433 -1.4706384 -1.235475 0.94989544 -0.20158553 994.8 
20150701184455 1.3227965 -8.998009 0.047285482 -1.2861768 -0.19730948 -0.03023783 994.8 
20150701184455 1.496376 -9.260772 1.3311762 -1.1890492 -1.8979583 0.09162979 994.8 
20150701184455 1.977012 -9.731233 2.6677392 -1.0329732 -3.2452216 -0.019547688 994.89 
20150701184455 2.4049757 -9.900622 -0.2633622 -0.95905846 -3.1835241 0.15088372 994.89 
20150701184455 1.9524715 -9.959281 -0.2657564 -1.2507466 -1.6826283 0.4382958 994.89 
20150701184455 0.9103952 -12.342709 3.5523968 -1.5344934 -0.07422013 0.45662177 994.89 
20150701184455 3.210026 -13.673884 1.2210429 -1.361924 0.009773844 0.37965274 994.89 
20150701184455 4.1653123 -12.955624 0.89902276 -0.75716746 0.37140608 0.41416663 994.89 
20150701184455 3.496133 -11.84232 2.0500352 -0.18448131 0.15302174 0.30176744 994.89 
20150701184455 2.2176294 -10.778696 2.1978772 -0.04550946 -0.65118235 0.14477506 994.89 
20150701184455 0.4429273 -12.483966 1.6406267 0.121256754 -0.12034045 0.11728613 994.89 
20150701184455 -0.29388827 -12.278664 1.1683705 0.82558435 0.537256 -0.058337633 994.91 
20150701184455 -0.9151836 -11.487978 0.08499416 1.6038266 0.61300325 -0.1151481 994.91 
20150701184455 0.10235212 -12.438477 -1.1007342 2.1875083 0.8038987 -0.0290161 994.91 
20150701184455 2.6030958 -12.666524 -4.173692 2.7507262 0.92087936 -0.070249505 994.91 
20150701184455 0.95947635 -17.184383 -4.044405 2.95109 0.95447695 -0.5311473 994.91 
20150701184455 -2.7880478 -19.29128 -3.4464533 2.5054638 0.19242255 -1.0668762 994.91 
20150701184455 -5.8639984 -17.717691 7.743447 1.7941113 -0.7089091 -1.1007792 994.91 
20150701184455 -2.8628666 -12.589311 3.7301662 1.4440855 -1.4138476 0.062002823 994.91 
20150701184455 -1.6166847 -8.25401 -2.030283 2.8936687 -1.6249015 1.5210545 994.91 
20150701184455 -3.091513 -7.5291657 1.411382 3.292869 1.3469579 1.2599095 994.89 
20150701184455 -2.529474 -6.7043633 -0.08619126 3.2464433 2.0986276 0.18142697 994.89 
20150701184456 -1.5855601 -5.7065797 -0.5847838 3.3411274 1.3133603 0.3811799 994.89 
20150701184456 -0.7080852 -4.5938745 -1.5915456 3.0589077 1.5335772 0.6386596 994.89 
20150701184456 0.45190558 -3.6739025 -2.1978772 2.3722951 1.525636 0.79351395 994.89 
20150701184456 1.7477672 -4.3939586 -1.1486182 1.4654657 1.4853189 0.5290093 994.89 
20150701184456 0.62009823 -4.9404354 -1.1641805 0.59528816 1.0815369 -0.27488935 994.89 
20150701184456 -0.14903906 -3.4811692 -1.6609775 0.3472769 1.455081 -0.766025 994.89 
20150701184456 -1.5472529 -3.1675289 -1.4891934 0.66889745 2.1178699 -0.82650065 994.89 
20150701184456 -2.2080526 -2.7605145 -1.1073183 0.6056729 1.6621643 -0.4034765 995.05 
20150701184456 -3.9468415 -4.980538 0.9307459 -0.04795292 1.3921618 -0.095294975 995.05 
20150701184456 -3.5649664 -9.618706 5.1140146 -0.9126327 1.1902709 -0.19364429 995.05 
20150701184456 -2.0614076 -18.731037 17.0533 -2.3695462 1.3518448 -0.31673363 995.05 
20150701184456 -6.168062 -17.580624 19.273922 -2.0134118 1.6985108 -0.5311473 995.05 
20150701184456 -8.655638 -9.405023 7.911041 0.16890424 1.2269229 -0.112704635 995.05 
20150701184456 -6.8982935 -5.1559134 -4.905121 1.9077321 -0.01740966 0.30757064 995.05 
20150701184456 -8.578424 -11.977592 -5.281609 2.363743 1.2159272 0.11209377 995.05 
20150701184456 -4.6920366 -11.781268 -1.240795 1.0622946 1.6401732 0.13988814 995.05 
20150701184456 -1.2922704 -7.1245456 -4.6285906 0.2843578 0.3662137 0.9569204 995.09 
20150701184456 -1.3156139 -5.105635 4.2173862 0.25381452 -0.5546656 0.6719518 995.09 
20150701184456 3.5924997 -10.187328 -3.2770636 -0.42302418 -1.7269161 0.048258353 995.09 
20150701184456 0.94211835 -8.947132 -7.7464395 -0.34666604 -1.5555683 0.089491755 995.09 
20150701184456 -1.0127473 -8.884284 -3.752911 -1.4022411 -0.1020145 0.44990227 995.09 
20150701184456 0.10055647 -16.174627 5.1385555 -2.6477954 -1.6581937 0.66737026 995.09 
20150701184456 3.4566288 -18.640057 3.809175 -2.4242187 -3.3282993 0.11728613 995.09 
20150701184456 -0.93134445 -10.553042 4.159327 -1.915368 -3.0955596 -0.6151413 995.09 
20150701184456 -0.89064306 -9.560047 -0.5590461 -1.9278907 -2.1994202 -1.5567901 995.09 
20150701184456 -0.17956513 -7.855376 -0.17956513 -1.9737056 -0.7819075 -0.9447031 994.8 
20150701184456 -1.2108675 -6.6295447 1.6328455 -2.273335 0.32589662 -1.0485502 994.8 
20150701184456 -2.1068976 -6.3805475 2.4349031 -2.2617285 -0.013439035 -1.217149 994.8 
20150701184456 -1.4682442 -6.911462 2.3660698 -2.0986276 -0.0421497 -1.0094548 994.8 
20150701184456 0.35553896 -6.944382 -0.6596026 -1.6600263 0.44806966 -0.4914411 994.8 
20150701184456 0.53211135 -7.934983 -0.44113165 -1.1972959 0.86834496 -0.18203785 994.8 
20150701184456 -0.008379706 -8.429984 0.6159084 -1.1591167 0.39370266 -0.116980694 994.8 
20150701184456 0.52133745 -8.799889 0.91099375 -1.2712106 -1.1252137 -0.07819075 994.8 
20150701184456 1.0067618 -8.787319 1.2575544 -1.2464706 -2.219579 -0.009162978 994.8 
20150701184456 0.82599956 -9.416994 1.0169371 -1.1753048 -2.5607471 0.06078109 994.98 
20150701184456 0.95468795 -10.063428 -0.338181 -1.0326678 -2.4810293 0.19883664 994.98 
20150701184456 1.483208 -11.549629 1.5292963 -1.1108584 -1.6401732 0.4529566 994.98 
20150701184456 1.5897499 -13.345281 3.6816838 -1.317331 -0.7425067 0.4382958 994.98 
20150701184456 3.2914288 -12.613253 3.0412347 -1.3066407 0.09468412 0.30757064 994.98 
20150701184456 3.894169 -12.178705 2.0272903 -0.6899723 0.60903263 0.22204952 994.98 
20150701184456 3.5984852 -12.652159 1.79206 0.18936823 -0.067500606 0.103847094 994.98 
20150701184456 2.789245 -13.377004 1.6118963 0.42577308 -0.8011498 -0.05375614 994.98 
20150701184456 1.5251064 -12.882002 1.6142905 0.7593055 -0.46670106 -0.16615535 994.98 
20150701184456 -0.22505496 -12.119449 1.1504139 1.3365731 0.4202753 -0.17195857 994.95 
20150701184456 -1.9752164 -12.058397 -0.29269117 2.025629 1.1942415 -0.058643065 994.95 
20150701184456 0.9792285 -12.100295 -3.064578 2.5448647 1.4355333 0.041233405 994.95 
20150701184456 1.3180081 -13.972561 -3.6409822 3.0256155 1.5418239 0.01740966 994.95 
20150701184456 -2.734777 -19.302053 -3.9294837 2.724459 0.7498371 -0.7107417 994.95 
20150701184456 -5.269638 -19.109919 6.6893997 2.121535 -0.97249746 -1.0793989 994.95 
20150701184456 -2.2499511 -12.224793 3.1346085 1.4899004 -1.765706 -0.20952678 994.95 
20150701184456 -3.3393128 -8.942344 -0.79966336 2.4291058 -2.579684 1.1563679 994.95 
20150701184457 -3.1310172 -7.675811 0.6697779 2.9825497 -0.18295415 0.3136793 994.95 
20150701184457 -1.8100165 -5.856816 -0.4357447 2.9278772 0.72601336 0.042455133 994.93 
20150701184457 -1.395221 -4.800973 -1.5358804 2.7256808 0.5662721 0.4184427 994.93 
20150701184457 -0.3477578 -4.3281183 -0.5955577 2.0650299 1.0903945 0.63438356 994.93 
20150701184457 -0.31483752 -5.0038815 -0.5446809 1.4932601 1.7290541 0.6444628 994.93 
20150701184457 0.8242039 -5.713164 -0.2717419 1.4611896 1.9263636 0.5030475 994.93 
20150701184457 1.8183962 -5.746084 -0.9900024 1.6267341 1.9110919 0.38331795 994.93 
20150701184457 -0.2873042 -4.546589 -1.851915 1.5628988 1.6972891 -0.07971791 994.93 
20150701184457 -2.0171149 -3.3183637 -1.0606314 1.3420709 2.1010711 -0.41599923 994.93 
20150701184457 -2.5671828 -2.6940753 -0.6063316 0.74464476 1.8240436 -0.39064834 994.93 
20150701184457 -2.855684 -4.1120415 -0.43394905 -0.24648413 1.1291844 -0.23640485 995.04 
20150701184457 -2.966416 -9.726444 0.7673417 -1.5216653 1.1099422 -0.42943826 995.04 
20150701184457 -3.5296519 -16.117765 14.240113 -2.7391198 1.2464706 -0.8353582 995.04 
20150701184457 -1.8860323 -19.608511 19.608511 -3.1410692 0.6258314 -1.0235047 995.04 
20150701184457 -7.3567834 -11.034277 12.498331 0.3323107 -0.020463986 -0.062308256 995.04 
20150701184457 -7.161656 -4.4837413 0.7954735 2.427273 1.1899655 1.0027353 995.04 
20150701184457 -3.6014779 -5.4899044 -4.243124 2.2632558 1.4367551 0.960891 995.04 
20150701184457 -5.46297 -13.187263 0.47524905 1.6401732 1.9037615 0.033292156 995.04 
20150701184457 -0.8451532 -13.017275 -0.31783026 -0.009773844 1.1175779 0.04795292 995.04 
20150701184457 -1.7244238 -10.475829 -5.385158 -0.44165558 0.33475417 0.68325275 995.06 
20150701184457 -3.804985 -7.9966335 3.9636009 -0.54428095 -0.61086524 -0.057421334 995.06 
20150701184457 -1.7818847 -9.266758 0.5177461 -0.7837401 -2.5396724 -0.2415972 995.06 
20150701184457 -0.23942018 -7.7027454 -5.1265845 -0.1459968 -3.476434 0.08827003 995.06 
20150701184457 -1.151611 -7.8649526 -4.115034 -0.56321776 -1.2825116 0.34666604 995.06 
20150701184457 5.861006 -17.80867 2.2942438 -1.6511687 -0.7107417 0.46609017 995.06 
20150701184457 1.822586 -14.650719 3.0897174 -2.1868975 -1.7033978 0.048563786 995.06 
20150701184457 -0.57161564 -11.220427 2.5558102 -1.8964312 -2.0308216 -1.681712 995.06 
20150701184457 -0.044891283 -9.834184 0.8882488 -1.5271631 -1.6389514 -1.7024814 995.06 
20150701184457 -0.16400282 -8.057686 0.5105635 -1.6612481 -0.94714653 -0.659429 994.8 
20150701184457 -2.1296425 -7.27957 1.146224 -1.9126191 -0.21135938 -0.636827 994.8 
20150701184457 -3.1106665 -6.8450227 2.5198972 -1.9688187 0.19242255 -0.79809546 994.8 
20150701184457 -1.6214731 -6.9623384 1.2204443 -1.9773707 0.4886922 -0.64660084 994.8 
20150701184457 0.1388637 -7.1766195 -0.99658644 -1.396438 0.9282097 -0.3378085 994.8 
20150701184457 1.2372037 -8.126519 -0.33758244 -0.9636399 0.8481864 -0.17684549 994.8 
20150701184457 1.3862427 -9.191938 0.8110358 -0.9850202 -0.077579886 -0.07819075 994.8 
20150701184457 1.9500773 -9.097966 1.146224 -1.067487 -1.704925 -0.021685716 994.8 
20150701184457 0.9175778 -9.138668 2.15538 -1.0900891 -2.7491992 0.030543262 994.8 
20150701184457 -0.12868834 -9.223662 2.2284033 -1.0360274 -2.9724703 0.01740966 994.93 
20150701184457 1.3497312 -9.03452 0.49440265 -1.0140363 -2.5506678 0.2687807 994.93 
20150701184457 2.0512323 -9.956287 1.0773908 -1.0836749 -1.0656544 0.46853364 994.93 
20150701184457 1.4742297 -11.894993 1.797447 -0.91690874 -0.109650314 0.37415496 994.93 
20150701184457 1.6196774 -12.3355255 1.0235212 -0.6826419 -0.23273966 0.30848694 994.93 
20150701184457 2.741361 -11.681909 1.3503298 -0.4746423 -0.32986724 0.22266038 994.93 
