20150701184944 7.261614 -0.065242 -1.0061632 -0.3182608 -0.3494149 0.3921755 995.45 
20150701184944 7.48607 0.55126494 -0.40222588 -0.3222314 -0.3894266 0.19425514 995.47 
20150701184944 7.8463974 0.45848963 0.57281274 -0.4361578 -0.29626966 0.010995574 995.47 
20150701184944 8.268974 -0.492607 1.1803415 -0.55680364 -0.18661933 -0.06078109 995.47 
20150701184944 8.692748 -1.7010803 0.5805939 -0.6273586 -0.1600467 -0.13225232 995.47 
20150701184944 10.31063 -1.934515 -0.08020575 -0.57879484 -0.045814894 -0.21410827 995.47 
20150701184944 12.069171 -0.6386533 0.5033809 -0.45051312 0.07269296 -0.24465153 995.47 
20150701184944 12.773664 -0.6931214 1.6160861 -0.34513888 0.028099801 -0.23518312 995.47 
20150701184944 12.308591 -2.4648306 2.1218612 -0.3924809 -0.16157386 -0.2098322 995.47 
20150701184944 11.14441 -2.735974 2.3660698 -0.36346483 -0.2312125 -0.08155051 995.47 
20150701184944 10.976217 -1.8722657 0.49559975 -0.19853121 -0.16707164 0.12950343 995.44 
20150701184944 12.741941 -1.4466964 -1.4478935 -0.06658431 -0.013744468 0.16157386 995.44 
20150701184944 13.435661 -1.678934 -3.3602622 0.06627888 0.055283304 0.063224554 995.44 
20150701184944 10.963648 -0.7529764 -5.673061 0.16920967 -0.090713486 0.110872045 995.44 
20150701184944 11.998542 0.050876785 -4.6393642 0.5681047 -0.34055737 0.21991149 995.44 
20150701184944 14.970345 2.4193408 -3.7163997 0.79901177 -0.3222314 0.1957823 995.44 
20150701184944 16.098612 4.0677485 -2.552219 0.86162543 0.119729586 0.10842858 995.44 
20150701184945 14.375984 3.1794999 -1.7764976 0.8014552 0.108123146 -0.025350908 995.44 
20150701184945 11.996746 1.1671734 -1.122282 0.63224554 0.13958271 -0.11026118 995.44 
20150701184945 8.367735 -1.1180922 -0.95827925 0.42455134 0.21135938 -0.31123585 995.45 
20150701184945 9.405622 -2.167351 -0.3369839 0.30909783 0.39736784 -0.41813725 995.45 
20150701184945 8.446145 -1.7657237 -0.9115923 0.35460728 0.46517387 -0.6227771 995.45 
20150701184945 5.9424086 -1.0971429 -1.2850877 0.66828656 0.57848936 -0.3735441 995.45 
20150701184945 5.100847 -0.017357962 -1.1719618 0.8491027 -0.07941248 -0.32620203 995.45 
20150701184945 3.9282866 0.9528923 -1.8249803 1.0332786 0.15485434 -0.38240165 995.45 
20150701184945 3.7367504 1.6645688 -1.6956934 1.1490375 0.19181168 -0.34483343 995.45 
20150701184945 4.9021277 1.8734628 -1.3521254 1.1597277 0.10903945 -0.35094208 995.45 
20150701184945 6.6163764 1.7070658 -1.0127473 1.0876455 0.004581489 -0.22876903 995.45 
20150701184945 7.965509 1.6543933 -0.48243165 1.0036516 -0.22540927 -0.09132435 995.46 
20150701184945 8.589797 1.8626889 0.35075054 0.8881981 -0.35308012 0.12767084 995.46 
20150701184945 8.532935 2.56419 1.050456 0.7706065 -0.38698313 0.3109304 995.46 
20150701184945 8.224682 3.084929 0.41299978 0.6105598 -0.22815818 0.364992 995.46 
20150701184945 8.869919 3.0621839 -0.079008654 0.4025602 -0.03573562 0.3359759 995.46 
20150701184945 10.0825815 1.6585833 0.49081135 0.23396139 0.06352998 0.30757064 995.46 
20150701184945 11.975797 -0.22146365 1.1575965 0.062002823 0.030848695 0.2648101 995.46 
20150701184945 13.944429 0.17956513 1.9482816 -0.007330383 -0.13164146 0.26297748 995.46 
20150701184945 14.030022 1.2174516 3.3039982 0.039095376 -0.24587326 0.26175576 995.46 
20150701184945 12.017695 1.6567876 3.151368 0.07574729 -0.3155119 0.055588737 995.51 
20150701184945 11.268311 0.7398083 0.9600749 0.121256754 -0.23793201 -0.1459968 995.51 
20150701184945 14.369999 0.8511387 -1.5729905 0.22785273 -0.076052725 -0.26816985 995.51 
20150701184945 15.102026 2.9352913 -2.4384944 0.29138273 0.00580322 -0.29749137 995.51 
20150701184945 11.218032 2.2601264 -3.952827 0.35216382 -0.35216382 -0.31031954 995.51 
20150701184945 8.117541 0.2160767 -5.5365915 0.26908615 -0.6160576 -0.47067168 995.51 
20150701184945 9.123704 -0.076015905 -4.7285485 0.17470746 -0.33169982 -0.33964106 995.51 
20150701184945 12.905944 -0.25977087 -2.4624364 -0.0036651916 0.11911872 -0.004581489 995.51 
20150701184945 14.247295 0.090381116 -2.1230583 -0.19242255 0.43799037 0.14630222 995.51 
20150701184945 14.021044 0.35434186 -2.3798366 -0.22693644 0.17837265 0.12980886 995.47 
20150701184945 12.899959 0.521936 -1.8920178 -0.344528 -0.08460484 0.12736541 995.47 
20150701184945 11.027693 0.22445641 -1.2886791 -0.48258355 -0.07574729 0.24801129 995.47 
20150701184945 8.907029 -0.10295067 -1.4185646 -0.6032294 0.0021380284 0.41905355 995.47 
20150701184945 6.6828156 -0.12330139 -1.6897079 -0.5934556 0.18112154 0.42943826 995.47 
20150701184945 4.8374844 -0.30286652 -1.9542671 -0.50579643 0.2947425 0.36926803 995.47 
20150701184945 3.958214 -0.53929394 -1.7944542 -0.46181414 0.42058071 0.37201694 995.47 
20150701184945 3.930082 -1.0432734 -1.8291701 -0.47311515 0.39736784 0.4279111 995.47 
20150701184945 5.8783636 -1.5328877 -1.6065093 -0.48838675 0.28802297 0.43585235 995.47 
20150701184945 7.0371575 -1.2976574 -1.1887212 -0.46609017 -0.002443461 0.35185838 995.42 
20150701184945 7.5926123 -0.7098808 -0.53450555 -0.41355577 -0.30024028 0.12492194 995.42 
20150701184945 7.6704235 -0.19632454 0.17657238 -0.37507126 -0.46578476 -0.0693332 995.42 
20150701184945 7.693767 -0.3788824 0.8607155 -0.35430184 -0.36926803 -0.1685988 995.42 
20150701184945 7.7973166 -1.0791864 1.3617022 -0.36346483 -0.23365596 -0.23151793 995.42 
20150701184945 8.480263 -1.9339164 0.7314286 -0.33200526 -0.086132 -0.24587326 995.42 
20150701184945 10.159795 -1.4568717 -0.48482585 -0.24312437 0.009162978 -0.3145956 995.42 
20150701184945 12.151771 -0.41180268 0.18136078 -0.099571034 0.025961773 -0.34391713 995.42 
20150701184945 13.663709 -0.12270284 1.3054385 -0.099571034 -0.1695151 -0.32436943 995.42 
20150701184945 13.204022 -0.6422446 2.2637177 -0.050701816 -0.43463063 -0.24862215 995.37 
20150701184945 12.340314 -1.4407109 0.7739257 -0.0983493 -0.54092115 -0.022296581 995.37 
20150701184945 13.490728 -1.3221979 -2.7485435 -0.096516706 -0.3454443 0.19211712 995.37 
20150701184946 14.829086 -2.9658175 -4.096479 -0.0693332 -0.02076942 0.25778514 995.37 
20150701184946 13.541605 -1.785476 -4.9266686 -0.064446285 0.021685716 0.23365596 995.37 
20150701184946 9.874287 0.8367735 -4.6393642 0.3222314 -0.29046643 0.2406809 995.37 
20150701184946 10.916962 1.9961656 -3.6822822 0.5983425 -0.59803706 0.26083946 995.37 
20150701184946 13.07294 3.1555579 -2.8880057 0.535118 -0.03390302 0.15699236 995.37 
20150701184946 13.791201 2.3349452 -2.1027076 0.5412266 0.51159966 0.05497787 995.37 
20150701184946 13.199234 0.56563014 -2.0386627 0.48533243 0.38240165 -0.015577064 995.42 
20150701184946 11.498154 -0.50637364 -1.5921441 0.3567453 0.26145032 -0.13683382 995.42 
20150701184946 10.107122 -1.3916297 -1.6609775 0.30940324 0.16829337 -0.24984388 995.42 
20150701184946 9.428367 -0.4261679 -1.1079168 0.3707952 0.10567969 -0.4529566 995.42 
20150701184946 7.3059063 -0.22685061 -1.1468226 0.52626044 0.3549127 -0.44715336 995.42 
20150701184946 5.759252 0.22864626 -1.364695 0.6081163 0.21563543 -0.42302418 995.42 
20150701184946 4.4915223 0.7308301 -1.7184383 0.72021013 0.37659842 -0.4288274 995.42 
20150701184946 3.5901055 1.204882 -2.0536265 0.7635816 0.47250426 -0.36346483 995.42 
20150701184946 4.384382 1.5059528 -1.6921021 0.75747293 0.4071417 -0.34208453 995.42 
20150701184946 6.0525417 1.4610616 -1.4107834 0.7131852 0.26145032 -0.30879238 995.44 
20150701184946 7.1963716 1.3694834 -0.7625532 0.67164636 -0.05100725 -0.20097467 995.44 
20150701184946 8.03554 1.6771383 0.031124622 0.6068946 -0.25961772 9.162979E-4 995.44 
20150701184946 8.602366 2.212841 0.80325466 0.5830709 -0.33261612 0.13988814 995.44 
20150701184946 8.755595 2.0775685 1.2276269 0.5170974 -0.25350907 0.1554652 995.44 
20150701184946 9.174581 1.5693992 1.110311 0.4382958 -0.17165314 0.15118915 995.44 
20150701184946 10.353127 1.0301052 0.91099375 0.3381139 -0.10629055 0.16615535 995.44 
20150701184946 11.884817 0.42437226 0.3585317 0.22418754 -0.07269296 0.19150625 995.44 
20150701184946 12.980763 0.9636662 0.43634325 0.19975294 -0.08307768 0.1740966 995.44 
20150701184946 12.953828 2.1571758 1.8722657 0.2452624 -0.16920967 0.1160644 995.43 
20150701184946 11.853094 2.32058 1.6885108 0.33475417 -0.25992316 0.004581489 995.43 
20150701184946 11.663952 0.9576807 -0.9175778 0.3662137 -0.24220806 -0.074830994 995.43 
20150701184946 14.396934 1.5586253 -3.0125043 0.29016098 -0.06505715 -0.13225232 995.43 
20150701184946 13.885173 3.080739 -2.9119477 0.1908954 0.113926366 -0.19058995 995.43 
20150701184946 10.522516 2.0895395 -4.681263 0.13713925 -0.18387043 -0.3368922 995.43 
20150701184946 9.304466 -0.018555064 -4.9428296 -0.065973446 -0.36835176 -0.6209445 995.43 
20150701184946 10.833763 -1.4933833 -4.245518 -0.1160644 -0.17379116 -0.47433686 995.43 
20150701184946 13.503298 -2.1098902 -1.8710686 -0.18784106 0.18845193 -0.17104226 995.43 
20150701184946 13.826515 -1.4311341 -2.1535845 -0.1591304 0.4260785 -0.040927973 995.44 
20150701184946 13.90313 0.37828386 -2.2301989 -0.009468411 0.23243423 -0.07086037 995.44 
20150701184946 12.824541 1.4209588 -1.5221137 -0.009468411 0.06261369 0.076358154 995.44 
20150701184946 10.2657385 1.2910733 -0.943914 -0.06078109 0.0143553335 0.3203988 995.44 
20150701184946 7.271789 0.6655881 -0.89902276 -0.18051068 0.047647487 0.4792238 995.44 
20150701184946 4.2419267 0.05207389 -1.448492 -0.25167647 0.29840767 0.39584067 995.44 
20150701184946 5.071518 -0.33279404 -1.4478935 -0.21746802 0.52381694 0.3286455 995.44 
20150701184946 4.9984946 -1.0163386 -1.6232687 -0.23151793 0.54244834 0.42149702 995.44 
20150701184946 5.7305217 -1.1270704 -1.5676036 -0.2883284 0.2950479 0.46120325 995.44 
20150701184946 6.7612257 -0.670975 -1.2018893 -0.30176744 -0.11575896 0.41905355 995.41 
20150701184946 6.897695 -0.18076223 -1.3970166 -0.28008172 -0.31856623 0.29352075 995.41 
20150701184946 7.976283 0.48722005 -1.4257472 -0.2302962 -0.39950588 0.12767084 995.41 
20150701184946 8.580819 0.6787562 -0.40521863 -0.22266038 -0.37507126 0.040927973 995.41 
20150701184946 8.775947 -0.17836803 0.6853402 -0.28985557 -0.35460728 -0.0033597588 995.41 
20150701184946 8.433576 -1.2000936 0.44532153 -0.4147775 -0.39003745 -0.09285152 995.41 
20150701184946 8.572439 -1.7567455 -0.272939 -0.410196 -0.27763826 -0.17165314 995.41 
20150701184946 9.625888 -1.34195 -0.47285482 -0.36468655 -0.096516706 -0.21685717 995.41 
20150701184947 11.54065 -1.2300211 -0.54527944 -0.29168814 -0.015271631 -0.26358834 995.41 
20150701184947 12.905346 -1.5149311 0.51235914 -0.18845193 -0.20097467 -0.28313604 995.43 
20150701184947 12.959814 -2.232593 1.3970166 -0.20372356 -0.3481932 -0.2321288 995.43 
20150701184947 11.43351 -2.2140381 1.7657237 -0.20341812 -0.50885075 -0.0693332 995.43 
20150701184947 11.113884 -0.641646 -0.18315643 -0.042455133 -0.46273044 0.16584991 995.43 
20150701184947 13.264476 0.06943185 -1.6346412 0.058337633 -0.23945917 0.22174409 995.43 
20150701184947 15.084668 -1.6555905 -3.1483753 0.03023783 -0.0125227375 0.17287487 995.43 
20150701184947 12.769475 -0.62967503 -5.967548 0.040011674 -0.1600467 0.1853976 995.43 
20150701184947 9.937733 1.0480618 -5.0918684 0.42088616 -0.4990769 0.2312125 995.43 
20150701184947 8.794501 1.7088615 -3.4871547 0.40133846 -0.29443705 0.11056661 995.43 
20150701184947 11.8339405 2.777274 -2.7299886 0.3998113 0.06688975 -0.05681047 995.4 
20150701184947 12.74673 2.7940333 -2.086547 0.49388456 0.42149702 0.028099801 995.4 
20150701184947 12.432491 1.5705963 -1.7735049 0.4297437 0.42058071 0.05681047 995.4 
20150701184947 12.203246 0.074220255 -1.3042414 0.32498032 0.20616703 -0.1160644 995.4 
20150701184947 10.318411 -0.6607997 -1.5215151 0.38728857 0.10720685 -0.25045475 995.4 
20150701184947 8.409035 -1.0869676 -1.7501614 0.43768495 0.1459968 -0.3839288 995.4 
20150701184947 8.468291 -0.16759412 -0.9648633 0.4972443 0.25259277 -0.44409904 995.4 
20150701184947 6.9838862 0.8218097 -1.2384008 0.55680364 0.29535335 -0.48655418 995.4 
20150701184947 5.8999114 1.1791444 -1.5466543 0.6178902 0.20799962 -0.38515055 995.4 
20150701184947 5.069722 1.4269443 -1.7561469 0.66767573 0.12675454 -0.3894266 995.51 
20150701184947 5.422867 1.6352397 -1.827973 0.6432411 0.20311269 -0.38698313 995.51 
20150701184947 6.5128274 1.4311341 -1.644218 0.57360244 0.1142318 -0.34605515 995.51 
20150701184947 7.6608467 0.9044097 -1.0803835 0.4746423 0.011301007 -0.22693644 995.51 
20150701184947 8.195353 0.599149 -0.19273324 0.4175264 -0.16035213 -0.07788532 995.51 
20150701184947 8.149862 0.98940384 0.41479546 0.4343252 -0.19517145 0.054367006 995.51 
20150701184947 7.7757688 1.7190368 1.0067618 0.49357912 -0.08552113 0.14263703 995.51 
20150701184947 7.964312 2.0260932 1.3916297 0.49296826 0.08124508 0.17379116 995.51 
20150701184947 9.473856 2.1859062 0.84335756 0.43554693 0.1563815 0.18051068 995.51 
20150701184947 11.310209 1.4000094 0.47884035 0.33536503 0.14385876 0.19608775 995.48 
20150701184947 12.842498 0.40880993 0.63206923 0.2501493 0.059253927 0.15271631 995.48 
20150701184947 13.702016 0.89303726 1.8237832 0.25289822 -0.07666359 0.10170906 995.48 
20150701184947 12.637794 1.5532384 2.7371712 0.35369098 -0.14630222 0.08827003 995.48 
20150701184947 11.708245 1.3497312 0.55365914 0.46181414 -0.17134771 0.035124753 995.48 
20150701184947 14.160506 1.423353 -2.5893292 0.4908302 -0.070554934 -0.109650314 995.48 
20150701184947 14.60463 4.3179426 -3.9875429 0.41263947 0.18478674 -0.19058995 995.48 
20150701184947 11.347918 3.6822822 -5.2702365 0.31795537 0.060170226 -0.28313604 995.48 
20150701184947 9.598953 1.2114661 -5.510854 0.13408493 -0.21074851 -0.46211955 995.48 
20150701184947 11.1893015 -1.602918 -4.671686 -0.027488936 -0.14538592 -0.4297437 995.5 
20150701184947 13.916297 -3.2603042 -2.1481974 -0.22143865 0.22693644 -0.21533 995.5 
20150701184947 13.420697 -2.4612393 -2.3020248 -0.29077184 0.51007247 -0.04917465 995.5 
20150701184947 12.328941 0.049679685 -2.4007857 -0.079107046 0.3051272 -0.05222898 995.5 
20150701184947 11.326369 1.9482816 -1.941099 -0.014049901 0.1423316 0.019242255 995.5 
20150701184947 9.516952 2.0727801 -1.1917139 0.02443461 0.0888809 0.2452624 995.5 
20150701184947 6.7079544 1.0941502 -1.0720038 -0.08735373 0.12370021 0.49388456 995.5 
20150701184947 5.471948 0.020350715 -1.5861586 -0.2443461 0.20922135 0.57879484 995.5 
20150701184947 4.672883 -0.6476316 -1.1587936 -0.31398472 0.3640757 0.528093 995.5 
20150701184947 4.5034933 -0.9008184 -1.3000516 -0.35918877 0.4184427 0.4792238 995.41 
20150701184947 5.7508726 -1.0360907 -1.3910311 -0.3640757 0.15577064 0.37934732 995.41 
20150701184947 7.0144124 -0.47764325 -1.1935096 -0.33414328 -0.05955936 0.35888332 995.41 
20150701184947 7.4585366 0.32680854 -0.6512229 -0.2874121 -0.2846632 0.29810223 995.41 
20150701184948 8.08881 0.41838676 -0.049081136 -0.29046643 -0.39828414 0.09193522 995.41 
20150701184948 8.683769 -0.20350714 0.41479546 -0.3109304 -0.35002577 -0.04062254 995.41 
20150701184948 8.903438 -0.9516952 0.95588505 -0.37415496 -0.30176744 -0.1282817 995.41 
20150701184948 8.454525 -1.1935096 0.62009823 -0.46914452 -0.21013765 -0.18112154 995.41 
20150701184948 8.656835 -1.2880806 0.58538234 -0.47739118 -0.098043874 -0.23732115 995.41 
20150701184948 9.872491 -1.1504139 -0.10414778 -0.41691554 0.058948494 -0.27305678 995.49 
20150701184948 11.452663 -1.3856442 -0.33758244 -0.31887165 0.086132 -0.23182335 995.49 
20150701184948 13.137584 -1.0654198 0.789488 -0.16646078 0.007330383 -0.19425514 995.49 
20150701184948 12.315774 -1.7142484 1.6950948 -0.18875736 -0.17867808 -0.14752395 995.49 
20150701184948 12.063186 -1.7130513 0.5626374 -0.15515977 -0.37904188 0.10781772 995.49 
20150701184948 13.183073 -2.333748 -1.1354501 -0.047647487 -0.25961772 0.19853121 995.49 
20150701184948 15.087062 -3.0855274 -0.39743748 0.030543262 -0.012217305 0.17165314 995.49 
20150701184948 13.766061 -3.2908301 -4.103063 0.20769419 0.004276057 0.28252518 995.49 
20150701184948 11.312004 -0.30346507 -4.223372 0.66798115 -0.3576616 0.59406644 995.49 
20150701184948 8.259995 3.232771 -4.7309427 0.8903361 -0.2648101 0.5366451 995.52 
20150701184948 11.312004 4.546589 -3.1723173 0.7360926 -0.016493361 0.16890424 995.52 
20150701184948 14.11322 4.1258082 -1.4347254 0.6872234 0.41691554 0.020463986 995.52 
20150701184948 13.494319 1.7842789 -1.4077905 0.55833083 0.38606682 -0.12308934 995.52 
20150701184948 12.237962 -0.8379706 -1.6208745 0.27122417 0.12889257 -0.21197024 995.52 
20150701184948 10.6398325 -2.1380222 -1.2629414 0.20311269 0.047647487 -0.2657264 995.52 
20150701184948 9.300277 -1.6699557 -1.2910733 0.31490102 0.122478485 -0.33475417 995.52 
20150701184948 8.167819 -0.55964464 -1.0666169 0.46181414 0.26083946 -0.40591997 995.52 
20150701184948 6.555923 0.020949265 -1.204882 0.67011917 0.34147367 -0.46303585 995.52 
20150701184948 5.468955 0.545878 -1.4215573 0.795652 0.2950479 -0.48075095 995.5 
20150701184948 5.057751 1.2198458 -1.7417817 0.8604037 0.29840767 -0.48533243 995.5 
20150701184948 5.3516393 1.429937 -1.6897079 0.87689704 0.24740042 -0.42180246 995.5 
20150701184948 6.117185 1.5957354 -1.8680758 0.87017757 0.055588737 -0.35369098 995.5 
20150701184948 6.9599442 1.797447 -1.5682021 0.8549059 -0.13072516 -0.23609942 995.5 
20150701184948 7.603386 1.8710686 -0.9427169 0.7996226 -0.267559 -0.06688975 995.5 
20150701184948 8.123527 1.9937714 -0.12030864 0.7309003 -0.30634892 0.106901415 995.5 
20150701184948 8.025963 2.2720973 0.5410896 0.66523224 -0.24801129 0.1777618 995.5 
20150701184948 8.176199 2.1505916 0.6775591 0.56688297 -0.14721853 0.17928895 995.5 
20150701184948 9.443929 1.9393034 0.57041854 0.3717115 -0.06994407 0.20005837 995.46 
20150701184948 11.23539 0.3866636 0.6302736 0.19547687 0.02321288 0.2452624 995.46 
20150701184948 12.529456 -1.103727 0.8218097 0.15210545 0.005497787 0.26389378 995.46 
20150701184948 13.5457945 0.073023155 1.6472107 0.18967366 -0.12675454 0.2312125 995.46 
20150701184948 12.473791 1.6226702 2.8568811 0.27916542 -0.19425514 0.17989981 995.46 
20150701184948 10.937312 1.6921021 2.1739352 0.3378085 -0.18570304 0.014660766 995.46 
20150701184948 11.750742 0.3788824 0.31124622 0.42210788 -0.102319926 -0.10903945 995.46 
20150701184948 15.017631 1.5149311 -2.8868086 0.46273044 0.1881465 -0.15577064 995.46 
20150701184948 13.163321 4.148553 -4.4597993 0.47678033 0.14905111 -0.19517145 995.46 
20150701184948 9.540296 3.3033998 -6.1465144 0.45142943 -0.16218472 -0.3051272 995.45 
20150701184948 9.311649 1.3275849 -4.957195 0.16432275 -0.30879238 -0.41599923 995.45 
20150701184948 12.088325 -1.0253168 -3.217807 -0.05589417 -0.08277224 -0.17012598 995.45 
20150701184948 14.219763 -2.3301568 -1.1749545 -0.41691554 0.4120286 -0.057421334 995.45 
20150701184948 13.273455 -1.5155296 -1.6903064 -0.48166725 0.6075055 -0.0983493 995.45 
20150701184948 12.516288 0.2148796 -1.5215151 -0.29565877 0.37995818 -0.13591751 995.45 
20150701184948 11.297041 1.216853 -1.073201 -0.19608775 0.2406809 0.026267206 995.45 
20150701184948 8.902241 1.3299791 -0.99060094 -0.18417588 0.18173242 0.31764993 995.45 
20150701184949 6.8563952 1.0534488 -1.5047557 -0.26083946 0.26725355 0.48930305 995.45 
20150701184949 5.7203465 0.41359833 -1.5047557 -0.31215215 0.39950588 0.47494772 995.44 
20150701184949 4.5256395 -0.23642741 -1.335366 -0.37018433 0.3707952 0.47525316 995.44 
20150701184949 5.167286 -0.65900403 -1.1139023 -0.4822781 0.28405234 0.3933972 995.44 
20150701184949 6.2728086 -1.0648212 -1.0217255 -0.5626069 0.061086524 0.35094208 995.44 
20150701184949 7.223905 -0.9391256 -0.8074445 -0.54825157 -0.16798794 0.33017266 995.44 
20150701184949 7.9086466 -0.587178 -0.46148238 -0.47586402 -0.34574974 0.22968534 995.44 
20150701184949 8.114548 -0.6997054 -0.049679685 -0.43371433 -0.39370266 0.118202426 995.44 
20150701184949 8.268974 -0.7332243 0.57760113 -0.37812558 -0.34208453 -0.07147124 995.44 
20150701184949 8.385093 -0.7942764 1.186327 -0.34880406 -0.25228736 -0.21380283 995.44 
20150701184949 8.527548 -1.2324153 1.4838065 -0.2932153 -0.17134771 -0.25167647 995.4 
20150701184949 9.39365 -1.9207484 0.9636662 -0.21105394 -0.07788532 -0.28588495 995.4 
20150701184949 10.828376 -1.3389573 0.28072014 -0.09285152 0.016493361 -0.28099802 995.4 
20150701184949 11.909358 0.0664391 0.142455 0.10415252 0.02321288 -0.23609942 995.4 
20150701184949 12.129624 0.78769237 0.7715315 0.21930063 -0.10048734 -0.26389378 995.4 
20150701184949 11.771691 0.87208796 1.8914193 0.21563543 -0.30482176 -0.105068825 995.4 
20150701184949 11.006743 0.40102878 1.6759412 0.15027285 -0.31306845 0.07666359 995.4 
20150701184949 12.764687 0.46208093 -0.54887074 0.03940081 -0.17073683 0.13530666 995.4 
20150701184949 15.694591 -1.6717514 -0.931943 -0.13041973 -0.055588737 0.13836098 995.4 
20150701184949 15.255854 -2.6737247 -3.0148985 -0.27885997 -0.1255328 0.16768251 995.43 
20150701184949 10.163386 -3.1783028 -5.625177 -0.15210545 -0.3051272 0.22815818 995.43 
20150701184949 7.8906903 -1.0354922 -3.292626 0.13622294 -0.2947425 0.21288654 995.43 
20150701184949 10.42196 1.2030864 -2.5965118 0.3390302 0.19028452 0.16737708 995.43 
20150701184949 13.579313 2.8646624 -1.7645266 0.5177083 0.48747048 0.16401732 995.43 
20150701184949 13.653534 2.4714148 -1.401805 0.7293731 0.47586402 0.05375614 995.43 
20150701184949 12.202049 0.9516952 -1.3365631 0.58001655 0.23762658 -0.06994407 995.43 
20150701184949 9.218275 -0.80445176 -1.6005238 0.4633413 0.09193522 -0.22571471 995.43 
20150701184949 10.560823 -0.34356794 -0.45010993 0.34147367 0.2275473 -0.38820487 995.43 
20150701184949 8.585608 -0.34356794 -0.8265981 0.3387248 0.32284227 -0.59986967 995.44 
20150701184949 7.1209545 0.46507367 -0.7505822 0.43066 0.17715092 -0.44501534 995.44 
20150701184949 5.5521536 0.74878657 -0.7080852 0.4334089 0.1142318 -0.5549711 995.44 
20150701184949 4.9787426 0.9127894 -0.7739257 0.42943826 0.25259277 -0.5458081 995.44 
20150701184949 5.2648497 0.95947635 -0.7332243 0.43401974 0.15485434 -0.50426924 995.44 
20150701184949 6.1764417 0.7577648 -0.7194576 0.40866885 0.11026118 -0.43127087 995.44 
20150701184949 7.438186 0.6973112 -0.41180268 0.3903429 -0.10445796 -0.30543262 995.44 
20150701184949 7.913435 0.63087213 0.020350715 0.38362336 -0.21533 -0.15118915 995.44 
20150701184949 7.86615 1.1150994 0.55605334 0.3857614 -0.2415972 0.022602014 995.44 
20150701184949 7.896077 1.7830818 1.127669 0.4251622 -0.16126843 0.08674286 995.46 
20150701184949 8.205527 2.083554 1.2988545 0.44043383 -0.071776666 0.1255328 995.46 
20150701184949 8.919 2.272696 0.84216046 0.40958515 0.002443461 0.14385876 995.46 
20150701184949 10.771513 1.7812861 0.58119243 0.3145956 9.162979E-4 0.19242255 995.46 
20150701184949 13.092692 1.0480618 0.789488 0.23304509 -0.03268129 0.1704314 995.46 
20150701184949 14.733318 1.5179238 1.6849195 0.18753563 -0.21685717 0.122783914 995.46 
20150701184949 13.270461 1.6448165 2.6761189 0.20738874 -0.33567044 0.0729984 995.46 
20150701184949 11.695675 0.8936358 0.78769237 0.22724187 -0.36102137 -0.024129177 995.46 
20150701184949 13.434464 0.6679823 -1.0145429 0.28008172 -0.116675265 -0.13713925 995.46 
20150701184949 14.566323 2.2864625 -1.9009962 0.2828306 0.18906279 -0.2171626 995.51 
20150701184949 10.333973 2.670732 -3.448249 0.33383787 0.0030543262 -0.2648101 995.51 
20150701184949 8.098388 1.6711528 -4.7680526 0.2947425 -0.14905111 -0.46303585 995.51 
20150701184949 9.400833 0.13347675 -4.2945995 0.11759156 -0.07819075 -0.36713 995.51 
20150701184949 13.476961 -0.9020155 -1.5101427 -0.14905111 0.40653083 -0.0711658 995.51 
20150701184950 14.276625 -1.4622587 -1.4030021 -0.31429017 0.46822822 0.050701816 995.51 
20150701184950 13.502101 -0.7254431 -1.8405426 -0.24495697 0.026267206 0.02076942 995.51 
20150701184950 12.635998 0.219668 -1.3108255 -0.19517145 -0.21502456 0.055588737 995.51 
20150701184950 10.569203 0.8714894 -0.80325466 -0.21777347 -0.15760323 0.26083946 995.51 
20150701184950 7.4992385 0.93134445 -0.7763199 -0.21991149 -0.007330383 0.49205196 995.44 
20150701184950 5.573103 0.19572599 -1.3742718 -0.21410827 0.21319197 0.5458081 995.44 
20150701184950 4.2161894 -0.3417723 -1.5478514 -0.19303341 0.38148534 0.50976706 995.44 
20150701184950 4.0078936 -0.5117606 -1.6430209 -0.15699236 0.4156938 0.49113566 995.44 
20150701184950 5.3594203 -0.43394905 -1.2096704 -0.17806722 0.20158553 0.42271876 995.44 
20150701184950 6.947375 -0.15442601 -1.091756 -0.24495697 -0.1386664 0.3747658 995.44 
20150701184950 7.8493905 0.12629414 -1.0031705 -0.24709499 -0.45478916 0.27855456 995.44 
20150701184950 8.799889 0.14724341 -0.3298013 -0.24831672 -0.57971114 0.17012598 995.44 
20150701184950 8.933964 -0.40222588 0.010773907 -0.2968805 -0.5519168 -0.039095376 995.44 
20150701184950 9.390059 -1.555034 1.1067197 -0.3622431 -0.5021312 -0.16493362 995.44 
20150701184950 8.879496 -2.2062569 1.134253 -0.36835176 -0.3659083 -0.19211712 995.44 
20150701184950 8.474875 -2.8173769 0.88286185 -0.30879238 -0.23640485 -0.21930063 995.44 
20150701184950 9.081805 -2.3780408 0.25917232 -0.16798794 -0.06291912 -0.23487769 995.44 
20150701184950 10.419566 -1.8459295 -0.22445641 0.040927973 0.12156218 -0.20250183 995.44 
20150701184950 12.694656 -0.92296475 0.6841431 0.23487769 0.059253927 -0.25961772 995.44 
20150701184950 12.824541 -0.8774749 1.049259 0.28496864 -0.15363261 -0.13133603 995.44 
20150701184950 12.943054 -0.51116204 -0.47165772 0.2828306 -0.48166725 0.11178834 995.44 
20150701184950 14.354436 -1.4395138 -1.3868413 0.28985557 -0.39828414 0.17470746 995.44 
20150701184950 15.122376 -2.5713725 -1.6424223 0.28955013 -0.14263703 0.17684549 995.46 
20150701184950 14.159308 -1.5927427 -3.1268275 0.37659842 -0.11362094 0.3839288 995.46 
20150701184950 11.000159 1.3455414 -4.8374844 0.73914695 -0.30115658 0.4550946 995.46 
20150701184950 8.379107 3.1226375 -4.334702 0.8063421 -0.01985312 0.33933565 995.46 
20150701184950 11.327567 4.0360255 -2.070386 0.59437186 0.24404067 0.09285152 995.46 
20150701184950 12.760496 2.8383262 -1.283292 0.514654 0.47403142 -0.026267206 995.46 
20150701184950 12.613852 0.35254622 -1.210269 0.46914452 0.27366763 -0.058643065 995.46 
20150701184950 11.225813 -2.099715 -1.6304513 0.42058071 -9.162979E-4 -0.12767084 995.46 
20150701184950 11.16117 -1.6011224 -0.9379285 0.4529566 -0.102319926 -0.16890424 995.46 
20150701184950 8.904634 -0.3669114 -1.3892355 0.54641896 -0.0067195175 -0.30085114 995.4 
20150701184950 7.679402 0.6099229 -1.4981717 0.72356987 0.05955936 -0.30085114 995.4 
20150701184950 6.6445084 1.4263457 -1.4568717 0.8436049 0.14630222 -0.38698313 995.4 
20150701184950 5.54557 1.7202339 -1.4814123 0.82833326 0.23365596 -0.38148534 995.4 
20150701184950 4.8680105 1.7232267 -1.7615339 0.754724 0.14477506 -0.37293324 995.4 
20150701184950 5.613206 1.4730326 -1.5729905 0.66614854 0.12308934 -0.36132678 995.4 
20150701184950 6.7360864 0.8972271 -1.340753 0.5882632 0.058643065 -0.28955013 995.4 
20150701184950 7.4603324 0.6159084 -1.0450691 0.5027421 -0.122478485 -0.11789699 995.4 
20150701184950 7.979874 0.9020155 -0.6374562 0.44868052 -0.23243423 0.028099801 995.4 
20150701184950 7.9541364 1.6561891 0.17956513 0.453262 -0.19364429 0.090713486 995.44 
20150701184950 7.8062944 2.5360582 1.0307038 0.4373795 -0.14813483 0.12583824 995.44 
20150701184950 7.8835077 2.3169887 1.3605051 0.33567044 -0.064446285 0.18845193 995.44 
20150701184950 9.340978 1.3000516 1.3760674 0.1563815 -0.0033597588 0.24465153 995.44 
20150701184950 11.7387705 -0.06404489 0.997185 0.026267206 0.005497787 0.25870144 995.44 
20150701184950 13.546393 -0.94810385 0.25797522 0.036957346 -0.12858713 0.25778514 995.44 
20150701184950 13.360244 0.130484 0.9187749 0.12858713 -0.25411993 0.18020524 995.44 
20150701184950 12.271481 1.3575124 2.4223335 0.2275473 -0.33261612 0.07666359 995.44 
20150701184950 11.427525 1.3215994 0.8074445 0.37110063 -0.23090707 -0.0015271631 995.44 
20150701184950 13.68406 0.16460137 -0.2741361 0.49632803 0.019242255 -0.058948494 995.49 
20150701184951 16.06629 2.2697031 -2.432509 0.48166725 0.25350907 -0.13347405 995.49 
20150701184951 11.968016 3.958214 -3.2435448 0.5012149 0.065973446 -0.14538592 995.49 
20150701184951 8.374918 3.0974984 -4.883573 0.3472769 -0.1282817 -0.42485678 995.49 
20150701184951 8.222886 1.4532804 -4.948815 0.13958271 -0.089186326 -0.46120325 995.49 
20150701184951 12.413936 -0.6099229 -3.0603883 -0.01985312 0.32803464 -0.25289822 995.49 
20150701184951 14.934432 -1.5005659 -2.1894975 -0.14996742 0.4196644 -0.090713486 995.49 
20150701184951 13.68825 -0.60693014 -2.3535004 -0.28069258 0.31673363 0.02687807 995.49 
20150701184951 12.180501 0.99778354 -1.7902644 -0.39584067 -0.04550946 -0.018020526 995.49 
20150701184951 10.651803 1.851915 -1.1731589 -0.43890667 -0.02076942 0.06414085 995.52 
20150701184951 8.280945 0.94570965 -1.3108255 -0.51068336 0.18906279 0.30207285 995.52 
20150701184951 5.9130797 -0.13347675 -1.6903064 -0.5491679 0.3231477 0.44165558 995.52 
20150701184951 5.6269727 -0.93852705 -1.6753427 -0.52381694 0.39950588 0.48991394 995.52 
20150701184951 4.8536453 -1.436521 -1.436521 -0.48197266 0.39584067 0.5152648 995.52 
20150701184951 5.5748987 -1.3970166 -1.2455834 -0.49602258 0.23640485 0.46273044 995.52 
20150701184951 6.3709707 -1.0163386 -1.1546037 -0.44043383 -0.015882496 0.38881573 995.52 
20150701184951 7.069479 -0.50637364 -1.1366472 -0.3817908 -0.21013765 0.3100141 995.52 
20150701184951 7.9541364 -0.09816227 -0.91338795 -0.30879238 -0.3118467 0.16829337 995.52 
20150701184951 8.406042 -0.06943185 -0.19632454 -0.2773328 -0.33292156 0.027794369 995.46 
20150701184951 8.302493 -0.42437226 0.60453594 -0.30787608 -0.3173445 -0.124311075 995.46 
20150701184951 8.012196 -0.82779527 0.81761986 -0.32467487 -0.26908615 -0.19303341 995.46 
20150701184951 8.580819 -0.87328506 1.1593921 -0.312763 -0.15790866 -0.19761491 995.46 
20150701184951 9.925761 -0.9103952 0.6428431 -0.27214047 -0.08368854 -0.21380283 995.46 
20150701184951 11.297639 -0.6901286 -0.062249243 -0.22907446 -0.06352998 -0.2996294 995.46 
20150701184951 11.807604 -0.5626374 -0.43514615 -0.13683382 -0.17073683 -0.3005457 995.46 
20150701184951 12.848483 -0.060453594 1.4652514 -0.09896017 -0.30176744 -0.23365596 995.46 
20150701184951 11.888409 -0.38845924 2.2481554 -0.15210545 -0.28313604 -0.17867808 995.46 
20150701184951 11.139622 -0.6823475 1.5717934 -0.14905111 -0.25350907 0.07452556 995.42 
20150701184951 12.146384 -1.3551182 -0.36511576 -0.1142318 -0.10293079 0.13591751 995.42 
20150701184951 14.671668 -3.2375593 0.29747957 -0.09987647 0.11301007 0.09865474 995.42 
20150701184951 13.552379 -3.6290112 -3.9683893 0.009162978 0.04184427 0.21166481 995.42 
20150701184951 11.033679 -2.654571 -4.8548427 0.23701571 -0.29443705 0.43279803 995.42 
20150701184951 9.021352 0.6793547 -4.006098 0.589485 -0.31673363 0.4972443 995.42 
20150701184951 11.660361 2.942474 -3.508104 0.73792523 -0.18570304 0.24953845 995.42 
20150701184951 13.9151 3.615843 -1.9991584 0.8530733 0.27885997 0.124311075 995.42 
20150701184951 13.355455 2.0374656 -1.6358383 0.7733554 0.27977628 -0.05681047 995.42 
20150701184951 12.390593 -0.21547815 -1.471237 0.61361414 0.08979719 -0.086437434 995.44 
20150701184951 9.412206 -1.714847 -1.7136499 0.50488013 0.038789943 -0.13500121 995.44 
20150701184951 9.655217 -1.4443022 -0.59136784 0.45814893 0.09987647 -0.3136793 995.44 
20150701184951 8.281544 -0.61171854 -0.7200562 0.5122105 0.23518312 -0.6020077 995.44 
20150701184951 5.8801594 -0.047285482 -1.0923545 0.70463306 0.22143865 -0.441961 995.44 
20150701184951 4.8704047 0.94451255 -1.039682 0.77854776 0.09621128 -0.47433686 995.44 
20150701184951 3.9402575 1.3742718 -1.198298 0.8344419 0.27947086 -0.4288274 995.44 
20150701184951 4.836886 1.2964603 -1.0480618 0.7965683 0.2312125 -0.42058071 995.44 
20150701184951 6.6750345 0.99060094 -1.0564415 0.73945236 0.04550946 -0.42149702 995.44 
20150701184951 7.8649526 1.0247183 -0.9576807 0.7134906 -0.1966986 -0.22968534 995.47 
20150701184951 8.422203 1.2473791 -0.30406362 0.68508536 -0.45662177 -0.040317107 995.47 
20150701184951 8.593389 1.6454151 0.17836803 0.6545421 -0.44715336 0.12339478 995.47 
20150701184951 8.231864 2.2242134 0.44232875 0.634689 -0.29626966 0.16646078 995.47 
20150701184951 8.593987 2.4468741 0.6853402 0.5497787 -0.14110987 0.16798794 995.47 
20150701184951 9.654618 2.19668 0.6254852 0.33200526 -0.0421497 0.19425514 995.47 
20150701184952 10.754754 0.61650693 0.05686229 0.18906279 0.01863139 0.19975294 995.47 
20150701184952 12.460623 -0.7200562 0.49919105 0.106595986 0.014049901 0.1695151 995.47 
20150701184952 14.38616 0.19393034 2.0093338 0.16646078 -0.035430185 0.14813483 995.47 
20150701184952 13.642161 1.2240356 1.9273324 0.3387248 -0.26297748 0.11178834 995.41 
20150701184952 12.605472 1.4395138 -0.34476504 0.4877759 -0.45448375 -6.1086525E-4 995.41 
20150701184952 14.808138 1.8028339 -2.7018566 0.5519168 -0.20525073 -0.10567969 995.41 
20150701184952 14.630368 3.4793737 -2.6629508 0.48472157 0.04886922 -0.17837265 995.41 
20150701184952 10.358514 2.6497827 -4.072537 0.2941316 -0.023518313 -0.30940324 995.41 
20150701184952 7.9475527 0.3238158 -4.7578773 0.044593163 -0.1826487 -0.453262 995.41 
20150701184952 9.299079 -1.9961656 -4.6339774 -0.038789943 0.079107046 -0.28496864 995.41 
20150701184952 13.691841 -2.6557682 -2.0949266 -0.08582657 0.33567044 -0.1432479 995.41 
20150701184952 14.2460985 -1.6597804 -2.3247697 -0.15149458 0.3912592 -0.027794369 995.41 
20150701184952 13.161526 0.50517654 -2.4474726 -0.058337633 0.07880162 -0.077579886 995.46 
20150701184952 12.243349 2.0177135 -1.745373 -0.048258353 -0.10751228 0.018020526 995.46 
20150701184952 9.694122 1.6310499 -1.4401124 -0.15302174 -0.01038471 0.25381452 995.46 
20150701184952 7.315483 0.3184288 -1.6567876 -0.25870144 0.08307768 0.39278635 995.46 
20150701184952 6.095039 -1.0115502 -1.4784195 -0.35521814 0.27214047 0.4089743 995.46 
20150701184952 4.875193 -1.4586674 -1.1162965 -0.40530908 0.50762904 0.3652974 995.46 
20150701184952 4.5034933 -1.4862007 -1.3664906 -0.3943135 0.43279803 0.31856623 995.46 
20150701184952 5.1116204 -1.1881226 -1.5813702 -0.30298916 0.18967366 0.28893927 995.46 
20150701184952 6.403891 -0.55725044 -1.4317327 -0.22693644 0.002443461 0.24587326 995.46 
20150701184952 7.129334 0.2753332 -1.240795 -0.17104226 -0.2134974 0.17623462 995.4 
20150701184952 7.7967176 0.7212533 -0.8888474 -0.18478674 -0.410196 0.04550946 995.4 
20150701184952 8.018182 0.2693477 -0.41240123 -0.2706133 -0.4560109 -0.063224554 995.4 
20150701184952 8.725668 -0.8295909 0.18375498 -0.39522982 -0.37843102 -0.13225232 995.4 
20150701184952 9.053075 -1.4431051 0.30406362 -0.47036624 -0.27214047 -0.15790866 995.4 
20150701184952 9.292496 -1.8309658 0.08499416 -0.5137377 -0.19486602 -0.2519819 995.4 
20150701184952 11.010335 -2.1176715 0.38606504 -0.4822781 -0.1151481 -0.3659083 995.4 
20150701184952 12.290036 -2.0440497 0.1448492 -0.3381139 -0.08674286 -0.32986724 995.4 
20150701184952 13.160328 -1.536479 1.2970588 -0.15699236 -0.17654006 -0.24465153 995.4 
20150701184952 12.014104 -1.3736732 1.7531542 -0.05100725 -0.15210545 -0.095294975 995.41 
20150701184952 10.692505 -0.9708488 1.6747441 0.039095376 -0.21594086 0.13500121 995.41 
20150701184952 11.1899 -0.8194155 -0.33758244 0.087964594 0.003970624 0.23273966 995.41 
20150701184952 13.608044 -2.6018987 -1.1976994 0.07544186 0.14569137 0.20922135 995.41 
20150701184952 13.401544 -2.8287494 -3.620033 0.111177474 0.055588737 0.20891592 995.41 
20150701184952 10.545261 -1.8249803 -6.889914 0.27947086 -0.3051272 0.33108896 995.41 
20150701184952 8.350377 1.5855601 -5.1385555 0.5681047 -0.41905355 0.40408736 995.41 
20150701184952 12.012907 4.0761285 -3.7553053 0.6133087 -0.26633725 0.2574797 995.41 
20150701184952 14.4531975 4.9524064 -2.630629 0.6206391 0.099571034 0.2144137 995.41 
20150701184952 14.115615 3.0478187 -1.5071499 0.50640726 0.18387043 0.11178834 995.44 
20150701184952 12.914923 -0.031124622 -1.3964181 0.32345316 0.14080444 0.040927973 995.44 
20150701184952 11.468824 -2.0697873 -1.1174936 0.21563543 0.18448131 -0.090713486 995.44 
20150701184952 9.061455 -3.1423898 -1.8686744 0.24709499 0.32436943 -0.20708331 995.44 
20150701184952 9.651626 -1.5269021 -0.62249243 0.4147775 0.37507126 -0.39706242 995.44 
20150701184952 7.631518 -0.30466217 -1.0534488 0.7021896 0.4465425 -0.5140431 995.44 
20150701184952 6.443994 0.6194997 -1.234211 0.89858276 0.17379116 -0.43004912 995.44 
20150701184952 5.4623713 1.1061212 -1.5059528 1.0454959 0.17592919 -0.4709771 995.44 
20150701184952 4.8865657 1.3180081 -1.965041 1.0454959 0.29657507 -0.46578476 995.44 
20150701184952 5.5563436 0.98222125 -1.477821 0.9398162 0.16890424 -0.44898596 995.48 
20150701184953 6.8438253 0.6865373 -0.997185 0.8338311 0.023823744 -0.40744713 995.48 
20150701184953 7.1221514 0.7266402 -0.8158242 0.79809546 -0.19883664 -0.28313604 995.48 
20150701184953 7.3112936 1.4323312 -0.705691 0.8035932 -0.30757064 -0.11148291 995.48 
20150701184953 7.61835 2.2768857 -0.0047884034 0.8060367 -0.2648101 0.035124753 995.48 
20150701184953 7.976283 2.4390929 0.65242 0.71593404 -0.16798794 0.10629055 995.48 
20150701184953 8.74961 2.0548236 0.49799395 0.5635232 -0.12858713 0.15149458 995.48 
20150701184953 10.3226 1.9542671 0.6967127 0.4251622 -0.10048734 0.19975294 995.48 
20150701184953 11.783064 1.0767922 0.90740246 0.24220806 -0.09743301 0.25992316 995.48 
20150701184953 12.52766 -0.11552023 0.8762778 0.12614368 -0.16157386 0.2733622 995.42 
20150701184953 13.007698 -0.2885013 1.8908207 0.12370021 -0.19425514 0.21930063 995.42 
20150701184953 12.42052 0.16759412 2.4133554 0.24770586 -0.15027285 0.11026118 995.42 
20150701184953 11.364676 0.49200845 0.5386954 0.35033122 -0.15760323 -0.027794369 995.42 
20150701184953 12.74254 1.3096284 -1.2838906 0.4810564 -0.058337633 -0.15088372 995.42 
20150701184953 15.179837 4.408922 -2.6527755 0.5036584 0.058337633 -0.19547687 995.42 
20150701184953 13.029844 4.569334 -4.435259 0.5390886 -0.16554448 -0.19364429 995.42 
20150701184953 10.168175 1.3239936 -5.381567 0.30268374 -0.29229903 -0.3921755 995.42 
20150701184953 9.448717 -1.6723499 -5.7215433 0.073303826 -0.21227567 -0.37568212 995.42 
20150701184953 12.858659 -2.7084408 -2.813187 -0.03970624 0.18509217 -0.11881329 995.44 
20150701184953 13.821727 -2.136825 -2.054225 -0.09101892 0.6221663 0.006414085 995.44 
20150701184953 12.670714 0.4165911 -2.5941176 -0.01160644 0.47555858 -0.12980886 995.44 
20150701184953 12.355278 2.633622 -2.1045034 -0.01282817 0.08979719 -0.16249016 995.44 
20150701184953 10.865486 2.96881 -1.2791022 -0.07696902 0.032986723 -0.027488936 995.44 
20150701184953 8.150461 1.6879122 -1.8195933 -0.27488935 0.028099801 0.2779437 995.44 
20150701184953 5.4940944 0.2801216 -2.0009542 -0.4392121 0.13927728 0.46670106 995.44 
20150701184953 4.8961425 -0.6099229 -2.047641 -0.55680364 0.3753767 0.4914411 995.44 
20150701184953 3.5362358 -1.1911154 -1.7118542 -0.66920286 0.42424592 0.54061574 995.44 
20150701184953 4.4418426 -1.6567876 -1.4239515 -0.72418076 0.25320363 0.47708577 995.43 
20150701184953 6.4481835 -1.9488802 -1.163582 -0.68019843 -0.022602014 0.41691554 995.43 
20150701184953 7.793725 -1.678934 -0.7565677 -0.55680364 -0.32070425 0.3304781 995.43 
20150701184953 8.626907 -0.99060094 -0.2669535 -0.4184427 -0.5644395 0.15424347 995.43 
20150701184953 9.126697 -0.41599256 0.4854244 -0.33383787 -0.54061574 -0.023518313 995.43 
20150701184953 8.797494 -0.3752911 0.94810385 -0.3036 -0.39553526 -0.122783914 995.43 
20150701184953 8.300098 -0.6242881 1.0384849 -0.28893927 -0.2742785 -0.17012598 995.43 
20150701184953 8.085219 -1.0151415 0.5859809 -0.2932153 -0.08857546 -0.19242255 995.43 
20150701184953 9.136872 -1.3575124 -0.18195933 -0.24373524 0.103847094 -0.20799962 995.43 
20150701184953 11.043854 -1.6352397 -1.1899183 -0.13927728 0.11789699 -0.20189096 995.39 
20150701184953 14.067132 -1.0845734 0.01436521 -0.06414085 -0.16982053 -0.20433442 995.39 
20150701184953 13.675081 -1.5861586 1.7034745 -0.081855945 -0.37934732 -0.22876903 995.39 
20150701184953 11.938686 -1.4640543 0.89902276 -0.058643065 -0.58123827 -0.022602014 995.39 
20150701184953 11.496358 -1.1492168 -1.3251907 0.062308256 -0.33750305 0.1459968 995.39 
20150701184953 13.251906 -1.839944 -0.39683893 0.13103059 0.14508049 0.18051068 995.39 
20150701184953 12.980165 -2.8939912 -3.755904 0.20250183 0.26847526 0.27305678 995.39 
20150701184953 11.211448 -1.234211 -5.026028 0.5867361 -0.016187929 0.5726862 995.39 
20150701184953 9.060856 2.071583 -5.4647655 0.806953 -0.16249016 0.5390886 995.39 
20150701184953 12.08174 3.6511576 -3.4650085 0.6960809 -0.07788532 0.25442538 995.42 
20150701184953 14.531608 3.7582982 -2.0458453 0.6966918 0.28893927 0.04734206 995.42 
20150701184953 14.218565 1.388637 -1.5179238 0.62796944 0.15882497 -0.086132 995.42 
20150701184953 13.091495 -0.7745243 -1.276708 0.42913285 0.08368854 -0.16737708 995.42 
20150701184953 9.871294 -2.2894554 -1.5227122 0.3726278 0.0842994 -0.28710666 995.42 
20150701184953 10.404003 -1.2755109 -0.6961141 0.48258355 0.116980694 -0.47952923 995.42 
20150701184954 8.149264 -0.2100912 -1.436521 0.6765333 0.36865717 -0.56596667 995.42 
20150701184954 6.613384 0.45609543 -1.3138182 0.7840455 0.26145032 -0.47616947 995.42 
20150701184954 5.1900306 0.94810385 -1.6555905 0.8249735 0.3005457 -0.5479461 995.42 
20150701184954 4.158728 1.2060791 -1.9907787 0.8381071 0.39187005 -0.49846604 995.42 
20150701184954 4.3047748 1.3826514 -1.7848774 0.7819075 0.29626966 -0.46578476 995.42 
20150701184954 5.604826 1.3066356 -1.6011224 0.68477994 0.102319926 -0.39858958 995.42 
20150701184954 6.9383965 1.0187328 -1.496376 0.6432411 -0.124311075 -0.27855456 995.42 
20150701184954 8.146272 1.2156559 -0.9044097 0.61544675 -0.28313604 -0.08246681 995.42 
20150701184954 8.599374 2.0021513 -0.17178397 0.6432411 -0.3827071 0.115453534 995.42 
20150701184954 8.350377 2.8257565 0.26156655 0.61483586 -0.33628133 0.18173242 995.42 
20150701184954 8.331821 2.7162218 0.5793968 0.46089783 -0.1704314 0.17379116 995.42 
20150701184954 9.348161 2.2840683 0.53211135 0.28313604 0.0015271631 0.18875736 995.42 
20150701184954 10.877457 0.7882909 0.6266823 0.09285152 0.056199603 0.26175576 995.42 
20150701184954 12.534245 -1.0516531 1.0289081 0.047647487 0.031154128 0.23671028 995.42 
20150701184954 14.310143 -0.20111294 1.6041151 0.1872302 -0.11209377 0.17867808 995.42 
20150701184954 13.380595 1.6077064 2.421735 0.37720928 -0.27152961 0.13347405 995.42 
20150701184954 11.613674 1.87047 1.5280992 0.40225476 -0.32589662 0.015882496 995.42 
20150701184954 11.84232 1.2054806 -1.2246342 0.38637227 -0.1731803 -0.1282817 995.42 
20150701184954 13.797186 3.2992098 -4.140772 0.3885103 0.18112154 -0.22815818 995.42 
20150701184954 12.01171 4.2610803 -3.7852328 0.3707952 0.086132 -0.21288654 995.42 
20150701184954 8.924985 2.0859482 -4.848857 0.11178834 -0.17440203 -0.4538729 995.42 
20150701184954 9.324219 -0.4973954 -5.4342394 -0.067500606 -0.2959642 -0.43860126 995.47 
20150701184954 13.295601 -2.4558525 -3.3848026 -0.25411993 0.02321288 -0.14996742 995.47 
20150701184954 15.395315 -2.6312277 -1.9991584 -0.3594942 0.32406402 0.06994407 995.47 
20150701184954 14.044986 -0.6266823 -2.3612814 -0.35613444 0.20158553 0.0061086523 995.47 
20150701184954 13.256096 1.5161282 -2.134431 -0.33383787 -0.09010262 -0.07086037 995.47 
20150701184954 11.54903 2.3301568 -1.5646108 -0.3109304 -0.11484267 0.10293079 995.47 
20150701184954 8.689157 1.3227965 -1.1162965 -0.39858958 -0.007941248 0.4098906 995.47 
20150701184954 5.1930237 -0.094570965 -1.1611878 -0.48502702 0.24190263 0.50885075 995.47 
20150701184954 4.981137 -0.97623575 -1.4293385 -0.5018258 0.473726 0.46395215 995.47 
20150701184954 4.11264 -1.5472529 -1.5155296 -0.47342056 0.58001655 0.44532076 995.44 
20150701184954 4.1078515 -1.4257472 -1.6274586 -0.42485678 0.27366763 0.3930918 995.44 
20150701184954 5.8005524 -0.8499416 -1.3718776 -0.3155119 -0.014966198 0.3417791 995.44 
20150701184954 6.867768 -0.21787235 -1.2348095 -0.25717425 -0.16157386 0.27672195 995.44 
20150701184954 7.4585366 0.044891283 -0.7236475 -0.19914207 -0.35216382 0.11759156 995.44 
20150701184954 8.416816 0.18914193 0.02633622 -0.17837265 -0.41722095 -0.032375857 995.44 
20150701184954 8.901642 -0.46746787 0.54168814 -0.22021692 -0.35460728 -0.080634214 995.44 
20150701184954 8.689755 -1.2599486 0.9271546 -0.30665436 -0.30024028 -0.13164146 995.44 
20150701184954 8.222886 -2.40318 -0.05207389 -0.29810223 -0.18692477 -0.19394971 995.44 
20150701184954 9.5385 -2.4121583 -0.30705637 -0.21685717 -0.013439035 -0.2302962 995.4 
20150701184954 11.112687 -1.7118542 0.092775315 -0.09682214 0.11942416 -0.19883664 995.4 
20150701184954 13.495517 -0.729633 0.7703344 0.0143553335 -0.03726278 -0.22052236 995.4 
20150701184954 12.972981 -0.20530279 0.95349085 0.11301007 -0.19608775 -0.19120082 995.4 
20150701184954 11.806407 0.08200141 0.107739076 0.11362094 -0.36957347 0.12339478 995.4 
20150701184954 12.564172 -0.66738373 -1.8590976 -0.01038471 -0.19272798 0.22999077 995.4 
20150701184954 15.407885 -2.0201077 -1.2982559 -0.08307768 0.07849618 0.15454891 995.4 
20150701184954 14.893131 -2.9137435 -3.5930982 -0.03359759 0.016798794 0.2406809 995.4 
20150701184954 12.074557 -0.39624038 -4.863222 0.34238997 -0.28130344 0.42119157 995.4 
20150701184954 8.629301 2.5558102 -4.5992613 0.56016344 -0.20341812 0.46914452 995.42 
20150701184954 10.584765 3.5326445 -2.9299042 0.4428773 0.14874569 0.19058995 995.42 
20150701184954 12.61445 2.6982653 -1.8315643 0.41325033 0.61422503 -0.07941248 995.42 
20150701184955 12.714408 0.66618663 -1.0456676 0.3472769 0.3848451 -0.17654006 995.42 
20150701184955 11.183316 -2.420538 -1.6460136 0.17348573 0.10995574 -0.2415972 995.42 
20150701184955 12.683284 -2.0883424 -0.7673417 0.25503623 -0.13133603 -0.37904188 995.42 
20150701184955 9.7240505 -1.0690111 -1.5975311 0.6105598 0.012217305 -0.43768495 995.42 
20150701184955 7.86615 0.17298107 -1.5047557 0.82741696 -0.086132 -0.4156938 995.42 
20150701184955 6.5032506 1.1408371 -1.3018472 0.8857546 0.31642818 -0.5384777 995.42 
20150701184955 4.832696 1.5233108 -1.520318 0.92485 0.43218717 -0.52503866 995.42 
20150701184955 4.19524 1.650802 -1.7417817 0.8854492 0.32650748 -0.49480084 995.42 
20150701184955 5.109825 1.9662381 -1.7172412 0.83291477 0.27030787 -0.43127087 995.42 
20150701184955 6.843227 2.1200657 -1.4927847 0.7312057 0.07147124 -0.30848694 995.42 
20150701184955 8.011598 1.8513165 -1.1079168 0.63438356 -0.19456059 -0.1872302 995.42 
20150701184955 8.508993 1.5777789 -0.59376204 0.5137377 -0.3295618 -0.01038471 995.42 
20150701184955 8.2037325 1.7076644 0.23283611 0.4373795 -0.312763 0.13622294 995.42 
20150701184955 7.654263 2.171541 0.6991069 0.36285394 -0.13194689 0.20463985 995.42 
20150701184955 7.565677 2.043451 0.777517 0.27397305 0.0729984 0.24312437 995.42 
20150701184955 8.689755 1.7717092 0.62847793 0.17837265 0.20066923 0.26939157 995.51 
20150701184955 10.358514 0.5919664 0.81043726 0.054367006 0.2275473 0.2724459 995.51 
20150701184955 12.049418 -1.086369 0.92416185 0.013133603 0.12186762 0.2098322 995.51 
20150701184955 13.803171 -0.14724341 1.3180081 0.11728613 -0.07941248 0.14355333 995.51 
20150701184955 13.222577 1.2198458 2.7204118 0.29535335 -0.21288654 0.124005646 995.51 
20150701184955 11.6747265 1.3533225 2.469619 0.3436117 -0.27885997 0.017715093 995.51 
20150701184955 11.783064 0.63087213 -0.59735334 0.44348818 -0.19150625 -0.10903945 995.51 
20150701184955 14.860211 1.8620903 -3.0119057 0.5311473 0.047647487 -0.17531833 995.51 
20150701184955 13.435062 3.8067808 -3.8576574 0.591623 0.032375857 -0.16462818 995.51 
20150701184955 9.880272 2.8293478 -4.5364137 0.4709771 -0.25045475 -0.37873647 995.51 
20150701184955 8.46889 1.2611457 -4.520851 0.2733622 -0.29229903 -0.34697145 995.51 
20150701184955 10.372879 -0.15741876 -3.726575 0.06688975 0.090713486 -0.106901415 995.51 
20150701184955 12.68867 -0.7978677 -1.8339585 -0.17684549 0.54092115 -0.016798794 995.51 
20150701184955 12.774263 -0.5446809 -2.3008277 -0.21227567 0.4560109 -0.04795292 995.51 
20150701184955 12.905346 0.93732995 -1.9375077 -0.17073683 0.07544186 -0.040011674 995.51 
20150701184955 12.391191 1.9075803 -1.4251486 -0.25534168 -0.055588737 0.058337633 995.51 
20150701184955 10.46326 1.6136919 -1.5628152 -0.42424592 -0.10354166 0.27458394 995.51 
20150701184955 8.078036 0.5967548 -1.5532384 -0.5198463 -0.046120327 0.4279111 995.51 
20150701184955 6.4685345 -0.19812019 -1.6340426 -0.56779927 0.15943582 0.43463063 995.46 
20150701184955 5.7335143 -0.7457938 -1.328782 -0.5897904 0.3191771 0.45448375 995.46 
20150701184955 5.318719 -1.0851719 -1.2395979 -0.6209445 0.2837469 0.4633413 995.46 
20150701184955 6.1489086 -1.2330139 -0.92416185 -0.63499445 0.10720685 0.40653083 995.46 
20150701184955 6.8067155 -1.1725603 -0.81343 -0.58368176 -0.13988814 0.36713 995.46 
20150701184955 7.180211 -0.85413146 -0.6793547 -0.49938235 -0.36010507 0.2660318 995.46 
20150701184955 7.2580223 -0.41000703 -0.5363012 -0.38453966 -0.39584067 0.12461651 995.46 
20150701184955 7.626131 -0.50038815 -0.05746084 -0.33933565 -0.3811799 0.04153884 995.46 
20150701184955 7.791331 -0.7236475 0.47285482 -0.33078352 -0.32711834 -0.056199603 995.46 
20150701184955 8.113351 -0.931943 0.26635495 -0.34697145 -0.27672195 -0.16340645 995.51 
20150701184955 9.5971575 -1.192911 -0.09816227 -0.30726522 -0.24037547 -0.25717425 995.51 
20150701184955 11.616667 -0.5895722 -0.034715924 -0.21197024 -0.17989981 -0.2666427 995.51 
20150701184955 12.35887 -0.32561144 0.45729253 -0.11575896 -0.20433442 -0.24770586 995.51 
20150701184955 13.374011 -0.2873042 1.4933833 -0.06872234 -0.2782491 -0.28160888 995.51 
20150701184955 12.248735 -0.4985925 1.5957354 -0.059864793 -0.2406809 -0.12003502 995.51 
20150701184955 11.416751 -0.3645172 0.15502456 -0.04428773 -0.14630222 0.11056661 995.51 
20150701184955 12.829928 -1.2755109 -1.3204023 -0.050396383 0.12339478 0.1777618 995.51 
20150701184956 15.011644 -2.8095956 -1.4454993 -0.01038471 0.1777618 0.16646078 995.51 
20150701184956 13.591883 -3.0202854 -4.644751 0.1777618 -0.020463986 0.35613444 995.46 
20150701184956 9.003994 -0.62249243 -4.8668137 0.5693264 -0.3390302 0.44776422 995.46 
20150701184956 9.030331 1.6280571 -3.8642416 0.61086524 -0.15943582 0.35796702 995.46 
20150701184956 11.2689085 2.8622682 -2.6880898 0.5696318 0.30115658 0.15210545 995.46 
20150701184956 13.588292 2.1547816 -1.3982137 0.5852089 0.43249258 -0.052534413 995.46 
20150701184956 13.800777 0.110731825 -1.448492 0.50518554 0.28496864 -0.15271631 995.46 
20150701184956 12.213422 -1.039682 -1.2880806 0.41447207 -0.028405234 -0.20433442 995.46 
20150701184956 10.404003 -1.5496471 -1.1390414 0.43860126 -0.13988814 -0.36926803 995.46 
20150701184956 9.183559 -0.40940848 -0.86131406 0.5342017 -9.162979E-4 -0.6017023 995.46 
20150701184956 6.857592 0.27712885 -1.347337 0.6291912 0.21288654 -0.53023106 995.47 
20150701184956 5.4007206 0.694917 -0.91937345 0.6960809 0.1881465 -0.49266282 995.47 
20150701184956 4.357447 0.7751228 -1.0755951 0.7012733 0.38912117 -0.43035457 995.47 
20150701184956 4.1653123 0.87208796 -1.3784616 0.68630713 0.2846632 -0.3885103 995.47 
20150701184956 5.486912 1.1492168 -1.0462662 0.6603453 0.15210545 -0.33261612 995.47 
20150701184956 7.100005 1.3323733 -0.87208796 0.6206391 -0.07147124 -0.26908615 995.47 
20150701184956 8.446744 1.389834 -0.4794389 0.5564982 -0.25320363 -0.09468412 995.47 
20150701184956 9.04709 1.4413095 0.18375498 0.5225952 -0.3576616 0.09560041 995.47 
20150701184956 8.236053 1.8650831 0.7290344 0.52106804 -0.28099802 0.20891592 995.47 
20150701184956 7.633912 2.179322 1.0989386 0.4560109 -0.08155051 0.19608775 995.51 
20150701184956 8.566454 2.1888988 0.95708215 0.35063666 0.15821409 0.16065755 995.51 
20150701184956 10.280702 1.3467385 0.07062895 0.23548855 0.2321288 0.12370021 995.51 
20150701184956 12.404958 0.4333505 0.50517654 0.15760323 0.1255328 0.106901415 995.51 
20150701184956 14.511256 0.85293436 1.3640964 0.19730948 -0.06719518 0.061391957 995.51 
20150701184956 13.618818 2.1775265 1.804031 0.35705075 -0.2706133 0.015577064 995.51 
20150701184956 12.395979 2.307412 -0.90979666 0.42577308 -0.3115413 -0.07238753 995.51 
20150701184956 14.219763 1.9375077 -1.5304934 0.41630468 -0.13500121 -0.15332718 995.51 
20150701184956 14.988301 3.5691562 -3.757101 0.3051272 0.15332718 -0.25442538 995.51 
20150701184956 11.987768 2.992752 -3.4494462 0.16768251 -0.10629055 -0.38912117 995.44 
20150701184956 8.994417 -0.8158242 -4.8739963 -0.056199603 -0.1020145 -0.49632803 995.44 
20150701184956 8.33242 -2.8281507 -5.4007206 -0.07971791 0.13713925 -0.376293 995.44 
20150701184956 12.4702 -2.5833437 -2.2176294 -0.116980694 0.4999932 -0.19364429 995.44 
20150701184956 14.089278 -1.9596541 -2.2463598 -0.05955936 0.6209445 -0.06780604 995.44 
20150701184956 13.683461 0.053869538 -2.297835 0.057726767 0.16676621 -0.016798794 995.44 
20150701184956 13.410522 2.333748 -1.3676877 -0.027794369 -0.13316862 0.052839845 995.44 
20150701184956 10.67395 2.6928782 -1.1941081 -0.1282817 -0.13836098 0.21502456 995.44 
20150701184956 7.7213006 1.6412252 -0.9259575 -0.32803464 -0.012217305 0.4334089 995.44 
20150701184956 5.3606176 0.20949265 -1.4359225 -0.49205196 0.32162055 0.52564955 995.45 
20150701184956 4.8279076 -0.85413146 -0.78290397 -0.589485 0.48533243 0.5186246 995.45 
20150701184956 4.2000284 -1.508347 -0.7673417 -0.6603453 0.50518554 0.4474588 995.45 
20150701184956 5.077503 -1.9255368 -0.55365914 -0.6536258 0.111177474 0.3594942 995.45 
20150701184956 6.3829417 -1.9285295 -0.61411273 -0.5534439 -0.06719518 0.2657264 995.45 
20150701184956 7.2071457 -1.6406267 -0.7326257 -0.37293324 -0.32589662 0.16340645 995.45 
20150701184956 7.900267 -0.635062 -0.5710171 -0.19303341 -0.4905248 0.03848451 995.45 
20150701184956 8.38629 0.20649989 -0.3196259 -0.12675454 -0.46731192 -0.089491755 995.45 
20150701184956 8.236652 0.046686932 0.25917232 -0.16432275 -0.37659842 -0.1459968 995.45 
20150701184956 7.8583684 -0.34237084 0.641646 -0.22479841 -0.29718593 -0.23854288 995.48 
20150701184956 8.318055 -1.423353 0.52612585 -0.22449298 -0.18661933 -0.2968805 995.48 
20150701184956 10.434529 -1.8740613 0.15801731 -0.16157386 -0.06414085 -0.26206118 995.48 
20150701184957 11.696873 -0.6194997 -0.18674773 -0.02565634 -0.02443461 -0.2098322 995.48 
20150701184957 12.645575 -0.26036942 0.59974754 0.02565634 -0.15577064 -0.23579398 995.48 
20150701184957 12.800599 -1.1575965 1.7896658 -0.042760566 -0.25289822 -0.20219639 995.48 
20150701184957 12.0571995 -1.4173675 1.763928 -0.046731193 -0.31673363 0.062308256 995.48 
20150701184957 11.932103 -0.7020996 -0.83617496 -0.008857546 -0.2144137 0.19761491 995.48 
20150701184957 14.942213 -1.8890251 -0.55246204 -0.026267206 0.013439035 0.1591304 995.48 
20150701184957 14.565126 -2.0416555 -3.0322564 0.011301007 -0.035124753 0.23762658 995.46 
20150701184957 12.044032 -1.3198037 -4.757279 0.26053402 -0.37110063 0.49113566 995.46 
20150701184957 8.756194 1.0127473 -4.3143516 0.4896085 -0.2687807 0.5271767 995.46 
20150701184957 11.409568 2.1057005 -3.1040826 0.4428773 0.04337143 0.3304781 995.46 
20150701184957 13.887567 2.545635 -1.4149733 0.4831944 0.5186246 0.15577064 995.46 
20150701184957 13.630789 1.163582 -1.1528081 0.4596761 0.37507126 -0.014660766 995.46 
20150701184957 12.823344 -0.635062 -1.2593501 0.39950588 0.20769419 -0.14721853 995.46 
20150701184957 10.253767 -1.7818847 -1.2228385 0.4260785 0.1282817 -0.22815818 995.46 
20150701184957 9.706094 -1.8321629 -0.9331401 0.5030475 0.110872045 -0.43493605 995.46 
20150701184957 8.502409 -0.7727286 -0.8900445 0.65668017 0.30207285 -0.59528816 995.46 
20150701184957 6.2183404 -0.14664486 -1.2258313 0.7874053 0.21991149 -0.4447099 995.46 
20150701184957 4.7896004 0.6266823 -1.5161282 0.93431836 0.13225232 -0.47525316 995.46 
20150701184957 3.721188 1.2958617 -2.0338743 1.0604621 0.2938262 -0.42180246 995.46 
20150701184957 4.274847 1.6783354 -1.9153614 1.0528263 0.1826487 -0.37873647 995.46 
20150701184957 5.7843914 1.6915035 -1.7238252 0.9786061 -0.015577064 -0.31612277 995.46 
20150701184957 7.491457 1.6178818 -1.2264298 0.91904676 -0.29932398 -0.18478674 995.46 
20150701184957 8.47727 1.460463 -0.2896984 0.8524625 -0.42577308 0.029321533 995.46 
20150701184957 8.512584 2.0093338 0.80684596 0.79290307 -0.4288274 0.18570304 995.46 
20150701184957 7.7667904 2.5905263 0.98222125 0.6783658 -0.26847526 0.23823744 995.45 
20150701184957 8.637681 2.5360582 0.9696517 0.49357912 -0.036957346 0.21685717 995.45 
20150701184957 10.47164 1.4664485 1.1300632 0.31978795 0.15699236 0.22785273 995.45 
20150701184957 12.101493 -0.56084174 0.75836337 0.14019357 0.18784106 0.28221974 995.45 
20150701184957 13.983933 -0.98461545 1.2413936 0.105068825 0.016798794 0.22999077 995.45 
20150701184957 13.422493 0.38845924 2.5312698 0.19425514 -0.16035213 0.18417588 995.45 
20150701184957 10.972028 1.1091139 1.7806876 0.31245756 -0.30604348 0.077579886 995.45 
20150701184957 11.45027 0.030526072 -1.8908207 0.41233405 -0.30115658 -0.061086524 995.45 
20150701184957 15.394717 2.3427265 -4.9440265 0.5363397 -0.05100725 -0.16126843 995.45 
20150701184957 14.563929 4.6040497 -4.6142254 0.56413406 0.12644911 -0.040011674 995.5 
20150701184957 11.255741 2.059612 -4.7243586 0.46395215 -0.18325958 -0.18325958 995.5 
20150701184957 9.847352 -0.7368156 -5.3678 0.112399206 -0.5149594 -0.4166101 995.5 
20150701184957 12.446258 -2.3852234 -2.8532898 -0.061391957 -0.056199603 -0.39584067 995.5 
20150701184957 13.339294 -2.244564 -2.1583729 -0.20280726 0.48380527 -0.2003638 995.5 
20150701184957 12.484565 -0.5770026 -2.2397757 -0.12705997 0.8173377 -0.09010262 995.5 
20150701184957 12.727576 1.423353 -2.1583729 -0.06963864 0.46273044 -0.049785517 995.5 
20150701184957 11.288661 2.6288335 -1.8950106 -0.049785517 0.09437868 0.096516706 995.5 
20150701184957 9.21229 2.0871453 -1.4305356 -0.14935656 -0.07513642 0.31490102 995.5 
20150701184957 6.294955 0.9636662 -1.4281414 -0.43157628 -0.05955936 0.43310347 995.49 
20150701184957 5.54557 -0.427365 -1.4718355 -0.6203337 0.17531833 0.47494772 995.49 
20150701184957 3.9719806 -1.4706384 -1.328782 -0.70616025 0.33567044 0.4822781 995.49 
20150701184957 3.9199066 -1.9440918 -1.5460558 -0.75900006 0.40011674 0.42546764 995.49 
20150701184957 5.671265 -2.0458453 -1.1911154 -0.72265357 0.10598512 0.38056904 995.49 
20150701184957 6.872556 -1.4502877 -1.073201 -0.5992588 0.0067195175 0.32406402 995.49 
20150701184957 7.973889 -0.6871359 -0.5602432 -0.47861293 -0.28893927 0.21227567 995.49 
20150701184957 8.71669 -0.15741876 -0.35075054 -0.40775254 -0.44165558 0.07971791 995.49 
20150701184958 9.025542 -0.39683893 0.15143326 -0.4016439 -0.4297437 -0.05681047 995.49 
20150701184958 8.418612 -0.89902276 1.0749966 -0.43279803 -0.31856623 -0.1432479 995.44 
20150701184958 8.04392 -1.5562311 1.2174516 -0.45356745 -0.18387043 -0.2275473 995.44 
20150701184958 8.820239 -2.7623103 0.7092823 -0.40591997 -0.03848451 -0.29260445 995.44 
20150701184958 11.2132435 -2.5617957 -0.30765492 -0.26847526 0.16157386 -0.3378085 995.44 
20150701184958 12.431892 -0.7236475 -0.18734628 -0.064446285 0.15363261 -0.34208453 995.44 
20150701184958 12.814964 0.44891283 1.3335704 0.080634214 -0.064751714 -0.26267207 995.44 
20150701184958 11.642405 0.42317516 1.8022354 0.092240654 -0.31673363 -0.09865474 995.44 
20150701184958 10.398617 0.53450555 1.8327614 0.093462385 -0.36041048 0.071776666 995.44 
20150701184958 11.41735 -0.47465047 -0.32920274 0.03390302 -0.17867808 0.1572978 995.44 
20150701184958 14.833876 -2.0153193 -1.3988123 -0.1328632 0.018020526 0.15515977 995.46 
20150701184958 14.62558 -3.323152 -3.8857894 -0.2098322 0.016798794 0.17470746 995.46 
20150701184958 10.766725 -2.5833437 -5.2780175 -0.16920967 -0.19608775 0.34605515 995.46 
20150701184958 8.785523 -0.31483752 -3.5140896 0.34269542 -0.47678033 0.4364632 995.46 
20150701184958 11.165958 1.702876 -3.2082303 0.6206391 -0.21227567 0.4364632 995.46 
20150701184958 14.289793 2.9113493 -2.348712 0.77213365 0.21746802 0.35735616 995.46 
20150701184958 14.641142 2.2840683 -1.2922704 0.86376345 0.4071417 0.2012801 995.46 
20150701184958 13.017873 0.5638345 -1.4694413 0.66614854 0.30848694 -0.021991149 995.46 
20150701184958 9.898229 -2.1039047 -2.0033484 0.4792238 0.10140363 -0.23640485 995.46 
20150701184958 11.068993 -1.4933833 -0.65242 0.42088616 0.11178834 -0.4266894 995.44 
20150701184958 8.123527 -1.0654198 -1.1139023 0.5021312 0.2452624 -0.6936375 995.44 
20150701184958 6.3943143 -0.49440265 -1.0313023 0.6814202 0.24129178 -0.4822781 995.44 
20150701184958 5.1966147 0.20590134 -1.0289081 0.79168135 0.1301143 -0.5323691 995.44 
20150701184958 4.2538977 0.770933 -1.3664906 0.91599244 0.40011674 -0.48349985 995.44 
20150701184958 3.6864722 1.1492168 -1.7585411 0.9306532 0.28069258 -0.44715336 995.44 
20150701184958 5.4641666 1.3383588 -1.3144168 0.8897252 0.15668693 -0.42485678 995.44 
20150701184958 7.4286094 1.3479356 -1.0043676 0.85062987 -0.053450707 -0.355829 995.44 
20150701184958 8.665813 1.2252327 -0.43873745 0.81245077 -0.2434298 -0.13927728 995.44 
20150701184958 9.17099 1.7417817 0.06464344 0.77182823 -0.47616947 0.045814894 995.39 
20150701184958 8.901642 2.4289176 0.5530606 0.7247916 -0.42058071 0.16432275 995.39 
20150701184958 8.483255 2.6156654 0.8283938 0.60048056 -0.19028452 0.1777618 995.39 
20150701184958 8.889671 2.285864 0.78529817 0.45937067 0.033292156 0.16065755 995.39 
20150701184958 10.137649 0.6051345 1.198298 0.2565634 0.17134771 0.15851954 995.39 
20150701184958 11.955446 -0.92655605 1.4059949 0.14263703 0.25442538 0.14263703 995.39 
20150701184958 13.746309 -0.09935937 1.8405426 0.119729586 0.22143865 0.11575896 995.39 
20150701184958 12.876616 1.5215151 2.3157916 0.25992316 0.067500606 0.012217305 995.39 
20150701184958 11.692682 1.6226702 0.1316811 0.39614612 -0.14996742 -0.12980886 995.39 
20150701184958 14.256872 1.3964181 -1.5993267 0.49571714 -0.22204952 -0.27183503 995.44 
20150701184958 15.05893 4.83928 -3.5511997 0.47739118 0.021685716 -0.29260445 995.44 
20150701184958 10.918159 5.2522798 -3.293823 0.36896262 0.005497787 -0.3118467 995.44 
20150701184958 8.952518 1.3623008 -5.0278234 0.02687807 -0.21166481 -0.52503866 995.44 
20150701184958 9.986216 -1.9488802 -5.623381 -0.10842858 -0.06841691 -0.528093 995.44 
20150701184958 14.383765 -3.0783448 -1.4951789 -0.23273966 0.25320363 -0.22113322 995.44 
20150701184958 14.553155 -2.6982653 -1.6603789 -0.36377025 0.43890667 -0.042455133 995.44 
20150701184958 12.646772 -0.48003745 -2.3493104 -0.13255776 0.2938262 -0.05681047 995.44 
20150701184958 12.225392 1.8100165 -1.9931729 0.08124508 0.052839845 0.051923547 995.44 
20150701184958 10.307637 2.9281087 -1.3634979 0.077579886 0.07727446 0.20952678 995.48 
20150701184958 7.675212 1.9542671 -1.4790181 -0.10720685 0.12034045 0.5225952 995.48 
20150701184958 6.6295447 0.3274071 -1.3281834 -0.35430184 0.14019357 0.605062 995.48 
20150701184958 4.800973 -0.8511387 -1.0313023 -0.4868596 0.3109304 0.58276546 995.48 
20150701184958 4.043208 -1.5825673 -1.2635399 -0.57635134 0.32620203 0.47891834 995.48 
20150701184959 5.373187 -1.8543092 -0.9588778 -0.5674938 0.23396139 0.41355577 995.48 
20150701184959 6.5906386 -1.4646529 -0.7589619 -0.47342056 0.14019357 0.43401974 995.48 
20150701184959 7.504027 -1.1150994 -0.6356605 -0.3491095 -0.16065755 0.38056904 995.48 
20150701184959 8.22109 -0.6290765 -0.11372458 -0.24740042 -0.41325033 0.20555615 995.48 
20150701184959 8.8088665 -0.557849 0.5482722 -0.21777347 -0.40591997 0.04428773 995.44 
20150701184959 8.926781 -1.091756 1.340753 -0.22693644 -0.3381139 -0.061391957 995.44 
20150701184959 8.279748 -1.3706805 1.6837224 -0.23579398 -0.21868975 -0.15271631 995.44 
20150701184959 7.5734587 -1.6915035 1.401805 -0.22052236 -0.06352998 -0.23243423 995.44 
20150701184959 8.137293 -1.6627731 0.29209262 -0.15790866 0.1020145 -0.31123585 995.44 
20150701184959 10.510546 -0.59855044 -0.943914 -0.059864793 0.16126843 -0.36987892 995.44 
20150701184959 12.823344 0.8499416 -0.3890578 0.04550946 -0.04886922 -0.31948254 995.44 
20150701184959 13.491925 0.61650693 1.1677719 0.0421497 -0.3399465 -0.21013765 995.44 
20150701184959 12.190677 -1.2551602 1.9907787 -0.103847094 -0.58368176 -0.06078109 995.44 
20150701184959 11.073781 -1.4652514 1.2976574 -0.16401732 -0.5109888 0.15241088 995.42 
20150701184959 12.244546 -2.303222 -0.053869538 -0.23273966 -0.04886922 0.17348573 995.42 
20150701184959 14.472949 -3.1501708 -1.0115502 -0.24740042 0.26450464 0.1142318 995.42 
20150701184959 13.098079 -3.306991 -4.9757495 -0.17287487 0.2828306 0.16493362 995.42 
20150701184959 9.767146 -0.49320555 -4.915296 0.2764165 -0.10781772 0.39522982 995.42 
20150701184959 10.209475 2.6198552 -3.2968156 0.66156703 -0.3472769 0.37995818 995.42 
20150701184959 12.648567 4.754286 -2.2493525 0.6407976 -0.23304509 0.24801129 995.42 
20150701184959 14.638149 3.696049 -0.4973954 0.6001751 0.13561209 0.15332718 995.42 
20150701184959 13.253103 0.98461545 -0.8026561 0.40103304 0.17287487 -0.057726767 995.42 
20150701184959 9.309854 -2.0219033 -1.1216835 0.15607607 0.13561209 -0.18600847 995.44 
20150701184959 11.437101 -2.2134395 -0.15502456 0.08735373 0.17592919 -0.27916542 995.44 
20150701184959 9.087791 -1.287482 -0.60214174 0.16462818 0.23548855 -0.659429 995.44 
20150701184959 6.789956 -0.2681506 -1.2988545 0.4560109 0.24465153 -0.4007276 995.44 
20150701184959 5.9980736 0.75716627 -1.0145429 0.6453791 -0.26083946 -0.35643986 995.44 
20150701184959 5.515642 1.09834 -1.2982559 0.7504479 0.13805555 -0.35033122 995.44 
20150701184959 5.193622 1.4089876 -1.8303672 0.784351 0.080634214 -0.2666427 995.44 
20150701184959 6.165668 1.4520833 -1.5071499 0.7510588 -0.07544186 -0.23945917 995.44 
20150701184959 7.963713 1.0714053 -0.79726917 0.6985244 -0.18142697 -0.23457226 995.44 
20150701184959 8.629301 0.51954174 -0.59974754 0.6188065 -0.32345316 -0.113926366 995.44 
20150701184959 8.468291 0.3812766 -0.17597382 0.5687156 -0.52748215 0.006414085 995.44 
20150701184959 7.838018 0.770933 0.08080431 0.5488624 -0.48533243 0.07574729 995.44 
20150701184959 7.429806 1.228824 0.14664486 0.5815437 -0.267559 0.09285152 995.44 
20150701184959 8.037335 1.4323312 0.5979519 0.593761 -0.07544186 0.11148291 995.44 
20150701184959 9.522937 1.6071079 0.22565351 0.5375614 -0.008857546 0.16920967 995.44 
20150701184959 11.08276 0.8810662 -0.2621651 0.46700647 -0.002443461 0.23396139 995.44 
20150701184959 12.4869585 0.65660983 0.2669535 0.40469822 -0.05681047 0.267559 995.44 
20150701184959 13.266272 1.7962499 1.3347675 0.37018433 -0.11911872 0.20738874 995.44 
20150701184959 12.184691 2.6276364 1.6244658 0.41355577 -0.14996742 0.10567969 995.42 
20150701184959 11.261127 2.0404584 0.74998367 0.39614612 -0.13225232 -0.08124508 995.42 
20150701184959 13.593678 0.95708215 -0.6925228 0.34300083 0.06383542 -0.19456059 995.42 
20150701184959 14.591462 2.6635494 -3.2555158 0.31337386 0.24556783 -0.19914207 995.42 
20150701184959 11.364676 2.8892028 -3.2363622 0.2779437 0.03634648 -0.2284636 995.42 
20150701184959 8.860342 0.14724341 -4.6962266 0.20219639 -0.24770586 -0.30970868 995.42 
20150701184959 9.270349 -1.827973 -4.915296 0.18203785 -0.27000242 -0.23243423 995.42 
20150701184959 12.966996 -2.5103204 -2.2948422 0.10751228 0.16432275 0.046120327 995.42 
20150701184959 14.5405855 -1.6232687 -2.0691888 0.003970624 0.4269948 0.064751714 995.42 
20150701185000 13.904326 0.33518824 -2.6479871 0.005192355 0.29749137 -0.08857546 995.44 
20150701185000 13.707403 1.762731 -1.9452889 -0.01863139 0.014049901 -0.13988814 995.44 
20150701185000 11.886613 1.7238252 -1.3748703 -0.12767084 -0.032070424 0.02565634 995.44 
20150701185000 8.839992 0.42676646 -1.4790181 -0.34391713 -0.016798794 0.376293 995.44 
20150701185000 6.522404 -0.60333884 -1.4826094 -0.45448375 0.14569137 0.50976706 995.44 
20150701185000 5.2289367 -1.1988965 -1.1587936 -0.46517387 0.4541783 0.49357912 995.44 
20150701185000 4.0695443 -1.2114661 -1.0803835 -0.4550946 0.5555819 0.44715336 995.44 
20150701185000 4.357447 -1.4694413 -1.0055647 -0.38515055 0.4428773 0.36254853 995.44 
20150701185000 5.7203465 -1.4520833 -1.2096704 -0.26267207 0.19853121 0.31612277 995.44 
20150701185000 6.737882 -0.931943 -1.158195 -0.15302174 -0.05375614 0.2733622 995.46 
20150701185000 7.8356237 -0.23223756 -0.5482722 -0.13622294 -0.34483343 0.160963 995.46 
20150701185000 8.089409 -0.03172317 -0.09696517 -0.172264 -0.52198434 0.044898596 995.46 
20150701185000 7.8823104 -0.40641573 0.3752911 -0.22999077 -0.55863625 -0.08399397 995.46 
20150701185000 7.773973 -0.87448215 0.74998367 -0.2855795 -0.45081854 -0.14966199 995.46 
20150701185000 8.063073 -1.1438298 0.17417817 -0.36254853 -0.24953845 -0.20616703 995.46 
20150701185000 9.850345 -1.3515269 0.022146367 -0.37873647 -0.15393804 -0.29168814 995.46 
20150701185000 11.725603 -1.3509283 0.21667525 -0.35216382 -0.14844026 -0.34605515 995.46 
20150701185000 13.790602 -1.6112977 0.80445176 -0.312763 -0.24953845 -0.36285394 995.46 
20150701185000 13.151949 -1.9351135 1.8411411 -0.22174409 -0.35735616 -0.267559 995.46 
20150701185000 11.644798 -2.0482395 2.0859482 -0.1255328 -0.32742378 0.055283304 995.46 
20150701185000 10.742783 -0.7769185 0.4297592 -0.06719518 -0.119729586 0.26725355 995.46 
20150701185000 12.349891 -1.5544355 -0.99419224 -0.013439035 0.23671028 0.32528573 995.46 
20150701185000 14.465767 -3.0921116 -1.2126632 -0.036651913 0.37812558 0.21044308 995.46 
20150701185000 12.717401 -2.883816 -5.5018754 0.084910266 0.29901853 0.2284636 995.46 
20150701185000 9.5385 -0.21787235 -5.0757074 0.4822781 -0.183565 0.49602258 995.46 
20150701185000 11.373056 3.156755 -3.9270895 0.60903263 -0.2098322 0.39064834 995.46 
20150701185000 14.159907 4.9404354 -2.0260932 0.6026186 -0.07971791 0.22449298 995.46 
20150701185000 14.494497 3.277662 -1.2611457 0.52503866 0.13836098 0.052534413 995.43 
20150701185000 13.269863 0.18315643 -1.2473791 0.27977628 0.116675265 -0.1441642 995.43 
20150701185000 10.110714 -1.7741034 -0.81522566 0.052534413 0.1881465 -0.2012801 995.43 
20150701185000 9.841965 -3.2429461 -0.4369418 -0.038789943 0.25411993 -0.31856623 995.43 
20150701185000 9.202713 -1.4736311 -0.3878607 -0.0290161 0.23426682 -0.59681535 995.43 
20150701185000 6.0824695 -0.47046062 -1.0049661 0.27550024 0.42424592 -0.50671273 995.43 
20150701185000 5.1864395 0.40102878 -0.878672 0.46486846 -0.14721853 -0.36254853 995.43 
20150701185000 4.1252093 0.8900445 -1.1372458 0.5833763 0.17104226 -0.35888332 995.43 
20150701185000 4.1102457 0.43394905 -1.6196774 0.63621616 0.16462818 -0.32742378 995.43 
20150701185000 5.1343656 0.14844051 -1.4520833 0.64934975 -0.03634648 -0.3659083 995.48 
20150701185000 6.9743094 0.26635495 -0.9600749 0.63346726 -0.121256754 -0.3191771 995.48 
20150701185000 8.061277 0.7164649 -0.4333505 0.6426302 -0.32559118 -0.15393804 995.48 
20150701185000 8.328231 1.3587095 0.3286042 0.68752885 -0.44715336 0.014660766 995.48 
20150701185000 7.8835077 1.7782934 0.29328972 0.7309003 -0.36926803 0.035430185 995.48 
20150701185000 8.288128 1.721431 0.25917232 0.7706065 -0.18020524 0.0571159 995.48 
20150701185000 10.3770685 1.4119805 0.44951138 0.73884153 -0.062002823 0.13194689 995.48 
20150701185000 12.753314 0.6781576 0.6979098 0.6808093 0.043676864 0.21197024 995.48 
20150701185000 13.782222 0.8110358 0.6572084 0.6270532 -0.025961773 0.22113322 995.48 
20150701185000 13.381792 2.6659436 1.4742297 0.5925393 -0.13897185 0.14294247 995.44 
20150701185000 11.687894 3.34051 1.7944542 0.57818395 -0.15149458 0.056199603 995.44 
20150701185000 11.032481 1.1623849 -0.7799112 0.4822781 -0.055283304 -0.16157386 995.44 
20150701185000 14.843452 0.50876784 -3.7181952 0.3848451 0.18417588 -0.29993483 995.44 
20150701185000 14.808736 3.156755 -4.022857 0.28099802 0.32742378 -0.2828306 995.44 
20150701185001 10.5285015 2.0452468 -4.3903675 0.27397305 -0.05222898 -0.3885103 995.44 
20150701185001 9.097368 -0.9139865 -4.791396 0.0720821 -0.34574974 -0.5329799 995.44 
20150701185001 11.385028 -2.2822728 -3.25791 0.11178834 -0.20005837 -0.2947425 995.44 
20150701185001 14.542979 -2.6437972 -1.3371617 0.029321533 0.40439278 -0.04184427 995.44 
20150701185001 14.287398 -1.3162124 -2.296638 0.11301007 0.6221663 -0.01282817 995.46 
20150701185001 13.97316 0.59017074 -2.4067712 0.25381452 0.3857614 -0.044593163 995.46 
20150701185001 12.373235 2.291251 -1.7423803 0.21868975 0.25534168 0.040927973 995.46 
20150701185001 9.209895 1.8315643 -1.5197195 0.11148291 0.17256944 0.31978795 995.46 
20150701185001 7.031172 0.8655039 -1.5735891 -0.06291912 0.2648101 0.54061574 995.46 
20150701185001 5.3223104 -0.1316811 -1.6986861 -0.13988814 0.49266282 0.5983425 995.46 
20150701185001 3.9522285 -0.43275195 -1.4437037 -0.19486602 0.63194007 0.5580254 995.46 
20150701185001 3.6673183 -0.46926352 -1.204882 -0.32711834 0.56169057 0.5015204 995.46 
20150701185001 6.0064535 -0.90141696 -0.40761283 -0.38759398 0.32436943 0.4334089 995.46 
20150701185001 6.92044 -1.1228806 -0.61052144 -0.3912592 0.027488936 0.39400807 995.45 
20150701185001 7.5231805 -1.2557588 -0.3878607 -0.3820962 -0.32070425 0.2507602 995.45 
20150701185001 7.759608 -1.3383588 0.08319851 -0.35521814 -0.4269948 0.1554652 995.45 
20150701185001 7.5363483 -1.5161282 0.6218939 -0.31123585 -0.33292156 -0.0033597588 995.45 
20150701185001 6.9701195 -0.7577648 0.5626374 -0.29840767 -0.2406809 -0.13775012 995.45 
20150701185001 6.8563952 -0.08319851 0.39025488 -0.34147367 -0.14721853 -0.22571471 995.45 
20150701185001 8.470686 -0.5967548 0.092775315 -0.39584067 -0.10140363 -0.31490102 995.45 
20150701185001 11.608886 -1.2515689 -0.17776948 -0.43188173 -0.13225232 -0.36926803 995.45 
20150701185001 13.912107 -1.3575124 0.108337626 -0.43188173 -0.26511553 -0.39767328 995.45 
20150701185001 14.171879 -1.4101849 1.5053543 -0.34147367 -0.4783075 -0.35521814 995.41 
20150701185001 12.143391 -1.578976 2.1547816 -0.32986724 -0.5494733 -0.18234327 995.41 
20150701185001 10.0029745 -0.7769185 1.489792 -0.2773328 -0.27091873 0.09254608 995.41 
20150701185001 11.581352 -1.3976152 -0.6428431 -0.2602286 0.1441642 0.18692477 995.41 
20150701185001 14.768633 -3.2004492 -0.48722005 -0.25534168 0.3652974 0.16737708 995.41 
20150701185001 13.207614 -3.4368765 -4.7321396 -0.12217305 0.2660318 0.20280726 995.41 
20150701185001 9.563639 -1.0648212 -4.056975 0.3145956 -0.16554448 0.43371433 995.41 
20150701185001 10.767922 2.3882163 -3.163339 0.63132924 -0.27397305 0.48655418 995.41 
20150701185001 14.027628 4.0946836 -2.574964 0.66737026 -0.05375614 0.3998113 995.41 
20150701185001 16.020802 3.8265328 -0.7990648 0.6951646 0.30665436 0.17989981 995.47 
20150701185001 14.2042 1.3311762 -1.1713632 0.42913285 0.364992 -0.044898596 995.47 
20150701185001 10.541072 -1.4736311 -1.1420342 0.12767084 0.23884831 -0.19120082 995.47 
20150701185001 10.765528 -2.5570073 -0.39564183 -0.017715093 0.24678956 -0.35918877 995.47 
20150701185001 9.472659 -1.7866731 -0.37110126 -0.055588737 0.27305678 -0.6783658 995.47 
20150701185001 6.5206084 -1.2761095 -0.89902276 0.23884831 0.40622538 -0.5555819 995.47 
20150701185001 5.6580973 -0.49200845 -0.43634325 0.4841107 -0.10781772 -0.50915617 995.47 
20150701185001 4.551976 0.045489833 -1.091756 0.68203104 0.24098633 -0.4728097 995.47 
20150701185001 3.9348705 0.25797522 -1.6531962 0.8194757 0.16279559 -0.4071417 995.47 
20150701185001 5.053561 0.7739257 -1.3144168 0.8793405 0.040011674 -0.45814893 995.46 
20150701185001 6.5391636 1.1085154 -0.9588778 0.89888823 -0.028099801 -0.38698313 995.46 
20150701185001 7.8266454 1.3341689 -0.56802434 0.8686504 -0.28405234 -0.22418754 995.46 
20150701185001 8.015787 1.5568297 -0.020949265 0.82924956 -0.41386122 -0.021380283 995.46 
20150701185001 7.945757 2.0111294 0.30047232 0.81397796 -0.36865717 0.10445796 995.46 
20150701185001 7.911041 2.2290018 0.45310268 0.766025 -0.19333886 0.16462818 995.46 
20150701185001 9.097966 1.9542671 0.3669114 0.6178902 -0.03481932 0.21991149 995.46 
20150701185001 10.742783 0.40880993 0.5081693 0.4260785 0.08307768 0.2406809 995.46 
20150701185001 12.222999 -0.56563014 0.7751228 0.33353242 0.10476339 0.23182335 995.46 
20150701185001 13.934254 0.717662 1.3700819 0.33964106 0.03390302 0.21319197 995.41 
20150701185002 13.215395 2.5169046 2.2870612 0.45112398 -0.03145956 0.1704314 995.41 
20150701185002 11.577761 2.6270378 2.4474726 0.5543602 -0.12156218 0.059864793 995.41 
20150701185002 11.790845 1.4131776 -0.017956512 0.5421429 -0.1518 -0.11728613 995.41 
20150701185002 14.057555 1.7304093 -2.3948002 0.52564955 0.06994407 -0.21105394 995.41 
20150701185002 12.33792 3.7301662 -4.18686 0.45142943 0.09101892 -0.22968534 995.41 
20150701185002 9.257181 3.0556 -5.033809 0.41233405 -0.15790866 -0.35460728 995.41 
20150701185002 9.420585 0.3716998 -5.4743423 0.12858713 -0.19853121 -0.46914452 995.41 
20150701185002 12.820352 -1.6938977 -3.1352072 -0.025961773 -0.10629055 -0.16584991 995.41 
20150701185002 15.762825 -2.7509377 -0.9636662 -0.23640485 0.101098195 -0.0012217305 995.49 
20150701185002 14.528614 -1.6310499 -1.7764976 -0.2910773 0.1685988 -0.13316862 995.49 
20150701185002 13.651738 0.32680854 -1.6124948 -0.16493362 0.058337633 -0.22479841 995.49 
20150701185002 11.676521 1.3754689 -1.3269863 -0.15699236 0.12522738 -0.030543262 995.49 
20150701185002 8.642469 1.3724761 -1.3006501 -0.17623462 0.18967366 0.3903429 995.49 
20150701185002 7.053917 0.40162733 -1.2336124 -0.26358834 0.3155119 0.60903263 995.49 
20150701185002 5.3755813 -0.31064767 -1.0283096 -0.3567453 0.5366451 0.6249151 995.49 
20150701185002 3.8073792 -0.29508537 -1.0941502 -0.40958515 0.50915617 0.5720753 995.49 
20150701185002 4.3819876 -0.43035775 -1.1240777 -0.45448375 0.39400807 0.4474588 995.49 
20150701185002 6.2362967 -0.9624691 -0.6715736 -0.46273044 0.24984388 0.40408736 995.44 
20150701185002 7.2729864 -1.2880806 -0.7763199 -0.43860126 -0.029321533 0.37048978 995.44 
20150701185002 7.77936 -1.3156139 -0.724246 -0.3921755 -0.3830125 0.2501493 995.44 
20150701185002 7.8326306 -0.961272 -0.3788824 -0.33536503 -0.45356745 0.14752395 995.44 
20150701185002 8.226477 -0.7038953 0.47345337 -0.29138273 -0.3744604 -0.027794369 995.44 
20150701185002 8.2593975 -1.033098 1.2138603 -0.29993483 -0.23518312 -0.13347405 995.44 
20150701185002 7.8835077 -1.2072762 0.96785605 -0.32620203 -0.1469131 -0.21838433 995.44 
20150701185002 8.451532 -1.4371196 0.1412579 -0.27397305 -0.09865474 -0.27550024 995.44 
20150701185002 10.190321 -1.5059528 0.5614403 -0.19333886 -6.1086525E-4 -0.2910773 995.44 
20150701185002 11.912351 -0.75477207 0.19093758 -0.11911872 0.029932396 -0.33169982 995.46 
20150701185002 12.786234 -0.2124854 0.91099375 -0.015577064 -0.1160644 -0.30879238 995.46 
20150701185002 12.2224 -0.7918822 1.5897499 -0.01740966 -0.2733622 -0.11942416 995.46 
20150701185002 10.997167 -1.2198458 2.1643584 -0.076358154 -0.26053402 0.1386664 995.46 
20150701185002 10.162787 -0.61052144 1.3856442 -0.1020145 -0.11026118 0.2510656 995.46 
20150701185002 12.8448925 -1.3688848 0.19991584 -0.16615535 0.058948494 0.2565634 995.46 
20150701185002 15.576676 -3.086126 -0.961272 -0.23487769 0.09865474 0.16126843 995.46 
20150701185002 13.017873 -3.144784 -5.607819 -0.17623462 -0.067500606 0.28252518 995.46 
20150701185002 8.6095495 -0.46327803 -4.771644 0.17256944 -0.32467487 0.40561453 995.46 
20150701185002 10.108319 1.5921441 -3.0903158 0.35796702 -0.18692477 0.3023783 995.45 
20150701185002 14.250289 3.2118216 -1.5711949 0.4896085 0.08277224 0.16371189 995.45 
20150701185002 15.63294 2.6084828 -0.41359833 0.64934975 0.3359759 0.15882497 995.45 
20150701185002 13.747506 0.21787235 -0.92655605 0.4129449 0.21410827 0.064751714 995.45 
20150701185002 10.230424 -1.9357121 -0.56084174 0.24923302 0.065973446 -0.18295415 995.45 
20150701185002 9.92636 -2.6162639 0.18854338 0.20861048 0.19425514 -0.3631594 995.45 
20150701185002 9.329007 -1.1258733 -0.40043023 0.22174409 0.23823744 -0.86254174 995.45 
20150701185002 5.981314 -0.6254852 -1.0785879 0.5494733 0.50701815 -0.6102544 995.45 
20150701185002 4.5962687 0.31244332 -0.64942724 0.7318166 -0.14294247 -0.54244834 995.45 
20150701185002 4.280833 0.6901286 -0.80924016 0.83169305 0.26053402 -0.49968776 995.47 
20150701185002 4.5723267 0.7667431 -1.3575124 0.88514376 0.19853121 -0.4034765 995.47 
20150701185002 5.8586116 1.0187328 -1.359308 0.90194255 -0.015577064 -0.35521814 995.47 
20150701185002 7.501034 0.9888053 -1.1695676 0.8414669 -0.25992316 -0.27916542 995.47 
20150701185002 8.3629465 1.0839748 -0.8690952 0.81183994 -0.52412236 -0.1554652 995.47 
20150701185003 8.67539 1.6304513 -0.054468088 0.79809546 -0.64751714 -0.013439035 995.47 
20150701185003 8.66701 2.4468741 0.7032967 0.7828238 -0.5516113 0.07696902 995.47 
20150701185003 8.41921 2.4995465 0.6895301 0.7324274 -0.38912117 0.14782938 995.47 
20150701185003 9.009381 2.3409307 0.7134721 0.5900958 -0.17684549 0.20158553 995.47 
20150701185003 10.262746 1.5975311 0.7787141 0.36010507 -3.0543262E-4 0.24984388 995.46 
20150701185003 11.0695915 0.05865794 0.5422867 0.18020524 0.12308934 0.25870144 995.46 
20150701185003 12.254123 -0.6123171 0.6889315 0.118202426 0.0870483 0.23854288 995.46 
20150701185003 12.628816 0.40761283 2.2421699 0.16493362 0.058643065 0.1853976 995.46 
20150701185003 11.629835 1.0636241 1.9997569 0.3491095 -0.04153884 0.0842994 995.46 
20150701185003 11.437101 0.39683893 -1.2252327 0.5174029 -0.15393804 -0.009162978 995.46 
20150701185003 14.505271 1.2348095 -2.9119477 0.600786 -0.026572637 -0.036957346 995.46 
20150701185003 14.46876 4.3646297 -2.9005754 0.58032197 0.027794369 -0.013133603 995.46 
20150701185003 10.6398325 3.7068229 -4.408324 0.5122105 -0.13927728 -0.1704314 995.46 
20150701185003 9.326612 0.12808979 -4.585495 0.25442538 -0.3368922 -0.45814893 995.5 
20150701185003 10.9426985 -2.9119477 -4.313154 0.15821409 -0.121256754 -0.2947425 995.5 
20150701185003 14.683639 -3.6721067 -1.459266 0.09285152 0.31245756 -0.083383106 995.5 
20150701185003 14.314333 -2.244564 -2.0518308 0.09040806 0.45845437 -0.058643065 995.5 
20150701185003 13.4195 0.3878607 -2.2661119 0.20799962 0.25686884 -0.14385876 995.5 
20150701185003 12.49055 2.4001873 -1.5478514 0.21899518 0.0 -0.06658431 995.5 
20150701185003 9.628283 2.7012582 -1.407192 0.112399206 0.01740966 0.21410827 995.5 
20150701185003 7.2831616 1.9351135 -1.5957354 -0.129198 0.12858713 0.46883908 995.5 
20150701185003 5.506664 0.52253455 -1.7040731 -0.31306845 0.33628133 0.516792 995.5 
20150701185003 4.6100354 -0.8182184 -1.2384008 -0.49021935 0.464563 0.5354234 995.44 
20150701185003 4.4328647 -1.7106571 -1.0977415 -0.58246 0.43799037 0.44684792 995.44 
20150701185003 6.007651 -2.220622 -0.40761283 -0.59528816 0.20372356 0.37782016 995.44 
20150701185003 6.849811 -2.0242975 -0.3321955 -0.54244834 -0.018936822 0.310625 995.44 
20150701185003 7.6267295 -1.3341689 -0.5057751 -0.44593164 -0.28588495 0.24129178 995.44 
20150701185003 8.367136 -0.66498953 -0.48003745 -0.32406402 -0.40775254 0.105068825 995.44 
20150701185003 8.862138 -0.3489549 -0.05925649 -0.26175576 -0.3921755 -0.02321288 995.44 
20150701185003 8.541314 -0.51235914 1.1522095 -0.27458394 -0.35033122 -0.12705997 995.44 
20150701185003 7.843405 -0.9367314 1.4939818 -0.30818152 -0.2489276 -0.2434298 995.44 
20150701185003 7.567473 -1.8525136 0.5734113 -0.30268374 -0.12614368 -0.30879238 995.46 
20150701185003 8.845977 -1.7345991 0.16400282 -0.20341812 0.013133603 -0.35185838 995.46 
20150701185003 10.568604 -0.29628247 0.090979666 -0.07422013 0.14446963 -0.29016098 995.46 
20150701185003 12.424111 -0.034715924 0.770933 -0.022602014 0.022602014 -0.3213151 995.46 
20150701185003 13.072341 -0.90859956 0.88525605 -0.00580322 -0.17928895 -0.18051068 995.46 
20150701185003 12.110471 -1.5562311 1.5376761 -0.052839845 -0.32498032 -0.026267206 995.46 
20150701185003 11.115082 -0.7044938 1.2749124 -0.103847094 -0.25350907 0.18142697 995.46 
20150701185003 12.801198 -0.6817489 -0.4201824 -0.21502456 -0.036957346 0.25411993 995.46 
20150701185003 15.059528 -3.292626 -0.2136825 -0.26633725 0.15332718 0.18570304 995.46 
20150701185003 13.699023 -4.643554 -4.4681787 -0.14294247 0.051923547 0.32162055 995.45 
20150701185003 9.449316 -2.086547 -4.753089 0.17684549 -0.20189096 0.5326745 995.45 
20150701185003 9.029133 1.311424 -3.3369186 0.49357912 -0.070249505 0.45020768 995.45 
20150701185003 12.429498 3.8109705 -1.9303252 0.5839872 0.118202426 0.2602286 995.45 
20150701185003 15.117588 3.4925418 -0.9528923 0.7113526 0.45631635 0.18600847 995.45 
20150701185003 14.160506 1.4838065 -1.0588357 0.61391956 0.3323107 0.048563786 995.45 
20150701185003 12.275671 -0.5530606 -0.87448215 0.38789943 0.17195857 -0.09621128 995.45 
20150701185003 9.234436 -2.5169046 -1.0947487 0.19028452 0.15851954 -0.28771752 995.45 
20150701185003 10.746374 -1.0259154 -0.078410104 0.12797627 0.20005837 -0.7131852 995.45 
20150701185003 7.3909006 -1.0827777 -0.92535895 0.39858958 0.48166725 -0.6337727 995.45 
20150701185003 5.647323 -0.49440265 -0.7314286 0.59620446 -0.032070424 -0.47219884 995.45 
20150701185004 5.1756654 0.20709845 -0.90381116 0.65209866 0.3744604 -0.52839845 995.45 
20150701185004 4.1216183 0.700304 -1.2653356 0.71593404 0.39003745 -0.42913285 995.45 
20150701185004 4.9416323 1.2318168 -1.1025299 0.7809912 0.18509217 -0.42241332 995.45 
20150701185004 6.6103907 1.30484 -1.2318168 0.7675522 -0.006414085 -0.4111123 995.45 
20150701185004 8.206126 1.1827357 -1.0360907 0.7761043 -0.23151793 -0.25900686 995.45 
20150701185004 9.238028 1.3156139 -0.4189853 0.77396625 -0.42424592 -0.10598512 995.45 
20150701185004 8.889072 1.6992847 0.46088383 0.7858781 -0.41691554 0.093462385 995.45 
20150701185004 7.477092 2.232593 1.1055226 0.75136423 -0.24373524 0.18173242 995.47 
20150701185004 7.0425444 2.2110453 1.441908 0.6032294 0.056199603 0.18173242 995.47 
20150701185004 8.456321 2.0530279 1.1887212 0.43218717 0.24312437 0.20647246 995.47 
20150701185004 10.426748 1.2000936 0.19692309 0.34574974 0.23426682 0.22785273 995.47 
20150701185004 12.191874 0.11252748 0.45070848 0.27488935 0.053450707 0.22266038 995.47 
20150701185004 14.1904335 0.49559975 2.135628 0.2284636 -0.20647246 0.17592919 995.47 
20150701185004 12.941258 1.0444705 3.116652 0.29229903 -0.4034765 0.172264 995.47 
20150701185004 10.970232 0.5602432 2.0021513 0.36346483 -0.46731192 0.005497787 995.47 
20150701185004 12.925696 -0.36511576 -0.08140286 0.41874814 -0.1957823 -0.122783914 995.47 
20150701185004 15.21994 2.2122424 -3.1705215 0.48349985 0.0711658 -0.20525073 995.47 
20150701185004 13.415909 5.2409077 -4.0623617 0.5687156 0.01038471 -0.29749137 995.47 
20150701185004 10.398617 3.899556 -5.2085857 0.41783184 -0.29657507 -0.4905248 995.47 
20150701185004 9.531317 0.64823014 -4.8536453 0.24281894 -0.29046643 -0.37873647 995.47 
20150701185004 12.180501 -2.505532 -3.1172507 0.16890424 0.1020145 -0.16371189 995.47 
20150701185004 14.275428 -3.283049 -1.3634979 -0.03604105 0.4007276 -0.025961773 995.47 
20150701185004 12.568362 -1.7926586 -1.9087774 -0.0580322 0.44806966 -0.087964594 995.47 
20150701185004 11.574768 0.65062433 -1.3958195 0.09132435 0.14996742 -0.13103059 995.47 
20150701185004 10.696096 2.6611552 -0.9379285 0.099265605 0.16432275 -0.026267206 995.47 
20150701185004 8.259995 2.4582467 -1.4000094 0.017104227 0.22449298 0.14721853 995.49 
20150701185004 7.482479 0.9355343 -1.407192 -0.19150625 0.22602014 0.35460728 995.49 
20150701185004 6.019023 -0.41838676 -1.2174516 -0.36682457 0.35369098 0.46792278 995.49 
20150701185004 4.659715 -1.0899603 -1.4634558 -0.50946164 0.2828306 0.5027421 995.49 
20150701185004 4.9907136 -1.2240356 -1.3814543 -0.54611355 0.17195857 0.44868052 995.49 
20150701185004 6.5457473 -1.079785 -0.79966336 -0.5497787 0.15424347 0.43951756 995.49 
20150701185004 7.7254906 -0.83138657 -0.3489549 -0.50243664 -6.1086525E-4 0.35369098 995.49 
20150701185004 8.531139 -0.7410054 0.10654198 -0.43401974 -0.31856623 0.20555615 995.49 
20150701185004 8.96449 -0.61171854 0.24061728 -0.3726278 -0.41630468 0.0720821 995.49 
20150701185004 8.806473 -0.75477207 0.60333884 -0.32559118 -0.3484986 -0.043676864 995.48 
20150701185004 8.099585 -0.8738836 0.8948329 -0.3368922 -0.22388211 -0.12064589 995.48 
20150701185004 7.2149267 -0.32022446 0.4237737 -0.36071593 -0.13408493 -0.16432275 995.48 
20150701185004 8.125322 -0.2148796 0.2861071 -0.3371976 -0.0421497 -0.2125811 995.48 
20150701185004 10.773908 -0.9247604 0.050278235 -0.33933565 -0.01863139 -0.28985557 995.48 
20150701185004 11.938088 -1.1079168 -0.15322891 -0.36071593 -0.18509217 -0.31887165 995.48 
20150701185004 12.801198 -0.020350715 0.492607 -0.3390302 -0.43249258 -0.36193767 995.48 
20150701185004 12.008119 -0.47105917 1.1168951 -0.2932153 -0.4886922 -0.33414328 995.48 
20150701185004 10.381857 -1.1528081 1.5394717 -0.26389378 -0.42485678 -0.047647487 995.48 
20150701185004 10.060435 -0.4297592 0.15502456 -0.17104226 -0.21655174 0.15271631 995.43 
20150701185004 12.7970085 -1.5813702 -0.9307459 -0.14996742 0.121256754 0.17165314 995.43 
20150701185004 15.008652 -3.0460231 0.24839842 -0.16218472 0.21502456 0.13194689 995.43 
20150701185004 13.753491 -3.235165 -3.4452562 -0.06627888 -0.065973446 0.30573806 995.43 
20150701185004 10.439917 -1.608305 -4.666898 0.32406402 -0.4783075 0.4822781 995.43 
20150701185004 8.599973 1.9303252 -4.859631 0.5317582 -0.13744467 0.3717115 995.43 
20150701185004 10.9582615 3.9935284 -2.6168625 0.528093 0.11484267 0.17745635 995.43 
20150701185005 13.509283 3.532046 -1.9734207 0.48655418 0.36468655 0.095294975 995.43 
20150701185005 13.644555 1.4203602 -1.2976574 0.4373795 0.2742785 -0.0027488936 995.43 
20150701185005 11.9135475 -0.7493851 -0.9696517 0.27885997 0.08735373 -0.050701816 995.41 
20150701185005 10.406996 -2.5276785 -1.8201919 0.19853121 0.02687807 -0.18112154 995.41 
20150701185005 10.773908 -1.0905589 -0.83617496 0.2855795 0.17073683 -0.4822781 995.41 
20150701185005 8.057686 -0.50038815 -1.2946646 0.48655418 0.42852196 -0.45998153 995.41 
