20150701185836 0.6536171 -6.795343 -2.718616 -0.16340645 -2.5179865 -0.4269948 995.21 
20150701185836 -1.8818425 -6.643311 -3.1370027 -0.95630956 -2.0039434 -0.4569272 995.15 
20150701185836 -0.79128367 -11.737574 2.1164744 -1.3771957 -2.1050417 -0.06872234 995.15 
20150701185836 4.413711 -19.608511 3.7175968 -1.6927075 -2.2736404 0.4202753 995.15 
20150701185836 1.9907787 -10.927136 2.629432 -1.6151277 -2.282498 0.5216789 995.15 
20150701185836 -0.5793968 -9.498995 1.3916297 -1.2260065 -1.5683966 -0.86009824 995.15 
20150701185836 -0.6973112 -8.025364 -0.17717093 -1.2831224 -0.24770586 -1.389413 995.15 
20150701185836 -2.336741 -6.579865 0.5386954 -1.4065173 0.3753767 -1.0064005 995.15 
20150701185836 -4.2969937 -6.663662 2.3062148 -1.7513506 0.77854776 -1.0073168 995.15 
20150701185836 -2.059612 -7.6440873 2.9257145 -2.0500638 0.90194255 -0.9224065 995.15 
20150701185836 0.1328782 -8.53054 0.92296475 -1.9660698 1.0390818 -0.50823987 995.1 
20150701185836 1.7280151 -8.972271 -0.16101007 -1.4361442 0.82924956 -0.27214047 995.1 
20150701185836 2.9412768 -8.491635 -0.3453636 -0.8918633 0.70921457 0.002443461 995.1 
20150701185836 3.1376014 -8.32045 0.090979666 -0.7742717 0.007330383 0.15607607 995.1 
20150701185836 2.5917234 -8.644864 2.4612393 -0.75747293 -1.4388931 0.06719518 995.1 
20150701185836 0.85532856 -9.69532 3.5966895 -0.782213 -2.9003882 -0.04062254 995.1 
20150701185836 0.47105917 -9.414001 -0.22984336 -0.9486737 -3.5436292 -0.030848695 995.1 
20150701185836 1.1713632 -9.968858 -1.0737995 -1.2400564 -2.9959886 0.183565 995.1 
20150701185836 1.2623428 -11.609484 0.8475474 -1.1383474 -0.35277468 0.3484986 995.1 
20150701185836 0.6703765 -13.098079 1.6813282 -1.0241156 0.6178902 0.42760566 995.29 
20150701185836 1.7423803 -12.586318 1.7381904 -1.0189233 0.20799962 0.25992316 995.29 
20150701185836 2.9269116 -11.923124 3.0998926 -0.8854492 0.043982297 0.26847526 995.29 
20150701185836 3.3159695 -12.120646 3.551798 -0.65668017 0.33841935 0.23945917 995.29 
20150701185836 3.8001966 -13.097481 2.0440497 -0.2507602 0.30268374 0.14294247 995.29 
20150701185836 3.3662477 -13.414114 0.0053869537 0.32559118 0.08979719 -0.014049901 995.29 
20150701185836 1.3036429 -13.229161 -0.46267948 0.8564331 0.14385876 -0.20677789 995.29 
20150701185836 -2.4001873 -10.365696 1.122282 1.2409728 0.45081854 -0.42058071 995.29 
20150701185836 -4.2521024 -12.408549 3.6792896 1.3979651 0.78954333 -0.29810223 995.29 
20150701185836 -0.14844051 -12.319963 -4.3478703 1.9501873 1.3115277 0.10720685 995.19 
20150701185836 0.825401 -12.372636 -4.675277 3.0949488 2.1591032 0.63529986 995.19 
20150701185836 -1.2198458 -15.76103 -3.1585505 3.3588426 2.6731462 0.29840767 995.19 
20150701185836 -2.8508956 -15.672444 0.86251116 2.6132815 0.38973203 -0.40561453 995.19 
20150701185836 -1.3922282 -12.455834 7.2909427 1.8133535 -2.3365595 -0.10293079 995.19 
20150701185836 -1.7417817 -8.920795 -0.20231004 1.7314975 -3.702149 0.5152648 995.19 
20150701185836 -1.8794483 -6.8043213 -0.026934769 2.5360072 -3.3585372 0.6227771 995.19 
20150701185836 -1.6184803 -6.161478 -0.24301147 2.2009475 -0.40225476 0.25686884 995.19 
20150701185836 0.23283611 -6.0531406 0.49559975 1.7821994 0.94714653 0.18020524 995.19 
20150701185836 0.6703765 -6.951565 -0.9564836 1.2895365 1.6197093 0.40775254 995.17 
20150701185836 1.0342951 -7.4854717 -1.1617863 1.3820826 2.6728408 0.49632803 995.17 
20150701185836 0.6751649 -6.612785 0.5231331 1.9996674 3.1456506 0.4111123 995.17 
20150701185836 -1.2719196 -5.0643353 -0.7990648 2.3218987 2.2382102 0.32467487 995.17 
20150701185836 -1.8076223 -3.5631707 -0.6123171 2.2382102 1.2260065 -0.0030543262 995.17 
20150701185836 -2.2679076 -3.027468 -0.60932434 1.5192219 1.2345587 -0.33353242 995.17 
20150701185836 -2.60549 -3.3704374 -0.25438392 0.91721416 1.9404135 -0.38515055 995.17 
20150701185836 -3.690662 -5.181651 0.4177882 0.031154128 1.5344934 -0.30909783 995.17 
20150701185836 -4.7135844 -9.288904 3.256713 -1.1114693 1.0885619 -0.2929099 995.17 
20150701185837 -1.8303672 -16.836027 13.033436 -2.1245892 0.73884153 -0.29840767 995.28 
20150701185837 0.13227965 -19.608511 19.608511 -2.717434 0.29077184 -0.23365596 995.28 
20150701185837 -1.6178818 -14.560338 15.234305 -2.2464569 0.032070424 -0.56688297 995.28 
20150701185837 -3.4272997 -7.135918 8.747216 0.68752885 0.17684549 -0.060170226 995.28 
20150701185837 -3.5338416 -3.0819361 -0.4285621 2.209805 1.5848899 0.51251596 995.28 
20150701185837 -5.167286 -6.045359 -0.8122329 2.2809708 2.250733 0.1966986 995.28 
20150701185837 -10.147824 -13.663111 0.9115923 1.0708468 1.7269161 -0.16676621 995.28 
20150701185837 -6.2566476 -12.220005 -6.7761893 -0.33414328 0.36987892 0.034208454 995.28 
20150701185837 -2.7162218 -12.576143 2.6779146 -0.5186246 -0.6966918 0.97158116 995.28 
20150701185837 0.4321534 -10.572795 -1.903989 -1.1383474 -0.8356637 0.47158796 995.34 
20150701185837 1.513734 -6.332065 -2.6563668 -0.43157628 -2.2052236 -0.03390302 995.34 
20150701185837 3.0364463 -7.289147 -1.7956513 -0.28191432 -2.257147 0.14844026 995.34 
20150701185837 0.3274071 -8.930971 -2.6749218 -0.8533788 -1.1050552 0.32162055 995.34 
20150701185837 2.542642 -16.312294 8.274361 -1.3148874 -1.0149527 0.1957823 995.34 
20150701185837 -0.37349546 -11.505935 2.1841104 -1.8854356 -1.5647314 -0.30848694 995.34 
20150701185837 0.3788824 -10.089765 0.87089086 -1.7201965 -2.5152376 -1.6334536 995.34 
20150701185837 0.46926352 -8.06008 -0.5129577 -1.0589349 -2.0124955 -1.4016303 995.34 
20150701185837 -1.4329298 -7.0144124 0.41180268 -1.3432927 -0.21471913 -0.700357 995.34 
20150701185837 -3.353678 -6.917447 2.1499932 -1.7760907 0.39614612 -0.98563105 995.21 
20150701185837 -3.2381577 -7.0964136 1.9309237 -2.1355848 0.71929383 -1.0714576 995.21 
20150701185837 -2.124854 -7.5291657 1.2360066 -2.2440135 0.86590147 -0.81245077 995.21 
20150701185837 -0.5093664 -8.562862 0.46507367 -1.6071864 1.2757921 -0.3830125 995.21 
20150701185837 0.62967503 -8.84059 -0.39983168 -0.9285152 0.9211848 -0.100792766 995.21 
20150701185837 1.858499 -8.812458 -1.1552023 -0.7965683 -0.08399397 -0.008246681 995.21 
20150701185837 2.3535004 -8.55149 -0.4141969 -0.79290307 -0.8268061 9.162979E-4 995.21 
20150701185837 1.359308 -8.465898 4.0384197 -0.8216137 -1.9425515 0.05955936 995.21 
20150701185837 0.023343466 -9.309854 1.9285295 -0.7910705 -3.2556064 0.06505715 995.21 
20150701185837 0.55485624 -9.887454 -1.0582372 -0.9575313 -3.8704422 0.06627888 995.24 
20150701185837 1.2779051 -11.6352215 -0.24241292 -1.1078042 -2.6261096 0.24678956 995.24 
20150701185837 1.3892355 -12.768278 0.5081693 -0.8940013 -0.29229903 0.46089783 995.24 
20150701185837 1.9381063 -12.780249 0.9947908 -0.8237518 -0.118507855 0.44318274 995.24 
20150701185837 3.4494462 -12.369044 1.9387048 -0.95814216 -0.16829337 0.28252518 995.24 
20150701185837 4.012682 -11.508329 1.7495629 -0.84482664 0.07238753 0.14752395 995.24 
20150701185837 2.7934349 -10.728417 2.9412768 -0.63194007 0.18600847 0.040927973 995.24 
20150701185837 1.8112136 -12.070967 2.6030958 -0.5155703 0.40653083 0.02443461 995.24 
20150701185837 1.9596541 -13.679272 1.5065514 -0.019242255 0.105374254 -0.034208454 995.24 
20150701185837 1.3431472 -12.637794 1.1061212 0.68477994 -0.041233405 -0.10354166 995.21 
20150701185837 -0.7302315 -10.015544 1.2042835 0.92087936 0.5925393 -0.11301007 995.21 
20150701185837 -1.8686744 -12.339716 -0.01436521 1.3377949 0.9923506 -0.020158553 995.21 
20150701185837 1.5855601 -11.719019 -3.2920272 2.1035144 1.3558154 0.1600467 995.21 
20150701185837 0.9403227 -14.767436 -3.6290112 2.9782734 1.7919732 0.4266894 995.21 
20150701185837 -2.456451 -17.481264 -3.2231941 3.037833 1.632232 0.11911872 995.21 
20150701185837 -3.098097 -15.167867 6.229114 2.4019222 0.46517387 -0.5027421 995.21 
20150701185837 -1.91596 -11.121665 3.6595373 1.7461584 -1.1731668 -0.06169739 995.21 
20150701185837 -2.3175871 -8.2354555 -0.33279404 1.7168368 -2.6230555 0.7263188 995.21 
20150701185837 -2.9376855 -7.438186 -5.985504E-4 2.856406 -2.724459 1.056186 995.17 
20150701185837 -2.2200236 -6.59423 -0.7116765 2.796541 -0.4184427 0.4184427 995.17 
20150701185837 -0.45848963 -6.005256 0.3800795 2.1817052 0.10262536 0.32375857 995.17 
20150701185837 0.48482585 -6.457162 -0.5554548 1.670411 1.0204504 0.5699373 995.17 
20150701185837 1.0672154 -6.779781 -0.84096336 1.4840971 1.8417587 0.58459806 995.17 
20150701185838 0.40282443 -5.6066217 -0.019153614 1.9642372 2.5867088 0.39584067 995.17 
20150701185838 -0.8002619 -4.6938324 -0.3453636 2.1465805 2.1740694 0.14385876 995.17 
20150701185838 -1.2725182 -3.7086184 -0.7266402 2.0546453 1.6539177 -0.12705997 995.17 
20150701185838 -1.4502877 -3.032855 0.059855044 1.5183055 1.5561792 -0.36560285 995.17 
20150701185838 -1.9446903 -3.2393548 0.12509704 0.8042041 1.9596558 -0.38881573 995.29 
20150701185838 -3.1651347 -4.829105 0.961272 0.15821409 1.6511687 -0.35246924 995.29 
20150701185838 -4.131195 -8.850166 3.4488475 -0.94134337 1.5115861 -0.32284227 995.29 
20150701185838 -2.7281928 -15.596429 9.2547865 -2.085494 0.98715824 -0.30695978 995.29 
20150701185838 -2.544438 -19.608511 18.536509 -2.809064 0.172264 -0.23579398 995.29 
20150701185838 -4.3520603 -15.819688 17.720684 -2.356718 -0.23365596 -0.36682457 995.29 
20150701185838 -4.8638206 -8.075643 10.509348 0.1853976 -0.3811799 -0.09560041 995.29 
20150701185838 -6.0561333 -3.9246953 -0.15322891 2.1664336 -0.2874121 0.3930918 995.29 
20150701185838 -5.6646814 -8.843582 0.6183026 2.7467556 1.8301523 0.3921755 995.29 
20150701185838 -5.367202 -17.797897 8.423999 1.7699821 2.914438 0.42088616 995.38 
20150701185838 2.9484594 -7.641693 -13.839085 -0.55863625 1.4453071 0.7180721 995.38 
20150701185838 1.2737153 -2.658761 -6.1620765 0.7443393 -0.6221663 1.0451905 995.38 
20150701185838 0.9187749 -6.681618 10.709264 0.4578435 -0.9166033 -0.10445796 995.38 
20150701185838 -1.2156559 -12.279262 -7.053318 -1.426065 -1.7828102 -1.149343 995.38 
20150701185838 -1.5741876 -7.478289 -4.233547 -0.65209866 -2.7559185 -0.6637051 995.38 
20150701185838 1.122282 -13.682264 5.981913 -0.52015173 -1.058324 0.94042706 995.38 
20150701185838 3.306991 -19.201498 2.0853498 -1.7650951 -1.4724907 1.5506815 995.38 
20150701185838 -0.32202014 -10.7356 3.8139634 -1.7125608 -2.742785 0.44806966 995.38 
20150701185838 -0.6452374 -9.974244 0.9211691 -1.7947221 -1.8964312 -1.4162911 995.22 
20150701185838 -0.18555063 -8.209718 -0.22325931 -2.0635028 -0.40866885 -1.5971072 995.22 
20150701185838 -1.4622587 -6.747459 0.7404069 -1.8497 0.062308256 -1.106277 995.22 
20150701185838 -2.722806 -6.537368 1.091756 -1.6462818 0.37140608 -1.1869112 995.22 
20150701185838 -2.1631613 -7.129933 2.7060466 -1.6050484 -0.23518312 -1.097114 995.22 
20150701185838 -0.7092823 -7.8996687 1.5514427 -1.7880026 -0.25259277 -0.8197812 995.22 
20150701185838 0.28191724 -8.485051 0.44771573 -1.6783522 0.06658431 -0.43249258 995.22 
20150701185838 1.4407109 -8.123527 0.65421563 -1.0699304 0.5833763 -0.13897185 995.22 
20150701185838 2.0033484 -8.562862 0.25737667 -0.8155051 0.27183503 0.053145275 995.22 
20150701185838 2.1703439 -8.926183 0.049081136 -0.7812967 -0.49663344 0.050396383 995.19 
20150701185838 1.2264298 -8.727464 1.5346833 -0.9260717 -1.5632042 0.019547688 995.19 
20150701185838 -0.05805939 -9.590573 2.123657 -0.945314 -2.552806 0.009162978 995.19 
20150701185838 0.45190558 -9.935937 0.43394905 -1.0684034 -3.1923819 0.042760566 995.19 
20150701185838 1.6813282 -11.172543 0.47465047 -1.2739595 -2.7473664 0.27397305 995.19 
20150701185838 2.6390088 -13.245322 1.1803415 -0.98349303 -1.1081096 0.52015173 995.19 
20150701185838 2.7778726 -13.520656 3.2932243 -0.8530733 -0.26328292 0.45540005 995.19 
20150701185838 3.086126 -12.047025 4.1120415 -1.1044444 0.4111123 0.27030787 995.19 
20150701185838 2.742558 -11.606491 3.6457705 -0.9605856 0.7669413 0.087659165 995.19 
20150701185838 2.6360161 -11.894993 0.95827925 -0.3717115 0.49968776 0.0711658 995.25 
20150701185838 2.6563668 -12.552799 0.7823054 0.1777618 0.16829337 0.028405234 995.25 
20150701185838 1.3401544 -12.028469 -0.56682724 0.9147707 -0.06383542 -0.11178834 995.25 
20150701185838 -1.2389994 -10.726024 0.80086046 1.280679 -0.016187929 -0.3213151 995.25 
20150701185838 -3.7349546 -13.900137 2.1086931 1.4844025 0.69027776 -0.30970868 995.25 
20150701185838 -0.27234045 -12.938865 -4.2299557 1.7253889 1.505172 -0.20799962 995.25 
20150701185838 -0.75237787 -14.246697 -3.881001 3.0063734 1.9917262 0.36713 995.25 
20150701185838 -3.590704 -17.606361 -1.9081788 3.2620203 2.5024095 0.29657507 995.25 
20150701185838 -3.4422636 -15.122376 6.4338183 2.820365 0.43218717 -0.20555615 995.25 
20150701185838 -2.046444 -10.127473 1.3718776 2.175902 -1.5247196 0.018325957 995.15 
20150701185839 -1.1306617 -7.6003933 0.45190558 2.4233024 -3.12763 0.9437868 995.15 
20150701185839 -1.0348936 -6.535572 -0.37469256 2.4474316 -1.8661933 0.7538077 995.15 
20150701185839 -0.48362875 -6.5164185 -0.76075757 2.0818288 -0.15882497 0.4260785 995.15 
20150701185839 0.57281274 -6.807314 0.5303157 1.632232 0.68386364 0.41630468 995.15 
20150701185839 -0.08020575 -7.109582 -0.58777654 1.2522738 1.7632625 0.4156938 995.15 
20150701185839 0.24779987 -7.217321 -0.49919105 1.4480561 2.273335 0.34972036 995.15 
20150701185839 0.9552865 -6.68102 0.47165772 1.9434677 1.9850066 0.4654793 995.15 
20150701185839 -0.2717419 -5.555745 -0.94930094 2.0088303 1.2718215 0.52687126 995.15 
20150701185839 -1.276708 -3.554791 -1.4209588 1.6212363 0.7870999 -0.015577064 995.24 
20150701185839 -1.827973 -2.4474726 -1.3790601 1.3261884 2.0253236 -0.40653083 995.24 
20150701185839 -1.9835961 -2.3427265 -0.8643068 0.81581056 2.1868975 -0.5323691 995.24 
20150701185839 -3.0765493 -4.396353 -0.17298107 -0.18387043 1.207986 -0.4120286 995.24 
20150701185839 -3.0238767 -8.626907 5.535394 -1.3084733 0.79168135 -0.37873647 995.24 
20150701185839 -2.7976246 -18.667591 17.931374 -2.0427334 0.50243664 -0.33322698 995.24 
20150701185839 -2.5845408 -18.181568 19.277514 -2.7476718 0.29901853 -0.35369098 995.24 
20150701185839 -4.1683054 -13.290214 13.546991 -1.7589865 0.14446963 -0.6759224 995.24 
20150701185839 -3.933075 -8.420407 3.982156 0.5012149 0.19761491 0.12095132 995.24 
20150701185839 -2.705448 -4.935647 -3.34051 1.8625281 0.6750061 0.711658 995.23 
20150701185839 -5.0427876 -6.904279 1.2557588 2.3386977 1.2599095 0.30787608 995.23 
20150701185839 -4.3209357 -10.765528 5.1062336 1.2134838 1.7510452 -0.43463063 995.23 
20150701185839 -1.5005659 -13.166314 -9.120711 0.1441642 1.3466524 -0.2959642 995.23 
20150701185839 -0.021547815 -12.643181 -2.72939 -0.29138273 0.3115413 0.70249504 995.23 
20150701185839 -4.642956 -11.638214 4.7159786 -1.2217305 -0.07544186 0.1518 995.23 
20150701185839 -3.3327289 -6.591836 1.5640123 -1.4630222 -2.5998425 -0.6606508 995.23 
20150701185839 -1.1719618 -5.583278 -4.538808 -0.27855456 -4.955644 -0.40133846 995.23 
20150701185839 -2.2505496 -6.6726403 -4.996699 -0.33475417 -2.982855 0.22693644 995.23 
20150701185839 -1.541866 -11.856686 -1.7351977 -1.1588113 -0.548557 0.6808093 995.03 
20150701185839 7.2298903 -19.536087 4.5884876 -1.6475036 -0.95539325 0.9645562 995.03 
20150701185839 3.1908724 -10.287286 3.4476504 -2.1175644 -2.1239784 0.9654725 995.03 
20150701185839 0.8170213 -9.252991 2.4289176 -1.8041905 -2.1939225 -0.8772025 995.03 
20150701185839 0.55844754 -8.344392 0.8475474 -1.4214834 -1.128879 -1.3408492 995.03 
20150701185839 -0.9163807 -7.0904284 1.7016789 -1.3814718 -0.32620203 -0.9639453 995.03 
20150701185839 -1.9788077 -6.427833 1.2599486 -1.6835446 0.21471913 -0.829555 995.03 
20150701185839 -1.6705543 -7.255628 1.6262615 -1.8460348 0.70188415 -0.79779 995.03 
20150701185839 -0.079008654 -8.157045 0.6368576 -1.7611245 1.0928379 -0.52442783 995.03 
20150701185839 1.3676877 -8.257003 -1.1384429 -1.2925909 1.1145236 -0.14202617 995.12 
20150701185839 1.3814543 -8.49343 -1.0408791 -0.79779 0.4083634 0.039095376 995.12 
20150701185839 0.56203884 -8.432977 3.031658 -0.729984 -0.8573494 -0.050701816 995.12 
20150701185839 -0.1448492 -9.56304 2.7521348 -0.77763146 -2.2797492 -0.032375857 995.12 
20150701185839 0.20470424 -9.257181 -0.4261679 -1.1224649 -3.0579915 0.014966198 995.12 
20150701185839 0.94570965 -9.828198 -0.4141969 -1.4740179 -2.7595837 0.1441642 995.12 
20150701185839 0.89303726 -11.645397 1.4730326 -1.2767084 -0.7476991 0.4279111 995.12 
20150701185839 1.2659341 -13.165116 1.4383167 -1.0720685 -0.2855795 0.50518554 995.12 
20150701185839 3.004723 -12.68867 1.3090298 -1.0125091 -0.50579643 0.3924809 995.12 
20150701185839 4.1276035 -11.909358 2.8377275 -0.8414669 -0.093462385 0.36957347 995.22 
20150701185839 3.6116533 -11.498753 3.354875 -0.65118235 0.4746423 0.26297748 995.22 
20150701185839 2.5492263 -12.014703 2.0901382 -0.34208453 0.22815818 0.033292156 995.22 
20150701185839 2.0093338 -13.599664 1.0899603 -0.04184427 0.03359759 -0.071776666 995.22 
20150701185839 2.5121162 -13.223176 1.0989386 0.64476824 0.018325957 -0.18142697 995.22 
20150701185839 0.7691373 -11.678916 -1.0001777 0.9477574 0.1957823 -0.28771752 995.22 
20150701185840 -2.3906105 -11.250354 -0.074220255 1.3680327 0.47678033 -0.34880406 995.22 
20150701185840 -3.4620156 -13.103466 -0.6159084 1.883603 0.9850202 -0.20280726 995.22 
20150701185840 1.002572 -11.161768 -4.766257 2.1285598 1.6123788 -0.002443461 995.22 
20150701185840 -1.6573862 -14.475344 -4.252701 2.824641 2.1212296 0.6291912 995.22 
20150701185840 -5.466561 -16.843807 -2.1188686 2.600148 2.0482311 -0.116675265 995.22 
20150701185840 -3.9731777 -14.252683 10.685921 2.0384574 0.056505036 -0.49541172 995.22 
20150701185840 -2.9484594 -9.276933 -0.27353755 1.8301523 -1.8732183 0.21074851 995.22 
20150701185840 -1.8662802 -7.7207017 0.2789245 3.39244 -2.7293458 0.63285637 995.22 
20150701185840 -1.2982559 -7.61835 -0.34117374 3.57234 0.084910266 0.46273044 995.22 
20150701185840 0.5129577 -6.603208 -0.29927522 3.0677652 0.99387777 0.5332854 995.22 
20150701185840 1.3910311 -6.5619082 0.0676362 2.1529946 1.3524556 0.78893244 995.22 
20150701185840 0.97982705 -7.2340803 -0.110731825 1.5451837 1.5668694 0.75655663 995.22 
20150701185840 -0.5141548 -6.221333 -0.4973954 1.3628404 1.2803736 0.38362336 995.24 
20150701185840 -1.2599486 -4.0503907 -1.1599907 1.2253957 0.9602802 0.07696902 995.24 
20150701185840 -1.4879963 -2.9855695 -0.9032126 1.040609 1.07665 -0.24312437 995.24 
20150701185840 -2.0655975 -2.4528596 -1.1228806 1.0626001 1.6126842 -0.46609017 995.24 
20150701185840 -2.710835 -3.1172507 -0.56563014 0.8445212 1.5732834 -0.43188173 995.24 
20150701185840 -4.0258503 -5.2660465 0.4309563 0.36010507 1.3368785 -0.3042109 995.24 
20150701185840 -4.7644615 -9.293693 4.956596 -0.7831292 1.0647382 -0.20463985 995.24 
20150701185840 -0.4405331 -17.035343 15.7586355 -2.0201313 0.59864795 -0.21013765 995.24 
20150701185840 -0.705691 -19.608511 19.608511 -2.6154196 0.3387248 -0.12705997 995.24 
20150701185840 -3.8881836 -13.573328 15.05474 -1.7348573 0.23640485 -0.2434298 995.24 
20150701185840 -6.1405287 -3.9240966 4.171298 1.2867876 0.79137594 0.027183503 995.24 
20150701185840 -5.3833623 -0.40761283 -3.804985 2.7898216 0.92149025 0.41630468 995.24 
20150701185840 -6.627749 -9.76116 -2.7856536 2.437047 1.8933768 0.028405234 995.24 
20150701185840 -3.6104562 -14.011467 -4.459201 0.8594874 2.1884248 -0.37598756 995.24 
20150701185840 -1.103727 -15.285182 3.2172086 -0.2764165 1.1798862 0.50915617 995.24 
20150701185840 0.39504328 -7.867945 -2.059612 -0.8417723 -0.4896085 0.33261612 995.24 
20150701185840 1.6340426 -8.00621 0.25258827 -0.08002335 -2.303573 -0.119729586 995.24 
20150701185840 0.05207389 -7.687782 -5.0942626 -0.36743546 -2.3692408 -0.45875978 995.24 
20150701185840 -1.7076644 -7.4106526 -2.3409307 -1.0754282 -1.3564262 -0.15424347 995.1 
20150701185840 -1.0127473 -12.926295 4.9362454 -1.8161024 -1.3765849 0.3594942 995.1 
20150701185840 1.2144588 -16.746244 1.459266 -2.182927 -2.19209 0.7104363 995.1 
20150701185840 2.0368671 -13.467384 2.7024553 -1.5723672 -2.5277603 0.41386122 995.1 
20150701185840 0.5231331 -9.979631 1.8459295 -1.5528195 -0.9957104 -0.7141015 995.1 
20150701185840 0.08559271 -8.999206 0.8283938 -1.740966 -0.09132435 -1.3133603 995.1 
20150701185840 -2.042254 -7.741651 1.7046716 -1.6743816 0.071776666 -1.1652255 995.1 
20150701185840 -2.758719 -6.987478 1.1013328 -1.6154331 0.3036 -1.3356569 995.1 
20150701185840 -0.8714894 -7.4806833 0.9840169 -1.5543466 0.21838433 -1.2131784 995.1 
20150701185840 0.49919105 -8.391078 0.09816227 -1.6178766 0.38545597 -0.77579886 995.14 
20150701185840 0.87567925 -8.732252 0.46866497 -1.5317446 0.5864306 -0.410196 995.14 
20150701185840 0.5662287 -9.090784 0.40761283 -1.0955868 0.3210097 -0.105068825 995.14 
20150701185840 0.24001873 -8.90643 -0.4357447 -0.82436264 -0.45204028 0.017715093 995.14 
20150701185840 0.29388827 -8.947132 0.79367787 -0.74372846 -1.1114693 0.008552114 995.14 
20150701185840 0.47225627 -8.9363575 1.5747862 -0.9944886 -1.5180001 9.162979E-4 995.14 
20150701185840 0.9355343 -9.227852 1.134253 -1.094976 -1.8707749 0.07269296 995.14 
20150701185840 1.5406688 -10.019135 0.4830302 -1.0418307 -1.9065105 0.172264 995.14 
20150701185840 1.3940239 -11.120468 1.9512744 -1.0797043 -1.4810427 0.34697145 995.14 
20150701185840 1.4957775 -11.886613 2.9137435 -1.2049317 -0.8008443 0.47952923 995.18 
20150701185840 3.079542 -11.858481 1.0456676 -1.1496484 -0.6398814 0.41416663 995.18 
20150701185841 3.7403417 -11.180324 0.56084174 -0.86376345 -0.5128214 0.30207285 995.18 
20150701185841 2.0829554 -10.5841675 2.280477 -0.4279111 0.122478485 0.1994475 995.18 
20150701185841 1.436521 -11.182119 2.5234885 -0.30024028 -0.08246681 -0.014660766 995.18 
20150701185841 1.3198037 -12.7814455 0.7745243 -0.267559 -0.33017266 -0.06811147 995.18 
20150701185841 0.98581254 -13.087305 0.76315176 0.13652839 0.20769419 -0.057421334 995.18 
20150701185841 0.27952304 -11.758523 0.093972415 0.8405506 0.7330383 -0.14049901 995.18 
20150701185841 -1.3245921 -10.666767 1.6089035 1.1249083 0.6270532 -0.17715092 995.18 
20150701185841 -1.8309658 -13.135788 0.27832595 1.6145169 0.7284568 -0.07147124 995.21 
20150701185841 0.41599256 -12.978968 -3.2597055 2.3878722 1.1713341 0.16676621 995.21 
20150701185841 -0.7278373 -15.568895 -3.828927 3.170696 1.8686367 0.22204952 995.21 
20150701185841 -3.46022 -17.518373 -3.0777464 3.068987 1.3054191 -0.12522738 995.21 
20150701185841 -1.4095862 -14.0803 6.8545995 2.3383923 -0.24617869 -0.27458394 995.21 
20150701185841 -1.2138603 -10.402806 3.1310172 1.6853772 -2.0879374 0.552833 995.21 
20150701185841 -2.4744074 -7.687183 -0.729633 2.4376578 -3.1059444 0.64996064 995.21 
20150701185841 -2.4785974 -7.055712 -1.1821371 2.7052166 -1.5143349 0.2968805 995.21 
20150701185841 -1.5280992 -6.699575 0.2765303 2.3112087 -0.26328292 0.3036 995.21 
20150701185841 -0.6853402 -6.939594 1.6717514 1.6410894 0.17104226 0.5006041 995.19 
20150701185841 -0.6847417 -7.374141 0.30645782 1.1615603 0.57787853 0.58246 995.19 
20150701185841 0.52073884 -7.501034 -0.58538234 1.128879 1.20371 0.5644395 995.19 
20150701185841 0.5626374 -6.973711 0.3549404 1.6853772 2.3026567 0.5839872 995.19 
20150701185841 -1.1139023 -5.644929 -0.712275 2.1313088 2.2198844 0.49418998 995.19 
20150701185841 -1.9740193 -3.5727475 -1.1719618 2.1768184 1.4935656 0.15424347 995.19 
20150701185841 -2.343325 -2.32058 -0.077811554 1.616044 1.3139712 -0.12339478 995.19 
20150701185841 -2.421735 -2.6569653 0.14903906 0.56077427 1.6951511 -0.1386664 995.19 
20150701185841 -3.1370027 -5.2875943 1.2725182 -0.19730948 1.1615603 -0.07422013 995.19 
20150701185841 -1.8022354 -10.408194 3.7475243 -1.0742066 0.9492846 -0.064446285 995.3 
20150701185841 -1.049259 -15.986683 12.983157 -1.6978999 0.97402465 -0.031154128 995.3 
20150701185841 -1.951873 -16.459538 18.638262 -2.0879374 1.0760391 -0.2910773 995.3 
20150701185841 -4.805163 -11.903971 12.794614 -1.598329 0.6215554 -0.65118235 995.3 
20150701185841 -5.331289 -7.4088573 3.0520086 0.5174029 -0.13225232 0.37140608 995.3 
20150701185841 -3.2662897 -6.7360864 0.82599956 1.534799 0.44776422 0.45662177 995.3 
20150701185841 -6.0381765 -9.772532 2.979584 1.149343 1.2244794 -0.22785273 995.3 
20150701185841 -6.4026937 -12.452842 2.9747956 0.75319684 0.960891 -0.5647449 995.3 
20150701185841 -1.845331 -10.008362 -3.2842462 0.8765916 0.8197812 0.19883664 995.3 
20150701185841 -3.5751417 -11.614272 -1.4161704 0.23701571 0.35155296 0.75808376 995.28 
20150701185841 -3.192668 -9.836577 1.6364368 -0.77671516 -0.06291912 0.12186762 995.28 
20150701185841 -0.010773907 -7.327454 -0.4842273 -0.6939429 -1.4162911 -0.17287487 995.28 
20150701185841 2.3732524 -7.080253 -3.1334114 -0.1328632 -2.9767463 0.17562376 995.28 
20150701185841 -0.13826515 -9.0554695 -3.1573534 -0.7629707 -1.5922203 0.32620203 995.28 
20150701185841 5.963358 -19.608511 4.1802764 -1.4080443 -0.7067711 0.28619036 995.28 
20150701185841 -0.02873042 -12.296021 4.0641575 -2.0323486 -1.0842859 0.34788775 995.28 
20150701185841 -1.4024036 -9.791686 3.4745853 -1.767844 -1.5949692 -1.325883 995.28 
20150701185841 -0.6727707 -8.981249 0.9660604 -1.0818423 -1.7314975 -1.8689423 995.28 
20150701185841 -1.5215151 -7.9307933 -0.32621 -1.0112875 -1.3836098 -0.8405506 995.09 
20150701185841 -2.9604304 -7.068282 0.88046765 -1.5125023 -0.3036 -0.86834496 995.09 
20150701185841 -3.2303767 -6.658275 2.0907366 -1.9489655 0.89461213 -1.003957 995.09 
20150701185841 -1.5161282 -7.566276 1.8776526 -1.951409 0.9569204 -0.86651236 995.09 
20150701185841 0.5590461 -8.471883 0.5057751 -1.5754215 0.7632761 -0.53786683 995.09 
20150701185841 1.4359225 -8.947132 0.095169514 -1.0387764 0.3817908 -0.25778514 995.09 
20150701185842 1.6298528 -8.962694 0.41120413 -0.81306165 0.08582657 -0.026267206 995.09 
20150701185842 1.7082629 -8.872313 0.3705027 -0.77304995 -0.6038403 0.041233405 995.09 
20150701185842 1.3012487 -8.821436 0.8098387 -0.72692966 -1.2327261 0.01038471 995.09 
20150701185842 0.9391256 -8.915408 1.5933412 -0.8020661 -1.9260582 -0.043982297 995.15 
20150701185842 0.39504328 -9.242816 1.0480618 -0.97433007 -2.3020456 -0.025961773 995.15 
20150701185842 0.52852005 -9.537302 0.3812766 -1.1600331 -2.2773056 0.10567969 995.15 
20150701185842 1.0043676 -10.64043 0.19512744 -1.1615603 -1.6710218 0.28802297 995.15 
20150701185842 1.0708067 -12.188282 0.83856916 -1.0528263 -0.82986045 0.43218717 995.15 
20150701185842 1.62686 -12.561179 1.9327193 -0.9776898 -0.2764165 0.42058071 995.15 
20150701185842 2.9125464 -12.251729 2.2242134 -1.0415252 -0.020463986 0.2941316 995.15 
20150701185842 2.8981812 -11.566987 2.7299886 -0.8604037 0.32803464 0.19364429 995.15 
20150701185842 2.1350293 -11.88781 2.9322984 -0.505491 0.5561928 0.14569137 995.15 
20150701185842 2.106299 -13.757682 1.1031284 -0.08093964 0.2941316 0.08093964 995.25 
20150701185842 2.4396915 -13.557766 1.168969 0.52106804 -0.19792034 -0.023823744 995.25 
20150701185842 0.24241292 -10.705074 0.12150574 1.0360274 -0.07513642 -0.19150625 995.25 
20150701185842 -2.9179332 -10.980408 3.3207579 1.2406673 0.3109304 -0.35918877 995.25 
20150701185842 -2.7802668 -13.773244 -0.40701428 1.7324139 0.550695 -0.3933972 995.25 
20150701185842 0.8451532 -12.252327 -4.533421 2.4174993 1.1554517 -0.098043874 995.25 
20150701185842 -0.4950012 -14.802152 -3.693056 3.5411859 2.1762075 0.44012842 995.25 
20150701185842 -3.1591492 -16.266806 -1.2808979 3.4101553 2.057394 0.16493362 995.25 
20150701185842 -1.3084313 -13.126211 7.599196 2.576935 0.10323623 -0.33353242 995.25 
20150701185842 -0.7679402 -9.194333 1.0486604 1.8671097 -2.1713204 0.27275133 995.1 
20150701185842 -1.3664906 -6.9126587 -0.6326678 2.1273382 -3.1370986 0.7593055 995.1 
20150701185842 -1.429937 -6.1106014 -0.374094 2.3408356 -1.7919732 0.6026186 995.1 
20150701185842 -0.20949265 -5.8879404 0.56203884 1.7831156 0.36651915 0.20280726 995.1 
20150701185842 0.008978256 -6.491279 -0.27473465 1.2147056 1.1163563 0.23640485 995.1 
20150701185842 0.6919243 -6.89171 -0.23283611 1.2009611 2.0460932 0.30757064 995.1 
20150701185842 1.3192052 -7.33344 0.17776948 1.6032158 2.3127358 0.35002577 995.1 
20150701185842 -0.010175358 -6.5445504 0.12988544 1.781894 1.6316211 0.3118467 995.1 
20150701185842 -1.5969325 -4.7620673 -0.50996494 1.7437148 1.0928379 0.096516706 995.1 
20150701185842 -2.2631192 -3.560178 -0.28311434 1.38025 1.269378 -0.26816985 995.18 
20150701185842 -2.2637177 -3.2465374 -0.60932434 0.90041536 1.6505579 -0.44501534 995.18 
20150701185842 -2.4839842 -4.1000705 -0.30585927 0.24495697 1.325883 -0.46181414 995.18 
20150701185842 -3.3441012 -6.8162923 0.48961425 -0.47036624 1.0103711 -0.41355577 995.18 
20150701185842 -2.8736405 -12.169128 3.6092591 -1.5335772 0.81336707 -0.37659842 995.18 
20150701185842 -0.01616086 -18.363527 14.665084 -2.381458 0.6383542 -0.15118915 995.18 
20150701185842 -0.741604 -19.221848 19.608511 -2.658791 0.5018258 -0.23548855 995.18 
20150701185842 -2.7192147 -13.160328 15.303139 -1.3625349 0.42638394 -0.5329799 995.18 
20150701185842 -4.5663414 -7.6363063 3.4680011 1.7938058 0.977079 0.42394048 995.18 
20150701185842 -5.928642 -7.00304 -2.3008277 2.713769 2.098933 0.43951756 995.21 
20150701185842 -6.9485717 -12.542026 2.8299465 2.169488 1.5115861 0.019547688 995.21 
20150701185842 -1.0749966 -12.425308 2.9484594 0.16218472 0.9972375 -0.6224717 995.21 
20150701185842 2.9622262 -10.318411 -7.4693108 -0.1554652 0.25259277 0.6123924 995.21 
20150701185842 -0.5919664 -7.946954 -2.9227216 0.27947086 -0.027794369 0.54061574 995.21 
20150701185842 -6.609194 -8.422203 8.777742 -0.41263947 0.008246681 -0.4605924 995.21 
20150701185842 -2.8874073 -7.183802 -3.7175968 -1.0464121 -1.9089539 -0.88270026 995.21 
20150701185842 -1.4053963 -7.2430587 -5.827487 -0.35460728 -3.4691038 -0.0143553335 995.21 
20150701185842 -1.3042414 -10.543466 -1.9405005 -0.36865717 -1.6679676 0.6411031 995.21 
20150701185842 6.1399302 -19.43972 4.999093 -1.4737124 -0.3930918 0.97524637 995.03 
20150701185842 2.4893713 -11.825561 2.331354 -2.0015 -1.6417004 0.9468411 995.03 
20150701185842 -0.15023616 -9.223662 1.7274165 -1.6270396 -2.0066924 -0.58184916 995.03 
20150701185843 0.049679685 -8.383896 0.8002619 -1.3307699 -1.0571023 -1.4978416 995.03 
20150701185843 -0.90381116 -6.8492126 0.7152678 -1.4401149 -0.6059783 -0.9410379 995.03 
20150701185843 -1.9746178 -6.789956 0.32800564 -1.6982054 0.03970624 -0.711658 995.03 
20150701185843 -1.6705543 -7.507618 1.6657659 -1.7614299 0.64904433 -0.8078693 995.03 
20150701185843 -0.7577648 -8.217499 1.2084733 -1.7464638 0.7816021 -0.5693264 995.03 
20150701185843 0.45968673 -8.629301 -0.3250129 -1.3121386 0.7861836 -0.26083946 995.03 
20150701185843 0.9271546 -8.677784 -1.0061632 -0.8188649 0.5564982 -0.015882496 995.13 
20150701185843 1.3982137 -8.824429 -0.52612585 -0.818254 -0.079107046 -0.01740966 995.13 
20150701185843 1.5933412 -8.272566 2.4720132 -1.072374 -0.82344633 0.0036651916 995.13 
20150701185843 0.28311434 -9.331401 4.458602 -1.0864239 -2.1056526 0.05100725 995.13 
20150701185843 -0.038905777 -9.870096 0.86131406 -1.0381655 -3.0353894 0.010995574 995.13 
20150701185843 1.0881647 -10.593744 -0.7793127 -1.0720685 -2.2638667 0.12370021 995.13 
20150701185843 1.797447 -11.823167 1.067814 -0.9285152 -0.59681535 0.4428773 995.13 
20150701185843 1.5987282 -12.266692 2.7880478 -0.9257663 0.20647246 0.49846604 995.13 
20150701185843 2.9179332 -11.959636 1.8237832 -0.8005389 -0.56382865 0.3555236 995.13 
20150701185843 4.061165 -11.6825075 2.247557 -0.58368176 -0.57971114 0.25411993 995.21 
20150701185843 3.5883098 -11.827955 2.914342 -0.26908615 0.1414153 0.16829337 995.21 
20150701185843 2.4247277 -13.154343 0.97264445 0.043676864 0.27397305 0.01740966 995.21 
20150701185843 1.412579 -13.523049 0.7787141 0.4364632 -0.14508049 -0.14477506 995.21 
20150701185843 -1.2012907 -11.919533 0.7158663 0.9828822 0.13897185 -0.20616703 995.21 
20150701185843 -3.9725792 -12.322357 3.6032736 1.1404854 0.8042041 -0.12767084 995.21 
20150701185843 -2.2092497 -12.735357 -2.1601684 1.5170839 1.0974194 0.10140363 995.21 
20150701185843 0.63206923 -11.306019 -4.032434 2.3075435 1.5457945 0.4538729 995.21 
20150701185843 -0.24361002 -13.748703 -3.292626 3.264464 2.2043073 0.7629707 995.21 
20150701185843 -2.582745 -16.097416 -1.4041992 3.0069842 1.5219707 -0.05131268 995.18 
20150701185843 -2.248754 -14.434044 6.621165 2.4831672 -1.255328 -0.50732356 995.18 
20150701185843 -1.0582372 -10.014347 2.0015526 1.7568485 -2.7595837 -0.21135938 995.18 
20150701185843 -1.6053122 -7.7027454 -0.21188685 2.0277672 -3.5369098 0.57940567 995.18 
20150701185843 -2.6671407 -7.116166 -0.55725044 2.2739458 -1.9532416 0.44623706 995.18 
20150701185843 -1.3724761 -6.0268044 0.2621651 1.9969184 -0.20677789 0.004276057 995.18 
20150701185843 -0.9876082 -6.739079 1.0594343 1.3225232 0.22999077 -0.0021380284 995.18 
20150701185843 -0.52612585 -7.129334 -0.1400608 0.8032878 1.2272283 0.08368854 995.18 
20150701185843 0.08559271 -7.2394676 -0.45310268 0.92271197 2.6896396 0.14202617 995.18 
20150701185843 0.97743285 -7.3328414 0.76075757 1.5876387 3.2443054 0.23182335 995.21 
20150701185843 -0.40821138 -5.9465985 -0.40880993 2.133447 2.521041 0.18112154 995.21 
20150701185843 -1.8650831 -4.571728 -1.7286136 1.9666806 1.1560625 -0.25625798 995.21 
20150701185843 -3.0963013 -3.301604 -1.8614918 1.1976013 1.4349225 -0.5195409 995.21 
20150701185843 -3.5272577 -3.4272997 -1.0486604 0.13591751 1.9370537 -0.50762904 995.21 
20150701185843 -2.3690627 -6.0268044 0.80325466 -0.7296785 1.2721269 -0.34300083 995.21 
20150701185843 0.11971009 -13.55597 7.2939353 -1.4056009 0.39675698 -0.2929099 995.21 
20150701185843 0.3429694 -15.290569 18.088793 -1.8414533 0.15363261 -0.26297748 995.21 
20150701185843 -0.7733272 -14.7877865 17.343597 -2.064419 0.22235495 -0.59681535 995.21 
20150701185843 -3.1878796 -10.498574 11.317391 -0.51159966 0.4437936 -0.5299256 995.19 
20150701185843 -4.1413703 -6.932411 0.16819267 0.91507614 2.1716259 -0.026267206 995.19 
20150701185843 -2.1033063 -5.909488 -0.39923313 1.7318029 2.7834074 0.18875736 995.19 
20150701185843 -5.4486046 -11.104906 2.4714148 1.2702943 1.0210613 -0.065973446 995.19 
20150701185843 -6.8198833 -16.341024 5.6431336 -0.112399206 -0.14477506 -0.45051312 995.19 
20150701185843 -3.028665 -13.89056 -2.2864625 -0.058337633 -0.024129177 -0.07727446 995.19 
20150701185843 -1.9566613 -8.236652 -6.2626333 0.6933321 0.34788775 1.2794572 995.19 
20150701185844 -3.663727 -4.6232033 -0.7954735 0.3827071 3.0543262E-4 0.50885075 995.19 
20150701185844 -4.8255134 -5.807136 7.5309615 -0.528093 -1.3878858 -0.5516113 995.19 
20150701185844 -1.9788077 -9.900622 -4.994903 -1.0112875 -3.0976977 -0.4437936 995.21 
20150701185844 -0.6937199 -11.30961 -6.2985463 -0.22571471 -3.0534098 0.37659842 995.21 
20150701185844 1.8992004 -15.620969 -1.9512744 -0.8347474 0.04337143 1.1429288 995.21 
20150701185844 5.470751 -13.927072 6.6893997 -1.7852536 0.0125227375 1.0393872 995.21 
20150701185844 -0.11432313 -11.680712 2.1511903 -2.1154263 -1.4272866 -0.54367006 995.21 
20150701185844 1.0755951 -9.3733 2.484583 -0.74189585 -1.4239268 -2.0295997 995.21 
20150701185844 0.9307459 -8.248025 0.5189432 -0.9074403 -1.135904 -0.9098838 995.21 
20150701185844 -1.0779893 -7.374141 0.6799533 -1.5549575 -0.54519725 -0.49174652 995.21 
20150701185844 -2.1523874 -6.815694 0.6913257 -2.1401663 0.27977628 -0.8530733 995.21 
20150701185844 -1.7830818 -6.7630215 1.697489 -2.0754147 0.5729916 -0.7593055 995.07 
20150701185844 -1.6095021 -7.9744873 2.1200657 -1.7321084 0.16310102 -0.47891834 995.07 
20150701185844 -0.109534726 -8.944737 0.5057751 -1.2241739 -0.35369098 -0.2452624 995.07 
20150701185844 1.2791022 -9.257181 1.3730747 -0.9193522 -0.8344419 -0.043676864 995.07 
20150701185844 2.0272903 -8.926781 0.533907 -0.9300423 -0.729984 0.06872234 995.07 
20150701185844 1.5873557 -9.168595 1.1725603 -0.92149025 -1.0595458 0.099265605 995.07 
20150701185844 0.38187516 -8.770559 2.7341783 -0.77457714 -1.3075571 0.12644911 995.07 
20150701185844 0.088585466 -9.347562 1.6531962 -0.7247916 -1.779145 0.115453534 995.07 
20150701185844 0.89902276 -9.844957 0.1352724 -0.76083267 -2.1768184 0.21319197 995.07 
20150701185844 1.5598224 -11.270106 0.66259533 -0.9114109 -1.7870862 0.32436943 995.17 
20150701185844 1.8722657 -12.465411 1.4167689 -0.7247916 -0.677755 0.4578435 995.17 
20150701185844 2.6491842 -12.529456 1.513734 -0.5626069 -0.52778757 0.43035457 995.17 
20150701185844 2.8844144 -11.848905 1.4867992 -0.537256 -0.63224554 0.36926803 995.17 
20150701185844 2.1823149 -10.73979 2.1428106 -0.57360244 -0.35979962 0.24862215 995.17 
20150701185844 1.7016789 -11.040861 2.2661119 -0.51159966 0.1563815 0.07941248 995.17 
20150701185844 1.7118542 -12.4390745 1.7250223 -0.25473082 0.18020524 -0.03145956 995.17 
20150701185844 1.8555063 -13.379397 1.8285716 0.16432275 0.1600467 -0.09590584 995.17 
20150701185844 -0.1400608 -11.637017 0.59855044 0.68539083 0.34513888 -0.18600847 995.17 
20150701185844 -2.5995045 -9.807847 1.3263878 1.0183123 0.5479461 -0.21533 995.21 
20150701185844 -3.6822822 -12.503119 2.3415294 1.312444 0.82344633 -0.09162979 995.21 
20150701185844 1.4065934 -11.715427 -3.70802 1.7983873 1.2541064 0.17867808 995.21 
20150701185844 0.92416185 -14.723742 -5.2618566 3.0314188 2.021353 0.743423 995.21 
20150701185844 -1.5640123 -16.75163 -3.53863 3.2171218 1.9950858 0.10415252 995.21 
20150701185844 -1.8381484 -14.815919 6.14412 2.5320365 -0.10262536 -0.4071417 995.21 
20150701185844 -1.2150574 -11.188105 5.896919 1.5360206 -1.9419407 0.016493361 995.21 
20150701185844 -1.5167267 -8.892065 -0.16819267 1.921782 -3.4962873 0.49327368 995.21 
20150701185844 -1.5873557 -7.0527196 -0.58298814 2.6212227 -2.3582454 0.42210788 995.21 
20150701185844 -1.3640964 -6.2608376 -0.15981296 2.2525656 0.16707164 0.27763826 995.1 
20150701185844 -1.5448587 -5.971139 0.31004912 1.4831808 0.5366451 0.12644911 995.1 
20150701185844 -1.0301052 -6.703166 0.973243 0.85918194 1.0552697 0.15118915 995.1 
20150701185844 -0.7236475 -7.5028296 0.60453594 0.71959925 2.1691825 0.2489276 995.1 
20150701185844 -0.48841715 -7.382521 0.23642741 1.1749994 2.3084598 0.31215215 995.1 
20150701185844 -0.40162733 -5.880758 -0.08319851 1.7993035 2.0030272 0.41263947 995.1 
20150701185844 -1.3215994 -4.4035354 -1.2689269 2.1340578 1.5503759 0.3903429 995.1 
20150701185844 -1.7465701 -2.9634233 -1.8644845 2.0082195 1.3933836 0.21380283 995.1 
20150701185844 -1.6077064 -2.9777884 -0.7870938 1.1817188 1.4031575 -0.25625798 995.1 
20150701185844 -2.180519 -4.957793 0.12629414 0.20616703 1.890628 -0.3268129 995.25 
20150701185844 -2.3594859 -9.217676 2.9113493 -0.56016344 1.1759156 -0.30451632 995.25 
20150701185844 -2.4073699 -15.969325 13.372215 -1.5809193 0.7742717 -0.25809056 995.25 
20150701185845 -2.3870192 -16.473305 19.608511 -2.4596488 0.5742133 -0.32650748 995.25 
20150701185845 -3.1627405 -13.721169 14.610018 -1.9190332 0.52778757 -0.72387534 995.25 
20150701185845 -4.5244427 -9.655217 7.731476 0.44684792 0.6762278 0.024740042 995.25 
20150701185845 -3.8492777 -6.728904 -1.9309237 1.7944167 1.2812898 0.6151413 995.25 
20150701185845 -6.4308257 -7.929596 -1.0109516 1.717753 0.6945538 0.15485434 995.25 
20150701185845 -8.602965 -12.73835 6.013636 1.0219775 1.378112 -0.49693888 995.25 
20150701185845 -4.1862617 -14.367006 2.5905263 0.4373795 1.6939293 -0.21074851 995.42 
20150701185845 -0.557849 -9.6923275 -8.899248 0.83199847 0.6563747 1.1074986 995.42 
20150701185845 -2.172738 -4.7536874 -3.2962172 0.5867361 0.34880406 0.49113566 995.42 
20150701185845 -2.3211784 -7.271789 6.443395 -0.6988298 -0.64568454 -0.5030475 995.42 
20150701185845 -0.5033809 -10.198102 -6.043564 -1.1756102 -2.805704 -0.70341134 995.42 
20150701185845 -0.7469909 -7.029975 -5.3157263 -0.48930305 -2.7507262 0.101098195 995.42 
20150701185845 1.2509704 -10.827777 -0.8331822 -1.4016303 -0.66920286 1.1557571 995.42 
20150701185845 5.979519 -19.603125 4.286818 -2.0207422 -1.6154331 1.3503176 995.42 
20150701185845 -1.1677719 -10.207081 3.7600937 -1.9465221 -2.1817052 0.08307768 995.42 
20150701185845 -0.065242 -9.2625675 0.717662 -1.353372 -1.9422461 -2.098933 995.18 
20150701185845 -0.40940848 -7.2083426 0.03232172 -1.2125676 -1.4810427 -1.3301591 995.18 
20150701185845 -1.8788497 -7.0168066 0.02873042 -1.536937 -0.6078109 -0.45081854 995.18 
20150701185845 -2.5115175 -6.6026096 1.3994108 -1.8826867 0.16065755 -0.86620694 995.18 
20150701185845 -2.4211364 -7.7213006 2.8431146 -2.0549507 0.21746802 -0.84665924 995.18 
20150701185845 -0.8283938 -8.37013 1.6843209 -1.9715676 0.04062254 -0.6383542 995.18 
20150701185845 0.6727707 -8.84059 0.6889315 -1.4358387 -0.17379116 -0.3631594 995.18 
20150701185845 1.6310499 -9.209895 0.31124622 -0.85918194 -0.04428773 -0.03359759 995.18 
20150701185845 1.887828 -8.833407 0.25079262 -0.7357872 0.08124508 0.006414085 995.18 
20150701185845 1.4885949 -8.409035 0.9187749 -0.8539896 -0.3848451 -0.01160644 995.23 
20150701185845 0.4782418 -8.871715 2.610877 -0.8943067 -1.1334605 -0.029626964 995.23 
20150701185845 -0.31364042 -9.784504 2.124854 -0.7987063 -2.3215933 -0.0729984 995.23 
20150701185845 0.24181437 -10.110115 0.30705637 -0.8558222 -2.934902 -0.025350908 995.23 
20150701185845 0.9696517 -10.836756 0.94211835 -1.1548407 -2.4352143 0.2180789 995.23 
20150701185845 1.067814 -12.014703 1.3192052 -1.0128145 -0.9324858 0.4465425 995.23 
20150701185845 1.5310919 -11.80521 1.7525556 -0.7855727 -0.47250426 0.3857614 995.23 
20150701185845 2.919729 -11.616667 2.5647886 -0.9129381 -0.14721853 0.29932398 995.23 
20150701185845 3.2728736 -11.3802395 2.7856536 -0.7312057 0.16432275 0.18906279 995.23 
20150701185845 2.1134815 -12.266692 1.8273745 -0.2770274 0.10323623 0.10445796 995.23 
20150701185845 0.78290397 -13.344083 1.062427 -0.04795292 0.054061573 -0.005192355 995.23 
20150701185845 1.602918 -13.333309 1.5077485 0.54336464 0.17379116 -0.18387043 995.23 
20150701185845 0.7727286 -11.512519 0.23642741 1.0186177 0.25992316 -0.23243423 995.23 
20150701185845 -2.48159 -10.911574 2.8473043 1.3738359 0.42210788 -0.17531833 995.23 
20150701185845 -3.019687 -13.013683 -1.9997569 1.6493362 0.9642508 -0.087964594 995.23 
20150701185845 -0.11252748 -13.095086 -5.810129 2.4984388 1.5650368 0.2602286 995.23 
20150701185845 -3.0071173 -16.545132 -4.669292 3.488957 2.4593434 0.5503896 995.23 
20150701185845 -2.124854 -14.141353 -0.5422867 3.1468723 1.9437732 -0.10354166 995.23 
20150701185845 0.3274071 -10.724827 8.567052 2.069917 -0.9098838 0.007330383 995.13 
20150701185845 -1.9608512 -9.278131 1.3108255 1.2938126 -2.8921416 0.7458665 995.13 
20150701185845 -1.6711528 -7.565677 -0.7062895 2.1661282 -4.1581597 0.2049453 995.13 
20150701185845 -1.1599907 -6.706159 -1.292869 2.536618 -2.1749856 -0.006414085 995.13 
20150701185845 0.2172738 -6.4948707 1.436521 2.062892 -0.57787853 0.22632557 995.13 
20150701185845 0.2896984 -7.249643 1.5269021 1.0546589 0.2171626 0.18875736 995.13 
20150701185845 -0.5009867 -7.5225816 -0.9068039 0.66523224 1.6786577 0.12034045 995.13 
20150701185845 0.09696517 -7.4705076 -0.011971008 1.2177598 2.924212 0.10170906 995.13 
20150701185846 -0.17776948 -6.731298 1.2773066 1.8719965 2.984993 0.3811799 995.13 
20150701185846 -1.9255368 -5.3725886 -0.85473 2.133447 1.6884315 0.37904188 995.2 
20150701185846 -2.6342204 -3.8313212 -1.525705 1.9532416 0.70952 0.018020526 995.2 
20150701185846 -3.0538042 -3.3141737 -1.198298 1.2119566 1.2861768 -0.3726278 995.2 
20150701185846 -2.992752 -4.2395325 -0.7104794 0.26725355 2.0167716 -0.3036 995.2 
20150701185846 -2.397793 -7.1514807 0.089782566 -0.72601336 1.2198979 -0.1020145 995.2 
20150701185846 -1.7232267 -12.743737 4.7668557 -1.3845261 0.766025 -0.03481932 995.2 
20150701185846 -1.5616181 -15.02601 16.662447 -2.08977 0.7742717 -0.22968534 995.2 
20150701185846 0.28670564 -15.783774 19.145832 -2.3127358 0.59864795 -0.86162543 995.2 
20150701185846 -3.1441853 -11.423933 13.611635 -0.28924468 -0.13316862 -0.2678644 995.2 
20150701185846 -6.171055 -8.067263 2.5941176 1.0986412 0.9602802 0.301462 995.13 
20150701185846 -2.5432408 -5.3019595 -1.685518 1.7373008 1.7947221 0.36896262 995.13 
20150701185846 -3.2842462 -8.817844 2.8724434 1.2342533 1.88849 -0.043066 995.13 
20150701185846 -5.391742 -13.538612 8.987235 0.28955013 0.6081163 -0.559858 995.13 
20150701185846 0.53809685 -10.298658 -8.286332 0.36193767 -0.28985557 -0.18570304 995.13 
20150701185846 -3.1136594 -7.4256167 -7.606379 1.2751812 -0.23884831 1.0708468 995.13 
20150701185846 -7.33763 -7.81228 9.424775 -0.17654006 0.74281216 0.3454443 995.13 
20150701185846 -4.1258082 -8.887277 0.39983168 -1.2727377 -1.2797627 -0.5314528 995.13 
20150701185846 -1.0510546 -9.179968 -6.4601545 -0.5891795 -3.0836477 -0.2171626 995.13 
20150701185846 -1.2934675 -10.007763 -3.0819361 0.35033122 -2.9837713 0.62949663 995.2 
20150701185846 2.2547395 -15.43901 5.905897 -1.0506883 -0.3368922 0.8359691 995.2 
20150701185846 3.2573113 -15.880141 1.287482 -2.2162192 -0.42455134 0.8035932 995.2 
20150701185846 2.030283 -10.444106 2.834735 -1.2702943 -1.9156734 0.1142318 995.2 
20150701185846 0.3309984 -9.935937 2.0410569 -1.0015136 -1.5555683 -0.5513059 995.2 
20150701185846 -0.45609543 -8.835801 1.127669 -1.4123205 -1.1261301 -0.9560041 995.2 
20150701185846 -1.0187328 -7.755418 0.83617496 -1.8063285 -0.6230826 -1.0280862 995.2 
20150701185846 -1.4161704 -6.7971387 1.3497312 -1.8774943 0.19333886 -0.9242391 995.2 
20150701185846 -1.7040731 -6.9132576 0.90141696 -1.7540996 0.43676865 -0.850019 995.2 
20150701185846 -1.7417817 -8.2115135 1.0079589 -1.6242907 0.26145032 -0.73731434 995.12 
20150701185846 -0.49081135 -7.6985555 0.039504327 -1.5806139 0.1731803 -0.5357288 995.12 
20150701185846 0.38965634 -8.084022 -0.22864626 -1.2159272 0.30879238 -0.081855945 995.12 
20150701185846 0.7212533 -8.909423 0.9259575 -0.7965683 0.19792034 0.13133603 995.12 
20150701185846 1.2886791 -8.93576 0.39444473 -0.86529064 -0.3979787 0.03023783 995.12 
20150701185846 1.4568717 -9.114127 1.2443863 -1.0454959 -1.287704 0.004581489 995.12 
20150701185846 0.6464345 -9.986814 2.0925324 -0.96883225 -1.7650951 0.038179077 995.12 
20150701185846 0.7858967 -10.394426 1.2401965 -0.8961393 -2.24157 0.0106901415 995.12 
20150701185846 1.3994108 -10.36031 0.78888947 -0.9627236 -2.0992384 0.1414153 995.12 
20150701185846 1.8393455 -11.185112 1.0241197 -0.9282097 -1.0180069 0.31337386 995.18 
20150701185846 1.8920178 -11.659762 1.8201919 -0.8594874 -0.27672195 0.2874121 995.18 
20150701185846 1.3431472 -12.126632 1.5801731 -0.82833326 -0.11728613 0.18661933 995.18 
20150701185846 0.83138657 -11.589732 2.0949266 -0.6768387 -0.13500121 0.08155051 995.18 
20150701185846 0.7236475 -11.413159 2.8083985 -0.46028697 -0.06383542 0.06261369 995.18 
20150701185846 0.94930094 -11.888409 2.110489 -0.39003745 0.094989546 0.0421497 995.18 
20150701185846 1.6633717 -12.308591 2.2888567 -0.07727446 0.25870144 0.03726278 995.18 
20150701185846 1.2557588 -12.12723 1.5269021 0.5861252 0.3475823 -0.0106901415 995.18 
20150701185846 -0.19931729 -10.651205 1.3072342 1.040609 0.41538838 -0.056505036 995.18 
20150701185846 -1.6992847 -11.91295 1.7986441 1.4486669 0.6985244 -0.051618114 995.13 
20150701185846 0.82719666 -11.830948 -2.7527335 2.0204368 1.1111639 0.087659165 995.13 
20150701185846 0.97623575 -13.645154 -4.7459064 2.8099802 1.7751744 0.31245756 995.13 
20150701185846 -1.8555063 -16.467918 -4.0144777 3.097087 2.187203 0.20555615 995.13 
20150701185847 -2.6551697 -14.615404 -0.62129533 2.3903158 1.3564262 -0.2843578 995.13 
20150701185847 -1.7788919 -12.6354 9.52593 1.5344934 -0.8872818 0.0033597588 995.13 
20150701185847 -2.321777 -9.46009 0.092775315 1.3298537 -2.748588 0.6750061 995.13 
20150701185847 -1.9919758 -8.189367 -0.7212533 2.5506678 -3.189022 0.6047566 995.13 
20150701185847 -1.2258313 -7.527969 0.09756372 2.9391782 -0.88178396 0.32253686 995.13 
20150701185847 -0.02932897 -7.006033 0.85054016 2.2241604 0.52290064 0.25381452 995.13 
20150701185847 0.30825347 -6.867169 0.002992752 1.6814066 0.9370673 0.33353242 995.13 
20150701185847 0.093373865 -7.150882 -0.7793127 1.3225232 1.6444492 0.38240165 995.13 
20150701185847 0.13347675 -6.6959834 -0.6961141 1.5274686 2.445599 0.34300083 995.13 
20150701185847 -1.0923545 -5.149329 -0.30885202 1.7809776 2.0659463 0.3200934 995.13 
20150701185847 -2.2343888 -4.214992 -1.0468647 1.7024814 1.1420126 0.11209377 995.13 
20150701185847 -2.5671828 -3.572149 -0.95947635 1.2895365 0.9410379 -0.25992316 995.13 
20150701185847 -2.3241713 -3.2255883 -0.7272388 0.81000733 1.251052 -0.38728857 995.13 
20150701185847 -2.2996306 -4.697424 0.6422446 0.28405234 1.3662001 -0.25625798 995.13 
20150701185847 -1.9069817 -9.039309 2.1972785 -0.30268374 1.3680327 -0.1957823 995.26 
20150701185847 0.3800795 -15.827469 9.643845 -1.3087788 1.2684617 -0.19700404 995.26 
20150701185847 -1.7723078 -19.451094 19.608511 -2.2314909 1.221425 -0.2507602 995.26 
20150701185847 -5.48751 -15.262437 18.8699 -2.6511552 0.79381937 -0.8002335 995.26 
20150701185847 -6.965331 -8.785523 6.1088057 -0.50915617 -0.15241088 -0.32589662 995.26 
20150701185847 -2.8215668 -3.4674027 -5.5407815 2.2409592 -0.098043874 0.6414085 995.26 
20150701185847 -4.3915644 -9.148245 -1.9405005 2.3973405 1.0607675 0.37751472 995.26 
20150701185847 -4.548983 -13.803171 2.7515364 1.1957687 2.1496348 -0.116675265 995.26 
20150701185847 0.7068881 -15.470733 3.1914709 -0.21991149 1.7458528 -0.31764993 995.26 
20150701185847 -1.6005238 -8.599374 -6.2793927 -0.23365596 0.36957347 0.7312057 995.33 
20150701185847 -4.0958805 -5.9304376 -0.30705637 0.4905248 -0.44776422 0.15668693 995.33 
20150701185847 -3.892972 -6.76362 2.6240451 -0.3680463 -1.351234 -0.7367035 995.33 
20150701185847 -2.2750902 -7.57286 -5.4581814 -1.2208142 -2.8102856 -0.61483586 995.33 
20150701185847 -2.2331917 -7.9188223 -4.0934863 -0.9450085 -2.459038 0.13347405 995.33 
20150701185847 4.2012253 -17.275362 2.03567 -1.3048081 -1.0238101 0.7651087 995.33 
20150701185847 3.870227 -15.333665 5.228338 -1.8054122 -1.7620409 1.0845913 995.33 
20150701185847 0.6183026 -10.307038 3.0011318 -1.5244142 -2.2666154 -0.45998153 995.33 
20150701185847 0.736217 -9.688137 0.6775591 -0.7816021 -1.5928311 -1.8466456 995.33 
20150701185847 0.26156655 -7.823054 -0.32441434 -0.9801333 -0.31429017 -1.0760391 995.06 
20150701185847 -1.7411832 -7.48607 0.8158242 -1.5583172 0.41508293 -0.6081163 995.06 
20150701185847 -2.3145945 -7.177218 1.1510124 -1.9504927 0.8173377 -0.98746365 995.06 
20150701185847 -1.9494787 -7.4968443 2.2517467 -1.9278907 0.50579643 -0.9117164 995.06 
20150701185847 -0.28550854 -7.807492 1.049259 -1.5851953 0.25534168 -0.5476407 995.06 
20150701185847 0.7410054 -8.414422 0.23882163 -1.024421 -0.121256754 -0.15363261 995.06 
20150701185847 1.4347254 -8.8567505 0.38965634 -0.6774496 -0.086437434 0.018020526 995.06 
20150701185847 1.6190789 -9.00579 0.14664486 -0.6386596 -0.49541172 0.04428773 995.06 
20150701185847 1.6567876 -9.148245 1.3383588 -0.63071835 -1.0103711 0.047647487 995.06 
20150701185847 1.1587936 -9.505579 2.0632033 -0.7367035 -1.5668694 -0.00580322 995.18 
20150701185847 0.3226187 -9.8916445 1.1755531 -0.83169305 -2.0738876 0.008246681 995.18 
20150701185847 0.57041854 -10.022128 0.4381389 -1.0363328 -2.2424862 0.07147124 995.18 
20150701185847 1.0151415 -10.234613 1.0827777 -1.1844677 -1.543351 0.267559 995.18 
20150701185847 0.9187749 -11.059416 0.39025488 -0.9767735 -0.552833 0.45478916 995.18 
20150701185847 1.2024878 -11.86327 0.4938041 -0.72356987 -0.40011674 0.4288274 995.18 
20150701185847 1.5400703 -12.132018 1.7770962 -0.58551437 -0.36896262 0.27183503 995.18 
20150701185847 1.7310078 -11.319187 2.308609 -0.5476407 -0.14569137 0.20586158 995.18 
20150701185847 1.9895816 -11.432313 3.0855274 -0.45662177 -0.3100141 0.15424347 995.18 
20150701185848 2.5528176 -12.907142 2.28347 -0.39461896 0.0143553335 0.11575896 995.21 
20150701185848 3.0334535 -13.204621 2.130241 0.0143553335 0.2125811 0.0421497 995.21 
20150701185848 1.5502456 -12.509704 1.2024878 0.63499445 0.3145956 -0.0421497 995.21 
20150701185848 -0.78649527 -10.059238 1.3431472 0.9077458 0.44806966 -0.16615535 995.21 
20150701185848 -2.1278467 -12.130821 2.961029 1.3347405 0.58368176 -0.16584991 995.21 
20150701185848 0.4177882 -12.412739 -2.7275944 1.8280143 1.1841623 0.086132 995.21 
20150701185848 0.9056068 -12.979566 -4.8614264 2.9969049 2.1044307 0.35705075 995.21 
20150701185848 -0.6715736 -14.9386215 -3.040636 3.254079 2.477975 0.21868975 995.21 
20150701185848 -1.6095021 -14.384364 1.0181342 2.5017986 1.2174544 -0.14263703 995.21 
20150701185848 -1.5610195 -12.287044 6.281188 1.713477 -1.3628404 0.029932396 995.1 
20150701185848 -1.596334 -9.548675 0.23882163 1.5989398 -2.7495046 0.38515055 995.1 
20150701185848 -1.5741876 -7.502231 -0.6356605 2.4459045 -2.79929 0.59712076 995.1 
20150701185848 -1.7250223 -6.877943 0.6841431 2.2702806 -0.7538077 0.5317582 995.1 
20150701185848 -1.2210429 -6.9988503 0.99538934 1.6212363 0.16493362 0.204029 995.1 
20150701185848 -0.9684546 -7.4615297 -0.4249708 1.2880094 0.90377516 0.1469131 995.1 
20150701185848 -0.05207389 -7.9708962 -0.6895301 1.1707232 1.781894 0.22876903 995.1 
20150701185848 0.15801731 -7.445967 -0.048482586 1.5564847 2.7363708 0.38789943 995.1 
20150701185848 -1.3126211 -5.45878 0.23403321 1.8918496 2.3545802 0.34788775 995.1 
20150701185848 -2.5713725 -3.9612067 -0.89902276 1.9236146 1.4001031 0.09468412 995.2 
20150701185848 -2.743755 -3.2489316 -0.480636 1.5842791 1.1417072 -0.20738874 995.2 
20150701185848 -2.753332 -3.417723 -0.10414778 0.8558222 1.3494014 -0.2773328 995.2 
20150701185848 -3.0873232 -4.841076 1.0199299 0.14538592 1.2034045 -0.19303341 995.2 
20150701185848 -3.726575 -8.242638 3.4596214 -0.77946407 0.8762862 -0.1255328 995.2 
20150701185848 -0.90021986 -14.344261 8.11395 -1.4862351 0.80756384 -0.09040806 995.2 
20150701185848 -1.3257892 -16.824654 17.896658 -1.924531 0.84207773 6.1086525E-4 995.2 
20150701185848 -1.6190789 -14.996681 17.052103 -2.110234 0.8454375 -0.4392121 995.2 
20150701185848 -3.870227 -10.682329 9.129091 -0.7315111 0.46670106 -0.23884831 995.2 
20150701185848 -3.244742 -7.2951326 -0.14724341 1.2308935 0.6261369 0.6032294 995.21 
20150701185848 -4.3718123 -8.484452 -1.3227965 2.065641 1.368949 0.48991394 995.21 
20150701185848 -6.725911 -12.756906 3.1717186 1.670411 1.4737124 -0.025350908 995.21 
20150701185848 -2.9634233 -13.588292 3.8732197 0.46273044 0.5626069 -0.30695978 995.21 
20150701185848 -0.20530279 -9.537901 -6.925827 0.24770586 0.14172074 0.46089783 995.21 
20150701185848 -3.539827 -4.780622 -4.496909 0.50915617 0.13988814 0.31642818 995.21 
20150701185848 -5.5377884 -5.667674 7.835025 -0.36285394 -0.41172317 -0.8246681 995.21 
20150701185848 -2.167351 -8.739435 -5.281609 -1.0219775 -2.5030203 -0.7819075 995.21 
20150701185848 -0.38606504 -8.363545 -5.7083755 -0.30818152 -2.719572 0.19608775 995.21 
20150701185848 1.5227122 -11.358093 0.41838676 -0.91232723 -0.5488624 1.001819 995.08 
20150701185848 3.2788591 -19.604921 3.2794578 -1.9062049 -1.3203852 1.2257011 995.08 
20150701185848 0.41299978 -9.75697 3.1280246 -1.570229 -2.4233024 0.13622294 995.08 
20150701185848 0.062249243 -9.739014 0.9636662 -1.033584 -1.8411479 -1.387275 995.08 
20150701185848 -0.85293436 -8.1319065 0.6194997 -1.1282681 -1.2977833 -1.0549643 995.08 
20150701185848 -2.421735 -7.741651 1.9315223 -1.536326 -0.39736784 -0.66553766 995.08 
20150701185848 -2.4145525 -7.417237 1.2521675 -1.8298469 0.41386122 -0.96486163 995.08 
20150701185848 -0.7954735 -7.256227 1.5352819 -1.7931949 0.47708577 -0.9486737 995.08 
20150701185848 0.26515785 -8.287529 1.3479356 -1.5244142 0.52626044 -0.64660084 995.08 
20150701185848 1.3257892 -8.459911 0.14903906 -1.3674219 0.63804877 -0.44837508 995.13 
20150701185848 1.2856863 -8.650849 -0.29688102 -1.2302825 0.52473325 -0.28221974 995.13 
20150701185848 0.6739678 -8.4647 0.1945289 -0.9236283 0.46853364 -0.079107046 995.13 
20150701185848 0.14065935 -8.604162 0.21787235 -0.7861836 -0.35369098 -0.032375857 995.13 
20150701185848 0.13227965 -8.994417 1.9764135 -0.8481864 -1.4425583 -0.07971791 995.13 
20150701185849 0.19153613 -9.544485 1.7657237 -0.98837996 -2.0616703 -0.055283304 995.13 
20150701185849 0.8050503 -9.720459 0.8559271 -1.2321151 -2.2406538 0.110872045 995.13 
20150701185849 1.4676456 -10.387842 0.5895722 -1.317331 -1.9138408 0.30390546 995.13 
20150701185849 1.6867151 -11.748347 0.60453594 -0.97158116 -0.89644474 0.4334089 995.13 
20150701185849 1.4095862 -12.25951 1.1593921 -0.6795876 -0.42485678 0.43310347 995.2 
20150701185849 2.3265655 -12.297817 2.7736826 -0.72784597 -0.22449298 0.2565634 995.2 
20150701185849 2.5396495 -11.894993 2.831742 -0.7348709 -0.00580322 0.087659165 995.2 
20150701185849 2.5318682 -12.140997 2.393603 -0.49235737 -0.1151481 0.05955936 995.2 
20150701185849 1.9393034 -13.595474 1.2354081 -0.23365596 0.058948494 0.049480084 995.2 
20150701185849 1.8650831 -13.643358 1.3036429 0.43066 0.3100141 -0.08399397 995.2 
20150701185849 0.95708215 -12.282255 1.1432313 0.97005403 0.11026118 -0.2782491 995.2 
20150701185849 -1.2150574 -9.96766 0.90620536 1.0885619 0.21410827 -0.33200526 995.2 
20150701185849 -3.0921116 -12.500127 1.590947 1.4764613 0.49968776 -0.17195857 995.2 
20150701185849 1.3934253 -10.903194 -3.843891 2.1355848 1.2883148 0.19181168 995.24 
20150701185849 0.9271546 -12.558187 -4.156933 3.0741794 2.0567832 0.7296785 995.24 
20150701185849 -1.1192893 -14.890139 -2.2720973 3.549738 2.4260514 0.627664 995.24 
20150701185849 -1.0654198 -13.252505 5.026028 2.7116308 0.77640975 -0.24312437 995.24 
20150701185849 -0.58538234 -10.369886 3.5930982 1.6578883 -1.9135354 -0.07880162 995.24 
20150701185849 -0.9900024 -8.457518 -0.107739076 1.4046847 -3.2727106 0.32589662 995.24 
20150701185849 -1.4682442 -7.441777 -0.59735334 2.0033326 -3.073874 0.46609017 995.24 
20150701185849 -1.049259 -6.494272 0.25079262 1.8692477 -0.8940013 0.29840767 995.24 
20150701185849 -0.34356794 -6.84203 1.2246342 1.149343 0.23579398 0.17195857 995.24 
20150701185849 -0.78050977 -8.093 -0.45310268 0.7452556 1.7003434 0.15668693 995.23 
20150701185849 -0.40701428 -8.434174 -0.9516952 1.006095 2.8469374 0.11789699 995.23 
20150701185849 0.91578215 -7.9511437 0.44951138 1.7528778 3.5760052 0.25137106 995.23 
20150701185849 -0.25198972 -6.3967085 0.1352724 2.2116377 2.7348437 0.410196 995.23 
20150701185849 -1.6699557 -4.2838254 -1.5819688 2.4489589 1.6536123 0.20341812 995.23 
20150701185849 -2.3786395 -3.0831332 -1.6729485 1.9211712 1.3219124 -0.2947425 995.23 
20150701185849 -2.947861 -3.4476504 -0.76195467 0.7516697 1.8252654 -0.4990769 995.23 
20150701185849 -3.9546227 -5.530606 0.57879823 -0.15241088 1.2782356 -0.42119157 995.23 
20150701185849 -4.3502645 -9.726444 4.2185836 -1.2257011 0.5204572 -0.29352075 995.23 
20150701185849 -2.779668 -14.110228 13.369821 -2.1025982 -0.02076942 -0.19914207 995.28 
20150701185849 -0.2136825 -16.281769 17.523163 -2.5033257 -0.17012598 -0.15241088 995.28 
20150701185849 -3.05141 -13.854048 12.699445 -1.4850134 -0.0036651916 -0.35460728 995.28 
20150701185849 -4.64535 -8.461109 10.502166 1.0754282 0.7699956 0.28588495 995.28 
20150701185849 -3.5643678 -5.4659624 1.0235212 1.5549575 1.3206906 0.8765916 995.28 
20150701185849 -2.244564 -7.1969705 -1.110311 1.7956384 1.2257011 0.63346726 995.28 
20150701185849 -3.8109705 -17.764977 5.659294 1.2470814 1.9941696 0.226631 995.28 
20150701185849 1.0690111 -13.427281 -5.1062336 0.11301007 1.3439035 0.06078109 995.28 
20150701185849 -2.8592753 -5.4976854 -6.8462195 0.19608775 0.04917465 0.79809546 995.28 
20150701185849 -7.577648 -3.7325604 8.16722 0.19272798 -0.47219884 -0.17287487 995.33 
20150701185849 -5.7736173 -6.282984 1.2108675 -0.91446525 -1.8555032 -1.25319 995.33 
20150701185849 -1.3664906 -8.180987 -8.168418 -0.9398162 -3.674049 -0.5888741 995.33 
20150701185849 -0.61411273 -10.384252 -4.695628 -0.034208454 -2.2033908 0.36163223 995.33 
20150701185849 7.443573 -19.53908 4.345476 -1.1325442 0.25259277 1.5244142 995.33 
20150701185849 1.6687586 -13.727754 4.020463 -2.1493294 -1.0112875 1.3607023 995.33 
20150701185849 1.4359225 -10.561422 2.4271219 -1.9425515 -2.2269092 -1.2614367 995.33 
20150701185849 1.5508442 -9.552266 2.1374235 -1.0735956 -1.8600847 -1.790446 995.33 
20150701185849 0.3453636 -8.521563 1.2934675 -1.0824533 -0.7431176 -0.72082096 995.33 
20150701185849 -0.9020155 -8.1558485 0.9187749 -1.4795157 -0.2507602 -0.4382958 995.11 
20150701185850 -1.5562311 -7.6105685 1.745373 -1.7852536 0.20066923 -0.852157 995.11 
20150701185850 -1.4490906 -7.319673 2.3062148 -1.9260582 0.4071417 -0.89949906 995.11 
20150701185850 -0.58777654 -8.210316 1.5454572 -1.6878207 0.32528573 -0.6786713 995.11 
20150701185850 0.7978677 -8.056489 0.623091 -1.3374895 0.09101892 -0.33475417 995.11 
20150701185850 1.4257472 -8.285733 -0.320823 -1.103528 0.17654006 -0.0852157 995.11 
20150701185850 1.1552023 -8.5886 -0.31124622 -0.8011498 0.22907446 0.030848695 995.11 
20150701185850 1.1815386 -8.747216 0.2657564 -0.8060367 -0.34300083 -0.06658431 995.11 
20150701185850 0.9403227 -8.754398 1.3718776 -0.98624194 -1.3530666 -0.034208454 995.11 
20150701185850 0.0700304 -9.431957 2.5474305 -1.1230757 -2.3472497 0.010079277 995.16 
20150701185850 0.4794389 -9.5385 1.0953473 -1.2202033 -2.7418687 0.08399397 995.16 
20150701185850 1.5119383 -10.418967 0.688333 -1.2620476 -2.3683245 0.3304781 995.16 
20150701185850 2.1110873 -12.012907 1.0965444 -1.1508701 -0.9324858 0.48899764 995.16 
20150701185850 1.9111716 -12.543222 1.5831659 -0.9257663 -0.1328632 0.4279111 995.16 
20150701185850 1.7184383 -12.258312 2.441487 -0.9111055 0.3304781 0.183565 995.16 
20150701185850 1.666963 -11.951257 3.1555579 -0.6621779 0.33353242 0.056199603 995.16 
20150701185850 2.8993783 -12.861651 1.9045875 -0.40042216 -0.24098633 0.082161374 995.16 
20150701185850 3.3147724 -13.637373 0.9259575 -0.17165314 -0.2443461 0.124311075 995.16 
20150701185850 3.342904 -13.579912 1.6579847 0.49296826 0.31703907 0.062308256 995.22 
20150701185850 1.2773066 -11.795034 -0.3298013 0.9398162 0.3998113 -0.19150625 995.22 
20150701185850 -1.5688007 -10.357915 0.3812766 1.3295482 0.31490102 -0.3747658 995.22 
20150701185850 -3.7337575 -12.777256 0.6955156 1.840537 0.7987063 -0.25534168 995.22 
20150701185850 -0.17477672 -11.713632 -3.454833 2.1471913 1.5598444 0.003970624 995.22 
20150701185850 -0.533907 -12.706028 -4.3766007 2.7281241 2.341141 0.50701815 995.22 
20150701185850 -3.1507695 -14.887745 -2.60968 3.0030136 2.4831672 0.49938235 995.22 
20150701185850 -2.44448 -13.810952 7.7087307 2.4764478 0.9859365 -0.14813483 995.22 
20150701185850 -1.0199299 -10.148422 2.1960814 1.9440787 -1.2571607 0.115453534 995.22 
20150701185850 -0.65660983 -7.785944 -0.45130703 2.450486 -2.6780334 0.56046885 995.14 
20150701185850 -0.7236475 -7.0605006 -1.1162965 2.8735101 -1.7434094 0.61544675 995.14 
20150701185850 -0.7170634 -6.621165 -0.97144735 2.2806654 -0.08460484 0.35521814 995.14 
20150701185850 -0.36631286 -7.1945763 1.5119383 1.7061466 0.34972036 0.28680122 995.14 
20150701185850 -0.59495914 -7.3106947 0.53091425 0.90194255 0.5345071 0.2434298 995.14 
20150701185850 -0.61112 -7.541735 -1.822586 0.64965516 1.2644911 0.22082779 995.14 
20150701185850 -0.0011971008 -7.8984714 -1.1354501 1.1154399 2.5787675 0.30879238 995.14 
20150701185850 -0.9588778 -6.314707 -0.53689975 1.498147 2.7824912 0.32834008 995.14 
20150701185850 -2.1039047 -4.460996 -0.8170213 1.8423696 1.8933768 0.04917465 995.14 
20150701185850 -2.6156654 -3.232771 -0.3657143 1.7672331 1.0345002 -0.21044308 995.19 
20150701185850 -2.6856956 -2.9322984 -0.16579847 1.3741413 1.2382239 -0.39828414 995.19 
20150701185850 -3.1124623 -6.5206084 1.2898762 0.23884831 1.1820242 -0.4642576 995.19 
20150701185850 -2.1649568 -12.949638 6.8372416 -1.1713341 1.2528846 -0.453262 995.19 
20150701185850 -1.8896236 -17.153856 16.576256 -2.3472497 0.7486154 -0.45723262 995.19 
20150701185850 -3.525462 -19.094357 19.354128 -2.9177978 0.22999077 -0.66523224 995.19 
20150701185850 -5.3618145 -10.903194 15.445594 -1.4532484 -0.18845193 -0.5635232 995.19 
20150701185850 -5.613206 -5.5617304 3.555988 1.7867808 0.32834008 0.6264423 995.19 
20150701185850 1.2802993 -2.0374656 -7.020398 2.5466971 1.5387696 0.8979719 995.19 
20150701185850 -4.0665517 -10.655993 1.5382746 2.5405886 2.5179865 0.6930266 995.24 
20150701185850 -4.8165355 -16.14111 3.1022868 0.62980205 2.3322835 -0.33505958 995.24 
20150701185850 1.1707647 -15.652692 -1.6759412 -0.6462954 0.6966918 0.07971791 995.24 
20150701185850 -2.5330653 -7.453748 -5.899313 -0.3827071 -0.5170974 0.9575313 995.24 
20150701185850 -4.5441947 -4.778228 3.7894228 0.15577064 -0.8713993 -0.27152961 995.24 
20150701185850 -3.7840357 -7.0545154 -1.0103531 -0.6392705 -2.6804767 -0.9407325 995.24 
20150701185851 -2.6940753 -8.106767 -6.1926026 -0.7623598 -3.07815 -0.42302418 995.24 
20150701185851 -1.3431472 -11.247361 -1.5412674 -0.74097955 -1.7263051 0.32834008 995.24 
20150701185851 6.8049197 -19.599533 4.5621514 -1.6691893 -0.4129449 1.1557571 995.24 
20150701185851 1.4520833 -11.806407 2.331354 -1.81091 -1.9575176 0.9654725 994.94 
20150701185851 0.31184477 -10.195708 2.7551277 -1.2479976 -1.9529362 -1.4251486 994.94 
20150701185851 0.42556936 -8.6574335 0.84096336 -1.2357804 -0.77549344 -1.4483615 994.94 
20150701185851 -1.2449849 -7.627927 1.2898762 -1.53205 -0.29657507 -0.66645396 994.94 
20150701185851 -2.4690206 -7.6135616 2.1577742 -1.81091 0.42302418 -0.80848014 994.94 
20150701185851 -1.6226702 -6.9701195 0.49919105 -1.865277 0.6020077 -0.8933904 994.94 
20150701185851 -0.83497787 -7.371747 0.99179804 -1.6362026 0.52473325 -0.6603453 994.94 
20150701185851 0.1376666 -8.119935 1.1522095 -1.4853189 0.38087448 -0.43585235 994.94 
20150701185851 1.4347254 -8.498219 1.0672154 -1.3374895 -0.17531833 -0.1685988 994.94 
20150701185851 1.4496891 -9.218874 0.9175778 -1.0064005 -0.49663344 0.030848695 995.16 
20150701185851 1.4975731 -8.961497 0.5069722 -0.7648033 -0.8179486 0.0067195175 995.16 
20150701185851 0.7098808 -8.915408 0.65182143 -0.8750645 -1.2492194 -0.023518313 995.16 
20150701185851 -0.29328972 -9.320627 1.5029601 -0.890947 -1.509448 -0.021991149 995.16 
20150701185851 -0.40282443 -9.854534 0.84216046 -0.8359691 -1.8029687 -0.045814894 995.16 
20150701185851 0.35793316 -10.441712 0.86969376 -1.0387764 -2.0457878 0.06566802 995.16 
20150701185851 1.0348936 -11.409568 0.7493851 -1.2067643 -1.3826935 0.2828306 995.16 
20150701185851 1.3485341 -12.289437 1.2868834 -0.9810496 -0.5910121 0.37018433 995.16 
20150701185851 2.0817583 -12.178705 1.7034745 -0.6814202 -0.3753767 0.30818152 995.16 
20150701185851 2.7138276 -11.834539 2.6210523 -0.691194 -0.23243423 0.18020524 995.22 
20150701185851 2.815581 -11.3802395 3.1884782 -0.54244834 -0.27183503 0.09315695 995.22 
20150701185851 2.8874073 -12.385804 2.943671 -0.39675698 -0.34605515 0.03023783 995.22 
20150701185851 3.293823 -13.093889 1.7459716 -0.058948494 -0.061086524 0.002443461 995.22 
20150701185851 2.4115596 -13.286622 0.88046765 0.6597345 0.31306845 -0.112399206 995.22 
20150701185851 -0.088585466 -11.362882 -1.6334441 1.0253373 0.47250426 -0.23182335 995.22 
20150701185851 -3.6074634 -10.623672 0.7457938 1.5378532 0.56779927 -0.3323107 995.22 
20150701185851 -4.2904096 -13.013084 2.96881 1.8020525 1.0366384 -0.12889257 995.22 
20150701185851 0.65900403 -10.839149 -4.5142674 2.2638667 1.5143349 0.43890667 995.22 
20150701185851 -2.0177135 -14.328698 -5.5347958 3.2980614 1.9575176 1.0369438 995.13 
20150701185851 -4.06715 -17.035343 0.85532856 3.3414328 2.0463986 0.14385876 995.13 
20150701185851 -1.5622166 -12.483966 6.5666966 2.3542747 -0.06841691 -0.24709499 995.13 
20150701185851 -0.6721721 -8.59279 1.4885949 2.0308216 -3.1548135 0.419359 995.13 
20150701185851 -0.78649527 -7.2544312 0.44891283 2.5732698 -4.012774 0.71685034 995.13 
20150701185851 -0.3633201 -6.736685 0.19033903 2.176513 -1.9312505 0.28985557 995.13 
20150701185851 0.9935937 -6.7348895 0.99898064 1.3811663 -0.31673363 0.19120082 995.13 
20150701185851 0.15562311 -7.52737 -1.0630256 0.8561276 1.2974777 0.25686884 995.13 
20150701185851 0.43754035 -7.223905 -1.3150153 0.97524637 2.5644124 0.1863139 995.13 
20150701185851 -0.5255273 -6.683414 0.35553896 1.6804903 3.5014796 0.33505958 995.19 
20150701185851 -2.5438392 -5.053561 0.6171055 1.9905044 2.3283129 0.39492437 995.19 
20150701185851 -2.8431146 -3.8839936 -0.51834464 1.9355265 0.98990715 0.08735373 995.19 
20150701185851 -2.6048915 -3.6134489 -0.1604115 1.4401149 0.8894198 -0.28008172 995.19 
20150701185851 -3.0023289 -3.5122938 -0.049081136 0.78893244 1.4581354 -0.4129449 995.19 
20150701185851 -3.5003228 -4.386776 0.60573304 0.23487769 1.1450669 -0.2959642 995.19 
20150701185851 -4.2131963 -7.335834 1.6095021 -0.66920286 0.83108217 -0.13072516 995.19 
20150701185851 -2.790442 -13.35366 6.2728086 -1.5592335 0.7476991 -0.08857546 995.19 
20150701185851 -2.2080526 -16.269798 18.175583 -2.3331997 0.50701815 -0.12308934 995.19 
20150701185851 -0.8499416 -17.534534 17.34659 -2.7687466 0.09743301 -0.5910121 995.25 
20150701185851 -3.0945058 -11.820772 13.767857 -1.1038336 -0.70554936 -0.32467487 995.25 
20150701185852 -3.809175 -7.683592 5.282806 1.3439035 -0.08002335 0.61758476 995.25 
20150701185852 -2.903568 -7.6548615 -3.0346506 2.1649065 1.0433578 0.8368854 995.25 
20150701185852 -6.6983776 -14.634558 3.2429461 2.4083362 1.8930714 0.35796702 995.25 
20150701185852 -3.4584243 -16.11657 3.7870286 0.5412266 2.1868975 -0.046731193 995.25 
20150701185852 0.38606504 -6.7743936 -12.435484 -0.25900686 0.27366763 0.49602258 995.25 
20150701185852 -3.5021186 -2.5049336 -3.1136594 0.61544675 -1.1899655 0.26939157 995.25 
20150701185852 -4.821324 -5.0385976 9.701305 -0.7965683 -1.4337007 -0.9779953 995.25 
20150701185852 -1.2749124 -10.827179 -9.7563715 -1.1670581 -3.0521882 -0.77640975 995.3 
20150701185852 -0.712275 -8.901642 -5.793968 -0.023518313 -1.9150625 0.52564955 995.3 
20150701185852 6.989872 -17.541119 2.4355016 -1.1059716 0.1160644 1.5635096 995.3 
20150701185852 2.8832173 -16.063896 5.285799 -2.1297817 -1.4453071 1.5952746 995.3 
20150701185852 0.25558102 -10.828975 3.0765493 -1.4902058 -2.3157902 -1.2507466 995.3 
20150701185852 0.51714754 -8.86932 0.53450555 -0.9767735 -1.781894 -1.9446895 995.3 
20150701185852 -0.28311434 -7.641693 -0.088585466 -1.3136657 -0.9560041 -0.8341365 995.3 
20150701185852 -1.525705 -6.843227 0.14185645 -1.7531832 -0.07422013 -0.7519751 995.3 
20150701185852 -3.1519666 -6.673837 2.3702598 -1.9587394 0.5467244 -0.9728029 995.3 
20150701185852 -2.6940753 -7.5255747 3.0364463 -1.9327776 0.376293 -0.9266826 995.14 
20150701185852 -0.59974754 -8.1642275 1.0480618 -1.829236 0.19730948 -0.6450737 995.14 
20150701185852 0.59735334 -8.884883 -0.04070143 -1.3591752 0.16310102 -0.2751948 995.14 
20150701185852 1.2264298 -8.664018 -0.7517793 -0.98746365 0.4813618 -0.14446963 995.14 
20150701185852 1.6160861 -8.585009 -0.45010993 -0.8060367 0.2434298 -0.042760566 995.14 
20150701185852 1.2515689 -8.498817 1.3581109 -0.8002335 -0.7067711 0.027488936 995.14 
20150701185852 -0.009576807 -9.099762 3.716998 -0.8854492 -1.9990565 -0.030848695 995.14 
20150701185852 0.091578215 -9.078813 1.5945383 -1.0204504 -2.9492574 -0.012217305 995.14 
20150701185852 1.134253 -9.645041 -0.57161564 -1.2559389 -3.0198123 0.12156218 995.14 
20150701185852 2.280477 -11.468824 0.2172738 -1.0320568 -1.4239268 0.4092797 995.22 
20150701185852 1.9925743 -12.739547 1.1420342 -0.81489426 -0.10354166 0.58368176 995.22 
20150701185852 1.7112557 -12.41214 2.3540988 -0.81489426 -0.31215215 0.5152648 995.22 
20150701185852 3.2501287 -12.052411 2.5139117 -0.7657196 -0.4859433 0.22479841 995.22 
20150701185852 4.1533413 -11.704055 2.178125 -0.61300325 -0.22143865 0.08582657 995.22 
20150701185852 2.9041667 -12.302007 1.79206 -0.35888332 0.1957823 0.04886922 995.22 
20150701185852 0.94690675 -13.331513 2.441487 0.10415252 0.3631594 -0.049785517 995.22 
20150701185852 1.1947067 -13.674483 2.554613 0.5580254 0.28985557 -0.24587326 995.22 
20150701185852 -0.109534726 -11.877635 0.17537527 0.95203346 0.4615087 -0.2049453 995.22 
20150701185852 -3.6858735 -11.839926 2.6916811 1.4810427 0.75594574 -0.086132 995.25 
20150701185852 -4.2179847 -13.606847 -1.2844892 2.0161607 1.0882565 0.102319926 995.25 
20150701185852 0.2813187 -10.683527 -4.3885717 2.9471195 1.7718146 0.61575216 995.25 
20150701185852 -1.6196774 -15.253459 -3.0268695 3.5085046 2.3701572 0.99387777 995.25 
20150701185852 -2.0368671 -15.750256 6.573281 3.150843 1.1685852 0.14996742 995.25 
20150701185852 0.24361002 -11.317391 5.6084175 2.2898283 -2.1755965 -0.3866777 995.25 
20150701185852 -0.10654198 -8.011598 -0.30047232 1.8640553 -4.2794166 0.3866777 995.25 
20150701185852 -0.8475474 -7.1395097 -0.83378077 2.3173172 -3.8957932 0.6356053 995.25 
20150701185852 -0.8822633 -7.5333557 0.46746787 1.9104811 -1.2339478 0.37232238 995.25 
20150701185852 -1.1504139 -7.1610575 -0.91338795 0.9807441 1.1511755 0.07544186 995.23 
20150701185852 -1.1390414 -7.0024414 -1.2886791 1.0198395 2.6826148 0.17837265 995.23 
20150701185852 -0.61650693 -7.0904284 -0.23523031 1.4587462 3.0659328 0.410196 995.23 
20150701185852 -0.43275195 -7.6404963 1.062427 1.9425515 2.2773056 0.6597345 995.23 
20150701185852 -0.6733692 -6.045359 0.35673606 2.1520782 0.745561 0.5161811 995.23 
20150701185852 -1.2186487 -4.1820717 -1.4790181 2.1227567 0.47708577 0.1966986 995.23 
20150701185852 -1.881244 -3.3195608 -1.1833342 1.6881261 1.2119566 -0.22449298 995.23 
20150701185853 -2.5145104 -2.783858 -0.76434886 0.9221011 2.1762075 -0.45875978 995.23 
20150701185853 -3.4225113 -3.8127663 0.23163901 -0.045814894 1.5598444 -0.31612277 995.23 
20150701185853 -2.40318 -9.391256 0.048482586 -0.7593055 0.6747007 -0.22266038 995.3 
20150701185853 -4.3209357 -13.620015 9.949704 -1.7867808 0.30451632 -0.20433442 995.3 
20150701185853 -0.33518824 -15.246875 17.732056 -3.2348368 0.11178834 -0.8426886 995.3 
20150701185853 -0.3800795 -17.91222 18.68016 -3.3066137 -0.2144137 -1.0076222 995.3 
20150701185853 -3.502717 -11.908759 11.917139 -0.30298916 0.1133155 -0.32528573 995.3 
20150701185853 -4.2221746 -6.218939 2.2038627 2.5014932 2.4153612 0.72784597 995.3 
20150701185853 -2.9993362 -4.892551 -3.675698 2.513405 3.0020971 1.0458013 995.3 
20150701185853 -7.4016747 -10.372879 3.7301662 1.820073 1.6927075 0.3827071 995.3 
20150701185853 -5.0278234 -11.352107 -0.7009025 0.030543262 0.8713993 -0.5525276 995.3 
20150701185853 -0.9816227 -8.663419 -5.3983264 0.47647488 0.13683382 0.44104472 995.44 
20150701185853 -1.0749966 -13.626599 4.381389 -0.2657264 -0.03940081 0.6337727 995.44 
20150701185853 -0.9935937 -10.024523 -1.0235212 -1.2977833 -0.93309665 -0.2049453 995.44 
20150701185853 -0.78888947 -7.780557 -1.4903905 -0.03848451 -1.8811595 -0.37568212 995.44 
20150701185853 -1.2455834 -7.4723034 -3.390788 -0.13072516 -2.5369234 0.23823744 995.44 
20150701185853 -1.3204023 -11.53706 1.0606314 -0.75319684 -1.9391917 0.2837469 995.44 
20150701185853 3.7062242 -18.231846 1.8171991 -1.4034629 -1.320996 0.25961772 995.44 
20150701185853 1.6352397 -11.388618 0.98222125 -1.5766432 -1.5115861 0.52106804 995.44 
20150701185853 0.020949265 -9.886856 2.3882163 -1.4056009 -1.5989398 -0.6291912 995.44 
20150701185853 -0.7835025 -8.792108 2.2134395 -1.5873333 -0.6282749 -1.2980887 995.11 
20150701185853 -1.7034745 -7.6093717 1.8154035 -1.5167783 -0.54733527 -0.8854492 995.11 
20150701185853 -2.5785553 -7.282563 0.9864111 -1.3799446 -0.32406402 -0.7519751 995.11 
20150701185853 -2.0632033 -6.749853 1.1366472 -1.4269812 0.3933972 -0.840856 995.11 
20150701185853 -1.2695254 -8.049306 1.9997569 -1.6417004 0.9230174 -0.75625116 995.11 
20150701185853 0.37229836 -8.731653 1.9734207 -1.6722436 1.3918564 -0.6560693 995.11 
20150701185853 1.6675615 -8.914211 1.1671734 -1.2892311 1.0919216 -0.40011674 995.11 
20150701185853 1.0348936 -8.8567505 0.78769237 -0.9456194 0.45937067 -0.15851954 995.11 
20150701185853 0.8062474 -8.801684 1.3054385 -0.8029824 -0.116980694 -0.1414153 995.11 
20150701185853 0.92296475 -8.695741 1.5693992 -0.90285885 -0.89766645 -0.1423316 995.21 
20150701185853 0.53330845 -8.990826 1.7633295 -0.86437434 -1.5876387 -0.1020145 995.21 
20150701185853 0.20530279 -9.3738985 1.4969746 -0.77366084 -1.8432859 -0.090713486 995.21 
20150701185853 0.39504328 -9.929353 0.091578215 -0.79198676 -1.7547104 0.051923547 995.21 
20150701185853 1.0761937 -10.282497 -0.6242881 -0.9486737 -1.3179418 0.21655174 995.21 
20150701185853 1.0965444 -10.583569 1.3976152 -0.9779953 -0.91996306 0.29565877 995.21 
20150701185853 1.0055647 -11.473613 1.1653777 -0.6768387 -0.96791595 0.2761111 995.21 
20150701185853 2.0069396 -12.155961 -0.027533319 -0.3747658 -1.4052955 0.15699236 995.21 
20150701185853 1.6304513 -12.120646 3.317765 -0.47036624 -0.6273586 0.24617869 995.21 
20150701185853 1.1653777 -12.664728 4.425682 -0.5317582 0.312763 0.19456059 995.16 
20150701185853 2.3732524 -13.286024 3.5476084 -0.516792 0.30024028 0.036957346 995.16 
20150701185853 2.7042508 -12.95323 2.3798366 0.046120327 0.36346483 -0.011911872 995.16 
20150701185853 0.6422446 -11.294646 0.80924016 0.7449502 0.3005457 -0.029321533 995.16 
20150701185853 -1.8626889 -9.838972 2.2517467 1.2925909 0.19975294 -0.14813483 995.16 
20150701185853 -2.0272903 -11.669938 1.0995371 1.6441438 0.34574974 -0.059864793 995.16 
20150701185853 1.4185646 -11.98298 -3.6828809 2.298686 0.8921687 0.2761111 995.16 
20150701185853 0.36750996 -15.143326 -4.4819455 3.0143147 1.9233092 0.54061574 995.16 
20150701185853 -1.7926586 -16.874334 -3.7014358 3.1771102 2.364354 0.17928895 995.16 
20150701185853 -1.8818425 -15.064916 5.37199 2.4718661 0.9288206 -0.20738874 995.13 
20150701185853 -1.5813702 -10.76852 5.6066217 1.613906 -1.6398678 0.25686884 995.13 
20150701185853 -1.5370775 -7.9691005 0.99060094 1.6245961 -3.504534 0.655153 995.13 
20150701185854 -1.9548657 -6.601413 -0.4914099 2.6972754 -3.5143077 0.57910025 995.13 
20150701185854 -1.8722657 -6.317101 -0.9211691 2.4550674 -1.1203269 0.15393804 995.13 
20150701185854 0.12270284 -6.3985043 1.762731 1.8420641 0.31337386 0.049785517 995.13 
20150701185854 0.19812019 -6.84203 0.24779987 0.95569867 1.271516 0.27397305 995.13 
20150701185854 0.38307226 -7.129933 -0.9008184 0.91629785 2.3310618 0.2519819 995.13 
20150701185854 0.6266823 -6.7989345 -0.5494693 1.4434745 2.941927 0.2855795 995.13 
20150701185854 -0.83856916 -6.1746464 -0.30705637 1.706452 2.3109033 0.31490102 995.22 
20150701185854 -2.360683 -5.018845 -0.93014735 1.707063 1.3878858 0.06688975 995.22 
20150701185854 -2.9412768 -3.3824084 -1.0199299 1.1242975 0.70952 -0.28130344 995.22 
20150701185854 -3.1555579 -3.304597 0.020949265 0.6215554 1.0262536 -0.36865717 995.22 
20150701185854 -2.9933507 -4.8961425 0.9828198 0.037873644 1.0534371 -0.38056904 995.22 
20150701185854 -2.3744495 -8.286332 2.5629928 -0.7516697 0.66248333 -0.34788775 995.22 
20150701185854 1.3120226 -16.503233 11.84232 -1.8622227 0.5390886 -0.22540927 995.22 
20150701185854 -0.59974754 -15.999851 18.053478 -2.443461 0.7266242 -0.15118915 995.22 
20150701185854 -3.6942532 -11.071986 12.53185 -2.1432207 0.8338311 -0.6197228 995.22 
20150701185854 -5.0757074 -7.796119 8.549694 0.28588495 1.0106765 -0.3472769 995.19 
20150701185854 -4.4179006 -6.9449806 1.951873 1.3756685 1.9407189 0.09101892 995.19 
20150701185854 -2.823961 -8.055291 -1.7316064 1.1808025 1.5253305 0.059253927 995.19 
20150701185854 -8.309077 -15.074492 5.369596 0.7528914 -0.030543262 -0.015577064 995.19 
20150701185854 -5.277419 -14.763247 8.686164 -0.29871312 -0.904386 -0.44104472 995.19 
20150701185854 -0.08080431 -10.857106 -6.581062 0.22632557 0.086437434 0.11301007 995.19 
20150701185854 0.92655605 -6.563704 -7.192182 1.5244142 0.4071417 1.5360206 995.19 
20150701185854 -3.681085 -5.86759 1.3922282 0.26083946 0.6783658 0.18173242 995.19 
20150701185854 -4.5166616 -6.823475 5.4246626 -1.2217305 -1.2055426 -1.0680978 995.19 
20150701185854 -0.073023155 -9.099164 -7.5668745 -1.1212431 -2.8542678 -0.8393288 995.34 
20150701185854 -0.58657944 -9.974843 -4.4322658 -1.1212431 -2.4449883 0.3820962 995.34 
20150701185854 3.5152867 -16.061502 4.8943467 -1.0928379 -0.24984388 1.1930199 995.34 
20150701185854 4.0803185 -16.694769 2.6090813 -1.8264871 -1.4489723 1.3481796 995.34 
20150701185854 0.91817635 -9.535507 2.707842 -1.564426 -2.25562 0.3539964 995.34 
20150701185854 -0.6619968 -9.301474 2.5031378 -1.2559389 -1.6872098 -0.9877691 995.34 
20150701185854 -1.4664485 -8.07265 1.2006922 -1.4330899 -0.75655663 -0.95203346 995.34 
20150701185854 -2.134431 -7.4226236 0.75596917 -1.4709635 -0.17134771 -0.958753 995.34 
20150701185854 -1.6089035 -6.545149 -0.28311434 -1.473407 0.548557 -1.0051788 995.34 
20150701185854 -1.3204023 -7.390302 1.6496049 -1.5115861 0.9236283 -0.80970186 995.14 
20150701185854 -0.7260417 -8.429385 1.7621324 -1.6438384 0.9963212 -0.636827 995.14 
20150701185854 0.2896984 -8.495825 0.9115923 -1.5030339 0.45540005 -0.43890667 995.14 
20150701185854 0.3537433 -8.849568 0.89184016 -1.0177015 0.21380283 -0.049785517 995.14 
20150701185854 0.97982705 -9.123106 1.5514427 -0.7452556 -0.079107046 0.051923547 995.14 
20150701185854 1.6711528 -8.97287 1.4718355 -0.8026769 -0.7507534 0.026267206 995.14 
20150701185854 1.5622166 -9.475652 1.6053122 -0.8035932 -1.1478158 -0.023823744 995.14 
20150701185854 0.93852705 -10.430939 1.0133458 -0.6936375 -1.4459181 0.01160644 995.14 
20150701185854 0.76434886 -10.6117 0.24361002 -0.82741696 -1.6215417 0.055283304 995.14 
20150701185854 0.623091 -10.881647 1.8830396 -1.0800097 -1.4914275 0.16707164 995.2 
20150701185854 1.0953473 -11.0935335 1.3605051 -1.1392636 -1.2321151 0.22296582 995.2 
20150701185854 2.3546975 -10.997167 -0.110731825 -0.79473567 -1.1065824 0.20525073 995.2 
20150701185854 2.2050598 -11.392809 2.005144 -0.5109888 -0.5326745 0.23457226 995.2 
20150701185854 1.240795 -11.68131 3.6379895 -0.43676865 0.22113322 0.25809056 995.2 
20150701185854 1.1767502 -12.497733 2.813187 -0.43401974 0.310625 0.09712757 995.2 
20150701185854 1.965041 -12.91193 1.8926164 -0.067500606 0.33536503 0.03268129 995.2 
20150701185854 1.9949685 -12.344504 1.1450269 0.5152648 0.56230146 -0.019547688 995.2 
20150701185855 -0.15741876 -11.095928 -0.07182605 1.1362094 0.36865717 -0.13958271 995.2 
20150701185855 -3.5649664 -11.158775 3.0424318 1.4969252 0.3933972 -0.21105394 995.2 
20150701185855 -2.3888147 -12.422316 -1.2814964 1.7018706 0.8848383 0.046731193 995.2 
20150701185855 1.4437037 -11.2449665 -3.8307228 2.3322835 1.7562376 0.43371433 995.2 
20150701185855 -1.3455414 -15.874754 -3.7924154 3.270267 2.3188446 0.7852673 995.2 
20150701185855 -3.2848446 -17.413029 3.2148144 2.9718595 1.1377366 -0.21502456 995.2 
20150701185855 -2.1984756 -12.546814 5.361216 2.3209825 -1.6542231 -0.4166101 995.2 
20150701185855 -0.3573346 -8.665813 0.89662856 1.9929478 -3.1902437 0.4456262 995.2 
20150701185855 -0.93852705 -7.4387846 0.24241292 2.3606887 -3.3258557 0.8249735 995.2 
20150701185855 -0.82480246 -7.073669 0.11133038 1.9095647 -0.9184359 0.23457226 995.2 
20150701185855 -0.58897364 -6.3859344 -0.12090719 1.5460999 0.15302174 0.057726767 995.18 
20150701185855 -0.34476504 -6.5726824 1.2743138 1.0720685 0.59223384 0.14630222 995.18 
20150701185855 -0.7721301 -6.553529 -1.0378864 0.6908886 1.565953 0.13713925 995.18 
20150701185855 0.007182605 -6.6109896 -0.2669535 0.98471475 2.5167649 0.1966986 995.18 
20150701185855 -1.2348095 -6.559514 0.801459 1.3246613 2.7482827 0.3182608 995.18 
20150701185855 -2.553416 -5.415086 -0.44831428 1.6316211 1.9666806 0.17959438 995.18 
20150701185855 -2.5761611 -3.9977183 -1.0714053 1.5378532 0.8417723 -0.12522738 995.18 
20150701185855 -2.6420016 -3.530849 -1.1234791 1.1478158 1.0729848 -0.19547687 995.18 
20150701185855 -2.6563668 -5.1876364 -0.5895722 0.37995818 1.4782939 -0.28099802 995.18 
20150701185855 -2.0093338 -9.766547 -0.21188685 -0.55924714 1.1927143 -0.3210097 995.26 
20150701185855 -2.8119898 -13.0519905 7.961918 -1.4895949 0.6533204 -0.3387248 995.26 
20150701185855 -0.85891986 -16.233885 17.820044 -2.345417 0.3277292 -0.59956425 995.26 
20150701185855 -0.37349546 -17.520767 19.494787 -2.5030203 -0.24923302 -0.65118235 995.26 
20150701185855 -2.6569653 -9.862315 11.917139 0.28863382 -0.61453044 -0.13836098 995.26 
20150701185855 -3.3255463 -5.109226 5.1050367 2.6093109 0.9193522 0.3475823 995.26 
20150701185855 -0.8798691 -3.632004 -2.5258827 2.1783454 2.4581218 0.7498371 995.26 
20150701185855 -4.609437 -8.66701 1.8249803 1.3897184 2.0405953 0.19272798 995.26 
20150701185855 -6.5589156 -14.870985 2.9789855 -0.31490102 1.0189233 -0.6236934 995.26 
20150701185855 -0.8343793 -15.98369 -3.6697125 -0.6417139 0.24220806 -0.28588495 995.41 
20150701185855 0.16938977 -11.842918 -3.405752 0.02687807 0.12889257 1.1163563 995.41 
20150701185855 -3.4931402 -5.8358665 -1.4395138 -0.015577064 0.14752395 0.33505958 995.41 
20150701185855 -6.640917 -4.635773 7.702147 -0.42638394 -1.824349 -0.8231409 995.41 
20150701185855 -4.152743 -6.403891 -6.0920463 -0.94134337 -3.31822 -0.97097033 995.41 
20150701185855 -2.6509798 -8.658031 -4.6591167 -0.8060367 -2.930626 0.07819075 995.41 
20150701185855 2.5797524 -17.217302 1.0115502 -1.3723087 -0.17837265 1.1194105 995.41 
20150701185855 4.183269 -15.371972 4.63697 -1.8692477 -1.7611245 1.3148874 995.41 
20150701185855 1.6184803 -9.785701 2.1015105 -1.9486601 -2.8942795 -0.2648101 995.41 
20150701185855 1.7423803 -8.640674 0.80445176 -1.3631458 -2.0112739 -1.5091426 995.09 
20150701185855 0.3196259 -7.5291657 1.073201 -1.144456 -0.5290093 -0.9166033 995.09 
20150701185855 -1.4909891 -7.3208704 0.40462008 -1.2284501 -0.043066 -0.675617 995.09 
20150701185855 -1.5011644 -7.3747396 0.5602432 -1.6129897 0.33353242 -0.79320854 995.09 
20150701185855 -0.8391677 -7.9768815 0.5291186 -1.8429805 0.68294734 -0.68844515 995.09 
20150701185855 -0.06703765 -8.652645 0.20590134 -1.7272215 0.7846564 -0.37659842 995.09 
20150701185855 0.24480712 -8.971074 0.22744916 -1.1798862 0.40408736 -0.11759156 995.09 
20150701185855 0.5410896 -8.966884 0.11492168 -0.7654142 -0.41996986 0.0106901415 995.09 
20150701185855 0.66618663 -8.951322 1.151611 -0.8188649 -1.1624765 6.1086525E-4 995.09 
20150701185855 0.25617957 -9.299079 2.9005754 -0.9166033 -1.5641204 0.018936822 995.23 
20150701185855 0.6679823 -9.26197 1.5334862 -1.0864239 -1.7324139 0.044898596 995.23 
20150701185855 1.62686 -9.3822775 0.48123455 -1.3704761 -1.7119498 0.1881465 995.23 
20150701185855 1.9818004 -10.732009 1.2779051 -1.312444 -0.95356065 0.38362336 995.23 
20150701185856 2.086547 -12.422316 2.0069396 -0.9990701 -0.48380527 0.41386122 995.23 
20150701185856 2.4103625 -12.576741 1.2491747 -0.65148777 -0.5564982 0.35705075 995.23 
20150701185856 2.4384944 -12.322956 1.7010803 -0.5571091 -0.5323691 0.3036 995.23 
20150701185856 2.099715 -11.4041815 2.9083564 -0.4728097 0.13652839 0.19792034 995.23 
20150701185856 1.8291701 -11.544841 3.072958 -0.33750305 0.21563543 0.03176499 995.23 
20150701185856 1.5382746 -12.78803 2.0141222 -0.11148291 0.17745635 -0.006414085 995.22 
20150701185856 2.1637597 -13.406332 1.2677298 0.56688297 0.45142943 -0.0720821 995.22 
20150701185856 0.8110358 -11.856686 0.23702596 1.1029172 0.59406644 -0.15790866 995.22 
20150701185856 -1.9069817 -11.228806 1.1228806 1.5632042 0.5296202 -0.18845193 995.22 
20150701185856 -3.1609447 -12.850279 -0.021547815 1.8359555 0.8765916 -0.015577064 995.22 
20150701185856 0.20111294 -11.2210245 -3.0879216 2.2351558 1.5106697 0.25870144 995.22 
20150701185856 -0.24361002 -12.8053875 -3.8385038 2.8069258 1.9254472 0.7165449 995.22 
20150701185856 -3.3093853 -15.353417 0.7350199 2.7351491 1.4541647 0.13316862 995.22 
20150701185856 -1.3569138 -11.905168 5.9160724 2.0793853 -0.56016344 -0.3268129 995.22 
20150701185856 -1.0827777 -8.938752 0.47165772 1.5625933 -2.3240368 0.103847094 995.16 
20150701185856 -1.6352397 -7.387908 -0.50757074 2.0589213 -3.0311134 0.6630942 995.16 
20150701185856 -1.9698294 -6.5625067 -0.6278794 2.2904391 -1.4792101 0.453262 995.16 
20150701185856 -1.5921441 -6.5762734 0.9696517 1.8985692 0.032375857 0.112399206 995.16 
20150701185856 -1.3341689 -6.8318543 0.76195467 1.2611313 0.6429357 0.14508049 995.16 
20150701185856 -1.073201 -7.0688806 -0.47644615 1.0009027 1.6300939 0.3005457 995.16 
20150701185856 0.13347675 -7.5884223 -0.52073884 1.3881912 2.4526238 0.41996986 995.16 
20150701185856 0.2753332 -7.069479 0.05566519 1.8530598 2.6456573 0.48624873 995.16 
20150701185856 -1.174356 -5.1624975 -0.9271546 2.2363777 1.9819523 0.36987892 995.16 
20150701185856 -2.1601684 -3.8498764 -0.5506664 2.0479257 1.3451253 -0.023823744 995.18 
20150701185856 -2.4558525 -3.5607765 -0.055066638 1.1157454 1.3613132 -0.3662137 995.18 
20150701185856 -3.0382419 -4.3161473 0.32202014 -0.6282749 0.6261369 -0.40133846 995.18 
20150701185856 -3.7427359 -6.609792 1.4694413 -1.462106 0.269697 -0.4092797 995.18 
20150701185856 -2.6617537 -11.116279 3.989937 -1.462106 0.269697 -0.4092797 995.18 
20150701185856 -0.85413146 -15.562909 14.029424 -2.0231857 0.15424347 -0.30818152 995.18 
20150701185856 -0.48362875 -17.00422 19.138052 -2.4205534 0.14294247 -0.34208453 995.18 
20150701185856 -1.929128 -13.142372 14.137162 -1.210735 -0.15088372 -0.56505036 995.18 
20150701185856 -5.0242324 -7.5405383 5.097255 0.9807441 0.34880406 0.301462 995.18 
20150701185856 -5.3037553 -5.1756654 -1.4508862 1.7220291 2.8200593 0.59773165 995.23 
20150701185856 -7.5465236 -11.099519 0.29149407 1.815797 3.1196887 0.25992316 995.23 
20150701185856 -8.635885 -15.445594 6.1770406 0.3943135 0.070554934 -0.08124508 995.23 
20150701185856 -2.4486697 -13.920487 -5.6126075 -0.38423425 -1.5155567 0.54641896 995.23 
20150701185856 0.35793316 -6.160281 -6.271611 0.514654 -0.54428095 1.1792754 995.23 
20150701185856 0.7745243 -7.402273 4.991312 0.35216382 -0.07238753 0.3378085 995.23 
20150701185856 -0.38965634 -10.945093 -4.851251 -0.77732605 -1.5723672 -0.5467244 995.23 
20150701185856 -1.8363527 -7.3873096 -4.3915644 -0.9972375 -2.3243423 -0.44348818 995.23 
20150701185856 -0.581791 -12.572552 -0.78649527 -0.9993755 -1.5354098 0.4129449 995.23 
20150701185856 3.6876693 -18.018763 5.828684 -1.7146988 -1.3970488 1.031446 995.04 
20150701185856 0.26874915 -10.490194 3.469797 -1.7736472 -2.54517 0.33200526 995.04 
20150701185856 0.31064767 -9.758167 0.7613561 -1.3487904 -2.0879374 -1.105666 995.04 
20150701185856 0.6368576 -7.973889 -0.2837129 -1.0454959 -1.0125091 -1.2721269 995.04 
20150701185856 -1.0235212 -7.419631 0.8295909 -1.3185526 0.5882632 -0.6637051 995.04 
20150701185856 -1.9327193 -6.9366007 1.3545196 -1.5916094 0.93951076 -0.82833326 995.04 
20150701185856 -1.4730326 -7.5572977 2.1583729 -1.7724255 0.5647449 -0.91599244 995.04 
20150701185856 -0.3321955 -8.461109 1.4700398 -1.6468927 0.0070249503 -0.65576386 995.04 
20150701185856 0.7152678 -8.688558 0.45669398 -1.2861768 -0.31429017 -0.35094208 995.04 
20150701185857 0.96785605 -8.980651 0.78050977 -1.0115929 -0.5561928 -0.15057829 995.13 
20150701185857 0.96905315 -9.016563 1.5053543 -0.7443393 -0.5525276 -0.04428773 995.13 
20150701185857 1.1079168 -8.903438 1.42455 -0.71837753 -0.8720101 -0.03268129 995.13 
20150701185857 0.87089086 -9.041702 1.2084733 -0.732122 -1.2366967 0.004581489 995.13 
20150701185857 0.5566519 -9.411008 0.9792285 -0.71776664 -1.3384057 -0.01160644 995.13 
20150701185857 0.5554548 -9.581595 0.22804771 -0.71837753 -1.4004086 0.0027488936 995.13 
20150701185857 1.1791444 -9.858126 0.47764325 -0.9245446 -1.4242324 0.09560041 995.13 
20150701185857 0.8487445 -10.325593 1.2318168 -1.1609493 -1.2217305 0.18784106 995.13 
20150701185857 0.2873042 -11.581352 0.9804256 -0.8741482 -1.0891727 0.23976462 995.13 
20150701185857 1.151611 -12.008718 0.47345337 -0.52198434 -0.97035944 0.20341812 995.24 
20150701185857 2.393603 -11.7543335 1.5071499 -0.6261369 -0.33414328 0.18448131 995.24 
20150701185857 2.1392193 -11.3323555 2.6527755 -0.58184916 0.3378085 0.15760323 995.24 
20150701185857 2.047641 -12.698247 2.7503393 -0.39920044 0.18600847 0.10842858 995.24 
20150701185857 3.4518404 -12.571953 1.8339585 -0.13133603 0.087964594 0.014660766 995.24 
20150701185857 3.0310593 -12.95323 1.163582 0.37507126 0.18509217 -0.05222898 995.24 
20150701185857 0.3405752 -11.11149 -0.52971715 0.9630291 0.30390546 -0.20463985 995.24 
20150701185857 -2.4049757 -9.729437 2.4384944 1.3784174 0.5164866 -0.42760566 995.24 
20150701185857 -3.221997 -12.199655 1.946486 1.6719382 0.87872964 -0.13347405 995.24 
20150701185857 0.6973112 -11.1653595 -3.0783448 1.9303342 1.4135422 0.16065755 995.21 
20150701185857 -1.3910311 -14.596251 -5.0451818 2.958726 2.0030272 0.8045095 995.21 
20150701185857 -3.615843 -17.10298 -1.4347254 3.2100968 2.5360072 0.31215215 995.21 
20150701185857 -1.3862427 -12.911331 6.343437 2.7146852 0.8775079 -0.22785273 995.21 
20150701185857 -0.074220255 -9.471462 1.9740193 1.9645426 -2.1395555 0.2864958 995.21 
20150701185857 -0.8158242 -7.565677 -0.10654198 2.4220808 -3.7125335 0.88178396 995.21 
20150701185857 -0.8571242 -7.0808516 0.16400282 2.4043655 -2.9752192 0.44257188 995.21 
20150701185857 -0.35913026 -7.08145 1.9847932 1.6710218 -1.1154399 0.17165314 995.21 
20150701185857 -0.17477672 -7.4351935 0.06943185 0.70096785 0.3155119 0.17134771 995.21 
20150701185857 -0.1400608 -7.3418193 -0.7846996 0.7675522 2.3499987 0.23701571 995.2 
20150701185857 0.9115923 -7.1263413 0.2621651 1.534799 3.5124753 0.42363504 995.2 
20150701185857 0.08319851 -6.4727244 0.8230068 2.0732768 2.6398542 0.5525276 995.2 
20150701185857 -1.4838065 -4.396951 -1.3389573 2.3915374 1.475545 0.32162055 995.2 
20150701185857 -1.7034745 -3.887585 -0.36870706 1.7519615 0.9828822 -0.14996742 995.2 
20150701185857 -2.321777 -4.437653 0.0053869537 0.8173377 1.5693128 -0.2968805 995.2 
20150701185857 -2.6737247 -5.1463366 0.16160862 -0.08093964 1.2660183 -0.28313604 995.2 
20150701185857 -2.693477 -7.413047 0.33877954 -0.81031275 0.6264423 -0.3118467 995.2 
20150701185857 -3.9456444 -11.191097 3.5182793 -1.6560557 0.4999932 -0.52656585 995.2 
20150701185857 -2.6366146 -14.010868 9.527725 -2.4346035 0.41141775 -0.7696902 995.19 
20150701185857 -1.1252748 -16.357784 17.399261 -2.9168816 -0.025961773 -0.6814202 995.19 
20150701185857 -2.582745 -11.97041 14.526819 -1.6041322 -0.52412236 -0.39584067 995.19 
20150701185857 -3.5344403 -6.963536 5.216367 0.49877146 0.21594086 0.22449298 995.19 
20150701185857 -1.7603368 -5.242703 -5.3276973 2.399784 1.5717562 0.68875057 995.19 
20150701185857 -4.9416323 -11.113286 0.075417355 2.4553728 2.200642 0.59589905 995.19 
20150701185857 -5.4162827 -14.6680765 5.1319714 0.82986045 2.1203132 0.19700404 995.19 
20150701185857 -0.45429978 -13.431472 -0.10235212 -0.55833083 0.46120325 -0.021991149 995.19 
20150701185857 -0.7164649 -8.432379 -4.594473 -0.41263947 -0.34300083 0.799928 995.19 
20150701185857 -2.657564 -5.7628436 -3.3560722 0.54305923 -0.29138273 0.21105394 995.28 
20150701185857 -4.1521444 -7.3460093 7.162853 -0.21594086 -1.0934488 -0.6478226 995.28 
20150701185857 -2.0739772 -9.767744 -4.8745947 -0.94042706 -2.5595255 -0.6563747 995.28 
20150701185857 -1.2563573 -9.169194 -3.803788 -0.56321776 -2.8130345 0.01160644 995.28 
20150701185857 3.4745853 -15.834652 -0.6051345 -0.7449502 -0.9767735 0.86467975 995.28 
20150701185858 3.441665 -12.822147 5.8741736 -1.282817 -0.9859365 0.9621128 995.28 
20150701185858 1.0618285 -11.428721 1.8309658 -1.3494014 -1.4724907 -0.43218717 995.28 
20150701185858 1.2348095 -9.691729 0.9888053 -0.3494149 -0.8558222 -1.7345519 995.28 
20150701185858 0.11432313 -8.610147 0.6739678 -0.5143485 0.083383106 -0.93431836 995.28 
20150701185858 -1.7124528 -8.635885 1.1318588 -1.1942415 0.5448918 -0.61636305 995.12 
20150701185858 -2.618658 -8.283937 0.8607155 -1.8325957 0.70005155 -0.86620694 995.12 
20150701185858 -1.6112977 -7.5112095 1.1061212 -1.8014416 0.5561928 -0.7125743 995.12 
20150701185858 -1.6304513 -8.291121 1.09834 -1.4037683 0.1826487 -0.27885997 995.12 
20150701185858 -0.2148796 -8.905233 0.78529817 -0.956615 -0.47311515 -0.26939157 995.12 
20150701185858 0.7799112 -9.050082 0.46866497 -0.93462384 -0.82527894 -0.18997909 995.12 
20150701185858 1.0468647 -9.290101 1.186327 -0.84482664 -0.3943135 -0.042760566 995.12 
20150701185858 1.4784195 -9.093777 0.6159084 -0.7770206 -0.36987892 -0.015577064 995.12 
20150701185858 1.1049241 -8.985439 1.0307038 -0.68783426 -0.7119634 0.014660766 995.12 
20150701185858 0.0035913025 -9.392453 0.9331401 -0.6969972 -1.1249083 -0.019242255 995.13 
20150701185858 -0.12808979 -9.577405 0.6733692 -0.78038037 -1.5906931 -0.03176499 995.13 
20150701185858 0.5291186 -9.868899 0.94930094 -0.8344419 -1.7296649 0.018325957 995.13 
20150701185858 0.98940384 -10.3214035 0.6751649 -0.86834496 -1.3069462 0.23457226 995.13 
20150701185858 1.0594343 -11.293449 0.7493851 -0.659429 -0.86376345 0.26358834 995.13 
20150701185858 1.3838485 -11.679515 0.7230489 -0.49205196 -0.5537493 0.18142697 995.13 
20150701185858 1.8285716 -11.187506 1.1815386 -0.441961 -0.4089743 0.089186326 995.13 
20150701185858 1.9381063 -10.245388 1.5448587 -0.43493605 -0.32070425 0.05497787 995.13 
20150701185858 1.6873137 -9.703101 2.0494366 -0.33536503 -0.37904188 0.053450707 995.13 
20150701185858 2.1583729 -10.5680065 1.8375498 -0.20433442 -0.44318274 0.060170226 995.22 
20150701185858 2.5689783 -12.210428 1.1474211 -0.03726278 -0.38056904 0.089491755 995.22 
20150701185858 2.5474305 -12.564771 0.75237787 0.23335053 -0.13072516 0.06078109 995.22 
20150701185858 1.1976994 -12.178705 0.17597382 0.43310347 0.20189096 -0.08124508 995.22 
