20150701190219 9.344569 1.6394296 -1.7579426 -0.13347405 0.1966986 0.22937989 995.61 
20150701190219 8.145074 1.1336545 -1.7992426 -0.16646078 0.19639318 0.52595496 995.61 
20150701190219 6.619968 0.13467385 -1.3551182 -0.22876903 0.32742378 0.6310238 995.61 
20150701190219 4.836886 -0.5674258 -1.5795746 -0.28191432 0.32375857 0.5742133 995.61 
20150701190219 4.830302 -0.7368156 -1.429937 -0.3155119 0.23243423 0.46975538 995.61 
20150701190219 6.4463882 -1.1073183 -1.002572 -0.2950479 0.1966986 0.43371433 995.61 
20150701190219 7.675811 -0.9624691 -0.90740246 -0.26511553 -0.05100725 0.3390302 995.65 
20150701190219 8.306683 -0.28909984 -0.8026561 -0.22999077 -0.40286562 0.2443461 995.65 
20150701190219 8.653842 0.15502456 -0.1436521 -0.21594086 -0.54367006 0.17165314 995.65 
20150701190220 8.161235 0.12868834 0.20231004 -0.2415972 -0.45906523 0.038179077 995.65 
20150701190220 7.7943234 -0.6536171 0.27234045 -0.31429017 -0.29016098 -0.09560041 995.65 
20150701190220 7.8811135 -1.1085154 -0.22266077 -0.35430184 -0.07574729 -0.13988814 995.65 
20150701190220 8.637083 -1.1976994 -0.46746787 -0.33536503 0.048563786 -0.17195857 995.65 
20150701190220 9.873688 -0.30645782 -0.6835446 -0.31978795 0.06414085 -0.17440203 995.65 
20150701190220 11.592725 -0.7080852 -0.32321724 -0.2855795 0.018325957 -0.13744467 995.65 
20150701190220 12.927492 -1.2455834 0.9911995 -0.20922135 -0.13408493 -0.10720685 995.64 
20150701190220 12.027871 -2.2140381 1.5813702 -0.119729586 -0.20219639 0.004276057 995.64 
20150701190220 10.773908 -2.0655975 0.7637503 -0.034513887 -0.21197024 0.24770586 995.64 
20150701190220 11.64839 -1.6962919 -1.1097125 0.030543262 0.061391957 0.32711834 995.64 
20150701190220 15.448586 -1.7226281 -0.95109665 0.08827003 0.16462818 0.26816985 995.64 
20150701190220 14.73691 -2.5037365 -3.9312792 0.16554448 0.06688975 0.32742378 995.64 
20150701190220 12.458228 -0.6841431 -4.3502645 0.4990769 -0.5002986 0.48930305 995.64 
20150701190220 8.765771 2.333748 -4.9781437 0.74097955 -0.31215215 0.4596761 995.64 
20150701190220 10.086772 4.4280763 -4.0641575 0.6768387 0.07269296 0.2855795 995.64 
20150701190220 12.947245 4.6459484 -2.7287915 0.57696223 0.45845437 0.07666359 995.6 
20150701190220 13.482946 2.4941597 -1.6627731 0.43401974 0.4279111 -0.007941248 995.6 
20150701190220 12.682086 -0.13826515 -1.292869 0.17470746 0.11209377 -0.058643065 995.6 
20150701190220 10.501567 -2.9897594 -1.733402 0.11301007 -0.07544186 -0.24281894 995.6 
20150701190220 11.359888 -2.0961237 -0.34356794 0.1881465 -0.062308256 -0.41447207 995.6 
20150701190220 8.223484 -1.0773908 -1.3018472 0.42913285 0.074830994 -0.6075055 995.6 
20150701190220 6.38773 -0.04369418 -1.4646529 0.691194 0.0421497 -0.4728097 995.6 
20150701190220 5.1421466 1.0366893 -1.2204443 0.86345804 0.23823744 -0.5039638 995.6 
20150701190220 4.0198646 1.5927427 -1.3808558 0.9080512 0.41080686 -0.41905355 995.6 
20150701190220 3.989937 1.6597804 -1.7292122 0.8863655 0.2657264 -0.42210788 995.62 
20150701190220 5.713164 1.769315 -1.4802152 0.8231409 0.16646078 -0.41722095 995.62 
20150701190220 7.6470804 1.7178397 -1.2186487 0.7305948 -0.087659165 -0.29565877 995.62 
20150701190220 8.804078 1.7058687 -0.80684596 0.6203337 -0.3885103 -0.063224554 995.62 
20150701190220 9.493608 2.1278467 -0.30645782 0.5491679 -0.49388456 0.13530666 995.62 
20150701190220 8.93935 2.7168205 -0.004189853 0.44929138 -0.40011674 0.22479841 995.62 
20150701190220 7.969699 2.634819 0.1436521 0.30909783 -0.2012801 0.26725355 995.62 
20150701190220 8.137892 1.702876 0.25318682 0.1151481 0.0021380284 0.28802297 995.62 
20150701190220 9.648633 0.5057751 0.4189853 -0.08124508 0.1863139 0.29046643 995.62 
20150701190220 11.274296 -1.067814 0.44532153 -0.14996742 0.19211712 0.24770586 995.62 
20150701190220 13.2985935 -1.0354922 0.79966336 -0.09743301 0.05222898 0.15088372 995.62 
20150701190220 13.761871 0.70509243 1.8602947 0.09407325 -0.1563815 0.047036625 995.62 
20150701190220 12.210428 1.8423382 2.2948422 0.26725355 -0.3475823 -0.071776666 995.62 
20150701190220 10.943297 1.8357542 1.4119805 0.3811799 -0.36010507 -0.183565 995.62 
20150701190220 12.464214 1.2324153 -0.81043726 0.44257188 -0.056199603 -0.17531833 995.62 
20150701190220 14.292187 3.1016884 -2.9652188 0.44990227 0.118507855 -0.19333886 995.62 
20150701190220 12.20564 5.0278234 -3.9707835 0.3811799 -0.07452556 -0.33536503 995.62 
20150701190220 9.555858 3.8989575 -5.0798974 0.07513642 -0.45875978 -0.5170974 995.62 
20150701190220 8.929773 1.01574 -5.450999 -0.30970868 -0.3652974 -0.44104472 995.63 
20150701190220 10.739192 -1.4993688 -4.358644 -0.37293324 -0.050396383 -0.23273966 995.63 
20150701190220 13.202227 -2.3331497 -2.3953989 -0.45875978 0.13255776 -0.05222898 995.63 
20150701190220 12.838308 -0.6332663 -2.791639 -0.4392121 0.20555615 -0.042455133 995.63 
20150701190220 12.323555 1.3401544 -2.5306711 -0.26053402 0.015882496 -0.046731193 995.63 
20150701190220 11.23958 2.3953989 -2.0129251 -0.25442538 0.021991149 0.13133603 995.63 
20150701190220 8.870518 2.2996306 -1.6651673 -0.35796702 0.07880162 0.31703907 995.63 
20150701190220 7.3777328 0.8810662 -2.0530279 -0.5195409 0.15668693 0.49480084 995.63 
20150701190221 6.0387754 -0.4878186 -1.721431 -0.63071835 0.3136793 0.49510628 995.63 
20150701190221 5.0146556 -1.3628993 -1.7585411 -0.6963864 0.4071417 0.47739118 995.62 
20150701190221 5.2917843 -1.7375919 -1.560421 -0.68539083 0.24312437 0.45112398 995.62 
20150701190221 6.7989345 -1.9183542 -1.1145009 -0.6365216 0.081855945 0.42363504 995.62 
20150701190221 7.595605 -1.5047557 -1.2150574 -0.52473325 -0.11881329 0.3136793 995.62 
20150701190221 8.002021 -0.79487497 -1.2246342 -0.40194935 -0.41080686 0.17104226 995.62 
20150701190221 8.1720085 -0.29987377 -0.75237787 -0.31612277 -0.4529566 0.020463986 995.62 
20150701190221 8.082825 -0.1945289 0.031124622 -0.2874121 -0.32895094 -0.11209377 995.62 
20150701190221 7.888296 -0.7433996 0.5117606 -0.27855456 -0.24740042 -0.16493362 995.62 
20150701190221 8.711902 -1.1414356 0.5081693 -0.24740042 -0.16035213 -0.18142697 995.62 
20150701190221 9.959879 -1.1252748 0.0676362 -0.15027285 -0.04062254 -0.20097467 995.63 
20150701190221 11.087548 -0.014963761 -0.56682724 -0.025961773 0.029321533 -0.2602286 995.63 
20150701190221 11.681909 0.61890113 -0.30406362 0.071776666 -0.03481932 -0.22937989 995.63 
20150701190221 12.698846 0.8283938 0.7990648 0.04795292 -0.11911872 -0.20647246 995.63 
20150701190221 11.928512 0.034117375 1.2785037 -0.04550946 -0.15241088 -0.087659165 995.63 
20150701190221 11.053431 -0.55365914 0.6847417 -0.059864793 -0.19181168 0.14294247 995.63 
20150701190221 11.590929 -0.86490536 -1.769315 -0.0888809 -0.0143553335 0.21624629 995.63 
20150701190221 14.354436 -2.1206641 -0.7116765 -0.15943582 0.18906279 0.15454891 995.63 
20150701190221 13.24233 -2.7688942 -3.3488896 -0.16737708 0.12614368 0.15149458 995.63 
20150701190221 9.419388 -2.6593595 -5.3995233 0.08246681 -0.17654006 0.34208453 995.62 
20150701190221 8.883087 -0.077213004 -4.51726 0.49418998 -0.21624629 0.4120286 995.62 
20150701190221 11.269507 2.5270798 -3.1376014 0.6169739 0.12583824 0.36132678 995.62 
20150701190221 14.089278 3.2543187 -2.088941 0.70402217 0.33169982 0.16279559 995.62 
20150701190221 14.507666 1.6280571 -1.6184803 0.72082096 0.2415972 0.03848451 995.62 
20150701190221 13.054385 -0.5722142 -1.4694413 0.6114761 0.13988814 -0.016798794 995.62 
20150701190221 9.933543 -2.5390508 -2.12246 0.5308419 0.13316862 -0.14996742 995.62 
20150701190221 10.309433 -1.4143747 -0.7787141 0.52503866 0.23640485 -0.45478916 995.62 
20150701190221 7.443573 -0.50158525 -1.389834 0.6988298 0.44012842 -0.54519725 995.62 
20150701190221 5.6946087 0.49559975 -1.3341689 0.82772243 0.21288654 -0.48441613 995.64 
20150701190221 4.3981485 1.2276269 -1.1522095 0.9315695 0.36896262 -0.4718934 995.64 
20150701190221 3.7912183 1.5831659 -1.5221137 0.9410379 0.44440445 -0.41813725 995.64 
20150701190221 4.6082397 1.4095862 -1.5406688 0.91507614 0.25870144 -0.4071417 995.64 
20150701190221 6.5547256 1.2120646 -1.4664485 0.8454375 0.048258353 -0.34788775 995.64 
20150701190221 8.264186 1.0241197 -1.0498575 0.7816021 -0.28099802 -0.20097467 995.64 
20150701190221 9.1033535 1.4281414 -0.47405192 0.729984 -0.4792238 0.022602014 995.64 
20150701190221 9.137471 2.11827 -0.004189853 0.68508536 -0.5152648 0.15974127 995.64 
20150701190221 8.739435 2.5791538 0.28311434 0.58551437 -0.3286455 0.16493362 995.64 
20150701190221 8.670602 2.134431 0.32800564 0.4361578 -0.09865474 0.16249016 995.67 
20150701190221 9.519944 1.2401965 0.427365 0.31215215 0.06291912 0.19150625 995.67 
20150701190221 11.049241 0.035913024 0.7398083 0.18051068 0.12675454 0.1853976 995.67 
20150701190221 13.166314 -0.45789108 0.8870517 0.15943582 0.09590584 0.11026118 995.67 
20150701190221 13.968371 1.0378864 1.388637 0.31612277 -0.0693332 -0.025961773 995.67 
20150701190221 12.19307 2.2493525 1.8866309 0.44776422 -0.2574797 -0.14721853 995.67 
20150701190221 10.69849 2.2990322 0.7218518 0.45753807 -0.29626966 -0.23793201 995.67 
20150701190221 12.983157 1.6250644 -0.7290344 0.45723262 -0.12767084 -0.23945917 995.67 
20150701190221 14.912884 3.3620577 -3.2243912 0.3912592 0.10995574 -0.23487769 995.67 
20150701190221 12.035652 3.8109705 -3.7978024 0.33444872 -0.16340645 -0.34116822 995.73 
20150701190221 9.426571 1.2856863 -5.195418 0.034208454 -0.35002577 -0.5369505 995.73 
20150701190221 8.708909 -1.0690111 -5.2474914 -0.12339478 -0.0061086523 -0.3943135 995.73 
20150701190222 11.126453 -2.7850552 -3.1244333 -0.15821409 0.36254853 -0.10170906 995.73 
20150701190222 13.342886 -2.6623523 -1.7675194 -0.16890424 0.58551437 -0.05467244 995.73 
20150701190222 12.74673 -0.53570265 -2.3870192 0.02443461 0.4098906 -0.12461651 995.73 
20150701190222 12.313379 1.5167267 -2.0296845 0.17745635 0.13500121 -0.06872234 995.73 
20150701190222 10.643424 2.570774 -1.3479356 0.12186762 0.070249505 0.101098195 995.73 
20150701190222 9.0429 2.2361844 -1.6089035 -0.023518313 0.08002335 0.3979787 995.73 
20150701190222 7.6189485 0.78050977 -1.0726024 -0.23060162 0.19272798 0.56016344 995.67 
20150701190222 5.5461683 -0.37229836 -1.287482 -0.37201694 0.35369098 0.52839845 995.67 
20150701190222 4.569334 -1.158195 -1.4933833 -0.4428773 0.20616703 0.45448375 995.67 
20150701190222 4.8937483 -1.5269021 -1.1737574 -0.45112398 0.20952678 0.4437936 995.67 
20150701190222 6.191406 -1.5592239 -0.7703344 -0.42577308 0.076358154 0.3817908 995.67 
20150701190222 7.211934 -1.2006922 -0.7553706 -0.31856623 -0.25534168 0.25961772 995.67 
20150701190222 8.16722 -0.61530983 -0.5470751 -0.19975294 -0.5290093 0.106901415 995.67 
20150701190222 8.32045 -0.29867667 -0.3788824 -0.11789699 -0.552833 -0.042455133 995.67 
20150701190222 8.258799 -0.45070848 0.16280572 -0.10751228 -0.464563 -0.13988814 995.67 
20150701190222 7.97748 -0.7445967 0.6386533 -0.14538592 -0.3417791 -0.20708331 995.64 
20150701190222 7.9343843 -1.3395559 -0.22385786 -0.15271631 -0.21410827 -0.26297748 995.64 
20150701190222 10.161591 -1.3682863 -0.6853402 -0.056505036 -0.15607607 -0.301462 995.64 
20150701190222 12.085332 -0.27593175 -0.46327803 0.050396383 -0.11759156 -0.2855795 995.64 
20150701190222 12.899361 0.35194764 -0.3333926 0.08460484 -0.27397305 -0.29260445 995.64 
20150701190222 13.259687 -0.036511578 0.8295909 0.057726767 -0.38148534 -0.2284636 995.64 
20150701190222 11.693281 -0.7116765 1.1971009 0.04917465 -0.3313944 0.07819075 995.64 
20150701190222 11.180922 -0.5518635 -0.908001 -0.0021380284 -0.21135938 0.29138273 995.64 
20150701190222 13.380595 -2.204461 -0.688333 -0.046731193 0.0571159 0.33628133 995.64 
20150701190222 14.619595 -3.205836 -0.18016368 -0.056505036 0.1020145 0.29077184 995.62 
20150701190222 12.473192 -2.7563248 -4.7189717 0.15454891 -0.13622294 0.45723262 995.62 
20150701190222 7.9451585 -0.5386954 -5.73112 0.51007247 -0.27977628 0.63071835 995.62 
20150701190222 8.166023 1.6166847 -4.300585 0.6563747 0.08246681 0.43218717 995.62 
20150701190222 10.971429 2.7551277 -2.9125464 0.6597345 0.3494149 0.2012801 995.62 
20150701190222 13.723564 2.3343468 -1.3754689 0.68294734 0.28008172 0.08246681 995.62 
20150701190222 13.876793 0.42916065 -1.7531542 0.6133087 0.09621128 0.01038471 995.62 
20150701190222 12.910732 -0.9355343 -1.5945383 0.58123827 -0.1731803 -0.04184427 995.62 
20150701190222 10.469246 -1.520318 -1.7585411 0.61911196 -0.16157386 -0.1881465 995.62 
20150701190222 9.257181 -0.9696517 -1.3640964 0.66950834 -0.012217305 -0.4654793 995.63 
20150701190222 7.7679873 0.09935937 -1.0690111 0.70280045 0.21288654 -0.5699373 995.63 
20150701190222 6.1369376 0.8912416 -0.91937345 0.7464773 0.20738874 -0.48563787 995.63 
20150701190222 5.5964465 1.5460558 -0.866701 0.7602218 0.12217305 -0.4642576 995.63 
20150701190222 5.003283 1.5634137 -1.3174095 0.72082096 0.16982053 -0.4016439 995.63 
20150701190222 5.08289 1.1899183 -1.6819267 0.6383542 0.058337633 -0.398895 995.63 
20150701190222 6.257845 0.7781156 -1.2856863 0.5488624 -0.0693332 -0.3652974 995.63 
20150701190222 7.4322004 0.6997054 -0.6739678 0.47769663 -0.15974127 -0.22510384 995.63 
20150701190222 7.905654 1.0869676 -0.34356794 0.45540005 -0.28710666 0.007941248 995.63 
20150701190222 8.270171 1.7226281 0.30406362 0.48747048 -0.2669481 0.15271631 995.56 
20150701190222 8.5060005 2.0799627 0.66618663 0.46975538 -0.10903945 0.21960606 995.56 
20150701190222 8.950723 2.1523874 0.44232875 0.3933972 -0.011301007 0.23457226 995.56 
20150701190222 10.275913 1.1079168 0.504578 0.26939157 0.053145275 0.24953845 995.56 
20150701190222 11.720216 -0.59974754 0.729633 0.17745635 0.08735373 0.20066923 995.56 
20150701190222 13.713987 -0.7356185 0.8888474 0.24801129 0.008552114 0.13194689 995.56 
20150701190222 13.739126 0.7679402 1.4814123 0.43066 -0.122478485 0.067500606 995.56 
20150701190222 12.334329 1.5634137 0.587178 0.53023106 -0.27977628 -0.03940081 995.56 
20150701190223 12.539033 1.2084733 -1.122282 0.6056729 -0.26419923 -0.18600847 995.56 
20150701190223 14.709975 2.9454668 -4.359243 0.569021 -0.020158553 -0.30879238 995.6 
20150701190223 12.61445 4.3341036 -4.1575313 0.5161811 -0.11881329 -0.29779682 995.6 
20150701190223 10.2406 1.5658079 -4.267066 0.26053402 -0.21074851 -0.45906523 995.6 
20150701190223 8.726267 -1.2324153 -5.283405 0.098043874 -0.1160644 -0.3594942 995.6 
20150701190223 11.051037 -2.8886044 -4.0054994 0.05100725 0.23304509 -0.19975294 995.6 
20150701190223 13.430873 -1.8088194 -1.9177556 0.0421497 0.48991394 -0.10781772 995.6 
20150701190223 13.088502 0.38307226 -2.8030117 0.13988814 0.37140608 -0.12492194 995.6 
20150701190223 12.727576 2.211644 -2.6880898 0.21013765 -0.031154128 -0.06291912 995.6 
20150701190223 11.331158 2.8329391 -1.7082629 0.14202617 -0.13897185 0.099571034 995.6 
20150701190223 9.255385 1.7429788 -1.8734628 -0.1151481 -0.11636983 0.39370266 995.66 
20150701190223 7.435792 0.48482585 -1.8195933 -0.3436117 0.002443461 0.5299256 995.66 
20150701190223 6.105214 -0.6410475 -1.7040731 -0.5021312 0.24709499 0.4999932 995.66 
20150701190223 5.1846437 -1.2844892 -1.6813282 -0.57787853 0.24465153 0.42943826 995.66 
20150701190223 4.7740383 -1.5855601 -1.9165585 -0.58062744 0.116675265 0.38087448 995.66 
20150701190223 6.0585275 -1.513734 -1.7914615 -0.52290064 -0.022907447 0.31948254 995.66 
20150701190223 7.3867106 -1.1988965 -1.4107834 -0.43676865 -0.1957823 0.26633725 995.66 
20150701190223 7.7087307 -0.50278234 -1.2862848 -0.37934732 -0.43585235 0.11148291 995.66 
20150701190223 7.5962033 0.020350715 -1.0767922 -0.35185838 -0.51251596 -0.04917465 995.66 
20150701190223 7.4872675 -0.18854338 -0.004189853 -0.33658674 -0.35063666 -0.13622294 995.58 
20150701190223 7.3849154 -1.103727 0.57161564 -0.3304781 -0.2284636 -0.1966986 995.58 
20150701190223 7.9343843 -1.8393455 0.22026655 -0.27855456 -0.11178834 -0.22052236 995.58 
20150701190223 9.114726 -1.7064673 -0.7170634 -0.15790866 -0.011301007 -0.25137106 995.58 
20150701190223 11.004948 -0.4285621 -1.2910733 0.009468411 0.0033597588 -0.2611449 995.58 
20150701190223 12.947245 0.729633 -0.7799112 0.092240654 -0.14905111 -0.226631 995.58 
20150701190223 12.938865 0.7781156 0.7140707 0.038789943 -0.28680122 -0.15485434 995.58 
20150701190223 12.064383 -0.26515785 1.2886791 -0.07727446 -0.39920044 0.037873644 995.58 
20150701190223 11.467029 -0.81761986 -0.40462008 -0.09682214 -0.24831672 0.18570304 995.58 
20150701190223 13.2351465 -1.7190368 -1.6310499 -0.13713925 0.03634648 0.21013765 995.61 
20150701190223 13.958795 -3.164536 -4.223372 -0.098043874 0.13958271 0.21746802 995.61 
20150701190223 11.300632 -3.2531216 -5.478532 0.13072516 -0.0106901415 0.4120286 995.61 
20150701190223 9.454104 -1.673547 -4.8147397 0.5891795 -0.22785273 0.6123924 995.61 
20150701190223 11.9057665 0.7739257 -3.9612067 0.81489426 0.0143553335 0.5036584 995.61 
20150701190223 14.668675 3.5769374 -2.6443958 0.8671232 0.37812558 0.28099802 995.61 
20150701190223 14.995483 2.067393 -2.1206641 0.80481493 0.22449298 0.04886922 995.61 
20150701190223 13.205818 -0.18195933 -1.809418 0.625526 0.07360926 -0.086437434 995.61 
20150701190223 10.907384 -1.4329298 -1.3335704 0.43249258 -0.09773844 -0.20769419 995.61 
20150701190223 8.06427 -1.8357542 -1.3976152 0.30695978 0.021991149 -0.4260785 995.63 
20150701190223 6.987478 -0.7673417 -1.0049661 0.33658674 0.25473082 -0.6056729 995.63 
20150701190223 6.0890536 0.55365914 -1.0313023 0.4071417 0.44929138 -0.64599 995.63 
20150701190223 5.007473 1.0881647 -1.3652935 0.5329799 0.44226643 -0.5503896 995.63 
20150701190223 4.52145 1.3814543 -1.5221137 0.643852 0.2452624 -0.52564955 995.63 
20150701190223 4.905121 1.1611878 -1.6927006 0.6386596 0.16676621 -0.5305365 995.63 
20150701190223 6.069301 0.748188 -1.3491327 0.5693264 0.07788532 -0.45875978 995.63 
20150701190223 7.439383 0.5057751 -1.0121487 0.5170974 -0.10415252 -0.34147367 995.63 
20150701190223 8.251018 0.85473 -0.45669398 0.50243664 -0.26511553 -0.121256754 995.63 
20150701190223 8.247426 1.62686 -0.1436521 0.52503866 -0.3643811 0.08155051 995.59 
20150701190223 7.929596 2.2176294 -0.19093758 0.5720753 -0.28710666 0.1518 995.59 
20150701190223 8.421604 2.1930888 -0.16220717 0.5235115 -0.13713925 0.172264 995.59 
20150701190223 10.583569 1.0971429 0.19273324 0.3998113 0.013744468 0.17134771 995.59 
20150701190224 12.447454 -0.29807812 0.2717419 0.2593123 0.057421334 0.16157386 995.59 
20150701190224 13.552978 -0.39683893 1.0241197 0.24465153 -0.03481932 0.13713925 995.59 
20150701190224 13.232154 1.1677719 1.4520833 0.35124752 -0.21074851 0.08674286 995.59 
20150701190224 12.149377 2.5438392 -0.073023155 0.48502702 -0.2443461 0.030543262 995.59 
20150701190224 13.44883 2.475006 -1.91596 0.52778757 -0.1881465 -0.054061573 995.59 
20150701190224 15.492281 3.7606924 -3.7044287 0.45875978 -0.004276057 -0.20769419 995.62 
20150701190224 11.878832 3.4344823 -4.794389 0.26542094 0.03848451 -0.33078352 995.62 
20150701190224 9.40203 0.516549 -6.079477 0.07238753 -0.24404067 -0.4615087 995.62 
20150701190224 9.023148 -0.9552865 -6.371569 -0.15454891 -0.18448131 -0.41630468 995.62 
20150701190224 12.680291 -1.103727 -2.546832 -0.22388211 0.19272798 -0.23976462 995.62 
20150701190224 13.771448 -1.6047137 -2.4049757 -0.25534168 0.2941316 -0.14049901 995.62 
20150701190224 13.409326 -0.61291564 -2.789245 -0.18692477 0.21563543 -0.16371189 995.62 
20150701190224 12.534245 0.6374562 -2.2224178 -0.10170906 -0.062308256 -0.09407325 995.62 
20150701190224 10.559627 1.0588357 -1.6831238 -0.16768251 -0.017104227 0.17104226 995.62 
20150701190224 8.231864 0.931943 -1.4969746 -0.22510384 0.018936822 0.36254853 995.65 
20150701190224 6.027403 0.41599256 -1.7878702 -0.23854288 0.121256754 0.5103779 995.65 
20150701190224 5.817312 -0.492607 -1.7070658 -0.28191432 0.3036 0.5109888 995.65 
20150701190224 4.52145 -1.168969 -1.804031 -0.31795537 0.4297437 0.4382958 995.65 
20150701190224 4.4514194 -1.3976152 -1.8710686 -0.3390302 0.28252518 0.37018433 995.65 
20150701190224 6.4787097 -1.1887212 -1.5508442 -0.32895094 0.03176499 0.3753767 995.65 
20150701190224 7.313688 -0.2765303 -1.4239515 -0.2779437 -0.050701816 0.40133846 995.65 
20150701190224 7.8649526 0.36391866 -1.0540473 -0.22082779 -0.28252518 0.2666427 995.65 
20150701190224 7.851186 0.23463176 -0.4429273 -0.21380283 -0.43799037 0.09254608 995.65 
20150701190224 7.901464 -0.8487445 0.2705448 -0.2864958 -0.31703907 -0.040927973 995.58 
20150701190224 8.177396 -1.7926586 0.3238158 -0.33567044 -0.15118915 -0.09865474 995.58 
20150701190224 8.653842 -1.977012 -0.12389994 -0.34025195 -0.05375614 -0.13652839 995.58 
20150701190224 10.024523 -1.4209588 -0.23163901 -0.28710666 0.06963864 -0.18753563 995.58 
20150701190224 11.376648 -0.40282443 0.02633622 -0.17684549 0.071776666 -0.2302962 995.58 
20150701190224 12.677298 -0.59855044 0.533907 -0.11178834 -0.103847094 -0.1908954 995.58 
20150701190224 13.082517 -1.6813282 0.789488 -0.13133603 -0.26633725 -0.13988814 995.58 
20150701190224 11.474212 -1.8920178 0.91099375 -0.13500121 -0.31398472 0.02687807 995.58 
20150701190224 10.928333 -1.578976 -1.3018472 -0.11911872 -0.26145032 0.19792034 995.58 
20150701190224 12.68867 -1.8501194 -3.1543608 -0.13194689 -0.00580322 0.23457226 995.61 
20150701190224 13.108852 -2.7682958 -4.987122 -0.039095376 0.1563815 0.21105394 995.61 
20150701190224 9.529521 -0.87328506 -5.269039 0.10567969 0.0106901415 0.33658674 995.61 
20150701190224 11.067796 1.7992426 -5.523423 0.51007247 -0.2968805 0.47586402 995.61 
20150701190224 14.560936 4.1000705 -4.75668 0.75747293 -0.1432479 0.5216789 995.61 
20150701190224 16.856377 4.969166 -3.0663738 0.8356637 0.17195857 0.40317106 995.61 
20150701190224 14.939818 2.7162218 -2.8694508 0.6927212 0.13469578 0.106595986 995.61 
20150701190224 12.140398 -0.11851298 -2.1068976 0.46639562 0.13713925 -0.07513642 995.61 
20150701190224 10.179547 -1.7112557 -1.4915876 0.20738874 0.22235495 -0.3118467 995.61 
20150701190224 8.419808 -2.0949266 -1.01574 0.124311075 0.2919936 -0.47158796 995.62 
20150701190224 7.0449386 -1.3640964 -1.4556746 0.24129178 0.34269542 -0.57940567 995.62 
20150701190224 6.84203 0.24420857 -0.85473 0.4569272 0.3921755 -0.6114761 995.62 
20150701190224 5.3384714 0.81043726 -1.2282255 0.61208695 0.34788775 -0.51893 995.62 
20150701190224 4.458602 1.1641805 -1.6747441 0.72082096 0.13836098 -0.48380527 995.62 
20150701190224 4.5046906 1.2731167 -1.6741456 0.76174897 0.058643065 -0.5225952 995.62 
20150701190224 5.2498856 1.2078748 -1.412579 0.68019843 0.040011674 -0.48075095 995.62 
20150701190224 6.770204 1.0540473 -1.0468647 0.56321776 -0.12675454 -0.3313944 995.62 
20150701190224 8.111555 1.4215573 -0.6548142 0.528093 -0.26450464 -0.183565 995.62 
20150701190225 8.608353 2.0697873 -0.090381116 0.52473325 -0.3145956 -0.0021380284 995.6 
20150701190225 8.501212 2.3068132 0.27353755 0.52290064 -0.30604348 0.11728613 995.6 
20150701190225 8.668207 2.1775265 0.4321534 0.44868052 -0.20586158 0.16707164 995.6 
20150701190225 9.555259 2.0177135 0.40222588 0.28985557 -0.04550946 0.2012801 995.6 
20150701190225 10.744578 0.8595184 0.0724246 0.15027285 0.10873401 0.20189096 995.6 
20150701190225 11.815386 -0.5315128 0.15682021 0.065973446 0.14355333 0.15760323 995.6 
20150701190225 13.18008 -0.16879122 1.3180081 0.09468412 0.1020145 0.112704635 995.6 
20150701190225 13.160927 0.85173726 2.1829133 0.24617869 -0.013133603 0.023518313 995.6 
20150701190225 12.317569 1.2976574 2.0278888 0.47036624 -0.17470746 -0.10293079 995.6 
20150701190225 12.443265 0.51714754 -0.5590461 0.5296202 -0.20891592 -0.14813483 995.61 
20150701190225 13.989919 2.348712 -4.847061 0.57940567 -0.05955936 -0.20555615 995.61 
20150701190225 11.244369 5.216367 -5.4246626 0.60231316 0.052534413 -0.22235495 995.61 
20150701190225 8.611345 4.0737343 -5.469554 0.47250426 -0.01038471 -0.37415496 995.61 
20150701190225 9.172785 1.4239515 -6.0621185 0.105068825 -0.13958271 -0.4428773 995.61 
20150701190225 12.952631 -1.1055226 -3.769072 -0.12461651 0.073303826 -0.27672195 995.61 
20150701190225 14.614806 -2.6210523 -2.055422 -0.4098906 0.22724187 -0.12339478 995.61 
20150701190225 13.511678 -1.7064673 -2.594716 -0.45020768 0.22876903 -0.16584991 995.61 
20150701190225 12.734758 0.50517654 -2.0566192 -0.2171626 0.07452556 -0.17440203 995.61 
20150701190225 11.148601 1.8189948 -1.7292122 -0.15088372 0.10415252 0.12064589 995.63 
20150701190225 8.923788 1.9841946 -1.6998832 -0.16126843 0.06811147 0.3726278 995.63 
20150701190225 6.727108 1.2509704 -1.3227965 -0.25381452 0.113926366 0.54336464 995.63 
20150701190225 5.0930657 0.25917232 -1.7226281 -0.39400807 0.29168814 0.54825157 995.63 
20150701190225 4.324527 -0.75836337 -1.578976 -0.47647488 0.3680463 0.49418998 995.63 
20150701190225 4.098873 -1.34195 -1.5346833 -0.5109888 0.3567453 0.4196644 995.63 
20150701190225 5.6760535 -1.5897499 -1.483208 -0.49663344 0.07391469 0.37568212 995.63 
20150701190225 7.0862384 -1.1432313 -1.1719618 -0.3979787 -0.15577064 0.34269542 995.63 
20150701190225 7.9487495 -0.25558102 -1.0319009 -0.2959642 -0.42119157 0.22602014 995.63 
20150701190225 8.316858 0.24061728 -0.96785605 -0.24190263 -0.6218608 0.06811147 995.62 
20150701190225 8.595184 0.16699557 -0.37588966 -0.2779437 -0.5235115 -0.058948494 995.62 
20150701190225 8.292916 -0.42556936 0.24600422 -0.34116822 -0.36254853 -0.12767084 995.62 
20150701190225 8.528745 -1.0444705 0.21068975 -0.40408736 -0.26053402 -0.1957823 995.62 
20150701190225 10.10413 -1.5167267 -0.439336 -0.3622431 -0.12644911 -0.23976462 995.62 
20150701190225 11.366472 -1.2635399 -0.9163807 -0.26816985 -0.032070424 -0.2910773 995.62 
20150701190225 13.058575 -0.56443304 0.05865794 -0.15760323 -0.086437434 -0.28924468 995.62 
20150701190225 12.918514 -0.7266402 1.2192472 -0.129198 -0.2501493 -0.2669481 995.62 
20150701190225 11.606491 -1.2934675 1.1869255 -0.13194689 -0.28588495 -0.038179077 995.62 
20150701190225 11.007941 -0.90979666 -0.40162733 -0.04337143 -0.28893927 0.18051068 995.59 
20150701190225 13.713388 -2.0081367 -1.3329718 -6.1086525E-4 0.015577064 0.25595254 995.59 
20150701190225 15.585056 -2.4492683 -2.6264393 -0.018020526 0.172264 0.22602014 995.59 
20150701190225 12.8927765 -1.6980876 -5.4737434 0.05497787 -0.10262536 0.35521814 995.59 
20150701190225 8.059482 0.724246 -5.6425347 0.37140608 -0.4465425 0.4474588 995.59 
20150701190225 9.842564 2.44029 -4.385579 0.54733527 -0.17959438 0.36193767 995.59 
20150701190225 12.717999 3.5368345 -3.1112652 0.59406644 0.19822577 0.226631 995.59 
20150701190225 14.1629 2.5516205 -1.7447745 0.61269784 0.39095375 0.11484267 995.59 
20150701190225 13.108254 0.1921347 -1.8746599 0.49663344 0.13836098 0.07360926 995.59 
20150701190225 11.192294 -1.4987702 -1.4293385 0.35369098 -0.004886922 -0.03634648 995.66 
20150701190225 9.242816 -2.6402059 -1.4879963 0.3475823 -0.0076358155 -0.23579398 995.66 
20150701190225 8.534132 -1.22224 -0.89603 0.41141775 0.08552113 -0.6020077 995.66 
20150701190225 5.9741316 -0.20290859 -1.6531962 0.559858 0.33964106 -0.5891795 995.66 
20150701190225 5.0254292 1.0714053 -1.3359646 0.75594574 0.0870483 -0.54305923 995.66 
20150701190226 4.120421 1.7770962 -1.389834 0.8530733 0.29260445 -0.4981606 995.66 
20150701190226 3.9564183 1.899799 -2.0254946 0.8503244 0.267559 -0.44593164 995.66 
20150701190226 5.616797 1.5251064 -1.887828 0.8072584 0.11178834 -0.42363504 995.66 
20150701190226 7.699753 1.0247183 -1.3569138 0.7602218 -0.03359759 -0.31398472 995.66 
20150701190226 8.654441 0.9295488 -0.82360536 0.6914995 -0.3408628 -0.15515977 995.62 
20150701190226 9.01417 1.536479 0.025737667 0.6267477 -0.49480084 0.046120327 995.62 
20150701190226 8.711303 2.5073278 0.27712885 0.5907067 -0.3998113 0.15149458 995.62 
20150701190226 8.198944 2.4971523 -0.19033903 0.52015173 -0.19272798 0.19639318 995.62 
20150701190226 9.416994 1.733402 0.093972415 0.4166101 -0.00580322 0.18173242 995.62 
20150701190226 11.494562 0.14065935 0.4794389 0.26358834 0.10476339 0.18997909 995.62 
20150701190226 13.717579 -0.4854244 0.6314707 0.23273966 0.03970624 0.15821409 995.62 
20150701190226 14.238916 1.1773487 1.3431472 0.28893927 -0.14752395 0.04795292 995.62 
20150701190226 12.021287 2.765303 1.8549078 0.34513888 -0.26145032 -0.086132 995.62 
20150701190226 10.007165 2.7281928 0.866701 0.35216382 -0.2312125 -0.22357668 995.64 
20150701190226 11.700463 0.5835867 -1.9488802 0.32467487 -0.01160644 -0.27580565 995.64 
20150701190226 15.251663 2.6300306 -4.961983 0.28985557 0.33292156 -0.29626966 995.64 
20150701190226 12.178705 4.770447 -4.6016555 0.21624629 0.16065755 -0.19333886 995.64 
20150701190226 9.422979 1.9644425 -5.033809 -0.027488936 -0.3222314 -0.45265114 995.64 
20150701190226 9.750386 -0.664391 -5.6844335 -0.23151793 -0.41080686 -0.5009095 995.64 
20150701190226 12.683882 -2.480393 -3.515885 -0.30940324 0.02321288 -0.267559 995.64 
20150701190226 13.712192 -2.384625 -2.7730842 -0.34697145 0.33444872 -0.08827003 995.64 
20150701190226 12.593501 -0.05686229 -3.2106245 -0.16340645 0.3921755 -0.067500606 995.64 
20150701190226 12.095507 1.8818425 -2.570774 0.0012217305 0.21288654 -0.006414085 995.54 
20150701190226 10.7116585 2.610877 -2.1290438 -0.019547688 0.09040806 0.17470746 995.54 
20150701190226 8.540117 1.8022354 -1.7010803 -0.16432275 0.040927973 0.44776422 995.54 
20150701190226 5.9986725 0.33279404 -1.9997569 -0.36377025 0.09682214 0.56199604 995.54 
20150701190226 5.257068 -0.5291186 -1.8968062 -0.45662177 0.25350907 0.505491 995.54 
20150701190226 4.068946 -0.8242039 -1.7052702 -0.4813618 0.38698313 0.4529566 995.54 
20150701190226 4.449624 -0.76195467 -1.9147629 -0.50335294 0.2770274 0.41538838 995.54 
20150701190226 6.546346 -0.7254431 -1.661576 -0.48288897 0.009162978 0.40133846 995.54 
20150701190226 7.656657 -0.45429978 -1.5179238 -0.42180246 -0.23304509 0.39584067 995.54 
20150701190226 8.349778 0.035314474 -0.74998367 -0.39828414 -0.51923543 0.22388211 995.56 
20150701190226 8.061277 -0.15682021 -0.33997664 -0.45937067 -0.5635232 0.011911872 995.56 
20150701190226 7.5704656 -1.1599907 -0.05865794 -0.5458081 -0.42638394 -0.13255776 995.56 
20150701190226 7.89907 -2.0428526 -0.15622166 -0.59223384 -0.27580565 -0.20555615 995.56 
20150701190226 8.9040365 -2.379238 -0.39025488 -0.51251596 -0.105068825 -0.19028452 995.56 
20150701190226 10.056246 -1.6472107 -1.0324994 -0.40775254 -0.04184427 -0.23304509 995.56 
20150701190226 12.188282 -0.90979666 -0.5009867 -0.29779682 -0.13439035 -0.25534168 995.56 
20150701190226 13.597869 -0.9995792 0.3369839 -0.21044308 -0.2855795 -0.27214047 995.56 
20150701190226 12.537237 -1.8602947 0.7799112 -0.1459968 -0.38515055 -0.17562376 995.56 
20150701190226 10.907983 -1.5502456 0.15981296 -0.070249505 -0.45204028 0.0729984 995.62 
20150701190226 11.423933 -0.57281274 -2.5408466 -0.019242255 -0.12186762 0.2929099 995.62 
20150701190226 14.764443 -0.2208651 -3.5122938 -0.028099801 0.18570304 0.27305678 995.62 
20150701190226 13.282433 -0.56802434 -5.5982423 -0.0852157 0.16432275 0.24404067 995.62 
20150701190226 10.837953 1.6807296 -4.992509 0.1255328 -0.22082779 0.27763826 995.62 
20150701190226 10.733805 3.2076318 -4.2179847 0.46700647 -0.35155296 0.36132678 995.62 
20150701190226 12.910134 3.913921 -3.2860417 0.37568212 -0.04642576 0.37048978 995.62 
20150701190226 14.204799 2.7766755 -1.9740193 0.3726278 0.38148534 0.2678644 995.62 
20150701190226 13.154343 0.7433996 -1.3988123 0.29901853 0.34483343 0.16982053 995.62 
20150701190226 10.43034 -1.4143747 -1.6843209 0.12339478 0.17287487 -0.022602014 995.62 
20150701190227 11.148601 -1.5179238 -0.98940384 0.118202426 0.06414085 -0.2501493 995.62 
20150701190227 9.179968 -0.17537527 -1.0606314 0.25534168 0.07422013 -0.48930305 995.62 
20150701190227 6.996456 0.374094 -1.7100586 0.45875978 0.112399206 -0.35063666 995.62 
20150701190227 6.421249 0.7344214 -1.1210849 0.54641896 0.037873644 -0.35888332 995.62 
20150701190227 4.770447 0.98700964 -1.9255368 0.61208695 0.27947086 -0.3753767 995.62 
20150701190227 3.7481227 1.7076644 -2.2691047 0.6230826 0.2443461 -0.31215215 995.62 
20150701190227 4.1264067 1.5634137 -1.7417817 0.5534439 0.19792034 -0.3408628 995.62 
20150701190227 6.206968 0.9636662 -1.0181342 0.42577308 0.14660765 -0.37323865 995.62 
20150701190227 7.8733325 0.41718966 -0.61530983 0.38728857 -0.04886922 -0.32467487 995.61 
20150701190227 8.395866 0.635062 -0.29448682 0.42332962 -0.22876903 -0.084910266 995.61 
20150701190227 8.041525 1.584363 0.24121583 0.52626044 -0.33841935 0.08368854 995.61 
20150701190227 7.921815 2.1733365 0.40342298 0.57726765 -0.20799962 0.124311075 995.61 
20150701190227 8.908825 1.8561049 0.34356794 0.52626044 -0.009468411 0.16646078 995.61 
20150701190227 10.8152075 0.4429273 0.40043023 0.44990227 0.100792766 0.18295415 995.61 
20150701190227 12.798205 -0.3465607 0.56922144 0.4098906 0.07819075 0.13744467 995.61 
20150701190227 14.277224 1.1917139 1.021127 0.4550946 -0.06536258 0.081855945 995.61 
20150701190227 13.32912 3.1238346 1.4293385 0.55955255 -0.19761491 -0.0036651916 995.61 
20150701190227 11.862072 3.4662056 1.4544775 0.6441574 -0.23945917 -0.1423316 995.63 
20150701190227 12.191275 1.335366 -0.61291564 0.63285637 -0.052534413 -0.21655174 995.63 
20150701190227 14.607623 1.9351135 -4.8500543 0.5363397 0.17256944 -0.29046643 995.63 
20150701190227 11.891401 3.6421793 -5.0200424 0.45845437 0.18997909 -0.29718593 995.63 
20150701190227 9.312247 2.0039468 -5.7508726 0.2947425 -0.06811147 -0.4098906 995.63 
20150701190227 10.131663 0.010175358 -5.9501896 0.08735373 -0.25473082 -0.42363504 995.63 
20150701190227 13.719375 -1.9446903 -3.457826 0.0027488936 0.1160644 -0.3100141 995.63 
20150701190227 14.656106 -2.6880898 -2.7048495 -0.06291912 0.25900686 -0.23762658 995.63 
20150701190227 12.811972 -0.748188 -3.0238767 0.09162979 0.3109304 -0.19853121 995.63 
20150701190227 11.825561 1.34195 -2.8137856 0.26053402 0.26542094 -0.086132 995.63 
20150701190227 10.166978 2.6222494 -2.2038627 0.26145032 0.2843578 0.21197024 995.63 
20150701190227 7.581838 2.4702177 -1.9818004 0.15241088 0.22052236 0.44868052 995.63 
20150701190227 6.669647 1.5508442 -1.9488802 -0.060170226 0.22296582 0.5564982 995.63 
20150701190227 4.771644 0.17178397 -1.8543092 -0.26908615 0.3652974 0.5342017 995.63 
20150701190227 3.2453403 -0.7673417 -2.3505075 -0.40775254 0.3744604 0.4569272 995.63 
20150701190227 4.3598413 -1.359308 -2.0949266 -0.47525316 0.18417588 0.38912117 995.63 
20150701190227 6.5283895 -1.2940661 -1.536479 -0.49480084 0.04642576 0.42210788 995.63 
20150701190227 7.5088153 -0.8535329 -1.3210008 -0.4465425 -0.22204952 0.3576616 995.63 
20150701190227 7.815273 -0.29628247 -0.7613561 -0.41263947 -0.5653558 0.16249016 995.63 
20150701190227 7.6668324 -0.25498247 0.06943185 -0.40530908 -0.5635232 -0.03023783 995.63 
20150701190227 7.716512 -0.96067345 0.504578 -0.398895 -0.41538838 -0.14294247 995.63 
20150701190227 8.528147 -1.1911154 0.074818805 -0.38789943 -0.19853121 -0.16829337 995.63 
20150701190227 9.390059 -1.3162124 -0.55006784 -0.35796702 -0.10048734 -0.16920967 995.63 
20150701190227 11.392809 -1.4790181 -0.7284359 -0.29077184 -0.096516706 -0.24678956 995.63 
20150701190227 13.35785 -1.0911574 -0.25977087 -0.19120082 -0.22876903 -0.25289822 995.63 
20150701190227 14.477139 -0.7284359 1.1438298 -0.10048734 -0.3930918 -0.16310102 995.63 
20150701190227 12.546814 -0.9540894 1.7004818 -0.08002335 -0.42760566 -0.07422013 995.63 
20150701190227 10.475829 -1.043872 1.1821371 -0.01038471 -0.34238997 0.15821409 995.59 
20150701190227 11.216835 -1.3359646 -2.0721815 0.0290161 0.01282817 0.33628133 995.59 
20150701190227 14.88176 -2.5378537 -2.307412 0.020463986 0.3191771 0.26358834 995.59 
20150701190227 12.85387 -1.8459295 -5.5701103 0.10140363 0.26847526 0.24098633 995.59 
20150701190227 9.248801 -0.60333884 -5.3139305 0.3191771 -0.27672195 0.39645153 995.59 
20150701190227 11.026496 1.3251907 -4.2143936 0.5534439 -0.29016098 0.43585235 995.59 
20150701190227 12.9167185 3.5380316 -2.847903 0.7275405 0.18661933 0.33658674 995.59 
20150701190228 14.369999 3.0783448 -2.4899697 0.7651087 0.40194935 0.19425514 995.59 
20150701190228 13.603854 0.60094464 -1.7178397 0.61422503 0.36163223 0.1020145 995.59 
20150701190228 11.821371 -1.0857705 -0.93493575 0.41447207 0.26389378 -0.0012217305 995.63 
20150701190228 8.319851 -3.4278982 -1.9590555 0.25411993 0.17806722 -0.25167647 995.63 
20150701190228 9.454702 -1.5167267 -0.12689269 0.2706133 0.23090707 -0.68691796 995.63 
20150701190228 6.2752028 -0.54887074 -1.2455834 0.51893 0.53878313 -0.6924158 995.63 
20150701190228 4.4741645 0.08738836 -1.3748703 0.7611381 0.07819075 -0.54825157 995.63 
20150701190228 3.1950622 0.5793968 -1.3042414 0.89736104 0.36835176 -0.54336464 995.63 
20150701190228 3.0945058 0.86011696 -1.8201919 0.9795224 0.40011674 -0.5039638 995.63 
20150701190228 5.0134583 1.0995371 -1.7878702 0.98807454 0.22296582 -0.44959682 995.63 
20150701190228 7.414244 1.2659341 -1.3383588 1.0183123 0.022296581 -0.26450464 995.63 
20150701190228 8.802282 1.4682442 -0.7356185 1.026559 -0.36193767 -0.029626964 995.63 
20150701190228 9.103952 2.3181858 -0.060453594 1.010982 -0.5128214 0.071776666 995.63 
20150701190228 8.74961 2.5923219 0.050876785 0.9392053 -0.42332962 0.11178834 995.63 
20150701190228 9.495404 2.154183 0.13706805 0.8026769 -0.16737708 0.10751228 995.63 
20150701190228 10.451289 1.1552023 0.002992752 0.59864795 0.03023783 0.15607607 995.63 
20150701190228 11.725004 -0.23762453 0.5530606 0.42271876 0.06566802 0.16401732 995.63 
20150701190228 14.106038 0.094570965 1.3772645 0.40103304 -0.022907447 0.07788532 995.63 
20150701190228 13.205219 1.4311341 1.5149311 0.53023106 -0.15057829 0.020158553 995.63 
20150701190228 11.31799 2.1404164 -0.7858967 0.5739079 -0.34574974 -0.048563786 995.63 
20150701190228 12.246342 2.1152773 -1.9536686 0.51159966 -0.21319197 -0.18509217 995.63 
20150701190228 13.972561 3.976769 -3.4865563 0.35918877 0.11728613 -0.31429017 995.63 
20150701190228 11.760918 4.0683475 -3.870227 0.23151793 -0.10140363 -0.35124752 995.63 
20150701190228 10.626664 0.9475053 -4.9919105 -0.026572637 -0.28160888 -0.5314528 995.63 
20150701190228 11.59033 -1.9416976 -5.2103815 -0.11636983 -0.2593123 -0.44990227 995.63 
20150701190228 14.950592 -2.5600002 -2.2505496 -0.13591751 0.16554448 -0.26847526 995.63 
20150701190228 14.3179245 -1.2132617 -2.60549 0.022602014 0.42088616 -0.11301007 995.63 
20150701190228 12.841899 0.9103952 -2.9622262 0.12034045 0.40561453 -0.09437868 995.63 
20150701190228 11.394605 2.5360582 -2.1140802 0.27672195 0.30634892 -0.028099801 995.63 
20150701190228 8.533533 2.9951463 -2.0308816 0.15241088 0.25717425 0.23671028 995.64 
20150701190228 6.9970546 1.8273745 -2.1242554 -0.09682214 0.26542094 0.4831944 995.64 
20150701190228 5.2768207 0.40581718 -1.8405426 -0.31215215 0.4343252 0.5729916 995.64 
20150701190228 2.8736405 -0.7086837 -2.6102784 -0.43127087 0.42577308 0.63041294 995.64 
20150701190228 3.9719806 -1.3700819 -2.1523874 -0.56016344 0.28771752 0.6215554 995.64 
20150701190228 5.3384714 -1.4047978 -1.412579 -0.6377433 0.23396139 0.61483586 995.64 
20150701190228 6.5122285 -1.0935516 -1.5263035 -0.63255095 -0.12095132 0.462425 995.64 
20150701190228 7.235876 -0.81642276 -1.2785037 -0.5992588 -0.55741453 0.2443461 995.64 
20150701190228 7.3268557 -0.4321534 -0.92296475 -0.559858 -0.55771995 0.087659165 995.64 
20150701190228 8.055291 -0.51714754 -0.83378077 -0.54305923 -0.5671884 -0.034208454 995.62 
20150701190228 9.162011 0.23523031 -0.05925649 -0.5510005 -0.39095375 -0.052534413 995.62 
20150701190228 9.642049 0.53330845 -0.26156655 -0.5864306 -0.22266038 -0.12644911 995.62 
20150701190228 10.292673 -0.878672 -0.533907 -0.65026605 -0.16279559 -0.27305678 995.62 
20150701190228 11.652579 -1.7663223 -0.07182605 -0.64873886 -0.124005646 -0.3222314 995.62 
20150701190228 13.947422 -2.0763714 1.5771804 -0.56107974 -0.14569137 -0.23396139 995.62 
20150701190228 13.387178 -2.457648 2.3373394 -0.4633413 -0.17806722 -0.19639318 995.62 
20150701190228 11.535264 -1.9722236 0.5590461 -0.2275473 -0.18753563 0.094989546 995.62 
20150701190228 12.026075 -2.895787 -1.5897499 0.047036625 -0.05100725 0.25900686 995.62 
20150701190228 15.381549 -2.6527755 -1.158195 0.17195857 0.27580565 0.28496864 995.67 
20150701190228 14.282012 -1.666963 -4.663905 0.37232238 0.20280726 0.41599923 995.67 
20150701190228 11.599309 2.0566192 -4.92607 0.65484756 -0.33169982 0.52534413 995.67 
20150701190229 9.55885 4.021062 -2.882619 0.71959925 -0.19792034 0.39950588 995.67 
20150701190229 11.431116 3.8965633 -2.2164323 0.45875978 0.3378085 0.093462385 995.67 
20150701190229 12.161946 2.1996727 -1.5310919 0.4098906 0.75411314 0.008857546 995.67 
20150701190229 10.237606 -1.240795 -2.0979192 0.26236662 0.61300325 -0.018325957 995.67 
20150701190229 13.730148 -1.763928 -0.5093664 0.022296581 0.3408628 -0.12675454 995.67 
20150701190229 11.27669 -1.38325 -1.0600328 0.13591751 0.15210545 -0.3622431 995.67 
20150701190229 8.771158 -0.6721721 -1.0390835 0.3857614 -0.20005837 -0.34208453 995.62 
20150701190229 6.52001 -0.19393034 -1.6178818 0.52412236 0.11728613 -0.49663344 995.62 
20150701190229 4.0557775 0.30945057 -1.8321629 0.70066243 0.3744604 -0.5235115 995.62 
20150701190229 3.079542 0.7224504 -1.7274165 0.7993172 0.4343252 -0.49327368 995.62 
20150701190229 3.9630024 0.91099375 -1.401805 0.8356637 0.39278635 -0.45173484 995.62 
20150701190229 6.096236 1.2982559 -1.4083891 0.9114109 0.15485434 -0.37904188 995.62 
20150701190229 8.237251 1.5562311 -1.2922704 0.9841039 -0.22266038 -0.2874121 995.62 
20150701190229 9.147646 1.816002 -0.6051345 0.9779953 -0.42394048 -0.076052725 995.62 
20150701190229 8.890868 2.4139538 0.23283611 0.8723156 -0.49877146 0.095294975 995.62 
20150701190229 7.9266033 2.285864 0.6853402 0.75777835 -0.26816985 0.15515977 995.63 
20150701190229 7.719505 1.4221559 0.74399817 0.643852 0.050396383 0.17470746 995.63 
20150701190229 9.161413 1.0187328 0.31124622 0.57971114 0.21655174 0.19364429 995.63 
20150701190229 11.575367 1.1085154 0.78290397 0.54428095 0.19853121 0.20189096 995.63 
20150701190229 14.232332 1.1013328 1.8800468 0.48899764 -0.06811147 0.13958271 995.63 
20150701190229 14.325108 2.2786815 1.8112136 0.5204572 -0.3921755 0.012217305 995.63 
20150701190229 12.356475 2.1960814 -1.0977415 0.49449542 -0.4636467 -0.15607607 995.63 
20150701190229 13.202826 2.247557 -2.8191724 0.4361578 -0.2611449 -0.30665436 995.63 
20150701190229 14.132973 2.9191303 -2.7886465 0.38698313 0.015577064 -0.31795537 995.63 
20150701190229 12.073959 1.3210008 -3.276465 0.33169982 0.076052725 -0.29260445 995.64 
20150701190229 10.072407 -1.5921441 -4.4759603 0.1563815 -0.048258353 -0.28038713 995.64 
20150701190229 11.868656 -1.7118542 -3.9372647 0.13439035 0.23090707 -0.23151793 995.64 
20150701190229 13.281236 -0.29209262 -2.0626047 0.18875736 0.5708536 -0.11362094 995.64 
20150701190229 12.046426 0.6159084 -2.6797101 0.16340645 0.5354234 -0.055283304 995.64 
20150701190229 10.395624 1.4993688 -2.3702598 0.16218472 0.226631 -0.02443461 995.64 
20150701190229 11.89619 2.1188686 -2.046444 0.03604105 0.18784106 0.04917465 995.64 
20150701190229 9.490017 1.4443022 -1.6980876 -0.21135938 0.15760323 0.27488935 995.64 
20150701190229 7.2939353 0.7517793 -1.8076223 -0.40591997 0.027794369 0.34788775 995.64 
20150701190229 6.1626754 0.049679685 -1.8441339 -0.5882632 0.050701816 0.49846604 995.6 
20150701190229 5.348048 -0.60453594 -2.0578163 -0.68111473 0.24740042 0.5448918 995.6 
20150701190229 5.203199 -1.3862427 -1.9829975 -0.7333437 0.14966199 0.5039638 995.6 
20150701190229 5.625177 -1.6208745 -1.4101849 -0.7538077 -0.12186762 0.39736784 995.6 
20150701190229 5.765238 -1.5735891 -1.4083891 -0.73761976 -0.35063666 0.30726522 995.6 
20150701190229 6.609194 -1.2749124 -1.4311341 -0.6426302 -0.48349985 0.21930063 995.6 
20150701190229 7.463325 -0.31244332 -1.1168951 -0.5027421 -0.46731192 0.09560041 995.6 
20150701190229 8.079832 0.56084174 -0.037708677 -0.45234573 -0.5342017 0.007941248 995.6 
20150701190229 7.787141 0.21667525 0.09816227 -0.48380527 -0.5674938 -0.061086524 995.6 
20150701190229 8.176199 -0.7691373 -0.39264908 -0.5015204 -0.43860126 -0.1160644 995.64 
20150701190229 9.809643 -1.5634137 -0.88286185 -0.46975538 -0.32925636 -0.1994475 995.64 
20150701190229 12.369643 -1.3694834 -0.29209262 -0.4352415 -0.28802297 -0.32925636 995.64 
20150701190229 13.880983 -0.0688333 0.8882488 -0.4089743 -0.43463063 -0.38240165 995.64 
20150701190229 13.883377 -0.17597382 2.542642 -0.36102137 -0.59620446 -0.31612277 995.64 
20150701190229 12.820352 -1.6262615 2.5049336 -0.35613444 -0.52106804 -0.19211712 995.64 
20150701190229 11.778873 -2.5677812 1.3221979 -0.24617869 -0.32436943 0.10170906 995.64 
20150701190229 12.242152 -2.9191303 -1.0911574 -0.10476339 0.032070424 0.33567044 995.64 
20150701190230 15.093047 -2.9825768 -1.5388732 -0.026267206 0.24923302 0.29657507 995.64 
20150701190230 13.806763 -2.3175871 -4.9482164 0.17165314 0.14294247 0.35430184 995.62 
20150701190230 11.374852 0.24001873 -5.056554 0.43127087 -0.36163223 0.43768495 995.62 
20150701190230 9.19134 1.9895816 -4.1880574 0.6740898 -0.27030787 0.40286562 995.62 
20150701190230 11.709442 2.5959132 -2.4821887 0.7165449 0.1518 0.20952678 995.62 
20150701190230 12.857462 1.9901801 -2.019509 0.7816021 0.64904433 0.1301143 995.62 
20150701190230 12.747329 0.4878186 -1.5448587 0.70005155 0.5308419 0.10415252 995.62 
20150701190230 10.147824 -1.8267759 -2.190096 0.56291234 0.35277468 0.021380283 995.62 
20150701190230 11.534067 -1.1815386 -0.6194997 0.4868596 0.19517145 -0.2687807 995.62 
20150701190230 8.878299 -0.45848963 -0.75237787 0.5479461 0.2919936 -0.5983425 995.62 
20150701190230 6.1405287 0.25977087 -1.541866 0.6041457 0.17623462 -0.52748215 995.63 
20150701190230 4.8057613 0.92296475 -1.572392 0.72295904 0.31612277 -0.6017023 995.63 
20150701190230 3.4290953 0.8571242 -1.7166426 0.77121735 0.5180137 -0.4654793 995.63 
20150701190230 3.7355533 0.6967127 -1.7262194 0.7651087 0.41355577 -0.3576616 995.63 
20150701190230 5.5509567 0.97982705 -1.5861586 0.7480045 0.27305678 -0.3210097 995.63 
20150701190230 7.599196 1.3150153 -0.98222125 0.76083267 0.02076942 -0.2312125 995.63 
20150701190230 9.150041 1.6891093 -0.13826515 0.72356987 -0.24129178 -0.093462385 995.63 
20150701190230 10.001778 2.1547816 0.50637364 0.6933321 -0.3203988 0.02107485 995.63 
20150701190230 8.9602995 2.0159178 0.8912416 0.66339964 -0.19822577 0.15515977 995.63 
20150701190230 8.0445175 1.2419921 0.83138657 0.5635232 0.07788532 0.18600847 995.61 
20150701190230 8.865729 0.4429273 0.6745663 0.46731192 0.34116822 0.15882497 995.61 
20150701190230 12.015302 0.5374983 1.5316905 0.46028697 0.38545597 0.06627888 995.61 
20150701190230 14.320917 1.1976994 1.9542671 0.51343226 0.07727446 0.020158553 995.61 
20150701190230 13.430274 2.4235306 0.5374983 0.6444628 -0.2782491 -0.03023783 995.61 
20150701190230 12.562975 2.6072857 -2.4947581 0.7021896 -0.43249258 -0.13194689 995.61 
20150701190230 13.654132 3.5595794 -3.402759 0.6123924 -0.18173242 -0.26053402 995.61 
20150701190230 13.182474 4.446631 -2.232593 0.4370741 0.033292156 -0.27214047 995.61 
20150701190230 10.071808 1.163582 -4.0797195 0.24678956 -0.009468411 -0.2602286 995.61 
20150701190230 8.695142 -1.9871874 -5.589264 -0.0070249503 0.1001819 -0.2996294 995.62 
20150701190230 11.596316 -2.0141222 -2.5659857 -0.08735373 0.41599923 -0.14752395 995.62 
20150701190230 13.9516115 -1.7166426 -1.7489643 -0.093462385 0.5821546 -0.054061573 995.62 
20150701190230 13.256096 -1.0582372 -1.8614918 0.0033597588 0.29718593 -0.12186762 995.62 
20150701190230 12.551003 0.38067806 -1.6256629 0.0021380284 -0.039095376 -0.1142318 995.62 
20150701190230 12.33792 1.6047137 -1.0109516 -0.051618114 -0.10629055 -0.032375857 995.62 
20150701190230 9.244612 1.1198878 -1.0552444 -0.17898351 -0.07971791 0.20433442 995.62 
20150701190230 7.438186 0.62009823 -1.2725182 -0.28771752 -0.07819075 0.36010507 995.62 
20150701190230 5.7161565 -0.10654198 -1.0965444 -0.37720928 0.15454891 0.5183192 995.62 
20150701190230 3.8780081 -0.9211691 -1.6561891 -0.42088616 0.19425514 0.5897904 995.62 
20150701190230 4.369418 -1.436521 -1.6531962 -0.43554693 0.12003502 0.5036584 995.62 
20150701190230 4.83509 -1.3455414 -1.4634558 -0.43371433 -9.162979E-4 0.35002577 995.62 
20150701190230 5.905897 -0.50278234 -1.0163386 -0.40133846 -0.36835176 0.21777347 995.62 
20150701190230 6.909666 -0.09816227 -0.84575176 -0.3313944 -0.54702985 0.122783914 995.62 
20150701190230 7.5734587 0.10295067 -0.9127894 -0.3032946 -0.559858 0.022602014 995.62 
20150701190230 8.756194 -0.24899697 -0.4297592 -0.35124752 -0.52412236 -0.0729984 995.62 
20150701190230 9.4535055 -0.45729253 0.020949265 -0.4297437 -0.398895 -0.15332718 995.62 
20150701190230 9.81503 -1.2689269 0.10354923 -0.48380527 -0.31490102 -0.2507602 995.62 
20150701190230 10.805631 -1.3844471 0.50517654 -0.4334089 -0.20891592 -0.32986724 995.67 
20150701190230 11.754931 -1.103727 0.6027403 -0.33536503 -0.09315695 -0.32345316 995.67 
20150701190230 12.732365 -0.9756372 1.2360066 -0.2275473 -0.10842858 -0.27550024 995.67 
20150701190231 13.032837 -1.4131776 2.2667105 -0.27214047 -0.1572978 -0.19608775 995.67 
20150701190231 11.802815 -1.7770962 1.7962499 -0.28160888 -0.23762658 0.016493361 995.67 
20150701190231 11.930307 -1.5831659 -0.4357447 -0.2406809 -0.18234327 0.22143865 995.67 
20150701190231 14.871584 -2.801216 -1.2791022 -0.21410827 -0.0021380284 0.24037547 995.67 
20150701190231 14.648325 -2.5019407 -4.185663 -0.07422013 0.025045475 0.23671028 995.67 
20150701190231 12.693459 -1.9608512 -6.3488245 0.20555615 -0.27885997 0.45112398 995.67 
20150701190231 9.758167 0.9911995 -4.297592 0.51159966 -0.26236662 0.46517387 995.64 
20150701190231 11.16117 3.4141316 -2.9287071 0.6017023 0.040317107 0.30848694 995.64 
20150701190231 12.483368 3.9480386 -2.0093338 0.5739079 0.5696318 0.20677789 995.64 
20150701190231 11.955446 2.099715 -1.6962919 0.4896085 0.63285637 -0.024740042 995.64 
20150701190231 11.252748 0.09935937 -1.3060371 0.2751948 0.5421429 -0.15974127 995.64 
20150701190231 8.103176 -2.681506 -2.3439236 0.17715092 0.47891834 -0.25167647 995.64 
20150701190231 11.35929 -2.059612 0.021547815 0.22693644 0.33292156 -0.537256 995.64 
20150701190231 8.670003 -1.2162545 -1.2174516 0.47769663 0.5519168 -0.58001655 995.64 
20150701190231 6.985682 -0.30945057 -1.7351977 0.7147123 0.111177474 -0.25870144 995.64 
20150701190231 6.7348895 0.44771573 -1.7345991 0.9233228 0.23640485 -0.32528573 995.65 
20150701190231 5.884948 1.3724761 -1.5957354 1.0241156 0.3707952 -0.25473082 995.65 
20150701190231 5.7029886 1.8118122 -1.2677298 1.0149527 0.20219639 -0.3109304 995.65 
20150701190231 6.95336 1.9405005 -1.4107834 0.94714653 0.1255328 -0.30634892 995.65 
20150701190231 8.10138 1.7764976 -1.0546459 0.8872818 0.028710667 -0.16523905 995.65 
20150701190231 8.485051 1.4437037 -0.51355624 0.7828238 -0.13713925 0.011911872 995.65 
20150701190231 8.104373 1.4131776 0.34955344 0.6795876 -0.13683382 0.13652839 995.65 
20150701190231 7.253234 1.4107834 0.9367314 0.59559363 0.009468411 0.15790866 995.65 
20150701190231 6.482301 0.90859956 0.6015432 0.52595496 0.13713925 0.1695151 995.65 
20150701190231 7.6243353 0.39743748 0.47644615 0.49693888 0.18173242 0.17959438 995.6 
20150701190231 10.396821 -0.27952304 0.4890157 0.5180137 0.12034045 0.22479841 995.6 
20150701190231 13.125612 -0.3645172 0.7505822 0.6081163 -0.15882497 0.22449298 995.6 
20150701190231 13.996503 1.2360066 1.6627731 0.6939429 -0.43585235 0.14721853 995.6 
20150701190231 10.828376 2.6300306 1.6609775 0.7538077 -0.4841107 0.07696902 995.6 
20150701190231 10.506355 2.9299042 0.14065935 0.74189585 -0.3408628 -0.06658431 995.6 
20150701190231 13.422493 1.0235212 -2.3385365 0.6786713 0.063224554 -0.14202617 995.6 
20150701190231 12.913726 2.2134395 -3.4644098 0.55680364 0.35185838 -0.18417588 995.6 
20150701190231 10.515932 2.3056161 -3.7128084 0.50946164 0.03481932 -0.2443461 995.6 
20150701190231 9.618706 -0.022744916 -4.5406036 0.3109304 -0.112704635 -0.3811799 995.62 
20150701190231 12.4073515 -1.163582 -3.3728316 0.16157386 0.006414085 -0.27214047 995.62 
20150701190231 14.322713 -1.5263035 -1.6053122 0.14905111 0.36896262 -0.19272798 995.62 
20150701190231 12.717401 -1.1019313 -1.7417817 0.073303826 0.37507126 -0.112399206 995.62 
20150701190231 11.36348 0.92895025 -1.8860323 0.02107485 0.13072516 -0.22510384 995.62 
20150701190231 11.377845 1.8106151 -0.53091425 0.0729984 0.112399206 -0.23426682 995.62 
20150701190231 8.9279785 1.1348516 -0.99299514 9.162979E-4 0.17379116 0.009468411 995.62 
20150701190231 7.271789 0.19393034 -1.1737574 -0.06994407 0.089186326 0.2874121 995.62 
20150701190231 6.503849 -0.7206547 -0.842759 -0.13408493 0.028099801 0.45051312 995.62 
20150701190231 5.2319293 -1.186327 -1.0899603 -0.18295415 0.0983493 0.50793445 995.6 
20150701190231 5.6886234 -1.210269 -0.91697925 -0.24587326 0.02565634 0.49754974 995.6 
20150701190231 6.2351 -0.7703344 -0.87208796 -0.25686884 -0.110872045 0.4279111 995.6 
20150701190231 7.1071877 -0.587178 -0.9127894 -0.1957823 -0.2648101 0.3136793 995.6 
20150701190231 7.9511437 -0.62129533 -0.74399817 -0.12522738 -0.55955255 0.20677789 995.6 
20150701190231 8.550891 -0.2088941 -0.5303157 -0.09865474 -0.5882632 0.1255328 995.6 
20150701190231 8.813056 0.06703765 0.30765492 -0.09437868 -0.5714644 0.00580322 995.6 
20150701190231 8.735245 -0.31004912 0.8206126 -0.14385876 -0.4260785 -0.09682214 995.6 
20150701190232 8.4826565 -0.62249243 0.23044191 -0.20097467 -0.30695978 -0.18661933 995.6 
20150701190232 9.813234 -0.76554596 -0.23762453 -0.21105394 -0.20250183 -0.24465153 995.66 
20150701190232 11.402985 -0.47105917 -0.24001873 -0.19242255 -0.09896017 -0.2919936 995.66 
20150701190232 12.511499 -0.29628247 0.6691794 -0.15851954 -0.15363261 -0.28191432 995.66 
20150701190232 12.348095 -0.6051345 1.5711949 -0.16493362 -0.33933565 -0.22937989 995.66 
20150701190232 10.670957 -0.7116765 1.5155296 -0.19364429 -0.36071593 -0.1459968 995.66 
20150701190232 10.605117 -0.20350714 0.006584055 -0.1133155 -0.22510384 0.03023783 995.66 
20150701190232 12.963405 -0.5189432 -1.1695676 -0.06169739 -0.027794369 0.15790866 995.66 
20150701190232 15.078682 -1.8848352 -1.2617443 -0.040317107 0.034513887 0.21991149 995.66 
20150701190232 13.6409645 -2.1667526 -4.6579194 -0.03268129 -0.07696902 0.17195857 995.66 
20150701190232 10.376471 -1.0235212 -4.7776294 0.12522738 -0.2706133 0.23609942 995.67 
20150701190232 9.403227 0.825401 -2.2182279 0.30970868 -0.09132435 0.17379116 995.67 
20150701190232 11.231799 1.7609353 -1.9482816 0.35063666 0.30970868 0.10781772 995.67 
20150701190232 12.402563 1.1707647 -2.2625206 0.39400807 0.6072 0.110872045 995.67 
20150701190232 12.44925 0.39983168 -1.4550761 0.49510628 0.63529986 0.099571034 995.67 
20150701190232 10.26514 -1.5286977 -2.071583 0.33292156 0.4728097 0.05681047 995.67 
20150701190232 12.831724 -0.23044191 -0.45609543 0.2312125 0.25442538 -0.26358834 995.67 
20150701190232 9.8437605 0.14724341 -1.163582 0.27275133 0.39736784 -0.5299256 995.67 
20150701190232 7.140108 0.43394905 -1.6687586 0.3930918 0.17623462 -0.28038713 995.67 
20150701190232 5.7005944 0.7248446 -1.3569138 0.42149702 0.15668693 -0.40469822 995.67 
20150701190232 4.583699 0.6326678 -1.1875241 0.42210788 0.40744713 -0.44104472 995.67 
20150701190232 4.687248 0.6751649 -1.1210849 0.3912592 0.3680463 -0.38331795 995.67 
20150701190232 5.5060654 1.216853 -0.85173726 0.39461896 0.17195857 -0.33200526 995.67 
20150701190232 6.566098 1.4921862 -0.9672575 0.40378192 0.026572637 -0.26511553 995.67 
20150701190232 7.6135616 1.2036849 -0.5758055 0.3830125 -0.24251351 -0.1704314 995.67 
20150701190232 8.271967 1.0720038 0.15562311 0.36987892 -0.40866885 -0.03176499 995.67 
20150701190232 7.876325 1.6310499 0.7930793 0.36468655 -0.4251622 0.1142318 995.67 
20150701190232 7.489063 1.9800048 0.95349085 0.31948254 -0.310625 0.160963 995.67 
20150701190232 8.2354555 1.7980455 0.84814596 0.23701571 -0.23304509 0.11759156 995.64 
20150701190232 10.296863 1.1695676 0.9840169 0.19914207 -0.16401732 0.116980694 995.64 
20150701190232 13.206416 0.39145198 2.0242975 0.17134771 -0.18936823 0.1432479 995.64 
20150701190232 15.195998 0.64942724 2.5510218 0.18295415 -0.30634892 0.12461651 995.64 
20150701190232 13.860632 2.0069396 2.5689783 0.30665436 -0.43860126 0.09865474 995.64 
20150701190232 11.532271 2.7521348 0.7930793 0.4538729 -0.40775254 0.015577064 995.64 
20150701190232 12.408549 2.0003555 -1.7980455 0.5213735 -0.15088372 -0.15882497 995.64 
20150701190232 15.263635 2.9801826 -3.2034419 0.43249258 0.19181168 -0.2779437 995.64 
20150701190232 13.090897 3.714604 -4.2838254 0.33658674 0.17562376 -0.20677789 995.64 
20150701190232 9.786898 1.30484 -4.501099 0.18142697 -0.07238753 -0.23304509 995.62 
20150701190232 9.904214 -0.6781576 -5.605425 -0.14905111 -0.093462385 -0.3933972 995.62 
20150701190232 12.441469 -0.6440403 -2.7461493 -0.27458394 0.27947086 -0.31642818 995.62 
20150701190232 12.779052 -0.60333884 -2.2343888 -0.2941316 0.45723262 -0.05131268 995.62 
20150701190232 12.10269 0.31483752 -2.4265234 -0.39370266 0.20738874 0.005497787 995.62 
20150701190232 11.704055 1.0019734 -1.5472529 -0.48747048 -0.099265605 0.0027488936 995.62 
20150701190232 10.621876 1.0199299 -1.5514427 -0.60139686 -0.16157386 0.09468412 995.62 
20150701190232 9.006987 0.21787235 -1.4012065 -0.68508536 -0.18478674 0.28863382 995.62 
20150701190232 7.033566 -0.7667431 -0.9247604 -0.6560693 -0.10934488 0.473726 995.62 
20150701190232 5.7628436 -1.8513165 -0.7404069 -0.6395759 -9.162979E-4 0.50701815 995.56 
20150701190232 3.9264908 -2.3127987 -1.3443443 -0.5681047 0.1459968 0.50885075 995.56 
20150701190232 4.122815 -1.9949685 -1.3545196 -0.43035457 0.15332718 0.47433686 995.56 
20150701190232 6.4870896 -1.1049241 -1.0229226 -0.25992316 0.050701816 0.40622538 995.56 
20150701190233 7.815273 -0.14065935 -0.92775315 -0.118202426 -0.13103059 0.3387248 995.56 
20150701190233 8.30369 0.91937345 -0.85473 -0.022296581 -0.52442783 0.15790866 995.56 
20150701190233 8.099585 1.2156559 -0.46148238 0.0061086523 -0.68386364 0.040317107 995.56 
20150701190233 7.6129627 0.3633201 -0.036511578 -0.08979719 -0.5140431 -0.08277224 995.56 
20150701190233 7.984064 -0.5793968 0.22325931 -0.20463985 -0.31337386 -0.16737708 995.56 
20150701190233 8.023568 -1.3347675 -0.8535329 -0.2773328 -0.1881465 -0.17592919 995.66 
20150701190233 10.17835 -1.4945804 -0.44891283 -0.2947425 -0.12064589 -0.204029 995.66 
20150701190233 11.935694 -1.335366 -0.11432313 -0.2828306 -0.16768251 -0.21471913 995.66 
20150701190233 13.216592 -1.5442601 0.42676646 -0.27855456 -0.2843578 -0.26633725 995.66 
20150701190233 13.2429285 -1.6370354 1.0570401 -0.26511553 -0.47342056 -0.21624629 995.66 
20150701190233 11.660361 -1.4281414 1.4856021 -0.21013765 -0.43951756 -0.05131268 995.66 
20150701190233 11.043854 -0.95109665 -0.1388637 -0.12308934 -0.26083946 0.1881465 995.66 
20150701190233 13.077728 -2.1158757 -1.2671312 -0.079107046 0.0027488936 0.2724459 995.66 
20150701190233 14.38616 -4.9763484 -2.136825 0.025961773 0.18020524 0.22204952 995.66 
20150701190233 12.978968 -3.34051 -5.6724625 0.2761111 0.17501289 0.36346483 995.62 
20150701190233 9.57561 0.9900024 -5.3139305 0.86834496 -0.20097467 0.6056729 995.62 
20150701190233 10.5704 3.9653966 -3.8474822 0.9816604 -0.08277224 0.535118 995.62 
20150701190233 12.48217 4.630386 -3.1124623 0.95539325 0.21685717 0.28771752 995.62 
20150701190233 12.919112 2.570774 -2.5558102 0.96852684 0.47678033 0.103847094 995.62 
20150701190233 12.532449 0.1352724 -1.8177977 0.81031275 0.31612277 -0.008246681 995.62 
20150701190233 11.481394 -1.2533646 -1.9716251 0.52564955 0.26206118 -0.12736541 995.62 
20150701190233 9.178771 -1.7483658 -2.3361423 0.52870387 0.129198 -0.27122417 995.62 
20150701190233 9.139865 -0.8936358 -0.97982705 0.61300325 0.13530666 -0.3820962 995.62 
20150701190233 7.827842 0.2693477 -1.0749966 0.6936375 0.2443461 -0.5558874 995.65 
20150701190233 6.508039 0.94570965 -1.5107412 0.7837401 0.30176744 -0.33933565 995.65 
20150701190233 5.677251 1.4694413 -1.192911 0.8371908 0.04153884 -0.30176744 995.65 
20150701190233 5.092467 1.074398 -1.471237 0.8222246 0.27152961 -0.3005457 995.65 
20150701190233 5.6898203 0.5105635 -1.6214731 0.8042041 0.14874569 -0.30879238 995.65 
20150701190233 6.6732388 0.81761986 -0.866701 0.77366084 0.10293079 -0.25534168 995.65 
20150701190233 7.2430587 1.673547 -0.18315643 0.70829827 -0.034208454 -0.12950343 995.65 
20150701190233 7.713519 2.2810757 -0.24839842 0.67164636 -0.17134771 9.162979E-4 995.65 
20150701190233 8.448539 2.5067291 0.08020575 0.6780604 -0.1600467 0.070554934 995.65 
20150701190233 9.456498 2.2864625 0.46986207 0.6356053 -0.13897185 0.057421334 995.61 
20150701190233 9.847352 1.6837224 0.047884032 0.5354234 -0.17959438 0.002443461 995.61 
20150701190233 10.5919485 1.3066356 0.56443304 0.45356745 -0.19761491 -0.014660766 995.61 
20150701190233 12.589311 2.1493945 1.602918 0.39920044 -0.07269296 -0.02107485 995.61 
20150701190233 13.051392 3.4452562 1.6304513 0.42363504 0.032986723 -0.052534413 995.61 
20150701190233 11.677719 4.3263226 0.7691373 0.43951756 -0.03145956 -0.10048734 995.61 
20150701190233 11.513716 3.5763388 -1.0265139 0.39553526 -0.06994407 -0.20861048 995.61 
20150701190233 13.760076 2.2457612 -0.49200845 0.21013765 0.063224554 -0.25350907 995.61 
20150701190233 13.982737 1.0576386 -2.7287915 -0.06047566 0.16829337 -0.3203988 995.61 
20150701190233 12.698846 0.23104046 -4.63697 -0.19608775 -0.10262536 -0.473726 995.64 
20150701190233 10.941502 -2.2427685 -4.5202527 -0.25259277 -0.1255328 -0.44043383 995.64 
20150701190233 11.426927 -2.9179332 -4.2945995 -0.267559 0.03145956 -0.25228736 995.64 
20150701190233 12.630611 -1.963844 -2.415151 -0.16065755 0.3371976 -0.12583824 995.64 
20150701190233 12.118252 -0.3728969 -2.379238 -0.25625798 0.48349985 -0.089186326 995.64 
20150701190233 11.431715 1.6651673 -1.9572599 -0.32467487 0.22999077 -0.13591751 995.64 
20150701190233 10.885837 1.9309237 -1.7902644 -0.39461896 0.022907447 -0.07544186 995.64 
20150701190233 8.862736 0.36870706 -1.8489223 -0.5864306 -0.05131268 0.07880162 995.64 
20150701190233 6.9862804 -0.8714894 -1.8746599 -0.73945236 -0.052534413 0.35185838 995.64 
20150701190234 5.8628016 -1.7597382 -1.3820529 -0.77366084 0.036957346 0.48991394 995.6 
20150701190234 4.4196963 -1.8291701 -1.4287399 -0.73273283 0.09254608 0.5363397 995.6 
20150701190234 4.5842977 -1.7016789 -1.7100586 -0.6261369 -0.03604105 0.5012149 995.6 
20150701190234 6.1183825 -0.9498995 -1.1677719 -0.46944994 -0.14630222 0.4098906 995.6 
20150701190234 6.909666 0.092176765 -1.2336124 -0.35643986 -0.3304781 0.32498032 995.6 
20150701190234 7.9702973 0.17238252 -0.76315176 -0.2996294 -0.6753115 0.18448131 995.6 
20150701190234 8.192958 -0.15801731 -0.40102878 -0.3042109 -0.679893 0.020158553 995.6 
20150701190234 8.327033 -0.52253455 -0.47046062 -0.321926 -0.5488624 -0.11056661 995.6 
20150701190234 8.806473 -0.374094 -0.25378537 -0.36041048 -0.4538729 -0.16768251 995.6 
20150701190234 9.274539 -0.19393034 0.29269117 -0.37812558 -0.2678644 -0.20372356 995.6 
20150701190234 9.746795 -0.7032967 0.5446809 -0.41263947 -0.22021692 -0.2910773 995.6 
20150701190234 11.822568 -1.4987702 0.19692309 -0.46028697 -0.21380283 -0.31490102 995.6 
20150701190234 13.479954 -1.6005238 0.6931214 -0.38515055 -0.20708331 -0.2764165 995.6 
20150701190234 12.932281 -1.9680338 1.602918 -0.2929099 -0.21746802 -0.16401732 995.6 
20150701190234 11.315596 -2.1535845 0.76195467 -0.2687807 -0.26908615 -0.008552114 995.6 
20150701190234 11.307216 -1.8076223 -2.2661119 -0.13133603 -0.09101892 0.17959438 995.6 
20150701190234 14.389153 -2.379238 -1.4347254 0.027488936 0.16646078 0.2406809 995.6 
20150701190234 13.56435 -1.9698294 -5.179257 0.15974127 0.2171626 0.22602014 995.6 
20150701190234 12.448053 -0.14844051 -4.7040076 0.4831944 -0.06688975 0.47250426 995.64 
20150701190234 10.793061 3.5368345 -5.109226 0.79412484 -0.2565634 0.54702985 995.64 
20150701190234 12.643779 4.409521 -2.3570917 0.7632761 0.09315695 0.4718934 995.64 
20150701190234 13.046603 3.05141 -1.8806454 0.535118 0.65393126 0.22999077 995.64 
20150701190234 12.824541 0.09816227 -1.5191209 0.47311515 0.65668017 -0.024740042 995.64 
20150701190234 12.240954 -1.8166006 -1.0109516 0.32070425 0.57879484 -0.17592919 995.64 
20150701190234 9.551069 -3.3518825 -1.6496049 0.2733622 0.36865717 -0.24587326 995.64 
20150701190234 10.120291 -2.0111294 -0.5554548 0.4370741 0.16890424 -0.39187005 995.64 
20150701190234 7.9182234 -0.089782566 -1.4478935 0.6908886 0.39858958 -0.52564955 995.64 
20150701190234 5.517438 1.4437037 -1.9393034 0.84696466 0.30787608 -0.36163223 995.64 
20150701190234 4.233547 2.405574 -1.9333179 0.9611965 0.22052236 -0.44929138 995.64 
20150701190234 3.4404678 2.1996727 -2.0470424 0.95417154 0.46486846 -0.47250426 995.64 
20150701190234 4.734534 1.4586674 -1.8740613 0.84849185 0.2919936 -0.46853364 995.64 
20150701190234 6.6205664 0.9780314 -1.520318 0.7367035 0.049480084 -0.37965274 995.64 
20150701190234 7.669825 1.009156 -1.2761095 0.6444628 -0.20311269 -0.16615535 995.64 
20150701190234 8.242638 1.644218 -0.17537527 0.5665775 -0.3286455 0.042760566 995.64 
20150701190234 8.544906 2.5366566 0.6344634 0.5360342 -0.28191432 0.13439035 995.64 
20150701190234 8.5700445 2.712032 1.1318588 0.4841107 -0.1432479 0.17837265 995.64 
20150701190234 9.037513 2.123657 1.4903905 0.32742378 -0.062002823 0.16707164 995.61 
20150701190234 10.3932295 0.80445176 1.1498153 0.19150625 -0.038179077 0.13530666 995.61 
20150701190234 11.822568 -0.9792285 1.6968905 0.06627888 -0.032986723 0.11911872 995.61 
20150701190234 13.158532 -1.1767502 1.8956091 0.098043874 -0.09437868 0.11453723 995.61 
20150701190234 12.649166 1.1174936 1.7004818 0.34483343 -0.17959438 0.043066 995.61 
20150701190234 10.796054 2.6497827 1.7818847 0.5335908 -0.23273966 -0.084910266 995.61 
20150701190234 10.256162 2.259528 -0.16998832 0.5983425 -0.16187929 -0.1740966 995.61 
20150701190234 13.461998 2.3427265 -4.7279496 0.59498274 0.040011674 -0.2742785 995.61 
20150701190234 13.773843 4.630985 -6.11539 0.48991394 0.12980886 -0.19883664 995.61 
20150701190234 11.01273 2.6162639 -4.9721584 0.2657264 -0.03726278 -0.24465153 995.64 
20150701190234 11.112088 0.11492168 -4.6662993 -0.046120327 -0.33475417 -0.34300083 995.64 
20150701190234 13.665504 -1.8620903 -2.8413188 -0.13194689 0.12186762 -0.25167647 995.64 
20150701190234 14.899117 -2.6342204 -2.1410148 -0.23701571 0.4783075 -0.20463985 995.64 
20150701190234 13.804368 -1.0977415 -2.1212628 -0.07849618 0.59559363 -0.16157386 995.64 
20150701190235 13.119028 1.412579 -1.4838065 0.0290161 0.38240165 -0.080634214 995.64 
20150701190235 10.942101 3.0621839 -1.3892355 -0.0021380284 0.30024028 0.10903945 995.64 
20150701190235 7.9355817 2.3265655 -1.9057846 -0.13897185 0.36651915 0.27183503 995.64 
20150701190235 6.9743094 1.1115081 -2.1410148 -0.31123585 0.41325033 0.44348818 995.64 
20150701190235 6.187814 -0.2753332 -1.1168951 -0.4804455 0.5009095 0.56779927 995.66 
20150701190235 4.0144777 -1.0726024 -1.8189948 -0.63132924 0.39370266 0.55924714 995.66 
20150701190235 3.6074634 -1.5119383 -1.9590555 -0.6227771 0.100792766 0.4120286 995.66 
20150701190235 5.843049 -1.1701661 -1.5263035 -0.5705481 0.09773844 0.39584067 995.66 
20150701190235 6.8683662 -0.6075287 -1.1671734 -0.4746423 -0.05222898 0.33353242 995.66 
20150701190235 7.832032 -0.28790274 -0.6907272 -0.4202753 -0.42210788 0.16279559 995.66 
20150701190235 8.1558485 -0.31244332 0.5494693 -0.39095375 -0.5714644 0.040927973 995.66 
20150701190235 8.103774 -0.7589619 1.5071499 -0.4343252 -0.41447207 -0.09712757 995.66 
20150701190235 8.104971 -1.5490485 2.0003555 -0.42424592 -0.30695978 -0.17470746 995.66 
20150701190235 8.202535 -2.2774844 0.6805518 -0.35521814 -0.183565 -0.20433442 995.61 
20150701190235 8.793304 -1.6885108 -0.46567222 -0.21533 -0.027488936 -0.25900686 995.61 
20150701190235 10.175956 -0.30765492 -0.30645782 -0.042455133 0.020463986 -0.30207285 995.61 
20150701190235 12.509704 0.6757634 -0.07182605 0.034513887 -0.15027285 -0.35979962 995.61 
20150701190235 13.48594 0.04070143 1.0408791 0.028710667 -0.36041048 -0.31429017 995.61 
20150701190235 12.318767 -0.587178 2.0039468 -0.016187929 -0.573297 -0.14844026 995.61 
20150701190235 10.787076 -1.033098 1.7405846 -0.03848451 -0.56688297 0.06536258 995.61 
20150701190235 11.020511 -0.8559271 -0.7733272 -0.07422013 -0.33505958 0.18600847 995.61 
20150701190235 14.038402 -1.7369933 -0.8026561 -0.10048734 -0.15118915 0.17592919 995.61 
20150701190235 13.652935 -2.5408466 -3.280655 -0.080634214 -0.18478674 0.17348573 995.62 
20150701190235 11.303625 -1.9081788 -5.847239 0.101098195 -0.41386122 0.37690386 995.62 
20150701190235 8.746617 -0.1364695 -4.256292 0.40958515 -0.45081854 0.44012842 995.62 
20150701190235 11.731588 1.9919758 -3.2303767 0.50793445 -0.07360926 0.23976462 995.62 
20150701190235 13.623607 3.7110126 -1.827973 0.65026605 0.30543262 0.15149458 995.62 
20150701190235 14.499884 2.4127567 -1.0181342 0.64660084 0.3277292 0.07819075 995.62 
20150701190235 13.323732 0.36750996 -1.110311 0.47861293 0.267559 0.010079277 995.62 
20150701190235 9.000402 -2.7934349 -2.3906105 0.35521814 0.20738874 -0.12522738 995.62 
20150701190235 11.285668 -1.7663223 -0.12629414 0.31887165 0.24037547 -0.37048978 995.62 
20150701190235 8.096592 -0.8810662 -1.1264719 0.5002986 0.5290093 -0.59040123 995.63 
20150701190235 5.7005944 0.32800564 -1.5646108 0.6765333 0.17623462 -0.3830125 995.63 
20150701190235 4.7500963 1.2324153 -1.2707225 0.7870999 0.19700404 -0.4877759 995.63 
20150701190235 4.36044 1.5957354 -1.2850877 0.8127562 0.44440445 -0.4972443 995.63 
20150701190235 4.689044 1.5502456 -1.1480197 0.75716746 0.25137106 -0.45478916 995.63 
20150701190235 6.3703723 1.4149733 -0.92296475 0.6930266 0.032986723 -0.40225476 995.63 
20150701190235 7.8146744 1.1091139 -0.95468795 0.6728681 -0.20799962 -0.26816985 995.63 
20150701190235 8.522759 0.99898064 -0.7469909 0.659429 -0.39187005 -0.057726767 995.63 
20150701190235 8.623915 1.6053122 -0.19752164 0.6789767 -0.4288274 0.100792766 995.63 
20150701190235 8.389283 2.4660277 0.39863458 0.64599 -0.26908615 0.16310102 995.6 
20150701190235 7.8062944 2.195483 0.55725044 0.5198463 -0.055283304 0.15577064 995.6 
20150701190235 8.812458 1.5370775 0.5291186 0.40225476 0.060170226 0.13561209 995.6 
20150701190235 10.8182 0.6871359 0.4830302 0.28038713 0.12583824 0.15302174 995.6 
20150701190235 12.538434 -0.20410569 0.908001 0.22876903 0.08155051 0.18753563 995.6 
20150701190235 13.715783 0.0035913025 1.3245921 0.28588495 -0.12980886 0.13836098 995.6 
20150701190235 12.993931 0.9768343 1.6873137 0.44165558 -0.3191771 0.077579886 995.6 
20150701190235 11.723807 1.2982559 1.8567034 0.50488013 -0.3930918 0.0036651916 995.6 
20150701190235 11.422736 1.2443863 0.6961141 0.50885075 -0.33169982 -0.08827003 995.6 
20150701190235 13.092093 1.0013748 -0.91937345 0.51007247 -0.053145275 -0.18661933 995.63 
20150701190236 12.394782 2.9287071 -4.0701427 0.49632803 0.031154128 -0.24740042 995.63 
20150701190236 8.954314 3.1896753 -5.919065 0.535118 -0.12797627 -0.34788775 995.63 
20150701190236 8.362348 1.751957 -6.0728927 0.3943135 -0.2733622 -0.3943135 995.63 
20150701190236 11.345523 0.7422025 -4.3418846 0.15302174 -0.22327125 -0.105374254 995.63 
20150701190236 14.525621 -0.8595184 -1.8632874 -0.083383106 -0.0106901415 -0.009162978 995.63 
20150701190236 14.420876 -1.1007342 -2.3475149 -0.2302962 0.086437434 -0.18387043 995.63 
20150701190236 13.849259 -0.024540568 -2.331354 -0.073303826 -0.03970624 -0.31245756 995.63 
20150701190236 12.122441 0.760159 -2.078167 -0.025350908 0.058337633 -0.12064589 995.63 
20150701190236 9.631873 1.4544775 -1.6579847 -0.09590584 0.065973446 0.33078352 995.68 
20150701190236 7.079056 1.1899183 -2.030283 -0.1740966 0.15974127 0.55955255 995.68 
20150701190236 6.037578 0.36750996 -1.6454151 -0.2751948 0.40958515 0.54275376 995.68 
20150701190236 4.8668137 -0.41180268 -1.5508442 -0.35155296 0.50579643 0.48930305 995.68 
20150701190236 4.6136265 -0.9032126 -1.5825673 -0.40133846 0.24617869 0.45875978 995.68 
20150701190236 5.4881086 -1.3730747 -1.2892777 -0.41813725 0.1133155 0.42210788 995.68 
20150701190236 6.7725983 -1.3198037 -1.258153 -0.36713 -0.096516706 0.3359759 995.68 
20150701190236 7.838018 -0.4441244 -0.82240826 -0.30848694 -0.4083634 0.24251351 995.68 
20150701190236 7.897873 0.50876784 -0.8391677 -0.27947086 -0.49449542 0.122478485 995.68 
20150701190236 8.579023 0.54049104 -0.54527944 -0.31337386 -0.47861293 0.01038471 995.66 
20150701190236 9.108142 -0.21068975 0.545878 -0.398895 -0.37995818 -0.09315695 995.66 
20150701190236 8.865729 -0.94810385 0.89423436 -0.48380527 -0.29901853 -0.16218472 995.66 
20150701190236 8.950723 -2.1068976 0.35553896 -0.49174652 -0.21594086 -0.20433442 995.66 
20150701190236 10.062231 -1.6657659 -0.050876785 -0.36193767 -0.009773844 -0.20861048 995.66 
20150701190236 10.696096 -1.2318168 -0.7733272 -0.24404067 0.103847094 -0.18784106 995.66 
20150701190236 12.726379 -0.6913257 0.59017074 -0.16187929 0.03023783 -0.25137106 995.66 
20150701190236 12.273276 -0.9636662 1.1456255 -0.12522738 -0.089491755 -0.12614368 995.66 
20150701190236 11.16117 -0.7020996 1.3018472 -0.077579886 -0.33322698 0.0870483 995.66 
20150701190236 10.827179 0.095169514 -0.18555063 -0.032375857 -0.19730948 0.17256944 995.64 
20150701190236 13.514071 -0.878672 -1.6184803 -0.093767814 -0.022602014 0.14049901 995.64 
20150701190236 14.6441345 -2.5127146 -2.179322 -0.18417588 0.04062254 0.06291912 995.64 
20150701190236 11.090541 -2.891597 -5.9244523 -0.06047566 -0.15851954 0.31978795 995.64 
20150701190236 8.231265 -0.6943185 -4.817134 0.39003745 -0.36163223 0.40866885 995.64 
20150701190236 9.8276 2.071583 -3.958214 0.6017023 -0.029321533 0.32803464 995.64 
20150701190236 13.296199 4.972757 -3.217807 0.6759224 0.20952678 0.23762658 995.64 
20150701190236 15.689203 4.299388 -1.3269863 0.70646566 0.3155119 0.13133603 995.64 
20150701190236 14.383765 1.1210849 -1.5658079 0.44440445 0.16890424 0.05222898 995.64 
20150701190236 12.488156 -1.3425486 -0.7332243 0.22479841 0.012217305 -0.09987647 995.59 
20150701190236 9.28232 -3.4763808 -1.9458874 0.17165314 0.16829337 -0.27305678 995.59 
20150701190236 9.370307 -1.2108675 -0.87807345 0.2556471 0.3585779 -0.5644395 995.59 
20150701190236 6.339846 0.22445641 -1.6370354 0.5296202 0.63285637 -0.49235737 995.59 
20150701190236 5.101445 1.1372458 -1.1994951 0.6979135 0.1881465 -0.41783184 995.59 
20150701190236 4.324527 1.3311762 -1.1899183 0.7425067 0.40469822 -0.43493605 995.59 
20150701190236 4.1132383 1.2922704 -1.8561049 0.7119634 0.33322698 -0.44165558 995.59 
20150701190236 5.2355204 0.84694886 -1.7393875 0.6554584 0.087659165 -0.42119157 995.59 
20150701190236 7.0156097 0.6410475 -1.4083891 0.6252206 -0.1020145 -0.310625 995.59 
20150701190236 8.096592 0.8834604 -0.96306765 0.6411031 -0.3454443 -0.13439035 995.62 
20150701190236 8.286931 1.4317327 -0.50397944 0.6423248 -0.4428773 0.0580322 995.62 
20150701190236 8.419808 2.2577322 0.2633622 0.64660084 -0.34300083 0.15027285 995.62 
20150701190236 8.470087 2.6916811 1.0007763 0.58551437 -0.18142697 0.18112154 995.62 
20150701190236 8.5473 2.641403 0.825401 0.40225476 -0.08307768 0.18142697 995.62 
20150701190236 9.707291 1.0552444 0.919972 0.15577064 0.027183503 0.16249016 995.62 
20150701190237 11.175535 -0.7667431 0.30585927 0.056505036 0.09682214 0.13072516 995.62 
20150701190237 12.227787 -0.40940848 0.18614918 0.11881329 -0.04886922 0.13958271 995.62 
20150701190237 12.856264 0.9588778 1.316811 0.2302962 -0.26542094 0.1160644 995.62 
20150701190237 12.885593 2.1883004 1.6729485 0.38728857 -0.4288274 0.0067195175 995.63 
20150701190237 12.439673 1.9620483 -0.03232172 0.5177083 -0.5009095 -0.06841691 995.63 
20150701190237 14.714165 1.5765818 -1.6861166 0.5006041 -0.32711834 -0.20005837 995.63 
20150701190237 14.841657 3.8792052 -3.781043 0.4370741 -0.20463985 -0.23640485 995.63 
20150701190237 11.125855 4.3197384 -4.7776294 0.33383787 -0.25381452 -0.29901853 995.63 
20150701190237 8.872911 2.3540988 -5.297171 -0.009162978 -0.2828306 -0.46792278 995.63 
20150701190237 8.941146 -0.57041854 -4.970961 -0.13683382 -0.10140363 -0.23426682 995.63 
20150701190237 11.600506 -3.3500867 -3.5763388 -0.16035213 0.2706133 0.008857546 995.63 
20150701190237 13.689446 -3.5350387 -2.420538 -0.1459968 0.49235737 0.018936822 995.63 
20150701190237 13.484144 -0.95708215 -2.2894554 0.031154128 0.41447207 -0.036651913 995.62 
20150701190237 12.80479 1.5610195 -2.4450784 0.106595986 0.18387043 -0.070249505 995.62 
20150701190237 11.160571 2.8173769 -2.132635 0.076358154 0.09712757 0.077579886 995.62 
20150701190237 8.5538845 2.4756045 -1.9243397 -0.06627888 0.096516706 0.29718593 995.62 
20150701190237 6.6391215 1.2419921 -2.273893 -0.2134974 0.25350907 0.43310347 995.62 
20150701190237 5.2780175 -0.18974048 -2.0386627 -0.38912117 0.39553526 0.4538729 995.62 
20150701190237 4.353257 -1.3431472 -1.9446903 -0.51923543 0.5131268 0.42302418 995.62 
20150701190237 4.4274774 -1.8590976 -1.7866731 -0.57971114 0.36163223 0.4025602 995.62 
20150701190237 6.542156 -1.917157 -1.1713632 -0.54061574 0.1151481 0.33964106 995.62 
20150701190237 7.2149267 -1.3066356 -1.168969 -0.4605924 -0.19975294 0.24648413 995.62 
20150701190237 7.397485 -0.095768064 -1.3102269 -0.3200934 -0.46028697 0.090713486 995.62 
20150701190237 8.061875 0.45370123 -0.63206923 -0.23457226 -0.5384777 -0.031154128 995.62 
20150701190237 8.27496 0.095169514 -0.061052144 -0.2828306 -0.3680463 -0.077579886 995.62 
20150701190237 8.407838 -0.52612585 0.025139118 -0.36377025 -0.26725355 -0.1423316 995.62 
20150701190237 8.98903 -1.091756 -0.26396075 -0.3857614 -0.15760323 -0.17256944 995.62 
20150701190237 10.236409 -1.2737153 -0.81163436 -0.37751472 -0.049785517 -0.2321288 995.62 
20150701190237 11.398794 -0.9588778 -0.99898064 -0.35430184 -0.02321288 -0.28863382 995.62 
20150701190237 13.091495 -1.06123 0.19692309 -0.34208453 -0.13805555 -0.26053402 995.62 
20150701190237 13.301586 -2.0685902 1.6657659 -0.35155296 -0.2874121 -0.17256944 995.66 
20150701190237 11.594521 -2.0775685 1.5520413 -0.27091873 -0.36010507 -0.025350908 995.66 
20150701190237 10.582372 -1.1546037 -0.92655605 -0.099571034 -0.26816985 0.14813483 995.66 
20150701190237 12.529456 -1.5011644 -1.6244658 -0.01282817 0.11301007 0.15454891 995.66 
20150701190237 13.84507 -2.071583 -2.801216 0.057726767 0.28160888 0.1337795 995.66 
20150701190237 11.484387 -1.2569559 -5.486912 0.36010507 -0.110872045 0.36774087 995.66 
20150701190237 9.001001 1.0121487 -5.0625396 0.6258314 -0.41050145 0.42394048 995.66 
20150701190237 10.59554 2.8975825 -3.8373067 0.6753115 -0.18142697 0.31031954 995.66 
20150701190237 13.152547 3.9396589 -2.858677 0.69058317 0.1731803 0.17654006 995.66 
20150701190237 14.596251 2.8030117 -1.7513585 0.66339964 0.25289822 0.1255328 995.56 
20150701190237 13.540408 0.7062895 -1.7465701 0.4370741 0.14508049 0.067500606 995.56 
20150701190237 10.823587 -1.003769 -1.4766239 0.3313944 0.112704635 -0.044898596 995.56 
20150701190237 10.022128 -1.988983 -1.2862848 0.3408628 0.18509217 -0.26145032 995.56 
20150701190237 8.519168 -0.84934306 -1.3515269 0.46792278 0.3408628 -0.56077427 995.56 
20150701190237 6.4362125 -0.045489833 -2.100912 0.66675943 0.45265114 -0.3381139 995.56 
20150701190237 5.8771667 1.0097545 -1.5652094 0.76083267 0.2678644 -0.35124752 995.56 
20150701190237 4.9907136 1.6663644 -1.5382746 0.7852673 0.38148534 -0.33383787 995.56 
20150701190237 4.660912 1.8680758 -1.8435353 0.7293731 0.22540927 -0.3200934 995.56 
20150701190237 5.770026 1.6352397 -1.690905 0.64934975 0.076052725 -0.34422258 995.62 
20150701190237 7.4483614 1.216853 -1.3102269 0.57971114 -0.059253927 -0.2321288 995.62 
20150701190238 8.329428 0.97743285 -0.7356185 0.5271767 -0.27916542 -0.013744468 995.62 
20150701190238 8.58022 1.0690111 -0.14664486 0.5180137 -0.38087448 0.129198 995.62 
20150701190238 8.557475 1.5676036 0.55964464 0.49968776 -0.3109304 0.18325958 995.62 
20150701190238 8.429984 1.9632454 0.587178 0.45081854 -0.18295415 0.1518 995.62 
20150701190238 8.479065 1.8447324 0.2801216 0.32650748 -0.110872045 0.1459968 995.62 
20150701190238 9.6845455 1.2731167 -0.15502456 0.17623462 -0.07391469 0.13225232 995.62 
20150701190238 11.382035 0.0724246 0.23762453 0.106595986 -0.09193522 0.10140363 995.62 
20150701190238 12.802994 0.038905777 0.10235212 0.124005646 -0.15943582 0.04184427 995.57 
20150701190238 13.676877 1.846528 1.5562311 0.22510384 -0.30451632 -0.025961773 995.57 
20150701190238 13.081918 2.77069 1.6484078 0.25350907 -0.35643986 -0.105374254 995.57 
20150701190238 12.320562 1.5502456 -0.82121116 0.24281894 -0.3371976 -0.21074851 995.57 
20150701190238 14.396335 1.3820529 -1.2384008 0.20708331 -0.031154128 -0.29260445 995.57 
20150701190238 14.067731 3.0376434 -2.0769699 0.11026118 0.06994407 -0.34574974 995.57 
20150701190238 10.220847 3.2213984 -4.4340615 -0.03359759 -0.18600847 -0.5439755 995.57 
20150701190238 8.8328085 1.0989386 -5.7059813 -0.25442538 -0.23671028 -0.61819565 995.57 
20150701190238 9.1590185 -0.24779987 -6.001665 -0.3005457 0.0290161 -0.19975294 995.57 
20150701190238 12.300211 -1.3545196 -3.4638114 -0.25625798 0.25992316 0.026572637 995.69 
20150701190238 13.278841 -1.1617863 -2.9694088 -0.18203785 0.25045475 0.08857546 995.69 
20150701190238 12.413338 0.2184709 -2.7766755 -0.098043874 0.09621128 -0.061086524 995.69 
20150701190238 11.591528 1.3551182 -1.988983 -0.16646078 0.036957346 -0.03268129 995.69 
20150701190238 10.169372 1.7136499 -1.3868413 -0.24953845 0.112704635 0.21563543 995.69 
20150701190238 7.9547353 1.2378023 -1.4173675 -0.29993483 0.20219639 0.3820962 995.69 
20150701190238 5.641338 0.5327099 -2.0506337 -0.29046643 0.33567044 0.49968776 995.69 
20150701190238 5.6706667 -0.2100912 -1.745373 -0.30940324 0.45356745 0.5216789 995.69 
20150701190238 4.907515 -0.75477207 -1.5676036 -0.36865717 0.49846604 0.53786683 995.69 
20150701190238 5.6784477 -0.8822633 -1.4951789 -0.39553526 0.16982053 0.43799037 995.65 
20150701190238 7.1490865 -1.0169371 -1.4077905 -0.37323865 -0.08979719 0.40286562 995.65 
20150701190238 7.647679 -0.7308301 -1.377863 -0.33750305 -0.23945917 0.29168814 995.65 
20150701190238 7.903858 -0.19991584 -1.0498575 -0.31245756 -0.410196 0.12003502 995.65 
20150701190238 8.340201 -0.18375498 -0.47644615 -0.32925636 -0.3390302 -0.03023783 995.65 
20150701190238 8.576031 -0.5943606 0.34955344 -0.3576616 -0.24984388 -0.11056661 995.65 
20150701190238 8.991425 -0.6003461 0.5141548 -0.36010507 -0.19058995 -0.12492194 995.65 
20150701190238 9.181764 -0.8523358 0.40222588 -0.32406402 -0.1301143 -0.13041973 995.65 
20150701190238 9.554062 -1.1049241 -0.3345897 -0.27458394 0.011911872 -0.23945917 995.65 
20150701190238 10.144233 -0.6901286 -1.3724761 -0.16798794 0.048563786 -0.30085114 995.64 
20150701190238 12.970588 0.40761283 0.37469256 -0.14263703 -0.01985312 -0.28771752 995.64 
20150701190238 12.474988 0.17417817 1.4496891 -0.18753563 -0.19761491 -0.18142697 995.64 
20150701190238 11.30123 -0.20410569 0.6727707 -0.19853121 -0.4718934 0.032375857 995.64 
20150701190238 11.453262 -0.42437226 -1.5580268 -0.14905111 -0.30787608 0.15485434 995.64 
20150701190238 14.251486 -2.3397336 -1.3467385 -0.17562376 -0.009162978 0.1957823 995.64 
20150701190238 14.442423 -3.8163576 -2.8820202 -0.09010262 0.042455133 0.2910773 995.64 
20150701190238 12.120048 -3.6332011 -5.209184 0.20769419 -0.30207285 0.46273044 995.64 
20150701190238 8.637083 0.08738836 -4.525041 0.68661255 -0.30848694 0.58123827 995.64 
20150701190238 9.903615 3.3279405 -3.3476925 0.7797695 -0.065973446 0.41447207 995.62 
20150701190238 12.536638 4.6920366 -2.0626047 0.72356987 0.3231477 0.17623462 995.62 
20150701190238 13.804967 3.5194764 -1.9656396 0.6249151 0.3555236 -0.0711658 995.62 
20150701190238 10.718243 0.74878657 -2.1930888 0.43493605 0.20433442 -0.1572978 995.62 
20150701190238 11.691485 -2.6426 -1.0247183 0.20922135 0.16371189 -0.20677789 995.62 
20150701190238 9.582193 -1.7932571 -1.4730326 0.16371189 0.16310102 -0.43676865 995.62 
20150701190238 7.554305 -0.54408234 -1.8866309 0.4260785 0.30818152 -0.3585779 995.62 
20150701190239 6.59423 0.7661445 -1.7794905 0.6227771 0.05955936 -0.4456262 995.62 
20150701190239 5.3857565 1.388637 -1.8513165 0.74220127 0.37659842 -0.46731192 995.62 
20150701190239 5.1038394 1.6729485 -1.6986861 0.79901177 0.34055737 -0.40653083 995.65 
20150701190239 5.8933277 1.608305 -1.5993267 0.76174897 0.22449298 -0.40378192 995.65 
20150701190239 7.295731 1.4131776 -1.4718355 0.6817256 0.10140363 -0.3866777 995.65 
20150701190239 8.364143 1.0319009 -1.2497733 0.6432411 -0.12767084 -0.26939157 995.65 
20150701190239 8.811261 1.1043255 -0.6985083 0.62949663 -0.33964106 -0.13836098 995.65 
20150701190239 8.738237 1.6777369 0.15801731 0.64568454 -0.3549127 0.01863139 995.65 
20150701190239 8.276156 1.8004397 0.4201824 0.63346726 -0.25503623 0.09315695 995.65 
20150701190239 8.524555 1.6130934 0.44831428 0.5580254 -0.122783914 0.108123146 995.65 
20150701190239 9.554062 1.2791022 0.076614454 0.42424592 -0.004581489 0.13041973 995.65 
20150701190239 10.457274 0.110731825 -0.43634325 0.35888332 0.0842994 0.16065755 995.66 
20150701190239 11.653777 -0.20171149 -0.5267244 0.3390302 0.057726767 0.16615535 995.66 
20150701190239 12.3516865 1.1282675 0.44651863 0.39645153 -0.03390302 0.12156218 995.66 
20150701190239 11.102511 1.9500773 0.9660604 0.48502702 -0.15607607 0.05955936 995.66 
20150701190239 10.21965 1.8369513 0.107140526 0.53786683 -0.2706133 -0.06719518 995.66 
20150701190239 11.865065 0.17597382 -1.0205284 0.5338962 -0.14110987 -0.10323623 995.66 
20150701190239 14.422671 1.9428947 -4.1341877 0.50640726 0.08399397 -0.11301007 995.66 
20150701190239 12.280459 4.3993454 -4.4897265 0.4981606 0.10262536 -0.1020145 995.66 
