20150624173950 1.7286136 -8.1756 1.1569979 -1.5021176 2.3692408 0.20341812 995.04 
20150624173950 -0.9391256 -9.351752 0.6997054 -0.8454375 1.8084666 0.18448131 995.04 
20150624173950 -0.40521863 -9.491813 -1.4933833 -0.43279803 0.8891144 -0.0290161 995.04 
20150624173950 1.2006922 -8.690952 -3.2190042 -0.79290307 0.5708536 -0.016493361 994.92 
20150624173950 1.8016368 -8.6813755 -2.8072014 -1.1267409 1.196685 0.102319926 994.92 
20150624173950 0.5057751 -9.3822775 -2.5318682 -1.1297953 1.5958854 0.062308256 994.92 
20150624173950 0.11492168 -9.388862 -1.9015948 -0.8943067 1.0549643 -0.023518313 994.92 
20150624173950 0.6841431 -9.2865095 -0.8900445 -0.61300325 0.41996986 0.030848695 994.92 
20150624173950 1.7010803 -8.613141 -0.35314476 -0.57604593 -0.28680122 0.048563786 994.92 
20150624173950 2.6378117 -8.771158 -0.065242 -0.593761 -0.6569856 0.010079277 994.92 
20150624173950 2.782661 -9.372701 -0.93493575 -0.6743952 -0.8347474 -0.03176499 994.92 
20150624173950 2.328361 -10.594342 -1.2449849 -0.7733554 -0.7626653 -0.084910266 994.92 
20150624173950 0.7104794 -10.965444 -0.81343 -0.8915578 -0.45937067 -0.1704314 995.14 
20150624173950 -0.51355624 -11.271901 -0.5057751 -0.8753699 -0.17989981 -0.28680122 995.14 
20150624173950 -0.61890113 -11.499351 0.7978677 -0.6056729 -0.19272798 -0.24923302 995.14 
20150624173950 -1.0187328 -12.674305 -0.008978256 -0.29016098 -0.20005837 -0.12370021 995.14 
20150624173950 -0.33159694 -12.974777 -2.0123265 -0.23151793 -0.4279111 -0.07696902 995.14 
20150624173950 1.5508442 -12.814366 -1.0726024 -0.29749137 -0.42241332 0.035430185 995.14 
20150624173950 -0.017956512 -15.952566 1.0755951 -0.15118915 0.14996742 0.1554652 995.14 
20150624173950 -2.3690627 -16.882713 0.90979666 -0.04520403 0.04520403 0.19242255 995.14 
20150624173950 -2.130241 -14.998477 -0.3716998 0.528093 -0.49388456 0.23365596 995.14 
20150624173950 0.61112 -11.621455 -2.9789855 0.9673051 -0.70280045 0.38087448 994.99 
20150624173950 6.754043 -10.247183 2.873042 1.6936239 -0.48808134 0.68691796 994.99 
20150624173950 10.596737 -10.02153 -0.7236475 2.5689938 0.08155051 0.6093381 994.99 
20150624173950 7.00304 -10.961254 -5.0876784 3.8573086 -0.24373524 -0.053450707 994.99 
20150624173950 3.8145618 -12.94485 -1.7561469 3.1667254 -0.09285152 -0.6273586 994.99 
20150624173950 0.58298814 -13.875596 -2.5330653 1.8768835 0.0 -0.54458636 994.99 
20150624173950 -2.220622 -16.159664 -8.761581 1.666135 1.1074986 -0.38789943 994.99 
20150624173950 -0.3669114 -15.490485 -3.268684 2.0399845 2.5329528 0.11942416 994.99 
20150624173950 -1.0827777 -12.498331 -2.4995465 2.6988027 2.2522602 0.6386596 994.99 
20150624173950 -0.7661445 -10.453683 -2.966416 4.08791 -1.4541647 0.5723807 994.94 
20150624173950 0.24540567 -5.953781 -2.5145104 4.5384235 -3.649309 0.7452556 994.94 
20150624173950 2.4546554 -2.0177135 -2.9987376 4.287663 -3.6599991 1.1395692 994.94 
20150624173950 3.816956 -1.2395979 -0.49200845 3.998724 -2.7036896 1.2669345 994.94 
20150624173950 1.2934675 -3.8738184 0.29328972 3.2916474 -1.536937 0.89461213 994.94 
20150624173950 0.9600749 -4.9679685 0.24660277 1.7165314 -2.2418754 0.4905248 994.94 
20150624173950 1.7489643 -4.4717703 -0.13467385 1.0546589 -2.4996605 0.47128254 994.94 
20150624173950 1.6017209 -2.1972785 -0.6967127 0.6395759 -1.8799378 0.6835582 994.94 
20150624173950 1.6873137 -2.6833014 0.74998367 0.21991149 -1.3057245 0.67164636 994.94 
20150624173950 2.574964 -2.6324248 2.0284874 -0.25411993 -1.1157454 0.50488013 995.23 
20150624173950 3.3925838 -4.1144357 4.056975 -0.94714653 -0.9086621 0.50701815 995.23 
20150624173950 5.329493 -9.132683 6.3482256 -1.509448 -0.3933972 0.41233405 995.23 
20150624173950 6.0878563 -17.55668 7.355586 -2.0506747 -0.056505036 0.18203785 995.23 
20150624173950 6.794146 -19.137453 13.855246 -2.0857995 0.5571091 -0.21868975 995.23 
20150624173951 3.9187095 -14.571112 18.461689 -1.2687671 0.49693888 -0.6056729 995.23 
20150624173951 -5.1720743 -9.597756 12.320562 1.2812898 -0.86406887 -0.7107417 995.23 
20150624173951 4.0839095 -19.27512 -0.48482585 2.499966 -1.9080375 -0.3567453 995.23 
20150624173951 -7.6949644 -19.608511 -2.8808231 0.96883225 -2.4569001 0.50640726 995.23 
20150624173951 0.9247604 2.3451207 -12.998719 -0.58001655 0.77396625 -0.26236662 995.08 
20150624173951 8.271368 7.9445596 -4.3777976 -0.37048978 0.9560041 1.9220876 995.08 
20150624173951 18.43655 -1.9494787 9.560047 -0.9095783 1.7595973 1.8411479 995.08 
20150624173951 1.8130093 -19.601929 -3.7630866 -1.4178182 0.7644979 0.569021 995.08 
20150624173951 -8.590396 -16.132132 -5.53719 0.32345316 1.1386528 -2.7824912 995.08 
20150624173951 -5.313332 -6.7103486 2.5516205 -2.67223 0.14569137 -0.48075095 995.08 
20150624173951 -1.5095441 -5.999271 -2.6120741 -4.5772133 0.7464773 1.3997977 995.08 
20150624173951 0.88046765 -7.680599 -4.011485 -2.4327707 3.645033 0.84788096 995.08 
20150624173951 3.2914288 -8.098986 0.2885013 -1.4877623 4.186565 -0.08277224 995.08 
20150624173951 2.790442 -7.5106106 -0.63206923 -1.6325374 2.713158 -0.81153446 994.93 
20150624173951 2.6222494 -7.5614877 -1.6130934 -1.9422461 -0.015882496 -0.91782504 994.93 
20150624173951 2.5276785 -8.347982 -2.2493525 -1.8988746 -0.027183503 -0.5891795 994.93 
20150624173951 1.5490485 -9.5971575 -2.5121162 -1.8490891 1.2773192 -0.5381723 994.93 
20150624173951 -0.6147113 -9.551667 -3.2543187 -1.8106046 2.2660046 -0.6026186 994.93 
20150624173951 -1.3497312 -9.038112 -3.1812954 -1.382388 2.783102 -0.47647488 994.93 
20150624173951 -2.1757307 -9.604341 -1.2312182 -0.981355 2.3564126 -0.25045475 994.93 
20150624173951 -2.3642743 -11.0378685 -0.39025488 -0.91904676 1.1090258 -0.29046643 994.93 
20150624173951 0.6781576 -11.164762 -1.7369933 -0.83260936 -0.19853121 -0.36071593 994.93 
20150624173951 4.0096893 -9.770139 0.38486794 -0.9621128 -0.88697636 -0.3109304 995.04 
20150624173951 2.9502552 -10.3453455 2.2637177 -1.3219124 -0.6630942 -0.14905111 995.04 
20150624173951 -1.4329298 -12.802395 3.8923733 -1.1123856 -0.2049453 -0.17470746 995.04 
20150624173951 -4.979341 -11.556811 -0.076614454 -0.5821546 -0.5925393 -0.23426682 995.04 
20150624173951 -1.8860323 -13.422493 -4.285621 -0.33567044 -1.1191051 -0.23060162 995.04 
20150624173951 0.31004912 -14.66269 0.31483752 -0.2761111 -0.75502944 -0.15851954 995.04 
20150624173951 -2.3529017 -17.714699 0.30705637 -0.090713486 0.16371189 0.022296581 995.04 
20150624173951 -3.3261447 -13.549386 0.22625206 0.23487769 -0.25167647 0.15668693 995.04 
20150624173951 1.3928268 -11.448474 -3.1214404 1.1377366 -0.9080512 0.36987892 995.04 
20150624173951 9.794081 -12.658743 -1.2389994 2.010663 -1.0677924 0.6560693 995.02 
20150624173951 10.274716 -13.96059 -4.086902 2.525317 -1.0861185 0.5830709 995.02 
20150624173951 8.631097 -14.080898 -3.4159272 3.19116 -0.729984 -0.22357668 995.02 
20150624173951 4.3209357 -15.204976 1.3425486 3.3750305 -0.38362336 -0.79443026 995.02 
20150624173951 -0.21906945 -16.209942 -9.879075 2.2800546 0.49266282 -0.13622294 995.02 
20150624173951 -0.82360536 -17.320852 -6.0920463 2.273335 2.1630738 -0.004276057 995.02 
20150624173951 -0.5895722 -12.41214 -1.1605892 2.2464569 4.468174 0.41172317 995.02 
20150624173951 -0.7763199 -8.839393 -3.74513 1.8936822 4.783075 0.85062987 995.02 
20150624173951 0.08020575 -7.551911 -3.9995139 3.5686748 -1.2644911 0.6960809 995.02 
20150624173951 1.1797429 -3.5446155 -2.859874 4.05584 -4.603786 0.60139686 995.03 
20150624173951 2.178125 -1.8100165 -2.4516625 3.8573086 -4.54667 0.6310238 995.03 
20150624173951 3.3680432 -1.6633717 -1.8531121 3.703676 -4.197255 0.49418998 995.03 
20150624173951 2.2415714 -3.3560722 0.3429694 3.6786306 -3.2232304 0.14049901 995.03 
20150624173951 -0.31184477 -4.923676 0.7326257 2.8325822 -1.9343048 0.028099801 995.03 
20150624173951 1.7160441 -3.3614593 -0.26156655 1.248914 -1.6395624 0.10873401 995.03 
20150624173951 1.8297687 -3.1429882 -0.33877954 0.54183745 -1.6423112 0.33108896 995.03 
20150624173951 1.299453 -3.839701 -0.10235212 0.20799962 -0.79229224 0.48533243 995.03 
20150624173951 2.8880057 -3.2106245 2.307412 -0.28191432 -0.56596667 0.47158796 995.03 
20150624173952 4.312556 -3.8552632 5.133168 -0.9718866 -0.47128254 0.59620446 995.2 
20150624173952 4.36044 -9.27394 7.8930845 -1.7095064 -0.2959642 0.6203337 995.2 
20150624173952 6.247669 -17.764977 6.613384 -2.2223277 -0.021991149 0.3359759 995.2 
20150624173952 6.8611836 -19.608511 12.161347 -2.3212879 0.89827734 0.15424347 995.2 
20150624173952 5.3761797 -17.577032 15.664064 -2.0039434 1.4764613 -0.45753807 995.2 
20150624173952 2.0895395 -18.074427 16.956934 -0.11575896 0.10262536 -1.1023064 995.2 
20150624173952 -0.34117374 -19.608511 0.14844051 2.7672195 -1.6197093 -0.64996064 995.2 
20150624173952 -12.16434 -14.021044 -10.664971 1.7354681 -2.71102 0.2434298 995.2 
20150624173952 1.6118963 11.834539 -11.537658 0.129198 -0.20952678 -0.18387043 995.2 
20150624173952 9.865308 6.2404866 -4.745308 0.49327368 1.7296649 1.2993103 995.08 
20150624173952 19.50616 -11.460445 7.1963716 -0.3921755 0.9486737 2.3851233 995.08 
20150624173952 -5.6904187 -19.603724 -0.32321724 -1.4587462 1.2928963 0.92485 995.08 
20150624173952 -4.4077253 -8.766968 -2.5360582 -0.45540005 2.6887233 -2.169488 995.08 
20150624173952 -0.6159084 -4.5753193 6.719327 -1.9511036 -1.210124 -1.5442673 995.08 
20150624173952 -1.1378443 -7.1951747 -5.301361 -4.3472223 -1.702176 0.7742717 995.08 
20150624173952 1.1210849 -9.57561 -3.7553053 -2.4199426 3.2064316 0.41355577 995.08 
20150624173952 1.7166426 -9.010578 1.186327 -1.3903292 4.116621 -0.50610185 995.08 
20150624173952 0.9044097 -8.093 -1.4437037 -2.276084 3.2491922 -0.56077427 995.08 
20150624173952 1.4239515 -8.39048 -2.5743654 -2.2317963 0.48624873 -0.5467244 994.95 
20150624173952 2.3720553 -8.857947 -1.9261353 -1.5244142 0.3145956 -0.5635232 994.95 
20150624173952 2.3050177 -9.607931 -1.6256629 -1.3881912 0.7696902 -0.57360244 994.95 
20150624173952 0.8678981 -9.011775 -4.0306387 -1.4010195 1.3677273 -0.47067168 994.95 
20150624173952 0.16938977 -10.226234 -4.3742065 -1.2229522 2.0335703 -0.40439278 994.95 
20150624173952 -0.9391256 -10.731411 -0.9283517 -0.9978484 2.0821342 -0.29260445 994.95 
20150624173952 -1.1031284 -10.618883 0.5650316 -1.1780536 1.2999213 -0.24037547 994.95 
20150624173952 0.748188 -10.398617 0.19931729 -0.86559606 -0.3481932 -0.22540927 994.95 
20150624173952 2.0578163 -9.1272955 -0.76434886 -0.70432764 -0.9831876 -0.2687807 994.95 
20150624173952 1.5927427 -10.187927 -0.4381389 -0.9868528 -0.539394 -0.1994475 995.12 
20150624173952 -0.43275195 -12.079945 0.8924387 -1.20371 0.024129177 -0.26450464 995.12 
20150624173952 -3.6373909 -10.898406 2.0272903 -0.9071349 0.17959438 -0.4071417 995.12 
20150624173952 -5.0278234 -11.605294 -0.35553896 -0.54305923 -0.32345316 -0.34422258 995.12 
20150624173952 -2.5659857 -12.978968 -2.3666685 -0.23426682 -0.77274454 -0.13072516 995.12 
20150624173952 0.50397944 -14.462175 -0.4878186 -0.122478485 -0.5235115 -0.009773844 995.12 
20150624173952 -0.7320272 -17.529747 0.98222125 0.056199603 -0.086437434 0.089186326 995.12 
20150624173952 -2.9586349 -12.981361 1.3156139 0.47800204 -0.70554936 0.27183503 995.12 
20150624173952 2.9311013 -11.2928505 -5.395334 1.215011 -1.3939945 0.39064834 995.12 
20150624173952 10.988788 -10.4249525 -0.035314474 1.8997909 -1.6194037 0.68691796 995.01 
20150624173952 10.958859 -13.870209 -1.9590555 2.332589 -0.591623 0.43951756 995.01 
20150624173952 8.9758625 -12.592304 -1.5987282 3.0808988 -0.5183192 -0.38087448 995.01 
20150624173952 2.846706 -14.345458 0.095768064 3.4260378 -0.6826419 -0.98654735 995.01 
20150624173952 0.40821138 -15.489288 -5.6628857 2.4205534 0.23945917 -0.13683382 995.01 
20150624173952 -0.7326257 -16.563087 -9.41041 1.8503108 1.9920316 -0.051923547 995.01 
20150624173952 -0.52612585 -13.186665 -1.6412252 1.6985108 4.2830815 0.60903263 995.01 
20150624173952 -0.45010993 -9.728839 -2.52289 1.5748106 4.679228 0.88331115 995.01 
20150624173952 0.45669398 -8.034941 -3.4871547 2.9385672 0.14049901 0.7079928 995.01 
20150624173952 1.4867992 -5.7736173 -1.7866731 3.7592647 -3.83715 0.77366084 994.95 
20150624173952 3.027468 -3.9606082 -1.411382 3.7067304 -4.131282 0.8054258 994.95 
20150624173952 3.3973722 -3.0998926 -1.9578584 3.579365 -3.7690387 0.7318166 994.95 
20150624173952 3.5978866 -3.2094274 0.51475334 3.513697 -3.3011158 0.410196 994.95 
20150624173952 0.985214 -4.571728 0.92775315 3.0949488 -2.0995438 0.1600467 994.95 
20150624173952 1.4532804 -4.1635165 0.35673606 1.6716328 -1.7907515 0.20586158 994.95 
20150624173953 1.9201498 -3.4913447 -0.020949265 0.81397796 -2.1245892 0.19181168 994.95 
20150624173953 1.2473791 -3.5482068 -0.079008654 0.36560285 -1.328021 0.34300083 994.95 
20150624173953 1.3012487 -4.03004 1.4496891 -0.1459968 -0.7516697 0.3717115 994.95 
20150624173953 2.8975825 -3.41892 3.6631286 -0.6398814 -0.32436943 0.36926803 995.21 
20150624173953 4.173094 -5.7323174 6.321291 -1.2834278 0.065973446 0.43951756 995.21 
20150624173953 4.972757 -13.690045 6.357204 -1.8790215 0.27091873 0.29626966 995.21 
20150624173953 7.5243773 -19.172169 11.32218 -2.2626448 0.62980205 0.08093964 995.21 
20150624173953 7.9792757 -19.325397 13.0041065 -2.230269 1.0519099 -0.35918877 995.21 
20150624173953 0.48123455 -11.348516 18.078617 -1.2003502 0.6630942 -0.8686504 995.21 
20150624173953 0.62009823 -14.989498 4.225766 1.4309518 -1.1594223 -1.0479393 995.21 
20150624173953 -1.347337 -19.608511 -4.848857 2.4489589 -1.8866574 0.06414085 995.21 
20150624173953 -4.509479 -10.83077 -10.08737 0.8509353 -1.351234 0.50854534 995.21 
20150624173953 3.8067808 8.643068 -6.143522 -0.788627 0.52534413 -0.21960606 995.02 
20150624173953 9.68694 1.4766239 -2.291251 -0.47769663 1.4920384 1.8894062 995.02 
20150624173953 16.154877 -12.428301 0.36032736 -0.85918194 1.8698585 1.7369953 995.02 
20150624173953 -7.195773 -19.60133 -4.883573 -1.5280794 1.3979651 -0.05681047 995.02 
20150624173953 -5.705383 -7.869741 0.029927522 -0.4392121 1.8823812 -2.4959953 995.02 
20150624173953 -3.3674448 -5.390545 0.50038815 -2.5977044 0.112704635 -0.58368176 995.02 
20150624173953 -1.1210849 -8.099585 -3.3566709 -3.6792414 0.36835176 1.0290025 995.02 
20150624173953 1.8596961 -9.109339 -1.6867151 -1.8493946 3.215289 0.33261612 995.02 
20150624173953 3.0142999 -8.059482 -0.11791443 -1.6029104 3.2754595 -0.321926 995.02 
20150624173953 2.9430726 -7.1664443 -1.0911574 -1.7287487 2.298686 -0.5002986 995.04 
20150624173953 2.1242554 -8.79091 -1.7651252 -1.7006488 1.1365148 -0.39461896 995.04 
20150624173953 1.4323312 -9.654618 -1.1366472 -1.4581354 0.625526 -0.3200934 995.04 
20150624173953 0.5386954 -9.632472 -1.6585833 -1.4248432 1.0497719 -0.39950588 995.04 
20150624173953 0.30885202 -9.3661175 -5.12838 -1.3115277 1.5436565 -0.34666604 995.04 
20150624173953 0.15682021 -9.989208 -4.0043025 -1.0375546 2.0916026 -0.33261612 995.04 
20150624173953 -0.9127894 -9.97185 -1.1498153 -1.1646146 2.1572707 -0.28619036 995.04 
20150624173953 -1.0995371 -10.17416 -0.4830302 -1.3429873 1.1456778 -0.2751948 995.04 
20150624173953 1.8058267 -10.246585 -0.60812724 -0.94989544 -0.3359759 -0.23182335 995.04 
20150624173953 3.4560301 -10.023924 -0.009576807 -0.8374963 -0.6640105 -0.28405234 995.1 
20150624173953 1.3263878 -10.395624 1.555034 -1.142318 -0.28069258 -0.25992316 995.1 
20150624173953 -2.4797945 -12.555194 2.6593595 -1.25319 -0.096516706 -0.34300083 995.1 
20150624173953 -4.43885 -11.68131 0.64823014 -0.7440339 -0.23457226 -0.39858958 995.1 
20150624173953 -2.8538885 -11.171345 -1.977012 -0.37843102 -0.636827 -0.23609942 995.1 
20150624173953 -0.047285482 -11.784261 -1.970428 -0.27152961 -0.30695978 -0.009468411 995.1 
20150624173953 0.8900445 -14.07611 0.1592144 -0.10995574 0.25900686 0.1142318 995.1 
20150624173953 0.023343466 -16.583439 1.3533225 0.0076358155 -0.04062254 0.13194689 995.1 
20150624173953 -3.2986114 -13.684658 -0.6847417 0.35460728 -0.79809546 0.20066923 995.1 
20150624173953 -0.47764325 -11.660959 -4.5358152 1.1713341 -0.8582657 0.27152961 995.09 
20150624173953 8.471284 -10.298658 2.6431987 1.890017 -0.9388999 0.6068946 995.09 
20150624173953 11.874043 -13.679272 -0.8343793 2.0500638 -0.47128254 0.6921103 995.09 
20150624173953 10.419566 -12.625224 -4.449025 3.145956 -0.36713 -0.1518 995.09 
20150624173953 3.70802 -14.037803 -1.6771383 4.266588 0.03726278 -1.0216721 995.09 
20150624173953 -0.7320272 -15.221736 -5.4144874 2.5815165 0.86529064 -0.22052236 995.09 
20150624173953 -2.3439236 -17.290327 -7.177817 1.5583172 1.4859297 -0.18997909 995.09 
20150624173953 -0.99419224 -13.554174 -1.5370775 1.3701707 3.223536 0.31673363 995.09 
20150624173953 -1.3796587 -9.48463 -2.7455509 1.502423 3.4831536 1.0571023 995.09 
20150624173953 0.09756372 -8.206126 -3.0059202 3.3292155 -0.26542094 0.9416488 995.0 
20150624173953 0.7374141 -6.6445084 -2.1493945 4.382042 -3.5833356 0.6059783 995.0 
20150624173954 2.5115175 -3.7696705 -1.4574703 4.3114867 -4.14075 0.5363397 995.0 
20150624173954 3.6182373 -1.9871874 -0.59256494 4.0387354 -3.9791763 0.4465425 995.0 
20150624173954 2.070386 -3.6595373 0.34237084 3.5750887 -3.2736268 0.28619036 995.0 
20150624173954 0.76315176 -5.321712 0.79008657 2.4184155 -1.9996674 0.24495697 995.0 
20150624173954 1.673547 -5.3821654 -0.031124622 1.1927143 -1.8041905 0.19883664 995.0 
20150624173954 1.6729485 -4.68665 -0.4902128 0.6218608 -1.7553213 0.3023783 995.0 
20150624173954 1.2204443 -3.904943 0.17058687 0.376293 -1.260215 0.34788775 995.0 
20150624173954 1.0540473 -3.8414967 1.5562311 -0.010079277 -1.0784826 0.4098906 995.27 
20150624173954 3.2674868 -3.0340521 3.6140475 -0.5158757 -0.90010995 0.514654 995.27 
20150624173954 4.7309427 -4.584896 5.3965306 -1.1325442 -0.49357912 0.6062838 995.27 
20150624173954 5.5629277 -9.905411 7.3819222 -1.7913623 0.02321288 0.3915646 995.27 
20150624173954 6.000468 -17.898453 6.717531 -2.2021692 0.7113526 0.17104226 995.27 
20150624173954 7.52737 -19.608511 12.405556 -2.3585508 1.1866057 -0.17684549 995.27 
20150624173954 5.3462524 -13.251906 16.153679 -1.7623463 1.5879441 -0.62980205 995.27 
20150624173954 0.33399114 -17.405846 11.8022175 0.3924809 -0.5708536 -0.9224065 995.27 
20150624173954 -2.2242134 -19.608511 -0.34835634 2.7104092 -1.2864822 -0.36682457 995.27 
20150624173954 -9.207501 -12.314576 -8.488642 1.4957036 -2.0357084 0.19456059 995.24 
20150624173954 2.710835 9.332599 -9.627684 -0.12705997 -0.535118 -0.3268129 995.24 
20150624173954 9.46009 2.3732524 -3.3213563 0.23823744 1.1814134 1.5827519 995.24 
20150624173954 18.087595 -10.278308 8.197746 -0.8216137 1.7708983 1.8597792 995.24 
20150624173954 -4.6166196 -19.608511 -4.280234 -1.6423112 1.93797 0.18295415 995.24 
20150624173954 -4.5795093 -10.367492 0.5847838 -0.64599 2.2678373 -1.8408424 995.24 
20150624173954 -1.6903064 -4.9057193 3.5242648 -1.7440202 0.7742717 -1.0051788 995.24 
20150624173954 -0.7098808 -7.891887 -3.9546227 -3.6545014 -1.2205088 0.8594874 995.24 
20150624173954 1.1408371 -10.005369 -3.8857894 -1.9275852 2.5665503 0.31123585 995.24 
20150624173954 2.256535 -8.696339 1.0791864 -1.5748106 3.6807685 -0.33322698 995.38 
20150624173954 1.939902 -7.2831616 -0.53689975 -2.0744984 2.9654453 -0.3549127 995.38 
20150624173954 1.9997569 -8.11395 -1.8561049 -1.9721785 1.047023 -0.16737708 995.38 
20150624173954 2.304419 -8.432977 -1.6717514 -1.4776831 0.35735616 -0.31948254 995.38 
20150624173954 2.1080947 -8.356362 -0.7445967 -1.3970488 1.0161743 -0.441961 995.38 
20150624173954 0.017956512 -9.164406 -1.9087774 -1.3545936 1.5778649 -0.4709771 995.38 
20150624173954 -1.0839748 -10.28549 -4.4603977 -1.1334605 1.8750509 -0.5036584 995.38 
20150624173954 -0.5117606 -10.1460285 -4.5196543 -1.0638218 1.9278907 -0.5390886 995.38 
20150624173954 -0.93134445 -10.217256 -3.3381157 -1.4135422 1.7760907 -0.36865717 995.38 
20150624173954 -0.16879122 -10.644022 -1.2599486 -1.3881912 1.16492 -0.2874121 995.07 
20150624173954 1.8154035 -10.275315 0.7015011 -0.9443977 -0.005497787 -0.3304781 995.07 
20150624173954 3.276465 -9.838373 2.6671407 -0.7901542 -0.9434814 -0.37690386 995.07 
20150624173954 1.4580688 -11.512519 1.6136919 -1.1114693 -1.1218541 -0.31795537 995.07 
20150624173954 -3.4392707 -12.971785 2.8089972 -1.1746938 -1.0180069 -0.31123585 995.07 
20150624173954 -5.4911017 -11.479599 -0.076015905 -0.5128214 -0.5235115 -0.3747658 995.07 
20150624173954 -2.8736405 -12.367249 -4.706402 -0.18234327 -0.5235115 -0.15851954 995.07 
20150624173954 0.31064767 -13.245921 -0.92535895 -0.23732115 -0.21655174 -0.0036651916 995.07 
20150624173954 0.29388827 -16.08724 1.0672154 -0.0125227375 0.3753767 0.11789699 995.07 
20150624173954 -1.875857 -15.436017 1.2485762 0.19822577 -0.50915617 0.19150625 995.14 
20150624173954 -1.1797429 -12.76349 -4.1180267 0.8002335 -1.4703526 0.258396 995.14 
20150624173954 6.63972 -9.425373 0.17717093 1.4975362 -1.6355917 0.473726 995.14 
20150624173954 12.369044 -10.113707 -0.14425065 1.781894 -0.7669413 0.7012733 995.14 
20150624173954 8.9363575 -12.469601 -4.8614264 2.8066204 -0.35460728 0.113926366 995.14 
20150624173954 5.9280434 -12.569559 -0.16400282 3.9306123 -0.17989981 -0.98868537 995.14 
20150624173955 0.41838676 -15.157691 -1.7609353 2.6887233 0.5522222 -0.3481932 995.14 
20150624173955 -1.5424645 -16.07886 -8.983045 1.999362 1.244027 -0.44684792 995.14 
20150624173955 -0.9816227 -15.763424 -4.3807907 2.010663 2.5897632 -0.042455133 995.14 
20150624173955 -0.4938041 -11.746552 -1.3293805 1.7763962 3.6141841 0.5766568 995.04 
20150624173955 -0.5446809 -9.717466 -2.9442697 2.4288 2.284636 0.5488624 995.04 
20150624173955 0.11611878 -8.310873 -2.5809495 3.6758816 -2.54517 0.43768495 995.04 
20150624173955 1.0372878 -5.4408236 -1.9416976 3.9550471 -4.09463 0.5342017 995.04 
20150624173955 2.4492683 -2.9113493 -1.5334862 3.8643336 -4.0909643 0.6133087 995.04 
20150624173955 3.4542346 -2.2750902 -0.6835446 3.5589008 -3.450167 0.6429357 995.04 
20150624173955 1.7136499 -4.272453 0.5201403 3.2782083 -2.195755 0.3930918 995.04 
20150624173955 0.54647654 -5.4527946 0.9211691 2.000889 -1.509448 0.27885997 995.04 
20150624173955 1.7166426 -4.224569 0.6619968 0.9086621 -1.9315559 0.22571471 995.04 
20150624173955 1.9099745 -3.0460231 0.6889315 0.5271767 -1.6102408 0.3839288 995.14 
20150624173955 1.9578584 -3.3333273 1.0702082 0.100792766 -1.0082331 0.47586402 995.14 
20150624173955 2.9430726 -3.0041246 2.3415294 -0.49571714 -0.52595496 0.46120325 995.14 
20150624173955 3.5930982 -5.157709 4.59986 -1.2089024 -0.18173242 0.44806966 995.14 
20150624173955 5.17387 -13.345879 6.92044 -1.7263051 0.0842994 0.25442538 995.14 
20150624173955 6.1243677 -19.073408 8.47727 -2.0668626 0.3408628 0.10720685 995.14 
20150624173955 6.619369 -16.38472 10.74817 -2.1184807 0.78954333 -0.23671028 995.14 
20150624173955 2.7659016 -10.241198 19.178154 -1.3048081 0.59712076 -0.7641924 995.14 
20150624173955 -2.694674 -14.216769 11.052833 1.1038336 -0.9859365 -0.80939645 995.14 
20150624173955 0.8750807 -19.608511 -1.6214731 2.561358 -1.7256943 -0.20555615 995.16 
20150624173955 -8.7609825 -18.658014 -5.599439 0.88453287 -2.5592198 0.5345071 995.16 
20150624173955 2.718616 6.160281 -9.148245 -0.6872234 -0.20861048 0.20738874 995.16 
20150624173955 8.84478 6.5750766 -3.1681273 -0.13316862 1.7806722 1.7574593 995.16 
20150624173955 18.713678 -3.2393548 8.929175 -0.53969944 2.288912 2.1655173 995.16 
20150624173955 1.8908207 -18.341381 -4.955399 -1.3787229 1.409877 0.5696318 995.16 
20150624173955 -10.997766 -17.683575 -0.53330845 -0.3023783 1.8551978 -1.736079 995.16 
20150624173955 -6.2644286 -7.647679 2.6605566 -0.9401216 0.8512407 -1.8551978 995.16 
20150624173955 -1.845331 -6.021417 -1.9919758 -4.310265 -2.6978865 0.83260936 995.16 
20150624173955 1.4688427 -7.3106947 -3.6535518 -2.6416867 2.516154 1.3481796 994.87 
20150624173955 3.1675289 -7.961319 1.1707647 -1.0931433 4.539645 0.25137106 994.87 
20150624173955 2.0410569 -7.6943655 1.508347 -1.3869696 3.0842586 -0.42760566 994.87 
20150624173955 2.0632033 -7.8637557 -1.3784616 -1.8469511 0.5879578 -0.72265357 994.87 
20150624173955 1.9698294 -8.344392 -2.0799627 -1.6288722 -0.8891144 -0.64476824 994.87 
20150624173955 2.0446482 -8.780136 -1.2312182 -1.5460999 0.4859433 -0.62796944 994.87 
20150624173955 1.4425066 -9.695918 -3.2172086 -1.5201381 1.2773192 -0.68569624 994.87 
20150624173955 0.6847417 -10.335769 -6.105813 -1.3365731 1.6490307 -0.6786713 994.87 
20150624173955 0.11432313 -10.860099 -3.457826 -1.0665708 1.9498819 -0.5161811 994.87 
20150624173955 -1.0235212 -10.784083 0.2645593 -1.2507466 1.672549 -0.31031954 995.01 
20150624173955 -0.62249243 -10.962451 0.96187055 -1.0977248 0.25961772 -0.2171626 995.01 
20150624173955 1.7345991 -10.642226 0.81283146 -0.6261369 -1.0027353 -0.16676621 995.01 
20150624173955 1.963844 -9.849147 0.8319851 -0.77671516 -0.70402217 -0.16829337 995.01 
20150624173955 -0.4165911 -12.141596 1.6298528 -1.3133603 -0.34300083 -0.118202426 995.01 
20150624173955 -4.4927197 -12.48217 1.7292122 -0.9300423 -0.050396383 -0.26083946 995.01 
20150624173955 -4.14975 -11.751341 -1.34195 -0.21685717 -0.23090707 -0.3036 995.01 
20150624173955 -1.4945804 -12.590508 -2.1266496 -0.12003502 -0.82986045 -0.07086037 995.01 
20150624173955 0.3645172 -14.255077 0.30705637 -0.022296581 -0.45265114 0.029321533 995.01 
20150624173955 -1.4879963 -17.005417 1.4616601 0.17012598 -0.16432275 0.19211712 995.1 
20150624173955 -3.2106245 -13.4422455 -1.0055647 0.5879578 -0.9379836 0.31306845 995.1 
20150624173956 2.0470424 -10.991181 -3.2860417 1.3778065 -1.3768903 0.46273044 995.1 
20150624173956 11.244369 -9.118318 2.6503813 1.9129245 -1.1795808 0.77549344 995.1 
20150624173956 11.201871 -14.465168 -3.1998506 2.3069327 -0.47983465 0.537256 995.1 
20150624173956 10.451289 -11.602302 -2.5360582 3.5329392 -0.2941316 -0.5992588 995.1 
20150624173956 2.006341 -14.273632 -0.801459 3.5665367 0.33505958 -0.78038037 995.1 
20150624173956 -1.4628572 -15.362994 -6.751649 2.085494 0.9334021 -0.27275133 995.1 
20150624173956 -1.3012487 -16.947956 -5.7544637 1.5992452 1.9843957 0.0018325958 995.1 
20150624173956 -0.9911995 -12.374432 -0.91099375 1.3738359 3.7174203 0.66828656 994.98 
20150624173956 -0.0724246 -8.498219 -2.855684 2.0152445 3.284317 0.83260936 994.98 
20150624173956 0.95827925 -7.3591776 -2.8048072 3.535077 -1.284955 0.64476824 994.98 
20150624173956 1.8237832 -5.6904187 -2.1380222 3.8719695 -3.5619552 0.5839872 994.98 
20150624173956 2.7569232 -3.9252937 -1.5304934 3.6092973 -3.6459491 0.5693264 994.98 
20150624173956 3.354875 -3.5206735 -1.0181342 3.3664784 -3.4584136 0.55741453 994.98 
20150624173956 2.7862523 -4.4580035 0.670975 3.1105258 -2.9969049 0.3744604 994.98 
20150624173956 0.9307459 -5.2846017 1.168969 2.4608707 -1.960572 0.33841935 994.98 
20150624173956 1.7782934 -4.6537294 0.3417723 1.271516 -2.0137172 0.25228736 994.98 
20150624173956 2.4468741 -3.252523 0.16819267 0.5653558 -1.8225164 0.33108896 995.17 
20150624173956 2.0937295 -2.9825768 0.29388827 0.21746802 -1.0421361 0.46486846 995.17 
20150624173956 1.6765398 -4.6537294 1.661576 -0.2843578 -0.7476991 0.46822822 995.17 
20150624173956 2.7048495 -4.8662148 5.29358 -0.86101454 -0.50701815 0.33353242 995.17 
20150624173956 4.3035774 -6.6882024 9.258378 -1.4459181 -0.07147124 0.30268374 995.17 
20150624173956 4.847061 -15.064916 5.7245364 -1.9190332 0.28069258 0.121256754 995.17 
20150624173956 9.108142 -16.922815 8.779537 -2.255009 1.1227703 -0.18081611 995.17 
20150624173956 10.264542 -17.200544 8.75799 -2.1868975 1.8454239 -0.571159 995.17 
20150624173956 1.34195 -11.429919 19.149424 -0.7489208 0.9798279 -0.94134337 995.17 
20150624173956 -1.258153 -18.792688 7.6788034 1.8032742 -0.66645396 -1.073901 995.19 
20150624173956 -5.422867 -19.608511 -3.6894648 1.8176296 -2.3667974 -0.061086524 995.19 
20150624173956 -3.9743748 -6.085462 -10.941502 -0.07880162 -0.9120218 0.06811147 995.19 
20150624173956 4.1282024 8.775348 -7.45734 -0.56107974 1.5879441 0.18692477 995.19 
20150624173956 10.545261 -0.56203884 -3.5033157 -0.28893927 2.2989914 2.110234 995.19 
20150624173956 14.97633 -15.399506 4.9996915 -1.1753048 1.9868392 1.3176364 995.19 
20150624173956 -6.0046577 -18.712482 -3.210026 -1.6771306 1.028697 -0.7021896 995.19 
20150624173956 -4.9003325 -6.7749925 1.1881226 -0.47769663 1.8698585 -1.9569068 995.19 
20150624173956 -2.19668 -5.0302176 0.7128736 -2.7226264 -0.6783658 -0.060170226 995.19 
20150624173956 -0.33877954 -8.3551655 -4.331111 -3.1535919 0.40011674 0.659429 994.8 
20150624173956 1.8405426 -9.370307 -2.2278047 -1.9263636 3.2351422 -0.05955936 994.8 
20150624173956 2.119467 -7.3178773 0.9475053 -1.8967366 3.8481457 -0.4908302 994.8 
20150624173956 2.0027497 -6.9485717 -0.8122329 -1.9315559 2.2534819 -0.4841107 994.8 
20150624173956 1.352724 -8.932168 -2.344522 -1.6267341 0.47067168 -0.39064834 994.8 
20150624173956 0.8074445 -10.399215 -1.5735891 -1.5063937 0.48502702 -0.5296202 994.8 
20150624173956 0.39683893 -9.962872 -1.7657237 -1.602605 1.2437216 -0.47616947 994.8 
20150624173956 0.3429694 -9.097368 -3.6260185 -1.3267993 1.7137824 -0.27977628 994.8 
20150624173956 -0.031124622 -10.286688 -1.8022354 -0.9263771 1.9385809 -0.2180789 994.8 
20150624173956 -1.1695676 -9.914988 -0.6135142 -0.91904676 1.4743233 -0.32986724 994.95 
20150624173956 -1.3090298 -10.438121 -0.6619968 -1.0699304 0.20677789 -0.23762658 994.95 
20150624173956 2.0494366 -10.66557 -2.124854 -0.8744536 -0.68966687 -0.17256944 994.95 
20150624173956 3.6733038 -10.42196 -0.45848963 -0.9596693 -0.42852196 -0.21013765 994.95 
20150624173956 0.961272 -10.936115 2.509722 -1.1823297 0.018325957 -0.23182335 994.95 
20150624173956 -4.128801 -12.692861 2.7275944 -1.0213667 -0.1600467 -0.35460728 994.95 
20150624173956 -5.1756654 -11.760918 -0.62009823 -0.4896085 -0.8228355 -0.37140608 994.95 
20150624173957 -1.6968905 -12.592304 -3.389591 -0.32345316 -1.0125091 -0.18325958 994.95 
20150624173957 1.0833763 -13.471575 0.044292733 -0.24404067 -0.34666604 0.0015271631 994.95 
20150624173957 -0.3657143 -16.155474 1.6753427 -0.005192355 -0.032986723 0.0870483 995.15 
20150624173957 -2.8658595 -14.10125 -0.22266077 0.30207285 -0.72082096 0.204029 995.15 
20150624173957 -1.7555484 -12.658743 -2.046444 0.9987647 -1.2901474 0.34666604 995.15 
20150624173957 7.7320743 -10.353725 2.107496 1.6261233 -1.2168436 0.6704246 995.15 
20150624173957 10.199898 -12.036849 -3.0657754 2.108096 -0.8958339 0.6774496 995.15 
20150624173957 8.589199 -12.433688 -5.185242 3.120605 -0.7816021 -0.23793201 995.15 
20150624173957 5.3486466 -13.475165 -1.9488802 3.517973 -0.51068336 -1.0867293 995.15 
20150624173957 1.151611 -15.082872 -0.077213004 2.160325 0.34330627 -0.3640757 995.15 
20150624173957 -0.47225627 -15.633538 -9.515156 1.9422461 1.3399329 -0.36957347 995.15 
20150624173957 0.90500826 -14.596849 -4.2185836 2.270586 2.3225098 0.086132 994.99 
20150624173957 1.0702082 -11.671135 -4.466982 2.1569653 2.8502972 0.25167647 994.99 
20150624173957 0.60932434 -9.800665 -3.2363622 2.8918362 1.4953982 0.057421334 994.99 
20150624173957 0.83856916 -6.3087215 -2.5623944 3.6682458 -2.0613647 0.2144137 994.99 
20150624173957 1.738789 -3.1896753 -1.8614918 3.9446623 -4.0097194 0.6221663 994.99 
20150624173957 1.6160861 -1.882441 -1.7633295 3.9852848 -3.9678752 0.7348709 994.99 
20150624173957 2.1631613 -3.2920272 0.7218518 3.9165626 -2.8136454 0.43127087 994.99 
20150624173957 0.9498995 -5.502474 0.8996213 3.2965343 -1.9181169 0.103847094 994.99 
20150624173957 1.2623428 -4.841076 0.065242 1.5610662 -1.4538593 0.016798794 994.99 
20150624173957 1.2797008 -3.1723173 -0.5686229 0.4196644 -1.128879 0.16249016 995.14 
20150624173957 0.6302736 -3.3752258 0.10175357 0.17898351 -0.46395215 0.33322698 995.14 
20150624173957 1.8381484 -3.6164417 2.0638018 -0.03359759 -0.6032294 0.37751472 995.14 
20150624173957 3.727772 -3.9911342 4.9045224 -0.6621779 -0.73639804 0.4578435 995.14 
20150624173957 4.413112 -7.924209 8.809465 -1.5323554 -0.5571091 0.52320606 995.14 
20150624173957 6.7761893 -15.945383 6.9407907 -2.1255057 -0.16890424 0.3494149 995.14 
20150624173957 8.768764 -18.530523 10.485406 -2.3160956 0.64751714 0.09162979 995.14 
20150624173957 6.225523 -14.197616 12.034455 -1.9004018 1.2901474 -0.45051312 995.14 
20150624173957 -4.007295 -10.790069 16.752829 -0.14049901 0.22449298 -0.95630956 995.14 
20150624173957 2.2349873 -15.913061 0.87089086 2.140472 -0.93767816 -0.4822781 995.21 
20150624173957 -0.31483752 -19.608511 -3.0573955 1.1569787 -2.8948903 0.4382958 995.21 
20150624173957 -2.2421699 -7.513005 -8.992621 -0.5216789 -0.21105394 -0.27916542 995.21 
20150624173957 2.6354175 6.6469026 -5.9651537 -0.5170974 1.6441438 0.047647487 995.21 
20150624173957 9.077616 -1.951873 -1.1851299 -0.35277468 1.6270396 1.8680259 995.21 
20150624173957 16.197971 -10.82658 1.3138182 -1.1976013 1.5632042 1.2131784 995.21 
20150624173957 -3.9384618 -15.628152 -5.6227827 -1.4425583 0.65668017 -0.5158757 995.21 
20150624173957 -7.1472907 -10.235212 -0.28550854 -0.7672467 2.4422393 -1.7898352 995.21 
20150624173957 -4.9984946 -7.814076 0.23942018 -3.3466253 -0.39767328 -0.5421429 995.21 
20150624173957 -2.1212628 -7.925406 -3.739743 -3.846313 0.990518 0.53878313 994.81 
20150624173957 2.0033484 -7.715315 -3.946243 -2.250122 3.5475998 0.41508293 994.81 
20150624173957 3.311181 -7.4471645 -0.8206126 -1.9364429 3.890906 -0.22724187 994.81 
20150624173957 3.1627405 -8.47308 -1.4706384 -1.8784106 2.7812696 -0.8335256 994.81 
20150624173957 2.5875335 -10.096947 -2.0817583 -1.518611 0.31520647 -0.9816604 994.81 
20150624173957 0.4842273 -10.601525 0.5793968 -1.0073168 -0.12736541 -0.5635232 994.81 
20150624173957 0.09876082 -8.891466 0.31364042 -0.9309586 0.41630468 -0.30848694 994.81 
20150624173957 -0.19572599 -9.384672 -2.9334955 -0.7153232 0.55741453 -0.1020145 994.81 
20150624173957 0.23523031 -9.9928 -4.0019083 -0.7464773 0.8970556 -0.15363261 994.81 
20150624173957 0.0724246 -9.3978405 -3.098097 -1.2620476 0.9550878 -0.21105394 995.03 
20150624173957 0.7284359 -9.621099 -0.97384155 -1.432479 0.43249258 -0.14721853 995.03 
20150624173957 2.5761611 -9.763555 -0.065242 -0.7296785 -0.36560285 -0.26267207 995.03 
20150624173958 2.4582467 -10.278907 0.6805518 -0.44440445 -0.9443977 -0.25595254 995.03 
20150624173958 0.56802434 -11.516708 -0.6799533 -0.95081174 -0.9288206 -0.18417588 995.03 
20150624173958 -1.1875241 -12.277467 0.13108255 -1.044885 -0.6618725 -0.24831672 995.03 
20150624173958 -3.6403837 -10.761338 1.7687165 -0.8170323 -0.23060162 -0.22937989 995.03 
20150624173958 -4.2640734 -12.385205 -0.9864111 -0.464563 -0.049785517 -0.1685988 995.03 
20150624173958 -1.240795 -13.182474 -1.9841946 -0.21013765 -0.49388456 -0.18784106 995.03 
20150624173958 1.0181342 -15.851411 -0.05686229 0.017715093 -0.37782016 -0.012217305 995.07 
20150624173958 -1.3569138 -15.676036 3.620033 0.23762658 -0.47067168 0.15790866 995.07 
20150624173958 -2.8078 -12.388797 -3.9665937 0.9275989 -0.9224065 0.25717425 995.07 
20150624173958 4.365228 -10.9426985 0.6931214 1.7980819 -1.4682146 0.46853364 995.07 
20150624173958 12.432491 -9.8754835 0.96306765 2.0570886 -0.79534656 0.7583892 995.07 
20150624173958 9.988609 -13.260286 -5.767632 2.7672195 -0.11362094 0.008857546 995.07 
20150624173958 6.669049 -13.353062 0.22026655 4.0457606 0.043982297 -0.9282097 995.07 
20150624173958 0.5279215 -15.442601 -2.1362264 2.593123 0.08827003 -0.4266894 995.07 
20150624173958 -1.8555063 -16.014814 -9.561843 1.9272798 0.38912117 -0.44623706 995.07 
20150624173958 -0.6853402 -15.943587 -3.0442274 1.9398025 2.2989914 0.21777347 994.91 
20150624173958 -0.96187055 -11.936892 -2.5222914 1.6878207 3.5882225 0.70616025 994.91 
20150624173958 -0.670975 -9.0554695 -3.1609447 2.8334985 0.45020768 0.49938235 994.91 
20150624173958 0.46387658 -7.4950485 -3.1358056 3.952909 -2.550057 0.38026363 994.91 
20150624173958 1.9578584 -4.642357 -2.5019407 3.9559634 -4.085161 0.66248333 994.91 
20150624173958 2.6982653 -2.8748376 -1.8052281 3.4978144 -4.195728 0.76144356 994.91 
20150624173958 3.53863 -2.4223335 -1.0803835 3.2381966 -3.22995 0.48563787 994.91 
20150624173958 2.0787656 -3.9983168 0.38845924 3.0473013 -1.8017471 0.2406809 994.91 
20150624173958 0.5554548 -5.1942205 0.6584055 1.9712621 -1.2907583 0.3662137 994.91 
20150624173958 1.7322049 -3.8905778 -0.18016368 0.8381071 -1.6523905 0.3387248 995.17 
20150624173958 1.6310499 -3.2728736 0.13587095 0.30115658 -1.4761559 0.5296202 995.17 
20150624173958 0.9223662 -3.4769795 1.074398 -0.05009095 -0.9462303 0.58184916 995.17 
20150624173958 3.1070752 -3.6421793 4.0198646 -0.5815437 -0.8524625 0.5867361 995.17 
20150624173958 4.611831 -5.37199 7.038953 -1.1716396 -0.6261369 0.571159 995.17 
20150624173958 5.879561 -11.694478 7.492056 -1.8576412 -0.19883664 0.36651915 995.17 
20150624173958 7.026982 -18.417397 7.7374616 -2.2757785 0.72418076 0.115453534 995.17 
20150624173958 8.208521 -18.695723 11.098322 -2.1111503 1.7354681 -0.2910773 995.17 
20150624173958 4.502895 -12.319963 18.446127 -1.0506883 1.3744467 -0.6789767 995.17 
20150624173958 0.15143326 -17.268778 10.171766 1.1490375 -1.3274102 -1.0177015 995.19 
20150624173958 0.81163436 -19.608511 -0.75357497 2.503631 -2.3335052 -0.34208453 995.19 
20150624173958 -8.66282 -15.811308 -8.114548 0.07788532 -1.9254472 0.1966986 995.19 
20150624173958 0.50637364 7.839215 -9.289502 -0.5155703 1.3710871 -0.09590584 995.19 
20150624173958 9.081805 4.634576 -4.793192 0.20799962 2.0561724 1.5314392 995.19 
20150624173958 16.688185 -8.561666 5.168483 -0.6404922 1.6749926 1.91323 995.19 
20150624173958 -3.0651767 -19.608511 -1.1127052 -1.8072448 1.8713857 0.08307768 995.19 
20150624173958 -5.391742 -10.575189 -0.9115923 -0.57543504 2.2922719 -2.198504 995.19 
20150624173958 -2.6288335 -4.1293993 0.7074866 -1.6209309 -0.16249016 -0.88300574 995.19 
20150624173958 -0.62249243 -6.666056 -2.1619642 -3.8096611 -0.6612616 0.9053023 994.67 
20150624173958 1.003769 -9.0716305 -4.540005 -2.3793201 3.2708778 0.30390546 994.67 
20150624173958 2.0416555 -9.397242 -0.3513491 -1.4327844 3.8802161 -0.34972036 994.67 
20150624173958 2.0506337 -7.840412 -0.16519992 -1.788308 2.9043589 -0.5479461 994.67 
20150624173958 1.5927427 -8.223484 -1.5340848 -1.7867808 0.806953 -0.49571714 994.67 
20150624173958 1.9818004 -8.978256 -0.8242039 -1.4645494 0.27091873 -0.50976706 994.67 
20150624173958 1.5454572 -9.041104 -1.5400703 -1.4758505 0.6728681 -0.5152648 994.67 
20150624173958 0.45370123 -10.00477 -4.4597993 -1.4795157 1.3854424 -0.50701815 994.67 
20150624173959 0.4405331 -10.41777 -5.7520695 -1.2727377 2.1013765 -0.5290093 994.67 
20150624173959 0.14185645 -10.261548 -2.5486276 -1.3686435 1.9715676 -0.4288274 995.02 
20150624173959 -0.23822308 -10.235212 0.27234045 -1.5329664 1.2003502 -0.2938262 995.02 
20150624173959 0.48362875 -10.697892 0.87448215 -1.0207558 -0.40500367 -0.30970868 995.02 
20150624173959 1.733402 -10.28549 1.4107834 -0.51007247 -1.208597 -0.36285394 995.02 
20150624173959 1.4508862 -10.223241 0.37828386 -1.0164797 -0.7498371 -0.27305678 995.02 
20150624173959 -0.7266402 -11.810597 1.0510546 -1.3057245 -0.40317106 -0.23640485 995.02 
20150624173959 -3.733159 -11.165958 1.6112977 -0.7874053 -0.05375614 -0.30665436 995.02 
20150624173959 -4.209007 -11.0857525 -1.8148049 -0.21380283 -0.1572978 -0.2302962 995.02 
20150624173959 -2.1086931 -12.430696 -2.042254 0.0125227375 -0.35735616 -0.050701816 995.02 
20150624173959 -0.5446809 -15.609596 -0.7380127 0.021380283 0.06078109 0.08277224 995.03 
20150624173959 -1.311424 -16.545729 1.9776106 0.10873401 -0.27366763 0.1853976 995.03 
20150624173959 -2.8311436 -13.283031 -0.2717419 0.6817256 -0.8258898 0.32620203 995.03 
20150624173959 3.2794578 -9.964667 -0.80684596 1.5622878 -1.565953 0.45570546 995.03 
20150624173959 10.523713 -10.647614 0.15741876 2.2018638 -1.520749 0.7165449 995.03 
20150624173959 9.89763 -12.941258 -4.213795 2.9236012 -0.9960158 0.09040806 995.03 
20150624173959 8.494029 -13.354259 -2.665345 3.4639113 -0.5766568 -0.73639804 995.03 
20150624173959 2.6755204 -15.593435 -0.16400282 2.844494 -0.108123146 -0.782213 995.03 
20150624173959 -0.7505822 -16.089634 -9.273342 1.9260582 0.9434814 -0.29993483 995.03 
20150624173959 0.25498247 -15.652692 -4.2880154 1.9721785 2.2171354 0.05497787 994.84 
20150624173959 -0.0712275 -12.230181 -1.7968484 1.6242907 3.796833 0.72326446 994.84 
20150624173959 -0.5482722 -9.7719345 -2.8269536 2.3490822 1.5882497 0.5155703 994.84 
20150624173959 -0.01436521 -8.276755 -2.8107927 3.7183368 -1.9211712 0.23793201 994.84 
20150624173959 0.7218518 -5.553351 -2.6635494 4.030489 -3.8444805 0.44257188 994.84 
20150624173959 2.0039468 -3.5410242 -2.034473 3.7995818 -3.8124099 0.732122 994.84 
20150624173959 2.831742 -2.8113914 -1.7082629 3.467271 -3.2690454 0.61911196 994.84 
20150624173959 2.7802668 -3.4524388 0.10594343 3.2855387 -2.307849 0.3390302 994.84 
20150624173959 0.96785605 -4.5860934 0.741604 2.2925773 -1.7907515 0.3576616 994.84 
20150624173959 2.0003555 -4.223372 -0.1340753 1.0360274 -2.0503693 0.34483343 995.15 
20150624173959 2.4366987 -3.6762967 -0.44532153 0.5009095 -2.0137172 0.42577308 995.15 
20150624173959 1.525705 -4.3143516 0.5686229 0.036957346 -1.3231341 0.4718934 995.15 
20150624173959 2.72939 -4.4795513 2.8335378 -0.36071593 -0.956615 0.48441613 995.15 
20150624173959 4.0294414 -3.809175 5.415684 -0.9425651 -0.66553766 0.57360244 995.15 
20150624173959 4.4843397 -8.403049 7.033566 -1.6233743 -0.13622294 0.5510005 995.15 
20150624173959 6.733692 -17.387291 6.6708446 -2.2208006 0.625526 0.26267207 995.15 
20150624173959 9.196728 -19.608511 10.246585 -2.309376 1.4541647 -0.14752395 995.15 
20150624173959 6.831256 -15.781979 13.248315 -1.7314975 1.3481796 -0.59742624 995.15 
20150624173959 -3.429694 -9.7084875 16.8881 0.028710667 -0.06047566 -1.0558805 995.16 
20150624173959 -1.3186066 -17.0533 3.0621839 2.745534 -0.569021 -0.2489276 995.16 
20150624173959 -5.808932 -19.608511 -7.04015 1.2788464 -2.8099802 0.56138515 995.16 
20150624173959 0.23283611 -3.3955765 -8.476072 -0.6814202 -0.73884153 -0.16340645 995.16 
20150624173959 4.924873 7.1059904 -4.437054 -0.8017606 1.7760907 0.7287622 995.16 
20150624173959 13.616424 -2.9700072 0.05865794 -0.4147775 1.8634444 1.8322903 995.16 
20150624173959 10.492589 -13.289017 -3.4440591 -1.255328 1.4727961 0.88086766 995.16 
20150624173959 -9.363723 -19.095554 -3.554791 -0.86651236 1.5922203 -1.1933253 995.16 
20150624173959 -5.7508726 -7.3071036 0.18495208 -1.4425583 1.0659598 -1.3909402 995.16 
20150624173959 -2.0608091 -6.277597 -0.48243165 -3.6661077 -1.6438384 0.49602258 994.76 
20150624173959 1.3760674 -8.245032 -4.07553 -2.7843237 1.6508633 0.7663304 994.76 
20150624173959 3.4045548 -8.674192 -1.0366893 -1.46852 3.7824776 -0.13347405 994.76 
20150624173959 2.095525 -7.49026 -0.50278234 -1.8469511 3.5204165 -0.5870415 994.76 
20150624174000 1.8351556 -7.9331875 -3.0142999 -2.0659463 1.2620476 -0.57818395 994.76 
20150624174000 1.7824832 -9.961076 -2.794632 -1.8918496 0.42332962 -0.45020768 994.76 
20150624174000 1.1294646 -10.034698 -0.66379243 -1.7721201 1.2092078 -0.410196 994.76 
20150624174000 0.36032736 -8.98903 -1.9500773 -1.5149459 1.9816469 -0.3231477 994.76 
20150624174000 0.05805939 -10.103531 -2.504335 -0.8378017 1.9709567 -0.24007004 994.76 
20150624174000 -0.2777274 -10.820595 -1.4532804 -0.75777835 1.7989981 -0.28771752 994.97 
20150624174000 -1.3772645 -10.373477 -1.0468647 -1.0555751 1.0485502 -0.31642818 994.97 
20150624174000 -0.39025488 -9.993398 -1.6717514 -0.979217 0.27275133 -0.25503623 994.97 
20150624174000 2.7252002 -10.175357 -1.7040731 -0.80878556 -0.2724459 -0.21777347 994.97 
20150624174000 3.0358477 -10.250774 1.3569138 -0.9550878 -0.204029 -0.2284636 994.97 
20150624174000 -0.2813187 -11.0061455 1.9213469 -1.0351112 -0.111177474 -0.28710666 994.97 
20150624174000 -2.03148 -11.9374895 1.0217255 -0.89858276 -0.419359 -0.3567453 994.97 
20150624174000 -3.7301662 -10.286688 0.2148796 -0.64996064 -0.5546656 -0.26939157 994.97 
20150624174000 -3.056797 -11.170148 -3.448249 -0.35979962 -0.11789699 -0.12308934 994.97 
20150624174000 -0.18794483 -12.52766 -1.4341269 -0.18936823 -0.03023783 -0.048258353 995.14 
20150624174000 -0.35434186 -15.26543 0.7727286 -0.08979719 -0.30787608 -0.022296581 995.14 
20150624174000 -1.5688007 -15.993267 0.5758055 0.016187929 -0.95356065 0.047647487 995.14 
20150624174000 -1.5993267 -13.8642235 -3.750517 0.63499445 -1.2565498 0.18325958 995.14 
20150624174000 3.0292637 -10.408194 -2.319383 1.3008375 -1.1945469 0.44135013 995.14 
20150624174000 11.293449 -9.309255 3.5380316 1.7776178 -0.73884153 0.7351763 995.14 
20150624174000 10.610503 -13.431472 -2.1625626 2.7919595 -0.54336464 0.34788775 995.14 
20150624174000 7.6129627 -11.999739 -1.863886 4.000862 -0.20525073 -0.5497787 995.14 
20150624174000 1.3383588 -15.230714 -3.4751837 3.3701437 0.33536503 -0.57543504 995.14 
20150624174000 -0.7182605 -15.2097645 -7.4310036 1.8826867 0.68936145 -0.4202753 994.89 
20150624174000 -1.8800468 -15.055938 -3.1465795 1.2528846 2.4611762 0.07422013 994.89 
20150624174000 -1.2246342 -12.616246 -3.1010897 1.3445144 3.7323866 0.61850107 994.89 
20150624174000 -0.32800564 -9.952098 -4.7099934 2.237294 1.459357 0.72143185 994.89 
20150624174000 1.0043676 -8.431181 -3.3141737 3.2882876 -1.1863003 0.5919284 994.89 
20150624174000 1.5777789 -7.462128 -2.0398598 3.630983 -2.9584203 0.4456262 994.89 
20150624174000 2.8287494 -5.5737014 -1.5514427 3.6068537 -4.0726385 0.40591997 994.89 
20150624174000 3.292626 -3.9001546 -1.5975311 3.4984252 -3.9999456 0.48838675 994.89 
20150624174000 3.8109705 -2.6210523 -0.38486794 3.3643403 -2.745534 0.51007247 994.89 
20150624174000 1.073201 -4.0545807 1.1336545 3.007595 -1.6059648 0.43493605 995.07 
20150624174000 0.7422025 -4.811148 0.57879823 1.5735888 -1.4547756 0.39706242 995.07 
20150624174000 1.3820529 -4.3179426 0.06703765 0.65148777 -2.1062634 0.3304781 995.07 
20150624174000 1.2108675 -4.0707417 0.599149 0.17287487 -1.3319917 0.47983465 995.07 
20150624174000 2.160767 -4.0623617 2.1284454 -0.16035213 -0.73731434 0.47433686 995.07 
20150624174000 3.8564603 -3.8241386 3.4434607 -0.72234815 -0.5552765 0.4792238 995.07 
20150624174000 4.3179426 -7.2604165 6.1123967 -1.4563028 -0.21319197 0.3811799 995.07 
20150624174000 5.810129 -14.539389 6.7785835 -1.9559906 0.17867808 0.081855945 995.07 
20150624174000 8.994417 -18.291103 12.177508 -2.2495112 0.5342017 -0.084910266 995.07 
20150624174000 7.0371575 -17.343597 13.965977 -2.0143282 0.73823065 -0.40042216 995.25 
20150624174000 -3.7163997 -12.577939 15.856199 -0.16157386 -0.118507855 -0.9621128 995.25 
20150624174000 -1.3563153 -17.433979 0.12449849 2.4468207 -0.5897904 -0.51159966 995.25 
20150624174000 -6.232107 -19.608511 -2.4301147 1.5482379 -2.039679 0.54550266 995.25 
20150624174000 -0.6410475 -2.391209 -8.957307 -0.41508293 -0.21013765 0.002443461 995.25 
20150624174000 5.470751 6.736685 -5.6497173 -0.57451874 0.54733527 0.8875872 995.25 
20150624174000 12.331934 -4.0761285 -3.38181 -0.41355577 1.564426 1.883603 995.25 
20150624174000 12.411542 -15.122975 -2.8401217 -1.2144 1.9168952 0.9111055 995.25 
20150624174001 -6.8444242 -16.003443 -2.243367 -1.0797043 2.0030272 -1.2968669 995.25 
20150624174001 -6.3823433 -7.7889366 1.46585 -1.5790867 1.0775663 -1.3023647 994.82 
20150624174001 -3.3423057 -6.8049197 -0.45070848 -3.4874296 -1.6853772 0.31245756 994.82 
20150624174001 -0.45130703 -8.705916 -4.2820296 -2.8930578 1.8686367 0.73975784 994.82 
20150624174001 2.7874494 -8.855554 -1.4407109 -1.529912 3.9089267 0.043066 994.82 
20150624174001 2.5234885 -8.36175 0.717662 -1.6355917 3.5014796 -0.39278635 994.82 
20150624174001 2.3654714 -8.156446 -0.8810662 -1.6557503 1.1856894 -0.5039638 994.82 
20150624174001 2.2457612 -8.584411 -1.7232267 -1.3765849 0.06994407 -0.3323107 994.82 
20150624174001 2.1338322 -8.429984 -0.7128736 -1.2947289 0.6053675 -0.28344148 994.82 
20150624174001 1.3581109 -8.892664 -2.2373815 -1.3552046 1.2873985 -0.3359759 994.82 
20150624174001 0.3298013 -9.997588 -4.678869 -1.0567969 1.7348573 -0.43279803 995.02 
20150624174001 -0.75118077 -10.87626 -3.098097 -1.0647382 1.9743165 -0.4382958 995.02 
20150624174001 -1.8567034 -10.635044 -0.5446809 -1.3228287 1.3836098 -0.34422258 995.02 
20150624174001 -0.7846996 -10.576984 -0.6739678 -1.0983357 0.40194935 -0.18906279 995.02 
20150624174001 2.385822 -9.45171 -0.6434417 -0.72692966 -0.677755 -0.19853121 995.02 
20150624174001 2.2134395 -9.797073 0.54767364 -1.0488557 -0.43799037 -0.17867808 995.02 
20150624174001 -0.5805939 -11.193492 1.9806033 -1.2782356 -0.14508049 -0.26419923 995.02 
20150624174001 -4.0066967 -12.841301 1.472434 -0.93218035 -0.23732115 -0.37995818 995.02 
20150624174001 -4.734534 -11.313202 -1.0426749 -0.52870387 -0.5748242 -0.3640757 995.02 
20150624174001 -1.5951369 -12.16853 -2.52289 -0.38912117 -0.6261369 -0.09040806 995.12 
20150624174001 1.9542671 -11.502343 0.008978256 -0.15363261 -0.2003638 0.054367006 995.12 
20150624174001 1.91596 -13.936648 1.9788077 0.0027488936 -0.28099802 0.20769419 995.12 
20150624174001 -0.75357497 -16.218323 0.3585317 0.10354166 -1.0009027 0.21533 995.12 
20150624174001 -3.678691 -13.479954 -2.6503813 0.7296785 -1.1407908 0.16920967 995.12 
20150624174001 1.8201919 -11.115082 -2.8592753 1.3683381 -0.90041536 0.3286455 995.12 
20150624174001 10.064626 -9.561843 3.5344403 1.8533652 -0.51159966 0.7473936 995.12 
20150624174001 10.24419 -14.356232 -3.2076318 2.7889054 -0.2012801 0.109650314 995.12 
20150624174001 7.9984293 -12.582727 -3.0963013 3.9199224 -0.044593163 -0.8374963 995.12 
20150624174001 1.7345991 -14.684836 -2.231396 3.317609 0.5546656 -0.8194757 995.1 
20150624174001 -0.6823475 -14.747684 -4.8817773 1.8683313 0.9398162 -0.50946164 995.1 
20150624174001 -1.8183962 -15.91366 -4.646547 1.6136005 2.349693 -0.03176499 995.1 
20150624174001 -1.0708067 -13.259089 -3.7762547 1.7302758 3.3756413 0.52931476 995.1 
20150624174001 -0.56682724 -9.689933 -4.253299 2.3445008 1.4731015 0.68111473 995.1 
20150624174001 0.7320272 -7.929596 -2.3546975 3.40649 -1.2983941 0.66553766 995.1 
20150624174001 1.3497312 -6.0848637 -1.6256629 3.814548 -3.6749654 0.70829827 995.1 
20150624174001 2.7808652 -3.6236243 -1.3958195 3.8450913 -4.5329256 0.6646214 995.1 
20150624174001 3.5625722 -2.3050177 -1.417966 3.6264014 -3.767206 0.4999932 995.1 
20150624174001 2.8245595 -3.4763808 0.78769237 3.400076 -2.2131648 0.2779437 995.14 
20150624174001 0.61530983 -5.4408236 0.96785605 2.1826215 -1.3833044 0.31306845 995.14 
20150624174001 1.5699978 -4.5902834 0.51475334 0.9425651 -1.8206838 0.2660318 995.14 
20150624174001 1.2952632 -3.7882257 -0.077213004 0.41538838 -1.6206255 0.4092797 995.14 
20150624174001 0.7930793 -3.352481 0.24899697 -0.0018325958 -0.8940013 0.46120325 995.14 
20150624174001 1.8405426 -3.5733461 2.3894134 -0.41874814 -0.57360244 0.4709771 995.14 
20150624174001 2.9682117 -4.3394904 3.591901 -0.9443977 -0.4007276 0.43951756 995.14 
20150624174001 4.587889 -8.00621 5.368997 -1.5036448 -0.25350907 0.28252518 995.14 
20150624174001 6.059126 -15.320497 6.549339 -2.182927 0.26633725 0.14355333 995.14 
20150624174001 7.4848733 -19.182344 12.875419 -2.377182 0.7657196 -0.22327125 995.14 
20150624174001 5.819706 -19.331982 13.284228 -1.8872682 0.46211955 -0.6743952 995.14 
20150624174001 0.5722142 -9.498397 14.618397 0.025045475 -0.44990227 -1.0687088 995.14 
20150624174001 -1.0869676 -12.920309 3.9612067 2.4966063 -0.28313604 -0.2602286 995.14 
20150624174001 -1.371279 -19.608511 -3.4566288 1.2803736 -2.1346686 0.4071417 995.14 
20150624174002 -3.6541502 -12.097901 -9.04709 -0.48747048 -0.872621 -0.17989981 995.14 
20150624174002 3.2028434 6.4404025 -5.3282957 -0.8005389 0.8042041 0.21044308 995.14 
20150624174002 8.14687 1.1091139 -0.7338228 -0.25686884 2.033876 1.928807 995.14 
20150624174002 18.048689 -7.7189064 5.544971 -0.977079 1.9862283 1.3454307 995.14 
20150624174002 -3.0232782 -18.623896 -6.791752 -1.385137 1.2113458 -0.5271767 994.92 
20150624174002 -7.8835077 -13.948021 0.24301147 -0.2932153 1.8530598 -2.0451767 994.92 
20150624174002 -4.6686935 -6.22672 1.1605892 -2.4630086 -0.8503244 -0.3912592 994.92 
20150624174002 -1.1252748 -6.8450227 -2.100912 -3.1016684 -0.7535023 0.86315256 994.92 
20150624174002 2.765303 -8.313866 -2.597709 -1.5134187 2.3903158 0.42760566 994.92 
20150624174002 3.5990837 -8.472482 2.0632033 -1.3142766 3.4074063 -0.16065755 994.92 
20150624174002 1.5358804 -7.3166804 1.6077064 -1.6291776 2.4706445 -0.2761111 994.92 
20150624174002 1.5161282 -8.257003 -1.1498153 -1.6438384 -0.3943135 -0.23396139 994.92 
20150624174002 1.2988545 -8.979453 -1.4508862 -1.3771957 -0.49571714 -0.35094208 994.92 
20150624174002 1.4431051 -8.54311 -0.78170687 -1.3842206 0.9450085 -0.4016439 995.01 
20150624174002 1.0510546 -8.64666 -2.0141222 -1.294118 1.4370605 -0.4034765 995.01 
20150624174002 0.587178 -10.119094 -4.921282 -1.0619892 1.5610662 -0.49235737 995.01 
20150624174002 0.3549404 -10.429741 -4.3035774 -0.9773844 1.7467692 -0.5271767 995.01 
20150624174002 -0.58897364 -10.525509 -0.5327099 -1.2104294 1.5650368 -0.33200526 995.01 
20150624174002 -0.14185645 -11.160571 0.13347675 -0.98349303 0.5537493 -0.19486602 995.01 
20150624174002 2.5540147 -10.4171715 0.62608373 -0.6230826 -0.70738196 -0.24098633 995.01 
20150624174002 3.0903158 -9.742605 0.40880993 -1.1591167 -0.88056225 -0.22449298 995.01 
20150624174002 -0.55365914 -11.440094 1.6609775 -1.3796391 -0.5158757 -0.22602014 995.01 
20150624174002 -6.0651116 -12.431892 2.018312 -0.79259765 -0.20525073 -0.39095375 995.12 
20150624174002 -5.390545 -12.213422 -3.8259344 -0.2666427 -0.44959682 -0.3680463 995.12 
20150624174002 -0.49679685 -12.862848 -2.2457612 -0.32711834 -0.6985244 -0.106901415 995.12 
20150624174002 0.777517 -14.659099 2.3959973 -0.16340645 -0.009162978 0.07086037 995.12 
20150624174002 -0.9792285 -16.527174 2.6072857 -0.02107485 -0.79809546 0.23243423 995.12 
20150624174002 -2.6036944 -13.146562 -1.7615339 0.63285637 -1.4535538 0.364992 995.12 
20150624174002 2.15957 -10.730812 -3.2213984 1.3390167 -1.4337007 0.49205196 995.12 
20150624174002 11.171345 -8.792706 3.7283707 1.8872682 -0.6218608 0.6817256 995.12 
20150624174002 11.3551 -13.463793 -2.6078842 2.8170052 -0.25961772 0.23609942 995.12 
20150624174002 8.956709 -11.996147 -3.37762 3.980398 -0.07849618 -0.66431594 995.04 
20150624174002 2.7641058 -14.918869 -0.81043726 3.1337388 0.45906523 -0.4841107 995.04 
20150624174002 -0.641646 -16.041151 -7.2388687 1.7137824 1.3038919 -0.22052236 995.04 
20150624174002 -0.99778354 -17.067665 -4.8069587 1.6670512 2.7507262 0.14996742 995.04 
20150624174002 -0.87687635 -13.098079 -2.0578163 1.6007724 4.0057487 0.7492262 995.04 
20150624174002 -0.87687635 -9.6923275 -3.3303347 2.5711317 1.5613716 0.7079928 995.04 
20150624174002 1.1641805 -8.052299 -2.8580782 3.7620137 -1.702176 0.6068946 995.04 
20150624174002 1.8531121 -6.0106435 -1.7298107 3.8719695 -3.2409456 0.64904433 995.04 
20150624174002 2.337938 -3.7738605 -1.365892 3.670384 -3.605632 0.6478226 995.04 
20150624174002 2.5486276 -2.4187422 -1.0755951 3.4040465 -3.426954 0.49021935 995.01 
20150624174002 1.7729063 -3.3602622 0.40641573 3.2091806 -2.3805418 0.3231477 995.01 
20150624174002 0.43873745 -4.559159 1.1270704 2.1474967 -1.8106046 0.2098322 995.01 
20150624174002 1.1534066 -4.717176 0.4381389 1.069625 -2.0134118 0.076052725 995.01 
20150624174002 2.0231004 -3.6343982 0.7068881 0.47525316 -1.6588045 0.21930063 995.01 
20150624174002 1.7579426 -3.9923313 1.0414777 -0.065973446 -0.87689704 0.32742378 995.01 
20150624174002 2.9622262 -2.9400797 1.3599066 -0.4813618 -0.548557 0.31490102 995.01 
20150624174002 3.639785 -2.8820202 3.9294837 -1.1123856 -0.23457226 0.4266894 995.01 
20150624174002 3.6098576 -7.0952168 7.498041 -1.700038 0.19181168 0.2773328 995.01 
20150624174002 5.943007 -16.400282 6.0716953 -2.225993 0.24312437 0.13103059 995.1 
20150624174003 8.7849245 -19.371487 12.166136 -2.2855523 0.8170323 -0.12767084 995.1 
20150624174003 4.619014 -18.299482 14.005482 -1.9511036 0.8732319 -0.67256266 995.1 
20150624174003 -2.1948843 -11.4041815 14.721947 -0.06291912 -0.34300083 -1.1624765 995.1 
20150624174003 2.3175871 -18.950106 1.0031705 2.3747387 -0.6954701 -0.13805555 995.1 
20150624174003 -4.049194 -19.608511 -4.349666 0.89552844 -1.783421 0.4364632 995.1 
20150624174003 -0.8367735 -1.8914193 -8.865729 -0.6795876 0.12736541 -0.3848451 995.1 
20150624174003 4.766257 7.7470384 -4.246715 -0.3747658 1.3793337 1.0329732 995.1 
20150624174003 10.806828 -2.695871 -2.707842 -0.5363397 1.777007 1.8671097 995.1 
20150624174003 11.460445 -11.514315 0.7978677 -1.2452488 1.3487904 0.6924158 995.04 
20150624174003 -7.77936 -19.608511 0.6206968 -1.1215485 1.4831808 -1.2705997 995.04 
20150624174003 -6.9599442 -10.147225 1.5586253 -1.1994339 1.8671097 -1.3026701 995.04 
20150624174003 -3.0478187 -6.0543375 -1.8411411 -3.2922583 -0.9975429 0.41172317 995.04 
20150624174003 1.4915876 -6.381745 -2.6222494 -2.2773056 0.9599747 0.8717047 995.04 
20150624174003 3.3800142 -8.539519 1.6693572 -1.3405437 3.036611 0.226631 995.04 
20150624174003 1.3628993 -8.145074 2.296638 -1.31672 3.02531 -0.35827246 995.04 
20150624174003 1.3509283 -7.7727757 -0.42437226 -1.4724907 0.8503244 -0.30787608 995.04 
20150624174003 1.632247 -9.326612 -1.9393034 -1.4566082 -0.79137594 -0.26939157 995.04 
20150624174003 1.685518 -8.597578 -1.7836803 -1.5060883 0.21594086 -0.3454443 995.03 
20150624174003 0.80086046 -9.021352 -3.329736 -1.5293012 1.6291776 -0.30970868 995.03 
20150624174003 0.45729253 -9.376891 -5.2259436 -1.2000448 2.024102 -0.3295618 995.03 
20150624174003 0.4225766 -10.1544075 -3.9737763 -0.9245446 1.947133 -0.3943135 995.03 
20150624174003 -0.18255788 -10.574591 -1.5921441 -1.0354166 1.4077389 -0.32620203 995.03 
20150624174003 0.2741361 -10.316615 -0.20410569 -1.1664472 0.6945538 -0.29657507 995.03 
20150624174003 2.3852234 -9.896433 1.1749545 -0.9593639 -0.30176744 -0.32803464 995.03 
20150624174003 1.7932571 -9.496601 1.5526398 -1.0684034 -0.7128797 -0.37659842 995.03 
20150624174003 -1.785476 -12.254123 2.3768437 -1.4056009 -0.76052725 -0.33658674 995.03 
20150624174003 -5.415684 -12.643779 0.4189853 -1.1600331 -0.61819565 -0.43860126 995.02 
20150624174003 -3.2890346 -12.127829 -2.2242134 -0.6453791 -0.44593164 -0.52595496 995.02 
20150624174003 -0.005985504 -11.749545 -1.2707225 -0.44898596 -0.46273044 -0.25595254 995.02 
20150624174003 0.98102415 -13.136985 1.596334 -0.26633725 0.15149458 0.019242255 995.02 
20150624174003 -0.92655605 -17.245436 0.6206968 -0.058337633 -0.076052725 0.086132 995.02 
20150624174003 -4.023456 -14.957775 -0.23822308 0.17745635 -1.073901 0.12370021 995.02 
20150624174003 -1.2689269 -12.376825 -5.5988407 0.838718 -1.2125676 0.2049453 995.02 
20150624174003 8.615535 -9.432556 2.3798366 1.484708 -1.0778717 0.52198434 995.02 
20150624174003 13.39077 -11.841123 -0.15203181 2.0598376 -0.50579643 0.81489426 995.02 
20150624174003 10.557233 -12.519879 -3.309984 3.2421672 -0.46944994 -0.09773844 995.04 
20150624174003 4.9548006 -13.718776 -0.41120413 4.025602 -0.39645153 -0.95233893 995.04 
20150624174003 0.7649474 -14.581286 -3.8845923 3.0552425 0.3491095 -0.32375857 995.04 
20150624174003 -1.5376761 -16.529568 -8.67539 2.0613647 1.2412782 -0.37110063 995.04 
20150624174003 -1.4634558 -15.650896 -4.4418426 1.7162259 3.018896 0.18600847 995.04 
20150624174003 -0.7164649 -10.1939125 -1.9536686 1.5537357 4.151746 0.6792821 995.04 
20150624174003 0.31902736 -7.9278 -3.697246 2.2886066 1.5488489 0.9611965 995.04 
20150624174003 1.4335283 -6.651691 -1.6944963 3.5149186 -1.953547 0.90224797 995.04 
20150624174003 1.8644845 -4.7884035 -1.1659763 3.8099666 -3.7595701 0.7831292 995.04 
20150624174003 3.056797 -3.259107 -1.3323733 3.7452147 -4.050342 0.5494733 994.99 
20150624174003 3.4213142 -3.0597897 -0.09636662 3.4859025 -3.8481457 0.35216382 994.99 
20150624174003 1.246182 -4.7261543 0.7278373 3.1270192 -2.4397957 0.23976462 994.99 
20150624174003 1.2485762 -4.987122 0.74399817 1.8897116 -1.6878207 0.24801129 994.99 
20150624174003 1.9021933 -4.2197804 0.022744916 0.93767816 -1.8270979 0.15577064 994.99 
20150624174003 1.4748282 -3.5416229 0.010175358 0.34880406 -1.5522085 0.29046643 994.99 
20150624174004 1.6932992 -4.2317514 0.6560113 -0.014966198 -0.8680395 0.2648101 994.99 
20150624174004 3.6152446 -3.3865983 3.2585084 -0.46578476 -0.69974613 0.24007004 994.99 
20150624174004 4.1102457 -5.3007627 5.931635 -1.0891727 -0.38056904 0.2846632 994.99 
20150624174004 4.721366 -11.898584 6.2243257 -1.6884315 -0.05375614 0.15790866 995.13 
20150624174004 6.5547256 -17.58182 7.1700354 -2.251344 0.5271767 -0.04550946 995.13 
20150624174004 8.548497 -18.486828 10.070012 -2.620612 1.352761 -0.3567453 995.13 
20150624174004 3.4823663 -15.158888 17.736246 -2.2800546 1.3808609 -0.7247916 995.13 
20150624174004 -3.8827965 -18.515558 12.424709 -0.116980694 -0.05222898 -1.2174544 995.13 
20150624174004 -0.24480712 -19.05545 -4.461595 2.8124237 -0.48380527 -0.7492262 995.13 
20150624174004 -4.9428296 -12.016499 -6.682217 0.6743952 -2.637716 0.42424592 995.13 
20150624174004 1.8010383 4.1934443 -6.5445504 -0.81581056 0.6979135 -0.031154128 995.13 
20150624174004 6.68102 3.977966 -3.232771 -0.42119157 2.2030854 0.9636399 995.13 
20150624174004 13.595474 -8.013991 5.005079 -0.5888741 1.8777997 1.7910569 995.47 
20150624174004 -0.08499416 -16.847399 -5.6880245 -1.3906348 1.7376062 0.63316184 995.47 
20150624174004 -4.917092 -14.987702 0.74878657 -1.1523973 1.5066991 -1.3732251 995.47 
20150624174004 -3.0986955 -5.90889 1.0947487 -0.77366084 1.2140946 -1.2345587 995.47 
20150624174004 -1.5688007 -6.2339025 -1.7232267 -2.8429668 -1.0552697 0.1908954 995.47 
20150624174004 1.5239093 -8.585608 -3.448249 -2.0790799 0.96577793 0.53878313 995.47 
20150624174004 2.6204538 -10.7769 -0.21308395 -1.4660766 2.857933 0.025045475 995.47 
20150624174004 1.7860745 -8.252813 0.64823014 -1.6081028 2.9911017 -0.37232238 995.47 
20150624174004 1.8016368 -7.8589673 -1.9488802 -1.6740762 1.8267925 -0.3494149 995.47 
20150624174004 2.2918496 -8.962694 -3.6116533 -1.3692545 -0.0070249503 -0.24770586 994.97 
20150624174004 2.0913353 -9.083003 -2.1308396 -1.2880094 0.2846632 -0.376293 994.97 
20150624174004 1.364695 -9.15423 -2.5713725 -1.3344351 1.2345587 -0.37140608 994.97 
20150624174004 1.0708067 -9.725846 -3.6367924 -1.0845913 1.396438 -0.37293324 994.97 
20150624174004 0.89603 -10.090961 -2.3361423 -0.9184359 1.1294898 -0.36957347 994.97 
20150624174004 0.044891283 -10.176555 -1.0265139 -0.87109387 0.9279043 -0.3912592 994.97 
20150624174004 -0.31004912 -10.766127 -0.66858083 -0.93737274 0.36865717 -0.3817908 994.97 
20150624174004 1.110311 -10.295067 -0.18136078 -0.92057395 -0.23609942 -0.38789943 994.97 
20150624174004 1.5927427 -9.8754835 0.7170634 -1.031446 -0.38331795 -0.40011674 994.97 
20150624174004 0.062249243 -11.350311 1.2545617 -1.1206323 -0.32620203 -0.40286562 995.09 
20150624174004 -3.1004913 -12.4785795 2.9131448 -0.9492846 -0.27397305 -0.4166101 995.09 
20150624174004 -4.0258503 -11.592126 0.10474633 -0.5439755 -0.3979787 -0.38453966 995.09 
20150624174004 -2.4211364 -12.480375 -1.9285295 -0.31306845 -0.6053675 -0.19517145 995.09 
20150624174004 -0.5153519 -14.265851 0.038905777 -0.1881465 -0.3998113 -0.008552114 995.09 
20150624174004 -1.2366052 -16.994043 0.9576807 0.040317107 -0.08002335 0.029321533 995.09 
20150624174004 -3.1878796 -14.325108 0.35314476 0.3827071 -0.5540548 0.11789699 995.09 
20150624174004 0.06284779 -11.8022175 -4.8159366 1.0241156 -1.2696834 0.27091873 995.09 
20150624174004 9.285313 -9.465476 2.2643163 1.6603317 -1.2635747 0.59986967 995.09 
20150624174004 12.433688 -11.72261 -0.64942724 2.072971 -0.89461213 0.71593404 995.03 
20150624174004 10.0508585 -11.314399 -1.0977415 2.7907379 -0.6640105 0.0729984 995.03 
20150624174004 3.489549 -13.413515 -0.34835634 3.8276815 -0.4886922 -0.91599244 995.03 
20150624174004 -0.54647654 -15.135545 -4.795586 2.8325822 0.5305365 -0.17623462 995.03 
20150624174004 -2.2242134 -16.668432 -10.738593 1.8322903 1.3191634 -0.2003638 995.03 
20150624174004 -1.8423382 -14.143148 -2.2164323 1.509448 3.4092388 0.46089783 995.03 
20150624174004 -0.66618663 -10.181343 -1.9327193 1.4608842 4.123646 0.86009824 995.03 
20150624174004 0.6895301 -8.247426 -3.2668881 2.4791965 1.5748106 0.89827734 995.03 
20150624174004 2.28347 -6.5924344 -1.757344 3.4755177 -3.1209106 0.65179324 995.03 
20150624174004 2.5971103 -5.8598084 -1.7172412 3.4238997 -3.7522397 0.5717699 994.97 
20150624174004 2.7976246 -4.1078515 -1.4407109 3.3035593 -3.807523 0.45142943 994.97 
20150624174005 3.2620997 -2.995745 -0.7092823 3.2473598 -3.6044104 0.3475823 994.97 
20150624174005 1.7238252 -4.6058455 1.0450691 3.1786373 -2.6917777 0.30726522 994.97 
20150624174005 0.7757214 -5.477335 1.122282 2.2595906 -1.8338175 0.32162055 994.97 
20150624174005 1.9764135 -4.38498 0.6973112 0.9611965 -2.0512855 0.24862215 994.97 
20150624174005 2.010531 -3.8361096 0.12330139 0.37965274 -1.6756034 0.41905355 994.97 
20150624174005 2.0572178 -3.733159 0.38486794 0.06780604 -0.9456194 0.49571714 994.97 
20150624174005 3.2118216 -3.0202854 2.223615 -0.4166101 -0.655153 0.5009095 994.97 
20150624174005 3.198055 -5.3265004 4.296395 -1.0601566 -0.3680463 0.49418998 995.19 
20150624174005 3.6954503 -11.943475 6.7905545 -1.5943583 -0.21899518 0.30482176 995.19 
20150624174005 6.0106435 -18.790892 8.704719 -2.2290473 0.086437434 0.14721853 995.19 
20150624174005 7.1766195 -18.699314 11.099519 -2.5885415 0.82802784 0.050701816 995.19 
20150624174005 3.1052797 -13.302185 15.999253 -1.9611828 0.97097033 -0.5290093 995.19 
20150624174005 -3.1812954 -10.985196 12.082937 0.2687807 -0.27000242 -0.9410379 995.19 
20150624174005 -1.4089876 -17.231668 0.23762453 2.713769 -0.4529566 -0.30634892 995.19 
20150624174005 -5.9837084 -19.608511 -2.8060043 1.3643675 -2.3625214 0.679893 995.19 
20150624174005 1.3497312 -2.2391772 -9.115324 -0.36713 -1.323745 0.66431594 995.19 
20150624174005 5.6227827 4.903325 -4.003105 -0.65668017 0.8335256 0.9126327 995.04 
20150624174005 13.948021 -3.4925418 0.032920275 -0.58123827 1.7922786 1.887879 995.04 
20150624174005 12.00752 -11.319187 -3.0579941 -0.91354895 2.072971 1.180497 995.04 
20150624174005 -7.0754647 -17.444153 -2.6318262 -1.0345002 1.7211128 -0.46609017 995.04 
20150624174005 -8.284536 -10.477027 0.24241292 0.13805555 1.7556267 -1.7742581 995.04 
20150624174005 -3.570952 -8.072051 0.1933318 -2.7140744 -2.1584923 -0.5152648 995.04 
20150624174005 0.16400282 -9.124901 -2.7156234 -2.8350255 0.04184427 0.84879726 995.04 
20150624174005 3.309984 -8.24204 0.51475334 -1.2644911 3.549127 0.43401974 995.04 
20150624174005 2.2750902 -7.6470804 0.84934306 -1.294118 3.9553525 -0.14630222 995.04 
20150624174005 1.5783775 -8.519767 -1.5412674 -1.6624697 1.8894062 -0.2706133 994.98 
20150624174005 1.42455 -9.159617 -1.3084313 -1.4126259 0.13469578 -0.38637227 994.98 
20150624174005 0.86251116 -8.834005 -1.7483658 -1.1774428 0.68752885 -0.46700647 994.98 
20150624174005 1.0229226 -8.187572 -1.7190368 -1.14018 1.2089024 -0.40103304 994.98 
20150624174005 0.96665895 -9.254189 -3.4799721 -1.1988231 1.462106 -0.37018433 994.98 
20150624174005 0.81642276 -9.624092 -3.7241807 -1.1511755 1.5628988 -0.441961 994.98 
20150624174005 0.092775315 -9.570223 -3.008913 -1.1475104 1.5454891 -0.5235115 994.98 
20150624174005 -0.16699557 -10.169372 -1.1091139 -1.0097603 1.174083 -0.5369505 994.98 
20150624174005 0.52253455 -10.407595 0.5674258 -0.83016586 0.3173445 -0.4810564 994.98 
20150624174005 1.1731589 -9.64145 0.80086046 -0.9111055 -0.48808134 -0.46211955 995.0 
20150624174005 0.6410475 -10.583569 0.044891283 -1.1221595 -0.8335256 -0.41783184 995.0 
20150624174005 -1.2791022 -12.340314 1.1414356 -1.3161092 -0.59773165 -0.36957347 995.0 
20150624174005 -4.2317514 -11.8896055 2.1853075 -0.98715824 -0.16768251 -0.38973203 995.0 
20150624174005 -3.9743748 -12.777256 -2.1721394 -0.5222898 -0.23732115 -0.3744604 995.0 
20150624174005 -1.5077485 -12.743737 -1.8315643 -0.32528573 -0.6814202 -0.14996742 995.0 
20150624174005 0.65421563 -14.368801 1.1450269 -0.19700404 -0.4184427 -0.14996742 995.0 
20150624174005 0.8738836 -15.790359 1.9387048 -0.052534413 -0.44165558 0.121256754 995.0 
20150624174005 -0.85891986 -13.962984 -1.5921441 0.29138273 -1.2315043 0.25900686 995.0 
20150624174005 0.943914 -11.191097 -1.441908 0.82650065 -1.4972308 0.3231477 995.02 
20150624174005 8.322245 -8.176199 4.8141413 1.3927728 -0.91507614 0.44348818 995.02 
20150624174005 11.434109 -10.688315 -1.2479776 1.88849 -0.4269948 0.5555819 995.02 
20150624174005 8.02716 -12.605472 -4.583101 3.3609805 -0.24831672 -0.045814894 995.02 
20150624174005 4.020463 -14.525621 -1.5969325 3.8857138 0.34147367 -0.8078693 995.02 
20150624174005 0.5650316 -15.814301 -3.5368345 2.1474967 0.7672467 -0.47494772 995.02 
20150624174006 -2.03567 -16.927006 -6.739678 1.4504995 1.4446963 -0.40561453 995.02 
20150624174006 -0.65780693 -14.404116 -3.3423057 1.4923438 2.7198775 0.004581489 995.02 
20150624174006 -0.092176765 -10.016742 -3.1507695 1.9349157 3.306919 0.68783426 995.02 
20150624174006 1.0319009 -8.094197 -3.1986535 3.2711835 0.63499445 0.71685034 994.83 
20150624174006 2.3127987 -6.517616 -1.158195 3.7589593 -2.6963592 0.41325033 994.83 
20150624174006 2.5923219 -5.20679 -1.1258733 3.5705073 -3.488346 0.376293 994.83 
20150624174006 2.6521769 -3.3626564 -1.2868834 3.4443636 -3.4898732 0.34116822 994.83 
20150624174006 2.6222494 -3.3542767 0.15442601 3.3915238 -3.0158417 0.19242255 994.83 
20150624174006 0.23463176 -5.258864 0.88405895 2.9455922 -1.8255708 0.26511553 994.83 
20150624174006 0.63206923 -5.276222 0.44352585 1.5442673 -1.4129313 0.2669481 994.83 
20150624174006 1.6741456 -3.6942532 0.43035775 0.75319684 -1.7314975 0.24098633 994.83 
20150624174006 2.1140802 -3.750517 0.094570965 0.35430184 -1.2776246 0.41599923 994.83 
20150624174006 2.7712884 -3.7618895 0.8798691 0.033292156 -0.8038987 0.29718593 995.3 
20150624174006 3.5093012 -3.3512838 2.9891608 -0.56199604 -0.6908886 0.33841935 995.3 
20150624174006 3.4769795 -6.3925185 6.6480994 -1.2757921 -0.24831672 0.35277468 995.3 
20150624174006 4.947019 -15.039777 6.546346 -1.7800614 9.162979E-4 0.20463985 995.3 
20150624174006 7.4992385 -19.55584 10.527904 -2.189952 0.5164866 0.14110987 995.3 
20150624174006 7.7051396 -16.24466 9.259575 -2.4236078 1.2534955 -0.17959438 995.3 
20150624174006 -0.2100912 -9.311649 18.48982 -1.1191051 1.0262536 -0.7461719 995.3 
20150624174006 -3.6936548 -12.894572 6.5625067 1.5607607 -0.70096785 -0.7079928 995.3 
20150624174006 -0.15502456 -19.592949 -2.0165164 2.375044 -1.5109752 0.17440203 995.3 
20150624174006 -3.1585505 -15.044565 -6.095039 0.28099802 -2.2186625 0.7742717 995.03 
20150624174006 3.3848026 4.6698904 -6.9970546 -0.91538155 0.3399465 -0.038179077 995.03 
20150624174006 7.4375877 1.3976152 -1.9662381 -0.24953845 1.7794504 1.3503176 995.03 
20150624174006 18.63467 -5.7903767 7.9864583 -0.6392705 2.1499403 1.4801265 995.03 
20150624174006 -0.85652566 -16.494852 -5.5018754 -1.4230106 1.1065824 0.2950479 995.03 
20150624174006 -7.9301944 -14.232332 -1.6693572 -0.47067168 1.4165965 -1.3967434 995.03 
20150624174006 -5.0284224 -7.7769656 0.16460137 -1.5460999 0.8313876 -1.1643091 995.03 
20150624174006 -1.6944963 -8.184579 -0.98102415 -3.5417967 -1.3081679 0.52870387 995.03 
20150624174006 1.7770962 -8.986636 -3.9228995 -1.9572122 2.0964894 0.63529986 995.03 
20150624174006 2.9406781 -8.3072815 2.9131448 -1.1184943 3.4761286 0.06505715 995.3 
20150624174006 1.6693572 -7.2101383 0.15143326 -1.4004086 3.128852 -0.18112154 995.3 
20150624174006 1.8728642 -8.147469 -2.433706 -1.7650951 0.6792821 -0.27763826 995.3 
20150624174006 2.1918917 -9.180567 -2.0614076 -1.4184291 -0.92087936 -0.35918877 995.3 
20150624174006 1.5143325 -9.183559 -1.8100165 -1.4376713 0.7098254 -0.4905248 995.3 
20150624174006 1.2605472 -8.867524 -2.5366566 -1.3732251 1.208597 -0.42149702 995.3 
20150624174006 0.8726865 -9.655217 -4.6381674 -1.1673635 1.271516 -0.40286562 995.3 
20150624174006 0.1592144 -10.161591 -3.750517 -0.9392053 1.3020593 -0.3051272 995.3 
20150624174006 -0.6691794 -9.975441 -0.30526072 -0.8924741 1.0589349 -0.30757064 995.3 
20150624174006 -0.5805939 -11.006743 1.3509283 -0.8371908 0.18325958 -0.25411993 995.02 
20150624174006 1.3036429 -10.848128 0.051475335 -0.86132 -1.2009611 -0.2678644 995.02 
20150624174006 2.3181858 -11.122264 -0.092775315 -1.0629056 -1.5690074 -0.23762658 995.02 
20150624174006 0.46806642 -11.528081 2.134431 -1.1939361 -1.0311406 -0.15454891 995.02 
20150624174006 -2.7539306 -11.599309 1.1827357 -0.84879726 -0.13041973 -0.23090707 995.02 
20150624174006 -3.1256304 -11.129447 -2.6641479 -0.4352415 -0.3454443 -0.25289822 995.02 
20150624174006 -1.2443863 -12.0571995 -3.8857894 -0.2706133 -0.72204274 -0.1337795 995.02 
20150624174006 1.0247183 -12.914324 -0.44771573 -0.1572978 -0.11148291 -0.011911872 995.02 
20150624174006 1.7208325 -15.552135 1.1438298 -0.027183503 -0.056505036 0.03145956 995.02 
20150624174006 0.26994625 -15.529989 1.1109096 0.086132 -1.033584 0.17531833 995.07 
20150624174006 -0.5021838 -11.6908865 -3.105878 0.61391956 -1.2993103 0.35216382 995.07 
20150624174006 5.228338 -9.528923 0.31663316 1.2541064 -0.8689558 0.47769663 995.07 
20150624174007 10.976217 -9.244612 1.7399861 1.8658879 -0.13408493 0.56505036 995.07 
20150624174007 8.933365 -13.070545 -0.7697359 2.7913487 0.17379116 0.19792034 995.07 
20150624174007 5.990891 -13.5218525 -1.9393034 3.730554 0.09712757 -0.6258314 995.07 
20150624174007 1.8387469 -13.429676 -5.076905 3.0207286 0.65301496 -0.5164866 995.07 
20150624174007 -1.3521254 -14.794371 -10.276512 2.0522017 1.9935588 -0.42852196 995.07 
20150624174007 -1.0247183 -14.988301 -3.3812113 1.6569719 3.8469238 -0.19883664 995.07 
20150624174007 -1.685518 -12.476784 -1.1994951 1.6087136 4.163963 0.44959682 994.98 
20150624174007 -0.6147113 -9.267955 -0.9947908 2.785851 1.5274686 0.6133087 994.98 
20150624174007 0.53330845 -7.294534 -1.7824832 3.7449093 -2.4266622 0.63621616 994.98 
20150624174007 1.869273 -5.21098 -0.7062895 3.9080105 -3.5894442 0.72356987 994.98 
20150624174007 3.0466216 -3.0478187 -0.5967548 3.7363572 -3.0747902 0.75136423 994.98 
20150624174007 2.9963434 -3.8379054 0.8726865 3.568064 -2.8170052 0.5320636 994.98 
20150624174007 1.6280571 -5.20679 0.65780693 2.6865854 -2.382069 0.32559118 994.98 
20150624174007 2.144606 -3.834314 0.4770447 1.3918564 -2.2223277 0.2657264 994.98 
20150624174007 1.9261353 -3.6577415 0.6147113 0.7180721 -1.6081028 0.3735441 994.98 
20150624174007 1.6047137 -3.4165258 0.85413146 0.3943135 -1.0473285 0.36346483 995.22 
20150624174007 1.271321 -4.7734394 0.8439561 0.04062254 -0.8857546 0.2883284 995.22 
20150624174007 2.5252843 -4.3861775 1.9686323 -0.36713 -0.7516697 0.2666427 995.22 
20150624174007 3.833117 -3.6709096 3.3997664 -0.8729264 -0.22418754 0.30176744 995.22 
20150624174007 3.7948096 -7.0365586 6.0130377 -1.491122 0.17531833 0.27183503 995.22 
20150624174007 4.369418 -16.786945 7.4345946 -1.9853121 0.45814893 0.17959438 995.22 
20150624174007 7.836222 -19.608511 13.620015 -2.3558018 0.82772243 -0.018325957 995.22 
20150624174007 7.277775 -19.121292 12.0332575 -2.266921 1.0931433 -0.5299256 995.22 
20150624174007 2.8933928 -19.558233 16.73487 -0.59681535 0.14263703 -0.95356065 995.22 
20150624174007 -1.2838906 -19.27033 -1.934515 2.0864103 -0.3484986 -0.50426924 995.06 
20150624174007 -7.020398 -9.602545 -8.1881695 1.813659 -1.8335121 0.05222898 995.06 
20150624174007 1.1031284 6.0262055 -6.983288 -0.083383106 -0.9764681 -0.017104227 995.06 
20150624174007 7.776367 5.6108117 -5.007473 0.07544186 1.9410243 0.94897914 995.06 
20150624174007 11.778873 -10.427347 -0.18435353 -0.6792821 1.2385293 1.5922203 995.06 
20150624174007 -3.1878796 -19.608511 -1.4437037 -1.7085901 2.0390682 0.16279559 995.06 
20150624174007 -2.132635 -11.2605295 -2.5617957 -2.0131063 2.0631974 -1.3891076 995.06 
20150624174007 -0.6679823 -4.9338512 2.7694929 -1.5531249 1.4031575 -0.84635377 995.06 
20150624174007 0.44831428 -6.0597243 -1.4945804 -2.7235427 0.3811799 0.3399465 995.06 
20150624174007 0.7218518 -9.622296 -3.6577415 -1.4645494 1.430341 0.15974127 994.85 
20150624174007 1.54845 -10.250774 0.29029694 -1.4361442 2.4443772 -0.37048978 994.85 
20150624174007 1.423353 -8.036138 -0.14724341 -2.0088303 2.4318545 -0.36285394 994.85 
20150624174007 1.5747862 -8.168418 -2.693477 -2.0109684 1.4993688 -0.18234327 994.85 
20150624174007 2.2254105 -9.174581 -3.37762 -1.4498887 0.9728029 -0.29352075 994.85 
20150624174007 2.4079683 -9.194333 -1.9093759 -1.3631458 1.2938126 -0.42485678 994.85 
20150624174007 0.985214 -9.329605 -3.4542346 -1.2342533 1.8753563 -0.41263947 994.85 
20150624174007 0.19033903 -10.013748 -2.336741 -0.81489426 1.6676621 -0.42638394 994.85 
20150624174007 -0.55485624 -10.315418 -1.055843 -0.68875057 1.2284501 -0.3707952 994.85 
20150624174007 -0.81163436 -10.161591 -0.6500258 -0.874759 0.31978795 -0.3042109 994.94 
20150624174007 0.23223756 -10.165182 -1.8734628 -0.8542951 -0.21777347 -0.2669481 994.94 
20150624174007 2.1493945 -9.454104 -2.0404584 -0.90316427 -0.2302962 -0.29779682 994.94 
20150624174007 1.9117701 -9.771336 -0.25737667 -1.0815369 0.04550946 -0.33841935 994.94 
20150624174007 -0.1376666 -10.749367 1.2551602 -1.1355985 0.14049901 -0.42821655 994.94 
20150624174007 -2.7994204 -12.4312935 2.610877 -0.93218035 -0.2574797 -0.4859433 994.94 
20150624174007 -4.4897265 -11.686697 1.4867992 -0.6542367 -0.8732319 -0.41416663 994.94 
20150624174007 -2.505532 -11.947066 -2.0871453 -0.364992 -0.9611965 -0.24190263 994.94 
20150624174008 0.6955156 -12.603676 -1.3748703 -0.33933565 -0.60231316 -0.06291912 994.94 
20150624174008 0.53211135 -15.541961 1.0121487 -0.04062254 -0.25625798 0.13591751 995.08 
20150624174008 -1.6783354 -15.62456 0.94331545 0.20922135 -0.36774087 0.20189096 995.08 
20150624174008 -2.7126305 -13.158532 -3.9791632 0.7837401 -1.3267993 0.20891592 995.08 
20150624174008 3.2393548 -10.653599 -2.6431987 1.4263704 -1.3286319 0.39614612 995.08 
20150624174008 11.919533 -9.561843 3.0532057 1.7852536 -0.88239485 0.72356987 995.08 
20150624174008 10.9834 -13.616424 -2.9251158 2.2791383 -0.8323039 0.5140431 995.08 
20150624174008 8.34918 -11.824364 -0.9151836 3.8881574 -0.47800204 -0.6918049 995.08 
20150624174008 2.2972364 -13.677476 -1.0965444 3.3417382 0.50335294 -0.45540005 995.08 
20150624174008 -1.1522095 -14.790779 -9.263765 2.0491474 1.1798862 -0.30451632 995.08 
20150624174008 -3.0172927 -15.851411 -5.221754 1.6588045 2.9865203 -0.15485434 994.9 
20150624174008 -1.4927847 -11.653777 -1.9237411 1.5323554 4.7809367 0.52106804 994.9 
20150624174008 -0.30945057 -8.622119 -2.8580782 2.175902 3.3350189 0.9443977 994.9 
20150624174008 0.9427169 -8.130709 -3.1040826 3.26874 -2.0570886 0.7483099 994.9 
20150624174008 2.2008698 -6.908469 -0.82001406 3.5353825 -3.45597 0.5122105 994.9 
20150624174008 2.8502972 -5.614403 -1.0420763 3.4654386 -3.7632353 0.44043383 994.9 
20150624174008 3.1232362 -3.2585084 -1.4993688 3.3872478 -3.9984186 0.22052236 994.9 
20150624174008 2.7030537 -3.1280246 0.23343466 3.244 -3.2314773 0.14110987 994.9 
20150624174008 0.3250129 -5.446809 0.9648633 2.5137105 -1.844813 0.2938262 994.9 
20150624174008 1.4568717 -5.4114943 0.58657944 1.1749994 -1.7195857 0.18173242 995.07 
20150624174008 2.1799207 -4.52145 -0.43035775 0.63804877 -1.7440202 0.17165314 995.07 
20150624174008 1.489792 -4.344279 -0.9876082 0.15943582 -1.2776246 0.3753767 995.07 
20150624174008 2.428319 -3.1693244 0.8511387 -0.3191771 -0.70432764 0.40775254 995.07 
20150624174008 3.0777464 -3.3967736 3.5835214 -0.88208944 -0.5323691 0.45906523 995.07 
20150624174008 2.5881321 -8.082825 6.721721 -1.455081 -0.5198463 0.39645153 995.07 
20150624174008 5.1104236 -16.170439 6.669647 -1.8677205 -0.24190263 0.22999077 995.07 
20150624174008 7.390302 -19.608511 13.153146 -2.6746736 0.37232238 0.20708331 995.07 
20150624174008 7.9248075 -19.088371 8.866327 -2.7693577 1.4074335 -0.30024028 995.07 
20150624174008 4.083311 -11.288661 17.138893 -0.65576386 0.37934732 -0.9624182 995.05 
20150624174008 -4.2317514 -17.880497 5.263054 2.5439484 0.16371189 -0.5326745 995.05 
20150624174008 -4.84347 -17.70931 -6.5577183 2.8283062 -1.6560557 0.06169739 995.05 
20150624174008 -0.47105917 -3.2202013 -8.109759 -0.52626044 -2.9110782 0.44837508 995.05 
20150624174008 4.694431 4.693234 -5.4527946 -0.4083634 1.1771374 0.46731192 995.05 
20150624174008 8.907627 -2.3624785 -3.1956608 -0.30176744 1.9767599 1.6041322 995.05 
20150624174008 10.268731 -11.344326 1.9357121 -1.2770138 1.915368 0.80878556 995.05 
20150624174008 -2.9514523 -17.2185 -5.6964045 -1.7107282 1.8329011 -0.32803464 995.05 
20150624174008 -4.7165775 -11.113286 2.0326772 -0.68875057 1.9889772 -1.5070046 995.05 
20150624174008 -3.2435448 -7.578247 -0.05805939 -2.5619688 0.15088372 -0.56505036 994.74 
20150624174008 -1.2234371 -8.015189 -2.6833014 -2.3576343 -0.07360926 0.42332962 994.74 
20150624174008 2.6396074 -9.420585 -2.4929626 -1.361924 2.278833 0.2779437 994.74 
20150624174008 2.445677 -9.231443 0.64823014 -1.5515977 2.93704 -0.08368854 994.74 
20150624174008 1.8477252 -8.515577 -1.1911154 -1.6572775 2.64749 -0.5308419 994.74 
20150624174008 1.738789 -9.123106 -3.3255463 -1.2873985 0.46975538 -0.3359759 994.74 
20150624174008 2.0745757 -8.608951 -2.1960814 -1.073901 -0.23854288 -0.23060162 994.74 
20150624174008 1.4137762 -8.759187 -1.2078748 -1.0940597 0.7458665 -0.16065755 994.74 
20150624174008 0.6691794 -9.454104 -1.9165585 -0.8677341 0.91904676 -0.12614368 994.74 
20150624174008 0.6805518 -9.248801 -2.3828292 -0.49510628 0.56413406 -0.23060162 994.98 
20150624174008 0.38965634 -9.877877 -1.3479356 -0.52595496 0.32467487 -0.20463985 994.98 
20150624174008 -0.39264908 -10.115502 -0.96546185 -0.75228053 0.25809056 -0.20158553 994.98 
20150624174008 -0.08080431 -9.41879 -0.9504981 -0.8753699 -0.14569137 -0.21319197 994.98 
20150624174009 1.3293805 -9.551667 -1.103727 -0.8949176 -0.57696223 -0.19608775 994.98 
20150624174009 2.610877 -9.486425 -0.08080431 -0.97005403 -0.6105598 -0.2443461 994.98 
20150624174009 0.5506664 -10.845135 1.917157 -0.9954049 -0.4343252 -0.22815818 994.98 
20150624174009 -3.453636 -12.8053875 3.7098155 -0.7800749 -0.25686884 -0.26939157 994.98 
20150624174009 -4.6004586 -12.540829 1.3922282 -0.46975538 -0.6072 -0.16890424 994.98 
20150624174009 -1.6316484 -13.122021 -2.110489 -0.38698313 -0.8707884 -0.103847094 995.0 
20150624174009 1.2204443 -14.6363535 0.17956513 -0.25686884 -0.48502702 9.162979E-4 995.0 
20150624174009 0.25797522 -16.927605 3.0238767 0.09560041 0.121256754 0.20769419 995.0 
20150624174009 -2.445677 -12.926893 1.1593921 0.50518554 -0.5671884 0.32834008 995.0 
20150624174009 1.3742718 -10.940305 -3.6954503 1.1911873 -1.1074986 0.40591997 995.0 
20150624174009 9.009381 -9.384073 1.0935516 1.8371773 -0.75777835 0.5109888 995.0 
20150624174009 9.890448 -12.425308 -0.24540567 2.17804 -0.28008172 0.46914452 995.0 
20150624174009 7.957728 -14.088081 -0.36152446 3.3258557 -0.3408628 -0.44959682 995.0 
20150624174009 3.283049 -13.671491 -2.3523033 3.617544 0.19394971 -0.6713409 995.0 
20150624174009 -0.10594343 -13.544598 -5.7395 2.564107 0.7706065 -0.16890424 994.91 
20150624174009 -3.4566288 -15.576077 -5.4378304 1.7324139 2.4492643 -0.02687807 994.91 
20150624174009 -1.8872294 -13.089101 -3.4674027 1.2534955 3.9321396 0.47036624 994.91 
20150624174009 -0.66020113 -8.82802 -2.8616695 1.8020525 3.385415 1.1139128 994.91 
20150624174009 0.93732995 -7.3711486 -2.9412768 2.9061913 -0.7846564 0.9761627 994.91 
20150624174009 2.219425 -6.244078 -0.5638345 3.2336152 -3.4428365 0.6227771 994.91 
20150624174009 3.0502129 -5.663484 -0.30107087 3.1676416 -3.9208386 0.45204028 994.91 
20150624174009 3.0334535 -3.66253 -0.7553706 3.2061262 -3.824322 0.24648413 994.91 
20150624174009 2.2104468 -3.2824504 0.4938041 3.20521 -3.082426 0.21685717 994.91 
20150624174009 0.5650316 -4.950012 0.87448215 2.3948972 -1.8008307 0.38423425 994.97 
20150624174009 0.83976626 -5.2648497 0.35434186 1.0454959 -1.6594155 0.18020524 994.97 
20150624174009 2.055422 -4.12102 0.12210429 0.47800204 -1.63437 0.11759156 994.97 
20150624174009 2.630629 -4.5938745 -0.2669535 -0.014966198 -1.3115277 0.2660318 994.97 
20150624174009 3.2752678 -4.2503066 0.7410054 -0.47158796 -0.9086621 0.2519819 994.97 
20150624174009 3.3812113 -3.4476504 1.5586253 -1.1313224 -0.5421429 0.20677789 994.97 
20150624174009 0.3824737 -7.2382703 2.718616 -1.7712038 -0.26053402 0.09315695 994.97 
20150624174009 2.2337902 -14.887745 8.664018 -2.1591032 0.02076942 -0.050701816 994.97 
20150624174009 4.317344 -19.608511 13.959393 -2.6484063 0.17959438 -0.006414085 994.97 
20150624174009 8.5143795 -19.608511 10.400413 -2.8313603 0.1001819 -0.5821546 995.06 
20150624174009 7.8493905 -19.548058 10.499771 -1.3704761 0.56382865 -1.0311406 995.06 
20150624174009 -2.409764 -16.584036 7.9984293 2.1352794 1.7287487 -0.79076505 995.06 
20150624174009 -2.9861681 -8.832211 -7.0820484 3.026532 -0.5876524 -0.19333886 995.06 
20150624174009 -0.55844754 -2.2140381 -9.932345 -0.4465425 -3.4449747 0.12461651 995.06 
20150624174009 2.2996306 -1.0390835 -8.573636 -0.71593404 1.7513506 0.37873647 995.06 
20150624174009 4.4687777 -3.9103298 -5.461174 -0.8258898 1.894904 0.90102625 995.06 
20150624174009 1.6358383 -13.34109 1.6867151 -1.4944818 1.6337591 0.713796 995.06 
20150624174009 -1.5628152 -16.219519 1.9734207 -1.7745636 1.6933185 0.18784106 995.06 
20150624174009 0.36750996 -9.101558 -1.3455414 -1.6285667 0.75961095 -0.4364632 994.91 
20150624174009 3.7720647 -5.849035 0.47105917 -0.72265357 -0.15088372 0.12583824 994.91 
20150624174009 3.470994 -6.487688 0.15263036 -0.52106804 0.33964106 0.4392121 994.91 
20150624174009 1.9261353 -9.701904 -0.9744401 -0.7996226 0.016798794 0.16493362 994.91 
20150624174009 0.6242881 -11.13244 -2.1523874 -1.0638218 0.21991149 -0.079107046 994.91 
20150624174009 0.43514615 -9.419987 -2.2930467 -1.3060299 1.1838568 -0.1600467 994.91 
20150624174009 1.2162545 -7.789535 -2.529474 -1.2932017 1.7208074 0.050396383 994.91 
20150624174009 1.6184803 -8.848969 -2.404377 -0.89919364 1.4162911 0.11026118 994.91 
20150624174009 1.4059949 -9.836577 -1.9794062 -0.56779927 0.8042041 -0.02321288 994.91 
20150624174010 1.0947487 -9.946711 -1.34195 -0.4428773 0.2751948 -0.08368854 994.97 
20150624174010 0.59376204 -9.529521 -1.869273 -0.5366451 0.1133155 -0.09896017 994.97 
20150624174010 0.8984242 -8.772954 -1.9614497 -0.5500842 0.05467244 -0.1704314 994.97 
20150624174010 1.5113398 -8.683171 -1.951873 -0.689056 0.0021380284 -0.16737708 994.97 
20150624174010 2.0368671 -9.2069025 -0.47225627 -0.7684685 -0.023823744 -0.19517145 994.97 
20150624174010 0.98461545 -9.812037 0.62009823 -0.7507534 -0.018936822 -0.25686884 994.97 
20150624174010 -0.42796355 -10.685322 0.3465607 -0.73273283 -0.19211712 -0.3475823 994.97 
20150624174010 -0.43275195 -10.522516 0.43754035 -0.7113526 -0.41325033 -0.32253686 994.97 
20150624174010 -0.08080431 -10.069414 0.94211835 -0.5235115 -0.26083946 -0.20311269 994.97 
20150624174010 -0.78529817 -9.935339 -0.17118542 -0.3359759 -0.0033597588 -0.11484267 995.16 
20150624174010 -1.2312182 -11.046248 -0.9588778 -0.2434298 0.17440203 -0.08857546 995.16 
20150624174010 -2.0099323 -12.7257805 0.2669535 -0.19425514 0.32620203 -0.03940081 995.16 
20150624174010 -0.8559271 -13.987525 -0.49200845 -0.05497787 0.47616947 -0.0106901415 995.16 
20150624174010 1.2976574 -15.67843 -0.93613285 0.21777347 0.21502456 0.08827003 995.16 
20150624174010 0.34356794 -13.426683 -0.7278373 0.6096435 0.20891592 0.29443705 995.16 
20150624174010 2.3307555 -10.878056 -0.7032967 1.2822062 0.10170906 0.31795537 995.16 
20150624174010 4.6561236 -10.144831 1.5652094 1.5830573 -0.6178902 0.3023783 995.16 
20150624174010 5.7478795 -11.319786 -3.6577415 2.006387 -0.8570439 0.1591304 995.16 
20150624174010 5.753267 -14.215572 -3.5098996 2.8496864 -0.84635377 -0.14874569 995.0 
20150624174010 3.9612067 -12.950237 -2.195483 2.364354 -0.24953845 -0.14080444 995.0 
20150624174010 1.8118122 -11.584345 -1.7076644 1.4694363 0.67256266 0.008246681 995.0 
20150624174010 0.43993455 -10.465055 -3.7217865 1.2137892 1.7925841 0.34605515 995.0 
20150624174010 -0.28431144 -11.215039 -8.273164 1.2348641 3.163671 0.62980205 995.0 
20150624174010 1.328782 -9.645041 -2.2774844 1.1777482 4.0225477 0.7079928 995.0 
20150624174010 2.5246856 -7.9673047 -2.8054059 0.89888823 2.7974575 0.6621779 995.0 
20150624174010 3.4117374 -7.8009076 -2.9867666 1.4092661 -0.344528 0.6569856 995.0 
20150624174010 3.2387564 -8.163031 -1.6795325 1.6606371 -2.1041253 0.57848936 995.0 
20150624174010 2.4534583 -7.3843164 -0.4770447 1.5244142 -1.7290541 0.59620446 995.06 
20150624174010 2.457648 -4.8267107 -1.1971009 0.93584555 -1.7479908 0.61727935 995.06 
20150624174010 3.5110967 -3.4805708 -2.7096379 0.3390302 -1.2336423 0.59986967 995.06 
20150624174010 5.121197 -5.638345 -3.235165 -0.41874814 -0.40591997 0.35521814 995.06 
20150624174010 6.3087215 -9.599552 -4.7788267 -1.1242975 0.35063666 -0.22479841 995.06 
20150624174010 8.002619 -15.717336 -1.0247183 -1.8078557 0.2302962 -0.90133166 995.06 
20150624174010 1.043872 -15.169064 3.554791 -2.2913556 0.15210545 -1.3240504 995.06 
20150624174010 -3.2172086 -11.855488 4.679467 -2.0967948 -0.21166481 -1.4501941 995.06 
20150624174010 -1.7016789 -8.953716 8.252214 -0.5015204 -0.010079277 -0.88239485 995.06 
20150624174010 2.4001873 -4.320337 6.35062 1.2620476 -0.09621128 -0.38453966 995.0 
