20150624174322 9.014768 1.5197195 -4.9853263 0.6814202 0.17623462 0.0012217305 994.72 
20150624174322 11.526285 2.717419 -2.4833858 1.0299188 0.50335294 0.111177474 994.72 
20150624174322 11.499351 1.2132617 -1.6585833 0.7687739 0.04428773 0.022296581 994.72 
20150624174322 9.923966 0.40641573 -1.8650831 0.41447207 -0.15363261 0.03145956 994.72 
20150624174322 7.2310877 -0.21308395 -1.7729063 0.2049453 -0.094989546 0.048563786 994.72 
20150624174322 6.5026517 -0.18375498 -1.8501194 0.1957823 0.26633725 0.22785273 994.72 
20150624174322 6.4068837 -0.26755205 -1.8249803 0.20861048 0.6435465 0.33750305 994.72 
20150624174322 7.1353197 -0.6302736 -1.6759412 0.23335053 0.58093286 0.398895 994.75 
20150624174322 7.751827 -1.1959038 -1.6675615 0.3399465 0.32589662 0.48899764 994.75 
20150624174322 7.9086466 -1.2054806 -1.311424 0.47128254 0.011911872 0.48899764 994.75 
20150624174322 7.2364745 -1.0324994 -0.9540894 0.48472157 -0.05589417 0.3631594 994.75 
20150624174322 6.8641763 -1.1174936 -0.13587095 0.40286562 0.05100725 0.21746802 994.75 
20150624174322 6.8079123 -1.158195 0.26994625 0.3268129 0.24037547 0.14844026 994.75 
20150624174322 6.9467764 -0.8762778 0.23223756 0.38759398 0.32895094 0.09468412 994.75 
20150624174322 7.504027 -0.48482585 0.40282443 0.4560109 0.34147367 0.08399397 994.75 
20150624174322 8.587403 -0.98461545 0.9032126 0.46395215 0.28893927 0.04184427 994.75 
20150624174322 8.971672 -0.93254155 0.8391677 0.4111123 0.14080444 -0.03848451 994.71 
20150624174322 11.16955 -1.6005238 1.1324574 0.36163223 -0.16829337 -0.087659165 994.71 
20150624174322 12.302606 -1.429937 0.81761986 0.27214047 -0.28344148 -0.013133603 994.71 
20150624174322 11.220427 -1.9189527 -0.002992752 0.30634892 -0.4147775 0.10048734 994.71 
20150624174322 11.842918 -2.6641479 0.99299514 0.2510656 -0.2764165 -0.02321288 994.71 
20150624174322 13.726557 -1.4311341 2.8634653 0.2687807 0.084910266 -0.06047566 994.71 
20150624174322 13.23395 1.0773908 2.4372973 0.5708536 0.031154128 0.24740042 994.71 
20150624174322 14.412496 0.20410569 -2.3235726 0.6261369 0.029932396 0.3912592 994.71 
20150624174322 19.554642 -3.9917328 -2.847903 0.21868975 0.7107417 0.076052725 994.71 
20150624174322 11.713034 -1.6801311 -6.4685345 0.4370741 0.2782491 0.18448131 994.76 
20150624174322 8.187572 0.6631939 -6.4326215 1.0598512 -1.0574077 0.64568454 994.76 
20150624174322 9.850345 0.23223756 -5.032612 0.4831944 6.1086525E-4 0.47250426 994.76 
20150624174322 9.92636 -3.1172507 -0.23104046 -0.058948494 0.9569204 0.30268374 994.76 
20150624174322 10.251971 -3.7271736 -0.83497787 -0.49632803 0.7293731 0.110872045 994.76 
20150624174322 11.106103 -2.505532 -2.2409728 -0.19853121 0.49296826 0.004276057 994.76 
20150624174322 10.494983 0.24959552 -2.5073278 0.26328292 0.1020145 -0.04642576 994.76 
20150624174322 7.7201033 1.049259 -2.3523033 0.3378085 -0.013133603 -0.1908954 994.76 
20150624174322 5.971139 0.64823014 -1.4496891 0.12156218 0.090713486 -0.47678033 994.76 
20150624174322 5.1678843 -0.21188685 -0.8643068 0.0036651916 0.23823744 -0.57696223 994.69 
20150624174322 6.033388 -0.7906851 -0.5542577 -0.07880162 0.17989981 -0.5299256 994.69 
20150624174322 6.530185 -1.0767922 -0.45789108 -0.064446285 0.032070424 -0.43768495 994.69 
20150624174322 6.962937 -0.40880993 -0.6572084 0.034513887 -0.12186762 -0.3436117 994.69 
20150624174322 7.9972324 0.84694886 -0.41359833 0.20341812 -0.27977628 -0.27977628 994.69 
20150624174322 7.633912 1.0426749 -0.11492168 0.24281894 -0.2452624 -0.20891592 994.69 
20150624174323 6.5643024 0.94930094 0.2789245 0.17470746 -0.14355333 -0.119729586 994.69 
20150624174323 6.9186444 0.7661445 0.7326257 0.099571034 0.056505036 -0.09773844 994.69 
20150624174323 8.389881 0.5859809 1.0253168 -0.0033597588 0.23273966 -0.004886922 994.69 
20150624174323 9.917382 0.049081136 1.1001357 -0.035430185 0.12614368 0.13316862 994.7 
20150624174323 10.809821 -0.60333884 1.4736311 -0.012217305 -0.070554934 0.28313604 994.7 
20150624174323 10.369886 -1.9716251 1.8992004 0.14110987 -0.26053402 0.3268129 994.7 
20150624174323 12.284649 0.9624691 0.777517 0.37843102 -0.29168814 0.2275473 994.7 
20150624174323 13.257294 4.080917 -0.7577648 0.63163465 -0.23182335 0.09010262 994.7 
20150624174323 12.964602 3.3901896 1.6352397 0.19394971 -0.02107485 -0.0036651916 994.7 
20150624174323 14.490307 -0.22744916 1.775899 -0.28069258 0.26939157 -0.310625 994.7 
20150624174323 19.607914 -0.47405192 -2.273893 -0.5354234 -0.008857546 -0.52442783 994.7 
20150624174323 15.810111 0.78290397 -8.197148 -0.45845437 -0.017104227 -0.5739079 994.7 
20150624174323 7.156269 -1.7411832 -4.2437224 -0.68783426 -0.13897185 -1.0433578 994.75 
20150624174323 9.473856 -2.4594438 -2.8095956 -1.2840388 0.01160644 -1.3994923 994.75 
20150624174323 12.791022 -1.721431 -3.9211037 -0.7672467 -0.09560041 -0.95630956 994.75 
20150624174323 12.461222 1.1575965 -2.4366987 0.050701816 0.19853121 -0.25870144 994.75 
20150624174323 10.410587 3.8025908 -1.3293805 0.4529566 0.5934556 0.17898351 994.75 
20150624174323 8.643068 1.7525556 -1.0953473 0.43066 0.183565 0.07971791 994.75 
20150624174323 7.5692687 -0.7691373 -1.1354501 0.012217305 0.08124508 -0.011911872 994.75 
20150624174323 6.633734 -1.757344 -0.9540894 -0.079107046 0.22235495 0.28924468 994.75 
20150624174323 5.909488 -0.9355343 -1.3784616 0.069027774 0.004581489 0.65179324 994.75 
20150624174323 5.597045 0.39444473 -1.2324153 0.12980886 0.0693332 0.7425067 994.75 
20150624174323 6.4044895 1.0336965 -0.7691373 0.11575896 0.06261369 0.6948592 994.75 
20150624174323 7.307702 0.5859809 -0.27114335 0.038789943 0.062002823 0.54428095 994.75 
20150624174323 7.6602483 -0.30645782 0.2813187 -6.1086525E-4 -0.07819075 0.45662177 994.75 
20150624174323 7.52737 -1.2587515 0.3633201 -0.13408493 -0.19120082 0.37293324 994.75 
20150624174323 7.116166 -2.1146786 0.37229836 -0.19792034 -0.22052236 0.267559 994.75 
20150624174323 7.381324 -1.8489223 0.5363012 -0.17684549 -0.16279559 0.1563815 994.75 
20150624174323 8.214506 -0.8086416 0.6955156 -0.09987647 -0.082161374 0.12797627 994.75 
20150624174323 9.445126 -0.664391 1.0630256 -0.076358154 -0.08093964 0.065973446 994.75 
20150624174323 10.494385 -0.842759 0.84216046 -0.074830994 -0.1160644 -6.1086525E-4 994.72 
20150624174323 11.410766 -0.90141696 0.87927055 -0.015577064 -0.2761111 -0.013133603 994.72 
20150624174323 10.854114 -1.282095 0.91338795 0.004581489 -0.27122417 0.027794369 994.72 
20150624174323 11.95365 -2.0829554 1.5855601 -0.089186326 -0.20647246 -0.054367006 994.72 
20150624174323 13.260286 -2.837129 2.1871033 0.09315695 -0.043676864 0.0852157 994.72 
20150624174323 12.624027 -1.1204864 0.89902276 0.4364632 -0.27183503 0.4166101 994.72 
20150624174323 15.42644 0.029927522 -3.9863458 0.6979135 -0.2507602 0.49968776 994.72 
20150624174323 17.147871 -2.7042508 -3.804985 0.4810564 0.3213151 0.16493362 994.72 
20150624174323 8.744224 -1.1145009 -3.3925838 0.67073005 0.005192355 0.40011674 994.72 
20150624174323 7.7129207 1.6514006 -5.8544216 1.3845261 -0.86437434 0.8210029 994.71 
20150624174323 10.187328 -0.7763199 -4.754286 1.1539245 0.13408493 0.657291 994.71 
20150624174323 13.100473 -3.390788 -1.1761516 0.3222314 1.169807 0.38637227 994.71 
20150624174323 11.606491 -2.3235726 -1.3281834 -0.15699236 0.675617 0.26083946 994.71 
20150624174323 10.908582 -0.61291564 -1.75076 -0.11178834 0.312763 0.14538592 994.71 
20150624174323 9.950302 0.65660983 -2.143409 0.1731803 0.021380283 -0.077579886 994.71 
20150624174323 7.867347 0.6787562 -1.7298107 0.11728613 -0.005192355 -0.3744604 994.71 
20150624174323 6.1746464 0.22026655 -1.8872294 -0.03940081 -0.0729984 -0.56169057 994.71 
20150624174323 5.129577 -0.18794483 -1.2844892 -0.12492194 9.162979E-4 -0.6731735 994.71 
20150624174323 5.861604 -0.54288524 -0.4405331 -0.1826487 0.18051068 -0.6221663 994.79 
20150624174323 6.3003416 -0.62608373 -0.18734628 -0.19608775 0.1337795 -0.4615087 994.79 
20150624174324 6.7121444 0.014963761 -0.09696517 -0.023823744 -0.0018325958 -0.30543262 994.79 
20150624174324 7.41604 0.45310268 0.107739076 0.15485434 -0.13316862 -0.16982053 994.79 
20150624174324 7.735666 0.47046062 0.3561375 0.17867808 -0.22388211 -0.053145275 994.79 
20150624174324 7.3938932 0.22984336 0.49200845 0.19456059 -0.21166481 0.04520403 994.79 
20150624174324 7.668628 0.3226187 0.55844754 0.2144137 -0.17348573 0.13897185 994.79 
20150624174324 8.236652 0.23582886 0.65900403 0.21502456 0.036651913 0.18600847 994.79 
20150624174324 9.503783 -0.0796072 0.84814596 0.16218472 0.15607607 0.26511553 994.79 
20150624174324 10.461464 -1.7782934 1.3880384 0.21074851 0.026267206 0.30543262 994.71 
20150624174324 11.971607 -1.1312603 1.3138182 0.40775254 -0.17837265 0.2501493 994.71 
20150624174324 12.872425 3.5356374 -0.034117375 0.5729916 -0.3368922 0.14355333 994.71 
20150624174324 12.378023 4.280234 0.260968 0.2706133 -0.14538592 0.0842994 994.71 
20150624174324 13.051392 -1.8195933 3.0478187 -0.2556471 0.17989981 -0.1469131 994.71 
20150624174324 19.27033 -2.1272483 -1.7591397 -0.5345071 -0.06719518 -0.45753807 994.71 
20150624174324 17.927183 1.881244 -8.911219 -0.30909783 -0.16584991 -0.5549711 994.71 
20150624174324 9.7479925 -0.46806642 -5.321712 -0.17195857 -0.116980694 -0.63041294 994.71 
20150624174324 6.754043 -2.3139958 -3.3500867 -0.8744536 -0.24984388 -1.4764613 994.71 
20150624174324 9.336189 -3.0556 -4.607043 -0.806953 -0.05131268 -1.4633276 994.72 
20150624174324 12.182896 -0.10354923 -3.8947675 0.0580322 0.2724459 -0.78954333 994.72 
20150624174324 12.081141 3.2716765 -2.2038627 0.5665775 0.52015173 -0.01863139 994.72 
20150624174324 10.351331 4.0827127 -2.107496 0.27458394 0.25534168 0.09010262 994.72 
20150624174324 8.076839 0.96905315 -1.6059108 -0.018325957 -0.16920967 -0.14294247 994.72 
20150624174324 7.229292 -1.1791444 -1.496376 -0.22693644 0.10140363 -0.029626964 994.72 
20150624174324 6.84203 -1.4879963 -0.9115923 -0.17898351 0.08979719 0.45234573 994.72 
20150624174324 7.067085 -0.6027403 -1.1061212 -0.10567969 -0.058643065 0.80664754 994.72 
20150624174324 7.359776 0.25558102 -1.0666169 -0.038179077 -0.11026118 0.8906415 994.72 
20150624174324 7.3699512 0.5351041 -1.0672154 -0.017715093 -0.053450707 0.7816021 994.76 
20150624174324 7.092224 -0.03232172 -0.7763199 -0.08277224 -0.04917465 0.5552765 994.76 
20150624174324 6.7163343 -0.83976626 0.142455 -0.1704314 -0.073303826 0.38240165 994.76 
20150624174324 6.8988924 -1.5903485 0.10654198 -0.28191432 0.017715093 0.27672195 994.76 
20150624174324 8.005013 -1.1420342 0.023942016 -0.35521814 0.052839845 0.16890424 994.76 
20150624174324 8.983644 -0.2148796 0.4285621 -0.34574974 -3.0543262E-4 0.055588737 994.76 
20150624174324 9.192537 -0.3609259 0.93134445 -0.32070425 -0.1685988 -0.0030543262 994.76 
20150624174324 8.814254 -1.2024878 1.3108255 -0.3115413 -0.22235495 -0.051618114 994.76 
20150624174324 9.713276 -1.1671734 1.7651252 -0.22052236 -0.22571471 -0.07147124 994.76 
20150624174324 11.853693 -0.25258827 1.4449008 -0.100792766 -0.25411993 -0.041233405 994.72 
20150624174324 10.878654 -0.91458505 -0.3705027 0.02107485 -0.30757064 0.040927973 994.72 
20150624174324 9.357139 -2.5187001 0.47524905 -0.093462385 -0.29260445 0.05681047 994.72 
20150624174324 11.547235 -3.141791 3.9468415 -0.17928895 0.007941248 -0.20708331 994.72 
20150624174324 14.444818 -1.1659763 0.6943185 0.23273966 0.02321288 0.10140363 994.72 
20150624174324 18.420988 -0.31124622 -2.5342624 0.6569856 -0.2828306 0.58093286 994.72 
20150624174324 17.31726 -2.1188686 -5.959168 0.8026769 -0.24251351 0.7089091 994.72 
20150624174324 11.326968 -1.316811 -4.6800656 0.83658 0.34513888 0.31337386 994.72 
20150624174324 7.6560583 0.37588966 -4.0132804 1.3286319 -0.5839872 0.61208695 994.72 
20150624174324 8.226477 -1.049259 -5.227141 1.4703526 -0.60231316 0.8677341 994.72 
20150624174324 10.514136 -3.1352072 -2.7760768 0.4908302 0.6704246 0.44929138 994.72 
20150624174324 11.179725 -2.7299886 -0.8726865 -0.17989981 0.6059783 0.07666359 994.72 
20150624174324 10.625467 -1.54845 -1.4215573 -0.32803464 0.35308012 0.030848695 994.72 
20150624174324 10.46745 -0.51714754 -2.12246 0.03573562 0.048258353 -0.009773844 994.72 
20150624174324 8.900445 0.48243165 -2.285864 0.32650748 -0.16646078 -0.049480084 994.72 
20150624174325 6.872556 0.7044938 -2.0913353 0.19639318 -0.22968534 -0.30726522 994.72 
20150624174325 6.1465144 0.31423897 -2.0015526 0.08552113 -0.12156218 -0.5204572 994.72 
20150624174325 6.5720835 -0.16220717 -1.1378443 0.03634648 0.03848451 -0.63804877 994.72 
20150624174325 6.545149 -0.4309563 -0.8834604 -0.010079277 0.06688975 -0.50488013 994.76 
20150624174325 6.857592 -0.27832595 -0.7882909 0.06536258 -0.04337143 -0.364992 994.76 
20150624174325 7.7973166 0.12330139 -0.5506664 0.13927728 -0.01160644 -0.18906279 994.76 
20150624174325 8.228871 0.52253455 -0.2861071 0.22143865 -0.05467244 -0.1301143 994.76 
20150624174325 7.7093296 0.6667852 0.015562311 0.23793201 -0.11209377 -0.059864793 994.76 
20150624174325 6.667253 0.7320272 0.38845924 0.22021692 0.009773844 -0.015577064 994.76 
20150624174325 7.005434 0.31244332 0.6961141 0.17104226 0.1863139 0.009468411 994.76 
20150624174325 8.630499 -0.0017956513 0.79367787 0.1133155 0.36774087 0.13225232 994.76 
20150624174325 9.955689 -0.8086416 1.3012487 0.12858713 0.20311269 0.2779437 994.76 
20150624174325 10.839149 -1.5382746 1.1558008 0.2012801 -0.017715093 0.34055737 994.76 
20150624174325 13.096882 2.4768016 0.049081136 0.42455134 -0.19914207 0.21960606 994.76 
20150624174325 12.650363 4.2102036 -1.0426749 0.48808134 -0.2452624 0.11056661 994.76 
20150624174325 12.753314 2.0590134 1.8842367 0.113926366 -0.076358154 0.006414085 994.76 
20150624174325 16.562489 -1.0450691 0.5267244 -0.30604348 0.06383542 -0.23182335 994.76 
20150624174325 19.566614 0.7380127 -4.867412 -0.52473325 -0.06841691 -0.4382958 994.76 
20150624174325 13.102867 0.87807345 -6.865972 -0.473726 -0.064446285 -0.58368176 994.76 
20150624174325 8.814254 -2.3385365 -5.225345 -0.7556403 -0.267559 -1.0143417 994.76 
20150624174325 8.775348 -4.1934443 -3.5476084 -1.457219 -0.19486602 -1.4437801 994.76 
20150624174325 10.404602 -3.0292637 -3.2501287 -0.76144356 -0.29168814 -0.87781334 994.69 
20150624174325 11.338341 0.635062 -2.645593 -0.1695151 0.18570304 -0.33353242 994.69 
20150624174325 11.030087 3.7110126 -1.8974048 0.44898596 0.6041457 0.17134771 994.69 
20150624174325 9.554661 2.5528176 -1.0336965 0.4196644 0.46517387 0.14477506 994.69 
20150624174325 8.595184 -0.55126494 -1.436521 -0.0070249503 -0.005497787 0.014049901 994.69 
20150624174325 7.8410106 -1.8231846 -1.1683705 -0.122783914 0.06627888 0.14110987 994.69 
20150624174325 7.103596 -1.5532384 -1.0301052 0.0015271631 -0.02107485 0.46853364 994.69 
20150624174325 6.564901 -0.25857377 -1.0390835 0.12492194 -0.06688975 0.61178154 994.69 
20150624174325 5.940613 0.91219085 -0.7092823 0.122478485 0.03970624 0.6044512 994.69 
20150624174325 5.78918 1.1348516 -0.7811083 0.007941248 0.12950343 0.45540005 994.75 
20150624174325 6.5032506 0.45070848 -0.35434186 -0.089186326 0.124005646 0.35124752 994.75 
20150624174325 7.6069775 -0.75956047 -0.20051439 -0.17715092 -0.031154128 0.28771752 994.75 
20150624174325 8.525752 -1.9117701 -0.22744916 -0.23243423 -0.30909783 0.24953845 994.75 
20150624174325 8.74961 -1.4820108 -0.26994625 -0.30390546 -0.42119157 0.1469131 994.75 
20150624174325 8.570643 0.2633622 0.58777654 -0.30665436 -0.39858958 -0.009773844 994.75 
20150624174325 8.535329 0.4854244 0.5506664 -0.24953845 -0.18234327 -0.070554934 994.75 
20150624174325 9.87668 -0.45908818 0.7260417 -0.24709499 -0.020158553 -0.07696902 994.75 
20150624174325 12.428301 -0.80564886 0.50757074 -0.28221974 0.008552114 -0.063224554 994.75 
20150624174325 11.808203 -1.5508442 0.090979666 -0.22204952 -0.14660765 0.016493361 994.74 
20150624174325 10.539874 -2.7144263 1.0785879 -0.2443461 -0.25625798 0.016493361 994.74 
20150624174325 11.601105 -2.8167782 3.3722332 -0.20708331 -0.08460484 -0.105068825 994.74 
20150624174325 13.034633 -1.0684125 1.7465701 0.20311269 0.090713486 0.18417588 994.74 
20150624174325 16.284163 0.6793547 -2.147599 0.72265357 -0.09896017 0.591623 994.74 
20150624174325 18.123508 -2.3995886 -5.4432178 0.6988298 0.14569137 0.58032197 994.74 
20150624174325 12.89517 -1.6023195 -4.892551 0.7086037 0.5354234 0.32925636 994.74 
20150624174325 8.489241 0.5374983 -5.5563436 1.4208726 -0.49449542 0.82650065 994.74 
20150624174325 8.644265 -0.5177461 -5.8358665 1.4697418 -0.5876524 0.9108001 994.74 
20150624174325 10.14543 -3.252523 -3.311181 0.60139686 0.48533243 0.54702985 994.74 
20150624174325 11.978789 -3.115455 -0.49320555 -0.10873401 0.8381071 0.12675454 994.74 
20150624174325 11.077373 -1.4598645 -1.3449428 -0.16890424 0.44012842 0.062002823 994.74 
20150624174326 10.836756 -0.36870706 -2.1230583 0.17989981 0.0027488936 0.054367006 994.74 
20150624174326 9.389461 0.5835867 -2.1667526 0.4269948 -0.0580322 -0.0030543262 994.74 
20150624174326 6.903082 0.6859388 -1.8555063 0.2706133 -0.008857546 -0.28405234 994.74 
20150624174326 5.691616 0.007182605 -1.6382325 0.1518 0.10048734 -0.5910121 994.74 
20150624174326 6.0381765 -0.6135142 -0.55964464 0.10323623 0.32925636 -0.6713409 994.74 
20150624174326 6.542156 -0.54647654 -0.37229836 0.03604105 0.36041048 -0.5708536 994.74 
20150624174326 6.9491706 0.04369418 -0.27712885 0.16218472 0.106595986 -0.3830125 994.75 
20150624174326 7.0946183 0.6847417 -0.45190558 0.21502456 -0.0021380284 -0.26511553 994.75 
20150624174326 7.7027454 0.4213795 -0.13587095 0.22815818 -0.024740042 -0.17501289 994.75 
20150624174326 7.3106947 0.20051439 0.43275195 0.22021692 -0.09040806 -0.06811147 994.75 
20150624174326 7.1903863 0.5177461 0.9307459 0.24648413 -0.21533 -0.03145956 994.75 
20150624174326 8.009802 1.0690111 1.292869 0.20555615 0.03481932 -0.033292156 994.75 
20150624174326 9.201516 0.9475053 1.2300211 0.098043874 0.23762658 0.06261369 994.75 
20150624174326 9.661801 -0.44232875 1.13964 0.10354166 0.17684549 0.25473082 994.75 
20150624174326 12.06139 -0.6913257 0.99898064 0.18997909 -0.027183503 0.33108896 994.75 
20150624174326 13.265075 3.4763808 -0.7469909 0.36835176 -0.18967366 0.2724459 994.73 
20150624174326 12.398374 4.3221326 -0.272939 0.31429017 -0.36377025 0.18570304 994.73 
20150624174326 12.044032 1.5424645 2.5755625 -0.28893927 -0.17195857 -0.014966198 994.73 
20150624174326 14.862007 -3.465607 1.0857705 -0.5488624 -0.17715092 -0.27855456 994.73 
20150624174326 19.607914 -2.3481133 -5.395334 -0.6597345 -0.13103059 -0.56046885 994.73 
20150624174326 14.90211 0.5758055 -8.094197 -0.28710666 -0.026572637 -0.5503896 994.73 
20150624174326 7.8308353 0.25797522 -4.9996915 -0.5891795 -0.25289822 -1.0793989 994.73 
20150624174326 8.310873 -1.8537107 -2.0967221 -1.5008959 -0.049480084 -1.6114625 994.73 
20150624174326 11.329363 -3.1316159 -3.918111 -0.63713247 0.23151793 -1.2290609 994.73 
20150624174326 12.117055 -0.682946 -2.765303 0.28405234 0.40561453 -0.32925636 994.75 
20150624174326 11.878832 2.3145945 -0.9020155 0.38423425 0.5674938 0.20799962 994.75 
20150624174326 9.48463 2.532467 -1.4718355 0.42332962 0.14996742 0.30787608 994.75 
20150624174326 7.7733746 -0.017357962 -1.3443443 0.2312125 0.025045475 0.10445796 994.75 
20150624174326 7.233482 -0.9283517 -1.0755951 0.13072516 0.21838433 0.2657264 994.75 
20150624174326 6.405687 -0.9624691 -1.0187328 0.24465153 -0.051618114 0.5323691 994.75 
20150624174326 5.9759274 -0.5542577 -0.8702923 0.25778514 -0.06536258 0.7031059 994.75 
20150624174326 6.205771 -0.39743748 -0.63087213 0.23243423 -0.07941248 0.70921457 994.75 
20150624174326 6.5230026 -0.7314286 -0.50996494 0.22479841 -0.098043874 0.6414085 994.75 
20150624174326 7.3346367 -0.8170213 0.24720132 0.2452624 -0.16371189 0.4859433 994.75 
20150624174326 7.7428484 -0.8870517 0.5883751 0.18448131 -0.20616703 0.2761111 994.75 
20150624174326 7.65127 -1.3455414 0.1448492 0.089186326 -0.23732115 0.13316862 994.75 
20150624174326 7.991845 -1.0175357 0.29747957 0.07147124 -0.29932398 0.06078109 994.75 
20150624174326 8.831013 -0.39145198 0.374094 0.07147124 -0.2648101 -0.029626964 994.75 
20150624174326 9.432556 0.08499416 0.5722142 0.09040806 -0.17928895 -0.0693332 994.75 
20150624174326 10.072407 0.6847417 0.44831428 0.04642576 -0.2012801 -0.096516706 994.75 
20150624174326 10.802638 -0.029927522 -0.2861071 -0.0580322 -0.28160888 -0.09621128 994.75 
20150624174326 11.662156 -1.8776526 0.002992752 -0.13347405 -0.31245756 -0.0030543262 994.75 
20150624174326 12.7497225 -3.139397 1.958457 -0.18295415 -0.269697 -0.00580322 994.72 
20150624174326 12.652159 -3.4171243 2.6384103 -0.12370021 -0.23640485 -0.028405234 994.72 
20150624174326 13.355455 -1.3581109 1.2378023 0.36041048 -0.23060162 0.27550024 994.72 
20150624174326 16.456545 -1.0205284 -2.6408045 0.8445212 -0.14996742 0.5861252 994.72 
20150624174326 18.319834 -1.8938135 -4.665102 0.68875057 0.30787608 0.3924809 994.72 
20150624174326 12.404958 -0.66139823 -5.12838 0.7632761 0.38362336 0.25320363 994.72 
20150624174326 7.643489 0.5386954 -6.1261635 1.3362677 -0.38820487 0.7724391 994.72 
20150624174326 8.254609 -1.258153 -5.3354783 1.1551461 -0.28130344 0.6921103 994.72 
20150624174327 10.985196 -3.2992098 -1.99437 0.47739118 0.9114109 0.44959682 994.72 
20150624174327 11.33056 -2.754529 -0.54527944 -0.22907446 0.64965516 0.20586158 994.74 
20150624174327 10.593145 -1.5939398 -1.2395979 -0.2003638 0.37293324 0.14935656 994.74 
20150624174327 10.212467 -0.46028528 -1.8806454 0.24556783 0.0030543262 0.03481932 994.74 
20150624174327 8.626308 -0.010773907 -2.054225 0.3408628 -0.059253927 -0.099265605 994.74 
20150624174327 7.2304893 0.06943185 -1.7316064 0.26725355 -0.15485434 -0.35002577 994.74 
20150624174327 6.2021794 0.06584055 -1.4119805 0.20708331 -0.100792766 -0.52290064 994.74 
20150624174327 6.3781533 -0.1412579 -0.8146271 0.20555615 0.05955936 -0.5870415 994.74 
20150624174327 6.8563952 -0.007182605 -0.75716627 0.23976462 0.06627888 -0.47800204 994.74 
20150624174327 7.1059904 0.2825158 -0.88405895 0.28619036 -0.04337143 -0.3268129 994.74 
20150624174327 7.2568254 0.37229836 -0.6171055 0.30268374 -0.1142318 -0.20555615 994.73 
20150624174327 7.451953 0.48362875 -0.05865794 0.26908615 -0.07696902 -0.15760323 994.73 
20150624174327 6.993463 0.87807345 0.25977087 0.19914207 -0.047036625 -0.06963864 994.73 
20150624174327 7.433398 0.8690952 0.5129577 0.18784106 -0.0027488936 -0.01282817 994.73 
20150624174327 8.461109 0.44711718 0.62249243 0.16920967 0.10140363 0.059864793 994.73 
20150624174327 10.243592 0.3681085 0.90620536 0.15668693 0.07513642 0.17989981 994.73 
20150624174327 10.752958 -0.7374141 1.0444705 0.18112154 -0.11026118 0.34269542 994.73 
20150624174327 11.993753 -1.5400703 1.2641385 0.2657264 -0.2773328 0.32253686 994.73 
20150624174327 12.410943 2.4331074 0.40701428 0.42302418 -0.26175576 0.19975294 994.73 
20150624174327 11.581951 4.19105 0.338181 0.42332962 -0.2959642 0.102319926 994.68 
20150624174327 11.799823 1.1348516 1.8549078 -0.1001819 0.04550946 -0.06047566 994.68 
20150624174327 17.310078 -1.9201498 -0.8391677 -0.52412236 0.1255328 -0.39278635 994.68 
20150624174327 19.32839 1.4879963 -7.3190746 -0.5907067 -0.14110987 -0.5018258 994.68 
20150624174327 11.5633955 0.6488287 -8.729858 -0.5290093 -0.31856623 -0.5662721 994.68 
20150624174327 9.245809 -3.145981 -5.861604 -1.317331 -0.47800204 -1.2205088 994.68 
20150624174327 10.638636 -4.7764325 -3.7086184 -1.7308867 -0.31703907 -1.3500122 994.68 
20150624174327 11.087548 -1.8429368 -3.6565444 -0.59528816 -0.52473325 -0.8362745 994.68 
20150624174327 10.9660425 1.0791864 -2.7868507 0.07880162 0.22602014 -0.1459968 994.68 
20150624174327 10.9343195 3.6260185 -1.9249382 0.34391713 0.73884153 0.2312125 994.74 
20150624174327 9.166202 1.5981296 -1.2378023 0.16768251 0.3213151 0.12064589 994.74 
20150624174327 7.7027454 -0.9091981 -1.4820108 -0.1423316 0.058948494 -0.010995574 994.74 
20150624174327 6.867768 -2.0165164 -1.4933833 -0.06719518 0.103847094 0.2507602 994.74 
20150624174327 6.421249 -1.2797008 -1.1360487 0.15485434 -0.027794369 0.59681535 994.74 
20150624174327 6.419453 0.7140707 -0.741604 0.22113322 0.0012217305 0.6988298 994.74 
20150624174327 6.700772 1.496376 -0.65541273 0.124005646 0.052534413 0.5684101 994.74 
20150624174327 6.7199254 0.6410475 -0.49440265 0.057726767 0.1554652 0.41233405 994.74 
20150624174327 7.28376 -0.41000703 -0.16519992 0.03726278 0.121256754 0.3390302 994.74 
20150624174327 7.952341 -1.9620483 0.010773907 -0.029626964 0.03573562 0.24220806 994.69 
20150624174327 8.486847 -2.4959552 0.3561375 -0.1459968 -0.10873401 0.14813483 994.69 
20150624174327 8.765172 -1.4012065 0.8379706 -0.14508049 -0.18295415 0.054061573 994.69 
20150624174327 8.872313 -0.45908818 0.9008184 -0.096516706 -0.1441642 -0.02076942 994.69 
20150624174327 8.965687 -0.6739678 0.5141548 0.0018325958 -0.05375614 -0.06047566 994.69 
20150624174327 10.288484 -0.6242881 0.62608373 0.053145275 0.116980694 -0.096516706 994.69 
20150624174327 10.949283 -0.075417355 -0.074220255 0.03268129 0.1255328 -0.07880162 994.69 
20150624174327 11.23539 -0.24839842 -0.09636662 -0.113926366 0.0067195175 -0.03573562 994.69 
20150624174327 11.324574 -1.7926586 1.027711 -0.36957347 -0.014049901 -0.14110987 994.69 
20150624174327 12.146982 -3.0304608 2.7922378 -0.21655174 0.0983493 -0.04886922 994.68 
20150624174327 12.65994 -0.40402153 1.192911 0.099265605 0.07360926 0.24495697 994.68 
20150624174327 15.675437 -0.52492875 -2.2930467 0.43463063 0.0030543262 0.49418998 994.68 
20150624174327 17.763182 -2.903568 -5.149329 0.3390302 0.39858958 0.3662137 994.68 
20150624174328 12.145785 -0.52073884 -4.0043025 0.7171558 0.23640485 0.55833083 994.68 
20150624174328 8.643666 1.9578584 -4.1880574 1.1646146 -0.5751296 0.9049969 994.68 
20150624174328 7.7039423 1.6370354 -4.4244847 0.88453287 0.043982297 0.70829827 994.68 
20150624174328 10.933122 -2.7539306 -1.8710686 0.014049901 1.4263704 0.3313944 994.68 
20150624174328 13.235745 -3.05141 0.089782566 -0.29718593 0.9718866 0.18753563 994.68 
20150624174328 12.97358 -1.1186907 -0.85173726 -0.21746802 0.32436943 0.26633725 994.72 
20150624174328 11.419145 -0.15023616 -2.3008277 0.2669481 -0.5555819 0.10323623 994.72 
20150624174328 8.446145 0.61650693 -2.132635 0.35338554 -0.49968776 -0.18325958 994.72 
20150624174328 5.073313 1.258153 -1.982399 0.2678644 -0.2302962 -0.45540005 994.72 
20150624174328 3.7870286 0.30226797 -1.4568717 0.07452556 -0.012217305 -0.7348709 994.72 
20150624174328 5.16549 -0.88645315 -0.6344634 -0.052839845 0.2275473 -0.6762278 994.72 
20150624174328 5.9663506 -0.9684546 -0.6847417 -0.033292156 0.08246681 -0.43554693 994.72 
20150624174328 6.992266 -0.717662 -0.79248077 0.089186326 -0.22418754 -0.2452624 994.72 
20150624174328 8.239047 -0.3728969 -0.62488663 0.29779682 -0.5122105 -0.1600467 994.72 
20150624174328 8.664616 -0.08798691 -0.29987377 0.41263947 -0.59956425 -0.10598512 994.74 
20150624174328 7.1431007 0.18435353 -0.11432313 0.43951756 -0.5164866 -0.07360926 994.74 
20150624174328 6.019023 0.18375498 0.320823 0.42821655 -0.301462 -0.02443461 994.74 
20150624174328 7.8487916 0.60333884 0.5315128 0.35888332 0.07727446 0.0021380284 994.74 
20150624174328 9.244612 0.9684546 0.83018947 0.24831672 0.3555236 0.13652839 994.74 
20150624174328 10.368091 -0.19812019 1.3383588 0.22632557 0.1469131 0.24923302 994.74 
20150624174328 11.654974 -0.2208651 1.192911 0.31978795 -0.062308256 0.28221974 994.74 
20150624174328 13.340492 3.37762 -0.29987377 0.53786683 -0.13255776 0.15851954 994.74 
20150624174328 13.516466 4.3861775 -0.66498953 0.43218717 -0.21410827 0.13225232 994.74 
20150624174328 12.613852 2.1865046 1.2497733 -0.08827003 0.013133603 -6.1086525E-4 994.73 
20150624174328 16.306309 -1.3401544 -0.27234045 -0.5891795 -0.022907447 -0.43676865 994.73 
20150624174328 19.607914 0.65900403 -5.3761797 -0.68416905 -0.024740042 -0.5876524 994.73 
20150624174328 14.6124115 -0.7625532 -7.3029137 -0.5204572 0.17256944 -0.5513059 994.73 
20150624174328 10.065823 -2.3834279 -4.982932 -1.0555751 -0.09010262 -1.2315043 994.73 
20150624174328 8.243835 -3.5326445 -3.0053217 -1.3316863 0.03145956 -1.3231341 994.73 
20150624174328 8.675988 -2.273893 -4.0132804 -0.3921755 0.19028452 -0.8353582 994.73 
20150624174328 9.077017 1.6795325 -1.934515 0.58184916 0.8399397 -0.09773844 994.73 
20150624174328 10.423157 3.2208 -1.6711528 0.56779927 1.0146471 0.16829337 994.73 
20150624174328 9.323022 -0.25917232 -1.6041151 0.38453966 0.1872302 0.023823744 994.7 
20150624174328 7.835025 -2.0787656 -1.2312182 0.16676621 -0.29565877 -0.002443461 994.7 
20150624174328 6.8127007 -2.5264814 -0.37948096 0.14446963 -0.4896085 0.3100141 994.7 
20150624174328 6.721721 -1.5089456 -0.5081693 0.26206118 -0.4196644 0.6026186 994.7 
20150624174328 6.4122705 0.39624038 -0.6799533 0.30879238 -0.06383542 0.63499445 994.7 
20150624174328 6.70556 1.8561049 -0.5069722 0.27091873 0.15302174 0.50671273 994.7 
20150624174328 7.326257 1.4574703 0.022744916 0.13591751 0.10293079 0.2678644 994.7 
20150624174328 7.7147164 -0.05865794 0.736217 0.043982297 0.043982297 0.22907446 994.7 
20150624174328 7.799112 -1.2324153 0.682946 -0.008246681 0.04734206 0.23090707 994.7 
20150624174328 7.5650787 -1.5011644 0.7745243 -0.081855945 -0.018936822 0.21105394 994.73 
20150624174328 7.277775 -0.15322891 0.83138657 -0.029626964 -0.081855945 0.13439035 994.73 
20150624174328 7.908048 0.29149407 1.2964603 0.020463986 -0.025961773 0.10415252 994.73 
20150624174328 8.698134 -0.3585317 0.66139823 0.05955936 -0.027794369 0.12889257 994.73 
20150624174328 10.55005 -0.6422446 0.23403321 0.1301143 -0.1414153 0.14813483 994.73 
20150624174328 12.707226 -0.4854244 0.36391866 0.18845193 -0.44929138 0.13194689 994.73 
20150624174328 11.827955 -0.92416185 0.24899697 0.16768251 -0.61391956 0.15302174 994.73 
20150624174328 10.732608 -1.7842789 1.2473791 -0.015271631 -0.46761733 0.05589417 994.73 
20150624174329 11.1899 -2.9670146 2.384625 -0.059864793 0.057726767 -0.1255328 994.73 
20150624174329 12.873024 -1.6142905 2.5073278 0.25900686 0.14782938 0.18051068 994.7 
20150624174329 14.205996 0.9636662 -0.8888474 0.5815437 -0.11789699 0.46517387 994.7 
20150624174329 18.517954 -3.2650926 -3.6050692 0.44990227 -0.029321533 0.43188173 994.7 
20150624174329 16.660053 -2.830545 -4.0378213 0.54092115 0.31856623 0.28160888 994.7 
20150624174329 9.89344 -0.16938977 -6.26802 1.1203269 -0.5897904 0.95447695 994.7 
20150624174329 8.065467 2.0057425 -5.9849057 1.4498887 -0.61391956 0.8228355 994.7 
20150624174329 11.219229 -3.4464533 -2.4259248 0.37812558 0.9016371 0.5183192 994.7 
20150624174329 12.5743475 -3.4464533 -0.079008654 -0.46517387 1.0830641 0.057421334 994.7 
20150624174329 11.780071 -1.1546037 -0.670975 -0.4596761 0.6169739 0.064446285 994.7 
20150624174329 11.013328 0.44592008 -1.4862007 -0.073303826 -0.008552114 -0.004581489 994.8 
20150624174329 8.74961 0.6584055 -1.9273324 0.090713486 -0.07544186 -0.17379116 994.8 
20150624174329 6.8444242 0.36152446 -1.6496049 -0.004581489 0.014966198 -0.40744713 994.8 
20150624174329 5.2582655 -0.061052144 -1.3503298 -0.086132 0.08552113 -0.54611355 994.8 
20150624174329 5.0385976 -0.3465607 -0.75477207 -0.12003502 0.17806722 -0.5720753 994.8 
20150624174329 5.8604074 -0.25079262 -0.44771573 -0.1151481 0.124005646 -0.50854534 994.8 
20150624174329 6.1357403 -0.22325931 -0.8415619 -0.07238753 0.0021380284 -0.41233405 994.8 
20150624174329 6.969521 -0.30945057 -1.1330559 0.04520403 -0.15332718 -0.2959642 994.8 
20150624174329 7.524976 0.3854665 -1.103727 0.13255776 -0.33475417 -0.17256944 994.8 
20150624174329 7.0664864 0.46567222 -0.29688102 0.12064589 -0.3481932 -0.063224554 994.74 
20150624174329 6.8905125 0.1592144 0.108337626 0.062002823 -0.1704314 -0.010079277 994.74 
20150624174329 8.21271 0.5291186 0.439336 -0.004886922 -0.060170226 0.04337143 994.74 
20150624174329 9.140464 0.54408234 0.6278794 -0.004581489 0.10140363 0.13133603 994.74 
20150624174329 10.023924 0.50996494 1.2593501 0.02076942 0.053450707 0.22021692 994.74 
20150624174329 10.01315 -0.7368156 1.7723078 0.14019357 -0.103847094 0.2883284 994.74 
20150624174329 11.96203 -0.16759412 1.666963 0.28252518 -0.1863139 0.21563543 994.74 
20150624174329 13.0442095 2.8724434 -0.061650693 0.46731192 -0.21899518 0.15332718 994.74 
20150624174329 12.674904 2.6605566 -0.43873745 0.28863382 -0.25870144 0.08307768 994.74 
20150624174329 12.906543 0.32441434 1.8231846 -0.20738874 -0.0720821 -0.1423316 994.76 
20150624174329 13.161526 -2.7581203 1.2737153 -0.5015204 -0.20555615 -0.44623706 994.76 
20150624174329 19.388245 -0.6877344 -5.740697 -0.34422258 -0.31215215 -0.48655418 994.76 
20150624174329 10.967838 -0.54767364 -7.7949224 -0.014966198 0.034208454 -0.3811799 994.76 
20150624174329 8.471284 -3.7247794 -6.657078 0.113926366 -0.13561209 -0.86101454 994.76 
20150624174329 10.289082 -3.2321723 -3.6415808 -0.36132678 -0.035124753 -1.2721269 994.76 
20150624174329 11.000159 0.19692309 -3.104681 0.10720685 -0.044898596 -0.9272934 994.76 
20150624174329 10.458471 4.5286326 -2.493561 0.59528816 0.3827071 -0.43157628 994.76 
20150624174329 9.764751 4.920683 -1.8495208 0.61636305 0.7870999 -0.06566802 994.76 
20150624174329 9.192537 0.7727286 -0.96187055 0.2666427 0.36377025 -0.06414085 994.74 
20150624174329 8.437765 -1.2922704 -1.0995371 0.008246681 0.06963864 0.03268129 994.74 
20150624174329 7.0090256 -1.6011224 -1.1324574 -0.007941248 -0.10781772 0.39064834 994.74 
20150624174329 6.2524576 -1.002572 -1.1019313 0.04795292 -0.20066923 0.6750061 994.74 
20150624174329 6.1806316 -0.2657564 -0.93373865 0.087964594 -0.20280726 0.7699956 994.74 
20150624174329 6.257845 0.34356794 -0.61770403 0.07452556 -0.11178834 0.74036866 994.74 
20150624174329 6.3925185 0.28191724 -0.25498247 0.010079277 0.004886922 0.5476407 994.74 
20150624174329 6.9970546 -0.5105635 0.109534726 -0.009468411 0.0015271631 0.38912117 994.74 
20150624174329 8.400057 -1.666963 0.42916065 -9.162979E-4 -0.11209377 0.34697145 994.74 
20150624174329 8.728661 -1.6992847 0.41838676 0.032375857 -0.28619036 0.3173445 994.76 
20150624174329 7.799112 -0.9415198 0.50996494 0.09682214 -0.4596761 0.16126843 994.76 
20150624174329 8.112154 0.10055647 0.5069722 0.1282817 -0.22082779 0.05497787 994.76 
20150624174329 9.279925 0.6332663 0.4189853 0.10323623 0.013439035 0.01740966 994.76 
20150624174330 10.747571 1.0737995 0.14544775 0.038179077 -0.010995574 -0.011911872 994.76 
20150624174330 12.034455 0.9684546 0.20410569 -0.08827003 -0.14966199 0.0143553335 994.76 
20150624174330 11.8022175 -0.5590461 0.4866215 -0.1966986 -0.16462818 0.052534413 994.76 
20150624174330 10.880449 -2.5037365 1.7196354 -0.46731192 -0.112704635 0.00580322 994.76 
20150624174330 11.530476 -3.4087446 2.6719291 -0.4370741 0.119729586 -0.024740042 994.76 
20150624174330 13.698425 0.207697 -0.63206923 0.06261369 0.026267206 0.36743546 994.69 
20150624174330 18.154633 -2.0392613 -3.9989154 0.33078352 0.05467244 0.50823987 994.69 
20150624174330 16.7235 -4.0916905 -4.759074 0.18692477 0.21685717 0.35033122 994.69 
20150624174330 9.709685 -1.2455834 -4.0827127 0.58551437 0.22907446 0.3930918 994.69 
20150624174330 9.263765 2.4881742 -5.753267 1.3338243 -0.70249504 0.95325524 994.69 
20150624174330 9.618107 0.2088941 -5.1966147 1.0858129 -0.10140363 0.84635377 994.69 
20150624174330 11.939285 -3.8067808 -2.0147207 0.005497787 1.2651019 0.45814893 994.69 
20150624174330 11.6442 -3.4506433 0.060453594 -0.52748215 0.9193522 0.06994407 994.69 
20150624174330 10.765528 -1.8590976 -1.0618285 -0.49357912 0.4541783 -0.04795292 994.69 
20150624174330 10.123283 -0.30585927 -1.6065093 0.02687807 0.098043874 -0.112704635 994.74 
20150624174330 8.054094 0.8295909 -1.3018472 0.080634214 0.1423316 -0.27550024 994.74 
20150624174330 5.657499 0.86251116 -1.5460558 -0.07849618 0.13591751 -0.5748242 994.74 
20150624174330 4.506486 0.31124622 -1.1306617 -0.14019357 0.3118467 -0.6948592 994.74 
20150624174330 5.6521115 -0.5386954 -0.6745663 -0.16920967 0.38545597 -0.6606508 994.74 
20150624174330 6.692991 -1.0588357 -0.45250413 -0.1554652 0.16768251 -0.44043383 994.74 
20150624174330 7.152079 -0.46507367 -0.4818331 -0.021991149 -0.28771752 -0.30940324 994.74 
20150624174330 7.7973166 0.08259996 -0.51954174 0.16157386 -0.5112942 -0.22876903 994.74 
20150624174330 8.149862 0.31543607 -0.28790274 0.1957823 -0.462425 -0.119729586 994.74 
20150624174330 7.079654 0.58657944 0.047884032 0.21991149 -0.26939157 -0.031154128 994.68 
20150624174330 6.459556 0.62728083 0.55365914 0.21105394 -0.0852157 -0.0067195175 994.68 
20150624174330 7.6494746 0.75716627 0.9343372 0.17928895 0.121256754 0.009468411 994.68 
20150624174330 8.99322 0.9415198 0.94810385 0.172264 0.20647246 0.1600467 994.68 
20150624174330 10.070611 -0.9355343 1.435324 0.2180789 -0.05222898 0.29138273 994.68 
20150624174330 13.074736 -0.985214 2.4133554 0.37690386 -0.18845193 0.28160888 994.68 
20150624174330 13.177686 4.033033 0.6147113 0.66767573 -0.28924468 0.1386664 994.68 
20150624174330 11.963227 3.9636009 1.1444284 0.4428773 -0.26053402 0.039095376 994.68 
20150624174330 13.119627 -0.5781997 2.184709 0.07696902 0.20005837 -0.12614368 994.68 
20150624174330 19.57619 -0.99778354 -2.7491422 -0.3213151 0.0018325958 -0.47800204 994.72 
20150624174330 17.542915 1.3329718 -9.400234 -0.24862215 -0.15424347 -0.51251596 994.72 
20150624174330 9.691729 -0.65421563 -5.6407394 -0.37904188 -0.2855795 -0.79137594 994.72 
20150624174330 8.2037325 -2.3080103 -2.5941176 -1.135904 -0.3475823 -1.5293012 994.72 
20150624174330 10.260351 -2.9125464 -3.6780925 -1.131017 -0.089186326 -1.4831808 994.72 
20150624174330 11.258734 -0.16460137 -3.244742 0.004276057 0.106595986 -0.5839872 994.72 
20150624174330 11.026496 2.516306 -1.6915035 0.3100141 0.64660084 -0.06261369 994.72 
20150624174330 9.61272 2.8646624 -1.6077064 0.28221974 0.6072 0.0870483 994.72 
20150624174330 7.669825 0.40821138 -1.714847 0.22876903 -0.017104227 0.016493361 994.72 
20150624174330 7.0850415 -1.441908 -1.4826094 0.008857546 -0.06169739 0.21868975 994.69 
20150624174330 6.971317 -1.7878702 -1.435324 0.076358154 -0.17623462 0.5137377 994.69 
20150624174330 7.114969 -1.1366472 -1.5682021 0.22235495 -0.24862215 0.8176431 994.69 
20150624174330 7.1113777 0.1376666 -1.3569138 0.29352075 -0.21380283 0.84574294 994.69 
20150624174330 7.1634517 1.0342951 -1.2988545 0.2687807 -0.13164146 0.72112644 994.69 
20150624174330 7.290344 0.49081135 -0.6715736 0.16737708 -0.12736541 0.535118 994.69 
20150624174330 7.080253 -0.46148238 0.2184709 0.03359759 -0.10781772 0.35735616 994.69 
20150624174330 7.1981673 -1.3425486 0.23283611 -0.09407325 -0.09560041 0.23732115 994.69 
20150624174330 7.574057 -1.4945804 0.6410475 -0.15118915 -0.06383542 0.16218472 994.69 
20150624174331 7.9074497 -0.45789108 0.9379285 -0.160963 -0.067500606 0.0571159 994.77 
20150624174331 8.449737 0.25857377 0.94331545 -0.13591751 -0.09040806 -0.01863139 994.77 
20150624174331 9.337985 -0.3645172 0.83378077 -0.19303341 -0.0580322 -0.04153884 994.77 
20150624174331 10.864887 -0.52073884 1.0109516 -0.21197024 -0.19975294 -0.050701816 994.77 
20150624174331 10.651803 -0.7074866 0.07062895 -0.1282817 -0.33444872 -9.162979E-4 994.77 
20150624174331 10.092757 -2.3235726 0.14784196 -0.14630222 -0.32375857 0.018325957 994.77 
20150624174331 11.338341 -3.4745853 2.2930467 -0.22479841 -0.03940081 -0.14569137 994.77 
20150624174331 13.555371 -1.9566613 3.401562 -0.019547688 0.035430185 -0.093462385 994.77 
20150624174331 16.15787 1.2886791 -1.264737 0.4718934 -0.3200934 0.39461896 994.77 
20150624174331 18.51077 -3.0382419 -5.903503 0.63224554 -0.36651915 0.62888575 994.73 
20150624174331 16.09981 -3.445855 -5.710171 0.46303585 0.31795537 0.35613444 994.73 
20150624174331 8.8806925 -0.9660604 -5.3265004 1.2528846 -0.20738874 0.56230146 994.73 
20150624174331 8.831013 0.56323594 -7.393295 1.8872682 -1.1334605 0.8707884 994.73 
20150624174331 10.077793 -1.1959038 -4.2341456 1.2748758 0.3213151 0.67256266 994.73 
20150624174331 11.741764 -2.4510639 -0.30585927 0.41813725 0.8781188 0.204029 994.73 
20150624174331 10.093954 -1.1408371 -1.1432313 0.005497787 0.6719518 -0.07544186 994.73 
20150624174331 9.768343 -0.3238158 -2.6042929 0.22235495 0.41447207 -0.093767814 994.73 
20150624174331 9.512163 0.5267244 -3.016694 0.4025602 0.13775012 -0.043676864 994.73 
20150624174331 7.5590935 0.9935937 -2.094328 0.32436943 0.016798794 -0.21380283 994.77 
20150624174331 6.5325794 -0.109534726 -1.2491747 0.029932396 0.016187929 -0.441961 994.77 
20150624174331 6.38354 -1.3970166 -1.0414777 -0.012217305 0.093767814 -0.4841107 994.77 
20150624174331 6.82946 -0.84096336 -0.6003461 0.06383542 0.11911872 -0.4364632 994.77 
20150624174331 7.244256 -0.02633622 -0.5883751 0.12644911 0.024129177 -0.34269542 994.77 
20150624174331 6.9946604 0.48482585 -0.87328506 0.23976462 -0.030543262 -0.23945917 994.77 
20150624174331 6.989872 0.4818331 -0.7356185 0.33536503 -0.054367006 -0.15302174 994.77 
20150624174331 7.2382703 0.42078096 -0.31663316 0.3979787 -0.048258353 -0.036651913 994.77 
20150624174331 7.1484876 0.6991069 0.107140526 0.43004912 -0.038789943 0.04520403 994.77 
20150624174331 7.5082164 0.8391677 0.3453636 0.43188173 0.022907447 0.09162979 994.74 
20150624174331 8.528147 0.6787562 0.51714754 0.38148534 0.077579886 0.13744467 994.74 
20150624174331 9.581595 0.338181 1.1875241 0.29229903 0.07452556 0.27488935 994.74 
20150624174331 9.379285 -1.4856021 1.5269021 0.2507602 -0.025350908 0.38759398 994.74 
20150624174331 12.552201 -0.23403321 0.3405752 0.28099802 -0.040011674 0.38087448 994.74 
20150624174331 13.372813 2.9640217 -1.2318168 0.5174029 -0.021991149 0.2733622 994.74 
20150624174331 12.960412 4.563947 0.78410107 0.44806966 -0.18906279 0.26206118 994.74 
20150624174331 13.33271 0.5835867 2.3355439 -0.08552113 -0.004581489 -0.03726278 994.74 
20150624174331 19.167978 -2.0392613 -1.946486 -0.5140431 -0.04153884 -0.36743546 994.74 
20150624174331 17.408241 1.5490485 -8.197148 -0.6429357 0.06047566 -0.6414085 994.75 
20150624174331 10.489596 -0.04129998 -5.6563015 -0.7672467 -0.03145956 -0.8390234 994.75 
20150624174331 8.062474 -2.4612393 -3.0011318 -1.5592335 -0.13133603 -1.4999796 994.75 
20150624174331 8.507197 -5.237316 -3.6056678 -1.7699821 -0.024740042 -1.450805 994.75 
20150624174331 10.978612 -2.4905684 -3.5954924 -0.3912592 -0.26236662 -0.62858033 994.75 
20150624174331 11.856087 0.89902276 -2.195483 0.4120286 0.43157628 0.069027774 994.75 
20150624174331 11.237784 3.7217865 -1.7657237 0.43401974 0.54428095 0.25595254 994.75 
20150624174331 8.902241 1.4598645 -1.572392 0.23701571 0.0842994 -0.03268129 994.75 
20150624174331 7.997831 -0.79367787 -1.5263035 -0.039095376 -0.1160644 -0.113926366 994.75 
20150624174331 7.1107793 -1.4867992 -1.3018472 -0.0027488936 0.012217305 0.24556783 994.69 
20150624174331 6.7929487 -1.1390414 -1.2294226 0.067500606 -0.09468412 0.52442783 994.69 
20150624174331 6.485294 -0.28431144 -1.2539631 0.14538592 -0.05467244 0.68844515 994.69 
20150624174331 6.039374 0.5566519 -0.7733272 0.20219639 0.07788532 0.6640105 994.69 
20150624174331 6.069301 0.2669535 -0.53570265 0.16798794 0.09040806 0.5833763 994.69 
20150624174331 6.7504516 -0.3645172 0.002992752 0.10476339 0.07971791 0.43249258 994.69 
20150624174332 7.524976 -1.6687586 0.22685061 -0.009468411 -0.06688975 0.27763826 994.69 
20150624174332 8.41502 -2.396596 0.36272156 -0.10598512 -0.23640485 0.22357668 994.69 
20150624174332 8.966884 -0.55126494 0.7541735 -0.11728613 -0.3042109 0.13439035 994.69 
20150624174332 8.354567 0.22266077 0.789488 -0.058948494 -0.2678644 -0.002443461 994.75 
20150624174332 8.14268 0.15741876 0.30166942 -0.05100725 -0.15149458 -0.08307768 994.75 
20150624174332 10.742783 -0.36511576 0.32680854 -0.099265605 -0.10140363 -0.12950343 994.75 
20150624174332 12.954427 -0.54408234 0.14544775 -0.18234327 -0.13775012 -0.07941248 994.75 
20150624174332 12.067375 -1.6639702 0.04369418 -0.14813483 -0.39920044 -0.008246681 994.75 
20150624174332 10.629657 -2.552219 1.79206 -0.29779682 -0.37812558 -0.057726767 994.75 
20150624174332 11.917139 -2.7204118 3.555988 -0.25228736 -0.01985312 -0.13316862 994.75 
20150624174332 13.650541 -0.17417817 0.3764882 0.160963 0.13622294 0.2489276 994.75 
20150624174332 17.513586 -2.2577322 -3.804985 0.6252206 0.10048734 0.64843345 994.75 
20150624174332 18.793285 -2.9831753 -4.9799395 0.50732356 0.43768495 0.45631635 994.72 
20150624174332 11.6442 -1.0384849 -5.056554 0.8032878 0.10140363 0.43554693 994.72 
20150624174332 8.161235 1.5897499 -5.8933277 1.6722436 -0.9896017 1.0045679 994.72 
20150624174332 7.996035 0.04309563 -5.5084596 1.0916162 0.04520403 0.6994407 994.72 
20150624174332 10.860099 -3.2992098 -2.1888988 0.25809056 1.5164729 0.32589662 994.72 
20150624174332 11.610682 -3.4739866 0.20350714 -0.36987892 1.0442741 0.038789943 994.72 
20150624174332 10.8469305 -2.1499932 -1.3587095 -0.23945917 0.49754974 0.07849618 994.72 
20150624174332 10.742783 -0.9139865 -2.2631192 0.33078352 0.0580322 -0.0030543262 994.72 
20150624174332 8.853159 0.5638345 -1.9662381 0.34300083 0.11148291 -0.15607607 994.72 
20150624174332 6.679224 0.8900445 -1.4820108 0.15790866 0.0693332 -0.50946164 994.75 
20150624174332 5.5527525 0.6003461 -1.18094 0.019242255 0.19608775 -0.73273283 994.75 
20150624174332 5.917868 -0.038905777 -0.40701428 -0.0036651916 0.40653083 -0.7031059 994.75 
20150624174332 6.443395 -0.47285482 -0.5117606 -0.036651913 0.32986724 -0.49663344 994.75 
20150624174332 6.992266 -0.24720132 -0.55006784 0.13622294 -0.021685716 -0.29443705 994.75 
20150624174332 7.903858 0.2885013 -0.60214174 0.26908615 -0.24770586 -0.16401732 994.75 
20150624174332 7.665635 0.18734628 -0.14903906 0.33169982 -0.355829 -0.09315695 994.75 
20150624174332 6.1860185 0.45250413 0.4249708 0.36682457 -0.2996294 -0.018325957 994.75 
20150624174332 6.4607534 0.35553896 0.81881696 0.30085114 -0.070554934 -0.025961773 994.75 
20150624174332 8.540716 0.20051439 0.89543146 0.19975294 0.1459968 0.013133603 994.71 
20150624174332 10.7990465 0.005985504 1.0881647 0.14844026 0.13683382 0.13408493 994.71 
20150624174332 10.615292 -1.4281414 0.7302315 0.19822577 -0.19058995 0.31887165 994.71 
20150624174332 11.966819 -1.2551602 1.5879543 0.4166101 -0.50426924 0.27977628 994.71 
20150624174332 12.764687 2.6312277 0.3196259 0.59223384 -0.40378192 0.14660765 994.71 
20150624174332 12.221801 4.2742486 0.05686229 0.6084218 -0.31673363 0.055588737 994.71 
20150624174332 12.220005 2.980781 2.9059622 0.13652839 0.062308256 -0.03176499 994.71 
20150624174332 16.29733 -0.7314286 1.0791864 -0.2883284 0.16157386 -0.3203988 994.71 
20150624174332 19.607914 0.06703765 -6.1303535 -0.49418998 -0.01038471 -0.52748215 994.71 
20150624174332 13.354259 0.25258827 -6.7384806 -0.40469822 -0.082161374 -0.6044512 994.69 
20150624174332 8.337808 -0.44472298 -4.8602295 -1.0592403 -0.30787608 -1.1554517 994.69 
20150624174332 8.360553 -2.082357 -3.068768 -1.509448 -0.26511553 -1.4807373 994.69 
20150624174332 10.5680065 -1.8716671 -3.4249055 -0.5164866 -0.2125811 -0.97219205 994.69 
20150624174332 11.040262 -0.3441665 -2.0638018 0.21838433 0.21685717 -0.16615535 994.69 
20150624174332 10.812215 1.9351135 -1.5580268 0.21380283 0.64476824 0.26175576 994.69 
20150624174332 9.188348 1.9183542 -1.5292963 0.22449298 0.103847094 0.116980694 994.69 
20150624174332 7.478289 -0.33877954 -1.5993267 0.082161374 -0.013439035 -0.037873644 994.69 
20150624174332 7.0425444 -1.2862848 -1.2030864 0.10170906 0.027183503 0.21166481 994.69 
20150624174332 7.204153 -0.9923966 -1.1139023 0.22266038 -0.16401732 0.6224717 994.72 
20150624174332 7.674015 -0.19153613 -1.0606314 0.26816985 -0.19517145 0.7651087 994.72 
20150624174333 7.2699933 0.45250413 -0.6781576 0.24007004 -0.12339478 0.7315111 994.72 
20150624174333 6.646304 0.5398925 -0.82480246 0.1160644 -0.038789943 0.52320606 994.72 
20150624174333 6.583456 -0.3274071 -0.2801216 0.08246681 -0.005192355 0.38637227 994.72 
20150624174333 7.4387846 -1.0420763 0.24001873 -0.0061086523 0.015882496 0.24923302 994.72 
20150624174333 8.591593 -1.5646108 0.56084174 -0.15210545 -0.02076942 0.17623462 994.72 
20150624174333 8.993818 -0.97862995 0.75477207 -0.26297748 -0.18020524 0.12675454 994.72 
20150624174333 8.416816 -0.09636662 0.89543146 -0.26083946 -0.2733622 0.094989546 994.72 
20150624174333 7.896077 -0.049081136 0.5931635 -0.21227567 -0.27091873 0.014966198 994.72 
20150624174333 10.177153 -0.5907693 0.6356605 -0.21135938 -0.14752395 -0.063224554 994.72 
20150624174333 12.935872 -0.04189853 0.18794483 -0.19730948 -0.19853121 -0.03145956 994.72 
20150624174333 12.041637 -0.6727707 -0.4782418 -0.11728613 -0.4034765 0.122783914 994.72 
20150624174333 10.795456 -2.046444 0.9271546 -0.29260445 -0.4560109 0.1423316 994.72 
20150624174333 11.786655 -3.3435028 2.8341362 -0.1957823 -0.12522738 -0.034208454 994.72 
20150624174333 13.190256 -1.8004397 1.7525556 0.065973446 -0.12522738 0.15393804 994.72 
20150624174333 16.270395 -1.0510546 -2.0248961 0.5204572 -0.08307768 0.5412266 994.72 
20150624174333 17.548302 -3.0232782 -4.8626237 0.5699373 0.11728613 0.50488013 994.72 
20150624174333 12.4390745 -1.560421 -4.57113 0.6783658 0.4392121 0.3491095 994.75 
20150624174333 8.580819 1.2545617 -5.8891377 1.310306 -0.48624873 0.7296785 994.75 
20150624174333 8.907627 0.7290344 -5.657499 1.0592403 -0.42180246 0.65118235 994.75 
20150624174333 11.7268 -2.594716 -3.0556 0.13958271 0.88697636 0.28008172 994.75 
20150624174333 11.449073 -2.5330653 -0.76195467 -0.34391713 0.8503244 0.09315695 994.75 
20150624174333 10.770915 -1.9590555 -0.7332243 -0.43463063 0.5476407 0.03390302 994.75 
20150624174333 10.449493 -1.3958195 -1.8525136 0.09285152 -0.021380283 0.015271631 994.75 
20150624174333 8.836999 -0.33159694 -1.7675194 0.3155119 -0.07147124 -0.10995574 994.75 
20150624174333 6.3763576 0.41240123 -1.6370354 0.28893927 -0.09254608 -0.29993483 994.75 
20150624174333 5.275025 0.8146271 -1.5059528 0.2134974 0.042455133 -0.5357288 994.79 
20150624174333 6.554127 0.47105917 -1.2024878 0.16432275 0.2284636 -0.5522222 994.79 
20150624174333 7.086837 0.0017956513 -0.9307459 0.12797627 0.015271631 -0.41386122 994.79 
20150624174333 7.1754227 -0.3669114 -0.8038532 0.19150625 -0.17134771 -0.23701571 994.79 
20150624174333 7.41604 -0.3716998 -0.40102878 0.22449298 -0.20677789 -0.1337795 994.79 
20150624174333 7.567473 0.089184016 0.15143326 0.22815818 -0.14844026 -0.084910266 994.79 
20150624174333 7.120356 0.1352724 0.27114335 0.24770586 -0.049785517 -0.064751714 994.79 
20150624174333 7.4166384 0.25258827 0.5117606 0.27916542 -0.004886922 0.0012217305 994.79 
20150624174333 8.523358 -0.17238252 0.7823054 0.29749137 0.07513642 0.040011674 994.79 
20150624174333 10.400413 -0.10175357 1.4101849 0.2883284 0.07971791 0.12522738 994.71 
20150624174333 11.08276 -0.27593175 1.673547 0.34788775 -0.13133603 0.1872302 994.71 
20150624174333 11.325172 -0.8038532 1.2389994 0.42180246 -0.22510384 0.16584991 994.71 
20150624174333 11.596914 2.0015526 -0.15682021 0.550695 -0.14813483 0.06536258 994.71 
20150624174333 11.736377 4.2610803 -0.83018947 0.5128214 -0.118507855 0.06688975 994.71 
20150624174333 12.830527 1.7202339 1.7675194 0.03023783 0.070249505 -0.021685716 994.71 
20150624174333 16.588825 -1.8698715 0.7194576 -0.3454443 0.105374254 -0.32436943 994.71 
20150624174333 19.14703 1.0390835 -4.4035354 -0.35185838 -0.26511553 -0.59223384 994.71 
20150624174333 12.530055 1.4808137 -6.5864487 -0.2660318 -0.19456059 -0.6585127 994.71 
20150624174333 8.843582 -2.0829554 -5.763442 -0.6988298 -0.16890424 -1.1163563 994.75 
20150624174333 9.607333 -3.810372 -4.4837413 -0.8414669 -0.095294975 -1.1924089 994.75 
20150624174333 12.121244 -1.5053543 -4.2700586 -0.19425514 -0.23823744 -0.7593055 994.75 
20150624174333 11.789648 0.22685061 -3.3321302 0.17898351 0.1957823 -0.10140363 994.75 
20150624174333 11.699266 3.4063504 -2.5701754 0.20922135 0.39187005 0.14660765 994.75 
20150624174333 9.188946 2.1003134 -1.834557 -0.112704635 0.06780604 -0.022602014 994.75 
20150624174334 6.793547 -1.7717092 -1.79206 -0.34574974 0.010995574 -0.05955936 994.75 
20150624174334 6.4182563 -1.8537107 -1.3772645 -0.29810223 0.10873401 0.28252518 994.75 
20150624174334 6.302736 -0.89184016 -1.2186487 -0.1432479 0.1160644 0.64843345 994.75 
20150624174334 6.3967085 0.16400282 -0.92535895 -0.060170226 0.13408493 0.7330383 994.72 
20150624174334 6.6522894 0.17298107 -0.55006784 -0.0061086523 0.13897185 0.6072 994.72 
20150624174334 6.875549 -0.41299978 -0.3681085 -0.041233405 0.17104226 0.39950588 994.72 
20150624174334 7.1245456 -1.1031284 -0.13706805 -0.02687807 0.122783914 0.23304509 994.72 
20150624174334 7.5243773 -1.4383167 -0.18794483 -0.028405234 0.10598512 0.07849618 994.72 
20150624174334 8.16722 -1.0761937 0.7679402 -0.08735373 0.060170226 -0.07727446 994.72 
20150624174334 9.009381 -0.15622166 1.0366893 -0.160963 -0.022907447 -0.12370021 994.72 
20150624174334 9.139266 -0.11492168 0.58119243 -0.07849618 -0.16890424 -0.04520403 994.72 
20150624174334 8.9842415 -0.3728969 0.36391866 0.005497787 -0.19639318 0.020463986 994.72 
20150624174334 10.178948 -0.4997896 0.6464345 0.07452556 -0.27885997 0.033292156 994.71 
20150624174334 11.653777 -0.15442601 0.7338228 0.12797627 -0.35033122 0.056199603 994.71 
20150624174334 11.320384 -1.0510546 -0.022744916 0.14049901 -0.41141775 0.12614368 994.71 
20150624174334 9.701305 -2.4666264 0.6697779 0.02076942 -0.36682457 0.14263703 994.71 
20150624174334 11.14441 -3.074155 2.4378958 -0.086132 -0.035124753 -0.055283304 994.71 
20150624174334 13.198635 -1.2138603 1.929128 0.36896262 0.12492194 0.26847526 994.71 
20150624174334 14.079103 1.441908 -0.96905315 0.8246681 -0.21074851 0.5873469 994.71 
20150624174334 17.724874 -1.3820529 -4.663306 0.7644979 -0.2134974 0.5109888 994.71 
20150624174334 16.750433 -2.1350293 -4.311359 0.5531385 0.3567453 0.22235495 994.71 
20150624174334 9.296086 -0.39743748 -5.2504845 0.96761054 -0.3930918 0.6395759 994.71 
20150624174334 7.687183 -0.34117374 -6.2458735 1.4388931 -0.8481864 0.8921687 994.71 
20150624174334 9.166202 -1.4850036 -4.469376 0.75991637 0.6969972 0.50426924 994.71 
20150624174334 12.146384 -2.847903 -0.40462008 -0.13683382 1.1096367 0.16737708 994.71 
20150624174334 10.613496 -1.929128 -1.0378864 -0.3173445 0.39828414 0.062002823 994.71 
20150624174334 10.015544 -1.1252748 -1.894412 0.12370021 0.15118915 0.054061573 994.71 
20150624174334 8.80767 0.32920274 -1.9357121 0.4709771 -0.10323623 -0.036651913 994.71 
20150624174334 6.9916677 0.90021986 -1.8070238 0.32467487 -0.06078109 -0.25473082 994.71 
20150624174334 5.9867015 0.49799395 -1.4700398 0.17256944 -0.08124508 -0.48472157 994.71 
20150624174334 6.6044054 0.3333926 -0.81642276 0.043982297 0.05131268 -0.6301075 994.69 
20150624174334 6.4846954 -0.089782566 -0.7290344 -0.061086524 0.08827003 -0.5561928 994.69 
20150624174334 6.63134 -0.17298107 -0.801459 -0.030848695 -0.093462385 -0.43157628 994.69 
20150624174334 7.5225816 -0.08559271 -0.6326678 0.1160644 -0.1469131 -0.2779437 994.69 
20150624174334 7.9876556 0.008379706 -0.1376666 0.19639318 -0.07544186 -0.1337795 994.69 
20150624174334 7.327454 0.34955344 0.55126494 0.23823744 -0.05222898 -0.1337795 994.69 
20150624174334 7.023989 0.6290765 0.84096336 0.26267207 0.009162978 0.0070249503 994.69 
20150624174334 7.889493 0.5494693 0.9935937 0.27275133 0.17928895 0.034513887 994.69 
20150624174334 8.91062 0.23582886 1.0672154 0.20555615 0.33658674 0.14660765 994.69 
20150624174334 10.465055 -0.18315643 1.1641805 0.2012801 0.07422013 0.23976462 994.7 
20150624174334 11.851897 -2.15538 1.851915 0.2761111 -0.1255328 0.3023783 994.7 
20150624174334 12.835316 1.0486604 0.0700304 0.4538729 -0.25442538 0.19058995 994.7 
20150624174334 12.782044 4.2850223 -0.8571242 0.52534413 -0.35338554 0.061391957 994.7 
20150624174334 12.723985 3.8971617 1.5831659 0.16676621 -0.015577064 -0.019242255 994.7 
20150624174334 14.672865 -0.94810385 2.2756886 -0.25595254 0.07819075 -0.29871312 994.7 
20150624174334 19.17995 -1.0785879 -3.6936548 -0.5338962 -0.06688975 -0.6383542 994.7 
20150624174334 14.235924 1.4652514 -7.8302364 -0.40683624 -0.04795292 -0.7257079 994.7 
20150624174334 8.026561 -0.1604115 -4.996699 -0.8014552 -0.14721853 -1.1050552 994.7 
20150624174334 10.072407 -2.8125885 -4.0779243 -1.3665055 -0.04917465 -1.5372424 994.68 
20150624174334 11.990761 -1.4742297 -3.6733038 -0.35246924 -0.06658431 -0.95233893 994.68 
20150624174335 11.692084 1.4173675 -1.9752164 0.2098322 0.27977628 -0.33567044 994.68 
20150624174335 11.03727 3.58412 -1.9841946 0.09162979 0.66431594 0.17928895 994.68 
20150624174335 8.9519205 1.5382746 -1.7962499 0.089491755 0.09132435 0.03481932 994.68 
20150624174335 7.9301944 -1.2330139 -1.3263878 -0.07849618 -0.06719518 0.011301007 994.68 
20150624174335 7.299921 -1.8375498 -0.83497787 -0.005192355 -0.005497787 0.27947086 994.68 
20150624174335 6.908469 -1.0097545 -1.1324574 0.20830505 -0.10934488 0.7058548 994.68 
20150624174335 6.5864487 0.3693056 -1.0779893 0.24373524 -0.13347405 0.8454375 994.68 
20150624174335 6.401497 0.9768343 -0.7823054 0.1994475 -0.056505036 0.79229224 994.73 
20150624174335 5.9783216 0.3417723 -0.6733692 0.089491755 0.02565634 0.6337727 994.73 
20150624174335 6.3302693 -0.6997054 0.13467385 0.027183503 -0.041233405 0.4810564 994.73 
20150624174335 7.3406224 -1.6274586 0.24540567 -0.09987647 -0.10140363 0.34513888 994.73 
20150624174335 8.2276745 -1.827973 0.26635495 -0.15974127 -0.23396139 0.27397305 994.73 
20150624174335 8.030152 -1.0175357 0.11372458 -0.21319197 -0.3472769 0.11484267 994.73 
20150624174335 8.139089 -0.007182605 0.19273324 -0.22052236 -0.33505958 0.0036651916 994.73 
20150624174335 8.791509 0.14844051 0.56563014 -0.18020524 -0.15424347 -0.07941248 994.73 
20150624174335 10.610503 -0.2717419 0.7386112 -0.20708331 -0.06078109 -0.1160644 994.73 
20150624174335 12.477981 -0.044292733 0.29269117 -0.24495697 -0.20708331 -0.092240654 994.73 
20150624174335 11.729194 -0.724246 -0.15023616 -0.24251351 -0.4129449 0.043982297 994.73 
20150624174335 11.070788 -2.517503 0.9451111 -0.33322698 -0.2932153 0.043066 994.73 
20150624174335 12.025476 -3.4111388 3.091513 -0.17592919 -0.04520403 -0.010995574 994.73 
20150624174335 13.183672 -1.1450269 1.7818847 0.34880406 -0.004886922 0.41080686 994.73 
20150624174335 14.7877865 -0.2172738 -2.689287 0.7370089 -0.11728613 0.67103547 994.73 
20150624174335 18.194736 -3.0490158 -3.8696284 0.56138515 0.3494149 0.44898596 994.73 
20150624174335 10.422559 0.504578 -5.303157 0.806953 0.4025602 0.3567453 994.73 
20150624174335 8.780735 1.4371196 -7.2987237 1.5121969 -0.8414669 1.0042624 994.73 
20150624174335 8.81964 -1.6891093 -5.237316 1.2562444 -0.10751228 0.81489426 994.73 
20150624174335 11.486182 -4.3783965 -0.4429273 0.321926 0.9615019 0.38331795 994.73 
20150624174335 10.932524 -2.819771 -0.4297592 -0.27030787 0.92179567 0.05497787 994.73 
20150624174335 11.086949 -0.9947908 -2.2894554 0.020463986 0.48380527 0.07880162 994.73 
20150624174335 10.660183 0.33638534 -3.514688 0.4089743 -0.1423316 0.06383542 994.73 
20150624174335 8.8884735 1.2599486 -2.6515784 0.37782016 -0.19853121 -0.09315695 994.73 
20150624174335 6.7504516 0.9756372 -2.268506 0.032986723 -0.15790866 -0.4202753 994.73 
20150624174335 6.425439 -0.1388637 -1.3724761 -0.11759156 -0.096516706 -0.6224717 994.73 
20150624174335 5.8933277 -1.1779473 -1.0528502 -0.12858713 0.067500606 -0.61208695 994.73 
20150624174335 6.085462 -1.3844471 -0.7326257 -0.06963864 0.017104227 -0.50885075 994.74 
20150624174335 6.329671 -0.64942724 -0.87089086 0.113926366 -0.13225232 -0.34605515 994.74 
20150624174335 7.008427 0.05746084 -0.74639237 0.23243423 -0.15027285 -0.23732115 994.74 
20150624174335 7.425018 0.5069722 -0.42916065 0.2968805 -0.18661933 -0.14172074 994.74 
20150624174335 7.7584105 0.54647654 -0.029927522 0.28344148 -0.20189096 -0.056199603 994.74 
20150624174335 7.60578 0.79607207 0.34237084 0.27275133 -0.14172074 0.06719518 994.74 
20150624174335 8.195353 0.90261406 0.46028528 0.26939157 -0.024740042 0.10140363 994.74 
20150624174335 9.2069025 0.36750996 0.61411273 0.20677789 0.08032878 0.16707164 994.74 
20150624174335 9.7479925 0.26036942 0.66498953 0.14263703 0.086437434 0.29932398 994.74 
20150624174335 10.404602 -1.2515689 0.7649474 0.1826487 -0.04337143 0.36865717 994.72 
20150624174335 11.972205 0.4938041 -0.24839842 0.32895094 -0.046731193 0.2968805 994.72 
20150624174335 12.786234 3.277662 -0.8319851 0.39187005 -0.14355333 0.19486602 994.72 
20150624174335 13.201628 3.1495724 1.2970588 -0.02565634 -0.08674286 0.02107485 994.72 
20150624174335 16.567875 -2.3744495 -0.4369418 -0.34666604 -0.027183503 -0.2666427 994.72 
20150624174335 18.895638 0.12928689 -5.831677 -0.5888741 -0.16493362 -0.5852089 994.72 
20150624174335 11.374253 -0.12808979 -7.1963716 -0.45173484 0.03940081 -0.6423248 994.72 
20150624174336 8.711303 -2.755726 -4.2610803 -0.6068946 0.010995574 -1.07665 994.72 
20150624174336 10.303447 -4.5166616 -3.405752 -1.1713341 0.21135938 -1.4040737 994.72 
20150624174336 12.031462 -1.7531542 -3.858256 -0.44776422 -0.12095132 -1.0283916 994.72 
20150624174336 11.568783 1.5167267 -2.7144263 0.2843578 0.06994407 -0.37965274 994.72 
20150624174336 11.401189 4.420295 -1.845331 0.40469822 0.64812803 -0.03268129 994.72 
20150624174336 10.1161 2.32058 -2.1284454 0.3100141 0.40286562 -0.076358154 994.72 
20150624174336 8.542512 -1.1420342 -1.560421 0.052534413 0.1554652 -0.046731193 994.72 
20150624174336 7.4124484 -1.951873 -1.3808558 0.0018325958 0.14905111 0.28344148 994.72 
20150624174336 6.7504516 -1.2084733 -1.1492168 0.0852157 -0.0076358155 0.5757405 994.72 
20150624174336 6.0639143 0.25617957 -0.7236475 0.11789699 0.03604105 0.7351763 994.72 
20150624174336 6.1141925 1.1599907 -0.47524905 0.044593163 0.09743301 0.6743952 994.72 
20150624174336 6.3913217 0.9564836 -0.49320555 -0.024740042 0.12583824 0.5503896 994.72 
20150624174336 6.5631056 0.13587095 -0.021547815 -0.06383542 0.09987647 0.4279111 994.72 
20150624174336 6.865972 -1.1611878 0.047285482 -0.15790866 -0.0693332 0.29749137 994.72 
20150624174336 7.2927384 -2.3235726 0.30885202 -0.24740042 -0.1572978 0.2144137 994.72 
20150624174336 7.4842744 -1.5903485 0.41180268 -0.2950479 -0.16798794 0.106901415 994.72 
20150624174336 8.44375 -0.4866215 0.6805518 -0.27672195 -0.16615535 -0.057421334 994.72 
20150624174336 9.0476885 -0.18016368 0.78170687 -0.18142697 -0.17012598 -0.1255328 994.72 
20150624174336 9.850345 0.12330139 1.0342951 -0.10354166 -0.18997909 -0.16126843 994.72 
20150624174336 11.535264 -0.08140286 0.6314707 -0.05467244 -0.18234327 -0.15485434 994.72 
20150624174336 11.951257 -0.40402153 -0.5835867 0.005192355 -0.24953845 -0.0580322 994.7 
20150624174336 11.231799 -2.4570496 1.2503718 -0.111177474 -0.22724187 0.022907447 994.7 
20150624174336 12.339117 -2.815581 3.221997 -0.1591304 0.050701816 -0.040317107 994.7 
20150624174336 12.641984 -1.0959458 0.87448215 0.14263703 0.11942416 0.2312125 994.7 
20150624174336 15.77719 -2.2415714 -2.693477 0.6056729 0.03848451 0.54183745 994.7 
20150624174336 17.806276 -2.5941176 -5.3995233 0.5882632 0.3924809 0.43066 994.7 
20150624174336 13.729549 -0.8074445 -6.0285997 0.8753699 0.29993483 0.30604348 994.7 
20150624174336 11.11149 2.1589713 -5.6179943 1.7941113 -0.8723156 1.1108584 994.7 
20150624174336 7.6524673 0.41359833 -5.7227407 1.3151928 -0.6197228 1.0375546 994.7 
20150624174336 11.052234 -4.606444 -0.943914 0.28038713 1.4214834 0.505491 994.67 
20150624174336 12.597093 -3.5093012 0.63206923 -0.40011674 1.5286902 -0.14905111 994.67 
20150624174336 11.431116 -1.2737153 -1.6765398 -0.22449298 0.84665924 -0.09162979 994.67 
20150624174336 10.922348 -0.15562311 -2.8000188 0.30604348 0.056505036 -0.12980886 994.67 
20150624174336 9.229049 1.1827357 -2.106299 0.39370266 0.0070249503 -0.21471913 994.67 
20150624174336 6.7947445 1.3263878 -1.0971429 0.27214047 0.19975294 -0.51343226 994.67 
20150624174336 5.015254 0.19692309 -1.1935096 0.12767084 0.35002577 -0.73364913 994.67 
20150624174336 5.141548 -0.8331822 -0.47524905 0.13775012 0.4297437 -0.65301496 994.67 
20150624174336 6.7612257 -0.43514615 -0.40701428 0.087659165 0.2929099 -0.5290093 994.67 
20150624174336 6.4218473 0.33399114 -0.9475053 0.13652839 -0.073303826 -0.38087448 994.72 
20150624174336 6.4248405 0.6901286 -0.74519527 0.18387043 -0.20799962 -0.31948254 994.72 
20150624174336 6.7648168 0.6572084 -0.39444473 0.20250183 -0.1142318 -0.24465153 994.72 
20150624174336 6.5098343 0.47465047 -0.18076223 0.24098633 -0.03604105 -0.065973446 994.72 
20150624174336 7.4058642 0.39085343 0.45729253 0.1966986 0.004886922 0.035124753 994.72 
20150624174336 8.393473 1.1438298 1.0307038 0.093462385 0.027183503 0.086132 994.72 
20150624174336 9.615712 1.3120226 1.0307038 0.021685716 -0.08093964 0.14721853 994.72 
20150624174336 10.7990465 -0.02873042 1.1426327 0.053450707 -0.18051068 0.2593123 994.72 
20150624174336 11.996746 -1.9099745 2.4223335 0.16340645 -0.21868975 0.3659083 994.72 
20150624174336 11.989564 1.4293385 0.4890157 0.23304509 -0.18753563 0.28160888 994.66 
20150624174337 11.989564 3.5697548 0.62009823 0.40133846 -0.2049453 0.13927728 994.66 
20150624174337 12.667721 3.0292637 2.4809916 0.017104227 0.15118915 0.046731193 994.66 
20150624174337 12.25113 -1.3521254 3.2052376 -0.28771752 0.24037547 -0.2660318 994.66 
20150624174337 18.076223 -1.7040731 -2.6755204 -0.44501534 -0.13255776 -0.5152648 994.66 
20150624174337 16.044743 1.6879122 -8.062474 -0.20647246 -0.014966198 -0.58246 994.66 
20150624174337 8.316259 -0.21188685 -4.4448357 -0.3042109 -0.0036651916 -0.7031059 994.66 
20150624174337 9.592369 -2.0602105 -0.9475053 -1.026559 -0.28252518 -1.2925909 994.66 
20150624174337 10.841544 -2.5725696 -3.0232782 -0.7199047 -0.1459968 -1.4850134 994.66 
20150624174337 12.750919 -0.93134445 -2.7952304 0.040317107 -0.065973446 -0.82558435 994.76 
20150624174337 12.876616 2.259528 -1.7130513 0.061391957 0.49418998 -0.016798794 994.76 
20150624174337 10.406996 3.6673183 -1.4143747 0.15577064 0.06658431 0.12064589 994.76 
20150624174337 9.012374 0.99898064 -1.3425486 0.17501289 -0.13439035 -0.06047566 994.76 
20150624174337 8.627506 -1.0498575 -0.62129533 -0.15577064 0.23823744 0.06780604 994.76 
20150624174337 7.356185 -1.4053963 0.2861071 -0.10995574 -0.07666359 0.50243664 994.76 
20150624174337 6.0944405 -0.6991069 0.079008654 -0.058337633 0.05375614 0.68477994 994.76 
20150624174337 5.5964465 0.05925649 0.092775315 0.07971791 0.09101892 0.7287622 994.76 
20150624174337 5.9747305 -0.048482586 -0.10354923 0.18661933 0.043982297 0.6582073 994.76 
20150624174337 6.5206084 -0.38845924 -0.38187516 0.26145032 -0.087659165 0.6010914 994.72 
20150624174337 7.0341644 -0.4997896 0.20949265 0.21288654 -0.19181168 0.47586402 994.72 
20150624174337 6.8563952 -1.216853 0.5470751 0.03756821 -0.23335053 0.28802297 994.72 
20150624174337 7.1766195 -1.1438298 0.22385786 0.032375857 -0.24251351 0.16157386 994.72 
20150624174337 8.233061 -0.050876785 0.3669114 0.06261369 -0.2950479 0.09407325 994.72 
20150624174337 9.19134 -0.05686229 0.6859388 0.058337633 -0.3408628 0.05131268 994.72 
20150624174337 10.328587 -0.25079262 0.46627077 0.05100725 -0.42577308 -0.014049901 994.72 
20150624174337 11.452663 -0.53330845 0.51954174 0.035124753 -0.39645153 -0.05681047 994.72 
20150624174337 11.96203 -1.0133458 0.15442601 -0.02687807 -0.44898596 -0.084910266 994.72 
20150624174337 11.423335 -1.7495629 0.29807812 -0.09193522 -0.38820487 -0.034208454 994.68 
20150624174337 11.644798 -2.677316 1.9871874 -0.10903945 -0.19853121 -0.09987647 994.68 
20150624174337 13.230358 -2.3116016 2.1649568 0.035430185 0.018936822 0.014660766 994.68 
20150624174337 16.330252 -1.7962499 -1.8058267 0.48624873 -0.10293079 0.49357912 994.68 
20150624174337 18.248007 -2.9520507 -5.0284224 0.77457714 -0.06780604 0.63713247 994.68 
20150624174337 15.031397 -1.0821792 -2.469619 1.0528263 0.22999077 0.50854534 994.68 
20150624174337 9.873688 1.0145429 -2.441487 1.6255124 -0.66889745 0.9850202 994.68 
20150624174337 7.1963716 2.1440077 -6.5283895 1.4746287 -0.42485678 1.0461067 994.68 
20150624174337 10.011953 -3.2303767 -3.2626984 0.48899764 1.2577715 0.50488013 994.68 
20150624174337 13.311163 -4.5753193 0.26874915 -0.15851954 1.1068878 0.052534413 994.68 
20150624174337 11.255142 -2.2230163 -0.96306765 -0.21899518 0.47800204 0.14630222 994.68 
20150624174337 11.122264 -1.0163386 -2.3319526 0.28893927 -0.1441642 0.059864793 994.68 
20150624174337 9.825804 0.81043726 -2.8377275 0.4810564 -0.13958271 -0.12980886 994.68 
20150624174337 7.055712 2.0727801 -2.1757307 0.35918877 0.015882496 -0.4120286 994.68 
20150624174337 5.1810527 1.3305776 -1.5933412 0.122783914 0.12492194 -0.7360926 994.68 
20150624174337 5.121197 -0.12868834 -1.1749545 0.018936822 0.32528573 -0.7162395 994.68 
20150624174337 6.3979053 -0.7200562 -0.55365914 -0.02076942 0.24709499 -0.56199604 994.68 
20150624174337 7.093421 -0.28311434 -0.5386954 0.0125227375 -0.019547688 -0.3576616 994.68 
20150624174337 7.2987237 0.66139823 -0.338181 0.076052725 -0.22724187 -0.2302962 994.67 
20150624174337 7.5028296 1.168969 -0.36750996 0.11453723 -0.28252518 -0.15821409 994.67 
20150624174337 6.742072 1.1695676 -0.2172738 0.1328632 -0.17348573 -0.06963864 994.67 
20150624174337 6.862979 0.66618663 0.18555063 0.1337795 -0.06352998 0.040011674 994.67 
20150624174337 7.7931266 0.44771573 0.2717419 0.04062254 0.08246681 0.06414085 994.67 
20150624174337 9.012374 0.11252748 0.45370123 -0.07269296 0.13988814 0.18936823 994.67 
20150624174337 10.320207 -0.06284779 0.52133745 -0.06352998 -0.076052725 0.2947425 994.67 
20150624174337 11.840525 -1.4119805 1.4520833 0.074830994 -0.25870144 0.36835176 994.67 
20150624174338 12.974777 -1.2036849 1.4562732 0.22113322 -0.35063666 0.31856623 994.67 
20150624174338 12.518084 2.822764 0.4441244 0.37232238 -0.32986724 0.19364429 994.73 
20150624174338 12.132617 3.4554317 0.91817635 0.30634892 -0.16371189 -0.03023783 994.73 
20150624174338 12.456433 1.1216835 2.48159 -0.11759156 0.29077184 -0.21594086 994.73 
20150624174338 17.28853 -0.59855044 -0.4405331 -0.27152961 0.13927728 -0.45173484 994.73 
20150624174338 18.346767 0.98581254 -6.9144545 -0.30818152 -0.013439035 -0.5180137 994.73 
20150624174338 10.144831 1.0564415 -5.6102133 -0.32650748 -0.061391957 -0.57726765 994.73 
20150624174338 7.3777328 -0.4309563 -3.1310172 -1.0268645 -0.06719518 -1.2611313 994.73 
20150624174338 9.898827 -2.5145104 -3.4644098 -1.1801916 -0.04795292 -1.4850134 994.73 
20150624174338 12.100894 -1.8064252 -3.7834373 -0.27885997 -0.017715093 -0.926988 994.73 
20150624174338 12.466608 1.5197195 -2.0614076 0.18478674 0.3023783 -0.11575896 994.67 
20150624174338 11.3551 3.2890346 -1.2060791 0.111177474 0.5589417 0.20738874 994.67 
20150624174338 9.578603 1.0953473 -1.2557588 0.022296581 -0.056505036 0.09590584 994.67 
20150624174338 8.270171 -1.1767502 -1.4957775 -0.15882497 -0.016493361 0.06811147 994.67 
20150624174338 7.3609734 -1.4407109 -0.9864111 -0.052839845 0.08032878 0.40317106 994.67 
20150624174338 6.6175733 -0.37229836 -0.7715315 0.038179077 -0.01740966 0.6771441 994.67 
20150624174338 5.815516 0.504578 -0.5363012 0.041233405 0.08307768 0.7153232 994.67 
20150624174338 5.875371 0.8714894 -0.62488663 0.003970624 0.14202617 0.64873886 994.67 
20150624174338 6.0746884 -0.017357962 -0.32202014 -0.02565634 0.12675454 0.6065892 994.67 
20150624174338 6.867768 -1.2617443 0.22325931 -0.074830994 -0.023823744 0.54428095 994.66 
20150624174338 7.304111 -2.271499 0.5141548 -0.17501289 -0.16371189 0.37415496 994.66 
20150624174338 8.470087 -2.1709423 0.6781576 -0.25809056 -0.33383787 0.21166481 994.66 
20150624174338 9.567828 -1.1360487 0.7613561 -0.22388211 -0.44868052 0.10567969 994.66 
20150624174338 9.416395 -0.3890578 0.44711718 -0.1600467 -0.43982297 0.06047566 994.66 
20150624174338 9.968259 -0.29149407 0.5033809 -0.08368854 -0.42638394 0.024740042 994.66 
20150624174338 10.94629 -0.25378537 0.08738836 -0.07971791 -0.42088616 0.017715093 994.66 
20150624174338 12.029667 -0.47764325 -0.30825347 -0.0580322 -0.38698313 0.03176499 994.66 
20150624174338 11.614272 -0.777517 0.4297592 -0.046120327 -0.34116822 0.07574729 994.66 
20150624174338 11.732785 -1.0480618 1.816002 -0.14508049 -0.14477506 -0.02443461 994.7 
20150624174338 11.741165 -1.6280571 1.9572599 -6.1086525E-4 0.080634214 0.06811147 994.7 
20150624174338 12.39957 0.24241292 0.57760113 0.30024028 0.09162979 0.3717115 994.7 
20150624174338 17.07784 -0.47524905 -2.429516 0.419359 0.0729984 0.4560109 994.7 
20150624174338 18.067842 -3.2202013 -3.855862 0.09773844 0.47433686 0.19394971 994.7 
20150624174338 10.612299 -1.614889 -5.437232 0.31490102 0.15790866 0.54702985 994.7 
20150624174338 6.9850836 -0.65242 -5.48332 1.1774428 -0.89919364 1.0442741 994.7 
20150624174338 8.157643 -2.1505916 -4.148553 0.9737192 0.1881465 0.8206975 994.7 
20150624174338 10.997766 -3.9504328 -2.0949266 0.11301007 1.3744467 0.49174652 994.7 
20150624174338 12.173319 -3.122039 -0.7044938 -0.25289822 0.5882632 0.2519819 994.68 
20150624174338 11.21444 -1.8596961 -1.501763 -0.07360926 0.14996742 0.10476339 994.68 
20150624174338 10.342353 -0.17836803 -1.525705 0.32467487 -0.16462818 -0.110872045 994.68 
20150624174338 8.097789 0.27952304 -1.6238673 0.41905355 -0.19730948 -0.3735441 994.68 
20150624174338 5.506664 -0.16160862 -1.7411832 0.41538838 -0.2003638 -0.5687156 994.68 
20150624174338 6.0046577 -0.25558102 -1.3868413 0.38056904 -0.08307768 -0.7165449 994.68 
20150624174338 6.7749925 -0.4333505 -0.7685388 0.2828306 0.074830994 -0.6765333 994.68 
20150624174338 7.3609734 -0.17238252 -0.39205053 0.23884831 -0.054061573 -0.514654 994.68 
20150624174338 8.085817 0.60214174 -0.10534488 0.29840767 -0.18325958 -0.30024028 994.68 
20150624174338 8.1402855 0.6775591 0.016759412 0.3943135 -0.14660765 -0.17348573 994.7 
20150624174338 8.043321 0.60812724 0.16280572 0.42943826 -0.067500606 -0.116980694 994.7 
20150624174338 7.2233067 0.81642276 0.40701428 0.43218717 -0.050701816 -0.086132 994.7 
20150624174338 7.181408 1.0654198 0.8750807 0.3549127 0.09315695 -0.11759156 994.7 
20150624174339 8.612542 0.7978677 1.2449849 0.20250183 0.26633725 -0.08032878 994.7 
20150624174339 10.920552 0.5410896 1.6490064 0.1282817 0.21655174 0.10720685 994.7 
20150624174339 11.121067 0.061650693 1.2856863 0.116675265 -0.024740042 0.21930063 994.7 
20150624174339 11.15698 -1.2611457 1.5173253 0.18661933 -0.258396 0.2284636 994.7 
20150624174339 11.630433 1.738789 0.5422867 0.3036 -0.108123146 0.10048734 994.7 
20150624174339 11.480197 3.0801406 0.57161564 0.30573806 -0.069027774 0.0033597588 994.68 
20150624174339 12.790424 1.745373 2.391209 -0.21013765 0.12034045 -0.059864793 994.68 
20150624174339 16.931795 -1.1617863 0.35434186 -0.45875978 0.21930063 -0.27275133 994.68 
20150624174339 19.190723 -0.7410054 -5.2887917 -0.43035457 -0.23732115 -0.48747048 994.68 
20150624174339 12.597093 -1.1623849 -6.463746 -0.33933565 -0.40408736 -0.63407815 994.68 
20150624174339 8.683171 -2.1811178 -4.9542017 -0.74189585 -0.39278635 -1.1615603 994.68 
20150624174339 8.407838 -2.795829 -3.457826 -0.7535023 -0.32498032 -1.3106114 994.68 
20150624174339 9.908403 -1.8447324 -2.441487 -0.008552114 -0.23060162 -0.9211848 994.68 
20150624174339 11.030087 0.52852005 -1.8363527 0.6783658 0.36346483 -0.1966986 994.68 
20150624174339 11.812991 3.2758665 -2.308609 0.72112644 0.7874053 0.19211712 994.72 
20150624174339 8.449737 0.37349546 -2.0632033 0.6020077 -0.07666359 0.09407325 994.72 
20150624174339 7.4603324 -0.9708488 -1.6316484 0.38148534 -0.26816985 0.029932396 994.72 
20150624174339 6.941988 -0.5303157 -1.2473791 0.2950479 -0.0290161 0.2733622 994.72 
20150624174339 6.505645 0.1352724 -1.1150994 0.29260445 -0.04062254 0.6017023 994.72 
20150624174339 6.2793927 0.6015432 -0.82719666 0.27305678 0.027183503 0.7244862 994.72 
20150624174339 6.5631056 0.86011696 -0.6913257 0.21288654 0.041233405 0.73792523 994.72 
20150624174339 6.740875 0.31483752 -0.8206126 0.11636983 0.024740042 0.60903263 994.72 
20150624174339 7.4286094 -0.9427169 -0.3309984 0.019547688 -0.07422013 0.4373795 994.72 
20150624174339 8.459911 -2.5582044 0.010175358 -0.08093964 -0.19486602 0.30879238 994.74 
20150624174339 9.55885 -2.5953147 0.8283938 -0.19547687 -0.27091873 0.19394971 994.74 
20150624174339 9.521142 -1.2473791 1.2330139 -0.23915374 -0.34666604 0.06536258 994.74 
20150624174339 8.6712 -0.13587095 0.86251116 -0.17348573 -0.33658674 -0.0143553335 994.74 
20150624174339 8.503606 0.7164649 0.06943185 -0.12095132 -0.19975294 -0.049785517 994.74 
20150624174339 10.393828 1.0690111 0.29987377 -0.1337795 -0.12461651 -0.046120327 994.74 
20150624174339 12.047623 0.7422025 0.12030864 -0.19700404 -0.16523905 0.005192355 994.74 
20150624174339 10.511144 -0.79008657 -0.060453594 -0.2519819 -0.3286455 0.06627888 994.74 
20150624174339 10.214862 -2.5671828 0.82240826 -0.47311515 -0.267559 -0.009162978 994.74 
20150624174339 11.477204 -3.6804867 2.0009542 -0.43890667 0.080634214 -0.0720821 994.7 
20150624174339 15.291766 -1.4053963 -1.0342951 0.09560041 -0.034513887 0.3472769 994.7 
20150624174339 19.579184 -0.85413146 -4.3047748 0.3753767 -0.098043874 0.58368176 994.7 
20150624174339 17.367538 -1.4221559 -4.9799395 0.23487769 0.39003745 0.3408628 994.7 
20150624174339 9.140464 -2.1613655 -5.329493 0.73884153 0.27947086 0.48166725 994.7 
20150624174339 6.327875 -1.1773487 -5.2498856 1.6520851 -0.5644395 1.0125091 994.7 
20150624174339 9.396045 -0.9935937 -2.4504654 1.1139128 0.6395759 0.999681 994.7 
20150624174339 12.239159 -0.3429694 -1.0791864 0.09682214 1.4123205 0.4089743 994.7 
20150624174339 10.157999 -1.2264298 -1.0522517 -0.45020768 0.48747048 0.05375614 994.7 
20150624174339 9.114127 -2.473809 -0.90620536 -0.3555236 0.36896262 -0.1572978 994.68 
20150624174339 8.278551 -1.9602526 -1.4915876 0.028099801 0.21380283 -0.2864958 994.68 
20150624174339 6.5230026 -0.56682724 -1.7806876 0.2602286 0.070554934 -0.3894266 994.68 
20150624174339 6.26802 0.10295067 -1.8920178 0.23426682 0.13622294 -0.6282749 994.68 
20150624174339 7.675811 0.6703765 -1.0456676 0.25870144 0.17837265 -0.68600166 994.68 
20150624174339 8.779537 0.729633 -0.623091 0.24953845 0.2049453 -0.53786683 994.68 
20150624174339 8.173206 0.27593175 -0.64942724 0.22174409 0.016187929 -0.31520647 994.68 
20150624174339 7.523779 0.16699557 -0.66139823 0.2941316 -0.09193522 -0.21594086 994.68 
20150624174339 7.7081323 0.046686932 -0.3333926 0.3912592 0.02321288 -0.11484267 994.68 
20150624174340 7.8853035 0.21428105 -0.26994625 0.3894266 0.0729984 -0.02687807 994.7 
20150624174340 8.492832 0.6027403 -0.08499416 0.3381139 0.028405234 -0.0070249503 994.7 
20150624174340 8.889072 0.94331545 0.2705448 0.2733622 -0.007941248 0.023518313 994.7 
20150624174340 8.619126 0.7763199 0.5434838 0.18112154 -0.043982297 0.093462385 994.7 
20150624174340 8.165425 0.60214174 1.0301052 0.08735373 -0.06658431 0.2171626 994.7 
20150624174340 8.414422 -1.4927847 1.8219875 0.040927973 -0.029321533 0.28771752 994.7 
20150624174340 10.155605 -3.7804444 1.644218 0.15882497 0.0015271631 0.34300083 994.7 
20150624174340 11.962628 0.35673606 0.3693056 0.66614854 -0.14294247 0.31703907 994.7 
