20150624174940 9.703699 -2.0350714 -2.6677392 -0.42149702 0.022602014 0.01038471 994.83 
20150624174940 9.305065 -0.90021986 -2.4744074 -0.35979962 -0.01740966 0.0036651916 994.83 
20150624174940 8.540117 -0.50397944 -1.7429788 -0.3594942 -0.009468411 -0.09315695 994.83 
20150624174940 7.916428 -0.7218518 -1.4041992 -0.3830125 0.10445796 -0.18478674 994.83 
20150624174940 8.240842 -0.6392518 -0.8122329 -0.34666604 0.33383787 -0.25778514 994.83 
20150624174940 8.167819 -0.08319851 -0.36391866 -0.2843578 0.39278635 -0.31612277 994.83 
20150624174940 8.531737 0.49559975 -0.062249243 -0.3145956 0.35308012 -0.3286455 994.83 
20150624174940 8.236053 0.492607 -0.16340427 -0.37782016 0.27947086 -0.26389378 994.83 
20150624174940 7.4208283 0.16519992 -0.10115502 -0.3640757 0.2489276 -0.22388211 994.76 
20150624174940 6.9527617 -0.34596214 -0.16819267 -0.32406402 0.22327125 -0.24007004 994.76 
20150624174940 7.32925 -0.42078096 -0.14784196 -0.30726522 0.18020524 -0.26328292 994.76 
20150624174940 7.924209 -0.24720132 -0.439336 -0.27672195 0.14049901 -0.22021692 994.76 
20150624174940 8.400057 0.24660277 -0.021547815 -0.258396 0.080634214 -0.16523905 994.76 
20150624174940 9.279925 0.008379706 0.46088383 -0.2519819 -0.009468411 -0.1282817 994.76 
20150624174940 10.007763 -1.3922282 1.2413936 -0.19150625 -0.026572637 -0.043676864 994.76 
20150624174940 10.69849 -1.0181342 1.4191631 -0.00580322 0.043676864 0.03390302 994.76 
20150624174940 12.046426 1.4359225 1.4694413 0.29352075 0.13683382 0.059864793 994.76 
20150624174940 12.603676 2.943671 0.8738836 0.37598756 0.45204028 -0.008857546 994.85 
20150624174940 14.514848 3.0561984 -1.3329718 0.09010262 0.7431176 -0.17104226 994.85 
20150624174940 19.607914 1.0366893 -2.8335378 -0.122478485 0.5864306 -0.31429017 994.85 
20150624174940 19.065027 -1.027711 -6.049549 -0.28802297 0.14630222 -0.48655418 994.85 
20150624174940 13.791201 -1.1210849 -3.7014358 -0.6075055 -0.30115658 -0.89736104 994.85 
20150624174940 8.094796 0.29747957 -2.332551 -1.0366384 0.096516706 -1.1233811 994.85 
20150624174940 5.2540755 -2.0727801 -1.9991584 -0.6817256 0.4202753 -0.97433007 994.85 
20150624174940 7.399879 -3.8630445 -0.25977087 0.37507126 0.84116143 -0.18478674 994.85 
20150624174940 9.8677025 -1.5412674 -1.234211 1.3185526 0.7806858 0.20891592 994.85 
20150624174940 10.080787 1.9207484 -0.842759 1.4584408 0.25992316 0.32162055 994.81 
20150624174940 8.452729 1.6346412 -0.7224504 1.1404854 0.17287487 0.35705075 994.81 
20150624174940 7.5094137 0.7469909 -0.6488287 0.9074403 -0.21624629 0.3155119 994.81 
20150624174940 7.7608047 0.10235212 -0.50158525 0.6805039 0.106595986 0.30115658 994.81 
20150624174940 8.015189 0.2100912 -0.19931729 0.4700608 0.30757064 0.26847526 994.81 
20150624174940 7.60997 -0.16759412 -0.13108255 0.22510384 0.17867808 0.258396 994.81 
20150624174940 7.2831616 -0.30645782 -0.3250129 0.11728613 0.06994407 0.38240165 994.81 
20150624174940 7.7081323 -0.7038953 -0.26994625 0.09162979 -0.03145956 0.46120325 994.81 
20150624174940 7.9631147 -1.4227544 -0.41060558 -0.03145956 -0.051923547 0.4260785 994.81 
20150624174940 7.939771 -1.8854338 -0.7422025 -0.18020524 -0.17379116 0.2883284 994.78 
20150624174940 8.48984 -1.6621746 -0.61171854 -0.19792034 -0.3213151 0.20952678 994.78 
20150624174940 8.581417 -0.78649527 0.019752163 -0.14569137 -0.30940324 0.14355333 994.78 
20150624174940 8.298902 -0.6314707 0.22685061 -0.15363261 -0.26816985 0.010995574 994.78 
20150624174940 8.397662 -0.75237787 0.57640404 -0.1432479 -0.25992316 -0.07574729 994.78 
20150624174940 8.915408 -0.3453636 1.1216835 -0.09285152 -0.24953845 -0.058643065 994.78 
20150624174940 9.631275 0.6943185 0.99538934 -0.028405234 -0.26633725 -0.047647487 994.78 
20150624174940 11.129447 1.067814 1.3383588 0.002443461 -0.3051272 -0.05131268 994.78 
20150624174940 10.555437 -0.3776853 0.516549 -0.004276057 -0.3491095 -0.06383542 994.78 
20150624174940 9.846154 -1.543063 0.9576807 -0.03390302 -0.2302962 -0.08032878 994.79 
20150624174940 11.47062 -2.067393 1.3227965 0.030543262 0.05375614 -0.17073683 994.79 
20150624174940 13.095086 -0.8762778 1.8315643 0.22724187 0.049785517 0.09468412 994.79 
20150624174940 12.503718 1.3084313 2.846706 0.46731192 -0.11911872 0.40439278 994.79 
20150624174940 12.437878 2.9245174 -0.35793316 0.31764993 -0.018325957 0.37934732 994.79 
20150624174941 14.824298 -2.8724434 -4.0839095 -0.17348573 0.74097955 0.008552114 994.79 
20150624174941 10.910975 -2.7659016 -5.749077 -0.09254608 0.9129381 -0.08674286 994.79 
20150624174941 10.616488 -1.917157 -5.6203885 0.36987892 -1.5125023 0.7440339 994.79 
20150624174941 14.072519 -1.079785 -2.4426842 0.5006041 -1.2886202 0.91507614 994.79 
20150624174941 12.645575 -2.1440077 -1.0516531 -0.26450464 0.59406644 0.5742133 994.86 
20150624174941 10.691906 -3.3746274 0.046088383 -0.5537493 0.45478916 0.20861048 994.86 
20150624174941 10.11251 -3.4464533 -0.557849 -0.4120286 0.7703011 -0.15088372 994.86 
20150624174941 9.437345 -1.074398 -0.908001 0.046731193 0.9101892 -0.37598756 994.86 
20150624174941 7.9864583 1.0636241 -1.2144588 0.23701571 0.5647449 -0.51007247 994.86 
20150624174941 6.021417 1.4766239 -1.5873557 0.17959438 0.47158796 -0.5992588 994.86 
20150624174941 5.319318 0.36990416 -1.0833763 0.10262536 0.38606682 -0.6569856 994.86 
20150624174941 6.563704 -1.1145009 -0.50038815 0.079107046 0.3622431 -0.5467244 994.86 
20150624174941 8.04392 -1.0013748 -0.48961425 0.118507855 0.18784106 -0.355829 994.86 
20150624174941 8.088212 -0.037708677 -0.4141969 0.23915374 -0.18661933 -0.28955013 994.82 
20150624174941 7.8236527 0.035314474 -0.20709845 0.38240165 -0.3173445 -0.25992316 994.82 
20150624174941 7.1466923 -0.024540568 0.25198972 0.52687126 -0.18417588 -0.16218472 994.82 
20150624174941 7.4070616 0.5093664 0.8996213 0.58246 0.0027488936 -0.07849618 994.82 
20150624174941 7.36217 1.4239515 0.94331545 0.57940567 0.110872045 -0.056199603 994.82 
20150624174941 7.933786 1.697489 1.3269863 0.50488013 0.07849618 -0.0143553335 994.82 
20150624174941 9.120112 1.0947487 1.8100165 0.41599923 -0.047647487 0.10262536 994.82 
20150624174941 10.349535 0.27593175 2.0021513 0.39706242 -0.24037547 0.23060162 994.82 
20150624174941 9.882068 -1.4856021 1.8614918 0.5015204 -0.37782016 0.33567044 994.82 
20150624174941 10.084976 -1.276708 0.9564836 0.66828656 -0.33383787 0.26145032 994.82 
20150624174941 11.942278 2.9472623 -0.17836803 0.8402451 -0.20525073 0.16432275 994.82 
20150624174941 13.30398 3.7780502 0.18136078 0.5213735 -0.070249505 0.19608775 994.82 
20150624174941 15.247474 -0.40821138 1.6932992 -0.027183503 -0.04550946 -0.032070424 994.82 
20150624174941 18.842966 -2.086547 -2.2780828 -0.1685988 -0.44898596 -0.4364632 994.82 
20150624174941 14.008474 0.29987377 -5.0344076 -0.08399397 -0.06169739 -0.57910025 994.82 
20150624174941 7.176021 0.39145198 -3.019687 -0.14049901 0.23426682 -0.74036866 994.82 
20150624174941 6.885724 -0.88944596 -1.520318 -0.698219 0.23823744 -1.2873985 994.82 
20150624174941 11.501146 -2.3888147 -1.8052281 -0.20861048 0.24678956 -1.1475104 994.82 
20150624174941 13.950415 -1.0791864 -1.3389573 0.41630468 0.121256754 -0.5335908 994.79 
20150624174941 12.293627 2.047641 -1.0522517 0.6750061 0.3885103 0.11789699 994.79 
20150624174941 10.408792 3.4464533 -1.1665748 0.7247916 0.30176744 0.22327125 994.79 
20150624174941 8.883685 0.8194155 -1.2467805 0.64751714 0.003970624 0.13439035 994.79 
20150624174941 7.701548 -1.3736732 -0.12210429 0.2657264 0.30970868 0.19333886 994.79 
20150624174941 6.9719152 -1.5215151 0.16998832 0.16310102 0.17256944 0.39645153 994.79 
20150624174941 6.8342485 -0.9223662 0.11971009 0.16279559 0.18967366 0.56779927 994.79 
20150624174941 6.029797 -0.21906945 -0.46746787 0.20066923 0.16340645 0.63713247 994.79 
20150624174941 6.0268044 -0.089184016 -0.8948329 0.1826487 0.094989546 0.64843345 994.79 
20150624174941 7.050924 -0.39145198 -0.670975 0.18875736 -0.13439035 0.62858033 994.77 
20150624174941 7.814076 -0.94331545 -0.5895722 0.09773844 -0.3472769 0.5384777 994.77 
20150624174941 7.6722193 -1.1246762 0.2136825 -0.030848695 -0.49449542 0.37048978 994.77 
20150624174941 7.905654 -1.3275849 0.7398083 -0.18387043 -0.45723262 0.17012598 994.77 
20150624174941 8.088212 -0.96306765 0.80086046 -0.10934488 -0.4083634 0.09040806 994.77 
20150624174941 8.159439 -0.4417302 0.5410896 -0.0018325958 -0.32803464 0.07238753 994.77 
20150624174941 8.510789 -0.09756372 -0.047285482 0.07727446 -0.32986724 0.04062254 994.77 
20150624174941 9.809045 0.14305355 -0.06464344 0.06963864 -0.37965274 0.028405234 994.77 
20150624174941 11.496358 0.3274071 0.15023616 -0.049785517 -0.54367006 0.019547688 994.77 
20150624174941 11.857284 -0.87687635 -0.46028528 -0.16401732 -0.64599 0.029932396 994.79 
20150624174941 11.623251 -2.1787236 0.46028528 -0.34269542 -0.5653558 -0.032986723 994.79 
20150624174942 11.947665 -3.2148144 2.2361844 -0.43401974 -0.24740042 -0.21655174 994.79 
20150624174942 12.5743475 -2.1799207 3.0268695 -0.2761111 -0.08002335 -0.06536258 994.79 
20150624174942 13.452421 0.6123171 0.037708677 0.22693644 -0.12492194 0.4007276 994.79 
20150624174942 17.210121 -1.270124 -3.1729157 0.52626044 -0.045814894 0.6713409 994.79 
20150624174942 17.151463 -2.6629508 -3.53863 0.33750305 0.49602258 0.44073927 994.79 
20150624174942 10.401609 -2.2780828 -4.080917 0.45173484 0.110872045 0.35094208 994.79 
20150624174942 6.9288197 -0.8912416 -5.473145 0.9850202 -0.77518797 0.7556403 994.79 
20150624174942 7.9188223 -0.52073884 -4.8494554 1.0274754 0.09560041 0.77396625 994.77 
20150624174942 11.030685 -1.9542671 -1.9991584 0.30543262 0.95264435 0.552833 994.77 
20150624174942 12.155362 -2.4570496 -0.6805518 -0.17195857 0.4025602 0.38453966 994.77 
20150624174942 10.247782 -1.8034325 -1.1905168 -0.2932153 0.35369098 0.160963 994.77 
20150624174942 10.203489 -0.43035775 -1.6238673 -0.09285152 0.42332962 -0.16982053 994.77 
20150624174942 9.229648 0.46866497 -1.513734 0.08002335 0.36713 -0.32498032 994.77 
20150624174942 7.477092 0.08020575 -1.1797429 0.06688975 0.36926803 -0.49174652 994.77 
20150624174942 6.775591 -0.6500258 -0.7667431 0.03604105 0.23365596 -0.57910025 994.77 
20150624174942 7.32925 -0.62488663 -0.045489833 0.11148291 0.37904188 -0.55863625 994.77 
20150624174942 7.53575 -0.35075054 0.19632454 0.11881329 0.26908615 -0.4615087 994.8 
20150624174942 7.249643 0.061650693 0.21308395 0.16249016 -9.162979E-4 -0.36957347 994.8 
20150624174942 7.493851 0.21667525 -0.047285482 0.2574797 -0.105374254 -0.3109304 994.8 
20150624174942 8.315661 -0.13347675 -0.29508537 0.3051272 -0.11362094 -0.24648413 994.8 
20150624174942 8.704719 0.25139117 -0.10654198 0.32436943 -0.2489276 -0.16279559 994.8 
20150624174942 8.081029 0.8158242 0.44711718 0.28588495 -0.32498032 -0.08460484 994.8 
20150624174942 6.8264675 1.7112557 0.98940384 0.20158553 -0.14782938 -0.056199603 994.8 
20150624174942 7.2699933 1.5807717 1.1791444 0.079107046 0.22082779 -0.034513887 994.8 
20150624174942 9.014768 0.49559975 1.4107834 -0.08307768 0.30787608 0.07238753 994.8 
20150624174942 10.67814 -0.61171854 1.6825253 -0.14569137 0.1328632 0.28680122 994.75 
20150624174942 10.692505 -2.1230583 1.2976574 -0.02687807 -0.22296582 0.42271876 994.75 
20150624174942 11.455058 -0.21308395 0.5201403 0.12950343 -0.27000242 0.35643986 994.75 
20150624174942 12.066776 1.9818004 0.44951138 0.3753767 -0.183565 0.15485434 994.75 
20150624174942 13.578715 2.779668 2.4570496 0.22785273 0.015882496 -0.0030543262 994.75 
20150624174942 16.884508 0.032920275 3.1741128 0.06872234 0.089491755 -0.1518 994.75 
20150624174942 19.586365 -1.4107834 -2.5264814 -0.226631 -0.069027774 -0.46181414 994.75 
20150624174942 15.075091 1.7878702 -4.9895163 -0.1704314 0.15851954 -0.7816021 994.75 
20150624174942 8.328829 2.1164744 -3.2429461 -0.61086524 0.1001819 -1.2153164 994.75 
20150624174942 5.33069 0.48123455 -2.3535004 -1.2253957 -0.15974127 -1.6209309 994.77 
20150624174942 7.849989 -3.5380316 -1.8106151 -0.81489426 0.098043874 -1.3096951 994.77 
20150624174942 12.601881 -3.9983168 -2.3630772 0.29871312 0.21044308 -0.45478916 994.77 
20150624174942 12.293627 0.17776948 -0.92416185 0.79351395 0.17837265 0.005192355 994.77 
20150624174942 11.418547 3.8247373 -0.8762778 0.6041457 0.25900686 0.21960606 994.77 
20150624174942 8.981249 3.3955765 -1.6136919 0.32589662 -0.33841935 0.038179077 994.77 
20150624174942 7.4812818 0.8678981 -1.1947067 0.15363261 -0.20433442 0.09162979 994.77 
20150624174942 6.9569516 -0.49799395 -0.8265981 0.06047566 0.14477506 0.36774087 994.77 
20150624174942 6.9958572 -1.1079168 -0.88046765 0.07696902 -0.03023783 0.68875057 994.77 
20150624174942 7.8092875 -1.1001357 -0.42676646 0.06658431 -0.09712757 0.7959574 994.79 
20150624174942 7.6225395 -0.9151836 -0.43754035 0.11728613 -0.24953845 0.75747293 994.79 
20150624174942 7.0940194 -0.6404489 -0.6655881 0.19181168 -0.36774087 0.63804877 994.79 
20150624174942 6.869563 -1.1270704 0.08559271 0.25350907 -0.2846632 0.4550946 994.79 
20150624174942 7.5734587 -1.4838065 0.17537527 0.18173242 -0.22052236 0.30970868 994.79 
20150624174942 8.341997 -1.459266 0.11432313 0.13133603 -0.25870144 0.21930063 994.79 
20150624174942 8.882488 -0.7667431 0.1921347 0.10873401 -0.2452624 0.093767814 994.79 
20150624174943 8.918402 -0.52253455 0.272939 0.1001819 -0.34147367 -0.03023783 994.79 
20150624174943 8.841188 -0.7152678 0.24480712 0.11056661 -0.3268129 -0.10629055 994.79 
20150624174943 10.676943 -0.85652566 0.5955577 0.06566802 -0.24007004 -0.11636983 994.78 
20150624174943 12.476185 -0.51595044 0.40641573 0.02443461 -0.28710666 -0.07544186 994.78 
20150624174943 11.671733 -1.525705 -0.012569559 -0.029321533 -0.4098906 0.06963864 994.78 
20150624174943 11.176732 -2.2691047 1.3521254 -0.13500121 -0.29840767 0.062308256 994.78 
20150624174943 11.686697 -2.4720132 2.5031378 -0.0711658 -0.05467244 -0.08674286 994.78 
20150624174943 13.077728 -1.0755951 1.9285295 0.37293324 0.076358154 0.23640485 994.78 
20150624174943 14.610616 1.6286557 -0.40821138 0.7987063 -0.003970624 0.6930266 994.78 
20150624174943 16.10759 -0.05805939 -3.264494 0.74006325 0.20463985 0.70188415 994.78 
20150624174943 14.24131 -1.9524715 -3.5410242 0.5158757 0.6957755 0.35735616 994.78 
20150624174943 9.499594 -1.869273 -2.633622 0.91415983 -0.16829337 0.5891795 994.79 
20150624174943 7.368156 -1.1976994 -5.149928 1.153619 -0.7495316 0.8671232 994.79 
20150624174943 9.083003 -2.2667105 -5.070919 0.70188415 0.4541783 0.68019843 994.79 
20150624174943 12.063784 -2.0446482 -1.0737995 0.14630222 0.5681047 0.3912592 994.79 
20150624174943 10.878654 -0.98341835 -1.003769 -0.2864958 0.10629055 0.30970868 994.79 
20150624174943 10.4488945 -0.52373165 -1.4945804 -0.27885997 0.09407325 0.08246681 994.79 
20150624174943 9.985617 0.2861071 -1.7788919 -0.15454891 0.23579398 -0.27947086 994.79 
20150624174943 8.304289 0.7745243 -1.9405005 -0.0076358155 0.20189096 -0.3680463 994.79 
20150624174943 6.980295 0.073621705 -1.7100586 -0.006414085 0.1020145 -0.43493605 994.79 
20150624174943 6.4685345 -0.4333505 -1.38325 -0.082161374 0.24281894 -0.48197266 994.81 
20150624174943 7.6853876 -0.8230068 -0.39624038 -0.17134771 0.33567044 -0.47403142 994.81 
20150624174943 7.7290816 -0.8050503 -0.26515785 -0.19700404 0.15821409 -0.37048978 994.81 
20150624174943 8.120534 -0.1388637 -0.34835634 -0.119729586 0.037873644 -0.31123585 994.81 
20150624174943 8.033744 0.40641573 -0.2669535 0.038789943 -0.016493361 -0.25259277 994.81 
20150624174943 7.8589673 0.7870938 0.11252748 0.1301143 -0.028099801 -0.15210545 994.81 
20150624174943 7.829638 0.9744401 0.62847793 0.14019357 -0.027794369 -0.113926366 994.81 
20150624174943 8.038532 1.4556746 0.96665895 0.09712757 0.1337795 -0.13225232 994.81 
20150624174943 7.511808 0.9044097 0.85473 -0.06169739 0.2452624 -0.10293079 994.81 
20150624174943 8.531737 -0.05207389 1.0414777 -0.17531833 0.24678956 0.017715093 994.77 
20150624174943 10.463859 -1.2389994 1.6897079 -0.18448131 0.07666359 0.15363261 994.77 
20150624174943 11.74715 -2.6354175 2.2014685 -0.10476339 -0.13500121 0.226631 994.77 
20150624174943 13.040618 0.49559975 1.6525977 0.23884831 -0.26419923 0.17256944 994.77 
20150624174943 12.426505 4.172495 0.6242881 0.5580254 -0.37873647 0.07269296 994.77 
20150624174943 11.613075 4.224569 0.18614918 0.2919936 -0.03176499 -0.048258353 994.77 
20150624174943 15.336059 0.28072014 -0.2753332 -0.33475417 0.25411993 -0.30176744 994.77 
20150624174943 19.606117 -1.8249803 -3.3740287 -0.62949663 0.14110987 -0.5213735 994.77 
20150624174943 13.347075 -1.3132197 -5.185242 -0.5448918 -0.20158553 -0.6224717 994.77 
20150624174943 6.597821 -0.40821138 -3.757101 -0.6817256 -0.3390302 -0.97005403 994.79 
20150624174943 5.9627595 -1.1133038 -2.2176294 -1.0445796 -0.0290161 -1.3716979 994.79 
20150624174943 10.374675 -2.5187001 -1.2623428 -0.44684792 0.3323107 -0.9975429 994.79 
20150624174943 12.799402 -1.453879 -1.2270284 0.15302174 0.4025602 -0.51893 994.79 
20150624174943 11.577163 2.0967221 -0.92535895 0.6582073 0.46486846 -0.020463986 994.79 
20150624174943 9.709685 3.4099417 -1.2090719 0.7165449 0.057421334 0.06047566 994.79 
20150624174943 8.34499 1.8351556 -1.6472107 0.34605515 -0.021380283 0.12705997 994.79 
20150624174943 7.7637978 -0.0664391 -0.60094464 0.10048734 0.110872045 0.25320363 994.79 
20150624174943 7.6865845 -0.46746787 -0.5434838 -0.020463986 0.01740966 0.49174652 994.79 
20150624174943 7.3100963 -0.2873042 -0.3573346 -0.030848695 -0.087659165 0.6750061 994.81 
20150624174943 6.657676 0.08080431 -0.35075054 -0.0067195175 -0.18845193 0.71776664 994.81 
20150624174943 6.330868 0.26515785 -0.3309984 -0.049785517 -0.1600467 0.6560693 994.81 
20150624174944 6.585252 -0.4854244 0.20171149 -0.08368854 -0.009773844 0.5207626 994.81 
20150624174944 7.6285253 -1.821389 0.46746787 -0.19333886 -0.05467244 0.3662137 994.81 
20150624174944 8.908825 -2.059612 0.770933 -0.24098633 -0.16920967 0.30940324 994.81 
20150624174944 9.387665 -1.1695676 0.9427169 -0.2443461 -0.2669481 0.20280726 994.81 
20150624174944 9.012374 -0.53689975 0.96785605 -0.18234327 -0.3857614 0.051618114 994.81 
20150624174944 8.317456 -0.049679685 0.3429694 -0.070554934 -0.31215215 -0.024740042 994.81 
20150624174944 9.801263 0.3238158 0.5021838 -0.043982297 -0.19608775 -0.06536258 994.76 
20150624174944 12.202049 0.6314707 0.36391866 -0.08460484 -0.17623462 -0.06261369 994.76 
20150624174944 11.151593 -0.24121583 -0.7254431 -0.1459968 -0.31703907 0.024129177 994.76 
20150624174944 11.492766 -2.3582888 0.81343 -0.35185838 -0.34269542 0.011301007 994.76 
20150624174944 12.521675 -3.2196028 2.8491 -0.3390302 -0.09315695 -0.08002335 994.76 
20150624174944 13.536817 -1.3425486 1.8195933 0.14905111 -0.16401732 0.33964106 994.76 
20150624174944 15.519216 0.9528923 -0.9415198 0.6084218 -0.16310102 0.68630713 994.76 
20150624174944 17.30948 -1.4754268 -4.1186256 0.4269948 0.49510628 0.58368176 994.76 
20150624174944 12.421717 -2.19668 -3.53863 0.45051312 0.84421575 0.34788775 994.76 
20150624174944 7.680599 -0.89543146 -3.3500867 0.97524637 -0.52320606 0.7993172 994.79 
20150624174944 7.2286935 -0.55605334 -5.4102974 0.929126 -0.06658431 0.8436049 994.79 
20150624174944 10.723629 -2.758719 -2.7252002 0.18448131 0.8530733 0.4334089 994.79 
20150624174944 12.938865 -3.7535098 -0.3513491 -0.3827071 0.79626286 0.17623462 994.79 
20150624174944 11.247361 -1.7088615 -1.6412252 -0.17379116 0.1966986 0.14935656 994.79 
20150624174944 10.29806 -0.16519992 -2.2224178 0.16310102 -0.059864793 0.028710667 994.79 
20150624174944 8.301296 0.6440403 -1.7531542 0.3268129 0.045814894 -0.18661933 994.79 
20150624174944 6.783372 0.059855044 -1.2443863 0.23915374 0.1563815 -0.52778757 994.79 
20150624174944 6.14412 -0.08020575 -1.0773908 0.21746802 0.22204952 -0.7528914 994.79 
20150624174944 6.4284315 -0.0023942017 -0.53450555 0.26725355 0.39278635 -0.7858781 994.77 
20150624174944 7.5046253 0.2813187 -0.260968 0.23701571 0.3210097 -0.6032294 994.77 
20150624174944 7.6728177 0.664391 -0.46926352 0.25534168 0.06047566 -0.39461896 994.77 
20150624174944 7.852383 1.110311 -0.037708677 0.29565877 -0.10567969 -0.30695978 994.77 
20150624174944 7.687183 1.18094 0.62608373 0.2733622 -0.10567969 -0.1966986 994.77 
20150624174944 7.0784574 1.0336965 0.9091981 0.2284636 -0.045814894 -0.087659165 994.77 
20150624174944 7.177218 0.7350199 0.961272 0.18509217 0.054061573 -0.026267206 994.77 
20150624174944 7.8182654 0.60094464 0.8463503 0.12614368 0.17654006 0.028710667 994.77 
20150624174944 8.437167 0.05746084 0.95588505 0.038789943 0.112399206 0.15607607 994.77 
20150624174944 9.693524 -0.7679402 1.6454151 0.016493361 -0.081855945 0.2782491 994.82 
20150624174944 10.856507 -2.3439236 2.5157075 0.0729984 -0.28893927 0.301462 994.82 
20150624174944 12.140398 0.014963761 0.664391 0.3481932 -0.40408736 0.25320363 994.82 
20150624174944 13.046005 4.261679 -0.5243302 0.61544675 -0.4801401 0.14538592 994.82 
20150624174944 12.761694 4.1599255 0.7685388 0.064446285 -0.13133603 0.020463986 994.82 
20150624174944 12.818556 0.31124622 3.3117795 -0.38423425 0.06963864 -0.20555615 994.82 
20150624174944 16.469114 -3.3195608 0.7374141 -0.5271767 -0.052839845 -0.5161811 994.82 
20150624174944 18.441936 -0.8619126 -4.6680946 -0.24709499 0.03176499 -0.6017023 994.82 
20150624174944 10.634445 0.31543607 -4.707599 -0.2312125 0.13225232 -0.68875057 994.82 
20150624174944 5.283405 0.46746787 -4.0479965 -0.6072 0.038179077 -1.1734722 994.78 
20150624174944 11.11149 -0.4854244 -2.3959973 -0.50915617 0.07696902 -1.391551 994.78 
20150624174944 13.192051 -1.8477252 -2.146402 0.17623462 0.26633725 -0.7684685 994.78 
20150624174944 12.237962 1.4425066 -1.103727 0.44715336 0.31795537 -0.28221974 994.78 
20150624174944 9.758766 3.1830912 -0.7170634 0.49174652 0.23182335 0.03756821 994.78 
20150624174944 8.109759 1.8387469 -1.1707647 0.47861293 -0.25381452 -0.034513887 994.78 
20150624174944 7.428011 -0.077213004 -0.9403227 0.24037547 0.18325958 0.11942416 994.78 
20150624174945 6.95336 -0.38307226 -0.80445176 0.18692477 0.17989981 0.3707952 994.78 
20150624174945 6.7211227 -0.31543607 -0.76195467 0.1966986 -0.0067195175 0.6979135 994.78 
20150624174945 6.7402763 0.1604115 -0.55006784 0.14905111 -0.006414085 0.8167268 994.78 
20150624174945 6.6744356 0.45370123 -0.33518824 0.106595986 -0.040011674 0.7901542 994.78 
20150624174945 6.9366007 0.2645593 0.15741876 0.04520403 -0.049785517 0.6597345 994.78 
20150624174945 7.4136457 -0.38965634 0.49559975 -0.04795292 -0.106901415 0.47616947 994.78 
20150624174945 8.333019 -1.726818 0.8283938 -0.20097467 -0.14721853 0.32070425 994.78 
20150624174945 9.232041 -1.7818847 1.0570401 -0.27152961 -0.3109304 0.2874121 994.78 
20150624174945 9.300875 -1.091756 0.8882488 -0.24404067 -0.453262 0.24129178 994.78 
20150624174945 8.834005 -0.50876784 0.4321534 -0.16615535 -0.5149594 0.15393804 994.78 
20150624174945 9.828796 -0.6051345 0.5081693 -0.090713486 -0.39614612 0.06627888 994.78 
20150624174945 10.956466 -0.6943185 0.079008654 -0.065973446 -0.34147367 0.045814894 994.78 
20150624174945 11.52868 -0.51714754 -0.16400282 -0.0018325958 -0.4288274 0.09193522 994.78 
20150624174945 10.852318 -2.0177135 -0.16819267 -0.11148291 -0.41355577 0.12339478 994.78 
20150624174945 11.656171 -2.0931308 1.6454151 -0.23793201 -0.14385876 0.0290161 994.78 
20150624174945 12.296021 -2.2182279 1.8764555 -0.023823744 0.04184427 0.080634214 994.78 
20150624174945 12.002731 -0.077811554 0.47524905 0.36987892 -0.09040806 0.48441613 994.78 
20150624174945 15.46774 0.18914193 -2.1649568 0.43799037 0.12217305 0.44135013 994.78 
20150624174945 17.144878 -2.8089972 -3.5392287 0.21930063 0.70005155 0.23945917 994.78 
20150624174945 8.214506 -1.2551602 -4.0264487 0.48380527 0.37201694 0.41874814 994.78 
20150624174945 8.450335 0.06584055 -5.1104236 1.2269229 -0.7675522 0.95386606 994.78 
20150624174945 11.159973 -1.5370775 -3.1741128 0.9108001 0.3454443 0.84665924 994.78 
20150624174945 13.238738 -3.6098576 -0.9068039 0.046731193 1.0842859 0.49877146 994.78 
20150624174945 11.474811 -2.5983074 -0.66498953 -0.4266894 0.6783658 0.17715092 994.78 
20150624174945 10.678739 -1.1270704 -1.2312182 -0.21227567 0.2489276 -0.08307768 994.78 
20150624174945 9.675568 0.06464344 -1.3108255 0.100792766 0.0070249503 -0.24404067 994.78 
20150624174945 7.559692 0.5793968 -1.2791022 0.23945917 0.18509217 -0.4352415 994.78 
20150624174945 6.0082493 0.5686229 -1.2330139 0.20861048 0.17562376 -0.643852 994.78 
20150624174945 5.801749 0.4758476 -0.83737206 0.21197024 0.269697 -0.7312057 994.78 
20150624174945 6.671443 0.012569559 -0.623091 0.21319197 0.33505958 -0.6392705 994.79 
20150624174945 7.290344 -0.046088383 -0.641646 0.20341812 0.11789699 -0.41996986 994.79 
20150624174945 7.9301944 0.16280572 -0.3226187 0.26633725 -0.15302174 -0.2761111 994.79 
20150624174945 8.474875 0.3752911 0.05327099 0.29168814 -0.21624629 -0.21105394 994.79 
20150624174945 8.1756 0.7344214 0.46148238 0.33017266 -0.22174409 -0.10048734 994.79 
20150624174945 7.355586 0.8996213 0.878672 0.312763 -0.14874569 -0.024129177 994.79 
20150624174945 6.91625 1.0803835 1.1623849 0.22357668 0.049785517 -0.029321533 994.79 
20150624174945 7.1688385 0.9923966 1.2599486 0.124311075 0.25473082 -0.014049901 994.79 
20150624174945 8.789114 0.4165911 1.5089456 0.030543262 0.25381452 0.11759156 994.79 
20150624174945 10.7194395 -0.8050503 1.7788919 0.011911872 -0.041233405 0.28099802 994.81 
20150624174945 11.4377 -2.1320367 2.203264 0.11728613 -0.4615087 0.33414328 994.81 
20150624174945 12.469003 2.4660277 0.5105635 0.37965274 -0.5870415 0.16646078 994.81 
20150624174945 12.521675 4.8261123 -0.42197806 0.2602286 -0.43157628 0.035430185 994.81 
20150624174945 12.893973 2.6192567 1.6136919 -0.47250426 0.106595986 -0.09712757 994.81 
20150624174945 18.134283 -3.1531637 -0.2777274 -0.6563747 -0.030543262 -0.36163223 994.81 
20150624174945 18.310257 -0.46686932 -5.913678 -0.52595496 -0.15027285 -0.57787853 994.81 
20150624174945 9.992201 0.6266823 -4.9081135 -0.36774087 0.03848451 -0.68233645 994.81 
20150624174945 5.4007206 0.7038953 -3.3967736 -0.8561276 0.02565634 -1.2837334 994.81 
20150624174945 8.50181 -1.435324 -2.6521769 -1.2809844 0.005497787 -1.5418239 994.81 
20150624174945 12.652159 -2.903568 -2.641403 -0.35613444 0.119729586 -0.9633345 994.81 
20150624174945 12.33373 -0.26635495 -1.3790601 0.35094208 0.2950479 -0.24251351 994.81 
20150624174946 11.345523 2.9287071 -0.7272388 0.4025602 0.43951756 0.042455133 994.81 
20150624174946 9.235035 2.7976246 -1.2707225 0.41691554 0.04184427 -0.04337143 994.81 
20150624174946 8.034343 0.6985083 -1.1097125 0.23396139 0.044898596 -0.0290161 994.81 
20150624174946 7.5243773 -0.47225627 -0.40462008 0.12736541 0.31642818 0.24770586 994.81 
20150624174946 7.265804 -0.63087213 -0.38367084 0.18173242 0.07147124 0.56321776 994.81 
20150624174946 7.1353197 -0.23343466 -0.45070848 0.24678956 0.04795292 0.7959574 994.81 
20150624174946 6.745663 0.59974754 -0.4770447 0.26847526 0.041233405 0.8029824 994.83 
20150624174946 6.579865 0.7428011 -0.32202014 0.22571471 0.03848451 0.71776664 994.83 
20150624174946 6.712743 -0.1448492 0.33518824 0.13683382 0.04184427 0.573297 994.83 
20150624174946 7.345411 -1.1647792 0.60812724 0.052534413 -0.033292156 0.40042216 994.83 
20150624174946 8.135497 -1.6346412 0.49919105 -0.031154128 -0.14813483 0.31520647 994.83 
20150624174946 8.850765 -0.9900024 0.6584055 -0.09407325 -0.25717425 0.24648413 994.83 
20150624174946 8.698134 -0.3669114 0.7009025 -0.13561209 -0.35735616 0.12797627 994.83 
20150624174946 8.664018 -0.11731588 0.46327803 -0.100792766 -0.3622431 0.013439035 994.83 
20150624174946 10.347141 -0.33159694 0.3477578 -0.095294975 -0.28985557 -0.006414085 994.83 
20150624174946 11.843517 0.08619126 0.14305355 -0.13164146 -0.3659083 0.016493361 994.77 
20150624174946 11.450869 -0.24181437 -0.006584055 -0.204029 -0.4822781 0.07360926 994.77 
20150624174946 10.383653 -2.1003134 1.1228806 -0.43768495 -0.3726278 0.022602014 994.77 
20150624174946 12.025476 -2.456451 2.9173348 -0.44226643 0.08460484 -0.105374254 994.77 
20150624174946 12.319365 -0.4357447 2.0655975 0.033292156 0.14905111 0.17623462 994.77 
20150624174946 13.590087 0.41060558 -0.6171055 0.48380527 -0.0061086523 0.66339964 994.77 
20150624174946 17.567455 -2.1703439 -2.9634233 0.36254853 0.06352998 0.5867361 994.77 
20150624174946 14.426262 -2.5181017 -3.9384618 0.27000242 0.7067711 0.355829 994.77 
20150624174946 9.098565 -0.7068881 -5.0421886 0.68752885 -0.12675454 0.70524395 994.77 
20150624174946 7.8589673 0.079008654 -4.6800656 1.1753048 -1.0164797 0.9728029 994.75 
20150624174946 9.680955 -2.019509 -2.883816 0.7296785 0.72326446 0.70341134 994.75 
20150624174946 11.996746 -3.9881415 -1.0121487 -0.18753563 1.1594223 0.2968805 994.75 
20150624174946 11.130045 -2.7850552 -0.53929394 -0.3539964 0.5225952 0.110872045 994.75 
20150624174946 10.982801 -1.435324 -1.3652935 -0.06352998 0.24404067 -0.01160644 994.75 
20150624174946 10.254965 -0.031124622 -1.5945383 0.20158553 0.06078109 -0.12705997 994.75 
20150624174946 8.191162 0.5422867 -0.99538934 0.2761111 0.0571159 -0.3494149 994.75 
20150624174946 6.63553 0.3250129 -0.91099375 0.2452624 -0.0027488936 -0.6221663 994.75 
20150624174946 6.3871317 0.16280572 -0.7835025 0.23335053 0.12217305 -0.7357872 994.75 
20150624174946 7.2023573 0.2208651 -0.6913257 0.24709499 0.24587326 -0.6301075 994.81 
20150624174946 7.465121 0.26156655 -0.700304 0.25381452 -0.03604105 -0.45265114 994.81 
20150624174946 7.4591355 0.14963761 -0.76195467 0.29718593 -0.2284636 -0.34422258 994.81 
20150624174946 8.073248 -0.18734628 -0.5021838 0.31948254 -0.23457226 -0.26083946 994.81 
20150624174946 8.3629465 0.1412579 0.39324763 0.3109304 -0.2302962 -0.11759156 994.81 
20150624174946 7.9691005 0.46327803 0.7858967 0.29932398 -0.2434298 -0.048258353 994.81 
20150624174946 7.439383 1.0241197 0.84335756 0.32803464 -0.14080444 -0.055283304 994.81 
20150624174946 7.9463553 1.06123 1.0115502 0.32711834 0.087964594 -0.042760566 994.81 
20150624174946 9.376292 0.56443304 1.638831 0.27091873 0.15393804 0.116980694 994.81 
20150624174946 10.059837 -1.0259154 2.3822308 0.2855795 -0.019242255 0.24556783 994.83 
20150624174946 10.026319 -0.74878657 1.7657237 0.34300083 -0.20280726 0.267559 994.83 
20150624174946 11.872847 3.6140475 0.2136825 0.53878313 -0.23304509 0.08368854 994.83 
20150624174946 12.376825 3.433884 0.06284779 0.453262 -0.20372356 0.016187929 994.83 
20150624174946 12.846089 0.31124622 1.4784195 -0.2611449 -0.0021380284 -0.050701816 994.83 
20150624174946 15.390527 -2.7922378 0.23163901 -0.4868596 -0.1695151 -0.26725355 994.83 
20150624174946 19.241001 -2.0602105 -3.2890346 -0.47311515 -0.27275133 -0.48655418 994.83 
20150624174946 11.14441 -0.26635495 -5.1235914 -0.14508049 -0.054367006 -0.5320636 994.83 
20150624174947 6.4589577 -0.7858967 -4.204817 -0.20372356 0.0030543262 -0.88422745 994.83 
20150624174947 8.889072 -2.005144 -2.4013844 -0.61575216 0.17837265 -1.4016303 994.81 
20150624174947 12.937668 -1.8543092 -2.3876176 -0.026572637 0.11362094 -1.0943651 994.81 
20150624174947 12.472593 0.61052144 -1.9668367 0.5164866 0.1881465 -0.46944994 994.81 
20150624174947 11.092935 3.6900635 -1.536479 0.59956425 0.44776422 -0.1432479 994.81 
20150624174947 9.664195 2.885013 -1.75076 0.5369505 0.1255328 -0.070554934 994.81 
20150624174947 8.420407 0.14724341 -1.1438298 0.2180789 0.026267206 0.011911872 994.81 
20150624174947 7.3909006 -0.6697779 -0.6721721 0.016798794 0.21868975 0.27488935 994.81 
20150624174947 6.6427126 -0.7906851 -0.6757634 0.034513887 0.070249505 0.49754974 994.81 
20150624174947 6.2644286 -0.78529817 -0.6512229 0.07452556 0.086437434 0.6719518 994.81 
20150624174947 6.3326635 -0.45130703 -0.30705637 0.13805555 0.07360926 0.6759224 994.78 
20150624174947 6.6534867 0.207697 -0.17657238 0.1572978 0.03604105 0.5861252 994.78 
20150624174947 7.241862 0.29807812 0.40821138 0.17592919 -0.0290161 0.47250426 994.78 
20150624174947 8.2115135 -0.61112 0.7080852 0.12950343 -0.1600467 0.36346483 994.78 
20150624174947 8.701726 -1.3790601 0.27234045 0.06383542 -0.28680122 0.30970868 994.78 
20150624174947 9.115923 -1.086369 0.08559271 0.05100725 -0.38515055 0.27397305 994.78 
20150624174947 8.7609825 0.1921347 0.5105635 0.058337633 -0.35094208 0.20799962 994.78 
20150624174947 8.686164 0.14185645 0.31004912 0.04550946 -0.23151793 0.12767084 994.78 
20150624174947 10.757148 -0.16340427 0.623091 -0.022602014 -0.18234327 0.10720685 994.78 
20150624174947 12.345102 -0.26276365 0.075417355 -0.089186326 -0.2593123 0.09712757 994.81 
20150624174947 11.15698 -1.8662802 -0.16340427 -0.17012598 -0.38973203 0.15760323 994.81 
20150624174947 10.552444 -3.2668881 1.3754689 -0.35613444 -0.3109304 0.077579886 994.81 
20150624174947 12.050615 -3.9163153 2.493561 -0.3191771 -0.026267206 -0.052534413 994.81 
20150624174947 13.04002 -2.066196 1.572392 0.1685988 -0.024129177 0.25045475 994.81 
20150624174947 13.691841 0.5470751 -1.1001357 0.8017606 -0.13408493 0.68600166 994.81 
20150624174947 16.739061 -1.1665748 -3.2620997 0.6621779 0.10995574 0.5158757 994.81 
20150624174947 14.060548 -2.018312 -2.9215245 0.52534413 0.6563747 0.21685717 994.81 
20150624174947 8.175002 -1.1354501 -4.311359 0.84391034 0.029626964 0.46120325 994.81 
20150624174947 7.1341224 0.7541735 -5.787384 1.2345587 -0.5723807 0.80878556 994.77 
20150624174947 10.028113 -0.38606504 -3.903746 0.7870999 0.6414085 0.64934975 994.77 
20150624174947 13.35785 -2.532467 -1.311424 -0.04917465 0.92271197 0.41874814 994.77 
20150624174947 11.358093 -2.445677 -1.0672154 -0.41691554 0.41538838 0.28619036 994.77 
20150624174947 10.901399 -1.7304093 -1.3982137 -0.19303341 0.1301143 0.0580322 994.77 
20150624174947 10.487801 -0.49320555 -1.371279 0.047036625 0.04795292 -0.09682214 994.77 
20150624174947 8.631097 -0.11492168 -1.1546037 0.13805555 0.17867808 -0.3295618 994.77 
20150624174947 6.730101 -0.25079262 -1.1348516 0.106595986 0.2098322 -0.57787853 994.77 
20150624174947 6.558317 0.0664391 -0.7529764 0.17165314 0.41233405 -0.698219 994.77 
20150624174947 6.6265516 0.29568392 -0.52971715 0.17104226 0.48288897 -0.6227771 994.8 
20150624174947 7.019799 0.31603462 -0.3357868 0.13683382 0.24281894 -0.44073927 994.8 
20150624174947 7.632715 0.58538234 -0.11133038 0.19394971 -0.040317107 -0.2938262 994.8 
20150624174947 8.473679 0.6667852 0.30047232 0.22785273 -0.11575896 -0.22266038 994.8 
20150624174947 8.334815 0.75836337 0.6206968 0.21685717 -0.20097467 -0.14202617 994.8 
20150624174947 7.7266874 0.54288524 0.82480246 0.17134771 -0.2098322 -0.07269296 994.8 
20150624174947 7.33344 0.5231331 0.9983821 0.12339478 -0.06352998 -0.03573562 994.8 
20150624174947 7.603985 0.4357447 1.0552444 0.050701816 0.09865474 -0.010995574 994.8 
20150624174947 9.241618 -0.26635495 1.7082629 -0.002443461 0.118507855 0.092240654 994.8 
20150624174947 10.287885 -1.5005659 2.1535845 0.022296581 -0.03176499 0.24648413 994.8 
20150624174947 10.044274 -2.156577 1.62686 0.13744467 -0.2883284 0.30940324 994.8 
20150624174947 12.199655 2.6437972 0.59615624 0.42363504 -0.3622431 0.16768251 994.8 
20150624174947 13.046603 4.654328 0.30107087 0.42241332 -0.24556783 0.043676864 994.8 
20150624174948 13.0442095 2.8431146 2.0775685 -0.27122417 0.08460484 -0.036957346 994.8 
20150624174948 14.661492 -1.5035586 2.2391772 -0.5158757 -0.027794369 -0.26725355 994.8 
20150624174948 18.157026 -2.303222 -1.7621324 -0.514654 -0.14844026 -0.5009095 994.8 
20150624174948 14.83208 0.8463503 -4.1802764 -0.31887165 0.027794369 -0.55924714 994.8 
20150624174948 8.090008 0.4770447 -3.691859 -0.46486846 0.04734206 -0.7644979 994.8 
20150624174948 5.2289367 -0.7032967 -2.7006595 -0.83291477 0.03176499 -1.3002267 994.79 
20150624174948 8.857349 -2.9550436 -2.3750482 -0.47708577 0.19272798 -1.0958922 994.79 
20150624174948 12.680291 -2.0272903 -1.9806033 0.27885997 0.26633725 -0.43401974 994.79 
20150624174948 11.954847 2.5181017 -1.2378023 0.50671273 0.20769419 -0.14630222 994.79 
20150624174948 10.722432 4.312556 -1.4891934 0.2275473 0.064446285 -0.14935656 994.79 
20150624174948 9.314043 1.6681601 -1.6807296 0.032986723 -0.44868052 -0.2406809 994.79 
20150624174948 8.284536 -0.27832595 -1.1210849 0.032986723 -0.110872045 0.087964594 994.79 
20150624174948 7.8302364 -0.5554548 -0.8846575 -0.01282817 -0.029932396 0.41355577 994.79 
20150624174948 7.3627687 -0.61770403 -0.97743285 -0.017104227 -0.05681047 0.6646214 994.79 
20150624174948 6.901885 -0.39803603 -0.7649474 -0.041233405 -0.070554934 0.689056 994.8 
20150624174948 6.8599863 -0.037708677 -0.2645593 -0.04337143 -0.083383106 0.6310238 994.8 
20150624174948 6.803723 -0.40402153 0.22565351 -0.034208454 -0.032375857 0.5357288 994.8 
20150624174948 7.6093717 -0.9247604 0.7577648 -0.004886922 -0.06872234 0.42271876 994.8 
20150624174948 8.666411 -1.6807296 0.85413146 -0.013439035 -0.17134771 0.29535335 994.8 
20150624174948 9.406818 -1.1492168 0.7882909 0.009468411 -0.26542094 0.23487769 994.8 
20150624174948 9.130288 -0.2148796 0.533907 0.07544186 -0.34330627 0.18020524 994.8 
20150624174948 8.162432 0.31423897 0.1364695 0.116675265 -0.3481932 0.10048734 994.8 
20150624174948 8.775348 -0.1400608 0.24779987 0.11148291 -0.19058995 0.05497787 994.8 
20150624174948 11.450869 -0.25857377 0.61171854 0.10170906 -0.12492194 0.04062254 994.79 
20150624174948 13.0998745 -0.15981296 0.40043023 0.10934488 -0.25870144 0.09590584 994.79 
20150624174948 11.632229 -1.0462662 -0.076015905 -0.074830994 -0.52839845 0.14508049 994.79 
20150624174948 11.145607 -2.295441 1.2473791 -0.25870144 -0.3100141 0.03848451 994.79 
20150624174948 12.066776 -3.2573113 2.4953568 -0.1414153 -0.07086037 0.0125227375 994.79 
20150624174948 12.439673 -1.3198037 1.8309658 0.36468655 -0.02076942 0.40775254 994.79 
20150624174948 13.606248 0.28072014 -0.741604 0.66859204 -0.011911872 0.56596667 994.79 
20150624174948 16.576855 -2.154183 -2.8353333 0.5357288 0.30695978 0.37598756 994.79 
20150624174948 12.319963 -1.9237411 -4.3281183 0.57940567 0.5671884 0.25137106 994.79 
20150624174948 8.166023 0.11432313 -5.48751 1.0155635 -0.3753767 0.62980205 994.82 
20150624174948 7.9595237 1.7423803 -5.8292828 0.9236283 -0.3173445 0.7089091 994.82 
20150624174948 10.751163 -0.8265981 -2.3714569 0.11453723 0.51251596 0.48991394 994.82 
20150624174948 12.315774 -3.4500446 -0.7260417 -0.43249258 0.69058317 0.41691554 994.82 
20150624174948 11.191696 -3.6733038 -1.3587095 -0.3921755 0.31978795 0.30543262 994.82 
20150624174948 10.956466 -2.0919337 -2.0817583 -0.0842994 -0.05131268 0.1301143 994.82 
20150624174948 9.942521 -0.38307226 -1.7357962 0.20738874 -0.086132 -0.1301143 994.82 
20150624174948 7.171831 0.11192893 -1.2413936 0.25625798 0.16707164 -0.4251622 994.82 
20150624174948 6.302736 0.09995792 -0.95947635 0.26328292 0.35705075 -0.61300325 994.82 
20150624174948 6.4577603 0.2801216 -0.7380127 0.30176744 0.46822822 -0.6899723 994.81 
20150624174948 6.9826894 -0.019153614 -0.3776853 0.2773328 0.36071593 -0.6239988 994.81 
20150624174948 7.5572977 0.077811554 -0.3321955 0.26939157 0.124005646 -0.45081854 994.81 
20150624174948 8.337808 0.66379243 -0.25677812 0.33169982 -0.102319926 -0.38240165 994.81 
20150624174948 8.774749 1.2090719 0.06703765 0.37751472 -0.1554652 -0.27275133 994.81 
20150624174948 8.280945 1.389834 0.61291564 0.36346483 -0.21685717 -0.15760323 994.81 
20150624174948 7.6680293 1.103727 1.0354922 0.31887165 -0.13439035 -0.08827003 994.81 
20150624174948 7.5866265 1.0815806 1.2515689 0.26633725 0.029626964 -0.023518313 994.81 
20150624174948 8.289325 0.8834604 1.6071079 0.17898351 0.18570304 0.07452556 994.81 
20150624174949 9.76954 0.415394 2.468422 0.10354166 0.15271631 0.23273966 994.82 
20150624174949 9.287108 -0.9498995 2.7443538 0.1160644 -0.0036651916 0.34513888 994.82 
20150624174949 9.357738 -0.9708488 1.3180081 0.22143865 -0.18081611 0.32986724 994.82 
20150624174949 12.4552355 2.730587 0.17597382 0.410196 -0.1826487 0.12095132 994.82 
20150624174949 13.406931 2.64679 -0.020949265 0.025350908 -0.08399397 0.040317107 994.82 
20150624174949 12.817957 0.5602432 2.2649148 -0.41263947 -0.10598512 -0.07727446 994.82 
20150624174949 14.185645 -1.6053122 0.92416185 -0.49602258 -0.40958515 -0.28160888 994.82 
20150624174949 18.707094 0.2741361 -3.5901055 -0.33414328 -0.226631 -0.41783184 994.82 
20150624174949 12.655151 0.25318682 -5.502474 -0.25259277 0.21105394 -0.43493605 994.82 
20150624174949 6.9677253 -1.4921862 -4.51726 -0.5497787 0.089491755 -1.0213667 994.8 
20150624174949 8.59279 -3.0657754 -2.0153193 -0.7495316 -0.12370021 -1.450805 994.8 
20150624174949 12.717401 -3.0705638 -2.3265655 -0.03268129 0.17654006 -0.9166033 994.8 
20150624174949 12.525267 0.43754035 -2.321777 0.37598756 0.2947425 -0.4352415 994.8 
20150624174949 11.552023 4.9135003 -1.4987702 0.5320636 0.46944994 -0.1282817 994.8 
20150624174949 8.743026 1.982399 -1.4568717 0.4605924 0.19333886 -0.19150625 994.8 
20150624174949 7.736264 -0.57760113 -1.050456 0.21044308 0.2660318 -0.109650314 994.8 
20150624174949 6.96593 -1.0079589 -0.4866215 0.03726278 0.38973203 0.204029 994.8 
20150624174949 6.8970966 -0.43394905 -0.40521863 0.050396383 0.1957823 0.56688297 994.8 
20150624174949 7.436989 0.32441434 -0.36870706 0.051923547 0.17837265 0.7153232 994.8 
20150624174949 7.4124484 0.7386112 -0.18974048 0.053450707 0.070554934 0.7131852 994.8 
20150624174949 7.1155677 0.3226187 -0.049679685 0.0021380284 9.162979E-4 0.59956425 994.8 
20150624174949 6.7684083 -0.6500258 0.44951138 -0.07544186 -0.15118915 0.4831944 994.8 
20150624174949 7.189189 -1.2539631 0.9283517 -0.16707164 -0.18325958 0.37048978 994.8 
20150624174949 8.392874 -1.3652935 0.6931214 -0.21319197 -0.23793201 0.321926 994.8 
20150624174949 9.225458 -0.6913257 0.4165911 -0.19058995 -0.32559118 0.27152961 994.8 
20150624174949 8.923788 -0.02633622 0.32142156 -0.12095132 -0.50579643 0.20433442 994.8 
20150624174949 8.395866 0.12090719 -0.17118542 -0.07391469 -0.5552765 0.1386664 994.8 
20150624174949 10.161591 -0.15322891 0.28550854 -0.04550946 -0.49021935 0.10415252 994.79 
20150624174949 11.759122 0.12449849 0.24361002 -0.051923547 -0.48747048 0.1160644 994.79 
20150624174949 11.640609 -0.095768064 -0.04129998 -0.13194689 -0.5439755 0.14080444 994.79 
20150624174949 11.334749 -0.7739257 1.0881647 -0.30665436 -0.4288274 0.10262536 994.79 
20150624174949 11.109096 -2.3535004 2.106299 -0.4025602 -0.12644911 -0.061391957 994.79 
20150624174949 11.803414 -2.5594015 2.1051018 -0.04337143 0.12308934 0.19608775 994.79 
20150624174949 13.793594 -0.6895301 -0.80086046 0.37598756 -0.008857546 0.5204572 994.79 
20150624174949 18.498201 -1.8854338 -2.6767175 0.46395215 0.07269296 0.52931476 994.79 
20150624174949 16.271593 -1.1971009 -3.091513 0.42638394 0.44929138 0.34238997 994.79 
20150624174949 9.89763 -0.62967503 -3.5751417 0.98837996 -0.5525276 0.7144069 994.78 
20150624174949 6.0238113 0.22804771 -5.1505265 1.1362094 -0.2950479 0.7812967 994.78 
20150624174949 8.738237 -1.7477672 -1.9692309 0.55741453 0.956615 0.42852196 994.78 
20150624174949 13.168708 -3.6182373 -0.06284779 -0.39645153 1.2400564 0.09437868 994.78 
20150624174949 12.045229 -3.108871 -0.98102415 -0.5204572 0.516792 0.30085114 994.78 
20150624174949 11.726201 -1.9153614 -1.7034745 -0.12889257 -0.1142318 0.30115658 994.78 
20150624174949 10.344149 -0.4902128 -1.774702 0.27580565 -0.30390546 0.08582657 994.78 
20150624174949 8.170214 0.42916065 -0.98940384 0.3408628 -0.11178834 -0.25870144 994.78 
20150624174949 6.321291 0.5710171 -0.6721721 0.21563543 0.17989981 -0.5525276 994.78 
20150624174949 5.527613 0.52133745 -0.7685388 0.1337795 0.42394048 -0.72326446 994.77 
20150624174949 5.964555 0.16280572 -0.7086837 0.16920967 0.58276546 -0.6377433 994.77 
20150624174949 7.2185183 -0.26156655 -0.5518635 0.13622294 0.30940324 -0.43890667 994.77 
20150624174949 7.8709383 -0.07062895 -0.34117374 0.12064589 -0.056505036 -0.3023783 994.77 
20150624174949 8.631696 -0.010773907 0.04129998 0.19333886 -0.28588495 -0.20677789 994.77 
20150624174950 8.624513 0.08379706 0.3800795 0.23365596 -0.41416663 -0.105068825 994.77 
20150624174950 7.9433627 0.4441244 0.46926352 0.2779437 -0.41813725 -0.048258353 994.77 
20150624174950 7.839813 0.82480246 0.82899237 0.28955013 -0.27947086 -0.025350908 994.77 
20150624174950 8.554482 1.1893197 0.93014735 0.2452624 -0.0030543262 0.021685716 994.77 
20150624174950 9.332 0.8631097 1.062427 0.19639318 0.07452556 0.17165314 994.79 
20150624174950 10.286089 0.2717419 1.489792 0.18692477 -0.06811147 0.28008172 994.79 
20150624174950 10.298658 -1.3736732 2.1984756 0.22021692 -0.19608775 0.36071593 994.79 
20150624174950 11.09473 0.38367084 0.8182184 0.3912592 -0.27947086 0.2434298 994.79 
20150624174950 12.601282 4.7177744 0.23942018 0.5571091 -0.312763 0.10140363 994.79 
20150624174950 12.413936 4.1982327 -0.20649989 0.011911872 -0.084910266 0.043982297 994.79 
20150624174950 16.019005 -0.2753332 0.7098808 -0.59437186 0.0421497 -0.16493362 994.79 
20150624174950 19.607914 -2.5713725 -3.064578 -0.7669413 -0.13622294 -0.40530908 994.79 
20150624174950 14.418481 -1.7256209 -4.595072 -0.6462954 -0.24953845 -0.5207626 994.79 
20150624174950 7.7997108 -0.025139118 -3.4853592 -1.1200215 -0.26633725 -1.0436633 994.81 
20150624174950 7.2286935 -2.6180596 -2.7994204 -1.6279559 -0.0027488936 -1.3264939 994.81 
20150624174950 9.408614 -4.514866 -1.7465701 -0.7086037 -0.01038471 -0.88300574 994.81 
20150624174950 10.97502 -2.654571 -1.1001357 0.16707164 0.3475823 -0.3998113 994.81 
20150624174950 10.514735 1.0348936 -1.5699978 0.95172805 0.47342056 -0.010079277 994.81 
20150624174950 8.874108 2.7222073 -1.8130093 1.0479393 0.12064589 0.19394971 994.81 
20150624174950 7.699154 1.3611037 -1.5077485 0.7171558 0.04734206 0.14966199 994.81 
20150624174950 7.6213427 -0.073621705 -0.9271546 0.3304781 0.112399206 0.12583824 994.81 
20150624174950 7.9451585 -0.46028528 -0.66379243 0.2837469 0.13622294 0.2947425 994.81 
20150624174950 8.247426 -0.13227965 -0.54408234 0.31398472 -0.0012217305 0.4373795 994.79 
20150624174950 7.735666 0.24181437 -0.2669535 0.35094208 -0.12889257 0.5112942 994.79 
20150624174950 6.8132997 0.5686229 -0.2136825 0.3747658 -0.087964594 0.55680364 994.79 
20150624174950 6.777985 0.19512744 -0.2705448 0.2950479 0.0033597588 0.49968776 994.79 
20150624174950 7.972093 -1.3323733 0.11552023 0.15454891 0.042760566 0.3481932 994.79 
20150624174950 9.355343 -2.307412 0.20051439 -0.008857546 -0.094989546 0.27152961 994.79 
20150624174950 9.578004 -1.7298107 0.5117606 -0.07941248 -0.28802297 0.25534168 994.79 
20150624174950 8.853159 -1.0378864 0.770933 -0.04520403 -0.4147775 0.14446963 994.79 
20150624174950 8.316858 -0.7422025 0.92535895 -0.010079277 -0.3182608 0.069027774 994.79 
20150624174950 8.720282 -0.5267244 0.81881696 0.010079277 -0.20189096 -0.012217305 994.77 
20150624174950 10.187328 -0.025737667 0.7870938 0.0290161 -0.16737708 -0.053450707 994.77 
20150624174950 11.151593 0.6895301 0.28191724 6.1086525E-4 -0.27275133 -0.03604105 994.77 
20150624174950 10.441712 0.19752164 -0.3549404 -0.058948494 -0.39950588 0.020463986 994.77 
20150624174950 10.625467 -1.4616601 1.091756 -0.24587326 -0.2724459 0.008552114 994.77 
20150624174950 12.100295 -2.2697031 2.2212207 -0.18509217 0.0076358155 0.0693332 994.77 
20150624174950 14.326903 -2.0883424 -2.1410148 0.1423316 -0.12736541 0.38789943 994.77 
20150624174950 19.156008 -3.256713 -3.9312792 0.5384777 -0.17531833 0.58246 994.77 
20150624174950 15.334264 -1.5610195 -4.763264 0.44135013 0.267559 0.36285394 994.77 
20150624174950 9.339182 -0.04369418 -3.6326025 0.9025534 -0.062308256 0.5571091 994.82 
20150624174950 6.611588 1.258153 -5.691616 1.3500122 -0.59712076 0.80970186 994.82 
20150624174950 8.378509 -1.5454572 -2.9628246 0.6750061 0.48655418 0.6536258 994.82 
20150624174950 12.876616 -3.7152026 0.2633622 -0.16126843 1.4712689 0.10720685 994.82 
20150624174950 11.408371 -3.1004913 -0.28191724 -0.5674938 0.9761627 0.10781772 994.82 
20150624174950 11.156382 -2.2122424 -1.3024458 -0.31673363 0.34269542 0.056199603 994.82 
20150624174950 10.432136 -0.62967503 -2.0763714 0.105068825 -0.15454891 -0.08246681 994.82 
20150624174950 8.048109 0.5069722 -1.8118122 0.25870144 0.061086524 -0.3268129 994.82 
20150624174950 6.6145806 0.5033809 -1.1408371 0.16340645 0.1853976 -0.5864306 994.82 
20150624174950 5.955577 0.23702596 -0.94211835 0.13958271 0.4156938 -0.7171558 994.84 
20150624174951 6.9599442 0.089184016 -0.4249708 0.15057829 0.6075055 -0.59559363 994.84 
20150624174951 7.6614456 -0.0035913025 -0.3441665 0.10415252 0.3100141 -0.44226643 994.84 
20150624174951 7.5920134 -0.025139118 -0.4261679 0.14752395 -0.007330383 -0.3304781 994.84 
20150624174951 7.6644382 0.320823 0.024540568 0.2275473 -0.18203785 -0.22021692 994.84 
20150624174951 7.442376 0.4866215 0.5979519 0.21013765 -0.10903945 -0.094989546 994.84 
20150624174951 7.2089415 0.49440265 0.80924016 0.18692477 -0.04153884 -0.02443461 994.84 
20150624174951 7.844003 0.7098808 0.83976626 0.17684549 -0.004886922 0.023518313 994.84 
20150624174951 8.623915 0.8002619 0.80445176 0.1423316 0.0290161 0.0711658 994.84 
20150624174951 9.333796 0.43155485 0.9888053 0.12370021 -0.1695151 0.19456059 994.81 
20150624174951 10.159795 -0.82480246 1.5921441 0.14905111 -0.38973203 0.27947086 994.81 
20150624174951 11.975199 -2.396596 2.2996306 0.27947086 -0.44806966 0.25381452 994.81 
20150624174951 12.452243 -0.22026655 0.29328972 0.59223384 -0.4016439 0.12858713 994.81 
20150624174951 11.031284 4.4903255 0.1604115 0.7174612 -0.39584067 0.032986723 994.81 
20150624174951 11.206061 3.1118636 1.6280571 0.14446963 -0.07696902 -0.09896017 994.81 
20150624174951 16.804304 -0.83737206 0.79726917 -0.29810223 0.4269948 -0.2874121 994.81 
20150624174951 19.23382 -1.6573862 -4.915296 -0.45662177 0.2910773 -0.48166725 994.81 
20150624174951 11.440094 -0.62009823 -4.7219644 -0.36713 -0.038789943 -0.52778757 994.81 
20150624174951 6.7306995 0.53091425 -3.41473 -0.8063421 -0.2706133 -1.0421361 994.81 
20150624174951 8.040926 -1.3204023 -1.9973627 -1.328021 0.11575896 -1.5018122 994.81 
20150624174951 11.814188 -3.6936548 -1.532289 -0.6020077 0.38698313 -1.1420126 994.81 
20150624174951 12.578537 -1.893215 -0.90859956 0.12095132 0.5198463 -0.63407815 994.81 
20150624174951 10.758944 1.9141643 -1.1725603 0.5882632 0.6423248 -0.006414085 994.81 
20150624174951 8.513183 3.1974564 -1.0516531 0.6078109 0.15241088 0.13927728 994.81 
20150624174951 7.7949224 1.8321629 -1.3497312 0.35277468 0.1432479 0.11636983 994.81 
20150624174951 7.7207017 0.048482586 -0.6194997 0.04917465 0.31703907 0.21197024 994.81 
20150624174951 7.441777 -0.7278373 -0.39324763 0.06963864 0.12217305 0.52381694 994.81 
20150624174951 7.3029137 -0.37948096 -0.39743748 0.12492194 -0.116675265 0.6795876 994.82 
20150624174951 7.428011 -0.09636662 0.1448492 0.15882497 -0.11301007 0.6963864 994.82 
20150624174951 6.9665284 -0.13347675 0.1316811 0.12889257 -0.12492194 0.64843345 994.82 
20150624174951 6.5738792 -0.17717093 0.40521863 0.105068825 -0.12156218 0.5366451 994.82 
20150624174951 7.475895 -0.61171854 0.86849666 -3.0543262E-4 -0.11789699 0.39370266 994.82 
20150624174951 8.870518 -1.5993267 0.7350199 -0.1957823 -0.09040806 0.24831672 994.82 
20150624174951 9.621099 -1.471237 0.8074445 -0.21991149 -0.2687807 0.19883664 994.82 
20150624174951 8.97646 -0.7858967 0.7697359 -0.1432479 -0.5164866 0.116675265 994.82 
20150624174951 8.113351 -0.40342298 0.40222588 -0.07086037 -0.46822822 0.053145275 994.82 
20150624174951 9.515156 -0.5770026 0.6697779 -0.013439035 -0.3475823 0.03268129 994.79 
20150624174951 12.488754 -0.25318682 0.48243165 0.053145275 -0.35308012 0.08002335 994.79 
20150624174951 11.359888 -0.53091425 0.08619126 0.0693332 -0.54458636 0.13591751 994.79 
20150624174951 10.160992 -2.2218192 0.7374141 -0.1001819 -0.5027421 0.08674286 994.79 
20150624174951 11.420342 -2.895787 2.5312698 -0.20861048 -0.18203785 -0.07574729 994.79 
20150624174951 12.545018 -1.9321208 1.9195513 0.17928895 0.12492194 0.14935656 994.79 
20150624174951 13.670293 0.27832595 -0.74998367 0.52839845 -0.059253927 0.49938235 994.79 
20150624174951 17.012598 -0.70509243 -2.8622682 0.6646214 0.005497787 0.5296202 994.79 
20150624174951 14.308348 -1.3132197 -3.537433 0.50976706 0.4831944 0.26450464 994.79 
20150624174951 9.074024 -1.2773066 -4.1575313 0.8549059 -0.020158553 0.5342017 994.8 
20150624174951 7.45734 0.3477578 -6.129755 1.1435398 -0.5390886 0.8206975 994.8 
20150624174951 9.385869 -0.7152678 -3.4745853 0.66614854 0.24129178 0.6603453 994.8 
20150624174951 12.700642 -2.861071 -0.4914099 -0.17256944 0.818254 0.37659842 994.8 
20150624174951 11.383232 -3.0107086 -0.88525605 -0.5360342 0.52534413 0.32406402 994.8 
20150624174951 11.185112 -2.0027497 -1.5161282 -0.31978795 0.25167647 0.11056661 994.8 
20150624174952 10.466851 -0.516549 -1.7567455 0.044898596 -0.09987647 -0.13652839 994.8 
20150624174952 8.286931 0.25617957 -1.364695 0.19914207 -0.0027488936 -0.33841935 994.8 
20150624174952 6.879739 0.2621651 -0.7290344 0.16371189 0.15699236 -0.5103779 994.8 
20150624174952 6.289568 0.17597382 -0.641646 0.13500121 0.29932398 -0.6114761 994.8 
20150624174952 6.6492968 0.21787235 -0.38187516 0.1518 0.36926803 -0.5354234 994.8 
20150624174952 7.1383123 0.23882163 -0.34237084 0.13408493 0.16829337 -0.38148534 994.8 
20150624174952 7.7907324 0.30107087 -0.29747957 0.14080444 -0.009468411 -0.2874121 994.8 
20150624174952 8.388684 0.30645782 -0.089184016 0.183565 -0.09040806 -0.17654006 994.8 
20150624174952 8.647258 0.56982 0.16220717 0.204029 -0.17837265 -0.08460484 994.8 
20150624174952 8.104373 0.5883751 0.64583594 0.21991149 -0.172264 -0.018936822 994.8 
20150624174952 7.6165543 0.6572084 0.96785605 0.17959438 -0.04337143 0.013133603 994.8 
20150624174952 8.005612 0.53091425 1.021127 0.112704635 0.16065755 0.010079277 994.8 
20150624174952 8.899248 -0.15801731 1.003769 0.016187929 0.19639318 0.09254608 994.81 
20150624174952 10.144233 -1.5831659 1.46585 -0.008246681 0.007330383 0.183565 994.81 
20150624174952 11.215039 -2.5611973 1.5400703 0.0720821 -0.20158553 0.23884831 994.81 
20150624174952 12.647969 1.0941502 0.095169514 0.3313944 -0.41172317 0.16340645 994.81 
20150624174952 12.738949 4.2461166 -0.43634325 0.51007247 -0.49693888 0.09193522 994.81 
20150624174952 12.09431 4.1659107 1.1186907 0.09193522 -0.3286455 -0.02565634 994.81 
20150624174952 13.277644 0.48362875 3.0023289 -0.3998113 0.17195857 -0.24984388 994.81 
20150624174952 16.753426 -2.1667526 -0.85652566 -0.6273586 0.3747658 -0.5213735 994.81 
20150624174952 16.279375 -0.18435353 -3.663727 -0.58459806 0.5027421 -0.6053675 994.81 
20150624174952 10.47164 0.12150574 -2.92751 -0.7247916 0.28344148 -0.79045963 994.81 
20150624174952 5.844845 -0.79966336 -2.6437972 -1.1606439 -0.19486602 -1.1808025 994.81 
20150624174952 7.2005615 -3.1771057 -2.046444 -0.87017757 0.06352998 -1.0363328 994.81 
20150624174952 11.335946 -2.9646204 -1.8483237 0.09254608 0.48533243 -0.6096435 994.81 
20150624174952 12.045827 1.2084733 -1.3066356 0.64599 0.43035457 -0.2302962 994.81 
20150624174952 11.683105 3.6613328 -1.5215151 0.46670106 0.32284227 -0.12522738 994.81 
20150624174952 9.901221 2.1733365 -0.5494693 0.38728857 -0.23426682 -0.17134771 994.81 
20150624174952 8.049905 0.05865794 -0.46088383 0.1994475 -0.034208454 -0.07666359 994.81 
20150624174952 7.1383123 -0.46686932 -0.19393034 0.13622294 0.21991149 0.28099802 994.81 
20150624174952 7.3950906 -0.25737667 -0.061052144 0.09040806 0.22785273 0.5149594 994.81 
20150624174952 7.335834 0.25438392 -0.25737667 0.04062254 0.18936823 0.6059783 994.81 
20150624174952 7.0946183 0.62847793 -0.19393034 0.031154128 0.04337143 0.6224717 994.81 
20150624174952 6.9264255 0.54049104 -0.16460137 -0.021685716 -0.0870483 0.56413406 994.81 
20150624174952 7.756615 -1.1737574 1.2006922 -0.09896017 -0.13225232 0.4990769 994.81 
20150624174952 8.778939 -2.2230163 1.055843 -0.2519819 -0.20922135 0.3481932 994.81 
20150624174952 9.370906 -1.8273745 0.8619126 -0.27458394 -0.3286455 0.24678956 994.81 
20150624174952 9.273342 -0.6859388 0.6135142 -0.17806722 -0.43463063 0.17959438 994.81 
20150624174952 8.43178 -0.05626374 0.6584055 -0.080634214 -0.45753807 0.10323623 994.81 
20150624174952 7.667431 -0.16639702 0.14185645 -0.01282817 -0.3313944 0.020158553 994.72 
20150624174952 9.437943 -0.17417817 0.18914193 -0.02076942 -0.26816985 0.008857546 994.72 
20150624174952 11.906963 0.23702596 0.32621 -0.055588737 -0.34513888 0.05681047 994.72 
20150624174952 12.357074 -0.16639702 0.20949265 -0.102319926 -0.59589905 0.10293079 994.72 
20150624174952 11.269507 -2.0093338 0.8834604 -0.29016098 -0.700357 0.12370021 994.72 
20150624174952 10.91756 -2.682703 2.2170308 -0.3998113 -0.37782016 -0.04886922 994.72 
20150624174952 12.368446 -2.0817583 2.332551 -0.1731803 0.046731193 -0.019242255 994.72 
20150624174952 14.4370365 -0.9828198 -0.5410896 0.32436943 0.081855945 0.40469822 994.72 
20150624174952 17.77994 -1.5652094 -2.9059622 0.6093381 0.027794369 0.56291234 994.72 
20150624174952 16.093225 -0.7350199 -2.3612814 0.65118235 0.3109304 0.41538838 994.79 
20150624174952 10.183737 -0.7517793 -3.3435028 0.93828905 -0.24953845 0.5882632 994.79 
20150624174953 6.2662244 0.090381116 -4.5783124 1.2140946 -0.42271876 0.8237518 994.79 
20150624174953 6.2021794 -1.6310499 -3.6415808 0.66828656 0.7834347 0.52595496 994.79 
20150624174953 12.070967 -2.8485014 -0.007182605 0.017715093 1.1227703 0.13133603 994.79 
20150624174953 11.298837 -3.052607 -0.5470751 -0.4831944 0.6536258 0.16523905 994.79 
20150624174953 10.793061 -2.4510639 -1.158195 -0.13133603 0.03970624 0.17104226 994.79 
20150624174953 10.402806 -1.2150574 -1.762731 0.2846632 -0.124311075 0.0015271631 994.79 
20150624174953 8.839393 -0.11252748 -1.4000094 0.44226643 0.024129177 -0.16615535 994.79 
20150624174953 7.4327993 0.26874915 -0.86849666 0.40042216 0.03268129 -0.453262 994.81 
20150624174953 6.4936733 0.38486794 -0.28550854 0.33169982 0.12889257 -0.67347896 994.81 
20150624174953 6.703765 -0.08140286 -0.3705027 0.3182608 0.32559118 -0.6096435 994.81 
20150624174953 7.52737 -0.3345897 -0.6087258 0.31215215 0.10903945 -0.4804455 994.81 
20150624174953 8.15525 0.090979666 -0.60333884 0.38637227 -0.22479841 -0.3191771 994.81 
20150624174953 8.956709 0.31304187 -0.08619126 0.46944994 -0.3472769 -0.19761491 994.81 
20150624174953 8.969278 0.57400984 0.33997664 0.52320606 -0.42241332 -0.09132435 994.81 
20150624174953 8.103774 0.87807345 0.7200562 0.56779927 -0.376293 -0.024129177 994.81 
20150624174953 7.7973166 1.168969 1.1599907 0.5421429 -0.12705997 -0.03359759 994.81 
20150624174953 8.337808 0.8936358 1.1145009 0.43096542 0.17104226 -0.014660766 994.79 
20150624174953 9.201516 0.36272156 1.2635399 0.3390302 0.25381452 0.0842994 994.79 
20150624174953 9.803658 -0.7882909 1.8644845 0.30543262 0.09132435 0.20738874 994.79 
20150624174953 9.454104 -2.2583308 2.1787236 0.37323865 -0.16126843 0.22327125 994.79 
20150624174953 11.360487 0.8870517 1.1133038 0.49693888 -0.26297748 0.15302174 994.79 
20150624174953 12.582129 4.0222588 0.074818805 0.6719518 -0.25625798 0.080634214 994.79 
20150624174953 12.317569 3.555988 0.76315176 0.15149458 -0.15668693 0.01985312 994.79 
20150624174953 14.195821 -0.34237084 1.1300632 -0.29657507 -0.058337633 -0.21135938 994.79 
20150624174953 18.843565 -2.0757728 -1.1426327 -0.4700608 -0.11453723 -0.38545597 994.79 
20150624174953 15.673641 0.7308301 -4.775235 -0.3979787 -0.121256754 -0.47067168 994.8 
20150624174953 8.694544 0.32621 -3.7475243 -0.5403103 -0.1957823 -0.84574294 994.8 
20150624174953 5.6485205 -1.2743138 -3.0190883 -1.0064005 0.17959438 -1.2415836 994.8 
20150624174953 8.783129 -3.0113072 -2.4690206 -0.6771441 0.26389378 -1.1304061 994.8 
20150624174953 13.218388 -2.3517046 -2.4157495 0.20708331 0.3191771 -0.41263947 994.8 
20150624174953 11.714231 1.0414777 -1.2844892 0.60903263 0.3933972 0.060170226 994.8 
20150624174953 10.374675 3.6966474 -1.6346412 0.5030475 0.048563786 0.086132 994.8 
20150624174953 8.9519205 2.3756466 -1.5969325 0.20922135 -0.21685717 -0.046120327 994.8 
20150624174953 7.877522 -0.6619968 -0.9295488 -0.1160644 0.15118915 0.0852157 994.8 
20150624174953 7.680599 -0.79128367 -0.85054016 -0.11942416 0.17012598 0.39950588 994.81 
20150624174953 7.567473 -0.54408234 -0.6512229 -0.122478485 0.1469131 0.55833083 994.81 
20150624174953 7.128137 -0.110731825 -0.16280572 -0.1255328 0.122783914 0.65484756 994.81 
20150624174953 6.7869635 -0.15203181 -0.107140526 -0.1328632 0.082161374 0.61819565 994.81 
20150624174953 6.932411 -0.37828386 0.0712275 -0.14660765 0.04642576 0.5448918 994.81 
20150624174953 7.819463 -1.1976994 0.59855044 -0.18142697 -0.014660766 0.39370266 994.81 
20150624174953 8.537125 -1.9716251 0.7206547 -0.21319197 -0.15027285 0.27275133 994.81 
20150624174953 8.949526 -1.827973 0.8206126 -0.21868975 -0.2773328 0.18936823 994.81 
20150624174953 8.848371 -1.0528502 0.7870938 -0.17654006 -0.36987892 0.13836098 994.81 
20150624174953 8.183381 -0.40821138 0.49559975 -0.029932396 -0.34147367 0.052534413 994.78 
20150624174953 8.5700445 -0.24301147 0.08259996 0.06872234 -0.28069258 0.01985312 994.78 
20150624174953 10.903194 -0.6584055 0.46686932 0.07849618 -0.3210097 0.02107485 994.78 
20150624174953 11.8094 -0.35913026 0.07182605 0.04550946 -0.4266894 0.071776666 994.78 
20150624174953 11.503541 -0.5919664 -0.011971008 -0.0125227375 -0.59864795 0.07788532 994.78 
20150624174953 10.933122 -1.726818 1.1174936 -0.21746802 -0.4034765 0.0036651916 994.78 
20150624174953 11.760319 -2.4061728 2.6449943 -0.24495697 -0.03756821 -0.07269296 994.78 
20150624174954 11.869853 -1.6262615 1.8423382 0.084910266 0.1142318 0.21991149 994.78 
20150624174954 13.365631 -0.31902736 -0.85293436 0.55741453 0.13622294 0.50518554 994.78 
20150624174954 18.191744 -1.3443443 -3.1070752 0.4990769 0.3182608 0.3359759 994.79 
20150624174954 14.683041 -0.90500826 -3.8133647 0.4813618 0.44929138 0.2593123 994.79 
20150624174954 8.962095 -0.28670564 -4.2820296 0.95447695 -0.26419923 0.6881397 994.79 
20150624174954 6.9006877 0.5554548 -5.0876784 0.9841039 -0.31306845 0.83658 994.79 
20150624174954 9.643246 -1.1611878 -3.1004913 0.38331795 1.0662653 0.5693264 994.79 
20150624174954 12.961011 -3.3955765 -0.023343466 -0.45662177 1.1710287 0.22968534 994.79 
20150624174954 10.802638 -2.6162639 -0.35075054 -0.5849035 0.5332854 0.12156218 994.79 
20150624174954 10.395025 -1.6382325 -0.8948329 -0.118507855 0.15057829 -0.07849618 994.79 
20150624174954 8.841188 -0.5746084 -0.7799112 0.18936823 0.14569137 -0.21563543 994.79 
20150624174954 7.0754647 0.061650693 -0.65900403 0.30879238 0.3484986 -0.42058071 994.76 
20150624174954 6.293159 0.20530279 -0.7445967 0.29626966 0.34238997 -0.66156703 994.76 
20150624174954 6.497265 0.22864626 -0.42796355 0.35185838 0.54061574 -0.68875057 994.76 
20150624174954 7.3729444 0.31244332 -0.35793316 0.33108896 0.47219884 -0.53023106 994.76 
20150624174954 7.876325 0.3669114 -0.35793316 0.31031954 0.028099801 -0.38148534 994.76 
20150624174954 8.488044 0.55365914 0.049081136 0.3417791 -0.16798794 -0.28130344 994.76 
20150624174954 8.763975 0.7990648 0.48482585 0.34025195 -0.22143865 -0.21899518 994.76 
20150624174954 8.076241 0.9103952 0.8098387 0.3286455 -0.23273966 -0.1414153 994.76 
20150624174954 7.0024414 0.7918822 0.9391256 0.29260445 -0.11575896 -0.09162979 994.76 
20150624174954 7.0407486 0.8415619 1.1683705 0.22999077 0.098043874 -0.06536258 994.79 
20150624174954 8.005612 0.8571242 1.4101849 0.15607607 0.16676621 -0.007330383 994.79 
20150624174954 9.252393 0.6398504 1.5825673 0.03726278 0.057421334 0.14080444 994.79 
20150624174954 10.155605 -0.6781576 1.99437 0.0061086523 -0.23671028 0.2742785 994.79 
20150624174954 10.333375 -2.6378117 2.2649148 0.08032878 -0.4905248 0.29657507 994.79 
20150624174954 11.745954 -0.18136078 0.7020996 0.3930918 -0.5571091 0.18875736 994.79 
20150624174954 12.706028 3.8899791 -0.020949265 0.63591075 -0.50335294 0.11301007 994.79 
20150624174954 12.1398 4.1641154 0.47644615 0.10140363 -0.1432479 0.012217305 994.79 
20150624174954 13.621811 0.5542577 2.1140802 -0.24923302 0.09132435 -0.16432275 994.79 
20150624174954 18.570026 -2.19249 -0.4985925 -0.4175264 0.1142318 -0.39675698 994.82 
20150624174954 17.11914 -0.059855044 -5.2199583 -0.24862215 -0.010079277 -0.49510628 994.82 
20150624174954 6.4727244 0.88046765 -3.3441012 -0.36346483 -0.15974127 -0.7809912 994.82 
20150624174954 5.7748146 -0.20949265 -1.5275006 -1.0693196 0.024129177 -1.4080443 994.82 
20150624174954 9.647436 -3.0178912 -1.4873978 -0.77213365 0.26328292 -1.2629639 994.82 
20150624174954 13.098079 -2.7820623 -1.276708 0.15393804 0.48716503 -0.4792238 994.82 
20150624174954 12.3516865 1.2234371 -1.3814543 0.59498274 0.44837508 -0.03390302 994.82 
20150624174954 10.303447 3.6002808 -1.0187328 0.5723807 0.2782491 0.129198 994.82 
20150624174954 8.675988 2.195483 -1.0241197 0.3463606 -0.32375857 -0.064751714 994.82 
20150624174954 8.061277 0.31783026 -0.34356794 0.018325957 0.19242255 0.02443461 994.81 
20150624174954 7.760206 -0.5823896 -0.16938977 -0.06047566 0.28985557 0.2929099 994.81 
20150624174954 7.7973166 -0.55246204 -0.059855044 0.04337143 0.16340645 0.5946773 994.81 
20150624174954 7.2987237 -0.13227965 0.20171149 0.13103059 0.1020145 0.68203104 994.81 
20150624174954 6.896498 0.24839842 0.108936176 0.16615535 -0.035124753 0.67011917 994.81 
20150624174954 6.6469026 0.05805939 0.16160862 0.13469578 -0.06811147 0.58368176 994.81 
20150624174954 6.8246717 -0.55126494 0.6266823 0.040011674 -0.11636983 0.48349985 994.81 
20150624174954 7.848193 -1.1450269 0.7009025 -0.102319926 -0.23579398 0.37965274 994.81 
20150624174954 8.755595 -1.0414777 0.76315176 -0.17287487 -0.3652974 0.30909783 994.81 
20150624174954 9.304466 -0.22744916 0.65900403 -0.17195857 -0.5030475 0.21410827 994.82 
20150624174954 8.88608 -0.032920275 0.46267948 -0.13072516 -0.6001751 0.13561209 994.82 
20150624174954 8.744224 -0.39025488 0.13826515 -0.14660765 -0.57696223 0.0870483 994.82 
20150624174955 10.5207205 -0.6015432 0.5530606 -0.21533 -0.5354234 0.058643065 994.82 
20150624174955 12.115259 -0.45250413 0.25857377 -0.2574797 -0.5216789 0.051618114 994.82 
20150624174955 11.574169 -1.7770962 -0.09935937 -0.29046643 -0.48747048 0.09621128 994.82 
20150624174955 10.936713 -2.8766334 0.41060558 -0.3494149 -0.22785273 -9.162979E-4 994.82 
20150624174955 11.738173 -3.0178912 2.4744074 -0.14905111 -0.027183503 -0.07513642 994.82 
20150624174955 13.739126 -0.16220717 0.770933 0.31215215 0.042760566 0.33169982 994.82 
20150624174955 15.911266 -0.0017956513 -1.2695254 0.6221663 -0.04795292 0.62888575 994.8 
20150624174955 16.022596 -1.0534488 -2.4666264 0.5888741 0.39950588 0.45204028 994.8 
20150624174955 11.74715 -1.9458874 -2.7700913 0.6264423 0.45814893 0.3323107 994.8 
20150624174955 7.790134 -1.2186487 -3.8606503 1.0195341 -0.33261612 0.73456544 994.8 
20150624174955 6.1782374 -1.1384429 -5.3995233 1.0140363 0.010995574 0.7669413 994.8 
20150624174955 10.081385 -1.7585411 -1.7687165 0.4914411 0.68600166 0.40469822 994.8 
20150624174955 12.12723 -2.1583729 -0.8984242 -0.12889257 0.6374379 0.23793201 994.8 
20150624174955 11.137826 -1.496376 -1.436521 -0.28985557 0.20861048 0.27366763 994.8 
20150624174955 11.286267 -0.61650693 -1.7741034 -0.16982053 -0.0571159 0.08582657 994.8 
20150624174955 10.414179 0.076015905 -1.9740193 0.07727446 -0.05955936 -0.13469578 994.83 
20150624174955 8.045116 -0.39923313 -1.5676036 0.16493362 -0.016798794 -0.3304781 994.83 
20150624174955 6.6654577 -0.6410475 -1.0456676 0.18112154 0.08032878 -0.4908302 994.83 
20150624174955 6.338649 -0.25797522 -0.581791 0.16401732 0.27916542 -0.59773165 994.83 
20150624174955 6.5349736 0.06344634 -0.3705027 0.08674286 0.43066 -0.56291234 994.83 
20150624174955 7.5070195 -0.1328782 -0.17298107 0.06811147 0.13347405 -0.44868052 994.83 
20150624174955 8.016984 0.20829555 -0.20051439 0.099571034 -0.06658431 -0.33353242 994.83 
20150624174955 8.830415 0.40581718 0.01316811 0.1966986 -0.17898351 -0.20769419 994.83 
20150624174955 9.128492 0.6512229 0.3453636 0.24740042 -0.24312437 -0.08277224 994.83 
20150624174955 8.134899 0.9223662 0.49440265 0.269697 -0.22327125 -0.036651913 994.82 
20150624174955 7.5070195 1.1312603 1.0660183 0.23701571 -0.070554934 -0.06383542 994.82 
20150624174955 7.93199 1.0175357 1.2958617 0.11759156 0.22418754 -0.04642576 994.82 
20150624174955 8.810063 0.2825158 1.1803415 0.008246681 0.27672195 0.10354166 994.82 
20150624174955 10.1861315 -0.5919664 1.8716671 0.012217305 0.011301007 0.20830505 994.82 
20150624174955 10.007763 -1.7591397 1.4562732 0.115453534 -0.20616703 0.24373524 994.82 
20150624174955 12.547413 3.1124623 0.3561375 0.35888332 -0.3717115 0.13469578 994.82 
20150624174955 13.453019 3.1860838 -0.338181 0.36682457 -0.3491095 0.03726278 994.82 
20150624174955 13.328521 0.7194576 1.5699978 -0.07269296 -0.1554652 -0.049785517 994.82 
20150624174955 12.3277445 -2.054225 2.7814639 -0.44409904 -0.0852157 -0.31948254 994.77 
20150624174955 15.056536 -2.8413188 0.91338795 -0.5522222 -0.19639318 -0.5235115 994.77 
20150624174955 15.720927 0.45070848 -3.3255463 -0.35216382 0.08124508 -0.5479461 994.77 
20150624174955 9.095572 0.37469256 -4.184466 0.0012217305 0.3390302 -0.5122105 994.77 
20150624174955 5.0116625 -0.8738836 -4.4286747 -0.06841691 0.11301007 -0.9569204 994.77 
20150624174955 7.6225395 -2.2212207 -2.2451627 -0.21624629 -0.011301007 -1.1209377 994.77 
20150624174955 12.675503 -2.8221653 -2.179322 0.102319926 0.21655174 -0.8063421 994.77 
20150624174955 13.9438305 0.5638345 -1.5819688 0.61361414 0.14966199 -0.31978795 994.77 
20150624174955 11.592725 3.6367924 -1.6519991 0.84879726 0.02321288 -0.073303826 994.77 
20150624174955 9.116522 3.0777464 -0.99060094 0.7076874 -0.20463985 -0.09132435 994.75 
20150624174955 8.15525 0.5446809 -0.75836337 0.40378192 0.004581489 0.01282817 994.75 
20150624174955 7.867347 -0.5093664 -0.51595044 0.15332718 0.40011674 0.2837469 994.75 
20150624174955 7.5890207 -0.7469909 -0.521936 0.056199603 0.267559 0.52687126 994.75 
20150624174955 7.493851 -0.6757634 -0.24600422 0.07696902 0.12767084 0.64476824 994.75 
20150624174955 7.1341224 -0.11971009 0.039504327 0.14813483 0.111177474 0.65026605 994.75 
20150624174955 6.717531 0.17597382 0.18555063 0.21777347 0.1328632 0.5635232 994.75 
20150624174955 6.976105 -0.027533319 0.44651863 0.19608775 0.102319926 0.44501534 994.75 
20150624174956 8.084022 -0.7781156 0.6123171 0.13500121 -0.035430185 0.35827246 994.75 
20150624174956 9.251794 -1.1845313 0.86131406 0.06414085 -0.16920967 0.31306845 994.82 
20150624174956 9.021951 -0.9504981 0.8265981 0.024129177 -0.3182608 0.25289822 994.82 
20150624174956 8.24204 -0.5363012 0.82360536 0.029321533 -0.3576616 0.15027285 994.82 
20150624174956 8.35337 -0.07182605 0.75956047 0.05222898 -0.2855795 0.013744468 994.82 
20150624174956 9.91439 -0.20590134 1.0271125 0.015577064 -0.17348573 0.015577064 994.82 
20150624174956 10.992378 -0.2208651 0.3752911 -0.056199603 -0.29932398 0.0693332 994.82 
20150624174956 11.395203 -1.3030443 -0.45489833 -0.087659165 -0.56413406 0.10995574 994.82 
20150624174956 11.862671 -2.641403 0.31483752 -0.22021692 -0.5833763 0.16615535 994.82 
20150624174956 12.156559 -2.7497406 2.1098902 -0.23732115 -0.44501534 0.10781772 994.82 
20150624174956 12.646772 -2.1703439 0.801459 -0.051923547 -0.29046643 0.18142697 994.78 
20150624174956 16.237476 -1.9177556 -1.365892 0.36071593 -0.14630222 0.46517387 994.78 
20150624174956 18.498201 -1.5891514 -3.108871 0.5876524 0.13347405 0.47891834 994.78 
20150624174956 14.106038 -0.41299978 -3.5380316 0.7492262 0.2959642 0.4700608 994.78 
20150624174956 9.239823 0.12030864 -3.5452142 1.1487321 -0.2938262 0.7431176 994.78 
20150624174956 5.5671177 0.30466217 -5.2642508 1.1808025 -0.18448131 0.75502944 994.78 
20150624174956 7.8906903 -1.4532804 -2.8233624 0.5299256 0.9831876 0.39920044 994.78 
20150624174956 12.543222 -3.1974564 -1.0103531 -0.3005457 0.97249746 0.077579886 994.78 
20150624174956 10.891224 -2.5103204 -1.1013328 -0.548557 0.30970868 0.15424347 994.78 
20150624174956 10.365098 -1.6723499 -1.282095 -0.23487769 -0.1282817 0.04428773 994.77 
20150624174956 9.980828 -0.5093664 -1.4862007 0.10567969 -0.14996742 -0.17073683 994.77 
20150624174956 8.550891 0.42317516 -1.4490906 0.21533 0.12705997 -0.29352075 994.77 
20150624174956 6.9318123 0.6512229 -0.81642276 0.17440203 0.13927728 -0.5381723 994.77 
20150624174956 6.43741 1.0187328 -0.52373165 0.09437868 0.32803464 -0.66889745 994.77 
20150624174956 6.606201 0.62728083 -0.44891283 -0.01985312 0.43585235 -0.5702427 994.77 
20150624174956 7.2245035 0.3405752 -0.3776853 -0.07422013 0.17989981 -0.4465425 994.77 
20150624174956 7.8027034 0.2693477 -0.46088383 -0.084910266 -0.08674286 -0.30970868 994.77 
20150624174956 8.673594 0.50158525 -0.23163901 -0.09162979 -0.22113322 -0.20799962 994.77 
20150624174956 9.3260145 0.7793127 0.29029694 -0.10262536 -0.27916542 -0.11728613 994.78 
20150624174956 8.620922 0.7739257 0.5033809 -0.07422013 -0.27763826 -0.04795292 994.78 
20150624174956 8.045714 0.5931635 0.8122329 -0.071776666 -0.16279559 -0.040011674 994.78 
20150624174956 8.197746 0.8834604 1.4137762 -0.1142318 0.07086037 -0.03848451 994.78 
20150624174956 8.324639 0.56922144 1.483208 -0.1414153 0.23335053 0.03359759 994.78 
20150624174956 8.741829 -0.2220622 1.8854338 -0.17012598 0.2180789 0.17531833 994.78 
20150624174956 9.111135 -2.100912 2.1841104 -0.09896017 0.070249505 0.27885997 994.78 
20150624174956 11.126453 -2.1799207 1.9165585 0.10048734 -0.03634648 0.27214047 994.78 
20150624174956 12.893973 2.2499511 0.34955344 0.42852196 -0.22907446 0.19211712 994.78 
20150624174956 12.835914 3.6888664 -0.54288524 0.5467244 -0.44104472 0.12889257 994.73 
20150624174956 12.586318 2.0655975 1.6633717 0.122478485 -0.29138273 0.042455133 994.73 
20150624174956 15.979501 -0.34237084 0.96665895 -0.15088372 -0.22266038 -0.15118915 994.73 
20150624174956 17.844584 -0.13826515 -2.818574 -0.40194935 -0.04184427 -0.4297437 994.73 
20150624174956 11.405977 0.92176765 -5.09127 -0.32711834 0.13561209 -0.58001655 994.73 
20150624174956 6.473323 -0.6841431 -4.2862196 -0.5186246 0.10323623 -1.0253373 994.73 
20150624174956 6.9330096 -2.8508956 -1.7663223 -0.8017606 0.28160888 -1.2855659 994.73 
20150624174956 11.128848 -3.6361938 -1.6561891 -0.28405234 0.18692477 -0.9275989 994.73 
20150624174956 13.753491 -1.6478093 -1.8956091 0.40744713 0.12370021 -0.31642818 994.73 
20150624174956 12.20564 2.4013844 -1.3192052 0.659429 0.32467487 0.0012217305 994.81 
20150624174956 9.888652 3.6894648 -1.3239936 0.623388 0.12186762 -0.0711658 994.81 
20150624174956 8.823232 1.3820529 -1.4311341 0.32925636 -0.058643065 -0.17867808 994.81 
20150624174956 8.112753 0.076015905 -0.79966336 0.018936822 0.3930918 0.077579886 994.81 
20150624174957 7.553706 -0.008978256 -0.78050977 -0.028099801 0.27091873 0.34574974 994.81 
20150624174957 7.2981253 0.27114335 -0.64703304 -0.087964594 0.21013765 0.5687156 994.81 
20150624174957 6.675633 0.28790274 -0.16160862 -0.17073683 0.1518 0.65393126 994.81 
20150624174957 6.766014 0.15382746 0.24540567 -0.22510384 0.06780604 0.59712076 994.81 
20150624174957 7.065888 -0.7062895 0.6476316 -0.28221974 0.013133603 0.5296202 994.81 
20150624174957 7.8009076 -1.7465701 0.748188 -0.31612277 -0.14446963 0.44409904 994.81 
20150624174957 8.505402 -2.0632033 0.7068881 -0.32253686 -0.2846632 0.35277468 994.81 
20150624174957 8.93935 -1.3275849 0.729633 -0.2843578 -0.3830125 0.30604348 994.81 
20150624174957 8.880095 -0.5674258 0.6314707 -0.21074851 -0.40775254 0.19120082 994.81 
20150624174957 8.617331 -0.4902128 0.22565351 -0.12614368 -0.3912592 0.06261369 994.81 
20150624174957 9.485827 -0.76195467 0.40342298 -0.08155051 -0.3408628 0.0018325958 994.81 
20150624174957 10.739192 -0.28311434 0.47046062 -0.083383106 -0.36835176 0.0015271631 994.81 
20150624174957 11.443087 -0.27473465 -0.04070143 -0.11178834 -0.45875978 0.048563786 994.81 
20150624174957 11.767501 -1.751957 -0.12808979 -0.23701571 -0.43127087 0.058337633 994.81 
20150624174957 12.692861 -1.7681179 1.3078327 -0.30940324 -0.21074851 0.004276057 994.77 
20150624174957 12.486361 -1.8405426 2.380435 -0.0720821 -0.13225232 0.09285152 994.77 
20150624174957 11.552023 -0.374094 0.99179804 0.25503623 -0.06414085 0.4184427 994.77 
20150624174957 15.749059 -1.163582 -0.96426475 0.44837508 0.14874569 0.38026363 994.77 
20150624174957 16.927605 -1.7926586 -1.917157 0.37323865 0.56199604 0.25961772 994.77 
20150624174957 11.651981 -0.9307459 -3.177704 0.57940567 0.23396139 0.5039638 994.77 
20150624174957 7.764396 0.29987377 -5.1636944 0.8848383 -0.48441613 0.72326446 994.77 
20150624174957 6.781576 -0.29149407 -4.6399627 0.6774496 0.40775254 0.46914452 994.77 
20150624174957 10.740389 -2.7742813 -1.3347675 0.015271631 1.0207558 0.24220806 994.77 
20150624174957 12.542026 -4.143166 -0.23702596 -0.44348818 0.71685034 0.30543262 994.8 
20150624174957 11.167155 -2.8550856 -1.074398 -0.10781772 0.14355333 0.2761111 994.8 
20150624174957 11.036672 -0.94690675 -1.4257472 0.19028452 -0.058643065 0.04153884 994.8 
20150624174957 8.348581 0.10534488 -1.3012487 0.3747658 0.047647487 -0.26328292 994.8 
20150624174957 6.927024 0.43155485 -0.95468795 0.38820487 0.17134771 -0.539394 994.8 
20150624174957 6.3284736 0.4417302 -0.8367735 0.31642818 0.36743546 -0.6930266 994.8 
20150624174957 6.4667387 0.29867667 -0.7026982 0.26816985 0.5137377 -0.6374379 994.8 
20150624174957 7.5614877 -0.12449849 -0.39624038 0.18387043 0.3155119 -0.46883908 994.8 
20150624174957 8.133103 -0.11133038 -0.1412579 0.15515977 -0.015882496 -0.31429017 994.8 
20150624174957 8.730456 0.28550854 0.23223756 0.20189096 -0.2284636 -0.22907446 994.78 
20150624174957 9.120112 0.45549688 0.5081693 0.26206118 -0.3042109 -0.13225232 994.78 
20150624174957 8.369531 0.62129533 0.6739678 0.26542094 -0.2706133 -0.054061573 994.78 
20150624174957 7.2460513 0.45190558 0.83737206 0.25259277 -0.13316862 -0.043676864 994.78 
20150624174957 6.927623 0.3309984 1.1133038 0.20830505 0.09254608 -0.0580322 994.78 
20150624174957 7.5213847 0.16220717 1.0588357 0.1328632 0.20799962 0.02443461 994.78 
20150624174957 9.905411 -0.15981296 1.6837224 0.0983493 0.086437434 0.18295415 994.78 
20150624174957 11.159374 -1.8046296 1.9500773 0.13775012 -0.23426682 0.3173445 994.78 
20150624174957 11.975199 -0.8996213 0.88765025 0.33383787 -0.5161811 0.2837469 994.78 
20150624174957 12.863447 4.004901 -0.3321955 0.6630942 -0.57604593 0.095294975 994.75 
20150624174957 12.103288 4.795586 -0.039504327 0.30390546 -0.29657507 -0.054367006 994.75 
20150624174957 12.10269 2.2026656 2.5875335 -0.28527406 0.21991149 -0.16401732 994.75 
20150624174957 13.959991 -1.5286977 1.5514427 -0.6084218 0.31856623 -0.40866885 994.75 
20150624174957 17.764977 -2.566584 -1.5400703 -0.6630942 0.21135938 -0.4813618 994.75 
20150624174957 13.973758 0.04369418 -3.0933087 -0.42119157 0.070249505 -0.48655418 994.75 
20150624174957 8.194754 -0.15322891 -3.3662477 -0.49632803 -0.060170226 -0.7535023 994.75 
20150624174957 5.6976013 -1.3192052 -2.5737667 -0.66614854 0.09560041 -1.0803152 994.75 
20150624174957 9.378687 -2.9299042 -2.1380222 -0.087964594 0.33475417 -0.7470882 994.75 
20150624174958 11.948862 0.7074866 -0.89064306 0.43585235 0.39858958 -0.34605515 994.8 
20150624174958 11.689092 2.9251158 -1.4269443 0.6072 0.47800204 -0.07391469 994.8 
20150624174958 9.764751 2.1769278 -0.7206547 0.33567044 0.109650314 -0.12980886 994.8 
20150624174958 7.8811135 0.09935937 -0.23762453 0.19456059 -0.047647487 -0.1414153 994.8 
20150624174958 7.2472486 -0.46447513 0.016759412 0.076358154 0.23640485 0.089186326 994.8 
20150624174958 7.6069775 -0.2873042 0.01436521 0.08979719 0.27152961 0.39614612 994.8 
20150624174958 7.4812818 0.19692309 -0.427365 0.09010262 0.18784106 0.57940567 994.8 
20150624174958 6.663662 0.5847838 -0.5434838 0.10842858 -0.06078109 0.6545421 994.8 
20150624174958 6.5720835 0.31423897 -0.3681085 0.122783914 -0.21410827 0.643852 994.8 
20150624174958 7.5321584 -0.670975 0.16819267 0.05100725 -0.24312437 0.59406644 994.72 
20150624174958 8.583812 -1.4454993 0.34596214 -0.08277224 -0.36835176 0.5186246 994.72 
20150624174958 9.26197 -1.7770962 0.34955344 -0.20280726 -0.5665775 0.4016439 994.72 
20150624174958 9.496002 -1.3599066 0.6332663 -0.30757064 -0.66767573 0.28985557 994.72 
20150624174958 9.026739 -0.50158525 0.85054016 -0.25625798 -0.6261369 0.15057829 994.72 
20150624174958 8.240842 0.06823475 0.878672 -0.19486602 -0.39584067 0.025961773 994.72 
20150624174958 8.248025 0.020350715 0.6901286 -0.1685988 -0.20830505 -0.0070249503 994.72 
20150624174958 9.980828 -0.4249708 0.5979519 -0.1704314 -0.18387043 0.007330383 994.72 
20150624174958 12.129624 -0.9487024 0.28491 -0.1591304 -0.3203988 0.06872234 994.72 
20150624174958 12.0967045 -2.0667946 0.05626374 -0.15515977 -0.6197228 0.124311075 994.81 
20150624174958 11.428721 -2.5671828 0.10654198 -0.16371189 -0.57604593 0.049785517 994.81 
20150624174958 12.302007 -2.3056161 1.9740193 0.050701816 -0.30115658 0.015577064 994.81 
20150624174958 12.98196 -0.54647654 2.043451 0.3921755 -0.06169739 0.30909783 994.81 
20150624174958 14.613608 1.1504139 -0.02873042 0.58032197 0.01038471 0.50243664 994.81 
20150624174958 16.87613 -0.6991069 -2.5659857 0.4120286 0.34788775 0.37293324 994.81 
20150624174958 10.832565 -2.360683 -3.9175124 0.40042216 0.6356053 0.26939157 994.81 
20150624174958 7.1383123 -1.8004397 -5.3061495 0.732122 -0.37232238 0.5714644 994.81 
20150624174958 8.109161 -0.95947635 -4.8638206 0.8943067 -0.41508293 0.70554936 994.81 
20150624174958 10.348937 -0.42078096 -2.1051018 0.48380527 0.408058 0.46028697 994.76 
20150624174958 11.359888 -1.0079589 -1.1025299 -0.22968534 0.42546764 0.2574797 994.76 
20150624174958 9.789292 -1.0947487 -1.1192893 -0.5131268 0.22113322 0.11789699 994.76 
20150624174958 9.5492735 -1.5101427 -1.0749966 -0.52198434 0.25992316 -0.18112154 994.76 
20150624174958 8.97646 -0.88046765 -1.3748703 -0.27855456 0.21899518 -0.2593123 994.76 
20150624174958 8.376713 -0.24301147 -1.1815386 -0.027488936 0.12492194 -0.2489276 994.76 
20150624174958 7.809886 -0.4189853 -1.0588357 0.0070249503 0.08399397 -0.3827071 994.76 
20150624174958 7.507618 -0.28670564 -0.5231331 -0.015882496 0.16890424 -0.4886922 994.76 
20150624174958 7.951742 -0.17776948 0.035314474 -0.018936822 0.22724187 -0.49877146 994.76 
20150624174958 7.8266454 -0.43155485 0.09696517 0.005192355 0.21288654 -0.4474588 994.79 
20150624174958 7.9289975 -0.46447513 0.044891283 0.1282817 0.19975294 -0.33261612 994.79 
20150624174958 8.207323 0.29149407 0.3298013 0.27183503 0.12767084 -0.18845193 994.79 
20150624174958 7.8009076 0.85532856 0.6871359 0.35643986 0.063224554 -0.12583824 994.79 
20150624174958 7.2029557 0.9163807 0.7392098 0.37843102 0.12095132 -0.112399206 994.79 
20150624174958 7.1646485 0.7266402 0.89423436 0.33383787 0.19639318 -0.059253927 994.79 
20150624174958 8.245032 0.45669398 1.0313023 0.2302962 0.20586158 0.08246681 994.79 
20150624174958 10.434529 0.06284779 1.8321629 0.15057829 0.02565634 0.19486602 994.79 
20150624174958 10.187328 -1.5987282 1.6729485 0.1423316 -0.20861048 0.29352075 994.79 
20150624174958 10.110714 -1.091756 0.5554548 0.35888332 -0.43890667 0.23396139 994.77 
20150624174958 12.707226 3.4243069 -0.020350715 0.5870415 -0.41141775 0.14721853 994.77 
20150624174958 13.489531 4.119224 -0.49559975 0.30634892 -0.18906279 0.08460484 994.77 
20150624174958 14.242507 1.459266 1.1049241 -0.32528573 -0.044593163 -0.115453534 994.77 
20150624174958 17.380707 -3.074155 -1.0654198 -0.605062 -0.043066 -0.44898596 994.77 
20150624174959 15.50904 -1.3934253 -3.6613328 -0.52595496 0.074830994 -0.5534439 994.77 
20150624174959 10.010158 -0.23223756 -3.240552 -0.38331795 0.10720685 -0.68019843 994.77 
20150624174959 6.25964 -0.57879823 -2.2331917 -0.71868294 0.15760323 -1.0858129 994.77 
20150624174959 7.375937 -3.8881836 -2.3421278 -0.5317582 0.20861048 -1.1050552 994.77 
20150624174959 12.325351 -3.6792896 -1.9440918 0.113926366 0.4896085 -0.6844745 994.79 
20150624174959 12.474988 0.5590461 -1.1031284 1.0525209 0.45478916 -0.18997909 994.79 
20150624174959 10.76493 4.2000284 -1.1623849 1.1899655 0.33322698 0.045814894 994.79 
20150624174959 8.655039 3.241749 -0.9840169 0.74006325 -0.045814894 -0.0061086523 994.79 
20150624174959 7.599795 0.17118542 -0.7284359 0.4279111 0.16310102 0.020463986 994.79 
20150624174959 7.442376 -0.95229375 -0.3812766 0.2648101 0.3304781 0.29229903 994.79 
20150624174959 7.81228 -0.81522566 -0.3429694 0.2507602 0.24251351 0.4859433 994.79 
20150624174959 7.9421654 -0.33518824 -0.52492875 0.21655174 0.20341812 0.5363397 994.79 
20150624174959 7.4764934 0.16220717 -0.20530279 0.2932153 0.08979719 0.573297 994.79 
20150624174959 7.2646065 0.049081136 -0.044292733 0.26206118 -0.047036625 0.5109888 994.76 
20150624174959 7.6524673 -0.62967503 0.3705027 0.15363261 -0.024740042 0.46944994 994.76 
20150624174959 8.210316 -1.5233108 0.4973954 0.071776666 -0.089491755 0.42546764 994.76 
20150624174959 8.995016 -1.7717092 0.36750996 -0.030543262 -0.19364429 0.3277292 994.76 
20150624174959 9.434352 -1.4443022 0.50876784 -0.048563786 -0.3231477 0.1872302 994.76 
20150624174959 9.246407 -0.79846627 1.0283096 -0.0033597588 -0.3286455 0.06658431 994.76 
20150624174959 8.103176 -0.28550854 0.8900445 0.037873644 -0.27458394 -9.162979E-4 994.76 
20150624174959 7.526173 0.021547815 0.36391866 0.026572637 -0.20861048 -0.02076942 994.76 
20150624174959 9.717466 0.16819267 0.7445967 -0.013133603 -0.19517145 -0.0076358155 994.76 
20150624174959 11.815984 0.18315643 0.60214174 -0.08460484 -0.39950588 0.0290161 994.82 
20150624174959 10.821193 -1.9734207 0.26276365 -0.22907446 -0.61117065 0.08307768 994.82 
20150624174959 10.364499 -2.6539726 1.2024878 -0.42424592 -0.5748242 0.048563786 994.82 
20150624174959 11.556213 -2.7144263 2.1990743 -0.37048978 -0.19028452 -0.12492194 994.82 
20150624174959 12.840702 -1.3587095 0.88944596 -0.027183503 -0.007941248 0.06352998 994.82 
20150624174959 16.179417 -0.40102878 -0.5967548 0.4978552 -0.03023783 0.5170974 994.82 
20150624174959 17.331627 -0.2669535 -2.5671828 0.6078109 -0.0076358155 0.5742133 994.82 
20150624174959 13.464991 0.31663316 -3.0382419 0.4801401 0.42119157 0.4343252 994.82 
20150624174959 8.486248 -0.5057751 -4.050989 0.6542367 0.03848451 0.63285637 994.82 
20150624174959 5.8041434 -1.1587936 -5.4300494 0.68203104 -0.093462385 0.675617 994.83 
20150624174959 9.415796 -1.0714053 -3.0244753 0.1826487 0.99296147 0.3481932 994.83 
20150624174959 12.254123 -2.3678656 -0.9498995 -0.34972036 0.8561276 0.1740966 994.83 
20150624174959 10.958859 -2.930503 -0.7200562 -0.79504114 0.2321288 0.24862215 994.83 
20150624174959 10.061034 -2.8006175 -0.47046062 -0.44776422 0.069027774 0.013133603 994.83 
20150624174959 9.399037 -2.1098902 -0.8810662 -0.13958271 0.19028452 -0.26206118 994.83 
20150624174959 8.139688 -0.99658644 -1.1845313 0.20005837 0.24617869 -0.38423425 994.83 
20150624174959 7.4268136 0.24420857 -0.45789108 0.29229903 0.2125811 -0.600786 994.83 
20150624174959 7.575853 0.81402856 -0.38187516 0.21471913 0.28924468 -0.6817256 994.83 
20150624174959 8.166622 0.5823896 -0.4213795 0.20005837 0.2929099 -0.55955255 994.74 
20150624174959 8.6334915 -0.02873042 -0.31783026 0.20799962 0.12980886 -0.39370266 994.74 
20150624174959 8.665215 -0.3286042 -0.26874915 0.25411993 -0.10873401 -0.31490102 994.74 
20150624174959 8.487445 -0.2885013 -0.060453594 0.3576616 -0.118202426 -0.22876903 994.74 
20150624174959 8.309077 -0.16220717 0.44113165 0.4007276 -0.015577064 -0.17134771 994.74 
20150624174959 8.304887 0.34715924 0.79008657 0.4382958 0.042455133 -0.129198 994.74 
20150624174959 8.294113 1.1468226 1.0833763 0.45448375 0.12614368 -0.093462385 994.74 
20150624174959 7.750031 1.4251486 1.009156 0.40469822 0.17959438 -0.03756821 994.74 
20150624174959 7.654263 0.6943185 1.3461399 0.29749137 0.14660765 0.074830994 994.74 
20150624174959 8.676587 -0.338181 1.8746599 0.21135938 0.015577064 0.17959438 994.8 
