20150624174035 -0.55964464 -14.404715 7.1903863 1.6878207 -0.5164866 -0.9306532 995.24 
20150624174035 3.1423898 -19.608511 -4.092888 2.5735753 -2.631302 0.17470746 995.14 
20150624174035 -5.94181 -12.720393 -10.547656 0.79045963 -2.4291058 0.45723262 995.14 
20150624174035 5.300164 10.614694 -6.937798 -0.71837753 0.52534413 -0.54244834 995.14 
20150624174035 8.821436 3.280655 -1.1013328 -0.18509217 2.4327707 1.8319849 995.14 
20150624174035 18.252197 -8.423999 9.718064 -0.99296147 1.7595973 2.057394 995.14 
20150624174035 -6.403891 -19.608511 -8.281544 -1.4749341 0.625526 0.079107046 995.14 
20150624174035 -4.4208937 -11.134833 1.1695676 -0.47586402 1.3649784 -2.0787745 995.14 
20150624174035 -1.9949685 -4.2161894 0.4321534 -1.7461584 1.5864171 -1.1371256 995.14 
20150624174035 0.047285482 -6.2530565 -3.894169 -4.1523566 -0.6252206 0.9795224 995.14 
20150624174035 1.7459716 -9.38168 -2.5623944 -2.7302623 2.28036 0.6078109 994.89 
20150624174035 3.003526 -8.865729 1.1013328 -1.765706 3.8249328 -0.43401974 994.89 
20150624174035 2.0033484 -7.5088153 0.95588505 -1.6936239 2.593123 -0.7870999 994.89 
20150624174035 1.0654198 -7.702147 -0.31304187 -1.7214183 0.5039638 -0.8240572 994.89 
20150624174035 1.3569138 -9.300875 -1.0953473 -1.751656 -0.539394 -0.43676865 994.89 
20150624174035 1.6053122 -9.738416 -1.8387469 -1.7684549 0.31673363 -0.47983465 994.89 
20150624174035 0.6997054 -8.725668 -3.0490158 -1.7733418 1.4987578 -0.5170974 994.89 
20150624174035 -1.050456 -10.096349 -5.115212 -1.6157386 2.4284947 -0.45448375 994.89 
20150624174035 -1.3162124 -9.693524 -4.018069 -1.2067643 2.5744915 -0.3100141 994.89 
20150624174035 -0.919972 -9.999383 -0.5021838 -0.91813046 1.7938058 -0.18325958 995.06 
20150624174035 1.757344 -10.156203 1.5717934 -0.72601336 0.30207285 -0.21288654 995.06 
20150624174035 3.9965212 -10.256162 1.13964 -0.77304995 -1.3249667 -0.29046643 995.06 
20150624174035 2.9257145 -9.906608 0.58777654 -1.042747 -1.8423696 -0.18051068 995.06 
20150624174035 -0.82480246 -11.811195 2.167351 -1.3646729 -1.1239921 -0.15668693 995.06 
20150624174035 -5.386954 -11.767501 1.3790601 -0.95081174 0.14172074 -0.27152961 995.06 
20150624174035 -5.3504424 -14.671668 -2.0775685 -0.20219639 0.07788532 -0.3191771 995.06 
20150624174035 -1.5999253 -16.071678 -0.42078096 -0.06841691 -0.5479461 -0.22082779 995.06 
20150624174035 -1.2946646 -18.456902 -0.11731588 -0.1255328 -0.40042216 -0.016798794 995.06 
20150624174035 -3.3255463 -12.97777 4.7985787 0.14019357 -0.30085114 0.2779437 995.11 
20150624174035 2.5755625 -12.692262 -1.4413095 1.0891727 -0.7825184 0.5681047 995.11 
20150624174035 9.566631 -12.670115 -4.648941 2.3967297 -1.575116 0.70188415 995.11 
20150624174036 9.298481 -12.448651 -2.3852234 2.8463266 -1.2831224 0.30298916 995.11 
20150624174036 7.2843585 -14.518439 -0.50517654 2.8142562 -0.4184427 -0.28069258 995.11 
20150624174036 3.2561142 -14.466964 -0.39205053 2.9297097 -0.25625798 -0.66156703 995.11 
20150624174036 -1.6639702 -18.49461 -9.209297 2.7409523 0.31123585 -3.0543262E-4 995.11 
20150624174036 0.66139823 -16.973694 -4.559159 2.5928175 2.4923303 0.30909783 995.11 
20150624174036 0.089782566 -12.57734 -1.1779473 2.2174408 4.593096 0.91782504 995.11 
20150624174036 0.59615624 -9.23683 -3.1250317 2.7620273 2.1905627 0.95722586 994.99 
20150624174036 0.89543146 -5.9202623 -3.3243492 4.1954226 -2.9336803 0.8072584 994.99 
20150624174036 1.6879122 -3.145981 -3.7834373 4.2610908 -4.9247956 0.9804387 994.99 
20150624174036 2.6862943 -1.7417817 -2.1841104 3.8789942 -4.1099014 1.0048733 994.99 
20150624174036 2.6641479 -3.0017304 -0.5153519 3.8063014 -3.1853569 0.7098254 994.99 
20150624174036 1.1617863 -2.7982233 -0.4297592 3.4639113 -2.5066855 0.43493605 994.99 
20150624174036 1.1378443 -2.5091233 0.28072014 1.8738291 -2.2165246 0.37201694 994.99 
20150624174036 1.7070658 -2.4666264 -0.3429694 0.8399397 -2.0186043 0.27030787 994.99 
20150624174036 1.489792 -2.285864 -0.3417723 0.36926803 -1.4367551 0.36377025 994.99 
20150624174036 1.5705963 -3.0657754 1.6394296 -0.17073683 -0.84879726 0.35796702 995.37 
20150624174036 3.1555579 -3.9312792 4.6381674 -0.6560693 -0.47647488 0.33475417 995.37 
20150624174036 4.9302597 -6.9719152 8.954913 -1.4239268 -0.30482176 0.35308012 995.37 
20150624174036 7.583634 -17.295713 7.1287355 -2.173764 -0.0693332 0.21410827 995.37 
20150624174036 12.095507 -19.608511 13.233352 -2.5760188 0.6792821 -0.11759156 995.37 
20150624174036 7.0227923 -18.137276 16.139912 -1.9727893 1.6487253 -0.8353582 995.37 
20150624174036 -8.98903 -7.543531 16.441582 -0.75411314 0.33078352 -1.4853189 995.37 
20150624174036 -1.5251064 -16.711529 -2.9430726 2.4217753 -0.7330383 -1.2556335 995.37 
20150624174036 -8.480263 -19.608511 -11.703457 2.42147 -3.1535919 0.64996064 995.37 
20150624174036 2.7808652 -1.192911 -12.047025 -0.90285885 -1.0128145 -0.03726278 995.12 
20150624174036 3.7786489 6.037578 -3.7535098 -1.8735237 2.2757785 1.2470814 995.12 
20150624174036 19.607914 -0.02932897 12.416928 -0.698219 3.050661 1.8817704 995.12 
20150624174036 -2.1823149 -19.608511 -2.677316 -0.50640726 0.6899723 1.1169671 995.12 
20150624174036 -6.4260373 -10.04607 -3.426701 0.5479461 -0.50488013 -1.7617353 995.12 
20150624174036 -4.0372224 -7.374141 1.5777789 -2.5207355 -1.0195341 -0.5833763 995.12 
20150624174036 -2.0458453 -9.434352 -4.7985787 -4.372879 1.178359 1.0940597 995.12 
20150624174036 0.65421563 -8.269572 -3.4769795 -3.1609223 4.2568145 0.87017757 995.12 
20150624174036 2.8257565 -7.059902 0.19512744 -2.0228803 4.490776 -0.0070249503 995.12 
20150624174036 3.7672763 -7.1670427 0.075417355 -1.9107865 2.807842 -0.31581733 994.95 
20150624174036 3.1908724 -7.2370734 -0.7230489 -1.5060883 0.36651915 -0.44043383 994.95 
20150624174036 2.5474305 -7.695563 -0.62129533 -1.2501358 0.035124753 -0.41996986 994.95 
20150624174036 0.9516952 -8.554482 -1.4993688 -1.462106 0.45204028 -0.41050145 994.95 
20150624174036 0.3597288 -8.965088 -3.7301662 -1.7660115 0.77213365 -0.4529566 994.95 
20150624174036 -0.51954174 -9.4972 -5.6922145 -1.6722436 1.7189748 -0.5412266 994.95 
20150624174036 -0.9708488 -10.408792 -3.019687 -1.4590516 2.208278 -0.5170974 994.95 
20150624174036 -1.027711 -11.218631 1.7274165 -1.1456778 1.6777414 -0.5332854 994.95 
20150624174036 -0.20590134 -11.236588 3.0615854 -0.8735373 -0.13408493 -0.5479461 994.95 
20150624174036 1.7711107 -10.089166 -0.15023616 -0.9104946 -1.239751 -0.46486846 995.02 
20150624174036 0.9504981 -11.655573 0.9780314 -1.4605788 -1.2018774 -0.23090707 995.02 
20150624174036 -4.9308586 -12.401366 2.9041667 -1.2156218 0.15088372 -0.18784106 995.02 
20150624174036 -4.672883 -13.180679 -3.0556 -0.4184427 0.2910773 -0.2678644 995.02 
20150624174036 0.7188591 -13.388974 -2.1613655 -0.2742785 -0.9950995 -0.28160888 995.02 
20150624174036 1.6555905 -16.313492 2.598906 -0.10140363 -0.64812803 -0.28160888 995.02 
20150624174036 -2.8233624 -17.902643 -0.62608373 0.07269296 -0.05681047 0.16462818 995.02 
20150624174036 -2.7551277 -13.47756 2.099715 0.89644474 -1.2278391 0.30970868 995.02 
20150624174037 7.6722193 -12.709022 0.6811504 1.7956384 -1.368949 0.60994893 995.02 
20150624174037 10.073005 -12.308591 -4.859631 2.420248 -0.91690874 0.7675522 995.02 
20150624174037 7.3106947 -11.804013 -4.0677485 3.2174273 -0.24587326 0.09407325 995.02 
20150624174037 6.615778 -13.264476 -0.017956512 3.0344732 0.4804455 -0.8304713 995.02 
20150624174037 0.96546185 -15.308526 -2.042254 2.1908681 0.39370266 -0.44073927 995.02 
20150624174037 -1.2557588 -19.27093 -9.376292 2.268448 1.0412198 -0.4550946 995.02 
20150624174037 -0.57640404 -16.683994 -4.502895 2.5329528 2.5250115 -0.040011674 995.02 
20150624174037 -0.85293436 -11.638214 -1.4095862 2.4941628 3.4874296 0.6441574 995.02 
20150624174037 -0.60932434 -8.145074 -2.6641479 3.6190712 1.0775663 0.679893 995.02 
20150624174037 1.1498153 -3.1998506 -3.7241807 4.436714 -3.926947 0.7290677 995.02 
20150624174037 2.6844985 -1.2856863 -3.1465795 4.1465535 -4.5616364 1.1447614 995.0 
20150624174037 3.4931402 -1.9764135 -0.65660983 3.6688566 -3.44528 1.1340714 995.0 
20150624174037 2.2230163 -3.2249897 -0.16819267 3.4275649 -2.2782218 0.5332854 995.0 
20150624174037 0.8265981 -3.5847185 -0.020350715 2.363743 -2.0631974 0.3753767 995.0 
20150624174037 1.1653777 -2.930503 0.2148796 1.1117748 -2.0030272 0.36682457 995.0 
20150624174037 1.3970166 -2.585738 -0.16519992 0.59986967 -1.4269812 0.4700608 995.0 
20150624174037 0.8702923 -3.1974564 0.52971715 0.31795537 -1.0729848 0.48533243 995.0 
20150624174037 2.1751323 -3.7475243 3.7960067 -0.2003638 -0.82711154 0.4370741 995.0 
20150624174037 4.460996 -6.0525417 4.7339354 -0.8970556 -0.50823987 0.48288897 995.0 
20150624174037 6.314707 -10.452486 6.356007 -1.7342464 -0.23915374 0.42119157 995.15 
20150624174037 6.345233 -15.47193 8.102577 -2.2666154 0.4905248 0.21685717 995.15 
20150624174037 7.1622543 -18.228853 11.654375 -2.1325307 1.0134255 -0.14049901 995.15 
20150624174037 2.3720553 -15.557523 19.38166 -1.1863003 0.8717047 -0.6936375 995.15 
20150624174037 -5.9292407 -8.210915 12.257115 0.5635232 -0.6914995 -0.8979719 995.15 
20150624174037 2.4384944 -18.258183 1.6771383 2.3047945 -1.7189748 -0.48655418 995.15 
20150624174037 -7.1341224 -19.608511 -8.431181 1.0253373 -2.5686884 0.81122905 995.15 
20150624174037 2.3020248 -0.30286652 -15.921441 -0.08582657 0.27855456 0.17928895 995.15 
20150624174037 7.78355 8.450933 -4.7818193 -1.128879 0.66828656 0.6478226 995.15 
20150624174037 19.607914 4.8374844 14.089877 -0.7669413 2.289523 2.1138992 995.43 
20150624174037 2.4091654 -19.132664 -0.19093758 -1.1960741 0.75961095 1.1099422 995.43 
20150624174037 -13.603255 -17.997213 -8.170812 0.5177083 0.33628133 -2.225382 995.43 
20150624174037 -7.2340803 -8.728661 2.0524294 -1.1111639 -1.1252137 -2.1300871 995.43 
20150624174037 -2.6599581 -6.603807 -2.3169887 -4.9883256 0.045814894 1.3041973 995.43 
20150624174037 0.581791 -5.759252 -4.909311 -3.2418618 4.4678683 1.711339 995.43 
20150624174037 3.3279405 -7.005434 0.7763199 -1.3799446 4.9968777 0.42913285 995.43 
20150624174037 2.9125464 -7.752425 1.5981296 -1.6007724 3.2708778 -0.5015204 995.43 
20150624174037 3.3327289 -8.166023 -0.29807812 -1.9077321 -0.3118467 -0.7984009 995.43 
20150624174037 3.1004913 -8.010999 -2.2080526 -1.7186694 -0.8353582 -0.7678576 994.96 
20150624174037 2.333748 -7.1580644 -1.7699136 -1.57084 0.59589905 -0.57451874 994.96 
20150624174037 0.5542577 -8.342596 -4.018069 -1.7030923 1.7846428 -0.473726 994.96 
20150624174037 -0.30226797 -10.893019 -5.674258 -1.6594155 2.289523 -0.6786713 994.96 
20150624174037 -0.61650693 -10.758346 -3.8594532 -1.5974126 2.6209173 -0.7171558 994.96 
20150624174037 -1.8716671 -10.851719 0.7032967 -1.4511104 2.2681427 -0.58123827 994.96 
20150624174037 -0.16460137 -11.851298 1.8974048 -0.93767816 0.8188649 -0.52870387 994.96 
20150624174037 2.3008277 -9.746795 0.95947635 -0.74006325 -0.84757555 -0.44409904 994.96 
20150624174037 1.774702 -11.143812 0.5722142 -1.4327844 -0.9300423 -0.2098322 994.96 
20150624174037 -3.4129345 -12.735357 2.475006 -1.3637567 0.21624629 -0.22266038 995.09 
20150624174037 -4.8021703 -11.638214 -2.0709844 -0.5369505 0.75411314 -0.38912117 995.09 
20150624174037 -3.0268695 -12.971187 -2.6402059 -0.29810223 -0.16982053 -0.26083946 995.09 
20150624174038 -1.8177977 -16.6403 -0.40521863 -0.1572978 -0.15027285 -0.08307768 995.09 
20150624174038 -2.1787236 -17.151463 0.6877344 0.05222898 0.086132 0.03390302 995.09 
20150624174038 -3.6673183 -14.489709 -3.8067808 0.42058071 -0.95081174 0.23762658 995.09 
20150624174038 4.815338 -11.81778 1.115698 1.2825116 -1.3191634 0.51923543 995.09 
20150624174038 12.374432 -11.036672 0.641646 2.1154263 -1.3558154 0.9129381 995.09 
20150624174038 8.860941 -14.121001 -4.932654 3.1300735 -1.3420709 0.22174409 995.09 
20150624174038 9.737817 -12.033856 -1.2210429 3.8698313 -0.9263771 -0.95569867 995.08 
20150624174038 3.5350387 -15.270219 1.1246762 2.9303205 -0.29993483 -0.77396625 995.08 
20150624174038 1.2174516 -15.056536 -5.3678 2.0598376 0.32498032 -0.5540548 995.08 
20150624174038 0.63206923 -15.437214 -9.7084875 2.2745566 1.8781052 -0.4016439 995.08 
20150624174038 -0.1400608 -12.182297 -1.0857705 2.1517727 4.1239514 0.17837265 995.08 
20150624174038 -1.0169371 -10.113108 -2.1110873 2.405282 3.8563924 0.2406809 995.08 
20150624174038 -0.99179804 -9.334992 -4.2425256 3.4666603 -1.7098118 0.15241088 995.08 
20150624174038 -0.2184709 -4.8309007 -2.4181437 4.0365977 -4.1291437 0.66156703 995.08 
20150624174038 0.7170634 -2.3008277 -2.5617957 3.8353174 -4.157549 1.0824533 995.08 
20150624174038 2.3666685 -1.8908207 -1.8866309 3.796222 -3.8637226 0.8622363 995.07 
20150624174038 2.6030958 -3.217807 0.30885202 3.422678 -3.0356948 0.54367006 995.07 
20150624174038 1.3970166 -4.8722005 0.39504328 2.502104 -2.3170118 0.45173484 995.07 
20150624174038 3.3770216 -2.9592333 0.17776948 1.1157454 -2.264783 0.45845437 995.07 
20150624174038 3.264494 -2.8999767 0.31423897 0.38148534 -1.7379116 0.77488256 995.07 
20150624174038 3.072958 -3.0986955 0.07182605 -0.025350908 -0.9737192 0.68936145 995.07 
20150624174038 2.755726 -3.5009215 3.58412 -0.550695 -0.7333437 0.6621779 995.07 
20150624174038 2.2613235 -6.3470287 7.1047935 -1.0705414 -0.31795537 0.70096785 995.07 
20150624174038 5.2786164 -13.183073 7.6345105 -1.5436565 -0.1966986 0.49418998 995.07 
20150624174038 8.614338 -18.514961 6.013636 -1.7180585 0.38545597 0.119729586 995.16 
20150624174038 12.541427 -13.408128 6.1219735 -1.5775595 1.7886134 -0.47983465 995.16 
20150624174038 7.1808095 -9.318831 17.088017 -0.8164214 1.4941764 -0.95386606 995.16 
20150624174038 -3.1070752 -16.982073 15.003863 0.46395215 -0.6814202 -1.287093 995.16 
20150624174038 -0.5021838 -19.608511 8.882488 2.0222695 -1.8176296 -0.91538155 995.16 
20150624174038 -10.563816 -19.293674 -3.7906199 0.84513205 -2.6633725 0.115453534 995.16 
20150624174038 -0.26396075 6.805518 -14.224551 -0.17531833 0.17195857 -0.14446963 995.16 
20150624174038 9.345766 9.394249 -5.7724204 0.0711658 1.9569068 1.7702875 995.16 
20150624174038 14.419679 -4.132991 -1.174356 -0.70952 2.3203716 2.5017986 995.16 
20150624174038 5.975329 -19.501371 -4.6471453 -1.6481144 1.3854424 0.8051204 995.14 
20150624174038 -9.395446 -17.204134 0.65660983 -0.52015173 1.9382755 -1.4920384 995.14 
20150624174038 -6.211158 -6.927024 3.3141737 -0.75961095 1.4672983 -1.5952746 995.14 
20150624174038 -1.7980455 -5.671864 -1.9003977 -4.4898596 -2.6435194 1.2131784 995.14 
20150624174038 0.36272156 -7.180211 -6.2087636 -3.7082574 2.5592198 1.4639386 995.14 
20150624174038 3.4614172 -8.005013 -1.6837224 -1.8435913 4.679533 0.4999932 995.14 
20150624174038 3.0244753 -7.9732904 3.376423 -1.7110336 4.5103235 -0.2171626 995.14 
20150624174038 2.4319103 -7.9750857 0.26515785 -2.090381 1.073901 -0.6236934 995.14 
20150624174038 2.8161798 -7.805696 -0.8074445 -1.5989398 -1.2990049 -0.65668017 995.14 
20150624174038 2.9340942 -7.0245876 -0.5153519 -1.4437801 0.0580322 -0.5335908 995.03 
20150624174038 2.0721815 -6.9647326 -3.2028434 -1.6172657 0.88453287 -0.44409904 995.03 
20150624174038 0.24001873 -10.019135 -6.247071 -1.6759088 1.525636 -0.6059783 995.03 
20150624174038 -1.1025299 -12.970588 -5.7544637 -1.7259997 2.46759 -0.75411314 995.03 
20150624174038 -2.1057005 -11.4915695 -0.46267948 -1.7318029 2.5460863 -0.5384777 995.03 
20150624174038 -0.9708488 -11.080365 2.078167 -1.3158038 0.96761054 -0.31764993 995.03 
20150624174038 0.86011696 -11.195287 2.5079262 -0.5213735 -0.5225952 -0.14508049 995.03 
20150624174038 1.0869676 -10.258555 0.7290344 -0.9456194 -1.069625 -0.33933565 995.03 
20150624174039 -1.9572599 -12.732365 1.7477672 -1.6762142 -0.64751714 -0.22907446 995.03 
20150624174039 -5.4025164 -12.452243 0.54408234 -0.98807454 0.35888332 -0.355829 995.05 
20150624174039 -3.7882257 -13.000515 -3.8965633 -0.1863139 -0.10048734 -0.36132678 995.05 
20150624174039 0.56203884 -13.697826 -0.45070848 -0.1695151 -0.6805039 -0.17104226 995.05 
20150624174039 -0.41299978 -17.80508 1.785476 -0.02565634 -0.17256944 0.035124753 995.05 
20150624174039 -4.7405195 -14.750078 0.61650693 0.30573806 -0.634689 0.22082779 995.05 
20150624174039 -2.4863784 -12.751518 -5.395932 0.956615 -1.5115861 0.35613444 995.05 
20150624174039 7.8787193 -12.380417 1.2641385 1.8774943 -1.5470163 0.66431594 995.05 
20150624174039 11.900379 -12.664728 -2.7006595 2.2091942 -0.9663888 0.86406887 995.05 
20150624174039 9.546281 -13.087305 -4.8524485 3.3148603 -0.94989544 -0.23060162 995.05 
20150624174039 9.060258 -12.622829 0.36032736 3.5494325 -0.7031059 -1.2800682 995.05 
20150624174039 2.484583 -14.516045 -3.5392287 2.3478606 0.052534413 -0.18478674 995.05 
20150624174039 0.29388827 -16.722301 -9.569026 2.1798725 1.7599027 -0.4886922 995.05 
20150624174039 0.3393781 -13.962386 -3.6224272 2.4587326 2.9956832 -0.25167647 995.05 
20150624174039 -0.10055647 -10.57878 -2.8113914 2.463314 3.2443054 0.034513887 995.05 
20150624174039 -0.7966706 -9.264363 -2.4259248 3.5576792 0.3182608 0.19761491 995.05 
20150624174039 -0.4405331 -5.6060233 -3.2603042 4.099822 -3.5424075 0.4978552 995.05 
20150624174039 1.1623849 -2.0338743 -3.181894 4.1416664 -4.393343 0.8753699 995.05 
20150624174039 2.4498668 -1.3611037 -2.184709 3.7760634 -4.0188823 1.0387764 995.05 
20150624174039 2.545635 -2.4522612 -0.24420857 3.419929 -2.8554895 0.5513059 995.17 
20150624174039 1.1994951 -3.9989154 -0.11671733 2.3386977 -2.0253236 0.267559 995.17 
20150624174039 1.8902222 -3.852869 0.110133275 1.3600914 -1.890628 0.19028452 995.17 
20150624174039 2.6366146 -2.8724434 -0.023942016 0.600786 -1.5234979 0.3051272 995.17 
20150624174039 1.951873 -2.879626 -0.31304187 0.102319926 -0.8958339 0.462425 995.17 
20150624174039 2.123657 -4.4765587 2.391209 -0.4034765 -0.5174029 0.4801401 995.17 
20150624174039 2.8215668 -6.76362 5.837064 -1.0659598 -0.24129178 0.56382865 995.17 
20150624174039 5.3199162 -11.079168 11.350311 -1.5570955 -0.18448131 0.559858 995.17 
20150624174039 7.3711486 -18.615517 8.794501 -2.0231857 0.032070424 0.5186246 995.17 
20150624174039 11.408371 -18.230051 8.670602 -1.8463402 0.890947 0.022296581 995.15 
20150624174039 5.78918 -10.069414 15.639524 -0.77640975 1.5632042 -0.6536258 995.15 
20150624174039 0.27114335 -14.546571 12.801198 1.146594 -0.62888575 -0.9077458 995.15 
20150624174039 3.83192 -19.608511 0.6901286 2.2128594 -2.6774223 -0.58184916 995.15 
20150624174039 -10.306439 -16.87972 -10.055049 1.2012665 -2.9104674 -0.010995574 995.15 
20150624174039 0.9163807 10.278907 -12.099697 -0.23487769 0.8686504 -0.5815437 995.15 
20150624174039 8.256405 6.996456 -3.1711202 -0.23304509 2.9724703 1.7467692 995.15 
20150624174039 18.714876 -5.9531827 11.798626 -1.205848 1.9517145 1.8072448 995.15 
20150624174039 -4.3341036 -19.608511 -6.4966664 -1.5995506 1.0283916 0.36041048 995.15 
20150624174039 -8.543709 -14.070125 -0.3824737 0.03726278 1.7299703 -2.4593434 994.98 
20150624174039 -3.4422636 -5.2145715 3.6739025 -2.5589144 0.65118235 -0.8136725 994.98 
20150624174039 -1.9776106 -5.514445 -3.739743 -4.2271876 0.52473325 1.599856 994.98 
20150624174039 1.4377182 -6.6103907 -3.221997 -2.195755 2.8136454 0.8597928 994.98 
20150624174039 2.9101522 -8.484452 0.84694886 -1.6841555 3.719253 0.17073683 994.98 
20150624174039 2.2068555 -8.650849 1.2485762 -1.813659 2.856406 -0.30757064 994.98 
20150624174039 2.1817162 -7.8829093 0.9223662 -1.8283197 0.7641924 -0.4184427 994.98 
20150624174039 2.4486697 -7.1490865 -1.0133458 -1.564426 -0.09162979 -0.25045475 994.98 
20150624174039 2.8311436 -6.63972 -1.5951369 -1.5558738 0.6123924 -0.27550024 994.98 
20150624174039 2.6114755 -6.449381 -4.650737 -1.7128662 1.5778649 -0.4016439 995.09 
20150624174039 1.0145429 -10.040684 -6.8240733 -1.784032 2.375044 -0.6075055 995.09 
20150624174039 -0.8170213 -13.046603 -4.3047748 -1.6783522 3.0079005 -0.8881981 995.09 
20150624174039 -3.1322143 -13.023859 1.1599907 -1.7229455 2.2879958 -0.83199847 995.09 
20150624174040 -2.243367 -11.453861 2.7635074 -1.3060299 0.36926803 -0.4456262 995.09 
20150624174040 1.584363 -10.597934 3.8600516 -0.88056225 -0.8011498 -0.26542094 995.09 
20150624174040 1.3640964 -11.373056 1.1575965 -1.2996159 -0.57635134 -0.29016098 995.09 
20150624174040 -4.900931 -12.2319765 3.1453824 -1.3286319 0.099571034 -0.24007004 995.09 
20150624174040 -5.793968 -13.023859 -2.1057005 -0.25442538 0.3885103 -0.36041048 995.09 
20150624174040 -1.3437457 -13.541006 -2.1278467 -0.0720821 -0.68111473 -0.23945917 995.24 
20150624174040 -0.50278234 -16.593613 0.65541273 0.05375614 -0.2996294 -0.048258353 995.24 
20150624174040 -4.2491093 -16.295536 0.15203181 0.18997909 -0.16829337 0.124311075 995.24 
20150624174040 -2.0632033 -12.442666 -0.623091 0.95111716 -1.3112222 0.36468655 995.24 
20150624174040 7.8589673 -13.208212 0.35913026 1.7947221 -1.5763378 0.7272351 995.24 
20150624174040 10.589554 -13.606847 -4.262876 2.5402832 -1.2370021 0.5708536 995.24 
20150624174040 9.568427 -13.258491 -4.731541 3.1105258 -0.8573494 -0.2565634 995.24 
20150624174040 6.475717 -14.019847 0.95109665 3.073263 -0.45753807 -1.0064005 995.24 
20150624174040 1.7543513 -15.7747965 -2.7760768 2.2174408 0.38606682 -0.0290161 995.24 
20150624174040 -0.0664391 -18.933348 -10.38904 2.5329528 1.3515394 -0.13775012 994.86 
20150624174040 0.6679823 -13.236344 -2.9999347 2.4623978 3.0821207 0.22724187 994.86 
20150624174040 0.581791 -10.006566 -3.1860838 2.4141395 3.5763106 0.6649268 994.86 
20150624174040 0.28909984 -8.100183 -3.3039982 3.6969564 -0.4560109 0.56688297 994.86 
20150624174040 1.0666169 -4.608838 -3.46022 4.085161 -3.8166862 0.80878556 994.86 
20150624174040 1.3311762 -2.349909 -2.1972785 3.991699 -4.1187587 1.1227703 994.86 
20150624174040 2.5677812 -2.0697873 -1.1976994 3.9431353 -3.6829066 0.91690874 994.86 
20150624174040 1.7926586 -3.0310593 -0.61530983 3.7745364 -2.8108964 0.5626069 994.86 
20150624174040 0.7697359 -3.5793316 -0.492607 2.4174993 -2.3866506 0.30390546 994.86 
20150624174040 1.5873557 -3.2531216 -1.0432734 1.187522 -2.218968 0.15454891 995.13 
20150624174040 1.7405846 -2.734777 -0.9876082 0.68630713 -1.7379116 0.22907446 995.13 
20150624174040 0.86969376 -3.2154129 -0.21188685 0.27152961 -1.1304061 0.3753767 995.13 
20150624174040 1.827973 -4.0402155 2.7736826 -0.10293079 -0.77213365 0.39675698 995.13 
20150624174040 3.5643678 -5.2079873 6.3865333 -0.8219192 -0.57604593 0.48838675 995.13 
20150624174040 6.2584434 -10.1161 8.37372 -1.6780468 -0.28405234 0.6065892 995.13 
20150624174040 9.403826 -18.906412 8.200141 -2.1890357 0.17348573 0.5036584 995.13 
20150624174040 10.097546 -18.63946 11.503541 -1.7547104 0.91751957 -0.14508049 995.13 
20150624174040 1.8028339 -10.24419 17.307085 -0.9767735 0.41050145 -0.74464476 995.13 
20150624174040 -3.2944214 -13.469779 10.827777 1.0537425 -1.0842859 -0.9575313 995.28 
20150624174040 2.059612 -19.608511 4.8853683 2.141999 -1.7626517 -0.21563543 995.28 
20150624174040 -10.911574 -17.768568 -8.9602995 0.83169305 -1.7577647 0.4978552 995.28 
20150624174040 5.740697 11.556811 -9.554661 0.12950343 0.41172317 -0.034513887 995.28 
20150624174040 9.217676 6.491878 -4.074931 -0.15851954 1.6905695 1.7644843 995.28 
20150624174040 17.027563 -3.4530375 6.7851677 -1.1508701 2.0292943 1.6496416 995.28 
20150624174040 0.19632454 -19.608511 -4.466982 -1.3060299 1.1887437 0.10140363 995.28 
20150624174040 -9.940127 -18.1678 -0.49440265 0.23457226 1.6035212 -2.286163 995.28 
20150624174040 -4.634576 -7.241263 4.426879 -2.958726 -0.19639318 -0.70005155 995.28 
20150624174040 -1.3617022 -5.49589 -4.9721584 -4.117537 0.7715228 1.2339478 994.7 
20150624174040 2.1374235 -6.5361705 -3.7044287 -2.5222626 2.6093109 1.303281 994.7 
20150624174040 2.554613 -8.104373 2.0655975 -2.0018053 4.2598686 0.3378085 994.7 
20150624174040 2.332551 -7.892486 2.0626047 -2.2269092 2.4376578 -0.22785273 994.7 
20150624174040 2.996942 -7.2484455 1.5215151 -2.0390682 -0.4746423 -0.37965274 994.7 
20150624174040 3.5715504 -6.493075 -0.24959552 -1.7681495 -0.0693332 -0.419359 994.7 
20150624174040 3.2202013 -6.0627174 -1.6472107 -1.6954565 0.84940815 -0.37507126 994.7 
20150624174040 2.846706 -6.741473 -4.2161894 -1.9694295 1.9401081 -0.51159966 994.7 
20150624174040 0.9564836 -9.926959 -6.583456 -1.9642372 2.820365 -0.8023715 994.7 
20150624174041 -1.7304093 -13.9151 -6.153697 -1.8912388 3.39244 -0.9963212 995.02 
20150624174041 -4.2251673 -11.998542 -1.1875241 -1.8286251 3.1978796 -0.9584476 995.02 
20150624174041 -3.7588966 -10.5285015 1.4197617 -1.2861768 2.1252003 -0.47525316 995.02 
20150624174041 -0.4309563 -11.466431 4.039018 -0.4361578 0.055588737 -0.122783914 995.02 
20150624174041 2.552219 -10.2896805 1.4431051 -1.1267409 -0.6930266 -0.30207285 995.02 
20150624174041 -2.7832594 -12.308591 1.7788919 -1.3924674 -0.7021896 -0.16187929 995.02 
20150624174041 -5.834071 -12.522273 0.6967127 -0.5873469 0.30543262 -0.25259277 995.02 
20150624174041 -3.1519666 -13.763068 -3.2429461 -0.17715092 -0.10567969 -0.3371976 995.02 
20150624174041 -1.1869255 -15.796344 -0.7954735 -0.17592919 -0.95386606 -0.20830505 995.02 
20150624174041 -3.2513258 -17.39208 0.0724246 0.008552114 -0.37843102 -0.029626964 995.09 
20150624174041 -3.4691982 -13.381193 -1.3922282 0.732122 -1.3322971 0.18142697 995.09 
20150624174041 6.1620765 -14.092271 1.0654198 1.4248432 -1.7574593 0.441961 995.09 
20150624174041 12.124237 -12.49055 -1.7705121 2.2996023 -1.6789632 0.79259765 995.09 
20150624174041 9.703101 -13.92348 -4.763264 3.4535267 -1.110553 -0.013439035 995.09 
20150624174041 6.9838862 -13.194446 1.411382 3.6502252 -0.34300083 -0.9098838 995.09 
20150624174041 0.0664391 -16.551117 -6.2524576 2.5509732 0.5320636 0.12522738 995.09 
20150624174041 -0.10594343 -19.082985 -5.1289787 2.6080892 1.5555683 -0.12003502 995.09 
20150624174041 1.2036849 -13.639767 -3.4799721 2.3890939 3.057686 0.19181168 995.09 
20150624174041 2.654571 -10.110115 -3.5236664 2.8475482 2.9297097 0.5671884 994.94 
20150624174041 0.9516952 -9.558251 -3.7223852 4.1184535 -1.6334536 0.27214047 994.94 
20150624174041 0.15382746 -6.9186444 -3.3919852 4.445877 -4.227493 0.020463986 994.94 
20150624174041 0.6799533 -1.951873 -2.7150247 4.321566 -4.284609 0.1863139 994.94 
20150624174041 1.9614497 -0.30645782 -1.4131776 4.235129 -4.0732493 0.63041294 994.94 
20150624174041 1.2354081 -1.6292542 -0.31304187 3.823711 -3.004846 0.5348125 994.94 
20150624174041 0.5398925 -3.6822822 -0.65660983 2.0454822 -2.2849414 0.23151793 994.94 
20150624174041 1.9165585 -3.9402575 -1.1360487 0.8723156 -1.8362609 0.03970624 994.94 
20150624174041 1.1815386 -3.7032316 -1.5658079 0.5412266 -1.1087204 0.22113322 994.94 
20150624174041 0.4830302 -2.6503813 0.010175358 0.36071593 -0.7791586 0.36010507 995.29 
20150624174041 1.0552444 -3.8905778 3.1040826 -0.042760566 -0.7870999 0.58062744 995.29 
20150624174041 2.2134395 -7.1969705 8.136695 -0.74220127 -0.99204516 0.55771995 995.29 
20150624174041 5.4623713 -13.548787 11.03308 -1.4248432 -0.7641924 0.73823065 995.29 
20150624174041 10.786477 -16.654066 8.948928 -2.065641 -0.24770586 0.8246681 995.29 
20150624174041 14.422072 -11.108498 9.891046 -1.8121318 0.6762278 0.1328632 995.29 
20150624174041 0.9792285 -6.314707 13.703214 0.30848694 1.3548992 -0.14508049 995.29 
20150624174041 -1.8195933 -9.758766 7.703344 1.2131784 -0.8949176 -0.54153204 995.29 
20150624174041 5.418677 -19.608511 8.161834 0.39858958 -2.515543 -0.19914207 995.29 
20150624174041 -6.3470287 -19.360113 -5.4138885 0.25625798 -0.41416663 -0.03940081 995.15 
20150624174041 -0.37708676 4.548983 -10.943297 0.13836098 0.3109304 -0.5235115 995.15 
20150624174041 7.2927384 5.592855 -2.6850972 -0.16279559 2.0415115 1.5097535 995.15 
20150624174041 17.336414 -2.5594015 7.4549456 -1.7690657 2.2036965 1.4935656 995.15 
20150624174041 -3.0256724 -19.608511 -7.4166384 -1.3600914 0.10415252 -0.13652839 995.15 
20150624174041 -8.455123 -15.427038 0.47764325 0.041233405 1.8408424 -1.8322903 995.15 
20150624174041 -4.0761285 -6.3177 2.7952304 -2.9049697 0.9718866 -0.59498274 995.15 
20150624174041 0.01316811 -5.6844335 -3.1507695 -3.4061847 0.8872818 1.1725558 995.15 
20150624174041 2.6258407 -6.411672 -2.6629508 -2.2153027 2.6438248 0.70188415 995.15 
20150624174041 3.6888664 -7.375937 0.7188591 -2.348166 3.5921931 -0.059253927 995.31 
20150624174041 2.8700492 -7.893683 0.6039374 -2.291661 1.969735 -0.29565877 995.31 
20150624174041 2.35769 -7.9116397 0.56443304 -1.9126191 0.6386596 -0.52442783 995.31 
20150624174041 1.9955671 -7.809886 -0.5931635 -1.5885551 0.40866885 -0.5180137 995.31 
20150624174041 2.3942018 -7.1023993 -1.5442601 -1.6801848 0.8875872 -0.39706242 995.31 
20150624174042 2.4121583 -7.5614877 -4.011485 -1.9327776 1.4779885 -0.410196 995.31 
20150624174042 0.16819267 -11.420342 -7.153276 -1.951409 2.4443772 -0.5821546 995.31 
20150624174042 -0.7158663 -11.625047 -5.445612 -1.8356501 2.9718595 -0.79229224 995.31 
20150624174042 -2.0649989 -10.597934 -0.7230489 -1.6688838 2.837469 -0.52106804 995.31 
20150624174042 -1.3611037 -11.568184 3.7086184 -0.8335256 0.9914343 -0.35521814 995.05 
20150624174042 1.0127473 -10.198701 3.4685998 -0.5390886 -1.1099422 -0.46181414 995.05 
20150624174042 2.3810337 -10.326192 -0.22505496 -1.3112222 -1.6227635 -0.40103304 995.05 
20150624174042 -1.4802152 -12.549209 2.6084828 -1.5170839 -0.94714653 -0.22235495 995.05 
20150624174042 -5.5868697 -11.8022175 0.59017074 -0.50732356 0.5439755 -0.34208453 995.05 
20150624174042 -4.1838675 -12.738949 -3.1268275 -0.13561209 -0.3454443 -0.2910773 995.05 
20150624174042 -3.1352072 -14.824298 0.45070848 -0.14263703 -0.91721416 -0.12614368 995.05 
20150624174042 -3.2842462 -17.085623 -0.62608373 0.025045475 -0.37232238 -0.04428773 995.05 
20150624174042 -2.8287494 -12.081141 1.9776106 0.53878313 -1.0760391 0.30207285 995.05 
20150624174042 4.2131963 -15.683817 -3.484162 1.4804319 -1.488984 0.66156703 995.02 
20150624174042 8.89446 -15.574881 -3.8271315 2.5195136 -1.8005253 0.61453044 995.02 
20150624174042 10.080188 -12.612056 -2.6431987 2.6398542 -1.3185526 -0.029626964 995.02 
20150624174042 9.903615 -14.036008 -1.95307 2.6120598 -1.1120802 -0.3885103 995.02 
20150624174042 5.6784477 -13.1477585 0.044891283 2.7360654 -0.48991394 -0.4538729 995.02 
20150624174042 2.956839 -15.738285 -4.155137 2.8515189 1.0522153 -0.1469131 995.02 
20150624174042 1.0510546 -16.654665 -10.372879 2.8860328 2.9926288 -0.11728613 995.02 
20150624174042 0.6206968 -13.008296 -3.9097314 2.6713138 4.367381 0.17623462 995.02 
20150624174042 0.2208651 -11.233594 -2.6270378 2.6367998 2.5179865 0.37293324 995.02 
20150624174042 0.13706805 -8.065467 -2.4343045 3.4077117 -1.9856175 0.636827 995.01 
20150624174042 1.4167689 -3.2321723 -3.715801 3.9929206 -4.680755 1.0341948 995.01 
20150624174042 2.1619642 -1.1737574 -3.436278 3.8744128 -4.2449026 1.2647965 995.01 
20150624174042 2.6880898 -0.997185 -0.47225627 3.789808 -2.5689938 0.8594874 995.01 
20150624174042 0.4225766 -1.388637 -0.095768064 3.374725 -1.6673567 0.56413406 995.01 
20150624174042 -0.19093758 -2.5103204 -0.1328782 1.7479908 -2.0082195 0.39736784 995.01 
20150624174042 1.4700398 -2.4594438 -0.6374562 0.8081747 -2.0427334 0.19517145 995.01 
20150624174042 1.8495208 -2.4271219 -0.79846627 0.2687807 -1.3350459 0.31520647 995.01 
20150624174042 2.207454 -3.3369186 1.7076644 -0.35094208 -0.6585127 0.31642818 995.01 
20150624174042 2.9682117 -5.434838 5.257667 -0.91232723 -0.3042109 0.33536503 995.28 
20150624174042 4.6160207 -9.597756 9.481039 -1.6148223 -0.27550024 0.3472769 995.28 
20150624174042 7.2711906 -17.78832 7.5004354 -2.1224513 -0.008857546 0.226631 995.28 
20150624174042 10.941502 -18.950705 12.41633 -1.8335121 0.7012733 -0.1572978 995.28 
20150624174042 5.743091 -12.151173 17.47468 -0.6640105 0.6411031 -0.62888575 995.28 
20150624174042 -4.4927197 -12.212823 15.846024 0.97402465 -1.3115277 -0.9621128 995.28 
20150624174042 3.472191 -19.608511 0.18435353 2.6789496 -2.2382102 -0.6065892 995.28 
20150624174042 -13.234549 -19.337368 -10.397419 1.2651019 -3.140458 0.52748215 995.28 
20150624174042 4.7040076 13.977349 -12.005724 -0.50518554 0.59681535 -0.21166481 995.28 
20150624174042 10.432136 9.124901 -3.4554317 -0.0729984 2.65818 2.6456573 995.22 
20150624174042 19.607914 -7.3687544 11.888409 -0.88239485 1.4480561 2.047315 995.22 
20150624174042 -7.5525093 -19.608511 -5.477335 -1.3640621 0.56016344 0.02443461 995.22 
20150624174042 -9.866506 -13.546991 1.9734207 0.17562376 1.6920967 -3.0066788 995.22 
20150624174042 -2.545635 -4.4837413 4.811148 -4.1386123 -1.0149527 0.35002577 995.22 
20150624174042 -0.39145198 -4.4903255 -6.0046577 -3.7336085 2.205529 1.8127426 995.22 
20150624174042 1.5382746 -6.9623384 -3.544017 -2.0677788 4.171904 1.0555751 995.22 
20150624174042 1.7890673 -8.79929 1.4496891 -1.8869628 4.3203444 -0.24801129 995.22 
20150624174042 1.9806033 -8.407838 1.5412674 -2.1105394 1.4712689 -0.65026605 995.22 
20150624174042 2.4025815 -7.44896 0.7080852 -1.7757853 -0.40622538 -0.5494733 994.95 
20150624174043 3.2704794 -6.498462 -0.919972 -1.6508633 0.14966199 -0.40744713 994.95 
20150624174043 3.7984009 -6.0208187 -1.328782 -1.813048 1.0894781 -0.3491095 994.95 
20150624174043 2.204461 -7.6369047 -4.6645036 -1.9917262 1.897042 -0.5699373 994.95 
20150624174043 0.20709845 -11.647193 -7.1263413 -1.8335121 2.6703975 -0.97066486 994.95 
20150624174043 -2.6234465 -12.310986 -3.9228995 -1.7831156 3.0918944 -0.99112886 994.95 
20150624174043 -4.1096473 -11.680712 1.5508442 -1.4523321 1.9779817 -0.59986967 994.95 
20150624174043 -2.6743233 -11.605893 2.597709 -0.7809912 -0.2171626 -0.30482176 994.95 
20150624174043 1.5263035 -10.633248 1.2192472 -0.72601336 -1.1200215 -0.22388211 994.95 
20150624174043 2.3822308 -10.772112 -0.08499416 -1.6710218 -0.6420194 -0.10934488 995.0 
20150624174043 -3.140594 -10.888829 4.729147 -1.0555751 0.45173484 -0.101098195 995.0 
20150624174043 -6.505645 -12.839505 -1.3341689 -0.26389378 0.36193767 -0.2660318 995.0 
20150624174043 -4.159327 -15.020024 -2.2080526 -0.15515977 -1.4618006 -0.312763 995.0 
20150624174043 -3.3399115 -18.43655 -2.123657 -0.087964594 -0.9950995 -0.15424347 995.0 
20150624174043 -3.8540661 -14.309545 1.8363527 0.4251622 -0.70432764 0.21838433 995.0 
20150624174043 1.5442601 -12.638392 -1.0109516 1.2550226 -1.248914 0.72601336 995.0 
20150624174043 10.055647 -12.947245 -3.0621839 2.4565945 -1.9285016 0.9086621 995.0 
20150624174043 9.408015 -12.676101 -3.5529952 2.7791314 -1.7935003 0.38606682 995.0 
20150624174043 9.679159 -13.90313 -2.7982233 2.7504208 -1.452943 -0.66798115 995.06 
20150624174043 5.080496 -15.521609 0.12868834 2.6716192 -0.55924714 -0.6062838 995.06 
20150624174043 2.2134395 -15.75265 -1.7178397 2.6303856 0.7593055 -0.1777618 995.06 
20150624174043 0.110731825 -18.113333 -12.07336 2.7382035 2.2327125 -0.011911872 995.06 
20150624174043 0.557849 -14.0803 -3.1783028 2.6703975 3.7821722 0.18478674 995.06 
20150624174043 -0.24181437 -11.517307 -2.8377275 2.5363126 3.9516873 0.41447207 995.06 
20150624174043 -0.3573346 -8.529344 -3.775656 3.4895678 -0.81581056 0.5558874 995.06 
20150624174043 0.9056068 -4.156933 -2.5558102 4.0081925 -4.250095 1.0048733 995.06 
20150624174043 2.1679497 -2.2080526 -2.8101943 3.9978075 -4.447099 1.2339478 995.06 
20150624174043 2.9975405 -0.96785605 -1.6059108 3.9504654 -3.6389244 0.9999864 995.1 
20150624174043 1.9129672 -2.5187001 0.52971715 3.6920695 -2.5124888 0.52106804 995.1 
20150624174043 0.7727286 -3.433884 0.23642741 2.2159138 -2.1587977 0.28405234 995.1 
20150624174043 2.1320367 -2.6090813 -0.08738836 0.95630956 -2.4489589 0.26908615 995.1 
20150624174043 2.2331917 -2.135628 -0.44711718 0.45020768 -1.6847663 0.4364632 995.1 
20150624174043 1.1540052 -2.508525 -0.4381389 0.09162979 -0.9080512 0.4373795 995.1 
20150624174043 1.4131776 -3.6206315 2.6408045 -0.5381723 -0.48899764 0.31031954 995.1 
20150624174043 3.132813 -4.9548006 5.5030727 -1.2449434 -0.070554934 0.2660318 995.1 
20150624174043 5.275025 -11.901577 8.177995 -1.8762726 0.07819075 0.27885997 995.1 
20150624174043 8.620922 -19.434334 9.64564 -2.3854287 0.52687126 0.09865474 995.13 
20150624174043 10.505158 -19.608511 12.711415 -2.252871 1.1533136 -0.2883284 995.13 
20150624174043 0.055066638 -9.982624 19.608511 -0.87872964 0.42760566 -0.9049969 995.13 
20150624174043 -0.9271546 -11.911154 9.254189 1.9083431 -1.498147 -1.0387764 995.13 
20150624174043 3.1411927 -19.608511 -9.297284 2.5842655 -2.9275718 0.004276057 995.13 
20150624174043 -6.6056023 -16.229095 -10.211869 -0.2706133 -0.7492262 -0.33414328 995.13 
20150624174043 3.654749 9.506777 -7.5255747 -1.6081028 2.8979447 -0.29901853 995.13 
20150624174043 7.347805 4.4179006 8.423999 -0.59437186 3.1175508 2.3787093 995.13 
20150624174043 15.950171 -9.937134 -7.7494326 -1.2550226 1.642922 1.2437216 995.13 
20150624174043 -9.108741 -19.608511 -4.3167458 -0.74281216 0.505491 -1.2803736 994.91 
20150624174043 -8.061277 -11.446678 4.4238863 -0.9627236 1.7470746 -2.1438315 994.91 
20150624174043 -2.6018987 -5.5862713 -1.3281834 -3.7265835 0.5360342 0.5864306 994.91 
20150624174043 1.9189527 -6.054936 -2.4331074 -3.32891 1.7965547 1.5140295 994.91 
20150624174043 4.3718123 -7.0664864 -1.1055226 -1.8457294 2.9452868 0.5195409 994.91 
20150624174043 3.9636009 -8.093599 0.08319851 -1.8799378 2.7278187 -0.29443705 994.91 
20150624174044 3.7074213 -6.875549 0.19153613 -1.9743165 1.2144 -0.52106804 994.91 
20150624174044 3.697246 -6.7211227 -0.96546185 -1.7983873 0.26206118 -0.35827246 994.91 
20150624174044 2.967613 -6.5367694 -2.5540147 -1.6551393 0.5525276 -0.39736784 994.91 
20150624174044 0.8559271 -9.919178 -5.5778913 -1.8194622 1.509448 -0.54153204 994.98 
20150624174044 -1.1683705 -11.37186 -6.806117 -1.8597792 2.5179865 -0.8491027 994.98 
20150624174044 -2.1918917 -10.8152075 -3.4171243 -1.7605137 3.1337388 -0.7449502 994.98 
20150624174044 -2.1134815 -10.29387 -0.15143326 -1.6081028 2.3240368 -0.5015204 994.98 
20150624174044 -0.9840169 -11.009138 1.87047 -1.1328496 0.88056225 -0.3652974 994.98 
20150624174044 1.4736311 -9.928755 2.5504234 -0.788627 -0.48166725 -0.3933972 994.98 
20150624174044 1.1013328 -11.816583 0.7918822 -1.3741413 -0.355829 -0.32528573 994.98 
20150624174044 -4.200627 -12.68867 3.4745853 -1.3573426 -0.23151793 -0.24220806 994.98 
20150624174044 -4.827309 -12.367249 -2.0159178 -0.6814202 0.2666427 -0.2919936 994.98 
20150624174044 -1.3150153 -12.953828 -1.3874398 -0.30634892 -0.2687807 -0.24373524 995.25 
20150624174044 -2.180519 -15.935806 -0.035314474 -0.3109304 -0.4251622 -0.038789943 995.25 
20150624174044 -4.24073 -16.960526 -1.1971009 -0.09896017 0.110872045 0.06719518 995.25 
20150624174044 -3.0591912 -14.044387 -0.26156655 0.57726765 -0.9108001 0.17837265 995.25 
20150624174044 7.457938 -13.39077 -1.9632454 1.1942415 -1.2428054 0.32498032 995.25 
20150624174044 12.030864 -12.766482 -2.695871 2.1606305 -1.6612481 0.7247916 995.25 
20150624174044 9.662399 -11.750742 -2.8898015 2.9455922 -1.4996742 0.23060162 995.25 
20150624174044 6.8929067 -12.717401 -0.094570965 3.304781 -1.010982 -0.89949906 995.25 
20150624174044 0.7326257 -16.742653 -1.8608932 2.9254336 -0.21074851 -0.64476824 995.25 
20150624174044 -0.79487497 -17.724276 -8.298902 2.6780334 1.174083 -0.4831944 994.92 
20150624174044 -0.25318682 -16.105795 -5.93343 2.6273315 2.2678373 -0.17287487 994.92 
20150624174044 -0.5470751 -12.885593 -4.867412 2.3414464 3.9452732 0.30268374 994.92 
20150624174044 -0.29209262 -10.996569 -3.4979286 2.289523 3.3933563 0.34574974 994.92 
20150624174044 -0.23104046 -7.855974 -1.6639702 3.426954 -1.6673567 0.57971114 994.92 
20150624174044 1.9111716 -3.4344823 -3.4284968 4.0088034 -4.722294 0.7672467 994.92 
20150624174044 2.582745 -1.5454572 -3.2321723 4.1862597 -5.404936 1.054048 994.92 
20150624174044 3.4404678 -0.44711718 -0.8146271 3.9834523 -4.1135664 0.9975429 994.92 
20150624174044 0.038905777 -2.3756466 0.33877954 3.574478 -2.0769417 0.5519168 994.92 
20150624174044 0.045489833 -3.0573955 0.14544775 2.0589213 -1.6624697 0.41416663 995.11 
20150624174044 1.8884265 -2.5079262 -0.5117606 1.0363328 -2.3371704 0.321926 995.11 
20150624174044 1.7190368 -2.6623523 -0.98102415 0.5671884 -1.8817704 0.45204028 995.11 
20150624174044 1.887828 -2.802413 0.8583213 0.06963864 -1.054048 0.44348818 995.11 
20150624174044 3.2064347 -4.5022964 4.5256395 -0.6200282 -0.6047566 0.42943826 995.11 
20150624174044 5.0984526 -9.936536 8.637083 -1.325883 -0.57726765 0.48502702 995.11 
20150624174044 7.2831616 -18.573618 6.1644707 -1.702176 -0.61361414 0.35827246 995.11 
20150624174044 10.539874 -19.078196 11.130644 -2.2290473 -0.09865474 0.16065755 995.11 
20150624174044 8.9519205 -11.225813 14.519636 -1.81091 1.099252 -0.27488935 995.11 
20150624174044 -5.065532 -8.670602 16.874931 0.06627888 -0.33750305 -0.75533485 995.16 
20150624174044 -0.061650693 -19.608511 5.9064956 1.8839084 -1.0842859 -0.88086766 995.16 
20150624174044 -10.432136 -19.608511 -2.1098902 2.591596 -2.5674667 -0.15821409 995.16 
20150624174044 1.0720038 5.3755813 -15.206174 -0.032375857 -1.9795089 0.1881465 995.16 
20150624174044 8.631097 11.265318 -5.052963 -0.09101892 1.4321736 0.5458081 995.16 
20150624174044 16.629526 -2.8149827 5.667674 -0.3539964 2.6169467 2.5039365 995.16 
20150624174044 1.8154035 -19.608511 -2.9047651 -1.3075571 1.4688255 1.0638218 995.16 
20150624174044 -10.713454 -17.501614 -2.3223755 -0.9077458 1.0522153 -0.6600399 995.16 
20150624174044 -5.060744 -7.252037 5.981913 -0.258396 1.169807 -2.526844 995.16 
20150624174044 -2.0446482 -5.9148755 -4.1940427 -4.2632284 -1.7299703 0.94225967 994.65 
20150624174044 0.91338795 -7.0383544 -5.386954 -3.1633656 2.46759 1.5409076 994.65 
20150624174045 3.2040405 -8.039131 1.1204864 -1.9370537 4.7009134 0.40591997 994.65 
20150624174045 2.722806 -8.297705 1.5969325 -1.999362 3.8292089 -0.17592919 994.65 
20150624174045 2.6940753 -7.928399 0.25019407 -2.035403 1.3228287 -0.505491 994.65 
20150624174045 3.1483753 -6.8103065 -0.40521863 -1.6539177 -0.47128254 -0.6236934 994.65 
20150624174045 3.193865 -5.963358 -1.2665327 -1.5604553 0.5564982 -0.49388456 994.65 
20150624174045 2.4007857 -6.7342906 -3.2968156 -1.6826283 1.3390167 -0.46395215 994.65 
20150624174045 0.22565351 -10.191518 -6.927623 -1.8487836 2.182316 -0.64996064 994.65 
20150624174045 -1.282095 -12.16853 -6.4308257 -1.7876972 2.6288586 -0.9245446 995.04 
20150624174045 -2.734777 -11.637017 -0.5686229 -1.8628336 2.9626966 -0.8582657 995.04 
20150624174045 -1.7914615 -10.515334 1.9572599 -1.496009 1.8799378 -0.5296202 995.04 
20150624174045 0.44951138 -10.375872 2.9640217 -0.87872964 -0.37232238 -0.28130344 995.04 
20150624174045 1.541866 -9.66659 1.1348516 -0.627664 -1.063211 -0.28160888 995.04 
20150624174045 -0.7823054 -12.215217 1.79206 -1.6154331 -0.40561453 -0.19456059 995.04 
20150624174045 -6.4152637 -13.138182 2.2876596 -1.1505647 0.16432275 -0.18203785 995.04 
20150624174045 -3.731962 -13.709798 -3.526659 -0.27488935 0.3576616 -0.3145956 995.04 
20150624174045 1.3479356 -13.35785 -0.16819267 -0.24495697 -1.0503827 -0.11728613 995.04 
20150624174045 -0.24660277 -16.410458 1.9428947 -0.10720685 -0.7470882 0.052839845 995.12 
20150624174045 -3.4165258 -14.929644 -1.4137762 0.12308934 -0.27550024 0.2864958 995.12 
20150624174045 -0.16280572 -12.652758 -1.2138603 0.8979719 -1.131017 0.3640757 995.12 
20150624174045 9.245809 -11.08276 0.36272156 1.7299703 -1.0134255 0.5891795 995.12 
20150624174045 9.418191 -12.955624 -4.2263646 2.2797492 -0.8384125 0.69913524 995.12 
20150624174045 7.429806 -14.896723 -2.1811178 3.2107077 -0.9059132 -0.17745635 995.12 
20150624174045 4.049194 -16.238672 -0.044891283 3.2247577 -0.63285637 -1.1206323 995.12 
20150624174045 2.3229742 -15.239693 -0.93014735 2.300213 -0.13439035 -0.50426924 995.12 
20150624174045 0.8643068 -14.89792 -11.188105 2.2244658 0.782213 -0.33414328 995.12 
20150624174045 0.9576807 -14.430452 -7.1023993 2.2018638 2.475226 -0.076052725 994.92 
20150624174045 -0.17178397 -10.943896 -2.0907366 2.1523838 3.5005634 -0.02321288 994.92 
20150624174045 -0.48362875 -8.653842 -3.0992942 2.4156666 2.8038714 0.2843578 994.92 
20150624174045 0.10354923 -6.0687027 -1.9458874 3.77698 -2.787378 0.44806966 994.92 
20150624174045 1.4784195 -2.9131448 -1.9788077 4.149913 -4.7897944 0.754724 994.92 
20150624174045 2.2876596 -1.7555484 -1.9153614 3.9562688 -4.340503 0.8729264 994.92 
20150624174045 3.0891187 -2.6378117 -0.7326257 3.7403278 -3.4968982 0.65484756 994.92 
20150624174045 0.18974048 -4.51307 0.2112883 3.3786957 -2.007914 0.42363504 994.92 
20150624174045 0.8038532 -3.5703533 -0.35553896 1.8689423 -1.5674802 0.4334089 994.92 
20150624174045 1.6699557 -3.0250738 -1.1139023 0.82527894 -2.1661282 0.4804455 995.07 
20150624174045 1.0642227 -2.783858 -0.32202014 0.4718934 -1.6303993 0.6035349 995.07 
20150624174045 1.7830818 -3.7421372 2.6246436 -0.038179077 -1.0268645 0.5852089 995.07 
20150624174045 3.5482068 -4.9721584 5.6161985 -0.50915617 -0.7351763 0.5155703 995.07 
20150624174045 6.1046157 -9.43076 8.325836 -1.2592987 -0.5103779 0.58032197 995.07 
20150624174045 8.30369 -17.295713 5.471948 -2.0222695 0.0290161 0.3866777 995.07 
20150624174045 10.120291 -18.215685 10.972028 -2.221717 1.0045679 0.1872302 995.07 
20150624174045 7.0066314 -11.130045 14.155119 -1.5815301 1.534799 -0.36193767 995.07 
20150624174045 -4.3640313 -11.438897 15.890915 0.005192355 -0.029932396 -0.88208944 995.07 
20150624174045 0.7966706 -19.608511 6.2626333 1.9501873 -1.2409728 -0.9083566 995.28 
20150624174045 -11.674128 -19.608511 -0.7990648 1.813048 -2.510656 0.23609942 995.28 
20150624174045 0.81881696 5.8663926 -14.085089 -0.17654006 -1.1948525 0.27458394 995.28 
20150624174045 9.425972 11.374253 -5.8825536 -0.17134771 1.1737776 0.80848014 995.28 
20150624174045 17.036541 -2.5372553 1.323395 -0.21991149 2.3445008 2.607173 995.28 
20150624174045 6.0920463 -19.484013 -1.6813282 -1.31672 2.0470095 1.2596041 995.28 
20150624174045 -11.001357 -17.50341 -1.2006922 -0.59803706 1.7577647 -1.4056009 995.28 
20150624174046 -7.293337 -8.426991 4.5501804 0.30176744 1.1582005 -2.7388144 995.28 
20150624174046 -2.0805612 -5.322909 -1.6292542 -3.8896844 -3.6700783 0.4092797 995.28 
20150624174046 0.58538234 -6.091448 -5.3366756 -3.7528505 1.7831156 1.7895297 994.73 
20150624174046 2.480393 -8.091205 0.37349546 -1.5800029 4.7876563 0.8570439 994.73 
20150624174046 1.5161282 -9.09258 1.9428947 -1.6129897 4.347833 -0.27488935 994.73 
20150624174046 1.4969746 -8.201338 0.12509704 -1.8643607 1.0338894 -0.6658431 994.73 
20150624174046 2.2134395 -7.331644 -1.2240356 -1.6019942 -0.61666846 -0.75686204 994.73 
20150624174046 2.9173348 -7.03177 -0.74519527 -1.3594806 -0.0143553335 -0.5366451 994.73 
20150624174046 2.2218192 -7.1059904 -2.3714569 -1.5305228 0.9419542 -0.44348818 994.73 
20150624174046 1.3730747 -9.0476885 -6.9126587 -1.6496416 1.6985108 -0.54092115 994.73 
20150624174046 0.7020996 -11.203069 -7.9451585 -1.6209309 2.2348504 -0.7281514 994.73 
20150624174046 -0.7230489 -11.526884 -2.8652608 -1.8280143 2.654515 -0.8011498 995.04 
20150624174046 -1.364695 -11.223419 2.315193 -1.6016886 2.037541 -0.6420194 995.04 
20150624174046 -0.015562311 -11.133038 3.2650926 -0.8426886 -0.37140608 -0.49327368 995.04 
20150624174046 2.0386627 -10.667964 1.6376339 -0.6218608 -1.8216002 -0.42332962 995.04 
20150624174046 0.4973954 -12.03266 1.2533646 -1.4767667 -1.1053606 -0.2733622 995.04 
20150624174046 -5.389348 -13.234549 4.211401 -1.5146403 -0.3295618 -0.20952678 995.04 
20150624174046 -5.7263317 -12.896367 -0.9911995 -0.51007247 0.52656585 -0.2660318 995.04 
20150624174046 -1.6454151 -13.546991 -1.3910311 -0.1151481 -0.4642576 -0.099571034 995.04 
20150624174046 -1.8351556 -16.519394 0.5386954 0.08460484 -0.50915617 0.11362094 995.04 
20150624174046 -3.5404258 -15.444397 0.92775315 0.29565877 -0.09468412 0.2507602 995.05 
20150624174046 0.030526072 -11.733384 -0.21547815 0.9260717 -0.92057395 0.4428773 995.05 
20150624174046 7.253234 -12.726379 -3.3488896 1.8338175 -1.2247849 0.72204274 995.05 
20150624174046 8.296508 -12.178705 -4.867412 2.7889054 -1.5076154 0.4251622 995.05 
20150624174046 9.733627 -13.590686 -0.92416185 2.7776043 -1.3319917 -0.39400807 995.05 
20150624174046 6.6588736 -14.592659 0.29269117 2.4975226 -0.8524625 -0.7467828 995.05 
20150624174046 2.9532478 -15.088858 -1.9434932 2.5262332 -0.41263947 -0.55771995 995.05 
20150624174046 0.76195467 -18.467674 -14.813524 2.8539624 1.1065824 -0.16187929 995.05 
20150624174046 1.3628993 -14.302961 -2.5115175 2.8325822 3.242778 0.1142318 995.05 
20150624174046 -0.52373165 -11.079767 -1.0205284 2.0748038 4.900361 0.36102137 994.93 
20150624174046 -0.66618663 -9.12131 -2.3116016 2.5051584 0.6227771 0.22571471 994.93 
20150624174046 0.11192893 -5.4486046 -3.105878 3.6887097 -3.709479 0.5412266 994.93 
20150624174046 1.584363 -2.64679 -2.396596 4.0430117 -4.3111815 1.0323622 994.93 
20150624174046 2.0398598 -0.97384155 -1.6382325 3.869526 -3.4636059 1.0778717 994.93 
20150624174046 1.7914615 -3.1322143 0.6691794 3.6822958 -2.5906794 0.5830709 994.93 
20150624174046 0.84216046 -3.691859 -0.7272388 2.9382617 -2.368019 0.37140608 994.93 
20150624174046 1.3623008 -2.72939 -0.6847417 1.2974777 -2.2605069 0.4083634 994.93 
20150624174046 1.6370354 -2.7389667 -0.6584055 0.4361578 -1.8240436 0.5290093 994.93 
20150624174046 1.1755531 -3.4237084 0.2645593 0.25595254 -1.2299771 0.45051312 995.24 
20150624174046 1.6915035 -4.5645456 2.8377275 -0.129198 -1.0913107 0.48166725 995.24 
20150624174046 2.7335799 -6.163274 5.0002904 -0.66431594 -0.8188649 0.4633413 995.24 
20150624174046 5.2181625 -11.6029 9.821015 -1.4172074 -0.56046885 0.45875978 995.24 
20150624174046 7.374141 -17.03714 9.194333 -2.0815234 0.08582657 0.49846604 995.24 
20150624174046 10.600328 -17.129915 6.6361284 -2.0436497 0.81183994 0.095294975 995.24 
20150624174046 4.647744 -9.900024 16.906057 -0.95356065 1.3057245 -0.52687126 995.24 
20150624174046 -1.7471687 -16.95035 14.847642 0.33505958 0.41080686 -0.7910705 995.24 
20150624174046 0.93613285 -19.608511 -1.3940239 2.0726657 -1.2495248 -0.67011917 995.24 
20150624174046 -9.14226 -15.0302 -8.607754 1.0024298 -3.684739 0.07574729 995.16 
20150624174046 3.6062663 11.352107 -10.015544 -0.70646566 -0.096516706 -0.5491679 995.16 
20150624174046 9.657611 6.4709287 -3.8738184 0.11301007 2.9501736 1.7440202 995.16 
20150624174047 16.49126 -8.115147 2.7180176 -0.6579019 2.0619757 1.9938642 995.16 
20150624174047 -6.9306154 -19.608511 0.7835025 -1.4266758 1.457219 0.3323107 995.16 
20150624174047 -7.506421 -11.821371 2.3852234 -0.6753115 1.593442 -1.9055941 995.16 
20150624174047 -2.0248961 -3.9474401 2.4929626 -1.6285667 0.52534413 -0.7556403 995.16 
20150624174047 1.1683705 -5.007473 -3.9713821 -4.1105123 -1.0861185 1.4654657 995.16 
20150624174047 2.9951463 -7.2646065 -5.719748 -3.1257975 3.6432004 1.0891727 995.16 
20150624174047 2.1571758 -9.871294 1.0049661 -1.4199562 4.5824056 -0.0693332 995.41 
20150624174047 1.0893618 -8.765172 0.7110779 -1.6145169 3.1813862 -0.6795876 995.41 
20150624174047 1.3245921 -7.9278 -0.024540568 -1.6468927 0.16310102 -0.57635134 995.41 
20150624174047 2.4289176 -7.245453 -2.1559787 -1.5335772 -0.27152961 -0.25259277 995.41 
20150624174047 3.5380316 -6.6044054 -3.405752 -1.6349808 0.8399397 -0.29535335 995.41 
20150624174047 1.8555063 -8.5700445 -5.6778493 -1.8032742 1.8274034 -0.3915646 995.41 
20150624174047 0.37469256 -11.356895 -4.83509 -1.6957619 2.8542678 -0.70005155 995.41 
20150624174047 -2.3229742 -11.466431 -1.5682021 -1.5418239 2.7091873 -0.754724 995.41 
20150624174047 -2.2541409 -10.66976 0.88046765 -1.4114041 1.2938126 -0.5476407 995.41 
20150624174047 -0.2896984 -11.381436 0.12090719 -1.0372492 -0.20769419 -0.3744604 994.96 
20150624174047 1.2814964 -9.240421 1.1492168 -0.6420194 -0.5207626 -0.28313604 994.96 
20150624174047 -0.374094 -10.745776 0.037110128 -1.2388347 -0.087659165 -0.24617869 994.96 
20150624174047 -2.9999347 -13.384785 3.5051112 -1.4043792 -0.012217305 -0.2180789 994.96 
20150624174047 -5.3743844 -12.148179 1.5304934 -0.6243043 0.20830505 -0.33505958 994.96 
20150624174047 -2.307412 -13.463793 -2.943671 -0.24862215 -0.5155703 -0.25381452 994.96 
20150624174047 0.08020575 -14.566921 0.87807345 -0.26847526 -1.1520919 -0.028405234 994.96 
20150624174047 -1.5310919 -17.371729 0.073621705 -0.064446285 -0.34055737 0.16249016 994.96 
20150624174047 -3.2160115 -13.423691 1.3682863 0.47036624 -0.5714644 0.29229903 994.96 
20150624174047 2.0817583 -11.711238 -2.2679076 1.3756685 -1.3002267 0.37507126 995.08 
20150624174047 8.1797905 -12.9963255 -2.3463178 2.0964894 -1.59558 0.6591236 995.08 
20150624174047 7.7087307 -11.947665 -3.755904 2.627637 -1.5293012 0.42271876 995.08 
20150624174047 8.559271 -14.529812 -1.5400703 2.7580566 -1.289842 -0.54000485 995.08 
20150624174047 4.123414 -15.373768 -0.23104046 2.5057693 -0.77579886 -0.7593055 995.08 
20150624174047 2.4438813 -14.711771 -1.7717092 2.5302038 0.4129449 -0.5919284 995.08 
20150624174047 0.45370123 -15.377359 -11.873445 2.695443 2.0839667 -0.36743546 995.08 
20150624174047 0.59376204 -11.796232 -4.1359835 2.6697865 3.3728924 -0.10415252 995.08 
20150624174047 -0.3878607 -10.618284 -4.4340615 2.399784 4.1786237 0.050396383 995.08 
20150624174047 -0.55365914 -9.336189 -1.8088194 2.860682 0.43035457 0.02565634 994.97 
20150624174047 -0.074220255 -5.5976434 -2.4762032 3.500258 -3.8628063 0.4334089 994.97 
20150624174047 1.0444705 -2.710835 -2.1948843 3.79836 -4.870734 0.8032878 994.97 
20150624174047 2.5270798 -1.4754268 -1.7405846 3.9904773 -4.469701 0.93187493 994.97 
20150624174047 2.7539306 -2.9239187 1.163582 3.9000692 -3.0207286 0.53786683 994.97 
20150624174047 0.6027403 -4.6860514 0.2705448 2.9000828 -1.8411479 0.23609942 994.97 
20150624174047 1.3970166 -3.9630024 0.17956513 1.0125091 -1.7867808 0.2770274 994.97 
20150624174047 1.4921862 -3.2196028 -0.3226187 0.4361578 -1.6053538 0.32589662 994.97 
20150624174047 0.7104794 -4.0162735 0.7020996 0.17470746 -1.178359 0.49113566 994.97 
20150624174047 2.8496985 -3.6092591 3.2854433 -0.2782491 -0.6814202 0.5329799 995.39 
20150624174047 4.89315 -5.204396 5.374983 -0.9624182 -0.5002986 0.66889745 995.39 
20150624174047 5.33069 -11.217434 7.1820064 -1.6963727 -0.21868975 0.59864795 995.39 
20150624174047 8.304887 -18.592772 8.87351 -2.1820107 0.47678033 0.41447207 995.39 
20150624174047 7.4681134 -18.503588 10.918159 -2.2681427 1.073901 0.06383542 995.39 
20150624174047 2.5540147 -10.268132 17.843985 -1.2525792 0.85062987 -0.7098254 995.39 
20150624174047 -0.024540568 -19.608511 12.411542 0.9639453 -0.70829827 -0.7449502 995.39 
20150624174047 -7.1365166 -19.608511 -1.7603368 2.414445 -1.3680327 -0.1704314 995.39 
20150624174048 -6.117185 0.7577648 -13.246519 1.2980887 -2.4486532 0.113926366 995.39 
20150624174048 7.4645224 13.757083 -8.438962 0.2919936 -0.4343252 0.26053402 994.95 
20150624174048 13.458406 -0.45370123 -6.517017 0.13225232 1.5497651 2.2464569 994.95 
20150624174048 12.915521 -19.155409 -3.6469676 -1.239751 1.9785925 1.2974777 994.95 
20150624174048 -8.241441 -18.873491 -0.25797522 -1.1982121 2.4236078 -1.0305296 994.95 
20150624174048 -6.841431 -8.543709 6.5367694 0.02107485 2.310598 -2.5286767 994.95 
20150624174048 -0.9911995 -3.7541082 0.54887074 -3.5482109 -2.928488 0.20311269 994.95 
20150624174048 -0.12868834 -6.6241574 -7.463924 -3.6792414 0.65118235 1.4584408 994.95 
20150624174048 1.7830818 -9.387066 -2.2972364 -1.7208074 4.4388523 0.51159966 994.95 
20150624174048 1.1827357 -9.190742 1.2330139 -1.890017 4.589736 -0.40958515 994.95 
20150624174048 1.5065514 -7.4932528 -0.075417355 -2.2192733 1.459968 -0.63804877 994.96 
20150624174048 2.0626047 -7.589619 -2.171541 -1.7467692 -0.28038713 -0.516792 994.96 
20150624174048 3.2142158 -8.130111 -0.98820674 -1.3481796 -0.029626964 -0.49357912 994.96 
20150624174048 1.8369513 -8.375516 -1.299453 -1.4126259 1.0977248 -0.48380527 994.96 
20150624174048 -0.25857377 -10.094553 -4.3807907 -1.4813483 1.8286251 -0.5161811 994.96 
20150624174048 -0.5542577 -10.74817 -5.0242324 -1.2974777 2.2440135 -0.57848936 994.96 
20150624174048 -1.9369092 -10.831967 -2.0242975 -1.391551 2.1175644 -0.44929138 994.96 
20150624174048 -1.3335704 -10.9822035 -0.24301147 -1.466382 1.248914 -0.31887165 994.96 
20150624174048 0.8774749 -10.723031 0.18674773 -0.8552113 -0.19242255 -0.24281894 994.96 
20150624174048 1.9195513 -9.821015 1.3084313 -0.6246097 -0.7483099 -0.2510656 995.06 
20150624174048 0.5327099 -11.005547 0.6841431 -1.0772609 -0.35308012 -0.1731803 995.06 
20150624174048 -2.7563248 -12.46182 2.2182279 -1.2473868 -0.21533 -0.20586158 995.06 
20150624174048 -5.1756654 -11.518504 1.412579 -0.64476824 -0.069027774 -0.31123585 995.06 
20150624174048 -3.8067808 -13.572131 -2.2691047 -0.34880406 -0.6383542 -0.22876903 995.06 
20150624174048 -1.5753847 -16.238075 -1.021127 -0.22296582 -0.77854776 -0.116980694 995.06 
20150624174048 -2.6378117 -17.380707 0.8870517 0.03634648 -0.15118915 -0.008552114 995.06 
20150624174048 -4.1132383 -13.883377 -2.1260512 0.44073927 -0.4550946 0.2012801 995.06 
20150624174048 3.430891 -11.039065 -0.91099375 1.312444 -1.4309518 0.42394048 995.06 
20150624174048 12.057798 -9.775525 -1.3042414 2.0060816 -1.7018706 0.86162543 995.03 
20150624174048 9.441534 -12.251729 -6.090849 2.9969049 -1.4132367 0.2452624 995.03 
20150624174048 11.570579 -11.097125 -0.15322891 3.598607 -0.96974856 -0.96852684 995.03 
20150624174048 1.8166006 -15.749658 0.16340427 2.7663033 -0.19394971 -0.27672195 995.03 
20150624174048 -3.6888664 -19.038692 -9.992201 2.499355 0.7706065 -0.4129449 995.03 
20150624174048 -0.65780693 -17.806276 -4.823119 2.8585439 1.7354681 -0.269697 995.03 
20150624174048 0.030526072 -12.045229 -2.2511482 2.3780985 3.8313468 0.61453044 995.03 
20150624174048 0.16699557 -9.831789 -3.851672 2.6435194 2.0894647 0.7189884 995.03 
20150624174048 0.66379243 -6.7630215 -2.4265234 3.8050797 -2.5567765 0.61391956 995.03 
20150624174048 1.9309237 -2.8538885 -2.7736826 4.1092906 -4.1422772 0.7107417 995.02 
20150624174048 2.9526494 -0.7493851 -2.232593 3.7504072 -4.1874814 0.806953 995.02 
20150624174048 2.256535 -2.4115596 1.1887212 3.610519 -2.857933 0.62858033 995.02 
20150624174048 0.8858546 -3.445855 0.44472298 2.999043 -2.24157 0.44898596 995.02 
20150624174048 1.5298948 -2.8263552 0.6015432 1.4559973 -2.4431555 0.31673363 995.02 
20150624174048 2.1613655 -2.0847511 0.5895722 0.5525276 -1.7999145 0.37568212 995.02 
20150624174048 2.0266917 -3.2148144 0.6512229 0.12064589 -0.8915578 0.41813725 995.02 
20150624174048 2.1380222 -3.7355533 1.8507179 -0.3912592 -0.5885687 0.39736784 995.02 
20150624174048 1.3940239 -5.3606176 4.2945995 -0.788627 -0.30604348 0.37415496 995.02 
20150624174048 2.698864 -10.740988 8.380903 -1.3649784 -0.1020145 0.3203988 995.17 
20150624174048 4.209007 -17.425 9.903615 -2.0076087 0.08032878 0.15363261 995.17 
20150624174048 11.622652 -19.608511 6.6367273 -2.2883012 0.5204572 -0.24190263 995.17 
20150624174048 7.542334 -10.800842 13.72536 -0.88208944 1.174083 -0.29810223 995.17 
20150624174049 -2.034473 -2.0572178 16.869545 0.8390234 0.6817256 -0.516792 995.17 
20150624174049 -1.5490485 -15.845426 6.992266 2.1310034 -0.91599244 -0.56688297 995.17 
20150624174049 -1.3736732 -19.608511 -6.851008 1.3665055 -3.8105774 -0.13164146 995.17 
20150624174049 -1.4562732 -11.903373 -14.551958 -0.51893 -1.6716328 -0.183565 995.17 
20150624174049 2.677316 8.13849 -3.0603883 -1.4770721 1.2638801 -0.05131268 995.17 
20150624174049 15.018229 7.0365586 9.033921 -0.007941248 3.9510765 2.2721133 995.46 
20150624174049 15.300146 -10.457274 -3.2489316 -1.3704761 3.0488284 1.9425515 995.46 
20150624174049 -6.9479733 -19.608511 -8.787917 -0.81581056 -0.21624629 -0.45753807 995.46 
20150624174049 -8.931569 -14.165893 -0.34955344 0.19486602 1.7455474 -2.7247643 995.46 
20150624174049 -5.4204726 -9.509769 0.533907 -4.036292 -0.21502456 -0.27183503 995.46 
20150624174049 -2.6557682 -6.8462195 -4.0521865 -4.201531 1.3121386 1.1301007 995.46 
20150624174049 2.0320787 -5.7257333 -2.943671 -2.0980167 3.5091155 1.303281 995.46 
20150624174049 4.196437 -6.3129115 0.7637503 -1.4385877 4.01369 0.44898596 995.46 
20150624174049 2.8125885 -9.242217 0.74998367 -1.8283197 2.5149322 -0.61453044 995.46 
20150624174049 3.4356794 -9.916184 -1.5652094 -1.8142698 0.058948494 -1.287093 994.89 
20150624174049 2.456451 -8.292916 -0.3609259 -1.6267341 -0.19761491 -1.1368202 994.89 
20150624174049 1.0857705 -7.825448 -1.4520833 -1.5607607 0.7199047 -0.34025195 994.89 
20150624174049 -0.45310268 -9.403227 -5.134964 -1.6044376 1.9425515 -0.42485678 994.89 
20150624174049 -1.1833342 -10.493786 -6.4924765 -1.4514158 2.4715607 -0.49938235 994.89 
20150624174049 -1.7459716 -10.228628 -2.331354 -1.5244142 2.8512135 -0.39950588 994.89 
20150624174049 -2.111686 -10.604518 1.2042835 -1.3341297 1.8170186 -0.3662137 994.89 
20150624174049 -0.4321534 -10.242394 1.4520833 -0.66737026 0.19761491 -0.37415496 994.89 
20150624174049 1.5209166 -9.866506 0.3298013 -0.5235115 -1.1337659 -0.2761111 994.89 
20150624174049 1.5496471 -10.480618 -0.09935937 -1.4132367 -0.7492262 -0.07880162 995.01 
20150624174049 -2.3942018 -12.476784 3.964798 -1.1921035 -0.06719518 -0.11453723 995.01 
20150624174049 -3.833117 -12.207436 0.80924016 -0.53023106 -0.07544186 -0.21960606 995.01 
20150624174049 -1.2856863 -13.00291 -2.5025394 -0.33292156 -1.0082331 -0.258396 995.01 
20150624174049 -1.3904326 -15.783176 0.5566519 -0.20280726 -0.7883216 -0.13103059 995.01 
20150624174049 -3.9833531 -17.308882 0.11911154 0.12797627 0.15790866 0.011911872 995.01 
20150624174049 -3.6631286 -13.096283 -2.3834279 0.79320854 -0.6026186 0.24037547 995.01 
20150624174049 5.368997 -12.138004 -0.038307227 1.4969252 -1.0986412 0.5155703 995.01 
20150624174049 12.269087 -11.596914 -1.1701661 2.0433443 -1.14018 0.9401216 995.01 
20150624174049 9.136273 -14.652514 -5.1882353 3.0717359 -0.80970186 0.17379116 995.06 
20150624174049 7.3549876 -13.347075 0.6775591 3.6532795 -0.6621779 -1.0919216 995.06 
20150624174049 0.4225766 -15.939997 -1.1839328 2.3603833 0.024129177 -0.33658674 995.06 
20150624174049 -1.513734 -17.537527 -10.143036 2.186592 0.85918194 -0.35002577 995.06 
20150624174049 0.0077811554 -14.623784 -4.225766 2.2773056 2.1655173 0.04520403 995.06 
20150624174049 -0.3298013 -10.792462 -2.9047651 2.0857995 3.8154643 0.5335908 995.06 
20150624174049 -0.6835446 -9.126697 -3.7020345 2.9422324 1.7846428 0.3222314 995.06 
20150624174049 0.92655605 -6.9826894 -3.3075895 3.7534616 -3.1603115 0.40622538 995.06 
20150624174049 1.9285295 -3.894169 -2.3948002 3.7574322 -4.5210137 0.62980205 995.06 
20150624174049 2.3439236 -2.4582467 -1.9937714 3.5848627 -4.543005 0.77732605 995.03 
20150624174049 3.6876693 -1.8549078 -1.2623428 3.5078936 -3.6893206 0.312763 995.03 
20150624174049 1.5502456 -3.5152867 0.50637364 3.2149837 -2.3716843 0.04184427 995.03 
20150624174049 0.0017956513 -4.3197384 0.4321534 1.8353447 -1.3842206 0.19975294 995.03 
20150624174049 0.93134445 -3.240552 -0.28790274 0.7996226 -1.65911 0.23365596 995.03 
20150624174049 1.2797008 -3.329736 0.06584055 0.3323107 -1.3191634 0.36468655 995.03 
20150624174049 2.3133974 -3.5637693 1.6214731 -0.04795292 -0.6713409 0.4202753 995.03 
20150624174049 3.8486793 -3.1735144 4.4639893 -0.7156286 -0.37995818 0.48075095 995.03 
20150624174049 5.133767 -7.0952168 7.563882 -1.5540411 -0.14172074 0.5317582 995.03 
20150624174050 7.5483193 -17.682377 6.4936733 -1.9886718 0.12339478 0.39950588 995.16 
20150624174050 9.597756 -19.608511 11.125257 -2.3533583 0.6243043 0.044593163 995.16 
20150624174050 7.6746135 -13.377602 12.318168 -1.8707749 1.4883732 -0.6569856 995.16 
20150624174050 -4.198831 -10.63684 18.46109 -0.10995574 0.11026118 -1.1624765 995.16 
20150624174050 0.41359833 -19.608511 2.8341362 2.48164 -0.9282097 -0.56596667 995.16 
20150624174050 -8.814254 -19.608511 -5.479729 2.1233675 -3.130379 0.23793201 995.16 
20150624174050 -0.14903906 0.9343372 -12.602479 -0.9221011 -1.7391334 -0.16920967 995.16 
20150624174050 6.779182 10.5919485 -4.8398786 -0.52687126 2.8997774 1.1633929 995.16 
20150624174050 15.849615 -1.5298948 1.0103531 -0.38606682 2.8206704 2.3448062 995.16 
20150624174050 7.3627687 -18.083405 -2.3241713 -1.3420709 1.2137892 0.9456194 995.16 
20150624174050 -11.217434 -18.690336 0.31902736 -0.82833326 0.94897914 -1.0216721 995.16 
20150624174050 -5.130774 -5.907094 1.6190789 -0.70707655 0.8020661 -1.9349157 995.16 
20150624174050 -0.85293436 -4.5441947 -2.3391352 -4.3408084 -2.6355782 0.96669424 995.16 
20150624174050 0.9624691 -7.479486 -6.2847795 -3.2479706 3.116329 1.1578951 995.16 
20150624174050 2.7042508 -8.825027 -0.43634325 -1.5867225 5.0943108 0.04184427 995.16 
20150624174050 1.8273745 -8.250419 1.0809821 -1.496009 3.655723 -0.6105598 995.16 
20150624174050 1.5029601 -8.41921 -1.8171991 -1.6175711 1.1111639 -0.90010995 995.16 
20150624174050 1.9243397 -9.355343 -1.103727 -1.4092661 -0.6026186 -0.68019843 995.16 
20150624174050 1.6011224 -9.32362 -0.18794483 -1.4566082 0.42088616 -0.44959682 995.05 
20150624174050 0.28790274 -8.963293 -2.4378958 -1.4731015 1.3197744 -0.39522982 995.05 
20150624174050 0.12749124 -9.507375 -5.241506 -1.1982121 2.1361957 -0.3555236 995.05 
20150624174050 0.28550854 -10.205883 -3.1573534 -1.031446 2.3603833 -0.39492437 995.05 
20150624174050 -0.9139865 -10.086173 -0.66738373 -1.5033394 1.738828 -0.38240165 995.05 
20150624174050 -0.89423436 -10.986992 -0.037110128 -1.1829406 0.3894266 -0.34147367 995.05 
20150624174050 1.1372458 -10.352529 1.7160441 -0.6469063 -0.61300325 -0.3454443 995.05 
20150624174050 1.4754268 -10.819398 1.5855601 -0.9007208 -0.7101309 -0.29352075 995.05 
20150624174050 -1.6681601 -12.1398 2.3211784 -1.3338243 -0.6215554 -0.20219639 995.05 
20150624174050 -5.229535 -11.980585 1.0079589 -0.72356987 -0.31612277 -0.28802297 995.08 
20150624174050 -3.6104562 -13.406931 -2.2619221 -0.28588495 -0.4560109 -0.26267207 995.08 
20150624174050 0.40940848 -13.956999 0.39683893 -0.22449298 -0.6224717 -0.118202426 995.08 
20150624174050 -0.96665895 -17.09101 1.827973 -0.053145275 -0.054367006 3.0543262E-4 995.08 
20150624174050 -4.413112 -13.86183 -0.44592008 0.44409904 -0.38515055 0.17592919 995.08 
20150624174050 -1.5771804 -11.5203 -3.0699651 1.409877 -1.1725558 0.35735616 995.08 
20150624174050 8.447342 -11.068993 1.1617863 2.111761 -1.2308935 0.8417723 995.08 
20150624174050 9.267955 -13.619416 -4.944625 2.4208589 -0.67011917 0.6169739 995.08 
20150624174050 10.535086 -13.490129 -3.4386723 3.2873714 -0.8979719 -0.33322698 995.08 
20150624174050 6.488885 -13.532028 1.0139444 3.0185907 -0.6169739 -1.0128145 995.08 
20150624174050 1.1486182 -14.89792 -3.7325604 2.0720549 -0.009773844 -0.12156218 995.08 
20150624174050 -0.7428011 -17.68118 -9.7863 2.3985624 1.1154399 -0.25045475 995.08 
20150624174050 0.17238252 -13.352463 -0.84814596 2.4419339 2.9581149 0.23060162 995.08 
20150624174050 -1.1994951 -9.692925 -1.5514427 2.388483 2.742785 0.5103779 995.08 
20150624174050 -0.8355764 -7.405266 -3.4745853 3.6932912 -1.6249015 0.39370266 995.08 
20150624174050 0.50517654 -3.4506433 -3.1423898 4.2180247 -4.63494 0.7244862 995.08 
20150624174050 2.0248961 -2.1643584 -1.5969325 4.0210204 -4.172515 1.0403035 995.08 
20150624174050 3.7600937 -2.1583729 -0.0011971008 3.6572502 -3.321885 0.6771441 995.08 
20150624174050 1.5771804 -4.493318 0.13108255 3.1273246 -2.1868975 0.4120286 995.11 
20150624174050 1.0187328 -5.401319 0.79487497 1.6777414 -1.9724839 0.38606682 995.11 
20150624174050 1.7818847 -4.1575313 -0.39683893 0.7538077 -1.8252654 0.28771752 995.11 
20150624174050 2.2038627 -3.1890767 -0.8583213 0.3885103 -1.3469579 0.44073927 995.11 
20150624174050 2.1021092 -3.5835214 0.1364695 0.12980886 -0.8344419 0.47158796 995.11 
20150624174051 3.0214825 -3.1956608 2.984971 -0.42149702 -0.70096785 0.46181414 995.11 
20150624174051 3.3117795 -5.1690817 5.2965727 -1.1365148 -0.569021 0.4972443 995.11 
20150624174051 4.868609 -12.74254 7.4992385 -1.7253889 -0.36560285 0.3652974 995.11 
20150624174051 6.2674217 -19.583372 8.882488 -2.436436 0.47403142 0.17806722 995.11 
20150624174051 8.200141 -19.069218 8.375516 -2.6053402 1.632232 -0.19822577 995.17 
20150624174051 6.0926447 -11.843517 18.797476 -1.3371841 1.6643023 -0.64812803 995.17 
20150624174051 -1.6496049 -19.608511 15.142727 1.1502593 0.1554652 -0.90041536 995.17 
20150624174051 -9.254189 -19.608511 -5.0822916 3.0543263 -1.6420058 -0.5861252 995.17 
20150624174051 -4.470573 -1.0432734 -14.449606 0.49357912 -3.7809505 -0.0870483 995.17 
20150624174051 7.365163 13.086108 -7.957728 -0.2932153 1.02717 1.110553 995.17 
20150624174051 10.657789 -0.2885013 -5.233725 -0.03940081 3.2305608 2.5302038 995.17 
20150624174051 15.749059 -17.542316 1.9045875 -1.2544118 2.4352143 1.5567901 995.17 
20150624174051 -5.8681884 -18.69273 -0.7146692 -1.459968 1.8622227 -0.74036866 995.17 
20150624174051 -5.4234653 -8.932168 4.052785 0.06627888 1.9840903 -2.6083946 994.87 
20150624174051 -1.2509704 -4.2161894 0.9648633 -3.0842586 -2.9526172 -0.25442538 994.87 
20150624174051 -1.7154455 -7.6027875 -8.104971 -4.2803326 0.2919936 0.9398162 994.87 
20150624174051 1.3964181 -9.881469 -3.614646 -2.3652701 4.767498 0.20677789 994.87 
20150624174051 1.9446903 -8.690353 0.57879823 -2.0201313 5.095838 -0.4343252 994.87 
20150624174051 1.4191631 -8.276156 -0.9780314 -1.8952094 2.2534819 -0.77671516 994.87 
20150624174051 2.3756466 -8.446145 -1.5634137 -1.5082263 -0.098043874 -0.80970186 994.87 
20150624174051 3.2196028 -8.6257105 -1.0019734 -1.3396275 0.005497787 -0.5589417 994.87 
20150624174051 1.9919758 -8.9842415 -1.3198037 -1.4883732 0.872621 -0.46609017 994.87 
20150624174051 -0.20949265 -9.476251 -4.252701 -1.3967434 1.7311921 -0.50640726 995.1 
20150624174051 -0.91099375 -10.278907 -3.5224693 -1.1951579 2.300824 -0.55833083 995.1 
20150624174051 -2.1972785 -10.982801 -1.1444284 -1.41904 1.9773707 -0.45814893 995.1 
20150624174051 -2.03567 -10.703877 -0.1364695 -1.3335189 1.1490375 -0.36560285 995.1 
20150624174051 -0.04309563 -10.07121 0.20231004 -0.60994893 -0.18051068 -0.2452624 995.1 
20150624174051 1.661576 -9.870096 0.33638534 -0.5842926 -0.52320606 -0.23548855 995.1 
20150624174051 1.5717934 -11.043256 0.3842694 -1.2415836 -0.27550024 -0.1414153 995.1 
20150624174051 -2.469619 -11.750742 3.459023 -1.2140946 -0.07360926 -0.2049453 995.1 
20150624174051 -5.595848 -12.537836 2.2655134 -0.571159 -0.12003502 -0.3222314 995.1 
20150624174051 -3.247136 -14.097059 -1.6478093 -0.1432479 -1.0027353 -0.2770274 995.21 
20150624174051 -0.24540567 -16.32247 -1.0959458 -0.03726278 -1.2131784 -0.115453534 995.21 
20150624174051 -2.5198972 -16.91683 2.291251 0.30298916 -0.11789699 0.1423316 995.21 
20150624174051 -4.783615 -12.34211 -3.2782607 0.8536842 -0.45173484 0.3390302 995.21 
20150624174051 2.368464 -11.187506 -2.0649989 1.8689423 -1.2730432 0.593761 995.21 
20150624174051 12.24275 -9.607333 1.0319009 2.2782218 -1.5048665 1.1044444 995.21 
20150624174051 8.835801 -16.03696 -5.133767 2.6801713 -1.0137309 0.35430184 995.21 
20150624174051 11.206659 -12.500127 -0.3705027 3.638619 -0.81061816 -1.2852604 995.21 
20150624174051 1.965041 -14.533402 1.9506758 3.0534098 -0.08552113 -0.5934556 995.21 
20150624174051 -2.2697031 -17.979856 -11.892598 2.3057108 0.48380527 -0.2012801 994.8 
20150624174051 -0.45070848 -16.654066 -3.6828809 2.3267858 1.7614299 -0.008552114 994.8 
20150624174051 -0.3705027 -10.691906 -0.20051439 1.7018706 4.2363505 0.8677341 994.8 
20150624174051 -0.7074866 -8.162432 -3.0963013 2.8793132 0.8179486 0.68203104 994.8 
20150624174051 0.06823475 -6.819285 -3.7906199 3.8524218 -4.419305 0.47983465 994.8 
20150624174051 1.79206 -3.9097314 -2.5779567 3.9278636 -4.5906525 0.57879484 994.8 
20150624174051 2.5839422 -2.771887 -1.8495208 3.5677586 -3.9498546 0.6914995 994.8 
20150624174051 3.942053 -3.0735564 -0.516549 3.3835826 -3.186273 0.408058 994.8 
20150624174051 1.863886 -4.883573 0.108337626 2.864958 -2.3958135 0.16401732 994.8 
20150624174051 0.75716627 -5.4168816 0.2873042 1.7238617 -2.005165 0.25289822 995.13 
20150624174052 1.412579 -3.5021186 -0.35553896 0.61086524 -1.9462167 0.28924468 995.13 
20150624174052 1.6897079 -3.2082303 -0.31663316 0.26297748 -1.3759739 0.47891834 995.13 
20150624174052 2.855684 -3.1004913 1.2018893 -0.102319926 -0.7626653 0.5009095 995.13 
20150624174052 4.3185415 -2.546832 2.9759927 -0.840856 -0.40591997 0.5137377 995.13 
20150624174052 3.7786489 -5.6628857 4.115034 -1.5195273 -0.09560041 0.4560109 995.13 
20150624174052 4.8027687 -13.193847 6.5002575 -2.1911736 0.25167647 0.1685988 995.13 
20150624174052 6.0585275 -18.79628 10.779295 -2.7452285 1.0360274 -0.019242255 995.13 
20150624174052 9.855731 -19.608511 9.612122 -2.7043004 1.5140295 -0.43890667 995.13 
20150624174052 8.411429 -19.608511 19.608511 -0.95814216 0.8393288 -1.1429288 995.16 
20150624174052 -1.0971429 -19.608511 5.9011087 1.5656476 0.4859433 -1.4514158 995.16 
20150624174052 -7.2514386 -12.945449 -9.438541 2.5143213 -1.5244142 -0.6960809 995.16 
20150624174052 -2.942474 2.9670146 -11.956045 -0.41630468 -2.3069327 -0.10751228 995.16 
20150624174052 4.1138372 7.524976 -7.727885 -0.048258353 3.4187074 1.2999213 995.16 
20150624174052 8.381501 -2.0386627 -6.8767457 -0.48533243 2.026851 1.78617 995.16 
20150624174052 0.8475474 -18.616116 4.4442368 -1.5228871 1.7504344 0.95203346 995.16 
20150624174052 -7.107786 -18.696321 0.3369839 -2.3240368 1.7333301 -1.0283916 995.16 
20150624174052 0.17597382 -6.1524997 0.8463503 -1.5430456 0.61086524 -1.5213599 995.16 
20150624174052 2.2619221 -3.809175 -0.712275 -2.9278772 -1.0934488 0.67073005 994.78 
20150624174052 3.2866404 -5.7389016 -2.700061 -2.0344868 2.5463917 0.6068946 994.78 
20150624174052 4.4220905 -8.614936 -2.5881321 -1.4477507 2.6642888 -0.053450707 994.78 
20150624174052 2.755726 -9.247604 -2.4396915 -1.6722436 2.2110267 -0.49388456 994.78 
20150624174052 1.127669 -9.432556 -3.618836 -1.6734654 1.9550742 -0.4025602 994.78 
20150624174052 -0.47105917 -10.278308 -2.4911668 -1.3185526 1.3903292 -0.4025602 994.78 
20150624174052 -1.1935096 -10.58716 -2.521693 -1.2822062 1.0928379 -0.34055737 994.78 
20150624174052 -0.7942764 -9.2494 -1.5915456 -1.0906999 1.1496484 -0.17470746 994.78 
20150624174052 0.1436521 -9.755175 0.48482585 -0.79901177 1.0577132 0.07849618 994.78 
20150624174052 1.3108255 -9.487623 -0.492607 -0.81000733 0.32742378 -0.11056661 995.04 
20150624174052 1.8842367 -9.301474 -1.8058267 -0.9434814 -0.39950588 -0.21868975 995.04 
20150624174052 1.0217255 -10.110714 -1.9865888 -0.94897914 -0.13775012 -0.21563543 995.04 
20150624174052 0.23104046 -10.225037 -0.96426475 -0.91813046 0.050701816 -0.31581733 995.04 
20150624174052 0.15023616 -10.730213 0.01316811 -0.93492925 -0.1337795 -0.40530908 995.04 
20150624174052 0.12629414 -10.978612 1.1988965 -1.0299188 -0.22876903 -0.40561453 995.04 
20150624174052 -2.2601264 -11.455058 3.05141 -0.97097033 -0.23273966 -0.33108896 995.04 
20150624174052 -4.687248 -11.7543335 2.873042 -0.5122105 -0.39553526 -0.21166481 995.04 
20150624174052 -3.1118636 -12.837709 -1.9309237 -0.2180789 -0.66645396 -0.093767814 995.04 
20150624174052 -0.49679685 -16.093225 -3.8031895 -0.029932396 -0.64904433 0.023823744 995.1 
20150624174052 -0.46627077 -16.6403 -0.45789108 0.31306845 -0.026267206 0.12492194 995.1 
20150624174052 -2.2200236 -12.018294 0.0017956513 0.97005403 -0.30482176 0.41141775 995.1 
20150624174052 3.6529531 -9.603143 -2.9101522 1.6982054 -1.2437216 0.6383542 995.1 
20150624174052 11.1073 -10.728417 2.2296004 2.2119431 -1.4657712 0.89736104 995.1 
20150624174052 10.460866 -15.634137 -2.220622 2.790127 -0.8784242 0.4822781 995.1 
20150624174052 8.171411 -13.705009 -1.2976574 3.8374555 -0.6386596 -0.6047566 995.1 
20150624174052 1.2773066 -14.061745 -4.104859 2.918714 0.7458665 -0.19425514 995.1 
20150624174052 -2.0769699 -15.178041 -9.401431 1.7571539 2.058616 0.016798794 995.1 
20150624174052 -2.6264393 -12.304401 -1.5987282 1.3350459 3.717726 0.3145956 994.87 
20150624174052 -1.1085154 -9.129091 -4.0545807 1.5610662 4.0430117 0.9755518 994.87 
20150624174052 0.25917232 -8.170812 -4.4597993 3.0262265 -0.3915646 0.906524 994.87 
20150624174052 1.7806876 -8.348581 -2.2278047 3.616933 -3.2513304 0.31795537 994.87 
20150624174052 2.4612393 -8.4826565 -1.8632874 3.397938 -3.9898663 -0.06414085 994.87 
20150624174052 3.7163997 -6.8462195 -1.917157 3.1377094 -4.0747766 -0.1881465 994.87 
20150624174053 3.1597476 -4.8225207 -1.9788077 3.0549371 -3.4794884 0.11362094 994.87 
20150624174053 2.4654293 -4.787206 1.0049661 3.095865 -2.382069 0.26939157 994.87 
20150624174053 0.48123455 -5.3995233 0.81283146 2.3918428 -1.9168952 0.26847526 994.87 
20150624174053 1.5610195 -4.095282 0.5847838 0.9605856 -2.2770002 0.21777347 995.13 
20150624174053 2.6557682 -2.7910407 0.2705448 0.3100141 -1.6502525 0.28802297 995.13 
20150624174053 2.9825768 -2.9622262 0.38606504 -0.23976462 -0.92179567 0.40744713 995.13 
