20150625180610 10.290278 0.0035913025 1.3910311 0.22052236 0.04428773 0.013744468 994.6 
20150625180610 10.982801 0.89902276 2.2870612 0.22632557 0.103847094 0.105068825 994.6 
20150625180610 12.273276 1.0384849 3.977966 0.23701571 0.19792034 0.103847094 994.6 
20150625180610 13.140576 -0.6440403 2.5923219 0.41080686 0.2012801 -0.03390302 994.6 
20150625180610 14.736312 0.6667852 -0.38606504 0.6035349 0.20830505 0.049480084 994.6 
20150625180610 13.630789 2.110489 -1.471237 0.59773165 0.3475823 0.1740966 994.6 
20150625180610 11.081563 2.1613655 -1.9393034 0.48808134 0.2611449 0.008857546 994.52 
20150625180610 8.39467 1.3581109 -1.1180922 0.36254853 -0.16676621 -0.15118915 994.52 
20150625180610 7.144298 -1.4903905 -0.40880993 0.18753563 -0.0106901415 -0.13347405 994.52 
20150625180610 8.948329 -3.5703533 -0.9672575 0.37965274 0.30298916 0.01038471 994.52 
20150625180610 13.090897 -2.2038627 -0.6428431 0.98715824 0.45906523 0.23487769 994.52 
20150625180610 14.411299 0.61171854 -0.7715315 1.1325442 0.3378085 0.29046643 994.52 
20150625180610 12.403761 1.9644425 -1.3413515 0.9092729 -0.04642576 0.1695151 994.52 
20150625180610 10.436924 2.224812 -1.0253168 0.4654793 -0.105068825 0.021685716 994.52 
20150625180610 8.981249 1.3293805 -0.7338228 0.07666359 0.03634648 0.11636983 994.52 
20150625180610 8.039729 -0.35075054 -0.5494693 -0.058337633 0.058643065 0.33536503 994.58 
20150625180610 7.0329676 -1.5298948 -0.16460137 -0.067500606 0.05955936 0.42821655 994.58 
20150625180610 6.2345014 -1.7866731 0.10175357 0.06261369 0.10995574 0.3930918 994.58 
20150625180610 6.085462 -1.1701661 0.04309563 0.27000242 0.16401732 0.2779437 994.58 
20150625180610 6.4266357 -0.16280572 -0.013766659 0.36132678 0.077579886 0.2434298 994.58 
20150625180610 7.373543 0.49799395 -0.109534726 0.30024028 -0.07727446 0.23243423 994.58 
20150625180610 8.755595 0.16639702 0.24361002 0.13713925 -0.17379116 0.18234327 994.58 
20150625180610 9.353547 -0.9020155 0.4758476 -0.061391957 -0.29138273 0.073303826 994.58 
20150625180610 9.260772 -1.22224 0.56802434 -0.14538592 -0.26206118 -0.011301007 994.58 
20150625180610 9.331401 -1.2557588 0.9307459 -0.2782491 -0.129198 -0.06291912 994.52 
20150625180610 9.802461 -1.6095021 1.6801311 -0.3549127 0.064751714 -0.12767084 994.52 
20150625180610 10.505757 -1.3317747 1.9255368 -0.2929099 0.12217305 -0.18234327 994.52 
20150625180610 11.261127 -1.8746599 1.0019734 -0.24862215 0.03634648 -0.17440203 994.52 
20150625180611 12.702437 -2.582745 2.4905684 -0.1518 0.05100725 -0.18112154 994.52 
20150625180611 13.393165 -1.7735049 3.537433 -0.081855945 0.03573562 -0.14049901 994.52 
20150625180611 13.479954 0.3477578 2.7563248 -0.10873401 -0.076052725 -0.008552114 994.52 
20150625180611 13.2752495 1.7525556 0.4369418 -0.16920967 0.118507855 0.12492194 994.52 
20150625180611 12.28824 -0.28191724 -0.9624691 -0.2919936 0.53878313 0.022296581 994.52 
20150625180611 9.919776 -2.2936451 -2.641403 -0.3857614 0.65668017 -0.0027488936 994.55 
20150625180611 7.768586 -2.4181437 -3.5470097 -0.30970868 0.20341812 0.14172074 994.55 
20150625180611 8.090606 0.13587095 -2.822764 -0.036651913 -0.12034045 0.4007276 994.55 
20150625180611 10.246585 2.280477 -0.3465607 -0.10598512 -0.23487769 0.40500367 994.55 
20150625180611 12.109872 1.0259154 0.6488287 -0.26542094 -0.08827003 0.17012598 994.55 
20150625180611 10.582372 -1.1605892 0.58298814 -0.1563815 -0.05467244 0.051923547 994.55 
20150625180611 9.124303 -2.143409 -0.23762453 0.027183503 -0.020158553 -0.081855945 994.55 
20150625180611 8.402451 -1.9614497 -0.8074445 0.2452624 0.052839845 -0.20677789 994.55 
20150625180611 7.781754 -1.2773066 -1.204882 0.41355577 -0.03359759 -0.31306845 994.55 
20150625180611 7.7691846 -0.10295067 -0.81163436 0.54458636 -0.160963 -0.3930918 994.55 
20150625180611 8.435969 0.8774749 0.12330139 0.63285637 -0.21930063 -0.30268374 994.55 
20150625180611 9.223063 1.1474211 0.7781156 0.6600399 -0.22388211 -0.21074851 994.55 
20150625180611 9.369708 1.055843 0.7015011 0.6270532 -0.30482176 -0.1872302 994.55 
20150625180611 8.731653 1.0708067 0.75477207 0.57757306 -0.3051272 -0.18112154 994.55 
20150625180611 7.873931 0.9020155 0.931943 0.4560109 -0.22999077 -0.17256944 994.55 
20150625180611 7.768586 0.6901286 1.4449008 0.3359759 -0.09896017 -0.12705997 994.55 
20150625180611 8.400057 0.7757214 2.0135236 0.24617869 -0.015271631 -0.03970624 994.55 
20150625180611 8.739435 0.7661445 2.0685902 0.16554448 0.019547688 0.029321533 994.55 
20150625180611 8.644265 0.18435353 1.3335704 0.15668693 -0.03359759 0.0421497 994.53 
20150625180611 9.495404 -0.7553706 0.4985925 0.18845193 -0.014660766 0.02321288 994.53 
20150625180611 11.129447 -0.18674773 0.2669535 0.31978795 -0.053145275 0.0106901415 994.53 
20150625180611 13.495517 2.801216 1.6986861 0.37934732 -0.22571471 0.11759156 994.53 
20150625180611 14.360422 2.7617116 4.0186677 0.20830505 -0.31398472 0.1469131 994.53 
20150625180611 13.150751 0.061650693 2.1535845 0.17256944 -0.23945917 -0.054061573 994.53 
20150625180611 14.630368 0.34356794 -1.6017209 0.29871312 -0.06688975 -0.21746802 994.53 
20150625180611 13.4195 1.287482 -2.0380642 0.22449298 0.40622538 -0.076358154 994.53 
20150625180611 10.316615 1.632247 -2.4540567 0.1554652 0.2724459 -0.19761491 994.53 
20150625180611 7.0646906 0.1945289 -1.6627731 0.04062254 -0.21044308 -0.32925636 994.55 
20150625180611 7.583634 -2.2463598 -0.7990648 -0.022296581 -0.061086524 -0.25992316 994.55 
20150625180611 11.861474 -2.5306711 0.18255788 0.3213151 0.28252518 -0.03176499 994.55 
20150625180611 15.473127 -0.32142156 0.004189853 0.59223384 0.410196 0.13744467 994.55 
20150625180611 14.058154 1.4867992 -0.90141696 0.59559363 0.20922135 0.12614368 994.55 
20150625180611 11.45865 2.190096 -1.4221559 0.2846632 0.0693332 -0.047036625 994.55 
20150625180611 9.020754 1.6675615 -1.0720038 -0.024129177 0.16829337 -0.036651913 994.55 
20150625180611 7.5225816 0.108337626 -0.58538234 -0.3136793 0.12980886 0.23884831 994.55 
20150625180611 6.187814 -1.3162124 -0.557849 -0.36835176 0.051618114 0.45875978 994.55 
20150625180611 6.0806737 -1.2378023 -0.24720132 -0.28099802 0.16157386 0.46914452 994.52 
20150625180611 6.533178 -0.45848963 -0.008379706 -0.20250183 0.07696902 0.38881573 994.52 
20150625180611 6.7468605 0.10295067 -0.029927522 -0.10873401 -0.04153884 0.25350907 994.52 
20150625180611 6.9479733 0.4309563 0.10295067 -0.11056661 -0.16401732 0.21288654 994.52 
20150625180611 7.3472066 -0.076614454 0.52253455 -0.22388211 -0.2501493 0.21380283 994.52 
20150625180611 8.410232 -1.2096704 1.3132197 -0.3118467 -0.22021692 0.17531833 994.52 
20150625180611 9.23264 -1.283292 1.5502456 -0.40011674 -0.19730948 0.08093964 994.52 
20150625180611 9.91798 -1.1797429 1.5861586 -0.49388456 -0.13775012 0.0076358155 994.52 
20150625180611 10.602123 -1.2120646 1.8381484 -0.50823987 -0.018936822 -0.055588737 994.52 
20150625180612 11.349114 -1.3892355 1.3754689 -0.45081854 0.059864793 -0.13133603 994.55 
20150625180612 11.72261 -2.8688521 1.316811 -0.36713 0.16310102 -0.17287487 994.55 
20150625180612 12.592902 -3.0765493 3.1160536 -0.19120082 0.25686884 -0.20372356 994.55 
20150625180612 12.665926 -1.1414356 2.653374 -0.10995574 0.1337795 -0.090713486 994.55 
20150625180612 13.99351 1.9955671 -0.31244332 -0.07849618 0.11728613 0.13530666 994.55 
20150625180612 12.743138 0.33758244 -2.4768016 -0.15485434 0.3408628 0.15424347 994.55 
20150625180612 9.904214 -1.389834 -3.643975 -0.14080444 0.44348818 0.16310102 994.55 
20150625180612 7.3071036 -1.1917139 -3.7193923 0.032070424 0.101098195 0.3622431 994.55 
20150625180612 10.398018 1.0073603 -1.2006922 -0.073303826 -0.14477506 0.40683624 994.55 
20150625180612 14.085089 1.8154035 0.8511387 -0.42424592 0.10934488 0.32834008 994.57 
20150625180612 15.023616 -0.63206923 0.789488 -0.42119157 0.26847526 0.14813483 994.57 
20150625180612 12.031462 -1.9925743 -0.047285482 -0.12980886 0.19181168 -0.0290161 994.57 
20150625180612 9.531317 -2.0123265 -0.29568392 0.13255776 -0.017715093 -0.19150625 994.57 
20150625180612 7.934983 -0.6266823 0.023343466 0.32895094 0.046120327 -0.3231477 994.57 
20150625180612 6.770204 0.16519992 -0.16220717 0.47494772 0.14782938 -0.39492437 994.57 
20150625180612 6.535572 1.0480618 -0.045489833 0.59406644 0.24984388 -0.46761733 994.57 
20150625180612 6.5164185 1.5023615 0.108337626 0.54550266 0.14477506 -0.38515055 994.57 
20150625180612 6.329671 1.5095441 0.25558102 0.40866885 -0.106901415 -0.3484986 994.57 
20150625180612 6.8851256 1.2425907 0.52971715 0.2837469 -0.12461651 -0.30573806 994.55 
20150625180612 7.231686 0.7757214 0.9911995 0.21685717 -0.16310102 -0.2443461 994.55 
20150625180612 7.679402 0.30286652 1.3156139 0.19914207 -0.30482176 -0.13500121 994.55 
20150625180612 8.049905 0.11372458 1.407192 0.23793201 -0.32711834 -0.015577064 994.55 
20150625180612 8.462306 0.08798691 0.6907272 0.35338554 -0.28496864 0.0720821 994.55 
20150625180612 9.291897 0.18255788 0.9068039 0.40591997 -0.21777347 0.10354166 994.55 
20150625180612 11.277288 0.05805939 1.316811 0.40408736 -0.17379116 0.1020145 994.55 
20150625180612 12.641385 0.4950012 0.9983821 0.4578435 -0.19730948 0.13133603 994.55 
20150625180612 14.174273 3.9839516 1.4574703 0.49510628 -0.29229903 0.23090707 994.55 
20150625180612 14.438832 4.2185836 3.9600096 0.27947086 -0.2574797 0.20005837 994.53 
20150625180612 12.366052 0.1945289 1.9135658 0.082161374 -0.1441642 -0.07788532 994.53 
20150625180612 13.986926 -1.1390414 -1.9488802 0.105374254 -0.027183503 -0.3454443 994.53 
20150625180612 13.243526 0.48123455 -1.5777789 0.034513887 0.42210788 -0.13164146 994.53 
20150625180612 9.9928 0.87927055 -1.882441 0.018020526 0.35308012 -0.26450464 994.53 
20150625180612 7.4375877 -0.59615624 -1.423353 0.04734206 -0.093767814 -0.3399465 994.53 
20150625180612 9.6528225 -1.4796166 0.11971009 0.121256754 0.15607607 -0.23579398 994.53 
20150625180612 13.362638 -1.2485762 0.30286652 0.41172317 0.4831944 -0.11148291 994.53 
20150625180612 14.638149 0.2184709 -0.66738373 0.54458636 0.38912117 -0.025045475 994.53 
20150625180612 12.968792 1.460463 -1.4903905 0.40408736 0.11636983 0.05467244 994.56 
20150625180612 10.511144 1.6346412 -1.1803415 0.07360926 -0.06169739 0.14813483 994.56 
20150625180612 8.367735 0.7457938 -0.4297592 -0.20189096 -0.009468411 0.31948254 994.56 
20150625180612 6.543952 -0.30226797 -0.16699557 -0.30085114 -0.019547688 0.42058071 994.56 
20150625180612 5.6245785 -1.2126632 0.04070143 -0.30024028 0.087659165 0.44440445 994.56 
20150625180612 5.851429 -1.0468647 0.08020575 -0.19700404 0.19364429 0.35308012 994.56 
20150625180612 6.2925606 -0.47165772 0.109534726 -0.14569137 0.015271631 0.25595254 994.56 
20150625180612 6.751649 0.23163901 0.092176765 -0.16554448 -0.15057829 0.17715092 994.56 
20150625180612 7.1951747 0.4297592 0.29807812 -0.23518312 -0.30115658 0.1704314 994.56 
20150625180612 8.104971 -0.557849 1.1234791 -0.3295618 -0.30482176 0.12767084 994.55 
20150625180612 8.59698 -1.2976574 1.2779051 -0.3943135 -0.20433442 0.04917465 994.55 
20150625180612 9.167398 -1.6460136 1.3611037 -0.4364632 -0.10262536 -0.034513887 994.55 
20150625180612 10.50037 -1.7764976 1.3162124 -0.42546764 0.043676864 -0.07422013 994.55 
20150625180612 11.878233 -1.8231846 1.42455 -0.33261612 0.057726767 -0.099265605 994.55 
20150625180612 13.037026 -2.8413188 2.4109612 -0.21502456 0.03023783 -0.16584991 994.55 
20150625180613 13.302185 -2.801216 3.98874 -0.021685716 0.019547688 -0.21838433 994.55 
20150625180613 12.304999 -1.1468226 3.2974143 0.10445796 -0.04795292 0.015882496 994.55 
20150625180613 13.088502 1.5610195 1.8070238 0.14660765 0.13439035 0.21533 994.55 
20150625180613 12.440272 1.1959038 -0.9187749 0.080634214 0.38881573 0.20341812 994.58 
20150625180613 10.30225 -1.7405846 -2.9053638 -0.047036625 0.47861293 0.14813483 994.58 
20150625180613 8.145673 -2.0392613 -3.6523547 -0.0015271631 0.18967366 0.28130344 994.58 
20150625180613 8.837597 0.2813187 -3.2603042 0.058643065 -0.22327125 0.37415496 994.58 
20150625180613 12.819155 3.3931823 0.09816227 -0.11759156 -0.2706133 0.3735441 994.58 
20150625180613 14.675858 1.4909891 0.7044938 -0.42302418 -0.10751228 0.28405234 994.58 
20150625180613 13.439253 -1.5981296 0.2148796 -0.22174409 0.009773844 0.17165314 994.58 
20150625180613 10.585963 -3.084929 -0.5410896 0.18570304 -0.074830994 0.061086524 994.58 
20150625180613 8.693346 -2.2535424 -0.36750996 0.39858958 -0.20555615 -0.16279559 994.58 
20150625180613 7.4088573 -0.8571242 -0.5021838 0.5412266 -0.20097467 -0.3894266 994.54 
20150625180613 6.3787518 0.6607997 -0.4818331 0.6933321 -0.14294247 -0.5198463 994.54 
20150625180613 6.10701 1.5646108 -0.10235212 0.752586 -0.06963864 -0.5152648 994.54 
20150625180613 5.2600613 1.6591818 -0.17058687 0.6056729 -0.15027285 -0.37965274 994.54 
20150625180613 5.931036 1.3365631 0.55844754 0.44898596 -0.13255776 -0.3023783 994.54 
20150625180613 6.8522053 0.6440403 0.9175778 0.35827246 -0.21930063 -0.20250183 994.54 
20150625180613 7.7769656 0.16938977 0.95468795 0.32620203 -0.42271876 -0.111177474 994.54 
20150625180613 9.0315275 0.75956047 1.7298107 0.36957347 -0.5467244 -0.0033597588 994.54 
20150625180613 9.523536 1.1127052 1.1617863 0.42180246 -0.47311515 0.07269296 994.54 
20150625180613 9.482835 0.84216046 1.2964603 0.4801401 -0.3652974 0.0983493 994.51 
20150625180613 10.073005 -0.47105917 0.8074445 0.42394048 -0.095294975 0.0842994 994.51 
20150625180613 11.30961 -0.18435353 -0.14604631 0.43493605 -0.0290161 0.0888809 994.51 
20150625180613 14.252683 2.8892028 1.6837224 0.39858958 -0.071776666 0.16218472 994.51 
20150625180613 15.780782 2.7389667 4.309563 0.16707164 -0.11453723 0.18417588 994.51 
20150625180613 13.409924 -0.6278794 1.6968905 0.13713925 -0.25503623 -0.11056661 994.51 
20150625180613 13.669695 -0.7248446 -2.718616 0.29077184 -0.15821409 -0.2406809 994.51 
20150625180613 12.542624 1.4850036 -3.0107086 0.28313604 0.34574974 -0.05009095 994.51 
20150625180613 9.49301 1.8950106 -2.7940333 0.29260445 0.44043383 -0.19425514 994.51 
20150625180613 7.282563 0.5081693 -2.4540567 0.13836098 -0.2602286 -0.35369098 994.59 
20150625180613 9.939528 -1.8417397 -0.54168814 -0.023823744 -0.023518313 -0.30390546 994.59 
20150625180613 15.057733 -2.2637177 0.44651863 0.08582657 0.29138273 -0.1863139 994.59 
20150625180613 14.957176 -0.22385786 -1.3060371 0.36865717 0.35796702 -0.04734206 994.59 
20150625180613 13.321339 1.5388732 -1.6310499 0.3304781 0.1591304 0.012217305 994.59 
20150625180613 10.121488 1.8148049 -1.6741456 0.111177474 0.14844026 0.062308256 994.59 
20150625180613 7.52737 0.9744401 -1.0791864 -0.12858713 0.017715093 0.19303341 994.59 
20150625180613 5.381567 -0.15622166 -0.52852005 -0.3295618 0.02076942 0.36926803 994.59 
20150625180613 4.8057613 -0.94930094 0.12988544 -0.40866885 0.129198 0.4352415 994.59 
20150625180613 5.242703 -1.1887212 0.35314476 -0.32162055 0.17134771 0.4269948 994.59 
20150625180613 5.946 -0.9056068 0.533907 -0.116980694 0.0036651916 0.3005457 994.59 
20150625180613 6.4086795 -0.3633201 0.30107087 0.02565634 -0.18661933 0.21655174 994.59 
20150625180613 7.062895 -0.12868834 0.010773907 0.0421497 -0.2941316 0.19456059 994.59 
20150625180613 8.301296 -0.61890113 0.6607997 -0.09162979 -0.30115658 0.19150625 994.59 
20150625180613 9.1350765 -0.93972415 0.79248077 -0.28252518 -0.26542094 0.10903945 994.59 
20150625180613 10.035895 -1.0336965 1.2898762 -0.3820962 -0.18967366 0.038179077 994.59 
20150625180613 11.7268 -1.2024878 1.5155296 -0.43066 -0.07513642 -0.02321288 994.59 
20150625180613 12.616246 -1.9201498 1.0761937 -0.34330627 -0.02107485 -0.042455133 994.59 
20150625180613 12.621633 -3.6032736 1.5873557 -0.17562376 0.0030543262 -0.07086037 994.58 
20150625180613 13.278841 -3.4261026 3.8013937 0.009773844 0.11636983 -0.10934488 994.58 
20150625180614 12.768278 -0.48123455 3.1010897 0.08093964 0.1423316 0.030848695 994.58 
20150625180614 12.806585 2.5611973 -0.29269117 0.027488936 0.26542094 0.22937989 994.58 
20150625180614 11.16955 0.7338228 -3.2848446 -0.03268129 0.47067168 0.065973446 994.58 
20150625180614 8.5473 -2.9412768 -4.650737 -0.05375614 0.44837508 -0.014049901 994.58 
20150625180614 7.529764 -3.1519666 -3.3243492 0.07696902 0.03023783 0.25534168 994.58 
20150625180614 11.357494 1.234211 -1.2868834 0.09101892 -0.43249258 0.5366451 994.58 
20150625180614 14.4214735 3.6218286 -0.2220622 -0.07788532 -0.33108896 0.49357912 994.58 
20150625180614 14.966753 1.4143747 -0.3812766 -0.15821409 0.0106901415 0.183565 994.55 
20150625180614 12.974179 -0.8631097 -0.9295488 0.0033597588 0.1863139 0.054367006 994.55 
20150625180614 10.456078 -1.5328877 -0.92775315 0.14569137 0.10140363 -0.029626964 994.55 
20150625180614 8.81964 -1.5939398 -0.5422867 0.204029 0.03023783 -0.16249016 994.55 
20150625180614 7.050924 -0.8002619 -0.39025488 0.26542094 -0.03726278 -0.310625 994.55 
20150625180614 5.8628016 -0.20111294 -0.2657564 0.42394048 0.100792766 -0.43493605 994.55 
20150625180614 5.7879825 0.45848963 0.31184477 0.53786683 0.23609942 -0.44440445 994.55 
20150625180614 6.091448 0.61052144 0.37588966 0.5546656 0.09590584 -0.38881573 994.55 
20150625180614 6.1650696 0.8996213 0.44592008 0.4156938 -0.10476339 -0.33933565 994.55 
20150625180614 6.3021374 0.8451532 0.7685388 0.34269542 -0.1459968 -0.2611449 994.59 
20150625180614 6.940192 0.7110779 1.347337 0.31337386 -0.2519819 -0.17562376 994.59 
20150625180614 9.2787285 0.53211135 1.9686323 0.2843578 -0.3203988 -0.018020526 994.59 
20150625180614 9.59177 0.17298107 1.532289 0.38423425 -0.33017266 0.09712757 994.59 
20150625180614 9.691729 -0.5686229 0.705691 0.52106804 -0.21013765 0.10781772 994.59 
20150625180614 11.261726 0.2160767 0.17836803 0.64721173 -0.012217305 0.086437434 994.59 
20150625180614 14.221559 3.7415388 1.8746599 0.55741453 0.0015271631 0.15302174 994.59 
20150625180614 15.589845 3.228581 3.5535939 0.23396139 -0.04062254 0.20708331 994.59 
20150625180614 14.094666 -0.076614454 -1.4915876 0.2012801 -0.14966199 -0.013439035 994.59 
20150625180614 15.1936035 0.23882163 -4.158728 0.2938262 -0.0571159 -0.25809056 994.57 
20150625180614 11.939884 1.2886791 -2.319383 0.0070249503 0.46761733 -0.20219639 994.57 
20150625180614 8.069656 0.58418524 -1.5310919 -0.09437868 0.07696902 -0.4654793 994.57 
20150625180614 7.9708962 -1.881244 -0.338181 -0.16676621 -0.12492194 -0.50243664 994.57 
20150625180614 14.6920185 -1.797447 1.1336545 0.034513887 0.31612277 -0.312763 994.57 
20150625180614 16.463129 -0.51834464 -0.56802434 0.47433686 0.7360926 0.0580322 994.57 
20150625180614 14.766837 0.7422025 -0.7781156 0.57910025 0.5158757 0.1337795 994.57 
20150625180614 11.094132 1.1474211 -1.2503718 0.3717115 0.45081854 0.03145956 994.57 
20150625180614 8.1756 1.1438298 -0.6781576 0.05681047 0.21838433 0.093462385 994.57 
20150625180614 5.967548 0.9187749 -0.21667525 -0.20586158 0.20219639 0.29535335 994.61 
20150625180614 4.490924 0.29688102 -0.29867667 -0.28221974 0.17134771 0.43951756 994.61 
20150625180614 4.4538136 -0.3788824 -0.31304187 -0.23365596 0.2443461 0.49296826 994.61 
20150625180614 5.2684407 -1.0079589 -0.29508537 -0.12736541 0.13897185 0.4266894 994.61 
20150625180614 5.6586957 -1.1150994 0.008978256 -0.070249505 -0.06169739 0.27763826 994.61 
20150625180614 6.2345014 -0.4758476 0.4985925 -0.10629055 -0.18112154 0.19853121 994.61 
20150625180614 7.662044 -0.014963761 0.65062433 -0.18692477 -0.25961772 0.13316862 994.61 
20150625180614 9.227852 -0.4309563 1.7118542 -0.32559118 -0.33353242 0.06627888 994.61 
20150625180614 9.799467 -0.78769237 1.4568717 -0.43890667 -0.22999077 9.162979E-4 994.61 
20150625180614 10.840346 -1.875857 2.0907366 -0.4569272 -0.071776666 -0.033292156 994.55 
20150625180614 11.890802 -1.8890251 2.1523874 -0.39858958 0.06841691 -0.081855945 994.55 
20150625180614 12.416928 -2.4774003 2.404377 -0.28802297 0.07880162 -0.1459968 994.55 
20150625180614 12.803592 -2.1811178 3.292626 -0.129198 0.17501289 -0.17501289 994.55 
20150625180614 12.393585 -0.16998832 2.5198972 -0.040317107 0.11789699 -0.02107485 994.55 
20150625180614 12.553398 1.8447324 -0.5943606 -0.07941248 0.15057829 0.19181168 994.55 
20150625180615 11.187506 0.40821138 -3.6164417 -0.15882497 0.29535335 0.13591751 994.55 
20150625180615 9.946711 -2.1703439 -4.0198646 -0.31673363 0.29871312 0.09101892 994.55 
20150625180615 8.758589 -1.192911 -3.064578 -0.2657264 -0.042760566 0.32253686 994.55 
20150625180615 12.418126 0.9672575 0.18854338 -0.23976462 -0.35063666 0.45906523 994.56 
20150625180615 16.175226 0.7745243 0.7589619 -0.35979962 -0.027183503 0.5635232 994.56 
20150625180615 16.25244 -1.8776526 -0.11911154 -0.17287487 0.22174409 0.37873647 994.56 
20150625180615 12.902353 -2.5408466 -0.6422446 0.14874569 0.14996742 0.043982297 994.56 
20150625180615 9.665392 -1.5556326 -0.2753332 0.35430184 -0.052534413 -0.26725355 994.56 
20150625180615 7.1526775 -0.22565351 0.3345897 0.45540005 0.05375614 -0.4437936 994.56 
20150625180615 5.233725 -0.10175357 0.1328782 0.627664 0.19700404 -0.5564982 994.56 
20150625180615 5.134964 0.28191724 0.5009867 0.8167268 0.4016439 -0.552833 994.56 
20150625180615 4.569334 0.5979519 0.19273324 0.8072584 0.1957823 -0.41630468 994.56 
20150625180615 5.0014873 0.61291564 0.12210429 0.6936375 -0.01985312 -0.3173445 994.57 
20150625180615 5.955577 0.86729956 0.7116765 0.61483586 -0.105374254 -0.22571471 994.57 
20150625180615 7.1526775 1.0223241 1.6298528 0.58184916 -0.27366763 -0.12308934 994.57 
20150625180615 7.7266874 0.6781576 1.8974048 0.59040123 -0.37751472 -0.01863139 994.57 
20150625180615 8.520366 0.5363012 1.3551182 0.66798115 -0.35338554 0.10781772 994.57 
20150625180615 9.223063 0.5614403 1.4293385 0.6469063 -0.24281894 0.1966986 994.57 
20150625180615 10.237008 -0.059855044 0.39983168 0.6246097 -0.10415252 0.18173242 994.57 
20150625180615 12.148179 1.6274586 0.53929394 0.5946773 -0.05222898 0.13194689 994.57 
20150625180615 15.743671 4.122815 2.8215668 0.38423425 -0.09407325 0.20586158 994.57 
20150625180615 14.8033495 1.6478093 4.5316253 0.13439035 -0.26725355 0.12492194 994.52 
20150625180615 12.269087 -1.7633295 1.2838906 0.14996742 -0.30604348 -0.20555615 994.52 
20150625180615 13.449428 -0.9175778 -2.9191303 0.22876903 -0.0061086523 -0.269697 994.52 
20150625180615 11.812991 1.9506758 -2.9801826 0.27488935 0.59406644 -0.04153884 994.52 
20150625180615 9.270947 2.042254 -3.7858315 0.3463606 0.22113322 -0.2779437 994.52 
20150625180615 8.784326 0.076015905 -0.9804256 0.24831672 -0.34208453 -0.3827071 994.52 
20150625180615 13.028647 -2.244564 0.74878657 -0.0036651916 -0.12217305 -0.41996986 994.52 
20150625180615 15.239693 -1.5065514 -0.28670564 0.29352075 0.14080444 -0.2938262 994.52 
20150625180615 14.553754 1.7465701 -0.017357962 0.39706242 0.14080444 -0.048563786 994.52 
20150625180615 11.799823 2.9047651 -1.4197617 0.12889257 0.09468412 0.100792766 994.48 
20150625180615 8.953117 2.4660277 -1.2677298 -0.07544186 -0.036957346 0.18967366 994.48 
20150625180615 6.417658 0.7469909 -0.59256494 -0.30909783 -0.065973446 0.35246924 994.48 
20150625180615 4.6537294 -0.4357447 -0.480636 -0.44623706 -0.041233405 0.41263947 994.48 
20150625180615 4.2275615 -1.0319009 -0.2220622 -0.5403103 0.07941248 0.45173484 994.48 
20150625180615 5.409699 -0.8655039 0.11731588 -0.49113566 0.055588737 0.3930918 994.48 
20150625180615 6.3404446 -0.46806642 0.65900403 -0.42302418 -0.19303341 0.30818152 994.48 
20150625180615 6.7731967 -0.11133038 0.61530983 -0.4098906 -0.38087448 0.20189096 994.48 
20150625180615 8.158841 -0.0023942017 0.63206923 -0.41813725 -0.473726 0.13469578 994.48 
20150625180615 9.625289 -0.95229375 1.3072342 -0.537256 -0.44837508 0.10140363 994.51 
20150625180615 9.516952 -1.4407109 1.4036007 -0.5867361 -0.35735616 0.038179077 994.51 
20150625180615 9.049484 -1.8076223 1.4670471 -0.60048056 -0.21135938 -0.021380283 994.51 
20150625180615 11.4377 -2.1338322 1.0965444 -0.5207626 -0.014966198 -0.016798794 994.51 
20150625180615 13.205818 -3.3997664 1.8680758 -0.31795537 0.032375857 -0.00580322 994.51 
20150625180615 14.180857 -3.281852 4.3939586 -0.08399397 0.048258353 -0.050396383 994.51 
20150625180615 13.169905 -1.0498575 2.6509798 -0.025045475 -0.022907447 0.043982297 994.51 
20150625180615 13.384785 1.5861586 0.020949265 0.016493361 0.051923547 0.2312125 994.51 
20150625180615 11.877635 1.2228385 -2.7503393 -0.048258353 0.34238997 0.17195857 994.51 
20150625180615 9.234436 -2.5767596 -4.2981906 -0.07849618 0.41263947 0.10629055 994.54 
20150625180615 8.094197 -1.8614918 -3.6481647 0.118507855 0.03359759 0.30695978 994.54 
20150625180616 11.040861 2.1859062 -2.0021513 0.06047566 -0.39767328 0.5030475 994.54 
20150625180616 14.400525 3.6912606 -0.055066638 -0.2134974 -0.27397305 0.45753807 994.54 
20150625180616 15.17864 0.9091981 0.12509704 -0.42363504 0.048258353 0.24404067 994.54 
20150625180616 12.896966 -1.0654198 -0.12030864 -0.25686884 0.24281894 0.08124508 994.54 
20150625180616 9.67018 -1.8130093 -0.3393781 -0.09254608 0.13255776 0.007941248 994.54 
20150625180616 7.6770077 -1.9123687 -0.39683893 0.12095132 0.06352998 -0.24923302 994.54 
20150625180616 6.4625487 -1.608305 -0.52971715 0.29168814 -0.086437434 -0.44776422 994.54 
20150625180616 6.1022215 -0.48841715 -0.30585927 0.48838675 -0.10598512 -0.55955255 994.51 
20150625180616 5.883152 0.6087258 0.016759412 0.6123924 -0.10567969 -0.514654 994.51 
20150625180616 5.6664767 1.3700819 -0.05805939 0.6582073 -0.21074851 -0.42424592 994.51 
20150625180616 5.896919 1.7040731 0.26276365 0.50854534 -0.32925636 -0.30909783 994.51 
20150625180616 6.5607114 1.1779473 0.59136784 0.33505958 -0.30848694 -0.18051068 994.51 
20150625180616 7.315483 0.40222588 0.74998367 0.2874121 -0.42424592 -0.1001819 994.51 
20150625180616 8.614936 0.08140286 0.66259533 0.3173445 -0.44348818 0.005497787 994.51 
20150625180616 9.983223 0.45070848 1.2898762 0.45173484 -0.4007276 0.0571159 994.51 
20150625180616 9.677363 0.013766659 1.2868834 0.48502702 -0.32498032 0.07880162 994.51 
20150625180616 11.231799 0.26036942 -0.52492875 0.57879484 -0.22785273 0.04520403 994.59 
20150625180616 13.920487 3.7924154 1.2671312 0.50854534 -0.16584991 0.15607607 994.59 
20150625180616 15.529989 3.6122518 2.903568 0.1554652 -0.03573562 0.226631 994.59 
20150625180616 15.243882 0.66858083 -3.1244333 0.084910266 -0.06291912 0.01038471 994.59 
20150625180616 15.157691 0.9648633 -5.5270147 0.08582657 -0.07269296 -0.25045475 994.59 
20150625180616 12.967595 0.919972 -2.166154 -0.27397305 0.3387248 -0.25228736 994.59 
20150625180616 7.8158712 -1.508347 -0.8948329 -0.31398472 -0.06994407 -0.42760566 994.59 
20150625180616 8.366538 -3.1920695 -1.0564415 -0.21380283 -0.29871312 -0.44868052 994.59 
20150625180616 13.590087 -0.93852705 0.45370123 0.03359759 0.44257188 -0.18234327 994.59 
20150625180616 15.204976 0.28550854 -1.1192893 0.45356745 0.8949176 0.1826487 994.49 
20150625180616 14.228741 0.7116765 -2.1918917 0.68936145 0.45662177 0.20097467 994.49 
20150625180616 11.346122 0.8391677 -2.3918076 0.46486846 0.16249016 0.12095132 994.49 
20150625180616 8.288128 1.0654198 -1.3425486 -0.038789943 -0.12614368 0.17562376 994.49 
20150625180616 6.155493 0.9840169 -0.17836803 -0.29626966 -0.06291912 0.31123585 994.49 
20150625180616 4.6662993 -0.21428105 0.22864626 -0.31703907 0.25686884 0.4260785 994.49 
20150625180616 4.441244 -1.1432313 0.0688333 -0.13133603 0.39614612 0.4025602 994.49 
20150625180616 4.6884456 -1.3371617 0.11611878 0.07696902 0.30085114 0.32284227 994.49 
20150625180616 5.1810527 -0.9696517 0.24540567 0.15790866 0.062308256 0.25442538 994.49 
20150625180616 6.0806737 -0.38965634 0.32920274 0.14508049 -0.108123146 0.19883664 994.6 
20150625180616 8.26239 -0.18734628 0.7553706 0.021991149 -0.26206118 0.15821409 994.6 
20150625180616 9.614515 -0.37229836 0.95109665 -0.19394971 -0.33750305 0.08979719 994.6 
20150625180616 9.821614 -0.5518635 0.5291186 -0.3286455 -0.3277292 0.029626964 994.6 
20150625180616 10.289082 -1.0851719 0.8595184 -0.4034765 -0.16340645 -0.0036651916 994.6 
20150625180616 11.781867 -1.1737574 1.5095441 -0.39064834 -0.0015271631 -0.056199603 994.6 
20150625180616 12.337321 -2.8898015 2.168548 -0.34238997 0.036651913 -0.109650314 994.6 
20150625180616 13.311762 -3.2333694 3.371036 -0.13897185 0.073303826 -0.17287487 994.6 
20150625180616 13.816938 -0.053869538 2.095525 -0.07391469 0.04184427 -0.020158553 994.6 
20150625180616 13.924677 2.5791538 -2.3732524 -0.13347405 0.1908954 0.22052236 994.54 
20150625180616 11.840525 0.13706805 -4.0001125 -0.19639318 0.44959682 0.16584991 994.54 
20150625180616 8.847773 -1.8261774 -4.35625 -0.19272798 0.49205196 0.17501289 994.54 
20150625180616 8.696938 -1.2533646 -3.3638535 0.024129177 -0.03604105 0.44990227 994.54 
20150625180616 13.269264 1.5897499 -0.7661445 -0.13744467 -0.37751472 0.5726862 994.54 
20150625180616 16.40507 0.18375498 0.8343793 -0.40591997 0.03970624 0.5018258 994.54 
20150625180616 14.434642 -1.7723078 -0.56323594 -0.25992316 0.31887165 0.18570304 994.54 
20150625180617 10.141838 -1.7729063 -0.91697925 0.19517145 0.18661933 -0.0852157 994.54 
20150625180617 7.3968863 -1.2389994 -0.56323594 0.3222314 0.045814894 -0.29443705 994.54 
20150625180617 5.4779334 -0.5470751 -0.40641573 0.46700647 -0.004886922 -0.47586402 994.5 
20150625180617 4.589086 -0.19752164 -0.4333505 0.6203337 0.13103059 -0.52290064 994.5 
20150625180617 5.445013 0.37469256 0.20350714 0.711658 0.26419923 -0.48533243 994.5 
20150625180617 5.6335564 0.7649474 0.23582886 0.68539083 -0.03970624 -0.36682457 994.5 
20150625180617 5.829881 1.033098 0.18016368 0.6062838 -0.20158553 -0.29565877 994.5 
20150625180617 6.521207 1.0432734 0.78410107 0.5699373 -0.19425514 -0.23457226 994.5 
20150625180617 7.1047935 0.5907693 0.8631097 0.5421429 -0.31581733 -0.14538592 994.5 
20150625180617 8.174403 0.6278794 1.2641385 0.5882632 -0.40011674 -0.032070424 994.5 
20150625180617 9.018958 0.6847417 0.44232875 0.6560693 -0.33933565 0.1020145 994.5 
20150625180617 10.122087 1.01574 0.7188591 0.6398814 -0.2302962 0.15424347 994.58 
20150625180617 11.921329 0.47465047 0.85473 0.5928447 -0.121256754 0.14294247 994.58 
20150625180617 13.047202 1.1079168 0.4285621 0.54702985 -0.15363261 0.11942416 994.58 
20150625180617 14.60463 3.3620577 2.6007016 0.30268374 -0.14874569 0.17592919 994.58 
20150625180617 13.236942 -0.5141548 1.4347254 0.13958271 -0.046120327 -0.056199603 994.58 
20150625180617 15.245678 -0.037110128 -4.3101616 0.25870144 0.12950343 -0.28802297 994.58 
20150625180617 13.670293 2.0667946 -2.9299042 0.20311269 0.4071417 -0.10873401 994.58 
20150625180617 9.801263 1.8710686 -1.3760674 0.090713486 0.44715336 -0.35460728 994.58 
20150625180617 6.7163343 -0.866701 -1.3509283 0.05681047 -0.32528573 -0.5112942 994.58 
20150625180617 12.136209 -0.8487445 0.14784196 -0.07574729 -0.057421334 -0.41783184 994.54 
20150625180617 15.903484 -0.22385786 -0.046088383 0.10293079 0.65118235 -0.11636983 994.54 
20150625180617 16.150087 0.37110126 -1.2443863 0.37568212 0.5149594 0.02107485 994.54 
20150625180617 12.838906 1.0564415 -1.8219875 0.2602286 0.29657507 -0.011301007 994.54 
20150625180617 8.891466 1.1558008 -1.3850456 -0.18967366 0.08735373 0.05009095 994.54 
20150625180617 6.3260794 0.9744401 -0.53450555 -0.3915646 -0.12889257 0.267559 994.54 
20150625180617 3.8498764 0.088585466 -0.31663316 -0.45998153 -0.0571159 0.42394048 994.54 
20150625180617 3.4207156 -0.5105635 -0.736217 -0.41630468 0.16371189 0.4868596 994.54 
20150625180617 4.243124 -1.0444705 -0.7679402 -0.3268129 0.21319197 0.44165558 994.54 
20150625180617 6.093842 -0.96426475 0.108936176 -0.20708331 0.0061086523 0.28069258 994.53 
20150625180617 6.2195373 -0.5177461 0.23942018 -0.20341812 -0.26236662 0.19028452 994.53 
20150625180617 7.221511 -0.12509704 0.4381389 -0.28985557 -0.3924809 0.1328632 994.53 
20150625180617 8.762179 -0.22744916 1.4933833 -0.43279803 -0.33353242 0.07941248 994.53 
20150625180617 9.656414 -0.96546185 1.5023615 -0.57696223 -0.2724459 0.07941248 994.53 
20150625180617 10.613496 -2.4390929 1.5634137 -0.5858198 -0.081855945 -0.05681047 994.53 
20150625180617 11.84232 -2.4157495 2.1505916 -0.47952923 0.054061573 -0.0842994 994.53 
20150625180617 12.126632 -2.4660277 1.7190368 -0.3472769 0.058337633 -0.07238753 994.53 
20150625180617 12.847286 -2.6300306 3.093907 -0.11453723 0.11148291 -0.12950343 994.53 
20150625180617 13.31655 -1.5376761 3.9869444 0.10934488 0.1255328 -0.10751228 994.51 
20150625180617 12.625224 1.4820108 -0.78769237 0.14935656 0.12492194 0.11911872 994.51 
20150625180617 11.01632 0.36631286 -3.6565444 0.08674286 0.35369098 0.16065755 994.51 
20150625180617 8.970475 -3.0358477 -3.7002387 -0.024740042 0.3304781 0.12767084 994.51 
20150625180617 8.359355 -1.5580268 -2.859874 -0.018020526 0.045814894 0.32986724 994.51 
20150625180617 11.721413 2.9388826 -0.8086416 0.0 -0.3555236 0.6236934 994.51 
20150625180617 14.790779 3.371036 -0.050876785 -0.21777347 -0.08246681 0.58368176 994.51 
20150625180617 15.962143 -0.7942764 -0.3321955 -0.3463606 0.28405234 0.36041048 994.51 
20150625180617 14.065935 -2.6449943 -0.80445176 -0.17287487 0.3210097 0.17073683 994.51 
20150625180617 11.274296 -2.4259248 -0.20410569 -0.010079277 -0.012217305 -0.021991149 994.49 
20150625180617 9.168595 -1.472434 0.55485624 0.13408493 -0.100792766 -0.20891592 994.49 
20150625180617 7.1143703 -0.42916065 0.3764882 0.42363504 -0.03940081 -0.4147775 994.49 
20150625180618 5.555745 -0.025737667 -0.08798691 0.6768387 0.21227567 -0.54092115 994.49 
20150625180618 5.2660465 0.4321534 0.15023616 0.73639804 0.28008172 -0.5329799 994.49 
20150625180618 4.5860934 0.7649474 -0.047884032 0.63132924 -0.042455133 -0.46181414 994.49 
20150625180618 4.348469 0.79846627 0.010773907 0.47494772 -0.20433442 -0.36254853 994.49 
20150625180618 5.0906715 0.20350714 0.57281274 0.47678033 -0.20525073 -0.27458394 994.49 
20150625180618 6.6026096 -0.1921347 1.1438298 0.5338962 -0.42424592 -0.19272798 994.49 
20150625180618 8.221688 -0.26755205 1.1252748 0.6053675 -0.6197228 -0.023823744 994.51 
20150625180618 10.162787 0.5793968 1.1713632 0.7690793 -0.6768387 0.1160644 994.51 
20150625180618 10.427347 1.5233108 1.1121067 0.80481493 -0.5183192 0.15760323 994.51 
20150625180618 10.030508 1.4347254 -0.3172317 0.8167268 -0.24129178 0.09865474 994.51 
20150625180618 11.675324 2.191293 0.37229836 0.70829827 -0.09987647 0.10354166 994.51 
20150625180618 14.529812 3.098097 2.5067291 0.41141775 -0.15241088 0.25778514 994.51 
20150625180618 13.774441 0.7104794 1.3449428 0.30909783 -0.20586158 0.106901415 994.51 
20150625180618 15.746665 0.87927055 -4.3634324 0.23609942 -0.15821409 -0.15363261 994.51 
20150625180618 12.932281 1.2030864 -1.8112136 -0.06780604 0.27458394 -0.14080444 994.51 
20150625180618 8.89446 -0.36870706 -1.0199299 0.012217305 0.2012801 -0.52320606 994.6 
20150625180618 9.237429 -2.3481133 -1.5173253 0.01160644 -0.26511553 -0.5369505 994.6 
20150625180618 14.5328045 -0.23403321 0.20530279 -0.014660766 0.2275473 -0.33841935 994.6 
20150625180618 15.729905 0.7170634 -0.789488 0.38698313 0.8155051 0.08399397 994.6 
20150625180618 15.015236 1.0055647 -1.4514848 0.5555819 0.50671273 0.124311075 994.6 
20150625180618 12.448053 0.9911995 -1.6915035 0.29260445 0.20769419 0.077579886 994.6 
20150625180618 10.1065235 0.65301853 -1.0019734 -0.18051068 -0.087964594 0.16310102 994.6 
20150625180618 6.818088 0.1945289 -0.6877344 -0.3549127 -0.20586158 0.33628133 994.6 
20150625180618 4.644751 -0.2088941 -0.19931729 -0.38148534 0.03481932 0.4297437 994.6 
20150625180618 3.8630445 -0.46447513 -0.22266077 -0.32925636 0.26633725 0.4746423 994.55 
20150625180618 4.1934443 -0.6218939 -0.2657564 -0.10934488 0.24831672 0.40958515 994.55 
20150625180618 4.9763484 -0.6464345 0.16938977 0.011911872 -0.019242255 0.32467487 994.55 
20150625180618 5.8262897 -0.21308395 0.338181 0.005192355 -0.23976462 0.27550024 994.55 
20150625180618 7.387908 0.037708677 0.7553706 -0.058643065 -0.35216382 0.19700404 994.55 
20150625180618 9.264962 -0.25258827 1.3700819 -0.23793201 -0.42058071 0.14080444 994.55 
20150625180618 9.246407 -0.53330845 1.0468647 -0.3726278 -0.43890667 0.109650314 994.55 
20150625180618 8.977658 -1.1534066 1.0049661 -0.4352415 -0.2938262 0.0720821 994.55 
20150625180618 9.836577 -1.3503298 0.6931214 -0.4447099 -0.028710667 0.009468411 994.55 
20150625180618 11.67712 -2.5510218 1.027711 -0.39858958 0.098043874 -0.093767814 994.49 
20150625180618 13.718776 -3.876811 3.66253 -0.26328292 0.15241088 -0.16157386 994.49 
20150625180618 14.234128 -2.791639 4.1036615 -0.16493362 0.08277224 -0.060170226 994.49 
20150625180618 12.934674 0.24540567 1.3587095 -0.13530666 0.10140363 0.2574797 994.49 
20150625180618 11.137228 1.1168951 -5.479729 -0.16187929 0.4166101 0.129198 994.49 
20150625180618 9.862315 -2.6402059 -6.109404 -0.27855456 0.66431594 0.016493361 994.49 
20150625180618 9.841965 -1.7172412 -4.1102457 -0.12156218 0.3145956 0.32467487 994.49 
20150625180618 13.816938 3.2423477 -1.7435774 -0.18081611 -0.5412266 0.7733554 994.49 
20150625180618 16.903662 3.2872388 -0.4261679 -0.35216382 -0.35246924 0.73945236 994.49 
20150625180618 16.239271 -0.64583594 -0.5105635 -0.37690386 0.10170906 0.33841935 994.56 
20150625180618 12.035652 -2.4313118 -0.75357497 -0.15577064 0.29168814 0.0030543262 994.56 
20150625180618 8.588001 -2.7712884 -0.38726214 0.018936822 0.22204952 -0.2519819 994.56 
20150625180618 7.1927805 -2.3529017 0.29508537 0.0711658 0.19730948 -0.36865717 994.56 
20150625180618 5.8783636 -0.99299514 -0.01616086 0.29565877 0.13103059 -0.410196 994.56 
20150625180618 4.8823757 0.29269117 -0.20231004 0.6020077 0.13775012 -0.46486846 994.56 
20150625180618 4.2461166 0.9379285 0.05566519 0.74036866 0.25625798 -0.49602258 994.56 
20150625180618 4.421492 0.86849666 0.022744916 0.70402217 0.09101892 -0.48197266 994.56 
20150625180619 5.322909 0.80445176 0.5141548 0.36254853 -0.19883664 -0.31581733 994.56 
20150625180619 6.5804634 0.39324763 0.89303726 0.17867808 -0.28344148 -0.13408493 994.53 
20150625180619 7.81228 0.42796355 0.89543146 0.19639318 -0.41538838 -0.093767814 994.53 
20150625180619 9.388862 0.84934306 1.0307038 0.3659083 -0.47158796 -0.058948494 994.53 
20150625180619 9.689334 0.760159 0.5781997 0.55680364 -0.44837508 0.038789943 994.53 
20150625180619 9.820416 0.6961141 1.0660183 0.6178902 -0.2828306 0.035124753 994.53 
20150625180619 10.791864 -0.5363012 0.47465047 0.5842926 -0.108123146 0.053450707 994.53 
20150625180619 13.088502 2.3008277 0.5770026 0.54428095 -0.08460484 0.14538592 994.53 
20150625180619 15.844229 5.687426 2.9029696 0.23579398 -0.055588737 0.24007004 994.53 
20150625180619 13.954006 1.9907787 3.0597897 0.024740042 -0.090713486 -6.1086525E-4 994.53 
20150625180619 12.849082 -1.702876 -1.7082629 0.116675265 -0.08674286 -0.34025195 994.55 
20150625180619 12.77965 0.060453594 -3.6050692 0.04550946 0.28038713 -0.10781772 994.55 
20150625180619 10.784083 -0.25617957 -2.8844144 0.111177474 0.34513888 -0.1853976 994.55 
20150625180619 9.589975 -1.3431472 -1.7022774 0.17592919 -0.30024028 -0.33200526 994.55 
20150625180619 13.48175 -1.666963 0.050278235 0.111177474 -0.07544186 -0.408058 994.55 
20150625180619 16.300323 -1.1695676 -1.0426749 0.2855795 0.5235115 -0.35216382 994.55 
20150625180619 14.514848 1.0636241 -0.8984242 0.59131753 0.5910121 -0.13316862 994.55 
20150625180619 11.704055 2.0757728 -1.5346833 0.49205196 0.42363504 0.041233405 994.55 
20150625180619 8.147469 1.8154035 -1.252766 0.14569137 0.12583824 0.2098322 994.55 
20150625180619 5.6700683 0.9600749 -0.81043726 -0.08246681 -0.077579886 0.33414328 994.58 
20150625180619 3.90614 0.0035913025 -0.6937199 -0.20830505 -0.021380283 0.44318274 994.58 
20150625180619 3.5978866 -0.4261679 -0.3298013 -0.2846632 0.18203785 0.47800204 994.58 
20150625180619 4.2413282 -0.42676646 -0.15083471 -0.25259277 0.26511553 0.39706242 994.58 
20150625180619 5.266645 -0.28491 0.26874915 -0.18936823 0.09468412 0.24923302 994.58 
20150625180619 6.555923 -0.22385786 0.41000703 -0.20372356 -0.102319926 0.15943582 994.58 
20150625180619 8.085817 -0.7942764 0.8996213 -0.34391713 -0.25473082 0.1414153 994.58 
20150625180619 8.456321 -1.2294226 1.163582 -0.4700608 -0.35827246 0.09010262 994.58 
20150625180619 8.758589 -1.6370354 1.3156139 -0.51923543 -0.27855456 -0.007330383 994.58 
20150625180619 9.746795 -2.178125 1.3323733 -0.56077427 -0.13194689 -0.1001819 994.52 
20150625180619 11.552023 -1.7830818 1.875857 -0.441961 0.043676864 -0.12858713 994.52 
20150625180619 12.728773 -1.3736732 1.7034745 -0.3735441 0.04795292 -0.118202426 994.52 
20150625180619 13.162124 -2.9017725 2.837129 -0.24862215 0.06047566 -0.17684549 994.52 
20150625180619 13.4260845 -3.3572693 4.3035774 0.0015271631 0.07696902 -0.1731803 994.52 
20150625180619 12.841899 -0.9636662 2.7635074 0.12980886 0.087964594 0.13500121 994.52 
20150625180619 13.439851 1.4329298 -0.997185 0.14630222 0.29138273 0.22540927 994.52 
20150625180619 10.626065 -1.7603368 -4.004901 0.105068825 0.38056904 0.15149458 994.52 
20150625180619 8.3312235 -3.2375593 -4.0013094 0.14019357 0.20066923 0.26511553 994.52 
20150625180619 9.465476 0.2100912 -2.6402059 0.44684792 -0.3387248 0.4636467 994.53 
20150625180619 13.356652 4.3622355 -0.2753332 0.31123585 -0.33536503 0.48747048 994.53 
20150625180619 15.422849 1.3533225 0.21667525 -0.26297748 0.029626964 0.3313944 994.53 
20150625180619 14.531009 -2.2774844 -0.11192893 -0.2968805 0.47342056 0.099571034 994.53 
20150625180619 11.877635 -2.7473464 -1.1234791 -0.008246681 0.2098322 0.037873644 994.53 
20150625180619 9.672575 -1.738789 -0.56802434 0.16493362 -0.12583824 -0.11026118 994.53 
20150625180619 7.5082164 -0.55725044 0.17836803 0.40194935 -0.24220806 -0.3277292 994.53 
20150625180619 5.275025 -0.017357962 -0.074818805 0.6151413 -0.013744468 -0.52656585 994.53 
20150625180619 5.3498435 -0.15442601 0.22146365 0.7104363 0.344528 -0.61422503 994.53 
20150625180619 4.9416323 0.14844051 -0.049679685 0.6737844 0.25473082 -0.5271767 994.54 
20150625180619 4.8500543 0.55844754 -0.088585466 0.52687126 -0.09193522 -0.41355577 994.54 
20150625180619 5.769428 1.0666169 0.86131406 0.49632803 -0.12492194 -0.28619036 994.54 
20150625180619 6.1626754 0.81402856 1.0229226 0.5195409 -0.3042109 -0.15515977 994.54 
20150625180620 7.1580644 0.5530606 1.6759412 0.59773165 -0.42302418 -0.06841691 994.54 
20150625180620 8.768764 0.17597382 1.5376761 0.6585127 -0.39614612 0.023823744 994.54 
20150625180620 10.304645 0.3417723 1.7208325 0.7244862 -0.35094208 0.09407325 994.54 
20150625180620 11.0139265 0.7188591 0.33758244 0.76144356 -0.27366763 0.11636983 994.54 
20150625180620 11.899781 2.123657 -1.3036429 0.7324274 -0.15027285 0.13988814 994.54 
20150625180620 14.811131 4.8398786 1.5783775 0.39828414 -0.22357668 0.226631 994.53 
20150625180620 15.296555 2.554613 3.4225113 0.16920967 -0.28008172 0.12095132 994.53 
20150625180620 14.293385 -1.2156559 -1.0103531 0.13255776 -0.2565634 -0.2669481 994.53 
20150625180620 14.956578 -0.86969376 -4.8548427 -0.12003502 0.084910266 -0.18142697 994.53 
20150625180620 12.047623 1.3485341 -1.3437457 -0.27488935 0.54825157 -0.30115658 994.53 
20150625180620 7.7332716 0.61291564 -0.91697925 -0.30115658 -0.15363261 -0.49877146 994.53 
20150625180620 11.79683 -1.4987702 -0.18255788 -0.26389378 -0.22785273 -0.52381694 994.53 
20150625180620 16.126743 -1.4694413 0.02873042 0.25320363 0.34666604 -0.15760323 994.53 
20150625180620 15.254656 -0.4429273 -0.62009823 0.627664 0.5235115 0.076358154 994.53 
20150625180620 12.831724 0.16699557 -1.2862848 0.571159 0.38240165 0.13805555 994.5 
20150625180620 9.220071 0.7338228 -1.2719196 0.2742785 0.28588495 0.17073683 994.5 
20150625180620 6.353014 2.0763714 -0.6727707 -0.0106901415 0.062308256 0.26389378 994.5 
20150625180620 4.0162735 1.9375077 -0.5835867 -0.17806722 -0.002443461 0.3640757 994.5 
20150625180620 3.2357635 0.8678981 -0.6751649 -0.22052236 0.18478674 0.45356745 994.5 
20150625180620 3.8965633 -0.5590461 -0.5602432 -0.16432275 0.31490102 0.4529566 994.5 
20150625180620 5.3606176 -1.5610195 0.037110128 -0.13255776 0.19517145 0.3643811 994.5 
20150625180620 6.405687 -1.4814123 0.6835446 -0.1282817 -0.022907447 0.26297748 994.5 
20150625180620 7.6363063 -0.7529764 0.89064306 -0.1704314 -0.355829 0.1826487 994.5 
20150625180620 8.877101 -0.24001873 0.96187055 -0.2489276 -0.47250426 0.11942416 994.52 
20150625180620 9.581595 -0.14305355 0.717662 -0.37293324 -0.41905355 0.061391957 994.52 
20150625180620 10.188525 -1.3569138 0.5770026 -0.51159966 -0.27122417 0.01282817 994.52 
20150625180620 11.848905 -1.7082629 1.555034 -0.54000485 6.1086525E-4 -0.06414085 994.52 
20150625180620 13.20103 -2.5234885 2.297835 -0.5421429 0.06627888 -0.12461651 994.52 
20150625180620 13.108852 -3.9013517 3.4045548 -0.35918877 0.052839845 -0.17501289 994.52 
20150625180620 12.849082 -2.961029 3.8606503 -0.010995574 0.05222898 -0.101098195 994.52 
20150625180620 12.969391 0.24480712 1.2533646 0.09621128 0.15943582 0.20341812 994.52 
20150625180620 12.322956 2.36188 -3.2369606 0.07971791 0.44715336 0.24098633 994.52 
20150625180620 9.969456 0.017956512 -4.4717703 -0.0076358155 0.50762904 0.13408493 994.55 
20150625180620 9.230247 -1.6986861 -3.58412 0.055588737 0.10354166 0.32589662 994.55 
20150625180620 12.451645 2.1918917 -1.1318588 0.0070249503 -0.6075055 0.56291234 994.55 
20150625180620 15.838243 2.0171149 0.57281274 -0.30940324 -0.2733622 0.56046885 994.55 
20150625180620 15.91785 -1.033098 0.40581718 -0.4083634 0.19272798 0.35094208 994.55 
20150625180620 12.703035 -1.525705 -0.26635495 -0.16615535 0.36071593 0.05955936 994.55 
20150625180620 9.566033 -1.6424223 -0.76554596 -0.008246681 0.11789699 -0.18967366 994.55 
20150625180620 8.011598 -1.447295 -0.40222588 0.16432275 -0.08582657 -0.34055737 994.55 
20150625180620 6.075287 -0.7116765 -0.36511576 0.36010507 -0.18325958 -0.40775254 994.55 
20150625180620 5.047576 -0.47165772 -0.06284779 0.5644395 -0.009773844 -0.49510628 994.52 
20150625180620 4.8823757 -0.10534488 0.15322891 0.68203104 0.13408493 -0.5152648 994.52 
20150625180620 4.1102457 0.9959879 -0.08798691 0.65148777 -0.04428773 -0.4792238 994.52 
20150625180620 4.7818193 1.6160861 0.45908818 0.45540005 -0.18051068 -0.3866777 994.52 
20150625180620 5.932832 1.1965023 0.9451111 0.33567044 -0.18906279 -0.18234327 994.52 
20150625180620 7.314286 0.44651863 1.3611037 0.34483343 -0.47952923 -0.05222898 994.52 
20150625180620 8.810662 0.06464344 0.8571242 0.42119157 -0.61269784 0.056505036 994.52 
20150625180620 10.172963 0.36272156 1.0241197 0.6704246 -0.5497787 0.11575896 994.52 
20150625180620 11.146805 0.9576807 0.5967548 0.7519751 -0.41080686 0.1600467 994.52 
20150625180621 12.485164 1.01574 -0.009576807 0.77640975 -0.28099802 0.16249016 994.58 
20150625180621 14.583082 3.3806129 1.2413936 0.5693264 -0.23823744 0.22510384 994.58 
20150625180621 14.796166 3.0831332 3.2094274 0.25289822 -0.16890424 0.22388211 994.58 
20150625180621 13.068151 0.1376666 -0.30226797 0.17287487 -0.0106901415 -0.07727446 994.58 
20150625180621 14.067132 0.46148238 -4.96737 0.06383542 0.16829337 -0.22235495 994.58 
20150625180621 12.676101 0.8936358 -3.393781 -0.20341812 0.54061574 -0.19730948 994.58 
20150625180621 9.768343 -0.038307227 -2.204461 -0.10903945 -0.0580322 -0.43371433 994.58 
20150625180621 9.197925 -2.617461 -1.4425066 -0.10903945 -0.36010507 -0.44104472 994.58 
20150625180621 15.671845 0.16759412 -0.3597288 -0.10476339 0.3231477 -0.25045475 994.58 
20150625180621 15.667057 1.2090719 -1.2144588 0.3323107 0.66981375 0.082161374 994.61 
20150625180621 13.544598 1.2838906 -1.6681601 0.50885075 0.46975538 0.09682214 994.61 
20150625180621 9.753978 0.65182143 -1.7393875 0.12034045 0.22266038 0.082161374 994.61 
20150625180621 6.535572 0.6835446 -0.91338795 -0.16065755 -0.0852157 0.18997909 994.61 
20150625180621 3.9624038 0.5758055 -0.4201824 -0.3408628 -0.026267206 0.37140608 994.61 
20150625180621 3.3770216 0.2801216 -0.23702596 -0.40194935 0.3475823 0.44440445 994.61 
20150625180621 3.508104 -0.46746787 -0.23044191 -0.28802297 0.4382958 0.43768495 994.61 
20150625180621 4.2922053 -0.7254431 0.18375498 -0.12797627 0.20738874 0.32559118 994.61 
20150625180621 5.5820813 -0.45489833 0.42556936 -0.11453723 -0.11209377 0.258396 994.61 
20150625180621 7.4166384 -0.23283611 0.15562311 -0.20708331 -0.3680463 0.23518312 994.59 
20150625180621 9.455899 -0.3196259 0.40402153 -0.33475417 -0.5186246 0.21746802 994.59 
20150625180621 10.052056 -0.40043023 0.581791 -0.5439755 -0.47891834 0.14446963 994.59 
20150625180621 10.38904 -1.6412252 1.1210849 -0.66614854 -0.2828306 0.09468412 994.59 
20150625180621 11.150395 -2.078167 1.4610616 -0.70280045 -0.09590584 0.0720821 994.59 
20150625180621 11.227609 -2.5222914 0.78050977 -0.6102544 0.046731193 0.013133603 994.59 
20150625180621 12.890382 -3.4805708 2.6916811 -0.4550946 0.13927728 -0.13041973 994.59 
20150625180621 14.462774 -2.908955 4.5364137 -0.23793201 0.09896017 -0.14721853 994.59 
20150625180621 13.973758 -0.10414778 2.878429 -0.11728613 -0.048258353 0.0852157 994.59 
20150625180621 13.002311 1.2605472 -1.9991584 -0.10415252 0.15515977 0.21930063 994.57 
20150625180621 10.784083 -1.922544 -5.2636523 -0.08857546 0.37720928 0.10873401 994.57 
20150625180621 8.757391 -3.2052376 -4.174889 -0.02565634 0.27214047 0.2012801 994.57 
20150625180621 9.193734 -0.5105635 -2.7341783 0.09773844 -0.39522982 0.5522222 994.57 
20150625180621 13.128605 3.5164838 -1.4550761 0.07422013 -0.3885103 0.53878313 994.57 
20150625180621 16.1866 0.18974048 -0.090979666 -0.05375614 0.2941316 0.34055737 994.57 
20150625180621 13.835493 -1.6819267 -0.7338228 -0.04734206 0.44806966 0.092240654 994.57 
20150625180621 10.468048 -1.7196354 -0.82360536 0.07849618 0.31581733 9.162979E-4 994.57 
20150625180621 8.426393 -1.774702 -0.5303157 0.21471913 0.15363261 -0.17012598 994.57 
20150625180621 7.031172 -0.9876082 -0.17477672 0.37659842 0.0870483 -0.37690386 994.63 
20150625180621 5.641338 -0.12150574 -0.50038815 0.56016344 0.1160644 -0.4804455 994.63 
20150625180621 5.1996074 0.14544775 -0.31423897 0.73273283 0.25381452 -0.50488013 994.63 
20150625180621 5.395334 -0.08678981 -0.054468088 0.79045963 0.15027285 -0.47219884 994.63 
20150625180621 5.113416 0.7092823 -0.06943185 0.7324274 -0.07422013 -0.42638394 994.63 
20150625180621 5.6323595 1.3617022 0.45310268 0.6081163 -0.18784106 -0.3155119 994.63 
20150625180621 6.491878 1.18094 0.9564836 0.52778757 -0.23640485 -0.16768251 994.63 
20150625180621 7.3567834 0.6901286 1.0869676 0.52626044 -0.38698313 -0.07269296 994.63 
20150625180621 8.772355 0.40043023 0.8403648 0.5925393 -0.5015204 0.012217305 994.63 
20150625180621 9.993398 0.23582886 0.87208796 0.7119634 -0.38148534 0.059864793 994.48 
20150625180621 11.232397 -0.077213004 0.110133275 0.73792523 -0.23884831 0.071776666 994.48 
20150625180621 12.652758 1.6663644 0.12569559 0.7370089 -0.20708331 0.09468412 994.48 
20150625180621 14.715363 4.1132383 1.965041 0.4156938 -0.23182335 0.20066923 994.48 
20150625180621 15.131354 2.0578163 3.7822402 0.21410827 -0.17195857 0.0571159 994.48 
20150625180622 13.740324 -1.7411832 -0.52253455 0.29138273 -0.021380283 -0.25289822 994.48 
20150625180622 14.372393 -0.7194576 -5.3288946 0.2950479 0.30451632 -0.2855795 994.48 
20150625180622 11.623849 0.85173726 -3.7523127 0.12614368 0.78984874 -0.31764993 994.48 
20150625180622 9.594764 1.2916719 -2.855684 0.15149458 0.06383542 -0.5296202 994.48 
20150625180622 10.901399 0.88405895 -1.3880384 0.040317107 -0.10903945 -0.5357288 994.53 
20150625180622 14.562133 0.54647654 -0.50637364 0.08032878 0.25961772 -0.3933972 994.53 
20150625180622 14.240712 -0.2873042 -0.6937199 0.32406402 0.38362336 -0.15454891 994.53 
20150625180622 11.003751 -0.1388637 -1.3335704 0.24984388 0.25320363 0.008552114 994.53 
20150625180622 7.6710224 0.6488287 -1.3072342 0.059253927 0.2302962 0.24923302 994.53 
20150625180622 5.3276973 1.6041151 -0.878672 -0.12186762 0.043066 0.37812558 994.53 
20150625180622 4.1611223 1.5933412 -0.24600422 -0.24251351 0.030848695 0.44715336 994.53 
20150625180622 4.119224 0.60693014 -0.43155485 -0.33383787 0.1908954 0.4569272 994.53 
20150625180622 4.9464207 -0.81343 -0.30585927 -0.3549127 0.21105394 0.42302418 994.53 
20150625180622 5.771223 -1.3036429 0.29029694 -0.37751472 0.11056661 0.31673363 994.58 
20150625180622 6.445191 -0.94211835 0.5279215 -0.38331795 -0.13133603 0.23976462 994.58 
20150625180622 8.006809 -0.7589619 0.99898064 -0.462425 -0.27977628 0.18600847 994.58 
20150625180622 9.183559 -0.842759 1.151611 -0.5012149 -0.33536503 0.12522738 994.58 
20150625180622 9.897031 -1.6460136 1.3455414 -0.51159966 -0.3100141 0.034208454 994.58 
20150625180622 10.7912655 -2.381632 1.8351556 -0.49663344 -0.09162979 0.004276057 994.58 
20150625180622 12.179304 -1.8058267 1.9859903 -0.41416663 0.057726767 -9.162979E-4 994.58 
20150625180622 11.981782 -1.6484078 1.2964603 -0.22724187 0.12156218 -0.02321288 994.58 
20150625180622 12.754511 -2.2774844 3.2465374 -0.03390302 0.22632557 -0.14294247 994.58 
20150625180622 13.655928 -1.3162124 3.9151182 0.115453534 0.25809056 -0.15485434 994.59 
20150625180622 13.611036 0.7308301 0.8463503 0.06505715 0.19517145 0.17287487 994.59 
20150625180622 12.495937 0.8690952 -3.1747115 0.032986723 0.33628133 0.25686884 994.59 
20150625180622 10.060435 -1.4915876 -3.8187518 -0.05955936 0.3839288 0.27030787 994.59 
20150625180622 8.596381 -1.5933412 -3.8732197 0.13164146 0.11148291 0.5207626 994.59 
20150625180622 11.261726 0.83497787 -2.5887306 0.2565634 -0.2938262 0.6783658 994.59 
20150625180622 15.377957 2.7922378 0.36032736 -0.03023783 -0.043676864 0.5699373 994.59 
20150625180622 16.29314 0.033518825 0.16639702 -0.21044308 0.18295415 0.2950479 994.59 
20150625180622 11.139622 -1.9590555 -0.7116765 0.028710667 0.17867808 0.06627888 994.59 
20150625180622 8.32404 -2.2397757 -0.3333926 0.24404067 0.008552114 -0.13652839 994.56 
20150625180622 6.8641763 -1.2066777 0.37110126 0.34574974 -0.04428773 -0.31581733 994.56 
20150625180622 5.3522377 -0.4333505 -0.12449849 0.5198463 -0.02687807 -0.48288897 994.56 
20150625180622 5.072715 0.5033809 0.065242 0.745561 0.14202617 -0.56382865 994.56 
20150625180622 4.8362875 1.4682442 0.01616086 0.75900006 0.116675265 -0.46853364 994.56 
20150625180622 4.44304 1.5316905 -0.10055647 0.6102544 -0.17256944 -0.3857614 994.56 
20150625180622 5.6826377 1.2318168 0.6715736 0.45631635 -0.2003638 -0.31306845 994.56 
20150625180622 6.9503675 0.48841715 1.0205284 0.39736784 -0.28160888 -0.15515977 994.56 
20150625180622 8.3390045 0.16759412 1.0600328 0.42302418 -0.5320636 -0.05467244 994.56 
20150625180622 9.521142 0.5057751 0.99898064 0.50732356 -0.57543504 0.042455133 994.55 
20150625180622 9.859323 0.6895301 1.1127052 0.6093381 -0.3830125 0.102319926 994.55 
20150625180622 10.745776 0.5979519 1.2024878 0.6291912 -0.12003502 0.11362094 994.55 
20150625180622 12.054806 1.1127052 0.3657143 0.6053675 0.008552114 0.14202617 994.55 
20150625180622 13.954006 3.843891 1.8722657 0.41386122 -0.037873644 0.21868975 994.55 
20150625180622 14.789582 3.181894 4.042011 0.06994407 -0.04184427 0.1337795 994.55 
20150625180622 13.130401 -0.55006784 0.82121116 0.03970624 -0.054061573 -0.25442538 994.55 
20150625180622 14.0150585 -0.2885013 -4.7734394 0.10170906 0.034513887 -0.28588495 994.55 
20150625180622 12.390593 1.8357542 -2.7527335 -0.09040806 0.52198434 -0.09621128 994.55 
20150625180622 10.01734 0.7667431 -2.2385786 -0.14538592 0.22266038 -0.39920044 994.59 
20150625180623 9.033323 -1.7932571 -1.8650831 -0.09773844 -0.3454443 -0.47494772 994.59 
20150625180623 13.026253 -1.3880384 -0.16639702 -0.19792034 0.086132 -0.38820487 994.59 
20150625180623 16.445173 0.64942724 -0.40402153 0.022907447 0.4364632 -0.08277224 994.59 
20150625180623 15.213356 1.6591818 -0.74519527 0.16982053 0.15210545 0.10567969 994.59 
20150625180623 10.077793 1.2563573 -1.2042835 -0.06383542 0.13347405 0.09560041 994.59 
20150625180623 6.9222355 0.44651863 -0.26276365 -0.37384954 0.0018325958 0.15790866 994.59 
20150625180623 4.635773 -0.10474633 0.47345337 -0.5177083 0.07269296 0.29535335 994.59 
20150625180623 3.7780502 -0.30466217 0.25318682 -0.5497787 0.226631 0.38056904 994.59 
20150625180623 3.8684313 -0.45729253 -0.46926352 -0.45814893 0.33750305 0.41050145 994.5 
20150625180623 4.9643774 -0.45729253 -0.39384618 -0.27183503 0.1740966 0.37018433 994.5 
20150625180623 5.8987145 0.11791443 0.050278235 -0.16768251 -0.10934488 0.26053402 994.5 
20150625180623 6.779182 0.19991584 -0.11791443 -0.20525073 -0.40866885 0.19333886 994.5 
20150625180623 8.019379 -0.4261679 0.6781576 -0.32986724 -0.49541172 0.14263703 994.5 
20150625180623 8.711303 -0.6338649 0.9247604 -0.46822822 -0.43676865 0.07360926 994.5 
20150625180623 9.660604 -1.4568717 1.1174936 -0.5656612 -0.2779437 -0.017715093 994.5 
20150625180623 10.961852 -2.9041667 1.3856442 -0.56016344 -0.12034045 -0.062308256 994.5 
20150625180623 12.988544 -3.0304608 1.6765398 -0.40500367 -0.03573562 -0.094989546 994.5 
20150625180623 13.002311 -2.629432 2.2457612 -0.20738874 -0.09101892 -0.089186326 994.55 
20150625180623 13.215395 -2.5540147 3.8959646 -0.0076358155 -0.080634214 -0.118507855 994.55 
20150625180623 13.141773 -0.6745663 3.164536 0.17867808 0.0033597588 0.024129177 994.55 
20150625180623 13.860034 1.5747862 -0.5494693 0.2843578 0.14782938 0.24587326 994.55 
20150625180623 12.619837 0.51595044 -3.731962 0.26175576 0.37873647 0.23854288 994.55 
20150625180623 9.645041 -2.2343888 -4.1545386 0.22082779 0.22327125 0.30482176 994.55 
20150625180623 8.565256 -0.6991069 -3.9270895 0.24740042 -0.24556783 0.47739118 994.55 
20150625180623 10.694301 2.1637597 -1.8471266 -0.0018325958 -0.43463063 0.46395215 994.55 
20150625180623 14.231733 2.078167 0.24660277 -0.35185838 0.116675265 0.35735616 994.55 
20150625180623 15.579669 -0.82121116 0.28491 -0.3203988 0.34574974 0.22357668 994.49 
20150625180623 13.092093 -1.797447 -1.1216835 0.046731193 0.22479841 0.11209377 994.49 
20150625180623 8.974665 -1.7340006 -0.25258827 0.25350907 0.050701816 -0.15088372 994.49 
20150625180623 6.71813 -0.3172317 -0.19572599 0.2996294 -0.062308256 -0.32070425 994.49 
20150625180623 5.2678423 -0.21547815 -0.4866215 0.45570546 0.012217305 -0.44593164 994.49 
20150625180623 5.5790887 0.4950012 0.089184016 0.6133087 0.22388211 -0.49632803 994.49 
20150625180623 5.5258174 1.5119383 0.23762453 0.55771995 0.14508049 -0.37659842 994.49 
20150625180623 5.441422 1.5729905 0.59136784 0.29016098 -0.12522738 -0.29626966 994.49 
20150625180623 6.0208187 0.7649474 0.96785605 0.09896017 -0.19211712 -0.21868975 994.49 
20150625180623 6.4110737 0.10055647 0.87687635 0.06536258 -0.3313944 -0.15393804 994.54 
20150625180623 7.654263 -0.12090719 0.79487497 0.16462818 -0.44623706 -0.13622294 994.54 
20150625180623 9.596559 -0.06823475 0.94930094 0.3100141 -0.4334089 -0.03970624 994.54 
20150625180623 10.232818 0.046088383 0.96546185 0.47158796 -0.36560285 0.07788532 994.54 
20150625180623 11.009138 0.2705448 0.5793968 0.56077427 -0.29718593 0.07849618 994.54 
20150625180623 12.389994 1.2922704 0.6428431 0.54641896 -0.18448131 0.05131268 994.54 
20150625180623 14.724939 3.3464954 2.3229742 0.3979787 -0.086437434 0.13591751 994.54 
20150625180623 14.638748 1.882441 3.457826 0.22449298 -0.01985312 0.077579886 994.54 
20150625180623 12.680889 -0.6159084 -1.3150153 0.25503623 0.0015271631 -0.18997909 994.54 
20150625180623 13.914502 1.0271125 -5.234922 0.25717425 0.21044308 -0.19792034 994.54 
20150625180623 11.911752 1.7663223 -2.8568811 0.067500606 0.65087694 -0.14019357 994.54 
20150625180623 9.742006 -0.7116765 -1.4143747 0.12095132 -0.038789943 -0.44104472 994.54 
20150625180623 10.89661 -2.9975405 -0.84096336 0.15027285 -0.25717425 -0.57696223 994.54 
20150625180623 15.7323 -1.110311 0.18375498 0.18112154 0.2843578 -0.39522982 994.54 
20150625180623 16.114174 0.6679823 -1.2868834 0.48716503 0.67347896 0.027488936 994.54 
20150625180624 13.819931 1.2791022 -0.7990648 0.6044512 0.48747048 0.06780604 994.54 
20150625180624 10.014946 1.0833763 -1.2240356 0.34330627 0.21105394 0.08674286 994.54 
20150625180624 6.806117 1.6178818 -0.4381389 0.077579886 0.17134771 0.17959438 994.54 
20150625180624 3.8564603 1.3455414 -0.51355624 -0.1731803 0.05100725 0.364992 994.56 
20150625180624 3.807978 -0.08559271 -0.504578 -0.2941316 0.2443461 0.48624873 994.56 
20150625180624 4.4274774 -1.2563573 -0.60693014 -0.29749137 0.25381452 0.5296202 994.56 
20150625180624 5.41748 -1.2587515 0.0077811554 -0.18661933 0.0720821 0.40958515 994.56 
20150625180624 6.1088057 -0.504578 0.46028528 -0.20555615 -0.18142697 0.26511553 994.56 
20150625180624 7.3789296 -0.32202014 0.4914099 -0.25992316 -0.37415496 0.19303341 994.56 
20150625180624 8.636484 -0.8619126 1.0079589 -0.364992 -0.4129449 0.14874569 994.56 
20150625180624 8.992621 -0.9056068 1.003769 -0.49205196 -0.3631594 0.036651913 994.56 
20150625180624 9.752781 -1.75076 1.0857705 -0.5687156 -0.22052236 -0.041233405 994.56 
20150625180624 11.286267 -2.415151 1.7016789 -0.57360244 -0.05222898 -0.09590584 994.59 
20150625180624 12.552201 -2.19668 1.5879543 -0.40561453 0.038179077 -0.099571034 994.59 
20150625180624 13.180679 -2.7455509 2.8000188 -0.17715092 0.019242255 -0.12583824 994.59 
20150625180624 13.596671 -2.554613 4.1958385 0.009162978 0.040927973 -0.16218472 994.59 
20150625180624 13.899538 -0.04369418 2.220622 0.12767084 -0.0021380284 0.048563786 994.59 
20150625180624 14.3281 1.4772224 -1.5837644 0.14569137 0.129198 0.24190263 994.59 
20150625180624 12.584522 0.25079262 -2.641403 0.09621128 0.2687807 0.24587326 994.59 
20150625180624 9.22426 -2.4378958 -3.4763808 0.14721853 0.05222898 0.41233405 994.59 
20150625180624 7.8954787 -0.39205053 -3.8391025 0.4071417 -0.31612277 0.57787853 994.59 
20150625180624 10.833164 2.2667105 -1.429937 0.071776666 -0.22418754 0.3643811 994.55 
20150625180624 14.302362 1.5753847 0.5883751 -0.4642576 0.21685717 0.17379116 994.55 
20150625180624 15.396513 -0.74998367 0.57281274 -0.5296202 0.44348818 0.030848695 994.55 
20150625180624 12.670115 -1.3156139 -0.7266402 -0.22113322 0.20647246 0.026572637 994.55 
20150625180624 9.688736 -1.3551182 -0.56084174 0.122478485 -0.027794369 -0.17073683 994.55 
20150625180624 7.602189 -1.6340426 0.010175358 0.30298916 -0.13744467 -0.35521814 994.55 
20150625180624 5.4623713 -1.0666169 -0.23403321 0.5021312 -0.01863139 -0.52687126 994.55 
20150625180624 5.7454853 0.10594343 0.08319851 0.6606508 0.1881465 -0.53878313 994.55 
20150625180624 5.7125654 1.0923545 0.0676362 0.61361414 0.03940081 -0.46028697 994.55 
20150625180624 5.4204726 1.8441339 0.044292733 0.48349985 -0.15790866 -0.3915646 994.55 
20150625180624 5.5898623 1.6154876 0.47884035 0.40286562 -0.19975294 -0.3277292 994.55 
20150625180624 6.2207346 0.760159 1.0348936 0.34147367 -0.17837265 -0.21563543 994.55 
20150625180624 7.689577 -0.14604631 1.3293805 0.30695978 -0.30543262 -0.089186326 994.55 
20150625180624 9.3026705 -0.5422867 1.0821792 0.43066 -0.36163223 0.036651913 994.55 
20150625180624 10.532093 -0.14305355 1.4359225 0.63255095 -0.3277292 0.095294975 994.55 
20150625180624 11.8094 0.6051345 0.91219085 0.68416905 -0.2012801 0.1328632 994.55 
20150625180624 12.69705 3.2016463 0.3489549 0.66339964 -0.13439035 0.18081611 994.55 
20150625180624 14.915278 5.33069 2.3558946 0.37293324 -0.07360926 0.24098633 994.55 
20150625180624 13.837887 1.6214731 3.1836896 0.05222898 -0.011911872 -0.03756821 994.57 
20150625180624 12.890981 -1.4640543 -2.1051018 0.06383542 0.015577064 -0.36835176 994.57 
20150625180624 13.913304 -0.35254622 -4.4220905 0.027488936 0.31703907 -0.22204952 994.57 
20150625180624 11.517307 0.6500258 -1.816002 -0.12339478 0.74464476 -0.20616703 994.57 
20150625180624 9.416994 -0.6985083 -2.3050177 -0.017715093 0.017715093 -0.50976706 994.57 
20150625180624 11.667543 -0.20649989 0.108936176 -0.0729984 -0.017104227 -0.5109888 994.57 
20150625180624 15.043966 0.7661445 0.50637364 -0.030848695 0.43371433 -0.35155296 994.57 
20150625180624 15.076886 1.1402385 -0.9552865 0.29138273 0.44593164 -0.0030543262 994.57 
20150625180624 13.790602 1.4670471 -1.062427 0.26236662 0.37323865 0.08979719 994.57 
20150625180624 10.011354 0.480636 -1.3341689 -0.10445796 0.14385876 0.2574797 994.54 
20150625180624 6.9210386 0.2184709 -0.6362591 -0.31948254 -0.07788532 0.4147775 994.54 
20150625180625 4.0898952 0.093373865 -0.492607 -0.45753807 -0.061391957 0.5180137 994.54 
20150625180625 3.1830912 -0.08798691 -0.36152446 -0.39064834 0.21930063 0.4804455 994.54 
20150625180625 4.19105 -0.3728969 -0.41359833 -0.24281894 0.2751948 0.4129449 994.54 
20150625180625 5.4204726 -0.22625206 0.207697 -0.17531833 0.016798794 0.29626966 994.54 
20150625180625 6.455366 0.07182605 0.29269117 -0.22327125 -0.27000242 0.19456059 994.54 
20150625180625 8.521563 -0.8265981 0.64823014 -0.31887165 -0.4728097 0.14721853 994.54 
20150625180625 10.061034 -1.4047978 1.3587095 -0.43035457 -0.5122105 0.071776666 994.54 
20150625180625 10.0029745 -1.9303252 1.5873557 -0.50976706 -0.49418998 -0.022602014 994.58 
20150625180625 10.084377 -2.3133974 1.7872716 -0.5271767 -0.2733622 -0.08399397 994.58 
20150625180625 11.46224 -1.7812861 1.8872294 -0.41263947 -0.020463986 -0.110872045 994.58 
20150625180625 12.304401 -2.3157916 1.6448165 -0.22021692 0.08674286 -0.09040806 994.58 
20150625180625 13.509283 -3.5362358 4.0264487 0.053145275 0.13561209 -0.122478485 994.58 
20150625180625 13.245921 -2.3828292 4.197036 0.22571471 0.07666359 -0.05100725 994.58 
20150625180625 12.954427 0.29568392 1.4646529 0.34880406 0.05222898 0.2415972 994.58 
20150625180625 12.468404 1.6065093 -2.7485435 0.39553526 0.22937989 0.30115658 994.58 
20150625180625 10.221446 -0.7870938 -5.04997 0.3631594 0.23609942 0.22266038 994.58 
20150625180625 9.452309 -2.4971523 -4.5687356 0.41538838 -0.060170226 0.32559118 994.6 
20150625180625 11.672332 0.54767364 -3.1435869 0.38881573 -0.6374379 0.700357 994.6 
20150625180625 15.027805 4.3209357 -0.85652566 -0.025961773 -0.47525316 0.589485 994.6 
20150625180625 15.756242 1.9446903 -0.37229836 -0.24098633 0.20005837 0.30543262 994.6 
20150625180625 13.597869 -1.6585833 -0.46447513 -0.060170226 0.44715336 0.04642576 994.6 
20150625180625 10.08737 -2.606687 -0.4285621 0.1826487 0.4251622 -0.014049901 994.6 
20150625180625 7.6135616 -3.016694 0.1364695 0.3005457 0.26145032 -0.2171626 994.6 
20150625180625 6.190807 -2.1859062 0.5883751 0.453262 0.06505715 -0.37140608 994.6 
20150625180625 5.0182467 -0.99778354 -0.029927522 0.70921457 -0.0030543262 -0.52656585 994.6 
20150625180625 5.134964 0.9528923 0.17178397 0.9074403 0.02565634 -0.5513059 994.56 
20150625180625 4.6806645 1.7495629 -0.29867667 0.89919364 -0.11453723 -0.49510628 994.56 
20150625180625 5.258864 1.6819267 0.41000703 0.68661255 -0.22571471 -0.40408736 994.56 
20150625180625 6.631939 0.81642276 0.87807345 0.48838675 -0.18295415 -0.23273966 994.56 
20150625180625 8.257602 0.18614918 0.87328506 0.4728097 -0.3747658 -0.047036625 994.56 
20150625180625 10.138845 0.8463503 0.98222125 0.5540548 -0.58551437 0.035430185 994.56 
20150625180625 9.990405 1.4514848 0.9780314 0.6365216 -0.5552765 0.12186762 994.56 
20150625180625 9.82341 1.3922282 0.8343793 0.61422503 -0.33414328 0.09010262 994.56 
20150625180625 10.332177 0.3824737 0.587178 0.5149594 -0.0421497 0.032375857 994.56 
20150625180625 13.272856 2.0638018 1.6759412 0.32925636 0.076052725 0.039095376 994.6 
20150625180625 16.2273 3.1591492 3.9193082 0.124005646 0.15454891 0.1853976 994.6 
20150625180625 13.708002 0.58897364 2.1853075 0.10445796 -0.03970624 -0.05375614 994.6 
20150625180625 12.981361 -0.8936358 -3.281852 0.20799962 -0.10323623 -0.24740042 994.6 
20150625180625 13.548189 0.79008657 -5.0146556 0.22540927 0.2556471 -0.03848451 994.6 
20150625180625 11.783064 1.1258733 -2.9951463 0.19150625 0.44409904 -0.13041973 994.6 
20150625180625 8.930971 -0.18195933 -2.6461914 0.15271631 -0.4025602 -0.38606682 994.6 
20150625180625 10.933122 -1.1085154 -0.09935937 -0.069027774 -0.1740966 -0.44837508 994.6 
20150625180625 15.570092 -0.6739678 0.57041854 -0.03604105 0.3839288 -0.35002577 994.6 
20150625180625 15.140333 0.29688102 -1.1869255 0.29168814 0.43585235 -0.06658431 994.54 
20150625180625 13.315352 0.91338795 -1.4203602 0.28252518 0.25686884 0.05009095 994.54 
20150625180625 9.803059 0.8924387 -1.6980876 -0.0067195175 0.055588737 0.23335053 994.54 
20150625180625 6.5523314 0.9223662 -1.3814543 -0.18845193 -0.1423316 0.35460728 994.54 
20150625180625 3.7828386 0.6087258 -0.7433996 -0.36132678 -0.0015271631 0.4279111 994.54 
20150625180625 3.0711622 -0.11611878 -0.21068975 -0.42058071 0.34422258 0.44715336 994.54 
20150625180625 4.2730513 -1.003769 0.30047232 -0.33414328 0.3494149 0.39003745 994.54 
20150625180626 5.614403 -0.8391677 0.7020996 -0.2312125 0.12003502 0.28313604 994.54 
20150625180626 6.8109055 -0.42676646 0.5734113 -0.19822577 -0.22327125 0.20189096 994.54 
20150625180626 8.180987 -0.55246204 0.18555063 -0.2302962 -0.4269948 0.17165314 994.54 
20150625180626 9.516354 -0.7170634 0.6183026 -0.32559118 -0.5143485 0.1001819 994.54 
20150625180626 9.876082 -1.210269 0.97264445 -0.4654793 -0.4334089 0.008552114 994.54 
20150625180626 10.778696 -1.6095021 1.4449008 -0.535118 -0.21533 -0.03940081 994.54 
20150625180626 12.336124 -1.3156139 1.7591397 -0.50640726 -0.0106901415 -0.06811147 994.54 
20150625180626 12.556391 -2.4462755 1.6927006 -0.4437936 0.05131268 -0.08979719 994.54 
20150625180626 13.4661875 -3.445855 3.5877113 -0.27763826 0.11575896 -0.16890424 994.54 
20150625180626 13.590087 -1.8674773 3.6302083 -0.0580322 0.14202617 -0.11056661 994.54 
20150625180626 13.98154 1.5969325 0.23343466 -0.036651913 0.20555615 0.15607607 994.54 
20150625180626 13.482946 1.8261774 -3.8660371 -0.03359759 0.3839288 0.17898351 994.56 
20150625180626 10.7194395 -1.5640123 -4.995502 -0.08979719 0.3659083 0.18234327 994.56 
20150625180626 8.124723 -1.9686323 -3.3979707 0.054367006 -0.016187929 0.39950588 994.56 
20150625180626 9.617508 0.85293436 -1.7004818 0.08002335 -0.44623706 0.51159966 994.56 
20150625180626 13.757083 2.1350293 0.34237084 -0.34269542 -0.018020526 0.38606682 994.56 
20150625180626 16.318281 -0.4369418 0.6422446 -0.4578435 0.5021312 0.20861048 994.56 
20150625180626 13.27944 -1.3395559 -0.80564886 -0.13958271 0.43493605 0.03023783 994.56 
20150625180626 9.613917 -1.3174095 -0.8499416 0.15943582 0.10751228 -0.20769419 994.56 
20150625180626 7.338228 -1.6460136 -0.39504328 0.2742785 -0.13408493 -0.40286562 994.56 
20150625180626 5.249287 -1.0259154 -0.46267948 0.5338962 -0.15210545 -0.5207626 994.58 
20150625180626 4.63278 -0.8535329 -0.25198972 0.7629707 0.108123146 -0.5729916 994.58 
20150625180626 5.8867435 0.05865794 0.40342298 0.80878556 0.14844026 -0.4728097 994.58 
20150625180626 5.5102553 1.7435774 0.18854338 0.6814202 -0.17256944 -0.3549127 994.58 
20150625180626 5.9873 1.411382 0.8110358 0.535118 -0.2003638 -0.28588495 994.58 
20150625180626 6.505046 0.42916065 1.0648212 0.48380527 -0.20372356 -0.1423316 994.58 
20150625180626 7.7506294 0.12988544 1.2395979 0.52412236 -0.36865717 -0.055283304 994.58 
20150625180626 9.342773 0.22026655 0.9540894 0.59712076 -0.37904188 0.021685716 994.58 
20150625180626 9.869498 0.62847793 0.57520694 0.7086037 -0.3680463 0.098043874 994.58 
20150625180626 11.26412 0.94211835 0.25198972 0.7275405 -0.30115658 0.10140363 994.61 
20150625180626 12.852075 2.27928 0.29508537 0.6478226 -0.21227567 0.09987647 994.61 
20150625180626 14.870985 4.5262384 2.0410569 0.37415496 -0.15577064 0.1704314 994.61 
20150625180626 14.0473795 1.388637 3.7978024 0.048258353 -0.0842994 0.0852157 994.61 
20150625180626 11.963227 -2.1883004 -0.54527944 0.0983493 0.0076358155 -0.25045475 994.61 
20150625180626 13.745112 -0.35194764 -5.5138464 0.17654006 0.36774087 -0.17287487 994.61 
20150625180626 12.026075 2.1894975 -3.7122097 0.1151481 0.6918049 0.028405234 994.61 
20150625180626 10.271125 1.7022774 -2.758719 0.089491755 0.15271631 -0.33078352 994.61 
20150625180626 11.626842 -1.3988123 -0.44831428 -0.004886922 -0.44501534 -0.45142943 994.61 
20150625180626 14.936826 -1.489792 0.30645782 -0.06627888 0.03390302 -0.3381139 994.56 
20150625180626 16.52538 -0.24001873 -0.8355764 0.28710666 0.5323691 0.08979719 994.56 
20150625180626 14.712968 0.8499416 -0.39743748 0.43554693 0.677755 0.21930063 994.56 
20150625180626 10.679337 1.0450691 -1.0582372 0.20525073 0.42577308 0.20525073 994.56 
20150625180626 7.2711906 1.2060791 -0.6823475 -0.13958271 0.26419923 0.21380283 994.56 
20150625180626 4.334702 1.2856863 -0.29388827 -0.36926803 0.1328632 0.35460728 994.56 
20150625180626 2.954445 0.7954735 0.031124622 -0.4361578 0.29901853 0.4474588 994.56 
20150625180626 3.1465795 -0.38965634 -0.16759412 -0.40194935 0.41141775 0.46211955 994.56 
20150625180626 4.3155484 -1.6196774 -0.17238252 -0.27000242 0.24312437 0.39950588 994.56 
20150625180626 6.4026937 -1.5897499 0.3645172 -0.16187929 -0.03634648 0.27122417 994.49 
20150625180626 7.715315 -0.74519527 0.47644615 -0.119729586 -0.3640757 0.1863139 994.49 
20150625180627 9.06744 -0.25258827 1.1815386 -0.15027285 -0.4877759 0.105374254 994.49 
20150625180627 8.925584 -0.2801216 1.3461399 -0.29138273 -0.41386122 -3.0543262E-4 994.49 
20150625180627 9.296086 -1.0761937 1.4377182 -0.3866777 -0.23457226 -0.06688975 994.49 
20150625180627 11.753735 -1.7118542 1.9620483 -0.35002577 0.004886922 -0.07696902 994.49 
20150625180627 13.455414 -2.4881742 2.2691047 -0.25381452 -6.1086525E-4 -0.067500606 994.49 
20150625180627 13.912706 -3.2291796 3.6721067 -0.098043874 -0.038789943 -0.108123146 994.49 
20150625180627 12.898163 -2.657564 3.426701 0.04337143 0.004581489 -0.08674286 994.49 
20150625180627 12.997522 -0.2873042 0.51595044 0.0983493 0.0421497 0.12858713 994.49 
20150625180627 13.235745 0.83138657 -3.1729157 0.14752395 0.31612277 0.23762658 994.49 
20150625180627 11.520899 -0.6847417 -3.3147724 0.08735373 0.34697145 0.29046643 994.49 
20150625180627 9.120711 -0.97982705 -3.7780502 0.23396139 0.07788532 0.46089783 994.49 
20150625180627 10.132261 2.1176715 -3.4560301 0.4465425 -0.3005457 0.64751714 994.49 
20150625180627 13.121423 2.8628666 -0.15801731 -0.11484267 -0.113926366 0.49632803 994.49 
20150625180627 16.24466 -0.6368576 1.2282255 -0.5027421 0.3399465 0.19547687 994.49 
20150625180627 14.409503 -1.963844 -0.28491 -0.43218717 0.31887165 0.08399397 994.49 
20150625180627 10.714052 -2.2092497 -0.516549 -0.025350908 0.079107046 -0.08979719 994.49 
20150625180627 8.114548 -1.9405005 0.272939 0.25167647 -0.124311075 -0.36041048 994.56 
20150625180627 5.8322754 -0.94211835 0.24061728 0.44073927 -0.09896017 -0.48502702 994.56 
20150625180627 4.4819455 -1.2018893 0.049679685 0.6374379 0.10720685 -0.54733527 994.56 
20150625180627 4.8985367 -0.11252748 0.27234045 0.7892379 0.23426682 -0.47952923 994.56 
20150625180627 4.271256 1.1270704 -0.12629414 0.6579019 -0.04550946 -0.36468655 994.56 
20150625180627 4.9308586 2.0859482 0.25737667 0.57451874 -0.12980886 -0.37140608 994.56 
20150625180627 6.8168907 1.6663644 1.3096284 0.505491 -0.20158553 -0.28221974 994.56 
20150625180627 8.088212 0.56982 1.1420342 0.45265114 -0.48441613 -0.12370021 994.56 
20150625180627 9.467272 -0.44891283 1.079785 0.47586402 -0.6805039 -3.0543262E-4 994.56 
20150625180627 10.523115 0.19572599 2.042254 0.6075055 -0.6401868 0.09712757 994.56 
20150625180627 10.931925 1.2509704 0.9684546 0.61300325 -0.46761733 0.098043874 994.56 
20150625180627 11.736377 2.1511903 -0.33279404 0.52412236 -0.28313604 0.058643065 994.56 
20150625180627 13.254899 3.674501 0.2681506 0.38820487 -0.183565 0.1001819 994.56 
20150625180627 13.922283 3.0765493 2.2900538 0.10048734 -0.19761491 0.19150625 994.56 
20150625180627 13.408128 -0.20470424 -1.7465701 -0.022602014 -0.086132 -0.05497787 994.56 
20150625180627 14.601039 -0.2136825 -5.6736593 -0.106901415 0.02687807 -0.18570304 994.56 
20150625180627 12.751518 -0.3681085 -1.75076 -0.33261612 0.4560109 -0.19394971 994.56 
20150625180627 7.9822683 -1.027711 0.014963761 -0.2950479 0.12492194 -0.52778757 994.56 
20150625180627 8.6017685 -1.7890673 -0.30166942 -0.2669481 -0.28069258 -0.5644395 994.51 
20150625180627 14.384962 0.60573304 1.0767922 -0.27763826 0.675617 -0.3820962 994.51 
20150625180627 16.52897 1.2240356 -1.5113398 0.14080444 0.8717047 0.06291912 994.51 
20150625180627 16.21114 0.85891986 -2.0458453 0.54519725 0.42760566 0.093462385 994.51 
20150625180627 13.224972 0.27712885 -1.7010803 0.10842858 0.064751714 0.064751714 994.51 
20150625180627 9.980828 -0.24660277 -0.61291564 -0.24923302 -0.30634892 0.15882497 994.51 
20150625180627 6.5283895 0.08080431 0.14844051 -0.37934732 -0.2724459 0.32834008 994.51 
20150625180627 4.545392 0.31483752 0.10354923 -0.364992 0.07941248 0.4718934 994.51 
20150625180627 4.0737343 0.3764882 -0.17717093 -0.27458394 0.28344148 0.473726 994.51 
20150625180627 4.4538136 -0.019153614 -0.14664486 -0.09193522 0.15393804 0.40286562 994.55 
20150625180627 4.64116 -0.39025488 0.12150574 -0.05222898 -0.14966199 0.33292156 994.55 
20150625180627 5.089474 -0.5033809 0.13946225 -0.08827003 -0.3417791 0.24648413 994.55 
20150625180627 7.6093717 -0.6823475 0.80205756 -0.14935656 -0.43768495 0.1908954 994.55 
20150625180627 8.72088 -1.3395559 0.55725044 -0.26389378 -0.44593164 0.1160644 994.55 
20150625180627 9.291298 -2.0141222 0.19752164 -0.36713 -0.41263947 0.07269296 994.55 
20150625180627 11.025299 -1.8992004 0.6302736 -0.34972036 -0.20861048 0.07391469 994.55 
20150625180627 13.2189865 -1.3856442 1.7226281 -0.33353242 -0.10567969 0.031154128 994.55 
20150625180628 13.456012 -2.0440497 3.068768 -0.26358834 -0.10140363 -0.086437434 994.55 
20150625180628 12.870629 -2.4570496 3.317765 -0.058948494 -0.0106901415 -0.1853976 994.51 
20150625180628 13.140576 0.010773907 1.067814 0.06536258 0.19975294 -0.029321533 994.51 
20150625180628 13.103466 1.2126632 -2.861071 0.07971791 0.4783075 0.24770586 994.51 
20150625180628 10.907983 -1.5885528 -5.3683987 0.018020526 0.6747007 0.19517145 994.51 
20150625180628 8.608951 -2.2451627 -4.96737 0.15943582 0.31581733 0.2751948 994.51 
20150625180628 10.016742 0.7272388 -2.295441 0.20708331 -0.47678033 0.4746423 994.51 
20150625180628 13.716381 3.858256 0.36391866 0.007330383 -0.4474588 0.51068336 994.51 
20150625180628 16.160862 1.6118963 0.0023942017 -0.19364429 0.20280726 0.31490102 994.51 
20150625180628 13.934853 -0.9947908 -0.5398925 -0.09407325 0.55680364 0.13408493 994.51 
20150625180628 10.968436 -1.3922282 -0.66858083 -0.08093964 0.42241332 -0.009162978 994.5 
20150625180628 9.458893 -1.3006501 -0.19512744 -0.08155051 0.13194689 -0.16554448 994.5 
20150625180628 8.025364 -0.6584055 0.22804771 0.014966198 -0.10293079 -0.27885997 994.5 
20150625180628 6.053739 -0.26036942 -0.25318682 0.2098322 -0.047647487 -0.3726278 994.5 
20150625180628 4.857237 -0.05746084 -0.013766659 0.43982297 0.16126843 -0.47739118 994.5 
20150625180628 4.8506527 -0.42078096 0.32561144 0.47555858 0.21685717 -0.5012149 994.5 
20150625180628 4.903325 0.2765303 0.55365914 0.36682457 -0.08277224 -0.41355577 994.5 
20150625180628 5.7766104 0.94810385 0.8834604 0.19242255 -0.1554652 -0.28099802 994.5 
20150625180628 7.193379 0.7637503 1.2431892 0.20311269 -0.26358834 -0.13958271 994.5 
20150625180628 9.24102 0.25318682 1.6891093 0.36163223 -0.4196644 -0.062308256 994.54 
20150625180628 9.320627 -0.320823 1.2593501 0.52381694 -0.33658674 -0.03268129 994.54 
20150625180628 10.102334 -0.557849 -0.039504327 0.72021013 -0.22632557 0.0012217305 994.54 
20150625180628 12.348095 1.9566613 0.2801216 0.8026769 -0.11942416 0.05375614 994.54 
20150625180628 15.003863 3.9019501 2.4582467 0.5363397 -0.0015271631 0.20861048 994.54 
20150625180628 14.559739 1.3174095 1.0546459 0.3268129 0.030543262 0.12186762 994.54 
20150625180628 16.99165 0.27593175 -4.6393642 0.32742378 -0.024740042 -0.22540927 994.54 
20150625180628 14.957775 0.008379706 -3.3081882 0.23365596 0.23457226 -0.1966986 994.54 
20150625180628 9.226655 -0.21906945 -2.2732944 0.15974127 0.3735441 -0.36651915 994.54 
20150625180628 7.1969705 -1.435324 -0.3585317 0.15668693 -0.050396383 -0.47586402 994.64 
20150625180628 11.443087 -0.9091981 0.92176765 0.12034045 0.30726522 -0.45570546 994.64 
20150625180628 15.6317425 1.258153 0.51235914 0.4334089 0.7852673 -0.21502456 994.64 
20150625180628 15.248671 2.484583 -0.46986207 0.5308419 0.65087694 0.03359759 994.64 
20150625180628 11.914744 1.9973627 -1.8908207 0.30848694 0.47739118 0.116980694 994.64 
20150625180628 8.4234 0.7020996 -1.7561469 -0.06536258 0.19058995 0.1994475 994.64 
20150625180628 5.6563015 -0.8002619 -0.85473 -0.28069258 -0.013133603 0.3827071 994.64 
20150625180628 4.1461587 -1.2306197 -0.5201403 -0.42332962 0.07269296 0.473726 994.64 
20150625180628 4.2610803 -1.2216414 -0.36272156 -0.3491095 0.24495697 0.4859433 994.64 
20150625180628 5.599439 -0.7882909 -0.19871874 -0.14110987 0.22632557 0.3463606 994.47 
20150625180628 6.5247984 -0.40102878 0.24361002 -0.058948494 -0.054367006 0.22602014 994.47 
20150625180628 6.7666125 -0.52971715 0.38067806 -0.057421334 -0.23609942 0.13255776 994.47 
20150625180628 8.158242 -0.6841431 0.7721301 -0.089186326 -0.3390302 0.13194689 994.47 
20150625180628 8.872313 -0.6913257 1.3150153 -0.23304509 -0.3378085 0.106595986 994.47 
20150625180628 8.771756 -0.5554548 1.4784195 -0.32803464 -0.27947086 0.065973446 994.47 
20150625180628 9.513959 -1.3329718 1.858499 -0.33322698 -0.10781772 0.0125227375 994.47 
20150625180628 12.081141 -1.0127473 1.6950948 -0.25503623 0.06047566 -0.06719518 994.47 
20150625180628 12.334928 -1.7471687 1.6358383 -0.21135938 0.07941248 -0.103847094 994.47 
20150625180628 12.957419 -2.0165164 2.6880898 -0.116675265 0.15241088 -0.13072516 994.56 
20150625180628 13.89056 -0.5781997 1.8249803 -0.034513887 0.1685988 -0.021685716 994.56 
20150625180628 14.189237 1.146224 -2.35769 -0.043982297 0.20066923 0.12950343 994.56 
20150625180629 12.506113 -1.2294226 -3.3614593 -0.08399397 0.4474588 0.15668693 994.56 
20150625180629 8.881889 -1.1372458 -3.305794 -0.1572978 0.44593164 0.31673363 994.56 
20150625180629 7.2113357 0.92416185 -2.4193408 0.03848451 -0.006414085 0.48502702 994.56 
20150625180629 11.461642 3.928885 0.4985925 -0.118202426 -0.047036625 0.4560109 994.56 
20150625180629 15.495872 0.63087213 1.0522517 -0.5870415 0.47800204 0.3659083 994.56 
20150625180629 15.340249 -2.492364 0.3345897 -0.52778757 0.5271767 0.06994407 994.56 
20150625180629 12.12304 -3.1376014 -0.6332663 -0.23671028 0.096516706 -0.06688975 994.57 
20150625180629 9.514558 -2.2301989 -0.05327099 -0.027794369 -0.2770274 -0.21288654 994.57 
20150625180629 7.7368627 -0.36750996 0.89184016 0.21533 -0.19914207 -0.35369098 994.57 
20150625180629 5.993884 0.5662287 0.66618663 0.473726 0.15271631 -0.45906523 994.57 
20150625180629 5.1840453 0.533907 0.6099229 0.71959925 0.38362336 -0.453262 994.57 
20150625180629 5.3025584 0.25139117 0.53689975 0.7360926 0.22907446 -0.3839288 994.57 
20150625180629 5.9244523 0.47105917 0.5554548 0.5564982 0.0027488936 -0.2773328 994.57 
20150625180629 6.6510925 1.0947487 1.0660183 0.49021935 -0.11148291 -0.21105394 994.57 
20150625180629 7.117363 1.0169371 1.3192052 0.4746423 -0.25625798 -0.16829337 994.57 
20150625180629 8.048109 0.700304 1.4520833 0.5363397 -0.28191432 -0.05681047 994.48 
20150625180629 9.3978405 0.49081135 1.7232267 0.6010914 -0.28802297 0.111177474 994.48 
20150625180629 9.528324 0.61890113 2.0679917 0.58246 -0.28588495 0.23060162 994.48 
20150625180629 8.599374 0.20470424 0.741604 0.5726862 -0.16218472 0.24251351 994.48 
20150625180629 8.917204 -0.36272156 -0.9068039 0.5739079 -0.0125227375 0.15454891 994.48 
20150625180629 12.704831 2.682703 0.7799112 0.5122105 0.13988814 0.172264 994.48 
20150625180629 15.117588 2.6090813 3.329736 0.3866777 0.02321288 0.12186762 994.48 
20150625180629 15.165472 -0.35553896 0.5895722 0.15149458 -0.3109304 -0.07544186 994.48 
20150625180629 17.157448 -1.0827777 -2.541445 0.30726522 -0.2406809 -0.24556783 994.48 
