20150625180235 9.123106 1.2401965 -3.0364463 0.2510656 0.029932396 -0.083383106 994.5 
20150625180235 5.969942 -1.4766239 -0.52373165 0.09132435 -0.27977628 -0.12767084 994.5 
20150625180235 8.143877 -2.681506 -0.37588966 -0.005497787 0.101098195 -0.053145275 994.5 
20150625180235 13.121423 -1.0552444 -2.520496 0.40439278 0.44043383 0.13316862 994.5 
20150625180235 15.085266 1.2761095 -4.080917 0.627664 0.46670106 0.19792034 994.5 
20150625180235 12.469003 0.6380547 -2.8508956 0.473726 0.23396139 0.09285152 994.5 
20150625180235 9.965864 -1.0223241 -1.4437037 0.06078109 0.10995574 -0.029321533 994.5 
20150625180235 8.696938 -1.2036849 -0.6997054 -0.12339478 0.13927728 0.12003502 994.5 
20150625180235 7.8667483 -0.2873042 -0.48841715 -0.03176499 0.19181168 0.27397305 994.48 
20150625180235 6.7570357 -0.110731825 -0.5231331 0.11362094 0.27550024 0.28893927 994.48 
20150625180235 5.6431336 -0.095768064 -0.61291564 0.18906279 0.27458394 0.22113322 994.48 
20150625180235 4.9015293 -0.017357962 -0.64583594 0.11209377 0.19333886 0.13500121 994.48 
20150625180235 5.072715 -0.17836803 -0.54647654 -0.028405234 0.11575896 0.13194689 994.48 
20150625180235 6.9886746 -0.51954174 0.14425065 -0.21135938 0.065973446 0.122478485 994.48 
20150625180235 8.415619 -0.87927055 0.5117606 -0.26847526 -0.044898596 0.06352998 994.48 
20150625180235 9.276335 -1.234211 0.29927522 -0.25717425 -0.08124508 -0.027183503 994.48 
20150625180235 9.694721 -1.401805 -0.2621651 -0.2779437 -0.10934488 -0.08399397 994.48 
20150625180235 10.45069 -1.7585411 -0.016759412 -0.38637227 -0.09162979 -0.0720821 994.5 
20150625180235 12.185289 -1.7986441 0.97025025 -0.47067168 0.0125227375 -0.03573562 994.5 
20150625180235 13.718177 -2.098518 1.5155296 -0.48899764 0.0693332 -0.06078109 994.5 
20150625180235 14.67885 -3.558981 3.0585926 -0.39828414 0.15515977 -0.15210545 994.5 
20150625180235 13.403938 -2.8975825 2.6952724 -0.20372356 0.26725355 -0.15332718 994.5 
20150625180235 13.393763 -0.80804306 0.5955577 0.023823744 0.3585779 0.064751714 994.5 
20150625180235 13.917495 -1.1899183 -2.1164744 0.04795292 0.559858 0.12614368 994.5 
20150625180235 10.754155 -2.7371712 -3.7906199 -0.076358154 0.54244834 0.1151481 994.5 
20150625180235 7.2664022 -2.2493525 -3.7942111 0.008246681 0.15332718 0.22602014 994.5 
20150625180235 9.611523 1.1366472 -2.847903 0.24098633 -0.27672195 0.3830125 994.55 
20150625180235 13.63438 2.8245595 -1.9476831 0.17470746 -0.17562376 0.3827071 994.55 
20150625180235 15.022419 0.0017956513 -0.9498995 -0.14844026 0.15271631 0.1337795 994.55 
20150625180235 12.6461735 -1.9722236 -1.0570401 -0.14905111 0.18967366 0.042455133 994.55 
20150625180235 9.744401 -1.863886 -1.3838485 0.05467244 0.04795292 0.022602014 994.55 
20150625180235 7.404069 -1.3652935 -1.1007342 0.36041048 0.040011674 -0.1301143 994.55 
20150625180235 6.0369797 -0.62608373 -0.20590134 0.5323691 0.028710667 -0.35155296 994.55 
20150625180235 5.723339 -0.2693477 -0.41000703 0.5757405 0.1563815 -0.50518554 994.55 
20150625180235 5.374983 0.22685061 -0.52732295 0.54183745 0.23335053 -0.4810564 994.55 
20150625180235 5.2528787 0.3393781 -0.05805939 0.41080686 0.13041973 -0.3924809 994.52 
20150625180235 5.645528 0.6332663 0.6123171 0.33353242 -0.07971791 -0.26236662 994.52 
20150625180235 6.3392477 0.54288524 0.79966336 0.34422258 -0.20463985 -0.15027285 994.52 
20150625180235 7.3226657 0.26994625 0.55246204 0.43127087 -0.2761111 -0.11728613 994.52 
20150625180235 8.253412 -0.2184709 0.50278234 0.51159966 -0.27763826 -0.055283304 994.52 
20150625180235 11.546038 0.29867667 0.46986207 0.5870415 -0.33078352 0.049480084 994.52 
20150625180235 12.181698 0.4189853 0.7302315 0.6264423 -0.31764993 0.10354166 994.52 
20150625180235 11.721413 0.21308395 0.42676646 0.65301496 -0.25442538 0.06414085 994.52 
20150625180235 12.225991 1.7088615 -0.12150574 0.70005155 -0.14935656 0.074830994 994.52 
20150625180235 15.294161 3.4811692 2.1577742 0.539394 -0.09040806 0.16920967 994.46 
20150625180235 14.544177 0.91458505 2.3900118 0.32589662 -0.03481932 0.15393804 994.46 
20150625180236 14.482526 -1.3730747 -2.3918076 0.17989981 -0.009773844 -0.118507855 994.46 
20150625180236 14.844649 0.14604631 -4.024653 0.2443461 0.31978795 -0.17623462 994.46 
20150625180236 9.276335 1.9871874 -3.9618053 0.15027285 0.30940324 -0.18112154 994.46 
20150625180236 7.273585 1.2108675 -2.4570496 0.044898596 -0.013439035 -0.37048978 994.46 
20150625180236 10.990582 -0.84216046 -0.45010993 -0.105068825 0.0693332 -0.36865717 994.46 
20150625180236 14.339473 -1.5340848 -0.2896984 -0.013439035 0.25809056 -0.20280726 994.46 
20150625180236 14.936227 -0.38367084 -0.492607 0.17348573 0.54153204 -0.0021380284 994.46 
20150625180236 12.694057 0.43035775 -1.2114661 0.13561209 0.4474588 0.06169739 994.47 
20150625180236 9.405622 -0.17298107 -1.6334441 -0.06078109 0.19333886 0.11362094 994.47 
20150625180236 6.4828997 -0.21547815 -1.6897079 -0.1826487 0.053450707 0.2593123 994.47 
20150625180236 4.11683 0.08140286 -1.3916297 -0.23671028 0.014966198 0.37201694 994.47 
20150625180236 3.0256724 0.7751228 -0.5770026 -0.2764165 0.16798794 0.47739118 994.47 
20150625180236 4.237737 0.51116204 0.28909984 -0.25625798 0.376293 0.44715336 994.47 
20150625180236 5.301361 -0.65780693 0.3890578 -0.22388211 0.25228736 0.3304781 994.47 
20150625180236 6.3781533 -0.98341835 0.3561375 -0.22204952 0.08246681 0.1908954 994.47 
20150625180236 8.385692 -1.168969 0.6302736 -0.29535335 -0.23884831 0.10720685 994.47 
20150625180236 9.786898 -1.4646529 0.8475474 -0.45142943 -0.39767328 0.0421497 994.44 
20150625180236 10.976816 -2.3169887 1.0737995 -0.5030475 -0.3136793 -0.031154128 994.44 
20150625180236 11.973403 -2.6138697 1.7076644 -0.50976706 -0.12767084 -0.06414085 994.44 
20150625180236 12.150574 -1.4532804 2.0805612 -0.43157628 0.19303341 -0.0729984 994.44 
20150625180236 11.938088 -3.2878375 2.3050177 -0.37995818 0.32498032 -0.11759156 994.44 
20150625180236 13.026253 -3.928885 3.7229836 -0.15027285 0.47525316 -0.16493362 994.44 
20150625180236 13.449428 -1.9135658 1.7286136 -0.04734206 0.38545597 -0.05009095 994.44 
20150625180236 13.600862 0.8415619 -3.5727475 -0.09468412 0.40591997 0.23335053 994.44 
20150625180236 11.832744 -1.2683283 -3.9893386 -0.14172074 0.4456262 0.2443461 994.44 
20150625180236 9.920375 -1.2910733 -4.300585 -0.1695151 0.30543262 0.29046643 994.52 
20150625180236 11.391612 1.0097545 -2.3229742 0.18173242 -0.29046643 0.537256 994.52 
20150625180236 13.409924 2.510919 -0.45729253 -0.0888809 -0.22785273 0.6160576 994.52 
20150625180236 15.276204 0.089184016 0.59136784 -0.22082779 0.22266038 0.4202753 994.52 
20150625180236 13.310564 -2.1751323 -0.51475334 -0.13744467 0.36377025 0.21777347 994.52 
20150625180236 9.315839 -2.5079262 -0.62368953 0.06291912 0.16554448 -0.050396383 994.52 
20150625180236 7.053917 -1.9069817 -0.08499416 0.15699236 -0.009773844 -0.3145956 994.52 
20150625180236 5.3043537 -1.1438298 -0.14844051 0.36468655 -0.06719518 -0.528093 994.52 
20150625180236 4.1940427 -0.31603462 -0.18195933 0.63804877 0.084910266 -0.5439755 994.52 
20150625180236 4.0958805 0.37229836 -0.22445641 0.763887 0.21746802 -0.4025602 994.48 
20150625180236 4.8338933 0.62129533 0.0077811554 0.75686204 0.0571159 -0.3200934 994.48 
20150625180236 6.5008564 1.5454572 1.0480618 0.6637051 -0.09560041 -0.22449298 994.48 
20150625180236 7.3603745 2.0991163 0.90021986 0.52839845 -0.28099802 -0.1160644 994.48 
20150625180236 7.3753386 1.3198037 0.7787141 0.58276546 -0.46303585 -0.05222898 994.48 
20150625180236 8.000225 0.219668 0.7212533 0.65179324 -0.4437936 0.03359759 994.48 
20150625180236 10.436325 0.15741876 1.5514427 0.6969972 -0.29657507 0.12064589 994.48 
20150625180236 12.173917 0.17477672 1.9674352 0.58062744 -0.2284636 0.18020524 994.48 
20150625180236 12.33792 0.15562311 0.51714754 0.6044512 -0.124311075 0.22449298 994.48 
20150625180236 13.465589 1.7932571 1.271321 0.56199604 -0.02321288 0.2556471 994.48 
20150625180236 15.412075 1.7004818 3.0963013 0.2883284 -0.057726767 0.1826487 994.48 
20150625180236 14.4609785 0.46028528 -0.7469909 0.24312437 -0.055588737 -0.11148291 994.48 
20150625180236 17.414227 0.15322891 -3.2225955 0.25717425 0.34238997 -0.30268374 994.48 
20150625180236 9.235633 1.2892777 -2.1428106 0.05222898 0.4474588 -0.41783184 994.48 
20150625180236 7.9667063 -0.049679685 -0.5847838 0.01160644 0.12858713 -0.6068946 994.48 
20150625180236 11.216236 0.13587095 0.516549 -0.13194689 0.15241088 -0.5131268 994.48 
20150625180237 14.094666 0.9672575 0.66498953 0.013744468 0.27366763 -0.24984388 994.48 
20150625180237 14.873978 1.2144588 0.21787235 0.32589662 0.63713247 0.13805555 994.48 
20150625180237 12.951434 0.52133745 -0.9283517 0.11575896 0.4569272 0.13469578 994.45 
20150625180237 9.662998 -0.29568392 -1.1767502 -0.25503623 -0.05497787 0.16157386 994.45 
20150625180237 6.4146647 -0.7978677 -1.0809821 -0.5036584 -0.25442538 0.33475417 994.45 
20150625180237 3.441665 -0.40581718 -0.7009025 -0.5009095 -0.21533 0.43463063 994.45 
20150625180237 2.6222494 0.0664391 -0.14903906 -0.44593164 0.19364429 0.44990227 994.45 
20150625180237 4.52145 -0.35254622 -0.20530279 -0.41813725 0.27366763 0.408058 994.45 
20150625180237 6.2740054 -1.2683283 0.089184016 -0.41447207 0.07513642 0.2910773 994.45 
20150625180237 7.0371575 -1.1480197 0.26994625 -0.44257188 -0.25381452 0.17379116 994.45 
20150625180237 8.04751 -0.801459 0.62009823 -0.47861293 -0.5030475 0.111177474 994.45 
20150625180237 9.295488 -0.6889315 1.1270704 -0.5458081 -0.4905248 0.052534413 994.46 
20150625180237 10.420164 -1.5957354 1.3090298 -0.59650993 -0.31673363 -0.007330383 994.46 
20150625180237 11.114483 -2.8700492 1.5592239 -0.54183745 -0.082161374 -0.043066 994.46 
20150625180237 12.425308 -2.3852234 2.1918917 -0.45631635 0.061391957 -0.06078109 994.46 
20150625180237 12.236166 -2.3840263 2.047641 -0.35308012 0.043982297 -0.11026118 994.46 
20150625180237 12.56896 -2.7216089 3.7960067 -0.12614368 0.17470746 -0.1731803 994.46 
20150625180237 12.285846 -1.4664485 3.0370448 -0.05009095 0.22235495 -0.10567969 994.46 
20150625180237 13.22557 1.5328877 -0.81402856 -0.06566802 0.29443705 0.16707164 994.46 
20150625180237 11.839926 1.5059528 -4.167108 -0.21624629 0.4364632 0.18203785 994.46 
20150625180237 10.439917 -2.0452468 -4.1180267 -0.32284227 0.32467487 0.24220806 994.56 
20150625180237 9.510367 -3.1531637 -3.4165258 -0.06047566 -0.19975294 0.528093 994.56 
20150625180237 13.166314 0.019153614 -0.7553706 -0.13133603 -0.27947086 0.7107417 994.56 
20150625180237 16.928204 0.65182143 0.2861071 -0.1863139 0.021685716 0.5006041 994.56 
20150625180237 13.6170225 -1.0001777 -0.79607207 -0.099265605 0.19456059 0.22937989 994.56 
20150625180237 9.150639 -1.8896236 -0.2633622 0.098043874 0.07269296 -0.080634214 994.56 
20150625180237 6.3338604 -2.0458453 0.13706805 0.15699236 -0.055283304 -0.35369098 994.56 
20150625180237 5.2804117 -2.4522612 0.37588966 0.33108896 0.03970624 -0.5112942 994.56 
20150625180237 5.035006 -1.0480618 0.19871874 0.52564955 0.129198 -0.516792 994.56 
20150625180237 4.6363716 0.7541735 -0.12150574 0.70432764 0.16462818 -0.419359 994.57 
20150625180237 4.772841 1.79206 -0.15263036 0.732122 0.071776666 -0.40469822 994.57 
20150625180237 5.7257333 2.3828292 0.700304 0.61941737 -0.11759156 -0.37598756 994.57 
20150625180237 6.6654577 1.6543933 0.90859956 0.4636467 -0.32498032 -0.2782491 994.57 
20150625180237 7.6770077 -0.037110128 0.98700964 0.38789943 -0.47219884 -0.069027774 994.57 
20150625180237 9.162011 -0.59376204 1.1234791 0.43035457 -0.5002986 0.06627888 994.57 
20150625180237 10.258555 -0.931943 1.5825673 0.52412236 -0.38331795 0.11209377 994.57 
20150625180237 11.448474 -0.7541735 0.79846627 0.6426302 -0.2779437 0.10934488 994.57 
20150625180237 12.452842 1.6364368 0.28072014 0.77671516 -0.1328632 0.16187929 994.57 
20150625180237 14.694413 3.244742 2.384625 0.4804455 -0.08277224 0.22143865 994.49 
20150625180237 16.358982 2.1080947 4.5962687 0.29749137 -0.10995574 0.16920967 994.49 
20150625180237 12.876616 -0.4938041 0.39444473 0.29749137 -0.084910266 -0.10048734 994.49 
20150625180237 14.450204 -1.4652514 -2.8161798 0.3200934 0.31703907 -0.26297748 994.49 
20150625180237 11.451467 1.3180081 -3.2507274 0.2284636 0.49632803 -0.105374254 994.49 
20150625180237 8.48984 0.88046765 -3.281852 0.14660765 0.22632557 -0.33169982 994.49 
20150625180237 11.458051 0.52073884 -0.008978256 0.008552114 -0.07880162 -0.49174652 994.49 
20150625180237 14.399327 -0.7673417 0.3866636 -0.031154128 0.10048734 -0.47067168 994.49 
20150625180237 14.848839 -0.58119243 -0.31902736 0.2012801 0.3359759 -0.21655174 994.49 
20150625180237 13.756484 0.24061728 0.095768064 0.28527406 0.45937067 0.058337633 994.5 
20150625180237 10.514735 0.02932897 -1.0289081 0.08368854 0.13988814 0.2864958 994.5 
20150625180237 5.4881086 -0.53450555 -1.0217255 -0.06414085 -0.040317107 0.46089783 994.5 
20150625180238 3.0597897 0.7104794 -0.75596917 -0.14446963 -0.0061086523 0.46303585 994.5 
20150625180238 2.4474726 1.0193313 -0.18555063 -0.18478674 0.20341812 0.4392121 994.5 
20150625180238 4.177882 0.020949265 -0.021547815 -0.19272798 0.30085114 0.3903429 994.5 
20150625180238 5.9890957 -1.1851299 0.36750996 -0.22540927 0.10445796 0.33414328 994.5 
20150625180238 6.8545995 -1.7184383 0.45070848 -0.3191771 -0.11148291 0.22693644 994.5 
20150625180238 8.672397 -1.5143325 0.57161564 -0.3659083 -0.40775254 0.106901415 994.5 
20150625180238 9.835979 -1.2264298 0.7230489 -0.4269948 -0.46761733 0.028405234 994.5 
20150625180238 10.263344 -1.4323312 0.8062474 -0.47678033 -0.3436117 -0.03848451 994.5 
20150625180238 11.365874 -2.1984756 2.0171149 -0.5002986 -0.18509217 -0.08124508 994.5 
20150625180238 12.719795 -1.8602947 2.895787 -0.419359 0.0061086523 -0.14355333 994.5 
20150625180238 12.876017 -3.0352492 2.5342624 -0.3359759 0.089491755 -0.16249016 994.5 
20150625180238 12.807183 -3.8486793 4.127005 -0.069027774 0.24801129 -0.13072516 994.5 
20150625180238 12.297817 -2.309806 3.684078 0.092240654 0.2593123 0.019547688 994.5 
20150625180238 12.559982 0.53570265 0.31663316 0.022907447 0.34116822 0.2678644 994.5 
20150625180238 11.948862 1.2258313 -3.5595794 -0.052839845 0.41355577 0.24465153 994.5 
20150625180238 10.5285015 -1.7531542 -4.2544966 -0.24404067 0.28771752 0.119729586 994.49 
20150625180238 9.543886 -2.7257986 -3.90614 -0.058337633 -0.089186326 0.3436117 994.49 
20150625180238 12.618041 -0.09756372 -0.80804306 0.10934488 -0.4783075 0.6239988 994.49 
20150625180238 14.941015 2.1625626 0.9923966 -0.049480084 -0.14355333 0.6414085 994.49 
20150625180238 15.109208 -0.1376666 0.24241292 -0.05100725 0.2284636 0.301462 994.49 
20150625180238 11.77648 -2.308609 -0.5243302 0.129198 0.28008172 0.06688975 994.49 
20150625180238 8.365939 -2.441487 -0.027533319 0.2706133 0.049480084 -0.11453723 994.49 
20150625180238 6.3925185 -1.9075803 0.1412579 0.38759398 -0.050701816 -0.34788775 994.49 
20150625180238 5.6485205 -1.4867992 -0.11432313 0.6209445 -0.06963864 -0.47403142 994.49 
20150625180238 5.1840453 -0.061650693 -0.12030864 0.77182823 0.014049901 -0.4361578 994.48 
20150625180238 4.559159 0.83258367 -0.06404489 0.75533485 0.01740966 -0.41233405 994.48 
20150625180238 5.5880666 1.7022774 0.56802434 0.68752885 -0.099571034 -0.37384954 994.48 
20150625180238 6.6630635 1.7525556 0.8218097 0.5338962 -0.31948254 -0.25228736 994.48 
20150625180238 7.730279 0.7392098 0.90500826 0.44898596 -0.5198463 -0.12675454 994.48 
20150625180238 8.49343 -0.50637364 0.7661445 0.44226643 -0.6035349 -0.021685716 994.48 
20150625180238 10.474632 -0.4429273 1.0773908 0.5714644 -0.58459806 0.10476339 994.48 
20150625180238 12.082339 -0.037708677 2.0045455 0.65026605 -0.44929138 0.17684549 994.48 
20150625180238 12.536638 -0.11312603 0.7392098 0.6597345 -0.29138273 0.16523905 994.48 
20150625180238 12.85387 2.0410569 0.66738373 0.6985244 -0.21624629 0.16646078 994.53 
20150625180238 14.639945 2.7605145 3.079542 0.45020768 -0.20769419 0.19120082 994.53 
20150625180238 14.289194 1.4065934 1.508347 0.37048978 -0.0421497 0.042760566 994.53 
20150625180238 15.409082 -0.44472298 -3.50152 0.35338554 0.22999077 -0.17959438 994.53 
20150625180238 14.173076 0.55365914 -3.7475243 0.24678956 0.46120325 -0.21166481 994.53 
20150625180238 9.911995 0.4429273 -2.0949266 -0.013744468 0.27030787 -0.38912117 994.53 
20150625180238 8.556278 -0.40102878 -0.33758244 -0.10720685 -0.12186762 -0.5271767 994.53 
20150625180238 11.851897 -0.7116765 -0.23163901 -0.08093964 0.08277224 -0.49693888 994.53 
20150625180238 14.640543 0.374094 0.10474633 0.26939157 0.46609017 -0.07666359 994.53 
20150625180238 14.402919 0.40761283 -0.19512744 0.26389378 0.52839845 0.093462385 994.51 
20150625180238 11.5155115 -0.3693056 -1.4826094 0.041233405 0.16615535 0.13194689 994.51 
20150625180238 7.9661074 -1.002572 -1.4191631 -0.19303341 -0.13041973 0.27458394 994.51 
20150625180238 4.9625816 -0.3298013 -1.0540473 -0.3717115 -0.20341812 0.37323865 994.51 
20150625180238 3.0424318 0.79487497 -0.81343 -0.41874814 0.040927973 0.4147775 994.51 
20150625180238 3.3662477 1.0881647 -0.17597382 -0.408058 0.26816985 0.40530908 994.51 
20150625180238 5.3881507 -0.2160767 -0.022744916 -0.42210788 0.22021692 0.29626966 994.51 
20150625180239 6.849811 -1.6747441 0.2681506 -0.4709771 -0.020463986 0.19242255 994.51 
20150625180239 7.7943234 -1.9596541 0.29568392 -0.5152648 -0.2938262 0.16523905 994.51 
20150625180239 8.487445 -1.4347254 0.694917 -0.54305923 -0.39920044 0.10781772 994.55 
20150625180239 9.566033 -1.1336545 1.7645266 -0.5644395 -0.2996294 0.016493361 994.55 
20150625180239 10.221446 -2.0751743 1.5849615 -0.57451874 -0.07971791 -0.077579886 994.55 
20150625180239 11.841722 -1.8016368 2.557606 -0.48441613 0.14508049 -0.12980886 994.55 
20150625180239 12.340913 -1.8513165 2.630629 -0.41996986 0.19028452 -0.14019357 994.55 
20150625180239 12.4390745 -2.8772318 3.525462 -0.35277468 0.21899518 -0.13622294 994.55 
20150625180239 12.325949 -2.4277205 3.8714242 -0.14630222 0.29168814 -0.15485434 994.55 
20150625180239 11.645397 -0.5398925 1.3605051 -0.004581489 0.2125811 -0.017715093 994.55 
20150625180239 11.906963 0.91219085 -2.8981812 -0.054061573 0.3747658 0.14355333 994.55 
20150625180239 10.166978 -2.1110873 -3.7343562 -0.16157386 0.4083634 0.09987647 994.53 
20150625180239 9.952697 -3.6445735 -3.7840357 -0.13469578 0.105068825 0.2406809 994.53 
20150625180239 12.635998 -0.9935937 -1.6992847 0.29840767 -0.31612277 0.6948592 994.53 
20150625180239 15.397111 2.1493945 0.54049104 0.1386664 -0.3839288 0.66920286 994.53 
20150625180239 15.962143 0.3250129 0.5542577 0.1386664 0.07849618 0.16340645 994.53 
20150625180239 13.378799 -1.543063 -0.59974754 -0.020463986 0.20433442 -0.07147124 994.53 
20150625180239 9.904813 -2.2744915 -0.07062895 0.19700404 0.0070249503 -0.15271631 994.53 
20150625180239 7.264008 -2.1631613 0.56323594 0.2947425 -0.10751228 -0.25167647 994.53 
20150625180239 5.73531 -1.9656396 0.5943606 0.44776422 0.038789943 -0.38056904 994.53 
20150625180239 5.167286 -0.7254431 -0.037708677 0.6881397 0.1160644 -0.514654 994.5 
20150625180239 4.7381253 0.8798691 -0.4261679 0.7806858 0.16768251 -0.48624873 994.5 
20150625180239 4.6255975 1.7687165 -0.11312603 0.6722572 -0.070554934 -0.4822781 994.5 
20150625180239 5.791574 2.3900118 0.5398925 0.5036584 -0.30115658 -0.42485678 994.5 
20150625180239 6.845621 1.8273745 1.0366893 0.35277468 -0.43554693 -0.22571471 994.5 
20150625180239 7.542334 -0.22984336 1.70946 0.3894266 -0.56138515 -0.013133603 994.5 
20150625180239 8.67958 -1.1438298 1.2090719 0.50732356 -0.49205196 0.0888809 994.5 
20150625180239 10.17835 -0.18435353 1.1617863 0.6621779 -0.29810223 0.14996742 994.5 
20150625180239 11.087548 1.2419921 1.0702082 0.5537493 -0.13072516 0.093462385 994.5 
20150625180239 13.198037 1.9387048 1.0869676 0.46700647 -0.06627888 0.0729984 994.56 
20150625180239 15.126566 1.9165585 2.4013844 0.34025195 -0.17073683 0.14446963 994.56 
20150625180239 14.595054 0.6572084 -1.1456255 0.13897185 -0.083383106 0.10629055 994.56 
20150625180239 18.581999 -0.22625206 -4.924873 0.04428773 0.07849618 -0.21288654 994.56 
20150625180239 13.61762 0.34835634 -1.9554642 -0.14782938 0.34300083 -0.24831672 994.56 
20150625180239 8.768166 -1.1414356 -1.5652094 -0.35185838 0.07360926 -0.6084218 994.56 
20150625180239 8.918402 -0.83258367 0.091578215 -0.2764165 -0.12797627 -0.7480045 994.56 
20150625180239 12.832921 0.9139865 0.62249243 0.03604105 0.16554448 -0.35246924 994.56 
20150625180239 15.00147 -0.14784196 0.05267244 0.5308419 0.5006041 0.12797627 994.56 
20150625180239 14.025233 -1.1150994 -0.7661445 0.68783426 0.6246097 0.31398472 994.52 
20150625180239 10.809222 -1.2491747 -1.3623008 0.2782491 0.16982053 0.29626966 994.52 
20150625180239 7.8009076 -0.66139823 -0.6374562 -0.02321288 -0.15943582 0.33200526 994.52 
20150625180239 4.2862196 0.6769605 -0.40581718 -0.12950343 -0.11026118 0.35521814 994.52 
20150625180239 2.5839422 1.5125369 -0.0724246 -0.0720821 0.13744467 0.38362336 994.52 
20150625180239 3.2788591 0.6871359 -0.18794483 0.036651913 0.3885103 0.42149702 994.52 
20150625180239 5.2037973 -1.0031705 -5.985504E-4 0.03940081 0.20525073 0.37720928 994.52 
20150625180239 6.6774287 -1.7896658 0.29508537 -0.03145956 0.0015271631 0.29901853 994.52 
20150625180239 8.009203 -1.5448587 0.59615624 -0.08399397 -0.32162055 0.17379116 994.52 
20150625180239 9.462483 -0.9463082 1.2856863 -0.18325958 -0.47403142 0.04428773 994.5 
20150625180239 9.785102 -0.5231331 1.234211 -0.30115658 -0.37018433 -0.04062254 994.5 
20150625180239 9.948506 -1.050456 1.3563153 -0.39095375 -0.1563815 -0.06169739 994.5 
20150625180239 11.232397 -1.5999253 2.2679076 -0.45478916 0.10354166 -0.080634214 994.5 
20150625180240 11.988965 -2.4019828 2.4067712 -0.4034765 0.103847094 -0.14630222 994.5 
20150625180240 12.814366 -3.7116113 3.822343 -0.24709499 0.13103059 -0.19150625 994.5 
20150625180240 13.374609 -2.9891608 3.3315318 -0.09773844 0.16829337 -0.03604105 994.5 
20150625180240 14.416685 -0.3890578 -0.2717419 -0.040317107 0.2874121 0.2660318 994.5 
20150625180240 12.811374 0.18255788 -3.526659 0.016798794 0.355829 0.29565877 994.5 
20150625180240 11.194689 -0.50637364 -4.2874165 0.09437868 0.26053402 0.5213735 994.6 
20150625180240 12.385205 1.8339585 -3.1543608 0.36010507 -0.4007276 0.73273283 994.6 
20150625180240 13.34109 1.1444284 0.31483752 -0.17104226 -0.4083634 0.5021312 994.6 
20150625180240 14.975732 -1.9991584 1.3634979 -0.5354234 0.23976462 0.14538592 994.6 
20150625180240 12.148778 -2.8119898 -0.47764325 -0.31337386 0.49754974 0.049480084 994.6 
20150625180240 8.882488 -2.3750482 -0.6727707 0.16249016 0.2312125 -0.06383542 994.6 
20150625180240 6.67683 -1.5275006 -0.18674773 0.312763 -0.13316862 -0.26053402 994.6 
20150625180240 5.2199583 -1.3640964 -0.43155485 0.5503896 -0.26145032 -0.48472157 994.6 
20150625180240 4.570531 -0.5955577 -0.5009867 0.84971356 -0.18692477 -0.49602258 994.6 
20150625180240 4.1533413 0.6278794 -0.46986207 0.88086766 -0.063224554 -0.39584067 994.54 
20150625180240 4.956596 1.4574703 0.15263036 0.77457714 -0.122478485 -0.37690386 994.54 
20150625180240 6.0321913 2.2098482 0.6757634 0.5671884 -0.20891592 -0.30909783 994.54 
20150625180240 6.3883286 1.055843 0.74758947 0.4560109 -0.3930918 -0.1328632 994.54 
20150625180240 7.277176 -0.65421563 0.7158663 0.47219884 -0.548557 -0.002443461 994.54 
20150625180240 9.643246 -0.9020155 1.0498575 0.58093286 -0.54702985 0.064446285 994.54 
20150625180240 12.373833 0.20829555 2.3331497 0.77182823 -0.48838675 0.1740966 994.54 
20150625180240 12.208633 0.54647654 1.283292 0.8051204 -0.38056904 0.21471913 994.54 
20150625180240 11.408371 1.2982559 -0.320823 0.83291477 -0.22082779 0.22876903 994.54 
20150625180240 13.232753 2.8287494 2.0602105 0.6215554 -0.09193522 0.28008172 994.54 
20150625180240 14.736312 1.5143325 3.46022 0.31795537 0.02687807 0.22937989 994.54 
20150625180240 13.241731 -1.1563994 -1.1073183 0.3295618 0.076052725 -0.07544186 994.54 
20150625180240 15.559319 -0.6907272 -4.4753613 0.29138273 0.35033122 -0.14263703 994.54 
20150625180240 11.810597 1.1719618 -3.4626143 0.07849618 0.4279111 -0.19883664 994.54 
20150625180240 9.966463 0.8870517 -1.8034325 -0.025350908 -0.028405234 -0.5635232 994.54 
20150625180240 11.6507845 -1.127669 -0.34117374 -0.16035213 -0.09040806 -0.6261369 994.54 
20150625180240 14.842854 -0.17178397 -0.22565351 0.13988814 0.16462818 -0.30848694 994.54 
20150625180240 14.527417 0.87208796 -1.1426327 0.32925636 0.6310238 0.04795292 994.54 
20150625180240 11.972804 0.44891283 -1.9578584 0.0070249503 0.44623706 0.063224554 994.51 
20150625180240 8.761581 -0.3333926 -1.1857284 -0.16554448 0.016187929 0.12003502 994.51 
20150625180240 5.4821234 -0.076015905 -0.83497787 -0.35979962 -0.10995574 0.23304509 994.51 
20150625180240 3.074155 0.24540567 -0.521936 -0.43890667 0.046731193 0.3155119 994.51 
20150625180240 2.9825768 0.20649989 -0.13227965 -0.5009095 0.36102137 0.39461896 994.51 
20150625180240 4.409521 -0.40880993 -0.11971009 -0.48838675 0.3417791 0.39584067 994.51 
20150625180240 5.820903 -1.0606314 0.20410569 -0.48655418 0.14569137 0.31490102 994.51 
20150625180240 6.555324 -1.1893197 0.37349546 -0.5183192 -0.10903945 0.19700404 994.51 
20150625180240 7.753622 -1.0462662 0.8074445 -0.53023106 -0.32650748 0.1337795 994.51 
20150625180240 9.075222 -0.91937345 1.4742297 -0.600786 -0.37873647 0.08399397 994.5 
20150625180240 10.185533 -1.7860745 1.5316905 -0.68966687 -0.28955013 0.015577064 994.5 
20150625180240 11.360487 -2.6731262 1.7471687 -0.6407976 -0.09590584 -0.042455133 994.5 
20150625180240 12.315175 -2.3361423 2.0649989 -0.56107974 0.03573562 -0.07544186 994.5 
20150625180240 12.073959 -2.891597 2.5145104 -0.46273044 0.0720821 -0.1142318 994.5 
20150625180240 12.360066 -3.1142578 4.19524 -0.22937989 0.27366763 -0.17867808 994.5 
20150625180240 12.101493 -1.4927847 3.2333694 -0.10048734 0.31856623 -0.094989546 994.5 
20150625180240 13.183073 1.0803835 -0.45310268 -0.057421334 0.42180246 0.1563815 994.5 
20150625180240 11.911154 -0.15382746 -4.4418426 -0.09193522 0.5207626 0.14752395 994.5 
20150625180241 10.560823 -2.7820623 -4.0695443 -0.074830994 0.36041048 0.3222314 994.54 
20150625180241 10.809821 -1.5478514 -3.3560722 0.2012801 -0.37415496 0.6432411 994.54 
20150625180241 13.944429 1.6376339 -0.90500826 0.07666359 -0.54367006 0.7687739 994.54 
20150625180241 16.445772 0.7661445 0.78529817 -0.17195857 0.05467244 0.42852196 994.54 
20150625180241 15.57907 -1.3790601 -0.130484 -0.105068825 0.33444872 0.10354166 994.54 
20150625180241 11.067796 -1.8656816 -0.7044938 0.029626964 0.13041973 -0.06688975 994.54 
20150625180241 7.8607626 -1.6142905 0.2100912 0.09865474 0.0106901415 -0.3100141 994.54 
20150625180241 5.079299 -1.7363948 0.30047232 0.28893927 0.024129177 -0.49693888 994.54 
20150625180241 4.6381674 -0.86251116 0.023942016 0.49480084 0.16279559 -0.5384777 994.54 
20150625180241 4.213795 0.16160862 -0.5374983 0.68203104 0.28069258 -0.4822781 994.47 
20150625180241 4.9254713 1.1575965 0.0676362 0.6817256 0.13713925 -0.44684792 994.47 
20150625180241 6.011242 1.8908207 0.61890113 0.4908302 -0.1423316 -0.37415496 994.47 
20150625180241 6.7001734 1.3186066 1.033098 0.3857614 -0.3930918 -0.26083946 994.47 
20150625180241 7.5686703 -0.5201403 1.3467385 0.40500367 -0.5137377 -0.055588737 994.47 
20150625180241 9.024943 -1.1186907 1.252766 0.539394 -0.47555858 0.09437868 994.47 
20150625180241 10.96305 -0.092176765 2.2906525 0.66156703 -0.3839288 0.15790866 994.47 
20150625180241 11.234792 0.7080852 1.2898762 0.66981375 -0.2574797 0.15424347 994.47 
20150625180241 11.410167 2.1320367 0.3716998 0.72082096 -0.090713486 0.16768251 994.47 
20150625180241 14.129381 3.3147724 2.0919337 0.49327368 -0.03726278 0.24220806 994.49 
20150625180241 15.43482 1.9057846 3.9372647 0.24495697 -0.10140363 0.19883664 994.49 
20150625180241 12.600085 -0.9427169 0.015562311 0.14294247 -0.121256754 -0.044593163 994.49 
20150625180241 15.148713 -2.1015105 -3.8923733 0.18600847 0.18753563 -0.20189096 994.49 
20150625180241 12.108076 0.7086837 -3.6900635 0.10629055 0.47647488 -0.042455133 994.49 
20150625180241 9.952697 0.41479546 -2.5079262 0.04642576 0.13103059 -0.35155296 994.49 
20150625180241 12.488156 0.3842694 -0.19812019 -0.06841691 -0.09560041 -0.59864795 994.49 
20150625180241 14.127585 0.27114335 -0.7457938 -0.09162979 0.07360926 -0.53023106 994.49 
20150625180241 15.140931 0.005985504 -0.5410896 0.06994407 0.44684792 -0.24709499 994.49 
20150625180241 13.175891 -0.38067806 -0.31423897 0.0018325958 0.3998113 0.06963864 994.49 
20150625180241 10.081385 -0.57161564 -0.6326678 -0.15668693 0.12034045 0.33658674 994.49 
20150625180241 7.0928226 -0.93134445 -0.6536171 -0.27183503 0.027794369 0.45814893 994.49 
20150625180241 4.0378213 -0.30526072 -0.5590461 -0.29810223 0.01985312 0.4269948 994.49 
20150625180241 2.5013423 0.7092823 -0.28790274 -0.3387248 0.22724187 0.38637227 994.49 
20150625180241 3.3620577 0.5351041 -0.18495208 -0.34697145 0.32406402 0.34391713 994.49 
20150625180241 6.078878 -0.9888053 0.45609543 -0.36896262 0.084910266 0.26328292 994.49 
20150625180241 6.973711 -1.8561049 0.7284359 -0.42485678 -0.17806722 0.20250183 994.49 
20150625180241 8.081029 -1.8674773 0.95349085 -0.4352415 -0.35308012 0.1133155 994.49 
20150625180241 8.669404 -1.3587095 1.1563994 -0.43218717 -0.36743546 0.011301007 994.57 
20150625180241 8.925584 -1.6466122 1.1150994 -0.42577308 -0.19364429 -0.07819075 994.57 
20150625180241 10.900202 -2.3636756 1.7058687 -0.39736784 -0.026267206 -0.1731803 994.57 
20150625180241 12.665926 -2.384625 1.9213469 -0.3182608 0.069027774 -0.20861048 994.57 
20150625180241 13.622409 -2.6515784 2.6994624 -0.1337795 -0.021685716 -0.17806722 994.57 
20150625180241 13.657723 -2.8700492 4.758476 0.04734206 0.03481932 -0.15515977 994.57 
20150625180241 12.75511 -1.1911154 4.204817 0.15607607 0.025045475 0.0027488936 994.57 
20150625180241 12.657546 0.75836337 1.3060371 0.13103059 0.23976462 0.2761111 994.57 
20150625180241 12.093113 -0.3477578 -2.670732 0.040317107 0.42180246 0.23335053 994.57 
20150625180241 10.540473 -3.0747535 -3.1603463 -0.12522738 0.35918877 0.17501289 994.53 
20150625180241 9.15842 -2.814384 -3.4650085 0.087964594 0.03023783 0.49113566 994.53 
20150625180241 11.991958 0.6979098 -2.408567 0.46211955 -0.3894266 0.7281514 994.53 
20150625180241 13.542802 2.6449943 0.45070848 0.20158553 -0.13836098 0.6988298 994.53 
20150625180241 15.164275 -0.54288524 1.5029601 -0.13469578 0.14019357 0.33383787 994.53 
20150625180242 13.15973 -2.4959552 -0.3184288 -0.043982297 0.26816985 0.2098322 994.53 
20150625180242 9.269751 -2.855684 -0.5847838 0.17715092 -0.064751714 -0.014966198 994.53 
20150625180242 7.3088994 -2.0638018 0.2777274 0.2874121 -0.17562376 -0.2501493 994.53 
20150625180242 5.872977 -1.5263035 0.43634325 0.48472157 -0.17623462 -0.5354234 994.53 
20150625180242 4.895544 -0.29388827 -0.26036942 0.6569856 0.031154128 -0.6059783 994.54 
20150625180242 4.329315 0.8074445 -0.7691373 0.66614854 0.079107046 -0.5839872 994.54 
20150625180242 5.16968 1.1312603 -0.22804771 0.5497787 -0.1151481 -0.48075095 994.54 
20150625180242 6.5840545 1.091756 0.4902128 0.45142943 -0.42210788 -0.30940324 994.54 
20150625180242 7.503428 0.14425065 0.82121116 0.552833 -0.6389651 -0.14966199 994.54 
20150625180242 8.441357 -0.6727707 1.1731589 0.6814202 -0.64599 -0.07422013 994.54 
20150625180242 10.100538 0.5823896 1.6873137 0.7901542 -0.5821546 0.032986723 994.54 
20150625180242 10.873267 1.5993267 2.27928 0.8060367 -0.39858958 0.122478485 994.54 
20150625180242 10.614095 1.0372878 1.0289081 0.72356987 -0.13439035 0.105374254 994.54 
20150625180242 11.554418 1.115698 -0.010773907 0.7113526 9.162979E-4 0.09254608 994.53 
20150625180242 13.867216 1.9985598 1.8016368 0.52931476 -0.021685716 0.14905111 994.53 
20150625180242 14.685434 0.66020113 2.8658595 0.19883664 -0.1160644 0.116980694 994.53 
20150625180242 13.729549 -0.92176765 -2.0093338 0.14019357 -0.13805555 -0.051618114 994.53 
20150625180242 16.567875 0.23223756 -4.3329067 0.1966986 0.1151481 -0.19853121 994.53 
20150625180242 11.070788 0.7224504 -2.903568 0.03145956 0.41813725 -0.2434298 994.53 
20150625180242 10.232818 -1.4640543 -1.6047137 -0.04550946 0.022907447 -0.6264423 994.53 
20150625180242 12.519879 -0.25977087 -0.23163901 -0.06658431 0.11453723 -0.56505036 994.53 
20150625180242 14.648325 0.8559271 -0.034715924 0.11942416 0.45265114 -0.20280726 994.53 
20150625180242 14.724939 0.3824737 -0.029927522 0.28160888 0.7351763 0.08277224 994.54 
20150625180242 12.529456 -0.39803603 -1.1318588 0.0983493 0.4373795 0.12095132 994.54 
20150625180242 9.337985 -0.87328506 -1.0348936 -0.13836098 0.18112154 0.25320363 994.54 
20150625180242 6.1261635 -0.38187516 -1.0899603 -0.27275133 0.003970624 0.38973203 994.54 
20150625180242 3.1932666 0.6703765 -0.9792285 -0.3191771 0.093462385 0.43860126 994.54 
20150625180242 2.2625206 1.1306617 -0.049081136 -0.3585779 0.38362336 0.43127087 994.54 
20150625180242 3.8247373 -0.06584055 -0.08080431 -0.40469822 0.37904188 0.39706242 994.54 
20150625180242 5.8107276 -1.7902644 0.25318682 -0.4111123 0.049785517 0.28252518 994.54 
20150625180242 6.5858502 -2.1829133 0.39624038 -0.4560109 -0.2770274 0.19364429 994.54 
20150625180242 6.801927 -1.4544775 0.7098808 -0.46211955 -0.39920044 0.08032878 994.59 
20150625180242 7.6949644 -0.84814596 1.1228806 -0.48288897 -0.29840767 -0.022907447 994.59 
20150625180242 9.498995 -1.1821371 1.3431472 -0.53786683 -0.106901415 -0.12644911 994.59 
20150625180242 11.575965 -2.5151088 1.9512744 -0.5143485 -0.050701816 -0.19608775 994.59 
20150625180242 13.55597 -2.3822308 2.8790276 -0.41447207 -0.06536258 -0.23090707 994.59 
20150625180242 13.109451 -2.6952724 3.639785 -0.23518312 -0.11301007 -0.16493362 994.59 
20150625180242 12.684481 -2.2559366 4.6034513 -0.01282817 0.032375857 -0.122783914 994.59 
20150625180242 11.890802 -0.33758244 2.6821043 0.06780604 0.15057829 -0.0027488936 994.59 
20150625180242 11.978789 1.3018472 -1.3826514 0.059864793 0.41233405 0.19303341 994.59 
20150625180242 11.475409 -0.6254852 -4.3341036 -0.08002335 0.5369505 0.089491755 994.53 
20150625180242 10.244789 -3.4225113 -3.578733 -0.28496864 0.29626966 0.10995574 994.53 
20150625180242 10.603321 -2.5959132 -2.4690206 -0.058948494 -0.13683382 0.45204028 994.53 
20150625180242 13.304579 0.89662856 0.19991584 0.08246681 -0.6133087 0.61727935 994.53 
20150625180242 15.870564 0.4866215 1.2844892 -0.08124508 -0.042455133 0.3848451 994.53 
20150625180242 15.209167 -1.477821 0.2657564 -0.0070249503 0.39828414 0.10873401 994.53 
20150625180242 10.984597 -1.6561891 -0.2741361 0.09621128 0.2941316 -0.07727446 994.53 
20150625180242 8.11395 -1.459266 0.64703304 0.20463985 0.01740966 -0.26633725 994.53 
20150625180242 6.542156 -1.726818 0.85473 0.32436943 0.042455133 -0.40317106 994.53 
20150625180242 4.983531 -1.6897079 0.12988544 0.6072 0.08979719 -0.4908302 994.57 
20150625180243 4.197634 -0.3842694 -0.28909984 0.78954333 0.16279559 -0.47525316 994.57 
20150625180243 3.7966053 0.88166475 -0.24779987 0.7501425 0.02076942 -0.4801401 994.57 
20150625180243 5.258864 2.1015105 0.58657944 0.6618725 -0.21410827 -0.48808134 994.57 
20150625180243 5.847239 1.7184383 0.7068881 0.5308419 -0.39095375 -0.30818152 994.57 
20150625180243 6.191406 -0.50757074 0.6584055 0.59131753 -0.5934556 -0.069027774 994.57 
20150625180243 7.8463974 -1.9357121 0.5686229 0.70096785 -0.57879484 0.0729984 994.57 
20150625180243 11.1653595 -1.0779893 0.8948329 0.8200866 -0.52564955 0.1282817 994.57 
20150625180243 12.971187 1.3850456 1.5729905 0.91782504 -0.45631635 0.14813483 994.57 
20150625180243 12.391789 2.344522 0.130484 0.9682214 -0.267559 0.086132 994.51 
20150625180243 12.658743 3.2609026 1.4323312 0.81489426 -0.10140363 0.12736541 994.51 
20150625180243 14.52622 2.244564 3.2112231 0.40194935 -0.062002823 0.16798794 994.51 
20150625180243 14.466365 -1.4987702 -2.107496 0.25259277 -0.042760566 -0.002443461 994.51 
20150625180243 17.10238 -0.6194997 -4.887164 0.1994475 0.19425514 -0.17287487 994.51 
20150625180243 11.029489 1.3329718 -3.7295678 0.070554934 0.321926 -0.18845193 994.51 
20150625180243 8.504803 0.1328782 -1.6101006 -0.07086037 0.094989546 -0.55771995 994.51 
20150625180243 11.128249 -0.38845924 0.7200562 -0.25442538 9.162979E-4 -0.6759224 994.51 
20150625180243 13.888764 1.1091139 -0.22385786 -0.19272798 0.18051068 -0.52870387 994.51 
20150625180243 15.172056 1.4311341 -0.641646 0.25259277 0.3576616 0.008857546 994.5 
20150625180243 13.20941 0.59495914 -0.6206968 0.13836098 0.46792278 0.1994475 994.5 
20150625180243 9.563639 -0.5291186 -1.0289081 -0.3567453 0.1001819 0.24862215 994.5 
20150625180243 6.1638722 -1.4257472 -0.58897364 -0.54092115 -0.08735373 0.37232238 994.5 
20150625180243 3.1519666 -0.54527944 0.01436521 -0.5833763 -0.064446285 0.4596761 994.5 
20150625180243 2.4019828 0.26635495 0.34356794 -0.4896085 0.2284636 0.4382958 994.5 
20150625180243 4.180875 -0.02873042 0.3238158 -0.34238997 0.30848694 0.32803464 994.5 
20150625180243 6.2075663 -1.0564415 0.44831428 -0.2968805 0.0720821 0.25961772 994.5 
20150625180243 7.0587053 -1.6136919 0.62608373 -0.30909783 -0.14508049 0.22082779 994.5 
20150625180243 8.016984 -1.75076 0.98581254 -0.3155119 -0.35735616 0.17959438 994.56 
20150625180243 8.884284 -1.323395 1.46585 -0.3268129 -0.301462 0.10262536 994.56 
20150625180243 9.513959 -1.8471266 1.6376339 -0.3820962 -0.19181168 -0.035430185 994.56 
20150625180243 11.153987 -2.6132712 2.235586 -0.29840767 0.030543262 -0.16279559 994.56 
20150625180243 12.237364 -2.5779567 1.922544 -0.18448131 0.15118915 -0.18020524 994.56 
20150625180243 12.66413 -2.5222914 2.143409 -0.018020526 0.10140363 -0.15821409 994.56 
20150625180243 13.492524 -1.9566613 4.4208937 0.21380283 0.14844026 -0.14080444 994.56 
20150625180243 13.390172 0.22804771 3.6242228 0.14874569 0.17928895 0.065973446 994.56 
20150625180243 13.551182 2.472612 -0.5566519 0.009468411 0.47952923 0.23518312 994.56 
20150625180243 11.657368 0.39983168 -4.548983 -0.21746802 0.5522222 0.15454891 994.52 
20150625180243 10.869077 -2.7521348 -4.068946 -0.453262 0.42424592 0.26358834 994.52 
20150625180243 10.659584 -2.8006175 -1.5562311 -0.096516706 -0.21655174 0.66675943 994.52 
20150625180243 14.401722 1.9734207 0.37349546 -0.09712757 -0.5467244 0.768163 994.52 
20150625180243 15.225925 -0.48003745 1.1192893 -0.26267207 -0.16676621 0.46517387 994.52 
20150625180243 12.064383 -2.509722 -0.25258827 -0.037873644 0.22693644 0.079107046 994.52 
20150625180243 8.150461 -2.5887306 -0.31663316 0.25961772 -0.03848451 -0.17379116 994.52 
20150625180243 6.401497 -1.9560628 0.060453594 0.30390546 -0.17837265 -0.3717115 994.52 
20150625180243 5.065532 -1.5813702 -0.1412579 0.49296826 -0.18906279 -0.52595496 994.52 
20150625180243 4.3957543 -0.011372458 -0.02932897 0.7535023 -0.06536258 -0.49418998 994.53 
20150625180243 3.912724 1.3575124 -0.0011971008 0.7987063 0.087659165 -0.40500367 994.53 
20150625180243 4.441244 1.816002 0.6015432 0.7635816 -0.01985312 -0.37507126 994.53 
20150625180243 5.9483943 1.7489643 0.92655605 0.64721173 -0.22082779 -0.31398472 994.53 
20150625180243 7.1365166 0.6392518 1.0366893 0.5870415 -0.44623706 -0.14905111 994.53 
20150625180243 8.21271 -0.7128736 0.6901286 0.5555819 -0.59986967 -0.032070424 994.53 
20150625180244 10.551846 -0.45250413 1.1252748 0.66156703 -0.6035349 0.08460484 994.53 
20150625180244 12.115858 0.3681085 2.0757728 0.7486154 -0.47494772 0.16523905 994.53 
20150625180244 12.45344 0.30406362 1.3072342 0.7834347 -0.27030787 0.13713925 994.53 
20150625180244 12.287642 1.3551182 0.50517654 0.8164214 -0.16310102 0.11636983 994.57 
20150625180244 13.912107 2.4498668 2.6030958 0.4813618 -0.079107046 0.14019357 994.57 
20150625180244 14.01446 1.3198037 3.2483332 0.25686884 -0.022296581 0.082161374 994.57 
20150625180244 13.223775 -0.9415198 -1.584363 0.28955013 0.15057829 -0.10140363 994.57 
20150625180244 15.652692 -0.48003745 -4.4562078 0.32375857 0.39675698 -0.10445796 994.57 
20150625180244 10.703279 1.453879 -3.530849 0.1432479 0.35827246 -0.17073683 994.57 
20150625180244 10.023325 0.5566519 -2.4145525 0.108123146 -0.058948494 -0.47036624 994.57 
20150625180244 11.551425 -0.06943185 -0.005985504 0.028405234 -0.18173242 -0.516792 994.57 
20150625180244 13.997701 -0.12988544 0.32920274 0.14019357 0.102319926 -0.40622538 994.57 
20150625180244 14.401722 0.22565351 0.16460137 0.3390302 0.4914411 -0.06627888 994.51 
20150625180244 12.6060705 0.34596214 -0.7302315 0.204029 0.27947086 0.08155051 994.51 
20150625180244 7.9331875 0.11791443 -1.4562732 -0.056505036 -9.162979E-4 0.2968805 994.51 
20150625180244 4.336498 0.3669114 -1.2515689 -0.19608775 -0.17898351 0.43493605 994.51 
20150625180244 2.2200236 0.7637503 -0.30765492 -0.22693644 0.01282817 0.4578435 994.51 
20150625180244 2.6192567 -0.007182605 0.24061728 -0.2648101 0.36285394 0.45020768 994.51 
20150625180244 4.7429137 -1.3335704 0.51355624 -0.2773328 0.3399465 0.41080686 994.51 
20150625180244 6.2063694 -1.894412 0.54049104 -0.2556471 0.02687807 0.29626966 994.51 
20150625180244 7.879916 -1.1354501 0.3369839 -0.25717425 -0.3659083 0.21594086 994.51 
20150625180244 9.481637 -0.5303157 0.24061728 -0.29779682 -0.5317582 0.17165314 994.52 
20150625180244 10.635044 -1.192911 0.89662856 -0.40591997 -0.5369505 0.06505715 994.52 
20150625180244 11.705252 -2.582745 1.7525556 -0.5036584 -0.35796702 -0.04550946 994.52 
20150625180244 12.974777 -1.9877859 2.315193 -0.46761733 -0.15057829 -0.09285152 994.52 
20150625180244 12.761095 -1.7040731 1.6903064 -0.39828414 -0.11056661 -0.13439035 994.52 
20150625180244 12.546215 -2.8832173 3.2483332 -0.2959642 0.018936822 -0.17715092 994.52 
20150625180244 12.749125 -2.5306711 3.767875 -0.22143865 0.17531833 -0.080634214 994.52 
20150625180244 13.344083 -0.3842694 0.6254852 -0.21410827 0.2764165 0.16798794 994.52 
20150625180244 11.628039 0.50757074 -4.5286326 -0.1282817 0.44990227 0.3484986 994.52 
20150625180244 9.976639 -1.6777369 -4.4939165 -0.04795292 0.3830125 0.3378085 994.52 
20150625180244 9.148245 -1.5496471 -3.7349546 0.16462818 -0.1160644 0.5137377 994.52 
20150625180244 11.882423 1.134253 -0.7942764 0.23884831 -0.6047566 0.6310238 994.52 
20150625180244 14.749479 1.6747441 0.35254622 -0.12156218 -0.14569137 0.47036624 994.52 
20150625180244 15.91785 -0.024540568 -0.4201824 -0.1282817 0.3109304 0.19456059 994.52 
20150625180244 12.018294 -1.2258313 -1.0169371 -0.08124508 0.21044308 0.06688975 994.52 
20150625180244 8.608951 -1.6502035 -0.32202014 0.003970624 0.1020145 -0.18295415 994.52 
20150625180244 7.1951747 -1.7489643 0.3842694 0.12767084 -0.014049901 -0.36987892 994.52 
20150625180244 5.8161144 -1.9087774 0.09935937 0.31490102 -0.100792766 -0.44715336 994.52 
20150625180244 5.430648 -0.35793316 0.049081136 0.57360244 0.021991149 -0.46731192 994.54 
20150625180244 4.9464207 0.908001 -0.30825347 0.57726765 0.09712757 -0.41050145 994.54 
20150625180244 5.286996 1.5688007 0.27473465 0.44837508 -0.06658431 -0.32895094 994.54 
20150625180244 5.832874 1.4514848 0.6847417 0.30695978 -0.33414328 -0.22143865 994.54 
20150625180244 6.7905545 0.18255788 0.88166475 0.20952678 -0.49327368 -0.10048734 994.54 
20150625180244 8.305486 -0.94331545 0.42437226 0.28130344 -0.5329799 -0.02076942 994.54 
20150625180244 10.468048 -0.52253455 0.9283517 0.4978552 -0.47403142 0.04917465 994.54 
20150625180244 11.994352 0.31184477 1.5143325 0.5571091 -0.3387248 0.082161374 994.54 
20150625180244 11.980585 1.2258313 0.51954174 0.6123924 -0.21288654 0.08093964 994.54 
20150625180244 13.685257 2.8628666 1.927931 0.50762904 -0.14538592 0.15851954 994.52 
20150625180245 15.131354 1.5921441 3.8863878 0.2134974 -0.0421497 0.18234327 994.52 
20150625180245 12.689868 -1.3132197 -0.6218939 0.06994407 -0.028405234 -0.07452556 994.52 
20150625180245 15.699978 -0.85532856 -5.8095303 0.226631 0.26450464 -0.32650748 994.52 
20150625180245 12.360066 2.1906946 -3.9552212 0.06994407 0.61544675 -0.16035213 994.52 
20150625180245 11.707646 0.86969376 -2.0368671 -0.08552113 0.18784106 -0.42760566 994.52 
20150625180245 12.144588 -1.1599907 -1.287482 -0.12339478 -0.23701571 -0.52839845 994.52 
20150625180245 13.584701 -0.8475474 -0.22984336 0.08399397 0.08460484 -0.37384954 994.52 
20150625180245 15.10442 -0.06344634 0.022744916 0.26633725 0.655153 -0.06352998 994.52 
20150625180245 13.645154 0.26515785 -1.0642227 0.23671028 0.657291 0.044898596 994.55 
20150625180245 10.49199 -0.16519992 -1.4024036 0.06688975 0.31520647 0.18142697 994.55 
20150625180245 7.0383544 -0.3800795 -1.3377602 -0.121256754 -0.10842858 0.3286455 994.55 
20150625180245 3.70383 0.14185645 -1.067814 -0.23182335 -0.109650314 0.3747658 994.55 
20150625180245 2.4265234 0.9888053 -0.47465047 -0.34574974 0.19853121 0.45631635 994.55 
20150625180245 3.1423898 1.0528502 -0.15861586 -0.39706242 0.3717115 0.4129449 994.55 
20150625180245 5.17387 -0.26515785 0.090381116 -0.36560285 0.19700404 0.2837469 994.55 
20150625180245 6.670246 -1.6921021 0.52971715 -0.3631594 -0.09682214 0.17989981 994.55 
20150625180245 7.7093296 -2.0847511 0.5781997 -0.35521814 -0.26725355 0.12217305 994.55 
20150625180245 8.915408 -1.5514427 1.376666 -0.3839288 -0.34025195 0.05467244 994.56 
20150625180245 10.391434 -1.7405846 1.2641385 -0.45448375 -0.15821409 0.012217305 994.56 
20150625180245 11.382035 -1.7310078 2.28347 -0.43127087 0.018325957 -0.033292156 994.56 
20150625180245 12.185888 -1.3305776 2.6180596 -0.40103304 0.16982053 -0.10598512 994.56 
20150625180245 12.438477 -2.360683 3.0561984 -0.2950479 0.15118915 -0.15851954 994.56 
20150625180245 12.874221 -3.0226796 4.208408 -0.14782938 0.29260445 -0.1872302 994.56 
20150625180245 12.228984 -1.7782934 2.4959552 -0.058337633 0.29749137 -0.035124753 994.56 
20150625180245 12.051813 0.34955344 -1.8034325 -0.1001819 0.36774087 0.2770274 994.56 
20150625180245 10.342952 -0.5267244 -4.6662993 -0.14049901 0.42760566 0.25442538 994.56 
20150625180245 9.934141 -1.6567876 -4.0922894 -0.24312437 0.26175576 0.24281894 994.54 
20150625180245 12.111668 -1.0235212 -3.675698 -0.011911872 -0.09437868 0.56169057 994.54 
20150625180245 16.77258 2.3546975 -0.65421563 0.12156218 -0.46975538 0.8512407 994.54 
20150625180245 17.555485 0.65301853 0.66139823 -0.0021380284 -0.160963 0.7339546 994.54 
20150625180245 13.615227 -2.4887726 -0.3800795 0.053450707 0.11301007 0.18784106 994.54 
20150625180245 9.7958765 -3.1489737 -0.088585466 0.21410827 0.15760323 -0.18417588 994.54 
20150625180245 6.775591 -2.498948 0.25378537 0.3051272 -0.038789943 -0.4196644 994.54 
20150625180245 4.948815 -1.7806876 0.37828386 0.5045747 -0.003970624 -0.5626069 994.54 
20150625180245 4.6471453 -0.741604 0.21787235 0.7672467 0.08155051 -0.6731735 994.54 
20150625180245 4.221576 1.1492168 -0.40701428 0.8891144 0.1826487 -0.591623 994.57 
20150625180245 3.9025488 2.0368671 -0.29328972 0.86742866 -0.0106901415 -0.5329799 994.57 
20150625180245 4.9422307 2.0332758 0.55246204 0.6227771 -0.183565 -0.37568212 994.57 
20150625180245 6.68102 1.3030443 1.3628993 0.39187005 -0.37568212 -0.16401732 994.57 
20150625180245 7.645883 0.05686229 1.4969746 0.36071593 -0.4813618 0.0 994.57 
20150625180245 7.9912467 -0.3597288 1.4119805 0.44104472 -0.45173484 0.056199603 994.57 
20150625180245 8.774749 -0.50876784 0.9540894 0.5919284 -0.29626966 0.13744467 994.57 
20150625180245 10.931327 0.25318682 1.1941081 0.6609562 -0.1423316 0.23182335 994.57 
20150625180245 12.670714 0.48602295 0.1448492 0.6093381 -0.06994407 0.28496864 994.57 
20150625180245 15.435418 2.2062569 2.3343468 0.5213735 -0.14049901 0.32925636 994.51 
20150625180245 15.857396 0.8098387 4.8662148 0.27366763 -0.27397305 0.26816985 994.51 
20150625180245 11.899781 -1.6286557 1.050456 0.25167647 -0.2556471 -0.09101892 994.51 
20150625180245 13.588292 -1.9919758 -2.9873652 0.3848451 0.23640485 -0.3313944 994.51 
20150625180245 13.495517 2.4827871 -4.665102 0.3943135 0.59437186 -0.09468412 994.51 
20150625180245 9.606135 3.7666779 -3.803788 0.23609942 0.32345316 -0.17440203 994.51 
20150625180246 10.643424 0.62368953 -0.7541735 -0.1777618 -0.2593123 -0.55741453 994.51 
20150625180246 13.843873 -1.8866309 -0.18315643 -0.4092797 -0.3539964 -0.63499445 994.51 
20150625180246 15.400104 -0.6799533 -0.18495208 -0.004276057 -0.11362094 -0.3210097 994.51 
20150625180246 14.363415 0.19393034 -0.022146367 0.25534168 0.49174652 0.06658431 994.5 
20150625180246 11.385626 0.5626374 -1.1845313 0.03848451 0.4175264 0.06291912 994.5 
20150625180246 8.413225 -0.14185645 -1.0845734 -0.22052236 0.18570304 0.17715092 994.5 
20150625180246 5.493496 -0.37828386 -0.81761986 -0.36132678 -0.057726767 0.3109304 994.5 
20150625180246 3.4799721 0.04189853 -0.49440265 -0.43188173 0.035430185 0.39614612 994.5 
20150625180246 3.1352072 5.985504E-4 -0.43514615 -0.4129449 0.24678956 0.44868052 994.5 
20150625180246 4.5807066 -0.2112883 -0.16220717 -0.33292156 0.2302962 0.41141775 994.5 
20150625180246 6.165668 -1.0480618 0.36152446 -0.3555236 0.039095376 0.30024028 994.5 
20150625180246 7.1784153 -1.2605472 0.48003745 -0.40561453 -0.17898351 0.16737708 994.5 
20150625180246 8.469488 -1.0444705 0.95349085 -0.41874814 -0.34025195 0.10170906 994.51 
20150625180246 9.43495 -1.1372458 1.8525136 -0.48624873 -0.36926803 0.0021380284 994.51 
20150625180246 10.092158 -2.0871453 1.4197617 -0.50854534 -0.19547687 -0.05375614 994.51 
20150625180246 10.869077 -2.60968 2.1164744 -0.43799037 0.06383542 -0.081855945 994.51 
20150625180246 12.040441 -1.7100586 2.3397336 -0.36682457 0.14966199 -0.116980694 994.51 
20150625180246 12.436082 -1.9057846 2.1936872 -0.27214047 0.14813483 -0.16890424 994.51 
20150625180246 12.959215 -2.5851393 3.7175968 -0.08002335 0.24190263 -0.18051068 994.51 
20150625180246 12.369044 -1.5149311 2.7808652 -0.03145956 0.29932398 -0.022602014 994.51 
20150625180246 11.614871 0.9175778 -2.8191724 -0.089491755 0.4886922 0.23365596 994.51 
20150625180246 9.93893 -1.1875241 -3.9013517 -0.17654006 0.55680364 0.172264 994.6 
20150625180246 9.731832 -2.4582467 -3.3411086 -0.20341812 0.3399465 0.19914207 994.6 
20150625180246 12.102091 -0.51834464 -1.4760253 0.06536258 -0.09865474 0.5323691 994.6 
20150625180246 14.924256 1.347337 1.021127 -0.023518313 -0.4447099 0.66798115 994.6 
20150625180246 16.287155 -0.51595044 0.8619126 -0.09162979 0.09987647 0.4361578 994.6 
20150625180246 13.439851 -1.6166847 0.0712275 0.03848451 0.3115413 0.20769419 994.6 
20150625180246 9.703699 -1.5819688 -0.2885013 0.20677789 0.18173242 -0.047036625 994.6 
20150625180246 7.533954 -1.6956934 0.010175358 0.3378085 -0.050396383 -0.29657507 994.6 
20150625180246 6.0040593 -1.6932992 0.17896658 0.44348818 -0.037873644 -0.45540005 994.6 
20150625180246 5.2558713 -0.6853402 0.30286652 0.5671884 0.08155051 -0.4822781 994.57 
20150625180246 4.358644 0.61770403 0.10055647 0.66248333 0.14355333 -0.4111123 994.57 
20150625180246 4.0019083 1.2659341 0.19692309 0.6560693 0.045814894 -0.42210788 994.57 
20150625180246 5.1666875 1.6250644 0.6793547 0.56230146 -0.20861048 -0.42730024 994.57 
20150625180246 6.3422403 1.2395979 0.93014735 0.38148534 -0.4266894 -0.3118467 994.57 
20150625180246 7.4549456 -0.5279215 0.9528923 0.38148534 -0.68203104 -0.11209377 994.57 
20150625180246 9.278131 -1.6585833 0.83497787 0.56077427 -0.73975784 0.06352998 994.57 
20150625180246 11.018715 -0.6314707 1.3988123 0.7696902 -0.6200282 0.14019357 994.57 
20150625180246 11.861474 0.9115923 0.46208093 0.92149025 -0.4978552 0.15882497 994.57 
20150625180246 12.588713 2.670732 0.039504327 0.89858276 -0.33017266 0.15577064 994.49 
20150625180246 14.560936 3.7217865 2.3050177 0.57604593 -0.258396 0.17745635 994.49 
20150625180246 14.362218 1.6543933 3.578733 0.2312125 -0.19028452 0.08093964 994.49 
20150625180246 12.935872 -1.1665748 -1.3251907 0.19547687 -0.07360926 -0.25167647 994.49 
20150625180246 15.962741 -0.7134721 -4.3795934 0.172264 0.35155296 -0.16462818 994.49 
20150625180246 11.572374 1.3132197 -3.7882257 0.029626964 0.3231477 -0.16218472 994.49 
20150625180246 8.702923 0.6099229 -2.0560207 -0.003970624 -0.12858713 -0.44012842 994.49 
20150625180246 13.808558 -1.1186907 0.6326678 -9.162979E-4 -0.087659165 -0.44837508 994.49 
20150625180246 14.9068985 -0.39923313 -0.15622166 0.22052236 0.2666427 -0.0852157 994.49 
20150625180246 13.950415 0.07182605 -0.24720132 0.29871312 0.6542367 0.06994407 994.57 
20150625180246 11.498154 -0.16699557 -0.9103952 0.12583824 0.61758476 0.035124753 994.57 
20150625180247 8.565855 -0.46267948 -0.39324763 -0.12583824 0.38789943 0.09285152 994.57 
20150625180247 5.427655 -0.08259996 -0.4141969 -0.2669481 0.2284636 0.19822577 994.57 
20150625180247 3.2758665 0.5410896 -0.04249708 -0.35094208 0.12339478 0.3042109 994.57 
20150625180247 3.4398694 0.093373865 0.36511576 -0.43585235 0.23640485 0.38087448 994.57 
20150625180247 5.2343235 -0.8487445 0.18315643 -0.39400807 0.13805555 0.36896262 994.57 
20150625180247 6.5655 -1.6723499 0.2861071 -0.28955013 -0.14844026 0.3173445 994.57 
20150625180247 7.037756 -1.0815806 0.24839842 -0.23701571 -0.34055737 0.20005837 994.57 
20150625180247 8.450933 -0.5542577 0.4321534 -0.21074851 -0.50579643 0.112399206 994.49 
20150625180247 9.566631 -0.9283517 1.316811 -0.25625798 -0.46181414 0.036957346 994.49 
20150625180247 9.824008 -1.34195 1.1432313 -0.38637227 -0.30298916 -0.055283304 994.49 
20150625180247 10.957663 -1.726818 1.7381904 -0.4083634 -0.08002335 -0.050701816 994.49 
20150625180247 11.778873 -1.2509704 2.112883 -0.36041048 0.051618114 -0.055283304 994.49 
20150625180247 12.231378 -2.3882163 2.5677812 -0.31887165 0.09437868 -0.129198 994.49 
20150625180247 12.569559 -3.5087025 3.3859997 -0.2171626 0.24465153 -0.2510656 994.49 
20150625180247 12.731168 -2.5288756 1.3820529 -0.14844026 0.27550024 -0.09743301 994.49 
20150625180247 13.503298 0.676362 -3.1836896 -0.11759156 0.39675698 0.14294247 994.49 
20150625180247 11.509526 -0.37948096 -3.3955765 -0.15882497 0.45142943 0.22266038 994.55 
20150625180247 9.388264 -0.073621705 -3.2064347 0.06872234 0.2706133 0.5375614 994.55 
20150625180247 10.880449 1.1773487 -1.7363948 0.15149458 -0.35277468 0.6435465 994.55 
20150625180247 14.996681 -0.12270284 1.0618285 -0.16982053 0.16982053 0.61300325 994.55 
20150625180247 17.75959 -2.3223755 1.0241197 -0.21868975 0.38453966 0.4089743 994.55 
20150625180247 13.685257 -1.9829975 -0.9840169 0.058643065 0.19150625 0.118507855 994.55 
20150625180247 9.5253315 -1.0121487 0.26396075 0.3182608 -0.007941248 -0.22266038 994.55 
20150625180247 6.1088057 -0.55246204 0.2717419 0.36193767 -0.026572637 -0.3622431 994.55 
20150625180247 5.1158104 -0.9888053 0.32920274 0.5635232 0.049785517 -0.47067168 994.55 
20150625180247 4.548983 -0.6823475 0.18555063 0.7189884 0.27275133 -0.4089743 994.5 
20150625180247 4.1718965 -0.21428105 -0.037708677 0.74464476 0.2134974 -0.34513888 994.5 
20150625180247 4.8943467 1.1079168 0.39324763 0.72601336 0.029626964 -0.38820487 994.5 
20150625180247 5.966949 1.9955671 0.9247604 0.5876524 -0.23273966 -0.40225476 994.5 
20150625180247 6.8982935 0.9576807 0.8702923 0.50701815 -0.47647488 -0.26358834 994.5 
20150625180247 8.312668 -0.65900403 1.1959038 0.5897904 -0.64721173 -0.063224554 994.5 
20150625180247 9.773131 -0.6967127 1.5215151 0.73823065 -0.6310238 0.16829337 994.5 
20150625180247 10.803835 0.37110126 1.7729063 0.8216137 -0.46028697 0.2049453 994.5 
20150625180247 11.918336 1.6166847 0.14784196 0.79901177 -0.23243423 0.14172074 994.5 
20150625180247 12.789825 3.265691 0.51595044 0.74067414 -0.092240654 0.14172074 994.57 
20150625180247 14.933833 2.6396074 3.1016884 0.32650748 -0.13225232 0.18203785 994.57 
20150625180247 13.851055 0.04070143 2.1517887 0.16768251 -0.12767084 0.047647487 994.57 
20150625180247 14.055759 -1.9219455 -2.4067712 0.16890424 0.0030543262 -0.18478674 994.57 
20150625180247 14.873978 0.06823475 -3.781043 0.16187929 0.33628133 -0.14874569 994.57 
20150625180247 8.990228 1.3431472 -2.7503393 0.129198 0.32528573 -0.28069258 994.57 
20150625180247 9.605537 -0.50038815 -1.2719196 0.23182335 -0.09132435 -0.5225952 994.57 
20150625180247 13.034633 0.16699557 0.3453636 0.10354166 -0.034513887 -0.462425 994.57 
20150625180247 15.002068 0.8122329 -0.12150574 0.053145275 0.11575896 -0.24709499 994.57 
20150625180247 15.256452 0.7565677 0.13706805 0.20219639 0.39370266 -0.018936822 994.48 
20150625180247 12.449849 0.51235914 -0.31902736 0.10842858 0.18967366 0.08307768 994.48 
20150625180247 9.015965 0.108936176 -0.7068881 -0.183565 0.07452556 0.23671028 994.48 
20150625180247 5.6976013 -0.41060558 -0.87567925 -0.29352075 0.043066 0.43157628 994.48 
20150625180247 3.3800142 0.06823475 -0.39683893 -0.34513888 0.109650314 0.48380527 994.48 
20150625180247 2.741361 0.2148796 -0.2208651 -0.43676865 0.3555236 0.49663344 994.48 
20150625180247 5.061941 -0.94690675 0.08020575 -0.46486846 0.3210097 0.3943135 994.48 
20150625180247 6.27221 -1.3670892 0.6356605 -0.47769663 0.014049901 0.2443461 994.48 
20150625180248 7.8182654 -1.2126632 0.75836337 -0.5015204 -0.2761111 0.14049901 994.48 
20150625180248 9.455301 -1.1510124 1.0115502 -0.49357912 -0.464563 0.09682214 994.47 
20150625180248 9.816826 -1.0881647 0.9235633 -0.5036584 -0.41386122 0.004581489 994.47 
20150625180248 9.767744 -1.8908207 1.1611878 -0.5381723 -0.20066923 -0.083383106 994.47 
20150625180248 11.380837 -2.0721815 2.154183 -0.5170974 0.08552113 -0.13347405 994.47 
20150625180248 12.373235 -2.4013844 1.7597382 -0.4288274 0.12950343 -0.16432275 994.47 
20150625180248 13.598467 -2.7132292 3.6421793 -0.21899518 0.11362094 -0.21746802 994.47 
20150625180248 13.755886 -1.614889 4.1383777 -0.0580322 0.12980886 -0.17379116 994.47 
20150625180248 13.488334 0.22685061 1.8525136 -0.08460484 0.11911872 0.027183503 994.47 
20150625180248 13.05618 1.4209588 -3.0310593 -0.18692477 0.37384954 0.17623462 994.47 
20150625180248 10.973225 -2.3008277 -3.7475243 -0.34574974 0.48197266 0.1133155 994.54 
20150625180248 8.791509 -2.9005754 -3.6314054 -0.3912592 0.24587326 0.33108896 994.54 
20150625180248 10.327389 -0.39564183 -1.6154876 -0.08552113 -0.2012801 0.5183192 994.54 
20150625180248 13.362638 3.0945058 0.96665895 -0.25442538 -0.12034045 0.5830709 994.54 
20150625180248 15.853207 1.2898762 1.4155718 -0.40622538 0.32467487 0.31123585 994.54 
20150625180248 13.543999 -1.9596541 -0.3824737 -0.30298916 0.39584067 0.15271631 994.54 
20150625180248 9.428367 -3.176507 -0.37708676 0.057421334 0.07788532 -0.026572637 994.54 
20150625180248 7.399879 -2.5258827 0.28550854 0.20433442 -0.08368854 -0.2510656 994.54 
20150625180248 5.9184666 -1.9596541 0.45130703 0.4886922 -0.049480084 -0.39736784 994.54 
20150625180248 5.2181625 -0.56682724 0.30645782 0.70554936 0.06963864 -0.45723262 994.49 
20150625180248 4.995502 0.97982705 -0.04189853 0.8151997 0.13958271 -0.4092797 994.49 
20150625180248 4.9972973 1.79206 0.17776948 0.71959925 -0.02687807 -0.3585779 994.49 
20150625180248 5.85921 2.1176715 0.78888947 0.57635134 -0.23182335 -0.2669481 994.49 
20150625180248 6.615179 1.2665327 0.9139865 0.49113566 -0.42760566 -0.14905111 994.49 
20150625180248 7.9194207 0.020350715 1.4107834 0.54000485 -0.59895337 -0.056199603 994.49 
20150625180248 8.782531 -0.6338649 1.520318 0.63499445 -0.59559363 0.086437434 994.49 
20150625180248 10.245986 -0.023343466 1.9416976 0.75716746 -0.5012149 0.16646078 994.49 
20150625180248 10.880449 0.4177882 1.4167689 0.7476991 -0.37720928 0.19822577 994.49 
20150625180248 11.5394535 0.5805939 -0.40880993 0.6966918 -0.21410827 0.17134771 994.51 
20150625180248 13.887567 3.132813 0.4429273 0.66706485 -0.10445796 0.2098322 994.51 
20150625180248 15.383943 2.4438813 3.2609026 0.36713 -0.22937989 0.19333886 994.51 
20150625180248 13.906122 -0.15861586 1.3664906 0.18203785 -0.30604348 -0.019547688 994.51 
20150625180248 16.80131 -2.0386627 -3.2860417 0.22082779 -0.050396383 -0.28191432 994.51 
20150625180248 14.382568 0.38067806 -3.506907 0.21624629 0.4364632 -0.17073683 994.51 
20150625180248 9.217078 0.7673417 -2.7994204 0.11056661 0.31520647 -0.33169982 994.51 
20150625180248 8.706514 -0.5506664 -0.908001 0.031154128 -0.10262536 -0.53969944 994.51 
20150625180248 11.614272 -0.21787235 0.05746084 0.10720685 0.073303826 -0.4370741 994.51 
20150625180248 13.899538 0.9696517 -0.10654198 0.36285394 0.25259277 -0.13133603 994.54 
20150625180248 14.059351 0.8122329 -0.04129998 0.46578476 0.45998153 0.14294247 994.54 
20150625180248 11.324574 -0.0011971008 -1.2707225 0.12980886 0.21471913 0.1740966 994.54 
20150625180248 8.349778 -0.56982 -1.1917139 -0.10048734 0.009468411 0.23609942 994.54 
20150625180248 5.4737434 -0.5566519 -0.76075757 -0.25778514 -0.031154128 0.36774087 994.54 
20150625180248 3.6176388 0.12449849 -0.25019407 -0.2959642 0.076052725 0.40500367 994.54 
20150625180248 4.098873 0.5201403 0.14065935 -0.29718593 0.33505958 0.3747658 994.54 
20150625180248 6.053739 -0.011372458 0.30945057 -0.31612277 0.19242255 0.2947425 994.54 
20150625180248 6.9982514 -1.0301052 0.27114335 -0.3378085 -0.01740966 0.14874569 994.54 
20150625180248 7.4016747 -1.3497312 0.31364042 -0.3173445 -0.24190263 0.08368854 994.52 
20150625180248 7.888296 -1.2958617 0.8690952 -0.36132678 -0.32620203 0.046120327 994.52 
20150625180248 8.450335 -1.146224 1.3281834 -0.39584067 -0.24281894 0.0076358155 994.52 
20150625180249 9.548675 -1.4041992 1.316811 -0.4474588 -0.17531833 -0.06994407 994.52 
20150625180249 10.808025 -1.7591397 1.7902644 -0.3943135 -0.08093964 -0.16310102 994.52 
20150625180249 12.272678 -1.6968905 1.8171991 -0.36102137 -0.07452556 -0.19547687 994.52 
20150625180249 12.347497 -2.6491842 2.4917655 -0.29871312 -0.034208454 -0.18417588 994.52 
20150625180249 12.800599 -2.6982653 3.705027 -0.122478485 0.011911872 -0.1881465 994.52 
20150625180249 12.884397 -0.79248077 2.1003134 -0.01985312 0.03848451 0.0 994.52 
20150625180249 13.636774 1.18094 -1.8495208 0.008857546 0.31673363 0.16432275 994.48 
20150625180249 12.559982 -1.1204864 -3.433884 0.0067195175 0.47983465 0.17195857 994.48 
20150625180249 10.1161 -2.0147207 -4.5082817 -0.007330383 0.4083634 0.37995818 994.48 
20150625180249 10.304645 1.1210849 -3.678691 0.23579398 -0.2929099 0.6404922 994.48 
20150625180249 12.5264635 3.5164838 -0.30286652 0.01282817 -0.48441613 0.6771441 994.48 
20150625180249 14.304158 -0.073621705 0.61770403 -0.40408736 -0.0076358155 0.3115413 994.48 
20150625180249 13.563751 -3.1190462 0.16400282 -0.16737708 0.4352415 0.05955936 994.48 
20150625180249 10.3692875 -2.9999347 0.027533319 -0.0021380284 0.17073683 0.007941248 994.48 
20150625180249 8.513183 -1.6454151 -0.05267244 0.17348573 0.054367006 -0.13316862 994.48 
20150625180249 7.557896 -0.8283938 -0.0023942017 0.38515055 -0.034513887 -0.26419923 994.54 
20150625180249 6.510433 -0.1592144 -0.078410104 0.655153 -0.035430185 -0.35735616 994.54 
20150625180249 5.7466826 0.6314707 -0.18195933 0.7296785 0.105068825 -0.364992 994.54 
20150625180249 5.1277814 0.58298814 -0.08080431 0.6630942 0.116980694 -0.35308012 994.54 
20150625180249 5.8029466 0.53450555 0.5279215 0.49663344 -0.012217305 -0.32742378 994.54 
20150625180249 6.3925185 0.7410054 0.79248077 0.4266894 -0.22510384 -0.26450464 994.54 
20150625180249 6.631939 0.4177882 0.81283146 0.46028697 -0.37140608 -0.16646078 994.54 
20150625180249 7.1125746 -0.2124854 1.0366893 0.55863625 -0.36865717 -0.0571159 994.54 
20150625180249 8.017583 -0.5781997 0.7906851 0.7257079 -0.3136793 0.06047566 994.54 
20150625180249 10.038888 0.032920275 1.186327 0.8668178 -0.32498032 0.129198 994.53 
20150625180249 12.026673 1.3251907 1.9219455 0.8512407 -0.32375857 0.16249016 994.53 
20150625180249 12.244546 1.7393875 -0.013766659 0.7858781 -0.32284227 0.18936823 994.53 
20150625180249 13.491925 3.4039562 0.51954174 0.61422503 -0.2669481 0.23548855 994.53 
20150625180249 14.056358 0.5895722 3.9959226 0.25870144 -0.21868975 0.21594086 994.53 
20150625180249 13.005303 -2.2056582 -0.52073884 0.13683382 -0.14844026 -0.055283304 994.53 
20150625180249 16.446968 -0.5674258 -3.2968156 0.23335053 0.16187929 -0.15790866 994.53 
20150625180249 11.6430025 1.4718355 -3.7140055 0.15454891 0.4156938 -0.043982297 994.53 
20150625180249 8.140884 0.89184016 -3.1376014 0.08979719 0.106901415 -0.37110063 994.53 
20150625180249 9.710283 -0.985214 0.12689269 -0.025350908 -0.122478485 -0.50671273 994.58 
20150625180249 12.942456 -1.2030864 0.6428431 -0.16829337 0.10873401 -0.44929138 994.58 
20150625180249 14.944009 0.56443304 -0.51116204 -0.0125227375 0.29046643 -0.18997909 994.58 
20150625180249 13.940239 1.2755109 -0.7188591 0.1441642 0.39950588 0.07666359 994.58 
20150625180249 11.024101 0.66618663 -1.4676456 -0.10873401 0.0852157 0.12614368 994.58 
20150625180249 7.811083 -0.049081136 -1.0342951 -0.3417791 -0.021380283 0.22968534 994.58 
20150625180249 4.8123455 -0.40342298 -0.7404069 -0.50854534 -0.014660766 0.3827071 994.58 
20150625180249 3.693056 -0.14664486 -0.33518824 -0.52442783 0.1591304 0.46639562 994.58 
20150625180249 4.6375685 -0.7422025 0.23463176 -0.48472157 0.36651915 0.45265114 994.58 
20150625180249 5.7149596 -1.7357962 0.56802434 -0.3662137 0.25870144 0.35338554 994.45 
20150625180249 6.1890116 -1.8417397 0.80924016 -0.24098633 0.07727446 0.2134974 994.45 
20150625180249 6.859388 -0.9864111 0.45010993 -0.16707164 -0.11911872 0.17837265 994.45 
20150625180249 8.146272 -0.78888947 0.9044097 -0.15363261 -0.2452624 0.15485434 994.45 
20150625180249 8.790312 -0.78529817 1.0307038 -0.20433442 -0.24862215 0.06169739 994.45 
20150625180249 9.610924 -0.8607155 0.98700964 -0.2733622 -0.121256754 -0.05467244 994.45 
20150625180249 11.386225 -1.3245921 1.7046716 -0.28863382 0.028099801 -0.14752395 994.45 
20150625180249 12.964004 -1.5915456 1.6124948 -0.26328292 -0.0015271631 -0.17562376 994.45 
20150625180250 13.311163 -2.658761 2.2104468 -0.18081611 0.019242255 -0.18203785 994.45 
20150625180250 13.343485 -2.9789855 4.3742065 -0.09987647 0.083383106 -0.16249016 994.51 
20150625180250 12.735956 -1.2006922 2.9801826 -0.1133155 0.08093964 0.03940081 994.51 
20150625180250 13.631986 1.0378864 -0.6087258 -0.11911872 0.36346483 0.16249016 994.51 
20150625180250 11.810597 -2.5354595 -2.8622682 -0.20861048 0.4129449 0.06994407 994.51 
20150625180250 9.0016 -3.095703 -3.241749 -0.16218472 0.26511553 0.22602014 994.51 
20150625180250 9.209895 0.0664391 -2.9125464 0.20799962 -0.19883664 0.5222898 994.51 
20150625180250 12.600683 2.9113493 -0.18674773 0.20311269 -0.2507602 0.65576386 994.51 
20150625180250 15.214553 0.46746787 1.2946646 -0.24251351 0.13225232 0.36346483 994.51 
20150625180250 13.950415 -1.7591397 0.018555064 -0.14172074 0.39522982 0.05681047 994.51 
20150625180250 10.307637 -2.285864 -0.82480246 0.121256754 -0.0018325958 -0.01863139 994.55 
20150625180250 7.8930845 -1.7633295 -0.18794483 0.36254853 -0.14966199 -0.17348573 994.55 
20150625180250 6.9958572 -0.88525605 0.46208093 0.473726 -0.21074851 -0.34605515 994.55 
20150625180250 6.163274 0.2208651 0.47285482 0.5384777 -0.03481932 -0.4279111 994.55 
20150625180250 5.239112 1.01574 -0.12449849 0.55741453 0.12003502 -0.43035457 994.55 
20150625180250 4.674679 0.9127894 -0.16819267 0.48808134 0.08277224 -0.39706242 994.55 
20150625180250 5.5401826 0.7200562 0.80804306 0.37782016 -0.07269296 -0.34147367 994.55 
20150625180250 6.2793927 0.664391 1.1384429 0.30298916 -0.20922135 -0.24984388 994.55 
20150625180250 6.906075 -0.11611878 1.1893197 0.38637227 -0.30757064 -0.14477506 994.55 
20150625180250 7.840412 -0.39025488 1.4622587 0.50488013 -0.36346483 -0.0036651916 994.48 
20150625180250 8.720282 -0.5470751 0.9247604 0.6197228 -0.32375857 0.1301143 994.48 
20150625180250 10.322002 -0.24121583 1.6579847 0.7165449 -0.29229903 0.17134771 994.48 
20150625180250 11.86686 0.4770447 1.4209588 0.70188415 -0.24709499 0.17898351 994.48 
20150625180250 12.598887 1.8962077 0.29388827 0.6918049 -0.18020524 0.19425514 994.48 
20150625180250 14.624383 3.8097734 1.7651252 0.5644395 -0.172264 0.23396139 994.48 
20150625180250 15.573085 2.2571337 2.7222073 0.31642818 -0.204029 0.13164146 994.48 
20150625180250 15.218144 -0.27952304 -1.4754268 0.16340645 -0.15943582 -0.19425514 994.48 
20150625180250 16.8462 -0.24301147 -3.425504 0.021380283 0.21380283 -0.2761111 994.48 
20150625180250 10.979211 1.429937 -3.3087866 -0.13164146 0.20311269 -0.3304781 994.47 
20150625180250 6.5020533 0.5153519 -1.1240777 -0.28160888 0.03634648 -0.48747048 994.47 
20150625180250 8.230667 -2.0081367 0.90859956 -0.18142697 0.11789699 -0.42760566 994.47 
20150625180250 14.0713215 -1.4305356 0.63087213 0.31673363 0.28771752 0.07391469 994.47 
20150625180250 15.437214 0.47405192 -0.7020996 0.5858198 0.6273586 0.32253686 994.47 
20150625180250 13.042414 1.0253168 -1.4041992 0.49846604 0.40286562 0.20280726 994.47 
20150625180250 9.744401 0.7990648 -0.9259575 0.07422013 0.08032878 0.087659165 994.47 
20150625180250 6.929418 0.11611878 -0.682946 -0.18478674 -0.04642576 0.15302174 994.47 
20150625180250 4.4418426 -0.13706805 -0.22445641 -0.32436943 -0.03940081 0.30695978 994.47 
20150625180250 4.0156746 -0.07062895 0.20290859 -0.29260445 0.24220806 0.4092797 994.52 
20150625180250 5.2361193 -0.6003461 0.093373865 -0.26542094 0.29046643 0.3811799 994.52 
20150625180250 6.43322 -1.158195 0.22505496 -0.24495697 0.14446963 0.30604348 994.52 
20150625180250 7.026982 -1.1917139 0.53211135 -0.2434298 -0.02321288 0.19730948 994.52 
20150625180250 7.81647 -1.0348936 0.9540894 -0.2602286 -0.21624629 0.14538592 994.52 
20150625180250 8.279149 -0.9163807 1.5119383 -0.30573806 -0.26297748 0.10445796 994.52 
20150625180250 8.800487 -0.7577648 1.5526398 -0.39828414 -0.1853976 0.058643065 994.52 
20150625180250 9.717466 -1.4808137 1.4065934 -0.48472157 -0.028099801 0.021380283 994.52 
20150625180250 11.7543335 -1.7561469 2.3798366 -0.4633413 0.09682214 -0.07391469 994.52 
20150625180250 12.964004 -2.7874494 2.4049757 -0.4266894 0.025350908 -0.13469578 994.49 
20150625180250 12.917316 -3.2369606 3.4913447 -0.22357668 -0.005497787 -0.17623462 994.49 
20150625180250 12.086529 -2.1547816 3.3482912 -0.01282817 0.013439035 -0.03359759 994.49 
20150625180250 11.939285 0.3226187 0.7751228 -0.013133603 0.16279559 0.22082779 994.49 
20150625180251 12.093711 1.8243817 -3.6661212 -0.06658431 0.4352415 0.19394971 994.49 
20150625180251 11.045051 -1.0857705 -4.1503487 -0.22418754 0.4718934 0.12858713 994.49 
20150625180251 10.190321 -2.4768016 -3.74094 -0.17867808 0.16218472 0.42058071 994.49 
20150625180251 13.053786 0.21547815 -0.8571242 -0.10354166 -0.3753767 0.6536258 994.49 
20150625180251 15.921441 1.644218 0.86131406 -0.29016098 -0.15760323 0.61483586 994.49 
20150625180251 15.894506 -1.5053543 0.415394 -0.2049453 0.27122417 0.18173242 994.57 
20150625180251 12.161347 -3.0963013 -0.2777274 0.045814894 0.27214047 -0.04153884 994.57 
20150625180251 8.034343 -2.0500352 0.39205053 0.17165314 -0.049480084 -0.18417588 994.57 
20150625180251 6.601413 -1.3736732 0.8367735 0.2678644 -0.0030543262 -0.3707952 994.57 
20150625180251 5.3163247 -0.6159084 0.30885202 0.51893 0.055283304 -0.47616947 994.57 
20150625180251 4.221576 0.59974754 -0.051475335 0.72387534 0.16920967 -0.46914452 994.57 
20150625180251 3.7978024 1.1228806 -0.22445641 0.7791586 0.1740966 -0.46273044 994.57 
20150625180251 5.322909 1.6723499 0.6063316 0.64996064 -0.043066 -0.4428773 994.57 
20150625180251 7.019201 1.2707225 1.0935516 0.43860126 -0.32650748 -0.2883284 994.57 
20150625180251 8.019379 -0.29209262 1.1599907 0.42424592 -0.59986967 -0.16768251 994.45 
20150625180251 9.233239 -0.50637364 1.6286557 0.5131268 -0.63316184 -0.05222898 994.45 
20150625180251 9.24102 0.26874915 1.8142064 0.5983425 -0.48899764 0.04062254 994.45 
20150625180251 8.8884735 0.6428431 0.45609543 0.659429 -0.24312437 0.058337633 994.45 
20150625180251 10.052654 0.760159 -0.5446809 0.7498371 -0.053145275 0.029932396 994.45 
20150625180251 13.376405 2.3187842 1.2264298 0.56688297 -0.118202426 0.06383542 994.45 
20150625180251 16.597803 2.4552538 4.31495 0.24953845 -0.22052236 0.12217305 994.45 
20150625180251 13.686454 0.90620536 2.8904 0.17440203 -0.27122417 0.048258353 994.45 
20150625180251 13.494918 -1.0468647 -0.5009867 0.20311269 -0.118202426 -0.23365596 994.45 
20150625180251 15.456966 0.7188591 -2.8748376 0.14508049 0.37965274 -0.06414085 994.47 
20150625180251 11.227609 1.8531121 -3.9713821 0.15027285 0.3109304 -0.116675265 994.47 
20150625180251 7.8906903 -0.13108255 -2.7461493 0.13164146 -0.14813483 -0.29260445 994.47 
20150625180251 10.0508585 -2.767697 0.29388827 0.004581489 -0.1255328 -0.39920044 994.47 
20150625180251 13.417107 -2.6791117 0.89662856 0.05681047 0.1282817 -0.32803464 994.47 
20150625180251 14.882358 -0.020949265 -0.11192893 0.22449298 0.37782016 -0.07238753 994.47 
20150625180251 13.454815 1.6436194 -0.83856916 0.38148534 0.35918877 0.06383542 994.47 
20150625180251 11.027693 1.602918 -1.2378023 0.15454891 0.0027488936 0.13958271 994.47 
20150625180251 7.716512 0.91458505 -1.086369 -0.17073683 -0.1151481 0.2950479 994.47 
20150625180251 4.72376 -0.12330139 -0.57640404 -0.28130344 -0.10629055 0.398895 994.52 
20150625180251 3.7355533 -0.98581254 0.30047232 -0.32589662 0.1328632 0.47861293 994.52 
20150625180251 5.077503 -1.2826935 0.52492875 -0.2864958 0.29718593 0.45845437 994.52 
20150625180251 6.247669 -1.1731589 0.90381116 -0.20158553 0.13713925 0.31612277 994.52 
20150625180251 6.933608 -0.57640404 0.29388827 -0.14355333 -0.15699236 0.22204952 994.52 
20150625180251 8.356362 -0.42676646 0.32920274 -0.14721853 -0.34116822 0.18936823 994.52 
20150625180251 9.160215 -0.89064306 1.0019734 -0.25992316 -0.42302418 0.1740966 994.52 
20150625180251 9.817424 -1.1019313 1.4155718 -0.36193767 -0.30757064 0.077579886 994.52 
20150625180251 10.527305 -1.6998832 1.9901801 -0.45356745 -0.15943582 -0.0290161 994.52 
20150625180251 12.08593 -1.4640543 2.6060886 -0.42485678 0.004276057 -0.11301007 994.51 
20150625180251 12.316971 -2.0895395 1.9141643 -0.39645153 0.058643065 -0.12614368 994.51 
20150625180251 12.403761 -3.1376014 3.0891187 -0.29932398 0.17440203 -0.14752395 994.51 
20150625180251 12.670714 -3.0789435 3.6409822 -0.14905111 0.19211712 -0.1740966 994.51 
20150625180251 13.06456 -0.801459 0.81522566 -0.20250183 0.17379116 0.005192355 994.51 
20150625180251 13.369821 0.8511387 -2.681506 -0.1881465 0.3717115 0.10354166 994.51 
20150625180251 11.167155 -1.4502877 -4.034828 -0.2733622 0.39584067 0.13836098 994.51 
20150625180251 8.651448 -1.8914193 -3.5972881 -0.046731193 0.1704314 0.33964106 994.51 
20150625180251 10.675745 1.5729905 -1.6675615 0.15577064 -0.2666427 0.59498274 994.51 
20150625180252 13.851654 4.031237 0.4165911 -0.13103059 -0.056505036 0.57726765 994.48 
20150625180252 15.629349 -0.19512744 0.95947635 -0.4251622 0.38240165 0.226631 994.48 
20150625180252 13.317747 -3.6463692 0.19752164 -0.22937989 0.47433686 0.026267206 994.48 
20150625180252 9.626487 -4.0396166 0.1436521 0.05681047 0.16371189 -0.1020145 994.48 
20150625180252 7.6985555 -2.9047651 0.599149 0.21960606 -0.013439035 -0.21502456 994.48 
20150625180252 6.633734 -1.1408371 0.47884035 0.54611355 -0.036957346 -0.32559118 994.48 
20150625180252 5.9082913 0.90740246 0.08200141 0.7800749 0.07086037 -0.4474588 994.48 
20150625180252 5.1182046 1.9476831 -0.5291186 0.77732605 0.14355333 -0.45356745 994.48 
20150625180252 4.9284644 1.6729485 -0.25019407 0.66737026 0.03390302 -0.43310347 994.48 
20150625180252 6.591237 1.2132617 1.0468647 0.4541783 -0.10903945 -0.26939157 994.5 
20150625180252 7.36636 0.504578 1.3694834 0.30940324 -0.2764165 -0.1020145 994.5 
20150625180252 7.9930425 0.3633201 1.5346833 0.30543262 -0.38087448 -0.05009095 994.5 
20150625180252 8.243237 -0.037110128 1.5897499 0.408058 -0.34422258 0.012217305 994.5 
20150625180252 8.877101 -0.6811504 1.412579 0.5757405 -0.23304509 0.11056661 994.5 
20150625180252 10.535086 -0.99179804 1.650802 0.70707655 -0.08399397 0.17592919 994.5 
20150625180252 12.640786 0.20649989 0.82899237 0.7651087 -0.018936822 0.22510384 994.5 
20150625180252 14.213179 2.947861 1.0354922 0.72295904 -0.067500606 0.23854288 994.5 
20150625180252 15.018229 2.7204118 3.2435448 0.4538729 -0.102319926 0.09896017 994.5 
20150625180252 12.841301 0.7691373 0.91458505 0.33933565 -0.105068825 -0.07941248 994.51 
20150625180252 16.239271 -0.8870517 -2.4929626 0.4111123 0.092240654 -0.30451632 994.51 
20150625180252 13.640366 0.7721301 -3.309984 0.3359759 0.50426924 -0.15118915 994.51 
20150625180252 9.140464 -0.5422867 -3.3255463 0.19486602 0.31642818 -0.4092797 994.51 
20150625180252 9.509769 -1.0845734 0.22325931 0.09315695 0.08735373 -0.5323691 994.51 
20150625180252 12.625224 -0.9935937 1.0606314 0.0076358155 0.17623462 -0.56382865 994.51 
20150625180252 15.1774435 0.31483752 -0.7038953 0.20952678 0.3484986 -0.20647246 994.51 
20150625180252 14.582484 0.99898064 -0.6410475 0.30726522 0.47158796 0.07666359 994.51 
20150625180252 11.016919 0.7290344 -1.210269 0.027183503 0.12980886 0.20861048 994.51 
20150625180252 7.506421 -0.10354923 -0.6619968 -0.17959438 -0.064751714 0.3304781 994.52 
20150625180252 4.8907557 -0.599149 -0.02633622 -0.27763826 0.003970624 0.3848451 994.52 
20150625180252 4.0138793 -0.5446809 0.5231331 -0.31642818 0.21502456 0.3717115 994.52 
20150625180252 4.732738 -0.51475334 0.3890578 -0.28099802 0.29229903 0.30176744 994.52 
20150625180252 6.315904 -0.60333884 0.5243302 -0.20005837 0.15302174 0.21197024 994.52 
20150625180252 7.371747 -1.0001777 0.8619126 -0.19914207 -0.10934488 0.14752395 994.52 
20150625180252 8.710106 -1.3425486 1.2198458 -0.21533 -0.2275473 0.08552113 994.52 
20150625180252 9.685743 -1.572392 1.9339164 -0.26267207 -0.25045475 0.022602014 994.52 
20150625180252 8.040328 -1.0893618 1.8854338 -0.31764993 -0.13500121 -0.07880162 994.52 
20150625180252 8.136695 -1.0307038 2.0003555 -0.34238997 0.07880162 -0.12767084 994.44 
20150625180252 9.507375 -0.0664391 2.3385365 -0.26847526 0.2565634 -0.15790866 994.44 
20150625180252 11.273697 -0.3716998 1.6525977 -0.28313604 0.37690386 -0.12308934 994.44 
20150625180252 12.890382 -2.0626047 1.745373 -0.2724459 0.39064834 -0.12156218 994.44 
20150625180252 13.272257 -1.5987282 2.6198552 -0.20647246 0.24495697 -0.110872045 994.44 
20150625180252 13.761272 -0.10414778 1.3443443 -0.35430184 0.05681047 -0.0290161 994.44 
20150625180252 13.93186 0.60573304 -1.963844 -0.5225952 0.27122417 0.022602014 994.44 
20150625180252 11.079168 -2.8526914 -3.572149 -0.6783658 0.47616947 -0.040927973 994.44 
20150625180252 8.050503 -3.0029275 -2.9287071 -0.68600166 0.47891834 0.19242255 994.44 
20150625180252 9.982624 -0.3597288 -0.6967127 -0.23793201 0.14294247 0.5705481 994.53 
20150625180252 12.768278 4.903325 1.4526819 -0.24648413 -0.031154128 0.5552765 994.53 
20150625180252 13.406332 3.2363622 1.3706805 -0.5357288 0.2846632 0.2415972 994.53 
20150625180252 12.986749 -2.3373394 0.5057751 -0.43951756 0.46303585 -0.122478485 994.53 
20150625180252 10.694301 -4.987122 0.11791443 -0.22968534 0.19700404 -0.06078109 994.53 
20150625180253 9.731832 -3.3991678 0.9235633 -0.10567969 0.06047566 -0.04520403 994.53 
20150625180253 8.246828 -0.7140707 0.7128736 0.1863139 0.01863139 -0.03145956 994.53 
20150625180253 7.201759 0.9283517 0.53450555 0.58062744 0.07147124 -0.08674286 994.53 
20150625180253 6.535572 1.3910311 0.37948096 0.75502944 0.12767084 -0.106901415 994.53 
20150625180253 6.963536 0.88765025 0.5141548 0.7449502 -0.042760566 -0.113926366 994.5 
20150625180253 7.9331875 0.45429978 0.74758947 0.6114761 -0.14538592 -0.07513642 994.5 
20150625180253 8.249821 0.39504328 0.8158242 0.48166725 -0.3100141 -0.03940081 994.5 
20150625180253 8.151658 0.092775315 1.0552444 0.4813618 -0.39553526 0.01863139 994.5 
20150625180253 8.175002 0.19692309 1.3617022 0.52473325 -0.35918877 0.08002335 994.5 
20150625180253 8.576629 0.30466217 1.8794483 0.573297 -0.30695978 0.17134771 994.5 
20150625180253 8.643666 -0.05267244 2.1619642 0.5815437 -0.2443461 0.22999077 994.5 
20150625180253 8.724471 -0.16460137 1.685518 0.5717699 -0.14110987 0.27000242 994.5 
20150625180253 9.042301 -0.65900403 0.90620536 0.5644395 -0.046120327 0.3155119 994.5 
20150625180253 9.773131 -0.6302736 -0.4902128 0.6068946 -0.034513887 0.29718593 994.5 
20150625180253 11.479 0.8367735 0.46088383 0.64996064 -0.12308934 0.28221974 994.5 
20150625180253 12.650363 0.7248446 2.7383683 0.5317582 -0.30268374 0.25259277 994.5 
20150625180253 12.145186 -0.8218097 3.5889084 0.41783184 -0.4016439 0.12583824 994.5 
20150625180253 11.727399 -2.7670987 1.2802993 0.5384777 -0.23090707 0.02107485 994.5 
20150625180253 15.019425 -2.3654714 -0.8218097 0.7797695 0.18997909 0.018020526 994.5 
