20150625181912 13.0202675 0.7733272 0.50637364 0.21288654 -0.06566802 0.14172074 994.73 
20150625181912 17.132309 2.9819782 5.029619 0.19272798 -0.11362094 0.23579398 994.73 
20150625181912 13.67987 0.08559271 4.3640313 0.048563786 -0.22479841 0.0070249503 994.67 
20150625181912 11.7268 -1.7537527 1.4670471 0.27152961 -0.12034045 -0.30695978 994.67 
20150625181912 13.888165 1.0582372 -2.5192988 0.45570546 0.36774087 -0.064446285 994.67 
20150625181912 12.964004 4.0384197 -2.6060886 0.47708577 0.68386364 0.1731803 994.67 
20150625181912 8.137293 2.5677812 -4.5202527 0.14874569 0.13561209 -0.16432275 994.67 
20150625181912 8.713099 -0.6619968 -1.5927427 -0.044593163 -0.29565877 -0.29138273 994.67 
20150625181912 12.703035 -3.1214404 0.82599956 -0.13500121 -0.051618114 -0.2134974 994.67 
20150625181912 14.176068 -2.8652608 -0.107140526 0.21624629 0.20433442 -0.029932396 994.67 
20150625181912 13.845669 -0.98820674 -0.48602295 0.35246924 0.58001655 0.081855945 994.67 
20150625181912 11.723208 0.87328506 -0.521936 0.2098322 0.47983465 0.07666359 994.66 
20150625181912 8.8364 1.0630256 -0.4309563 -0.032375857 0.16737708 0.110872045 994.66 
20150625181912 6.558317 0.60812724 -0.18016368 -0.1563815 0.15454891 0.23060162 994.66 
20150625181912 4.8799815 -0.35254622 -0.19931729 -0.1826487 0.10995574 0.34330627 994.66 
20150625181912 4.693234 -0.878672 -0.044891283 -0.16676621 0.12370021 0.4373795 994.66 
20150625181912 5.3402667 -1.0875661 0.23642741 -0.1554652 0.069027774 0.34880406 994.66 
20150625181912 6.344036 -0.8774749 0.54647654 -0.12644911 -0.10751228 0.2134974 994.66 
20150625181912 6.908469 -0.7350199 0.61291564 -0.13927728 -0.29138273 0.14019357 994.66 
20150625181912 7.6931686 -0.9528923 0.45429978 -0.15790866 -0.35216382 0.087964594 994.66 
20150625181912 8.773552 -1.4628572 1.1677719 -0.18753563 -0.36041048 0.008857546 994.66 
20150625181912 9.791088 -1.7351977 1.6352397 -0.25809056 -0.2919936 -0.09407325 994.66 
20150625181912 10.423756 -2.381632 1.9129672 -0.33933565 -0.20922135 -0.21930063 994.66 
20150625181912 11.148601 -1.9692309 2.566584 -0.29901853 -0.08979719 -0.30818152 994.66 
20150625181912 11.566987 -1.1947067 2.381632 -0.23579398 -0.003970624 -0.2929099 994.66 
20150625181912 12.150574 -1.3000516 2.5139117 -0.16768251 0.110872045 -0.24098633 994.66 
20150625181912 12.548011 -1.555034 2.9251158 -0.0711658 0.22968534 -0.20586158 994.66 
20150625181912 12.569559 -0.8810662 2.3068132 -0.0033597588 0.26419923 -0.0842994 994.66 
20150625181912 13.702615 0.76075757 -0.7326257 -0.081855945 0.344528 0.04642576 994.66 
20150625181912 13.116035 -1.3084313 -2.3750482 -0.35796702 0.40683624 0.047647487 994.68 
20150625181912 9.416994 -2.7497406 -3.6373909 -0.4804455 0.2959642 0.20280726 994.68 
20150625181912 7.0503254 -1.9333179 -2.1871033 -0.11056661 -0.09407325 0.50732356 994.68 
20150625181912 10.210671 1.2503718 1.4443022 -0.16646078 -0.06261369 0.5006041 994.68 
20150625181912 13.046603 0.87927055 1.751957 -0.50579643 0.23365596 0.2507602 994.68 
20150625181912 14.538191 -1.8411411 0.9223662 -0.38728857 0.5002986 0.0015271631 994.68 
20150625181913 12.87482 -2.1535845 -0.092176765 -0.12461651 0.122783914 -0.0076358155 994.68 
20150625181913 10.29387 -1.7202339 -0.39504328 0.079107046 -0.064751714 -0.09712757 994.68 
20150625181913 7.7410526 -1.0109516 -0.10594343 0.3594942 -0.030848695 -0.31123585 994.68 
20150625181913 5.29777 -1.2545617 -0.5602432 0.64996064 0.12858713 -0.5213735 994.7 
20150625181913 4.006098 -0.088585466 -0.516549 0.7703011 0.22327125 -0.6068946 994.7 
20150625181913 3.6984432 0.62009823 -0.48362875 0.6426302 0.09193522 -0.5323691 994.7 
20150625181913 5.5982423 1.021127 0.47405192 0.51893 -0.110872045 -0.38820487 994.7 
20150625181913 7.73806 0.89662856 1.3652935 0.43860126 -0.49235737 -0.19028452 994.7 
20150625181913 7.992444 0.19871874 0.94570965 0.51007247 -0.84482664 -0.07941248 994.7 
20150625181913 7.869741 -0.28072014 1.1468226 0.7049385 -0.7706065 -0.036957346 994.7 
20150625181913 9.075222 -0.2172738 1.2270284 0.79198676 -0.40469822 0.015271631 994.7 
20150625181913 10.916363 0.11911154 1.4909891 0.86406887 -0.2125811 0.09437868 994.7 
20150625181913 12.091916 0.49799395 0.06464344 0.979217 -0.20861048 0.15424347 994.78 
20150625181913 11.805809 1.5975311 -0.6985083 0.95905846 -0.32620203 0.1386664 994.78 
20150625181913 14.08449 3.280655 3.0813377 0.55833083 -0.28496864 0.17928895 994.78 
20150625181913 14.247894 1.0049661 4.3514614 0.27855456 -0.14782938 0.1685988 994.78 
20150625181913 13.745112 -1.9620483 -1.4191631 0.45478916 -0.121256754 -0.07849618 994.78 
20150625181913 14.873978 -0.37469256 -3.7062242 0.58368176 0.04153884 -0.04886922 994.78 
20150625181913 12.588114 3.1280246 -1.3736732 0.32834008 0.47433686 -0.07452556 994.78 
20150625181913 6.805518 1.3329718 -1.0989386 0.2312125 -0.3182608 -0.34697145 994.78 
20150625181913 8.185776 -1.2360066 0.62129533 0.07941248 -0.30115658 -0.54825157 994.78 
20150625181913 12.962208 -1.501763 0.39983168 0.25717425 0.28160888 -0.07360926 994.7 
20150625181913 16.365566 -1.4203602 0.33518824 0.53023106 0.4999932 0.32467487 994.7 
20150625181913 15.627553 -1.7884687 -1.3192052 0.636827 0.3390302 0.37201694 994.7 
20150625181913 11.686098 -1.7501614 -1.543063 0.66737026 -0.032986723 0.18142697 994.7 
20150625181913 7.73387 0.08020575 -1.0229226 0.41416663 0.013133603 0.11575896 994.7 
20150625181913 4.621408 1.0720038 -0.3489549 0.26206118 0.12217305 0.21777347 994.7 
20150625181913 3.039439 1.3341689 -0.7212533 0.20311269 0.1414153 0.43799037 994.7 
20150625181913 4.11264 0.60693014 -0.06823475 0.22815818 0.105068825 0.5329799 994.7 
20150625181913 5.959168 -0.830788 0.18974048 0.2302962 -0.090713486 0.47433686 994.7 
20150625181913 6.317101 -1.4041992 -0.038307227 0.22815818 -0.30665436 0.34300083 994.68 
20150625181913 6.7109475 -0.45669398 0.05566519 0.17898351 -0.39400807 0.23518312 994.68 
20150625181913 8.960898 0.31783026 0.7422025 -0.02076942 -0.38912117 0.16554448 994.68 
20150625181913 9.943718 -0.5069722 1.3150153 -0.20525073 -0.26633725 0.10293079 994.68 
20150625181913 10.682928 -2.4468741 1.2743138 -0.4196644 -0.105068825 0.035430185 994.68 
20150625181913 11.439496 -2.8892028 1.6962919 -0.49510628 0.124005646 -0.021380283 994.68 
20150625181913 11.359888 -3.2956185 1.9273324 -0.5045747 0.15607607 -0.12156218 994.68 
20150625181913 11.963826 -3.7828386 2.4762032 -0.4166101 0.20341812 -0.22540927 994.68 
20150625181913 12.476185 -3.105878 2.8939912 -0.09773844 0.25381452 -0.2855795 994.68 
20150625181913 13.491925 0.41180268 1.1246762 0.05467244 0.17531833 -0.04795292 994.72 
20150625181913 13.293206 2.211644 -3.1711202 -0.026572637 0.26847526 0.18295415 994.72 
20150625181913 10.250176 -1.091756 -3.3051953 -0.16737708 0.42577308 0.2489276 994.72 
20150625181913 8.622718 -2.4121583 -2.8580782 0.009773844 0.41172317 0.5195409 994.72 
20150625181913 11.271901 -1.1109096 -1.5370775 0.065973446 -0.081855945 0.6640105 994.72 
20150625181913 14.041993 -0.14544775 0.11492168 -0.17989981 0.11301007 0.49754974 994.72 
20150625181913 16.2279 0.4770447 0.34356794 -0.32375857 0.30482176 0.12461651 994.72 
20150625181913 14.325108 1.1091139 -0.3705027 -0.34269542 0.2828306 -0.037873644 994.72 
20150625181913 10.806828 0.3465607 -0.2813187 -0.29352075 0.08277224 -0.16584991 994.72 
20150625181913 7.8050976 -1.0360907 0.25378537 -0.05589417 0.04734206 -0.36957347 994.73 
20150625181913 5.057751 -2.8263552 -0.049679685 0.23518312 0.065973446 -0.5739079 994.73 
20150625181913 4.3077674 -3.0125043 -0.077213004 0.42485678 0.21380283 -0.70616025 994.73 
20150625181914 4.6980224 -0.16519992 0.31902736 0.44073927 0.18906279 -0.64568454 994.73 
20150625181914 4.466982 1.7651252 0.0077811554 0.3585779 -0.023823744 -0.5161811 994.73 
20150625181914 5.0721164 2.2888567 0.59855044 0.36682457 -0.20738874 -0.39614612 994.73 
20150625181914 5.6084175 1.484405 1.1725603 0.32467487 -0.34483343 -0.19211712 994.73 
20150625181914 6.000468 -0.39025488 1.0319009 0.2602286 -0.45723262 -0.07513642 994.73 
20150625181914 8.070854 -1.0893618 1.1168951 0.37995818 -0.40500367 3.0543262E-4 994.73 
20150625181914 10.96305 -0.40282443 1.5292963 0.5842926 -0.29901853 0.16554448 994.74 
20150625181914 12.124237 0.38606504 0.45429978 0.7131852 -0.27000242 0.22296582 994.74 
20150625181914 12.874221 1.83336 -0.33638534 0.7867944 -0.23732115 0.26419923 994.74 
20150625181914 15.138537 2.9747956 2.926313 0.5009095 -0.22815818 0.30451632 994.74 
20150625181914 15.212758 0.44472298 5.1678843 0.20066923 -0.20891592 0.122783914 994.74 
20150625181914 13.146562 -2.1631613 1.666963 0.26725355 -0.16829337 -0.12644911 994.74 
20150625181914 14.037205 -0.5069722 -4.0342298 0.41233405 0.05009095 -0.1459968 994.74 
20150625181914 11.33894 2.9939492 -3.876811 0.42852196 0.63529986 -0.0076358155 994.74 
20150625181914 8.446145 3.4380736 -3.4452562 0.39522982 0.32253686 -0.310625 994.74 
20150625181914 10.216059 1.1174936 0.3298013 0.013744468 -0.20586158 -0.45051312 994.81 
20150625181914 14.067731 -1.352724 1.003769 -0.18203785 -0.040011674 -0.31703907 994.81 
20150625181914 15.412673 -1.4891934 -0.1945289 0.17715092 0.28496864 0.027488936 994.81 
20150625181914 14.143148 -0.9600749 -0.38187516 0.18417588 0.36193767 0.1020145 994.81 
20150625181914 11.426927 -0.47046062 -1.0582372 0.04153884 0.23762658 0.20005837 994.81 
20150625181914 8.130709 -0.027533319 -0.82360536 -0.07819075 0.23762658 0.30665436 994.81 
20150625181914 5.199009 0.47764325 -0.44951138 -0.14660765 -0.030848695 0.37598756 994.81 
20150625181914 3.469797 0.5907693 -0.24001873 -0.18967366 0.12583824 0.44012842 994.81 
20150625181914 3.3345244 -0.18614918 -0.2208651 -0.18081611 0.20586158 0.51007247 994.81 
20150625181914 4.8841715 -0.7308301 -0.25797522 -0.08827003 0.07147124 0.41050145 994.67 
20150625181914 6.381745 -1.0259154 0.05865794 -0.054367006 -0.21166481 0.31856623 994.67 
20150625181914 7.717709 -0.79966336 0.27832595 -0.10445796 -0.3921755 0.18936823 994.67 
20150625181914 9.633071 -0.86131406 0.96665895 -0.17959438 -0.45112398 0.111177474 994.67 
20150625181914 9.967062 -1.3694834 1.4526819 -0.30085114 -0.32284227 0.028099801 994.67 
20150625181914 9.276335 -2.1230583 1.2276269 -0.32711834 -0.046731193 -0.032070424 994.67 
20150625181914 9.850345 -2.2469583 1.9716251 -0.28160888 0.21655174 -0.07422013 994.67 
20150625181914 10.992378 -2.2942438 1.5735891 -0.24556783 0.3643811 -0.10170906 994.67 
20150625181914 12.803592 -2.939481 3.34051 -0.14660765 0.3903429 -0.13622294 994.67 
20150625181914 12.977172 -2.4474726 3.3614593 0.005192355 0.3136793 -0.12308934 994.7 
20150625181914 12.71381 0.024540568 1.6490064 0.058948494 0.08155051 0.10415252 994.7 
20150625181914 13.078925 2.1697452 -1.9333179 -0.029626964 0.14569137 0.28160888 994.7 
20150625181914 10.707469 -1.3946224 -3.5194764 -0.17592919 0.34055737 0.20677789 994.7 
20150625181914 9.432556 -2.3864205 -2.8640637 -0.2611449 0.3594942 0.32253686 994.7 
20150625181914 10.516531 -0.6697779 -2.3690627 -0.004581489 -0.015882496 0.6899723 994.7 
20150625181914 13.624205 1.282095 0.05566519 -0.0870483 -0.12858713 0.59620446 994.7 
20150625181914 15.837645 0.5847838 1.0839748 -0.35796702 0.172264 0.3820962 994.7 
20150625181914 14.7716255 -0.5566519 0.25857377 -0.3494149 0.2510656 0.062308256 994.7 
20150625181914 11.352706 -0.9995792 0.08499416 -0.226631 0.10842858 -0.15485434 994.74 
20150625181914 8.085817 -1.0342951 -0.11312603 -0.044593163 0.07574729 -0.32895094 994.74 
20150625181914 5.683835 -1.5310919 -0.09816227 0.19456059 0.09712757 -0.5708536 994.74 
20150625181914 4.3879733 -1.1976994 0.1388637 0.3594942 0.14996742 -0.70921457 994.74 
20150625181914 4.584896 0.61890113 0.2777274 0.4175264 0.12095132 -0.63529986 994.74 
20150625181914 4.262876 1.1252748 -0.16639702 0.30390546 -0.15149458 -0.52626044 994.74 
20150625181914 5.544971 0.7338228 0.5267244 0.226631 -0.2855795 -0.44135013 994.74 
20150625181914 6.685808 0.25677812 1.2623428 0.19456059 -0.45234573 -0.23182335 994.74 
20150625181915 7.563283 -0.046686932 0.9504981 0.2284636 -0.6453791 -0.105374254 994.74 
20150625181915 9.033921 0.05267244 1.1282675 0.4034765 -0.6264423 0.0143553335 994.66 
20150625181915 9.763555 0.1340753 1.401805 0.5861252 -0.44104472 0.14477506 994.66 
20150625181915 10.295067 0.76075757 1.5388732 0.6792821 -0.1908954 0.19700404 994.66 
20150625181915 11.01632 0.87927055 -0.48722005 0.6404922 -0.0036651916 0.20922135 994.66 
20150625181915 14.830284 4.006098 3.0753522 0.36132678 0.049480084 0.2593123 994.66 
20150625181915 14.713567 0.65660983 5.4402246 -0.056505036 -0.034513887 0.17562376 994.66 
20150625181915 12.143391 -3.4757824 1.5837644 0.0012217305 -0.10873401 -0.21288654 994.66 
20150625181915 13.281236 -2.9364884 -4.3329067 0.3475823 0.013439035 -0.26358834 994.66 
20150625181915 13.4661875 1.6885108 -2.4468741 0.49632803 0.61086524 0.03268129 994.66 
20150625181915 9.019556 0.78050977 -3.3494883 0.54336464 0.42943826 -0.2489276 994.73 
20150625181915 11.871051 0.2160767 0.40282443 0.5128214 -0.28710666 -0.46303585 994.73 
20150625181915 13.820529 0.04369418 1.0295067 0.2171626 0.036957346 -0.3998113 994.73 
20150625181915 14.892533 0.6572084 -0.7386112 0.25503623 0.22540927 -0.08827003 994.73 
20150625181915 14.18325 0.23582886 -0.94690675 0.2950479 0.41630468 0.110872045 994.73 
20150625181915 10.891224 -0.53689975 -1.3084313 0.17898351 0.16340645 0.18203785 994.73 
20150625181915 7.86196 -0.75477207 -0.6823475 0.0143553335 0.03726278 0.3115413 994.73 
20150625181915 4.8578353 -0.6536171 -0.39444473 -0.12950343 0.04795292 0.4175264 994.73 
20150625181915 3.5224693 -0.110731825 -0.053869538 -0.16523905 0.10751228 0.4560109 994.73 
20150625181915 3.5087025 0.019752163 0.037708677 -0.13194689 0.1908954 0.46181414 994.69 
20150625181915 4.75668 -0.006584055 -0.24121583 -0.0421497 0.029932396 0.35277468 994.69 
20150625181915 5.7670336 -0.28072014 -0.42796355 -0.041233405 -0.2593123 0.24251351 994.69 
20150625181915 7.4561424 -0.46627077 -0.35793316 -0.11453723 -0.4474588 0.18051068 994.69 
20150625181915 8.827422 -0.9295488 0.40940848 -0.28863382 -0.45631635 0.12950343 994.69 
20150625181915 9.207501 -1.3802572 1.1731589 -0.41630468 -0.29840767 6.1086525E-4 994.69 
20150625181915 9.725846 -2.473809 1.2838906 -0.44257188 -0.02107485 -0.056505036 994.69 
20150625181915 10.527305 -2.6366146 1.6065093 -0.3115413 0.16584991 -0.09712757 994.69 
20150625181915 11.195886 -1.9746178 1.9369092 -0.24587326 0.2510656 -0.12522738 994.69 
20150625181915 12.221801 -2.2942438 2.795829 -0.14660765 0.2452624 -0.18845193 994.61 
20150625181915 13.376405 -1.5490485 3.8043866 -0.03145956 0.15118915 -0.19486602 994.61 
20150625181915 12.4630165 0.8714894 2.5540147 -0.033292156 0.020463986 -0.022602014 994.61 
20150625181915 11.7782755 2.4492683 -1.2246342 -0.20158553 0.11148291 0.14844026 994.61 
20150625181915 10.381259 -0.43634325 -3.8792052 -0.5366451 0.2919936 0.010079277 994.61 
20150625181915 8.645462 -2.908955 -3.3213563 -0.82863873 0.40744713 -0.0021380284 994.61 
20150625181915 9.405023 -2.4941597 -2.4516625 -0.6612616 0.16126843 0.35827246 994.61 
20150625181915 13.10167 -0.29328972 -0.18016368 -0.27305678 -0.2611449 0.59803706 994.61 
20150625181915 16.469713 1.021127 0.63206923 -0.20280726 -0.060170226 0.61483586 994.61 
20150625181915 16.092627 0.34596214 -0.025139118 -0.13836098 0.039095376 0.33964106 994.68 
20150625181915 12.846687 -0.599149 0.05805939 -0.1001819 -0.08674286 0.017104227 994.68 
20150625181915 8.91481 -1.1025299 -0.025737667 0.042760566 -0.051618114 -0.26267207 994.68 
20150625181915 6.4828997 -1.6645688 0.4950012 0.18387043 0.1001819 -0.45448375 994.68 
20150625181915 4.611831 -2.006341 0.30107087 0.37323865 0.19028452 -0.63346726 994.68 
20150625181915 4.2251673 -0.45848963 0.30825347 0.49388456 0.17073683 -0.6258314 994.68 
20150625181915 4.0479965 1.1258733 -0.2124854 0.49449542 -0.0290161 -0.52626044 994.68 
20150625181915 4.3754034 1.453879 -0.10474633 0.35888332 -0.26450464 -0.4361578 994.68 
20150625181915 6.0124393 0.96546185 0.79008657 0.22418754 -0.39828414 -0.32986724 994.68 
20150625181915 7.426215 0.074818805 1.5436616 0.17501289 -0.4822781 -0.1704314 994.66 
20150625181915 8.590396 -0.28909984 1.8620903 0.25259277 -0.5882632 -0.069027774 994.66 
20150625181915 9.38168 -0.050278235 1.7818847 0.408058 -0.5036584 0.061086524 994.66 
20150625181915 9.375095 -0.047884032 0.9271546 0.55833083 -0.310625 0.16401732 994.66 
20150625181916 10.126276 -0.21787235 0.52073884 0.6575964 -0.11575896 0.15393804 994.66 
20150625181916 12.24275 0.47465047 -0.05566519 0.68691796 -0.038789943 0.1600467 994.66 
20150625181916 14.7315235 3.0705638 2.4366987 0.45875978 -0.10262536 0.23884831 994.66 
20150625181916 14.225748 -0.19991584 4.0186677 0.22540927 -0.20708331 0.112704635 994.66 
20150625181916 13.057378 -1.8249803 -0.9415198 0.42180246 -0.14721853 -0.18325958 994.66 
20150625181916 15.036185 0.6721721 -4.473566 0.5900958 0.14508049 -0.1459968 994.71 
20150625181916 11.090541 3.3632548 -2.645593 0.464563 0.62858033 -0.08307768 994.71 
20150625181916 8.907627 0.2208651 -1.2246342 0.2828306 0.070249505 -0.46211955 994.71 
20150625181916 12.164939 -1.9895816 0.35075054 0.18478674 0.007941248 -0.5338962 994.71 
20150625181916 14.760254 -1.477821 0.25079262 0.21777347 0.29810223 -0.22449298 994.71 
20150625181916 15.781979 -0.7386112 -0.3812766 0.4999932 0.5149594 0.112399206 994.71 
20150625181916 13.90313 -0.30166942 -1.5095441 0.5879578 0.38148534 0.16462818 994.71 
20150625181916 10.209475 -0.059855044 -1.3323733 0.43218717 0.03359759 0.22632557 994.71 
20150625181916 6.570288 0.6326678 -0.9091981 0.11056661 -0.12370021 0.3042109 994.71 
20150625181916 3.2094274 0.60094464 -0.42078096 -0.008246681 -0.015577064 0.4111123 994.68 
20150625181916 2.006341 0.40940848 -0.5327099 -0.025045475 0.2284636 0.5045747 994.68 
20150625181916 2.8856115 -0.30945057 -0.5267244 0.007330383 0.2770274 0.539394 994.68 
20150625181916 5.367202 -0.97384155 -0.14664486 0.052534413 0.025045475 0.4251622 994.68 
20150625181916 6.669049 -0.97264445 0.3788824 -0.013744468 -0.3717115 0.25381452 994.68 
20150625181916 7.8206596 -0.6757634 -0.0047884034 -0.08979719 -0.5815437 0.15760323 994.68 
20150625181916 9.041702 -0.62249243 1.1025299 -0.21197024 -0.45723262 0.05589417 994.68 
20150625181916 9.178172 -0.9247604 1.3180081 -0.39278635 -0.19730948 -0.015271631 994.68 
20150625181916 9.224859 -2.2008698 0.985214 -0.43218717 0.06994407 -0.05681047 994.68 
20150625181916 11.149797 -2.7694929 2.2852654 -0.44104472 0.21563543 -0.13072516 994.69 
20150625181916 12.421717 -3.043629 2.3588872 -0.45753807 0.22449298 -0.16401732 994.69 
20150625181916 13.439851 -3.2082303 3.2956185 -0.23854288 0.14935656 -0.19822577 994.69 
20150625181916 13.227964 -2.4001873 3.526659 -0.0842994 0.09193522 -0.14874569 994.69 
20150625181916 12.233173 1.3323733 -0.3657143 -0.013439035 0.121256754 0.09010262 994.69 
20150625181916 11.514315 0.4914099 -3.9079356 -0.070554934 0.34330627 0.11759156 994.69 
20150625181916 9.225458 -3.1160536 -3.6822822 -0.26145032 0.45845437 0.10262536 994.69 
20150625181916 9.637859 -2.5600002 -2.2337902 -0.28252518 0.34605515 0.45081854 994.69 
20150625181916 12.695254 0.108337626 -0.7026982 -0.07269296 -0.14110987 0.6872234 994.69 
20150625181916 16.810886 0.45848963 0.037110128 -0.1151481 0.102319926 0.5155703 994.65 
20150625181916 16.754025 -0.3728969 -0.31124622 -0.10445796 0.32528573 0.30665436 994.65 
20150625181916 13.670293 -0.3184288 -0.3800795 -0.09743301 0.15271631 0.016798794 994.65 
20150625181916 10.6637745 -0.51355624 0.0724246 0.05375614 -0.025045475 -0.20616703 994.65 
20150625181916 7.880515 -1.0588357 0.5710171 0.2782491 -0.019547688 -0.36835176 994.65 
20150625181916 4.770447 -1.4131776 -0.0712275 0.54061574 0.08582657 -0.49541172 994.65 
20150625181916 3.767875 -1.299453 -0.22685061 0.7666359 0.27183503 -0.6401868 994.65 
20150625181916 4.322731 0.22385786 -0.04249708 0.732122 0.3051272 -0.5900958 994.65 
20150625181916 4.1359835 1.3186066 -0.44711718 0.5516113 -0.10934488 -0.44348818 994.65 
20150625181916 5.194819 1.472434 0.53689975 0.40744713 -0.25411993 -0.28985557 994.67 
20150625181916 6.1405287 0.40701428 1.3844471 0.33505958 -0.33536503 -0.10781772 994.67 
20150625181916 7.273585 -0.1604115 1.9883845 0.37018433 -0.38423425 -0.06994407 994.67 
20150625181916 8.480263 0.12749124 1.9764135 0.4447099 -0.28588495 -0.029932396 994.67 
20150625181916 9.033921 0.22804771 0.9804256 0.56199604 -0.2510656 0.05467244 994.67 
20150625181916 9.934141 -0.0053869537 0.7212533 0.68569624 -0.1572978 0.099265605 994.67 
20150625181916 12.069769 0.3429694 -0.28191724 0.70646566 -0.1255328 0.1469131 994.67 
20150625181916 15.180436 3.1561563 1.8417397 0.5213735 -0.15821409 0.24801129 994.67 
20150625181917 17.046118 2.8628666 5.5725045 0.16982053 -0.27000242 0.1563815 994.67 
20150625181917 13.079524 -1.5179238 3.0352492 0.30695978 -0.3549127 -0.27366763 994.67 
20150625181917 11.672332 -2.2427685 -2.5222914 0.42852196 -0.043066 -0.33292156 994.67 
20150625181917 11.376049 2.2744915 -2.369661 0.31764993 0.49327368 -0.02565634 994.67 
20150625181917 8.531737 1.869273 -3.630807 0.2855795 0.3857614 -0.20799962 994.67 
20150625181917 9.733627 0.5093664 -1.9219455 0.04550946 -0.22968534 -0.48258355 994.67 
20150625181917 16.375742 -2.9059622 0.49081135 -0.19822577 -0.004276057 -0.5006041 994.67 
20150625181917 16.023794 -2.4768016 -0.89603 0.12797627 0.11759156 -0.39920044 994.67 
20150625181917 15.075091 -1.0301052 -0.5231331 0.3921755 0.2134974 -0.05681047 994.67 
20150625181917 11.191696 0.7679402 -0.91817635 0.3295618 0.5027421 0.04734206 994.67 
20150625181917 7.629722 1.4975731 -0.34596214 0.11881329 0.3408628 0.23640485 994.74 
20150625181917 4.7381253 0.8463503 -0.11611878 -0.05681047 0.22510384 0.3631594 994.74 
20150625181917 3.0699651 -0.48841715 -0.56802434 -0.0711658 0.07941248 0.4896085 994.74 
20150625181917 3.1489737 -1.1965023 -0.62728083 -0.05375614 0.09010262 0.5491679 994.74 
20150625181917 4.460996 -0.8122329 -0.36272156 -0.10140363 0.05009095 0.49663344 994.74 
20150625181917 6.0860605 -0.3226187 0.5847838 -0.111177474 -0.19394971 0.3659083 994.74 
20150625181917 6.9102645 -0.3812766 0.2645593 -0.13041973 -0.44532076 0.2443461 994.74 
20150625181917 8.907029 -0.6183026 0.6266823 -0.14202617 -0.46273044 0.11759156 994.74 
20150625181917 9.464279 -1.127669 1.2366052 -0.2846632 -0.34025195 0.054061573 994.74 
20150625181917 9.1512375 -1.9818004 1.4526819 -0.35705075 -0.18692477 -0.04917465 994.69 
20150625181917 9.159617 -2.7778726 2.2601264 -0.33628133 0.06352998 -0.101098195 994.69 
20150625181917 10.412383 -1.7411832 3.1364043 -0.25534168 0.20097467 -0.13225232 994.69 
20150625181917 10.817602 -0.95827925 2.4522612 -0.25289822 0.29229903 -0.13622294 994.69 
20150625181917 12.744934 -1.9949685 3.7630866 -0.11484267 0.31642818 -0.24037547 994.69 
20150625181917 14.713567 -1.039682 4.347272 -0.077579886 0.17837265 -0.16157386 994.69 
20150625181917 14.183849 0.6254852 1.809418 -0.20647246 0.079107046 0.10873401 994.69 
20150625181917 14.668675 0.99898064 -3.0334535 -0.4288274 0.1908954 0.14660765 994.69 
20150625181917 9.391256 -4.3424835 -3.3650506 -0.6536258 0.11636983 0.12767084 994.69 
20150625181917 8.02297 -2.4702177 -2.7886465 -0.40591997 -0.16768251 0.47311515 994.71 
20150625181917 10.59554 0.32441434 -1.7082629 0.01038471 -0.29046643 0.6954701 994.71 
20150625181917 14.987104 1.074398 1.6418238 -0.21868975 0.23151793 0.38453966 994.71 
20150625181917 17.186178 -1.282095 1.1288661 -0.32742378 0.48197266 0.16584991 994.71 
20150625181917 14.244902 -1.6065093 -0.16759412 -0.0143553335 0.29168814 0.10903945 994.71 
20150625181917 10.794258 -1.459266 -0.0035913025 0.34513888 -0.06841691 -0.035124753 994.71 
20150625181917 7.8948803 -0.8984242 -0.12808979 0.5519168 -0.15760323 -0.23243423 994.71 
20150625181917 5.5647235 -0.842759 -0.6931214 0.8155051 -0.07819075 -0.4560109 994.71 
20150625181917 4.281431 -0.25558102 -0.7272388 0.88606006 0.12461651 -0.569021 994.71 
20150625181917 4.3221326 0.9008184 -0.25139117 0.8533788 0.17073683 -0.49754974 994.67 
20150625181917 3.5895069 1.3012487 -0.56682724 0.6994407 -0.07941248 -0.4288274 994.67 
20150625181917 4.383185 1.3856442 0.1921347 0.5729916 -0.18936823 -0.3735441 994.67 
20150625181917 5.3079453 0.74519527 0.98102415 0.49449542 -0.2443461 -0.25350907 994.67 
20150625181917 5.9717374 -0.14664486 1.0845734 0.45998153 -0.43463063 -0.1600467 994.67 
20150625181917 7.433398 -0.52612585 1.2174516 0.48716503 -0.52503866 -0.071776666 994.67 
20150625181917 9.914988 -0.2693477 1.2078748 0.61941737 -0.4804455 0.10170906 994.67 
20150625181917 12.269685 0.53330845 1.2306197 0.7324274 -0.44806966 0.2751948 994.67 
20150625181917 13.017275 0.80804306 -0.1316811 0.8344419 -0.44226643 0.33169982 994.67 
20150625181917 13.060968 1.5945383 0.65660983 0.81581056 -0.41813725 0.28863382 994.74 
20150625181917 14.769232 2.1452048 3.4284968 0.4615087 -0.301462 0.2312125 994.74 
20150625181917 14.6842375 -0.17118542 4.395156 0.3912592 -0.17715092 -0.01038471 994.74 
20150625181917 12.598887 -1.8740613 0.60453594 0.43401974 -0.017104227 -0.1966986 994.74 
20150625181918 14.0312195 0.8242039 -3.614646 0.39064834 0.310625 -0.10720685 994.74 
20150625181918 9.942521 3.7954082 -2.5300727 0.41080686 0.54611355 -0.19792034 994.74 
20150625181918 7.2328835 1.3497312 -1.881244 0.2941316 -0.13988814 -0.45020768 994.74 
20150625181918 11.345523 -1.3395559 0.05207389 0.004581489 -0.28955013 -0.46517387 994.74 
20150625181918 15.200188 -0.6266823 -0.15023616 -0.01160644 0.06811147 -0.13805555 994.74 
20150625181918 16.412252 0.28909984 -0.32441434 0.20738874 0.18387043 0.18051068 994.69 
20150625181918 13.867216 -0.002992752 -1.1294646 0.15668693 0.2321288 0.21624629 994.69 
20150625181918 10.025121 -0.45310268 -0.8631097 -0.029321533 0.105374254 0.19975294 994.69 
20150625181918 6.716933 0.059855044 -0.44232875 -0.23884831 0.093462385 0.26358834 994.69 
20150625181918 3.7750576 0.6476316 -0.3172317 -0.33383787 0.12034045 0.38362336 994.69 
20150625181918 2.908955 0.57520694 -0.3477578 -0.37690386 0.24098633 0.473726 994.69 
20150625181918 4.3873744 0.047285482 0.0664391 -0.33017266 0.23548855 0.49510628 994.69 
20150625181918 5.393538 -0.7350199 0.059855044 -0.31398472 -0.0711658 0.38637227 994.69 
20150625181918 6.142923 -1.0139444 0.038905777 -0.31429017 -0.37751472 0.2678644 994.69 
20150625181918 7.9475527 -0.4866215 0.30765492 -0.35918877 -0.44715336 0.16310102 994.66 
20150625181918 9.515755 -0.6667852 1.1109096 -0.49663344 -0.45112398 0.112704635 994.66 
20150625181918 9.994595 -1.5969325 1.3066356 -0.5693264 -0.36682457 -0.019242255 994.66 
20150625181918 10.670957 -2.9771898 1.2904748 -0.52687126 -0.11484267 -0.06811147 994.66 
20150625181918 11.015123 -2.5725696 1.9027919 -0.4251622 0.102319926 -0.071776666 994.66 
20150625181918 10.48002 -2.4420857 1.5729905 -0.3454443 0.22174409 -0.118507855 994.66 
20150625181918 11.4377 -3.228581 2.778471 -0.17928895 0.44226643 -0.18661933 994.66 
20150625181918 12.942456 -2.1039047 3.1429882 -0.0027488936 0.42241332 -0.15821409 994.66 
20150625181918 14.860211 0.76434886 -0.020350715 -0.08032878 0.19394971 0.17654006 994.66 
20150625181918 14.013861 1.1677719 -4.052785 -0.15271631 0.24465153 0.269697 994.71 
20150625181918 10.456078 -2.1200657 -4.092888 -0.1337795 0.28496864 0.30604348 994.71 
20150625181918 9.180567 -0.40162733 -2.9101522 0.12095132 -0.0021380284 0.5742133 994.71 
20150625181918 12.958616 0.54887074 0.2861071 -0.2941316 -0.17165314 0.473726 994.71 
20150625181918 15.495274 -0.7769185 0.55006784 -0.4578435 0.23243423 0.28802297 994.71 
20150625181918 14.639945 -0.07062895 -1.0265139 -0.22388211 0.23671028 0.24037547 994.71 
20150625181918 11.8896055 0.060453594 -0.5758055 -0.09285152 0.09010262 0.07727446 994.71 
20150625181918 8.582016 0.18794483 -0.15382746 0.016187929 0.09010262 -0.24984388 994.71 
20150625181918 6.1848216 -0.13587095 0.11731588 0.1469131 0.032070424 -0.45906523 994.71 
20150625181918 4.696825 -0.78529817 -0.59017074 0.39003745 0.1133155 -0.58093286 994.68 
20150625181918 4.751293 -0.13587095 -0.50038815 0.49846604 0.10048734 -0.50640726 994.68 
20150625181918 5.088876 0.37110126 -0.046088383 0.37201694 -0.13072516 -0.39767328 994.68 
20150625181918 5.9902925 0.9995792 0.31783026 0.26297748 -0.43004912 -0.3912592 994.68 
20150625181918 6.482301 1.3186066 1.0139444 0.18020524 -0.51068336 -0.3051272 994.68 
20150625181918 6.505046 0.8726865 1.1869255 0.2321288 -0.50823987 -0.1777618 994.68 
20150625181918 6.5870476 0.13347675 1.1264719 0.3417791 -0.453262 -0.06566802 994.68 
20150625181918 7.837419 0.17956513 0.88765025 0.48380527 -0.34574974 0.05009095 994.68 
20150625181918 9.474455 0.44651863 1.3078327 0.45448375 -0.19333886 0.12339478 994.68 
20150625181918 11.434109 0.107739076 0.4878186 0.45234573 -0.14080444 0.17348573 994.72 
20150625181918 12.447454 1.5490485 -0.58538234 0.5326745 -0.21899518 0.204029 994.72 
20150625181918 15.179837 3.1854854 2.7886465 0.28680122 -0.29840767 0.25442538 994.72 
20150625181918 15.119983 0.110731825 5.4408236 0.06841691 -0.3268129 0.1020145 994.72 
20150625181918 13.067553 -2.6563668 0.8283938 0.25809056 -0.14202617 -0.17989981 994.72 
20150625181918 14.235325 -0.5081693 -5.3043537 0.4382958 0.24587326 -0.11728613 994.72 
20150625181918 12.734758 3.4524388 -3.3692403 0.3576616 0.75411314 -0.10934488 994.72 
20150625181918 8.760384 2.0907366 -3.3674448 0.25045475 0.22479841 -0.47311515 994.72 
20150625181918 10.510546 -0.24361002 0.093373865 0.043676864 0.038179077 -0.5177083 994.72 
20150625181919 14.999075 -0.23762453 -0.2705448 -0.16646078 0.1685988 -0.22174409 994.65 
20150625181919 15.968727 -0.005985504 -0.760159 0.013744468 0.27091873 0.08124508 994.65 
20150625181919 13.123219 -0.21547815 -1.54845 0.01038471 0.3399465 0.13713925 994.65 
20150625181919 9.312247 -0.29987377 -1.340753 -0.16707164 0.06566802 0.15363261 994.65 
20150625181919 5.9741316 0.18435353 -0.8206126 -0.32498032 0.022907447 0.2742785 994.65 
20150625181919 3.8696284 0.7858967 -0.7194576 -0.38637227 0.05131268 0.40530908 994.65 
20150625181919 3.2441432 0.35194764 -0.91937345 -0.42638394 0.2171626 0.49388456 994.65 
20150625181919 4.2437224 -0.6572084 -0.9259575 -0.37598756 0.23609942 0.47861293 994.65 
20150625181919 5.544971 -1.2755109 -0.61112 -0.33933565 -0.030848695 0.3368922 994.65 
20150625181919 6.3272767 -0.9103952 -0.51834464 -0.42485678 -0.32834008 0.18112154 994.67 
20150625181919 7.2831616 -0.38486794 0.08080431 -0.4813618 -0.40530908 0.112704635 994.67 
20150625181919 7.8942814 -0.17298107 1.0785879 -0.54641896 -0.3231477 0.06505715 994.67 
20150625181919 8.607155 -1.1899183 1.2318168 -0.6084218 -0.08979719 -0.007941248 994.67 
20150625181919 9.903017 -2.8886044 1.3000516 -0.5342017 0.15515977 -0.076052725 994.67 
20150625181919 12.217611 -2.7401638 2.4067712 -0.40042216 0.23243423 -0.10873401 994.67 
20150625181919 13.441049 -2.753332 2.9041667 -0.37018433 0.12461651 -0.10048734 994.67 
20150625181919 14.075512 -2.2230163 3.8989575 -0.17165314 -9.162979E-4 -0.13652839 994.67 
20150625181919 12.750321 -1.3198037 2.8987796 -0.010079277 -0.0421497 -0.08277224 994.67 
20150625181919 12.717999 0.8062474 1.0187328 0.119729586 0.087964594 0.07971791 994.71 
20150625181919 12.726379 1.8644845 -3.442862 -0.011911872 0.39614612 0.08552113 994.71 
20150625181919 10.231621 -2.3666685 -3.716998 -0.26236662 0.45142943 0.10170906 994.71 
20150625181919 8.891466 -3.0304608 -2.8772318 -0.1414153 0.14477506 0.376293 994.71 
20150625181919 10.790668 -1.5286977 -1.1228806 -0.076052725 -0.30543262 0.5381723 994.71 
20150625181919 13.639169 -1.0073603 1.1953052 -0.24129178 -0.058948494 0.29626966 994.71 
20150625181919 14.953586 -1.1360487 0.18435353 -0.1001819 0.3145956 0.15424347 994.71 
20150625181919 12.657546 0.23523031 -0.54408234 0.18051068 0.1994475 0.06536258 994.71 
20150625181919 9.184157 0.6218939 -0.51834464 0.321926 -0.006414085 -0.09773844 994.71 
20150625181919 6.821679 -0.31902736 0.0688333 0.4266894 -0.079107046 -0.3894266 994.76 
20150625181919 4.8853683 -1.8602947 -0.0700304 0.5152648 0.061086524 -0.51923543 994.76 
20150625181919 4.619014 -1.376666 -0.023942016 0.6774496 0.1908954 -0.5164866 994.76 
20150625181919 5.257068 -0.0700304 0.20410569 0.6563747 0.17287487 -0.4251622 994.76 
20150625181919 5.967548 1.5747862 0.59495914 0.54000485 -0.15057829 -0.42119157 994.76 
20150625181919 6.055535 1.8555063 0.6422446 0.41813725 -0.3640757 -0.3652974 994.76 
20150625181919 6.1596823 0.87927055 0.9708488 0.41874814 -0.45753807 -0.21594086 994.76 
20150625181919 6.7923503 -1.062427 0.700304 0.46639562 -0.38087448 -0.032986723 994.76 
20150625181919 9.266758 -1.4173675 0.9451111 0.569021 -0.2660318 0.020158553 994.76 
20150625181919 11.30961 0.078410104 0.85652566 0.6658431 -0.17898351 0.086132 994.72 
20150625181919 11.780669 1.6986861 -0.45729253 0.75686204 -0.24556783 0.12980886 994.72 
20150625181919 12.94066 3.1429882 1.0654198 0.6337727 -0.18997909 0.16035213 994.72 
20150625181919 14.714165 3.0711622 3.5296519 0.36468655 -0.13194689 0.2012801 994.72 
20150625181919 13.276447 -0.83018947 2.3900118 0.28221974 -0.09712757 -0.048258353 994.72 
20150625181919 13.58889 -2.260725 -4.136582 0.32986724 0.0067195175 -0.24190263 994.72 
20150625181919 14.457387 0.6979098 -3.7762547 0.23335053 0.5644395 -0.096516706 994.72 
20150625181919 10.524911 1.1252748 -2.4899697 0.17959438 0.6221663 -0.3286455 994.72 
20150625181919 9.043498 -0.6865373 -0.19871874 0.15577064 -0.26908615 -0.57635134 994.72 
20150625181919 13.037026 -0.45669398 1.0384849 0.0888809 0.19211712 -0.44440445 994.69 
20150625181919 15.166669 0.17776948 -0.6290765 0.19517145 0.4428773 -0.16462818 994.69 
20150625181919 15.107412 -0.41359833 -0.60932434 0.30757064 0.4016439 0.02687807 994.69 
20150625181919 10.213066 -0.92296475 -0.81163436 0.19150625 0.15821409 0.17989981 994.69 
20150625181919 6.582259 0.05746084 -0.5734113 0.036957346 -0.1908954 0.28130344 994.69 
20150625181919 3.244742 0.8122329 -0.37229836 -0.092240654 -0.22174409 0.36041048 994.69 
20150625181920 2.4384944 0.7858967 -0.16819267 -0.10995574 0.0076358155 0.4361578 994.69 
20150625181920 3.6768951 -0.23223756 -0.3693056 -0.029932396 0.22449298 0.46853364 994.69 
20150625181920 5.4264584 -1.1665748 -0.3345897 0.058337633 0.025961773 0.39614612 994.69 
20150625181920 6.691195 -1.3072342 -0.29209262 0.022296581 -0.22052236 0.2764165 994.67 
20150625181920 8.501212 -0.7757214 0.17896658 -0.106901415 -0.40653083 0.18753563 994.67 
20150625181920 9.598953 -0.45250413 1.1031284 -0.28771752 -0.39584067 0.13836098 994.67 
20150625181920 9.795278 -1.2090719 1.2072762 -0.40133846 -0.20005837 0.07422013 994.67 
20150625181920 10.765528 -2.2493525 1.6687586 -0.3744604 0.021991149 -0.017715093 994.67 
20150625181920 11.545439 -2.5833437 2.0266917 -0.2519819 0.1881465 -0.09865474 994.67 
20150625181920 12.190677 -3.6194344 2.0093338 -0.21410827 0.22479841 -0.15515977 994.67 
20150625181920 13.505692 -3.8151605 3.733159 -0.015271631 0.2574797 -0.17654006 994.67 
20150625181920 13.804967 -0.9840169 3.027468 0.08979719 0.12003502 -0.046731193 994.67 
20150625181920 12.62702 2.1033063 -0.1328782 0.057421334 0.1695151 0.2706133 994.75 
20150625181920 10.97502 2.7922378 -4.657321 -0.021991149 0.41599923 0.20311269 994.75 
20150625181920 8.635287 -2.6491842 -4.390966 -0.3005457 0.6041457 0.067500606 994.75 
20150625181920 9.394249 -3.0909145 -2.4756045 -0.17470746 0.32803464 0.48472157 994.75 
20150625181920 11.604097 -1.4640543 -0.65900403 -0.20677789 -0.3915646 0.70341134 994.75 
20150625181920 15.028404 -0.1340753 0.8523358 -0.1863139 -0.1572978 0.56016344 994.75 
20150625181920 15.965136 -0.1436521 0.35434186 0.044593163 0.1133155 0.35369098 994.75 
20150625181920 14.094067 0.3465607 -0.5674258 0.12858713 -0.01863139 0.067500606 994.75 
20150625181920 10.506954 0.16699557 -0.35314476 0.1337795 -0.07086037 -0.19364429 994.75 
20150625181920 5.9597664 -0.22804771 0.08738836 0.24740042 -0.098043874 -0.48075095 994.76 
20150625181920 4.1024647 -1.7735049 -0.31663316 0.4718934 0.05467244 -0.6221663 994.76 
20150625181920 4.147356 -0.7906851 -0.005985504 0.605062 0.15302174 -0.6038403 994.76 
20150625181920 4.7896004 0.6560113 0.17896658 0.59437186 0.0580322 -0.5012149 994.76 
20150625181920 5.4713492 1.5568297 0.29209262 0.44868052 -0.17989981 -0.39003745 994.76 
20150625181920 6.5146227 1.5915456 1.0223241 0.3827071 -0.35185838 -0.27091873 994.76 
20150625181920 6.9689226 0.7846996 1.2743138 0.36682457 -0.42302418 -0.14630222 994.76 
20150625181920 8.087015 0.017357962 1.3970166 0.38240165 -0.43799037 -0.018325957 994.76 
20150625181920 9.240421 -0.24779987 1.477821 0.46273044 -0.3463606 0.09437868 994.76 
20150625181920 10.535685 -0.20530279 1.1959038 0.5540548 -0.2180789 0.18448131 994.81 
20150625181920 12.166735 0.6799533 -0.3357868 0.6258314 -0.10873401 0.24617869 994.81 
20150625181920 13.830106 3.1789012 1.1599907 0.4886922 -0.06994407 0.27275133 994.81 
20150625181920 15.775993 2.9299042 3.9600096 0.14966199 -0.095294975 0.19486602 994.81 
20150625181920 12.928091 -0.81283146 2.2242134 0.14966199 -0.12034045 -0.017715093 994.81 
20150625181920 12.797606 -1.963844 -1.4981717 0.24587326 -0.016798794 -0.30787608 994.81 
20150625181920 15.30673 -0.20231004 -2.6749218 0.21991149 0.49174652 -0.16615535 994.81 
20150625181920 9.66659 0.90141696 -3.3393128 0.3747658 0.54275376 -0.3371976 994.81 
20150625181920 8.198345 0.17956513 -1.4407109 0.4089743 0.084910266 -0.5320636 994.81 
20150625181920 11.505935 0.46567222 0.8218097 0.087964594 0.37048978 -0.47983465 994.75 
20150625181920 14.499286 1.6292542 0.25079262 -0.03573562 0.37720928 -0.15515977 994.75 
20150625181920 15.321693 0.7188591 -0.3465607 0.17592919 0.21899518 0.14294247 994.75 
20150625181920 13.312959 -1.0235212 -0.7942764 0.09162979 -0.080634214 0.17440203 994.75 
20150625181920 9.567828 -1.2372037 -0.9935937 -0.2519819 -0.2938262 0.33353242 994.75 
20150625181920 5.6389437 -0.6943185 -0.66259533 -0.34880406 -0.23273966 0.50640726 994.75 
20150625181920 3.1160536 0.3705027 -0.2873042 -0.27000242 0.014966198 0.52564955 994.75 
20150625181920 3.7032316 0.11372458 -0.18255788 -0.14385876 0.20891592 0.49296826 994.75 
20150625181920 5.5701103 -0.54527944 -0.2621651 -0.016493361 0.13408493 0.3567453 994.75 
20150625181920 6.5152216 -0.8996213 0.034715924 -0.06536258 -0.23671028 0.26297748 994.72 
20150625181921 7.881712 -0.8535329 0.13467385 -0.19272798 -0.4569272 0.1994475 994.72 
20150625181921 9.605537 -0.5722142 0.89184016 -0.30787608 -0.49571714 0.12308934 994.72 
20150625181921 10.296265 -0.8379706 1.2192472 -0.46761733 -0.3753767 0.005192355 994.72 
20150625181921 10.125677 -2.1978772 1.316811 -0.49266282 -0.14966199 -0.07238753 994.72 
20150625181921 10.982801 -2.2798786 2.018312 -0.3827071 0.110872045 -0.14049901 994.72 
20150625181921 11.079168 -2.5091233 1.8417397 -0.33505958 0.2996294 -0.14110987 994.72 
20150625181921 12.471995 -2.9400797 3.316568 -0.17379116 0.35033122 -0.17623462 994.72 
20150625181921 12.986749 -2.1888988 3.2357635 -0.0842994 0.25381452 -0.15393804 994.72 
20150625181921 12.883798 0.16220717 1.8136078 -0.045814894 0.096516706 0.06627888 994.66 
20150625181921 12.902951 3.0765493 -2.1972785 -0.118507855 0.1469131 0.18509217 994.66 
20150625181921 10.620679 -0.1448492 -4.4424415 -0.321926 0.29871312 0.08093964 994.66 
20150625181921 8.554482 -2.4953568 -3.5170822 -0.27458394 0.33505958 0.19150625 994.66 
20150625181921 10.276512 -1.4305356 -1.5251064 -0.1572978 -0.15485434 0.5384777 994.66 
20150625181921 13.742718 -0.2088941 0.5758055 -0.35521814 -0.2910773 0.61391956 994.66 
20150625181921 16.497845 -0.7158663 0.9900024 -0.17134771 0.12492194 0.5665775 994.66 
20150625181921 14.701595 -0.37110126 -1.0857705 0.101098195 0.062308256 0.30726522 994.66 
20150625181921 11.034876 0.095169514 -0.8690952 0.28130344 -0.12064589 -0.06383542 994.66 
20150625181921 7.551911 0.13467385 -0.5943606 0.36468655 -0.11911872 -0.37293324 994.71 
20150625181921 5.6431336 -0.504578 -0.094570965 0.43371433 0.023823744 -0.54153204 994.71 
20150625181921 4.2940006 -0.86011696 -0.4938041 0.5180137 0.14966199 -0.6453791 994.71 
20150625181921 4.419098 -0.10055647 0.12270284 0.49754974 0.1563815 -0.5653558 994.71 
20150625181921 4.7099934 0.748188 0.16340427 0.35369098 -0.095294975 -0.45478916 994.71 
20150625181921 5.671864 0.79846627 1.0193313 0.20250183 -0.28405234 -0.37751472 994.71 
20150625181921 6.8288617 0.074220255 1.2545617 0.1695151 -0.34697145 -0.24862215 994.71 
20150625181921 8.348581 0.006584055 1.1767502 0.25625798 -0.48808134 -0.1441642 994.71 
20150625181921 9.610326 0.12210429 0.80086046 0.3903429 -0.50976706 -0.06352998 994.71 
20150625181921 10.22384 0.32022446 0.86849666 0.5216789 -0.462425 0.06872234 994.65 
20150625181921 11.812392 0.5021838 0.39145198 0.54244834 -0.3417791 0.1459968 994.65 
20150625181921 13.22557 1.9991584 0.45070848 0.45906523 -0.22540927 0.19242255 994.65 
20150625181921 15.007455 2.6862943 3.5098996 0.21594086 -0.21197024 0.19272798 994.65 
20150625181921 13.525444 -0.18435353 2.6647465 0.07544186 -0.14080444 0.040927973 994.65 
20150625181921 14.528016 -1.3239936 -3.13401 0.3368922 0.12034045 -0.23426682 994.65 
20150625181921 15.578472 1.4532804 -3.7271736 0.19639318 0.6389651 -0.10140363 994.65 
20150625181921 10.140641 2.741361 -1.9021933 -0.06658431 0.6969972 -0.20677789 994.65 
20150625181921 7.6728177 -0.0688333 0.480636 -0.1414153 0.005497787 -0.50518554 994.65 
20150625181921 11.44608 -0.80086046 0.47165772 -0.21624629 0.10323623 -0.34330627 994.68 
20150625181921 15.229517 -0.17058687 0.41299978 -0.040317107 0.41141775 0.014966198 994.68 
20150625181921 15.752051 -0.46746787 -0.50757074 0.19700404 0.59559363 0.21074851 994.68 
20150625181921 13.228563 -0.99898064 -1.2677298 0.14110987 0.27305678 0.14752395 994.68 
20150625181921 9.160215 -0.93852705 -1.2719196 -0.08155051 -0.0720821 0.16554448 994.68 
20150625181921 5.844845 -0.12090719 -1.1013328 -0.29810223 -0.1459968 0.29779682 994.68 
20150625181921 3.6978445 0.7230489 -0.78769237 -0.3023783 -0.051923547 0.4266894 994.68 
20150625181921 3.6894648 0.23163901 -0.83018947 -0.15485434 0.15057829 0.4529566 994.68 
20150625181921 4.951209 -0.9331401 -0.85473 0.008552114 0.10323623 0.3924809 994.68 
20150625181921 6.2584434 -1.5693992 -0.38606504 0.053145275 -0.099265605 0.32498032 994.7 
20150625181921 6.8767457 -1.2150574 -0.30466217 -0.023823744 -0.34697145 0.23884831 994.7 
20150625181921 8.268375 -0.50637364 0.5033809 -0.016493361 -0.40225476 0.15699236 994.7 
20150625181921 9.284714 -0.33159694 1.2814964 -0.06688975 -0.3042109 0.116675265 994.7 
20150625181921 9.694721 -1.4808137 1.2078748 -0.16737708 -0.15790866 0.02443461 994.7 
20150625181921 10.53748 -2.3110032 1.9859903 -0.16310102 0.054061573 -0.08979719 994.7 
20150625181922 11.456255 -2.5360582 2.2038627 -0.17806722 0.1826487 -0.14172074 994.7 
20150625181922 12.767679 -3.0005333 2.7156234 -0.15851954 0.18661933 -0.14569137 994.7 
20150625181922 13.130401 -2.5845408 3.791817 0.074830994 0.18661933 -0.13500121 994.7 
20150625181922 12.466608 0.08738836 2.0069396 0.16523905 0.08246681 0.02687807 994.71 
20150625181922 13.06037 2.5785553 -1.5047557 0.10598512 0.29016098 0.21288654 994.71 
20150625181922 10.942101 0.006584055 -4.2880154 -0.11301007 0.3839288 0.16035213 994.71 
20150625181922 10.065224 -2.124854 -3.2992098 -0.1282817 0.34238997 0.34025195 994.71 
20150625181922 11.241974 -0.44113165 -3.1262288 0.0125227375 -0.34116822 0.659429 994.71 
20150625181922 13.273455 -0.17597382 0.020350715 -0.3304781 -0.46822822 0.5543602 994.71 
20150625181922 15.423448 -1.7609353 1.9201498 -0.4089743 0.1685988 0.2501493 994.71 
20150625181922 14.652514 -1.0815806 0.090979666 -0.16249016 0.3915646 0.08368854 994.71 
20150625181922 11.936293 0.1945289 -0.581791 -0.093767814 0.21135938 0.08368854 994.71 
20150625181922 8.498817 0.60932434 -0.32621 -0.0290161 0.051923547 -0.3277292 994.68 
20150625181922 5.631162 -0.14305355 -0.14185645 0.11789699 -0.033292156 -0.63621616 994.68 
20150625181922 3.567959 -1.4951789 -0.26635495 0.24190263 0.1600467 -0.7357872 994.68 
20150625181922 4.0132804 -1.115698 0.025737667 0.3359759 0.27855456 -0.659429 994.68 
20150625181922 4.12102 -0.03172317 0.089184016 0.21960606 0.053450707 -0.5009095 994.68 
20150625181922 5.1241903 1.0265139 0.31004912 0.14294247 -0.18173242 -0.37232238 994.68 
20150625181922 6.023213 1.6262615 0.94211835 0.13072516 -0.3903429 -0.24220806 994.68 
20150625181922 7.7745714 -0.09876082 1.5514427 0.112704635 -0.56413406 -0.10445796 994.68 
20150625181922 10.195708 -1.3401544 2.1978772 0.22571471 -0.56046885 -0.017715093 994.68 
20150625181922 11.226412 -0.9020155 1.5999253 0.46028697 -0.4654793 0.08093964 994.75 
20150625181922 12.054806 0.05686229 -0.28072014 0.67164636 -0.26297748 0.15607607 994.75 
20150625181922 12.977172 2.332551 0.7068881 0.82619524 0.032375857 0.22999077 994.75 
20150625181922 15.109208 2.586935 3.6990416 0.4810564 0.05955936 0.22693644 994.75 
20150625181922 12.586318 -0.40821138 2.9293058 0.31642818 -0.025350908 0.04642576 994.75 
20150625181922 11.966819 -1.471237 -1.9201498 0.4596761 0.03940081 -0.25320363 994.75 
20150625181922 14.617799 2.006341 -3.0418332 0.43310347 0.43096542 -0.07544186 994.75 
20150625181922 9.664794 1.3204023 -3.7828386 0.26816985 0.66798115 -0.08155051 994.75 
20150625181922 11.582549 -0.17836803 -1.4395138 0.376293 -0.008246681 -0.3717115 994.75 
20150625181922 14.883554 -0.05207389 0.504578 0.17654006 -0.07666359 -0.43249258 994.68 
20150625181922 15.26962 0.04129998 -0.760159 0.0106901415 0.04917465 -0.30909783 994.68 
20150625181922 15.043966 -0.58657944 0.011372458 0.14019357 0.41996986 -0.04337143 994.68 
20150625181922 11.911154 -1.0085574 -0.7212533 0.24495697 0.29626966 0.1337795 994.68 
20150625181922 8.02297 -1.3515269 -0.45908818 0.25595254 0.06780604 0.34697145 994.68 
20150625181922 4.970961 -0.6356605 -0.11492168 0.20219639 0.12003502 0.4636467 994.68 
20150625181922 3.0579941 0.39923313 -0.31483752 0.14966199 0.1142318 0.5027421 994.68 
20150625181922 2.7922378 0.8319851 -0.43275195 0.17134771 0.21685717 0.48502702 994.68 
20150625181922 3.9977183 0.20949265 -0.5638345 0.27550024 0.14049901 0.3662137 994.68 
20150625181922 5.5204306 -0.5793968 0.07062895 0.2180789 -0.16157386 0.2666427 994.68 
20150625181922 6.8127007 -1.210269 0.14784196 0.071776666 -0.38331795 0.20891592 994.68 
20150625181922 8.692149 -1.1456255 0.40162733 -0.043676864 -0.44898596 0.14049901 994.68 
20150625181922 8.996213 -0.54767364 0.91338795 -0.18692477 -0.32834008 0.05589417 994.68 
20150625181922 10.171766 -1.4508862 1.2761095 -0.26328292 -0.09560041 0.0033597588 994.68 
20150625181922 12.047025 -2.147599 2.1703439 -0.24831672 0.08155051 -0.077579886 994.68 
20150625181922 11.9135475 -3.144784 2.2655134 -0.2434298 0.09193522 -0.15851954 994.68 
20150625181922 12.622829 -3.6523547 4.148553 -0.093767814 0.15057829 -0.17837265 994.68 
20150625181922 12.593501 -2.5582044 3.9396589 0.08002335 0.27214047 -0.14660765 994.68 
20150625181922 12.585121 0.6697779 2.606687 0.20799962 0.22357668 0.067500606 994.7 
20150625181922 13.019669 2.3942018 -1.429937 0.101098195 0.34605515 0.22388211 994.7 
20150625181923 11.062409 -1.8291701 -4.76087 -0.089491755 0.28771752 0.08307768 994.7 
20150625181923 9.44333 -3.3321302 -4.010886 -0.19853121 0.23304509 0.22907446 994.7 
20150625181923 10.892421 -1.01574 -2.7497406 0.101098195 -0.35338554 0.73273283 994.7 
20150625181923 14.551359 1.8423382 0.13108255 -0.092240654 -0.63224554 0.711658 994.7 
20150625181923 16.44637 0.43993455 0.89662856 -0.23945917 -0.008857546 0.5323691 994.7 
20150625181923 15.125968 -1.1893197 -0.092176765 -0.16829337 0.21319197 0.2434298 994.7 
20150625181923 11.5077305 -1.0666169 -0.11611878 -0.12980886 0.1554652 0.010995574 994.7 
20150625181923 7.6931686 -1.086369 0.032920275 -0.034513887 0.16920967 -0.30207285 994.7 
20150625181923 5.530606 -1.4640543 0.30226797 0.12644911 0.25350907 -0.5479461 994.7 
20150625181923 4.122815 -1.5951369 0.019153614 0.27977628 0.37843102 -0.7538077 994.7 
20150625181923 4.4143095 -0.52133745 0.09696517 0.32803464 0.31581733 -0.700357 994.7 
20150625181923 3.4955344 0.47285482 -0.31603462 0.28344148 0.02687807 -0.5934556 994.7 
20150625181923 3.8827965 0.724246 0.23762453 0.28160888 -0.06780604 -0.48288897 994.7 
20150625181923 5.7790046 0.64823014 0.87567925 0.30909783 -0.124005646 -0.30176744 994.7 
20150625181923 7.3460093 0.20829555 1.2808979 0.37873647 -0.4334089 -0.16126843 994.7 
20150625181923 9.033323 -0.23044191 1.6106992 0.4373795 -0.56382865 -0.089186326 994.7 
20150625181923 10.313024 0.077213004 1.532289 0.5296202 -0.5326745 0.058948494 994.73 
20150625181923 11.018116 0.1592144 1.0360907 0.54000485 -0.3820962 0.13805555 994.73 
20150625181923 11.971008 0.96426475 -0.7457938 0.5839872 -0.17623462 0.13836098 994.73 
20150625181923 15.134348 2.9682117 2.9616275 0.5112942 -0.12308934 0.15057829 994.73 
20150625181923 15.477317 0.7278373 4.9536033 0.10842858 -0.13683382 0.14721853 994.73 
20150625181923 12.798205 -1.9692309 2.1021092 0.3594942 -0.11789699 -0.11484267 994.73 
20150625181923 13.478158 -1.4317327 -2.8221653 0.5699373 0.23090707 -0.172264 994.73 
20150625181923 12.909535 1.9111716 -3.0268695 0.56016344 0.63071835 0.06658431 994.73 
20150625181923 9.030331 2.243367 -4.0174704 0.64660084 0.54275376 -0.20952678 994.73 
20150625181923 11.171345 1.0947487 0.30166942 0.3930918 -0.14172074 -0.45540005 994.68 
20150625181923 14.587273 -0.9780314 1.246182 0.007330383 -0.025045475 -0.5644395 994.68 
20150625181923 15.532982 -1.1498153 -0.20171149 0.062002823 0.026267206 -0.22724187 994.68 
20150625181923 14.768633 -0.8726865 0.6931214 0.25320363 0.24251351 0.15821409 994.68 
20150625181923 10.832565 -0.4878186 -0.97503865 0.12217305 0.12522738 0.28710666 994.68 
20150625181923 6.9264255 -0.038905777 -0.8834604 0.010995574 0.07849618 0.3998113 994.68 
20150625181923 3.5392287 0.5518635 -0.40282443 -0.023823744 0.19456059 0.47219884 994.68 
20150625181923 2.3343468 1.0456676 -0.22924481 -0.03634648 0.17256944 0.52442783 994.68 
20150625181923 2.4756045 0.094570965 -0.59495914 -0.024740042 0.21685717 0.5308419 994.68 
20150625181923 4.586692 -0.5931635 -0.54647654 0.048563786 0.065973446 0.44684792 994.72 
20150625181923 6.290765 -0.7074866 0.21787235 -0.021991149 -0.28221974 0.34025195 994.72 
20150625181923 7.793725 -0.7170634 0.01616086 -0.13072516 -0.5222898 0.23060162 994.72 
20150625181923 9.404425 -1.115698 0.45250413 -0.16279559 -0.5345071 0.090713486 994.72 
20150625181923 9.894038 -1.3066356 1.0432734 -0.25778514 -0.3726278 -0.014660766 994.72 
20150625181923 9.920973 -2.3068132 1.3784616 -0.34513888 -0.1255328 -0.07849618 994.72 
20150625181923 11.215638 -2.4061728 2.4025815 -0.32436943 0.10629055 -0.13255776 994.72 
20150625181923 11.867459 -2.7257986 1.7004818 -0.32742378 0.15149458 -0.18784106 994.72 
20150625181923 12.896966 -4.010288 3.3973722 -0.226631 0.1957823 -0.26939157 994.72 
20150625181923 13.239337 -3.4584243 3.6589386 -0.14752395 0.14172074 -0.28160888 994.71 
20150625181923 12.822147 -0.6877344 1.459266 -0.14630222 0.03145956 -0.076052725 994.71 
20150625181923 13.517064 1.9937714 -2.6928782 -0.1881465 0.1151481 0.17745635 994.71 
20150625181923 10.612299 -1.8297687 -4.256891 -0.28160888 0.19181168 0.14630222 994.71 
20150625181923 9.698313 -1.1665748 -3.8073792 -0.1255328 0.17012598 0.25686884 994.71 
20150625181923 10.864887 1.441908 -2.4355016 0.09987647 -0.29138273 0.569021 994.71 
20150625181923 14.290391 1.8124107 0.22266077 -0.29840767 -0.38056904 0.49510628 994.71 
20150625181924 16.184204 -0.96187055 0.66618663 -0.28130344 0.11301007 0.37843102 994.71 
20150625181924 14.330494 -1.0749966 -0.7200562 -0.09865474 0.09285152 0.26083946 994.71 
20150625181924 10.718841 -0.6805518 -0.39564183 0.02565634 0.01740966 -0.019547688 994.64 
20150625181924 7.519589 -0.010773907 0.0724246 0.08552113 0.058337633 -0.3662137 994.64 
20150625181924 5.5581393 -0.074818805 -0.2908955 0.2180789 0.06169739 -0.54428095 994.64 
20150625181924 4.373009 -0.53689975 -0.492607 0.44135013 0.17165314 -0.600786 994.64 
20150625181924 4.2419267 0.12868834 0.20290859 0.49571714 0.27305678 -0.4801401 994.64 
20150625181924 4.947019 0.44831428 0.56323594 0.3924809 0.122478485 -0.35643986 994.64 
20150625181924 5.7017913 0.9032126 0.78410107 0.30573806 -0.15393804 -0.2565634 994.64 
20150625181924 6.011242 0.8511387 1.1713632 0.30085114 -0.22204952 -0.13500121 994.64 
20150625181924 5.631761 0.25677812 0.80325466 0.31887165 -0.3191771 -0.08735373 994.64 
20150625181924 6.5146227 -0.3333926 0.6392518 0.45753807 -0.26236662 -0.05131268 994.64 
20150625181924 8.914211 -0.25677812 0.79607207 0.5882632 -0.20647246 0.06566802 994.64 
20150625181924 11.431715 0.22026655 1.1773487 0.64843345 -0.28955013 0.22876903 994.64 
20150625181924 12.704831 0.88405895 0.5291186 0.6924158 -0.41386122 0.28221974 994.64 
20150625181924 13.045406 2.4474726 0.75596917 0.67103547 -0.42088616 0.2706133 994.64 
20150625181924 14.932037 2.3056161 3.99293 0.38331795 -0.29810223 0.1908954 994.64 
20150625181924 14.12998 -0.89902276 4.0043025 0.22327125 -0.22113322 0.014660766 994.64 
20150625181924 11.5394535 -2.166154 -0.29688102 0.344528 -0.15974127 -0.19425514 994.64 
20150625181924 13.595474 0.8948329 -3.8911762 0.3408628 0.29535335 -0.13530666 994.64 
20150625181924 11.349114 2.89459 -4.285621 0.37232238 0.58551437 -0.04886922 994.67 
20150625181924 8.914211 2.5480292 -2.232593 0.3903429 0.16646078 -0.419359 994.67 
20150625181924 10.044274 -0.50038815 0.5153519 0.089491755 -0.26725355 -0.52106804 994.67 
20150625181924 14.675858 -0.9540894 0.88944596 -0.20189096 -0.02565634 -0.462425 994.67 
20150625181924 17.100586 0.034117375 -0.19692309 0.110872045 0.24984388 -0.05375614 994.67 
20150625181924 14.719552 0.26036942 -0.31663316 0.23945917 0.22815818 0.13561209 994.67 
20150625181924 10.507553 -0.25019407 -0.9463082 0.076358154 0.099571034 0.1994475 994.67 
20150625181924 6.9425864 -0.22445641 -0.44232875 -0.15943582 0.050396383 0.3304781 994.67 
20150625181924 3.8869865 0.5009867 -0.38367084 -0.2507602 0.071776666 0.43035457 994.67 
20150625181924 2.755726 0.53091425 -0.7074866 -0.30970868 0.23609942 0.52320606 994.63 
20150625181924 3.3267434 -0.1436521 -0.81642276 -0.2864958 0.36132678 0.50793445 994.63 
20150625181924 5.193622 -0.44113165 -0.22325931 -0.23457226 0.13469578 0.42577308 994.63 
20150625181924 5.868787 -0.8678981 0.18375498 -0.28313604 -0.25503623 0.3115413 994.63 
20150625181924 6.930017 -0.60693014 0.16938977 -0.3387248 -0.41233405 0.23976462 994.63 
20150625181924 8.516774 -0.6368576 0.29867667 -0.4352415 -0.40866885 0.19517145 994.63 
20150625181924 9.605537 -0.58777654 1.1240777 -0.5558874 -0.36896262 0.055283304 994.63 
20150625181924 10.579977 -2.1823149 0.7763199 -0.5571091 -0.22357668 -0.058337633 994.63 
20150625181924 12.132617 -3.3345244 1.7304093 -0.47525316 -0.0125227375 -0.10140363 994.63 
20150625181924 12.504915 -2.9239187 1.927931 -0.4098906 0.046120327 -0.11301007 994.62 
20150625181924 12.819155 -2.7611132 4.0599675 -0.26511553 0.14202617 -0.15302174 994.62 
20150625181924 12.706627 -2.0763714 3.3446999 -0.14019357 0.21471913 -0.1591304 994.62 
20150625181924 13.676877 0.23343466 0.47285482 -0.037873644 0.1572978 0.10170906 994.62 
20150625181924 13.754689 0.6087258 -3.4727895 0.013744468 0.2687807 0.31581733 994.62 
20150625181924 11.171944 -2.565387 -3.957017 -0.1142318 0.25137106 0.3848451 994.62 
20150625181924 9.539697 -1.769315 -4.0904937 0.050396383 0.033292156 0.6206391 994.62 
20150625181924 11.011532 0.66618663 -2.6024973 0.34666604 -0.23854288 0.82711154 994.62 
20150625181924 12.418724 2.0859482 0.31124622 -0.06261369 -0.102319926 0.45906523 994.62 
20150625181924 14.407108 -0.01316811 0.6919243 -0.35246924 0.3494149 0.036651913 994.73 
20150625181924 13.561955 -0.41180268 -0.53450555 -0.30298916 0.33322698 0.016493361 994.73 
20150625181924 10.402806 -0.7739257 -0.8936358 -0.22327125 0.013744468 -0.07941248 994.73 
20150625181925 7.4603324 -1.3000516 -0.32680854 0.0012217305 -0.13164146 -0.3912592 994.73 
20150625181925 5.0930657 -1.7292122 0.29987377 0.18692477 -0.12461651 -0.61850107 994.73 
20150625181925 3.845088 -0.8643068 -0.007182605 0.27916542 0.06291912 -0.8063421 994.73 
20150625181925 4.4400473 0.9504981 0.38726214 0.24740042 0.13316862 -0.72784597 994.73 
20150625181925 5.0505686 1.8046296 0.338181 0.06261369 -0.0888809 -0.56382865 994.73 
20150625181925 5.803545 1.1563994 0.7577648 0.0067195175 -0.27916542 -0.453262 994.73 
20150625181925 6.3488245 -0.20530279 0.9259575 -0.015577064 -0.32498032 -0.2864958 994.69 
20150625181925 7.3430166 -1.0414777 0.88046765 0.08032878 -0.3839288 -0.13255776 994.69 
20150625181925 9.812635 -0.16759412 1.7375919 0.1957823 -0.32284227 -0.04062254 994.69 
20150625181925 10.795456 0.17657238 2.2068555 0.33444872 -0.2770274 0.07422013 994.69 
20150625181925 11.124659 -0.32680854 1.5406688 0.51068336 -0.18570304 0.099265605 994.69 
20150625181925 12.005724 0.50517654 -0.3597288 0.5363397 -0.18570304 0.16187929 994.69 
20150625181925 14.775217 4.2862196 4.2461166 0.3036 0.12675454 0.21930063 994.69 
20150625181925 13.265673 0.52732295 3.6116533 -0.043982297 0.08582657 0.019242255 994.69 
20150625181925 11.606491 -2.0404584 -0.26635495 0.1563815 0.087659165 -0.37659842 994.69 
20150625181925 13.301586 -0.29688102 -4.1018662 0.2003638 0.47403142 -0.13713925 994.7 
20150625181925 11.205462 1.6837224 -4.4478283 0.16187929 0.79076505 0.05467244 994.7 
20150625181925 11.145009 0.943914 -3.3925838 0.23671028 0.37720928 -0.29229903 994.7 
20150625181925 13.680469 -0.6183026 0.2160767 0.020463986 -0.27550024 -0.37140608 994.7 
20150625181925 14.624383 -1.6621746 -0.338181 -0.016493361 -0.15118915 -0.45540005 994.7 
20150625181925 14.958374 -1.2539631 -0.85054016 0.26389378 0.22052236 -0.2312125 994.7 
20150625181925 13.286024 -0.4997896 -1.3652935 0.3576616 0.40500367 0.03726278 994.7 
20150625181925 9.470863 0.14844051 -1.5269021 0.21533 0.12675454 0.29016098 994.7 
20150625181925 5.679645 1.216853 -1.2545617 0.06078109 0.057726767 0.36713 994.7 
20150625181925 2.8060043 1.6693572 -0.8822633 -0.07238753 0.08002335 0.41141775 994.75 
20150625181925 2.212841 0.78649527 -0.23702596 -0.06536258 0.19242255 0.47739118 994.75 
20150625181925 3.5003228 -0.7422025 -0.044891283 -0.04062254 0.19242255 0.473726 994.75 
20150625181925 5.2810106 -1.3215994 0.51714754 0.004886922 0.013133603 0.3662137 994.75 
20150625181925 6.6852098 -1.2378023 0.6368576 -0.035430185 -0.29810223 0.20280726 994.75 
20150625181925 8.1959505 -0.8265981 0.14065935 -0.022907447 -0.50915617 0.061086524 994.75 
20150625181925 9.786898 -0.997185 0.777517 -0.080634214 -0.4999932 -0.0018325958 994.75 
20150625181925 10.424355 -1.6699557 1.0935516 -0.21991149 -0.41172317 -0.059253927 994.75 
20150625181925 10.655993 -2.0446482 1.9590555 -0.23915374 -0.19608775 -0.09193522 994.75 
20150625181925 10.924144 -1.1593921 2.6078842 -0.19486602 0.07788532 -0.1423316 994.65 
20150625181925 11.216835 -1.5286977 1.7082629 -0.21777347 0.25778514 -0.1469131 994.65 
20150625181925 12.760496 -3.318962 3.277662 -0.0888809 0.30757064 -0.18845193 994.65 
20150625181925 13.763667 -3.83192 4.174889 0.043676864 0.13133603 -0.099571034 994.65 
20150625181925 13.358448 0.10175357 0.87448215 0.04520403 0.09101892 0.14477506 994.65 
20150625181925 12.622829 0.7260417 -3.7373488 0.032375857 0.17562376 0.24862215 994.65 
20150625181925 9.674371 -2.556409 -5.2247467 -0.029626964 0.26816985 0.14019357 994.65 
20150625181925 9.709685 -1.0947487 -3.6463692 0.14049901 0.027488936 0.39584067 994.65 
20150625181925 11.819575 1.9351135 -1.3844471 0.12339478 -0.56016344 0.63346726 994.65 
20150625181925 14.872781 2.046444 0.39743748 -0.12339478 -0.3295618 0.5381723 994.74 
20150625181925 15.914259 -0.91697925 -0.1328782 -0.14569137 0.25137106 0.33261612 994.74 
20150625181925 13.059174 -1.4508862 -0.82240826 -0.056199603 0.22785273 0.17195857 994.74 
20150625181925 8.915408 -0.75596917 -0.20649989 -0.042760566 0.21991149 -0.055588737 994.74 
20150625181925 6.659472 -0.31364042 0.20829555 0.009773844 0.31612277 -0.34269542 994.74 
20150625181925 4.606444 -1.1234791 -0.15442601 0.20861048 0.19730948 -0.5311473 994.74 
20150625181925 3.8379054 -1.2677298 -0.18315643 0.3811799 0.20280726 -0.6010914 994.74 
20150625181925 4.3358994 -0.4782418 0.050278235 0.51343226 0.15851954 -0.5119051 994.74 
20150625181926 4.525041 0.19393034 0.021547815 0.38056904 -0.10476339 -0.37782016 994.74 
20150625181926 5.707178 0.8870517 0.7026982 0.36957347 -0.17715092 -0.2660318 994.66 
20150625181926 6.1285577 0.82480246 0.29568392 0.40744713 -0.3109304 -0.15699236 994.66 
20150625181926 6.8103065 0.32202014 -0.030526072 0.5363397 -0.42119157 -0.10354166 994.66 
20150625181926 8.9519205 0.5770026 0.9235633 0.6753115 -0.3915646 0.01282817 994.66 
20150625181926 11.583148 0.8726865 1.6651673 0.72326446 -0.41874814 0.16462818 994.66 
20150625181926 12.675503 0.9900024 1.9189527 0.7086037 -0.45081854 0.24007004 994.66 
20150625181926 11.80521 0.06943185 -0.6889315 0.68875057 -0.38240165 0.19700404 994.66 
20150625181926 12.787432 2.1158757 0.49440265 0.43951756 -0.18875736 0.17195857 994.66 
20150625181926 15.918448 1.8435353 5.5150437 0.1255328 0.036651913 0.15149458 994.66 
20150625181926 12.516288 -1.8872294 -0.05746084 0.20250183 0.0021380284 -0.1441642 994.7 
20150625181926 14.359823 -0.25498247 -3.74094 0.4297437 0.18845193 -0.14874569 994.7 
20150625181926 11.545439 1.9806033 -3.719991 0.37965274 0.79045963 0.018936822 994.7 
20150625181926 9.148245 1.5711949 -3.6529531 0.56077427 0.52564955 -0.25259277 994.7 
20150625181926 12.0571995 0.10175357 0.7320272 0.3659083 -0.17379116 -0.28863382 994.7 
20150625181926 14.2460985 -0.6596026 0.7739257 0.12186762 -0.009773844 -0.3848451 994.7 
20150625181926 15.675437 -0.008978256 -0.090381116 0.2125811 0.22693644 -0.23884831 994.7 
20150625181926 13.677476 0.13227965 -0.89662856 0.22388211 0.4529566 0.017104227 994.7 
20150625181926 9.583391 -0.19153613 -1.5251064 0.08857546 0.28924468 0.21074851 994.7 
20150625181926 6.0663085 -0.23223756 -0.8206126 0.0 0.16462818 0.38362336 994.76 
20150625181926 3.4745853 0.56443304 -0.78649527 -0.16707164 0.17531833 0.4908302 994.76 
20150625181926 2.349909 0.79846627 -0.5279215 -0.24465153 0.22266038 0.59681535 994.76 
20150625181926 3.0615854 0.40222588 -0.6679823 -0.17684549 0.30176744 0.54611355 994.76 
20150625181926 5.282806 -0.2693477 0.13706805 -0.14874569 0.049480084 0.43768495 994.76 
20150625181926 6.6361284 -0.87927055 0.25079262 -0.2761111 -0.22479841 0.2761111 994.76 
20150625181926 8.268375 -1.3772645 0.5009867 -0.3494149 -0.4541783 0.16798794 994.76 
20150625181926 8.751406 -1.5143325 1.2725182 -0.44929138 -0.35918877 0.086437434 994.76 
20150625181926 9.272144 -2.331354 1.8471266 -0.5204572 -0.23548855 -0.0106901415 994.76 
20150625181926 10.439318 -3.6337996 2.2601264 -0.45723262 -0.08002335 -0.1441642 994.69 
20150625181926 11.414955 -3.3859997 2.9867666 -0.26206118 0.05497787 -0.26236662 994.69 
20150625181926 12.079346 -2.4899697 2.167351 -0.14263703 0.0693332 -0.2846632 994.69 
20150625181926 13.288418 -2.5121162 3.1214404 0.09987647 0.06658431 -0.26725355 994.69 
20150625181926 14.078505 -2.0254946 3.964798 0.28038713 0.021685716 -0.18295415 994.69 
20150625181926 13.168708 0.24361002 2.8167782 0.22174409 0.05589417 0.1459968 994.69 
20150625181926 12.686874 1.8866309 -3.2435448 0.10262536 0.27122417 0.20066923 994.69 
20150625181926 8.866926 -3.4123359 -5.018845 -0.106901415 0.38912117 0.06627888 994.69 
20150625181926 8.593389 -3.1902738 -4.164714 0.0 0.2593123 0.29901853 994.69 
20150625181926 12.155362 0.62728083 -0.93493575 0.094989546 -0.35643986 0.73273283 994.71 
20150625181926 15.523405 2.9879637 0.4973954 -0.056505036 -0.35460728 0.7324274 994.71 
20150625181926 16.191986 0.59735334 0.017357962 -0.07666359 0.09987647 0.42210788 994.71 
20150625181926 13.58051 -1.5969325 -0.43873745 -0.06658431 0.13041973 0.058948494 994.71 
20150625181926 9.743204 -1.8255788 -0.23523031 -0.05009095 -0.017715093 -0.13072516 994.71 
20150625181926 7.0467343 -1.6573862 0.5093664 0.06688975 0.06261369 -0.31703907 994.71 
20150625181926 4.823718 -2.3385365 0.18375498 0.32253686 0.19181168 -0.52870387 994.71 
20150625181926 4.1036615 -1.6448165 0.15861586 0.54244834 0.22174409 -0.6740898 994.71 
20150625181926 4.7022123 0.19572599 0.3657143 0.6377433 0.14477506 -0.62980205 994.71 
20150625181926 4.9105077 0.93732995 0.23702596 0.54702985 -0.103847094 -0.50701815 994.74 
20150625181926 6.0465565 1.3557167 0.64463884 0.48838675 -0.27091873 -0.41141775 994.74 
20150625181926 6.689998 1.2922704 0.9163807 0.45845437 -0.38423425 -0.2864958 994.74 
20150625181926 7.2227077 0.97384155 1.2192472 0.43676865 -0.4361578 -0.13255776 994.74 
20150625181927 8.249821 0.6344634 1.1887212 0.45478916 -0.32834008 0.026572637 994.74 
20150625181927 9.075222 0.5638345 0.6332663 0.5516113 -0.20311269 0.17073683 994.74 
20150625181927 10.6398325 0.6733692 0.12629414 0.5870415 -0.10048734 0.22479841 994.74 
20150625181927 12.043433 0.35075054 -0.5554548 0.54702985 -0.124311075 0.23854288 994.74 
20150625181927 14.361619 2.393603 1.5029601 0.25259277 -0.26358834 0.25900686 994.74 
20150625181927 16.766594 1.9800048 5.6790466 0.026572637 -0.3313944 0.24556783 994.69 
20150625181927 12.914923 -1.9548657 3.2734723 0.11026118 -0.32559118 -0.10903945 994.69 
20150625181927 11.574768 -2.7856536 -2.3624785 0.43676865 0.08979719 -0.19517145 994.69 
20150625181927 12.9963255 1.9207484 -4.4161053 0.49357912 0.8881981 0.112399206 994.69 
20150625181927 10.757747 3.2375593 -4.07553 0.39278635 0.52198434 -0.09101892 994.69 
20150625181927 11.930905 -0.30406362 -0.32800564 0.059253927 -0.35827246 -0.44806966 994.69 
20150625181927 14.024036 -2.540248 1.323395 -0.099265605 -0.42394048 -0.46211955 994.69 
20150625181927 14.969148 -1.5131354 0.006584055 0.23609942 0.122783914 -0.18936823 994.69 
20150625181927 14.12998 0.33159694 0.10295067 0.29779682 0.54641896 0.022602014 994.69 
20150625181927 10.867282 0.61411273 -0.96785605 0.19639318 0.45204028 0.17501289 994.69 
20150625181927 7.4968443 0.61650693 -0.97503865 0.14110987 0.26358834 0.2602286 994.69 
20150625181927 4.0892963 0.31304187 -0.75836337 0.04153884 0.1777618 0.3323107 994.69 
20150625181927 2.6318262 0.24959552 -0.43394905 -0.08582657 0.15332718 0.43035457 994.69 
20150625181927 2.7132292 -0.4357447 -0.34715924 -0.18020524 0.269697 0.48288897 994.69 
20150625181927 5.1367598 -0.9056068 0.034117375 -0.12217305 0.18845193 0.37873647 994.69 
20150625181927 6.7360864 -0.9032126 0.33159694 -0.10354166 -0.096516706 0.26053402 994.69 
20150625181927 7.6692266 -0.61890113 -0.08080431 -0.18112154 -0.3539964 0.11759156 994.69 
20150625181927 8.75799 -0.8690952 0.8948329 -0.2932153 -0.38331795 0.023518313 994.69 
20150625181927 8.914211 -1.1330559 1.477821 -0.4184427 -0.20372356 -0.027488936 994.66 
20150625181927 9.701904 -2.2092497 1.8950106 -0.5140431 -0.034208454 -0.10415252 994.66 
20150625181927 10.807426 -2.8179753 2.3307555 -0.4529566 0.15332718 -0.14996742 994.66 
20150625181927 12.086529 -2.1996727 2.5288756 -0.35888332 0.16126843 -0.13347405 994.66 
20150625181927 13.13459 -2.3056161 2.8293478 -0.25686884 0.054367006 -0.115453534 994.66 
20150625181927 13.794193 -1.9560628 3.940856 -0.04062254 0.0076358155 -0.098043874 994.66 
20150625181927 12.944251 -0.20350714 3.1663318 0.044593163 -0.0571159 0.14477506 994.66 
20150625181927 12.233173 2.520496 0.031124622 -0.13316862 0.119729586 0.29840767 994.66 
20150625181927 11.604097 1.3844471 -3.3596635 -0.34697145 0.32620203 0.1704314 994.66 
20150625181927 9.024943 -2.930503 -4.231153 -0.57757306 0.2678644 0.10995574 994.74 
20150625181927 10.454282 -3.4368765 -0.4758476 -0.34605515 -0.20219639 0.46211955 994.74 
20150625181927 14.151527 0.8283938 1.146224 -0.2687807 -0.45051312 0.7104363 994.74 
20150625181927 15.956756 1.1121067 0.44532153 -0.18692477 -0.11728613 0.5216789 994.74 
20150625181927 14.487913 -0.48961425 -0.33279404 -0.0711658 0.21899518 0.080634214 994.74 
20150625181927 9.908403 -1.3317747 -0.5847838 0.04337143 0.1518 -0.14385876 994.74 
20150625181927 7.6129627 -1.3688848 0.29388827 0.12705997 0.12583824 -0.3155119 994.74 
20150625181927 5.6784477 -1.87047 0.51355624 0.22479841 0.20555615 -0.45540005 994.74 
20150625181927 3.9923313 -1.738789 0.036511578 0.48655418 0.14049901 -0.5369505 994.74 
20150625181927 4.337695 -0.23942018 0.22984336 0.6960809 0.15149458 -0.52931476 994.68 
20150625181927 4.819528 0.90979666 0.15801731 0.7296785 0.021685716 -0.44623706 994.68 
20150625181927 6.282984 1.3928268 0.53570265 0.6105598 -0.24465153 -0.39553526 994.68 
20150625181927 7.5136037 1.0324994 0.92176765 0.5122105 -0.41508293 -0.2648101 994.68 
20150625181927 8.031948 0.027533319 1.1360487 0.4978552 -0.5885687 -0.1572978 994.68 
20150625181927 8.446145 -0.4973954 1.2030864 0.59223384 -0.58093286 -0.03726278 994.68 
20150625181927 9.619304 -0.21068975 0.8738836 0.73761976 -0.37904188 0.06841691 994.68 
20150625181927 11.251551 0.7757214 0.9636662 0.76174897 -0.20463985 0.122478485 994.68 
20150625181927 11.704055 1.2246342 -0.6488287 0.75655663 -0.20616703 0.11148291 994.68 
20150625181928 12.992135 3.333926 0.7344214 0.5149594 -0.20769419 0.11575896 994.72 
20150625181928 15.725117 2.843713 4.7177744 0.09773844 -0.070554934 0.11301007 994.72 
20150625181928 12.981361 -1.3198037 1.7675194 0.080634214 -0.11148291 -0.13713925 994.72 
20150625181928 13.446435 -1.9015948 -2.5234885 0.23976462 0.0290161 -0.28099802 994.72 
20150625181928 13.612234 0.59855044 -2.6551697 0.10873401 0.68386364 -0.05497787 994.72 
20150625181928 9.411607 2.3223755 -3.6816838 0.2012801 0.41722095 -0.35063666 994.72 
20150625181928 8.301894 1.5711949 0.3393781 0.10445796 -0.10781772 -0.35308012 994.72 
20150625181928 13.174693 0.049081136 0.7170634 -0.064446285 0.15882497 -0.35460728 994.72 
20150625181928 15.589246 -0.24061728 -0.52133745 0.19272798 0.29168814 -0.08582657 994.72 
20150625181928 14.350246 -0.25797522 -0.8343793 0.27916542 0.23304509 0.10476339 994.73 
20150625181928 10.8469305 -0.025139118 -1.1300632 0.07727446 0.09896017 0.20616703 994.73 
20150625181928 7.700351 0.031124622 -0.83976626 -0.15363261 0.0021380284 0.32559118 994.73 
20150625181928 4.8135424 0.5243302 -0.3333926 -0.23243423 0.10323623 0.42302418 994.73 
20150625181928 3.788824 0.8242039 0.023343466 -0.28527406 0.22204952 0.4746423 994.73 
20150625181928 3.715801 -0.3274071 -0.24241292 -0.30726522 0.2855795 0.48899764 994.73 
20150625181928 5.4138885 -1.3916297 0.14664486 -0.21960606 0.18051068 0.39645153 994.73 
20150625181928 6.30513 -1.9357121 0.3298013 -0.2507602 -0.12675454 0.30604348 994.73 
20150625181928 7.395689 -1.513734 0.22505496 -0.2883284 -0.41813725 0.23090707 994.73 
20150625181928 8.350976 -0.8182184 0.88166475 -0.31887165 -0.47800204 0.124311075 994.7 
20150625181928 8.986037 -0.6560113 1.5795746 -0.44257188 -0.37140608 -0.00580322 994.7 
20150625181928 10.068216 -1.8608932 1.471237 -0.4728097 -0.17592919 -0.06627888 994.7 
20150625181928 11.889007 -2.6330233 1.9363106 -0.37415496 -0.009773844 -0.10323623 994.7 
20150625181928 12.443265 -2.2062569 1.8028339 -0.26450464 0.07574729 -0.0870483 994.7 
20150625181928 12.338518 -3.0011318 2.3535004 -0.074830994 0.09865474 -0.118507855 994.7 
20150625181928 12.575544 -2.8006175 3.9486372 0.093462385 0.21044308 -0.12308934 994.7 
20150625181928 12.042236 -0.741604 2.7988217 0.16126843 0.19333886 0.096516706 994.7 
20150625181928 12.126033 1.8064252 -0.5315128 0.076358154 0.31795537 0.2660318 994.7 
20150625181928 11.758523 1.0301052 -3.5565867 -0.08399397 0.38362336 0.15974127 994.71 
20150625181928 9.983223 -2.0506337 -4.4741645 -0.3726278 0.36041048 0.15027285 994.71 
20150625181928 8.462306 -2.2391772 -3.3848026 -0.26206118 -0.03634648 0.43768495 994.71 
20150625181928 12.067375 -0.1340753 0.33997664 -0.16371189 -0.28221974 0.6560693 994.71 
20150625181928 16.218323 1.5155296 0.47465047 -0.25473082 -0.018325957 0.6963864 994.71 
20150625181928 14.961367 -0.7080852 -0.3633201 -0.30390546 0.09437868 0.34238997 994.71 
20150625181928 11.062409 -2.0614076 -0.14425065 -0.23426682 -0.077579886 -0.03848451 994.71 
20150625181928 7.6506715 -2.0500352 -0.39384618 -0.087659165 -0.14721853 -0.34116822 994.71 
20150625181928 5.6563015 -2.0093338 0.3184288 0.07880162 -0.05681047 -0.50640726 994.71 
20150625181928 4.207211 -1.6759412 0.30526072 0.32498032 0.051618114 -0.6221663 994.76 
20150625181928 4.192846 -0.37469256 0.40462008 0.61911196 0.13836098 -0.58062744 994.76 
20150625181928 4.730344 0.85054016 0.61171854 0.729984 0.04153884 -0.48899764 994.76 
20150625181928 5.932832 1.3910311 0.61890113 0.68661255 -0.17592919 -0.40225476 994.76 
20150625181928 7.265804 1.5735891 1.2228385 0.5992588 -0.35185838 -0.30207285 994.76 
20150625181928 8.073248 1.0019734 1.3664906 0.47158796 -0.535118 -0.17073683 994.76 
20150625181928 8.84478 0.30765492 1.1994951 0.45753807 -0.58184916 -0.0729984 994.76 
20150625181928 9.414599 0.12629414 1.4293385 0.5235115 -0.48441613 0.06383542 994.76 
20150625181928 10.1939125 0.18555063 1.1390414 0.52931476 -0.29718593 0.12461651 994.76 
20150625181928 10.585963 0.40521863 -1.7375919 0.5308419 -0.16890424 0.12522738 994.72 
20150625181928 13.867815 2.7982233 0.25857377 0.3549127 -0.09437868 0.15241088 994.72 
20150625181928 15.409082 1.8830396 3.1783028 0.052534413 -0.14874569 0.19028452 994.72 
20150625181928 14.01027 -1.4544775 0.46447513 0.19730948 -0.2134974 -0.14110987 994.72 
20150625181928 16.390705 -2.4349031 -3.9306808 0.35033122 0.18203785 -0.20830505 994.72 
20150625181929 14.115016 2.2744915 -2.7563248 0.2687807 0.65179324 -0.029626964 994.72 
20150625181929 8.531737 1.5466543 -1.7495629 0.3210097 0.4260785 -0.3643811 994.72 
20150625181929 7.1987658 -0.79726917 -0.18076223 0.33628133 0.20952678 -0.47861293 994.72 
20150625181929 11.029489 -1.4305356 0.75716627 0.33169982 0.5510005 -0.37995818 994.72 
20150625181929 14.469956 -0.32202014 -1.0187328 0.40469822 0.80939645 -0.05589417 994.73 
20150625181929 14.515447 0.86729956 -1.6448165 0.4972443 0.52412236 0.12217305 994.73 
20150625181929 11.166556 0.9636662 -1.8782512 0.25167647 -0.025045475 0.116980694 994.73 
20150625181929 7.9876556 0.38606504 -0.9995792 -0.22449298 -0.20922135 0.1872302 994.73 
20150625181929 4.907515 -0.33877954 -0.02813187 -0.43860126 -0.07147124 0.35216382 994.73 
20150625181929 4.0216603 -0.8535329 0.46806642 -0.45020768 0.21502456 0.473726 994.73 
20150625181929 4.57113 -1.690905 0.19033903 -0.34697145 0.40133846 0.48502702 994.73 
20150625181929 5.8185086 -1.7908629 0.21667525 -0.100792766 0.2565634 0.35002577 994.73 
20150625181929 6.8186865 -1.0121487 0.24959552 -0.0027488936 -0.1160644 0.21074851 994.73 
20150625181929 7.7452426 -0.4782418 0.3184288 -0.006414085 -0.35155296 0.14660765 994.72 
20150625181929 8.723274 -0.825401 1.335366 -0.053450707 -0.36254853 0.10842858 994.72 
20150625181929 8.55149 -0.85772276 1.8417397 -0.1151481 -0.20830505 0.062002823 994.72 
20150625181929 8.330625 -1.5077485 1.4526819 -0.17715092 0.021380283 -0.004581489 994.72 
20150625181929 9.4774475 -1.738789 1.8124107 -0.17531833 0.22510384 -0.062002823 994.72 
20150625181929 11.490373 -1.3275849 1.83336 -0.18234327 0.25228736 -0.13041973 994.72 
20150625181929 12.294226 -2.1823149 1.429937 -0.16798794 0.13897185 -0.1731803 994.72 
20150625181929 12.716204 -2.207454 2.8778305 -0.035430185 0.15577064 -0.23640485 994.72 
20150625181929 12.926893 -1.039682 3.3147724 0.11942416 0.065973446 -0.15699236 994.72 
20150625181929 12.975975 1.1150994 0.961272 0.059253927 0.07269296 0.076052725 994.71 
20150625181929 12.771869 1.5125369 -2.307412 -0.061391957 0.37323865 0.13897185 994.71 
20150625181929 9.755774 -1.5502456 -4.9158945 -0.22937989 0.4914411 0.12889257 994.71 
20150625181929 6.4882865 -2.1936872 -3.4051533 -0.4269948 0.1908954 0.28252518 994.71 
20150625181929 10.028712 -0.94092125 0.16879122 -0.4578435 -0.20769419 0.58276546 994.71 
20150625181929 15.314511 1.4514848 1.8154035 -0.36560285 -0.12095132 0.64904433 994.71 
20150625181929 16.831238 -0.62368953 0.1448492 -0.2434298 0.13713925 0.37507126 994.71 
20150625181929 11.805809 -3.2208 -0.25797522 0.080634214 0.13683382 0.024740042 994.71 
20150625181929 8.817844 -2.1936872 -0.008379706 0.34147367 0.101098195 -0.15485434 994.71 
20150625181929 7.8428063 -0.060453594 0.43754035 0.46028697 0.28405234 -0.23243423 994.72 
20150625181929 6.679224 1.0630256 0.12330139 0.58001655 0.43004912 -0.27916542 994.72 
20150625181929 5.577293 1.7393875 -0.051475335 0.72265357 0.38331795 -0.36071593 994.72 
20150625181929 5.5503583 0.9744401 0.18076223 0.689056 0.30634892 -0.3631594 994.72 
20150625181929 7.0066314 0.1376666 0.8415619 0.5858198 0.0852157 -0.36682457 994.72 
20150625181929 6.405687 0.010773907 0.5835867 0.39920044 -0.10048734 -0.2171626 994.72 
20150625181929 6.254852 0.27832595 0.8439561 0.29229903 -0.22204952 -0.121256754 994.72 
20150625181929 7.7069354 0.4225766 1.6837224 0.26511553 -0.1826487 -0.06352998 994.72 
20150625181929 8.800487 -0.110731825 2.0374656 0.30909783 -0.3005457 0.05222898 994.72 
20150625181929 9.036316 -0.49679685 1.4263457 0.44348818 -0.37018433 0.19211712 994.74 
20150625181929 9.3026705 -0.108337626 0.62608373 0.5580254 -0.23335053 0.28680122 994.74 
20150625181929 10.4405155 0.05566519 -0.10474633 0.55924714 -0.052534413 0.30176744 994.74 
20150625181929 12.171523 1.3413515 0.748188 0.4184427 -0.0070249503 0.23945917 994.74 
20150625181929 13.283031 0.8858546 3.104681 0.20066923 -0.17012598 0.15699236 994.74 
20150625181929 14.167688 -1.2318168 3.5182793 0.19028452 -0.30482176 -0.0870483 994.74 
20150625181929 13.935451 -2.111686 0.56443304 0.35033122 -0.11728613 -0.18173242 994.74 
20150625181929 15.612589 -0.47225627 -3.0071173 0.52290064 0.26297748 -0.08246681 994.74 
