20150625180852 -2.3600843 -9.621698 4.4879313 -1.0839803 1.7128662 0.4437936 994.95 
20150625180852 -1.18094 -18.760366 6.000468 -2.1413882 1.5632042 0.9068295 994.95 
20150625180852 2.0775685 -19.608511 17.538126 -2.6267207 1.1655309 1.1340714 994.95 
20150625180852 -0.3681085 -15.458163 14.267048 -1.8863518 1.0742066 0.82527894 994.95 
20150625180852 -4.1186256 -5.807136 4.256891 1.1869112 -0.9282097 -0.11453723 994.95 
20150625180852 -7.5746555 -13.299191 -4.735132 1.8701639 -1.6423112 -1.0097603 994.95 
20150625180852 -0.044292733 -7.955932 -9.07582 0.49021935 -0.9981538 -0.25625798 994.95 
20150625180852 -1.9710265 -4.455011 0.7074866 0.5537493 -0.26908615 0.6914995 994.93 
20150625180852 2.8640637 -4.717176 -0.27832595 0.6765333 -1.2705997 -0.37140608 994.93 
20150625180852 -3.3500867 -10.610503 -5.583877 -0.33658674 -0.8323039 -0.27030787 994.93 
20150625180852 -5.4168816 -13.380595 -9.018359 -0.20097467 1.0574077 0.17989981 994.93 
20150625180852 -2.8042088 -12.955026 3.3117795 -1.9590448 -0.40500367 0.76083267 994.93 
20150625180852 -1.0372878 -9.074024 0.8535329 -2.4019222 -0.5323691 0.68539083 994.93 
20150625180852 -1.9895816 -6.451775 -4.532822 -1.8704693 -0.9663888 0.6640105 994.93 
20150625180852 -0.7697359 -9.999383 -1.2372037 -1.6728544 -0.3915646 0.732122 994.93 
20150625180853 0.5943606 -9.493608 0.46327803 -2.1927009 -0.71837753 0.7620544 994.93 
20150625180853 -0.5201403 -6.7342906 -0.6266823 -1.6475036 -1.2928963 0.3680463 994.88 
20150625180853 -2.6372132 -6.777985 -0.65900403 -1.0082331 -0.093462385 0.13958271 994.88 
20150625180853 -3.2794578 -8.300697 -1.7178397 -1.028697 0.8472701 0.31978795 994.88 
20150625180853 -1.3341689 -9.177573 -1.9829975 -1.1404854 0.13652839 0.29810223 994.88 
20150625180853 0.59136784 -10.810419 0.74998367 -1.0836749 -0.36926803 0.5647449 994.88 
20150625180853 1.1043255 -9.204509 1.8034325 -1.003957 -0.7968737 0.88789266 994.88 
20150625180853 0.9528923 -9.826403 1.0432734 -1.0112875 -0.8381071 1.0280862 994.88 
20150625180853 1.6765398 -11.227609 1.3910311 -1.0732902 -0.58062744 0.9669997 994.88 
20150625180853 0.3597288 -11.930307 1.9788077 -1.0390818 -0.6206391 0.8723156 994.88 
20150625180853 -1.9021933 -13.784616 -0.027533319 -0.77213365 -0.5354234 0.5842926 994.93 
20150625180853 1.3084313 -13.478158 1.3664906 -0.28680122 -0.6753115 0.30848694 994.93 
20150625180853 3.965995 -14.242507 2.7401638 0.004276057 -0.8017606 0.3643811 994.93 
20150625180853 4.706402 -14.547768 2.902371 0.3032946 -0.7867944 0.49663344 994.93 
20150625180853 2.9933507 -10.282497 1.2814964 1.0638218 -0.71685034 0.19975294 994.93 
20150625180853 0.83737206 -9.671976 1.6747441 1.7348573 -0.43157628 -0.5888741 994.93 
20150625180853 -3.5045128 -13.775638 1.0642227 2.4306328 0.4792238 -1.1954633 994.93 
20150625180853 -5.0984526 -15.987282 -3.2231941 3.2513304 0.269697 -1.5699236 994.93 
20150625180853 -10.05445 -19.608511 -1.9590555 2.9907963 0.011911872 -1.6022996 994.93 
20150625180853 -7.37055 -16.844406 -2.532467 1.813048 0.7370089 -1.2760975 994.86 
20150625180853 -5.5790887 -12.978369 -2.1392193 1.6270396 1.8719965 -0.048563786 994.86 
20150625180853 -0.47046062 -11.257536 1.0247183 2.3209825 0.77640975 0.37720928 994.86 
20150625180853 2.135628 -10.59554 4.1515455 2.0271564 -1.6957619 0.16737708 994.86 
20150625180853 0.046088383 -8.416218 -0.04129998 2.1071796 -1.7498235 -1.0430524 994.86 
20150625180853 -0.4794389 -4.298789 -5.303157 2.3099868 -1.2611313 -1.8851302 994.86 
20150625180853 -1.460463 -2.0524294 -3.2196028 1.9975294 0.698219 -1.7192802 994.86 
20150625180853 -1.8980033 -1.9446903 -3.2345665 1.502423 1.7229455 -1.2742649 994.86 
20150625180853 -2.5181017 -1.1821371 -3.2603042 1.2522738 0.7510588 -1.1508701 994.86 
20150625180853 -3.116652 -1.6705543 -1.827973 0.9092729 0.89675015 -0.95447695 994.94 
20150625180853 -3.2531216 -1.8848352 -0.26156655 0.6994407 1.0910053 -0.6236934 994.94 
20150625180853 -4.119224 -2.1625626 0.6332663 0.1994475 1.4086553 -0.24220806 994.94 
20150625180853 -3.3842041 -5.9023056 0.8996213 -0.36896262 1.5060883 0.18020524 994.94 
20150625180853 -4.0539823 -14.374188 6.103419 -1.4288138 1.7299703 0.67164636 994.94 
20150625180853 -0.6943185 -19.608511 12.323555 -2.6203065 1.6600263 0.78954333 994.94 
20150625180853 1.5275006 -19.608511 19.608511 -2.8383853 1.4605788 0.9184359 994.94 
20150625180853 1.8764555 -3.3207579 10.357317 0.30818152 0.89858276 0.3109304 994.94 
20150625180853 -5.819706 -6.3272767 -4.7363296 2.7776043 -1.6856827 -1.0277808 994.94 
20150625180853 -4.2538977 -13.58051 -15.813104 0.91996306 -1.1630874 -1.2675453 994.91 
20150625180853 -8.881889 -9.0554695 0.2645593 -0.23854288 -0.39461896 0.25228736 994.91 
20150625180853 1.7585411 -8.701127 4.5723267 0.18784106 -0.40683624 0.63804877 994.91 
20150625180853 2.6144683 -4.9907136 -5.86759 -0.33078352 -2.286163 -0.26450464 994.91 
20150625180853 -5.916671 -8.267777 -11.0378685 0.9978484 1.7024814 -0.13225232 994.91 
20150625180853 -6.941389 -13.637373 -5.7760115 -1.5656476 -0.30482176 0.5626069 994.91 
20150625180853 0.985214 -12.509704 6.1369376 -2.5485299 -0.5119051 0.63041294 994.91 
20150625180853 0.4950012 -11.756129 -0.81283146 -2.5998425 -0.7287622 0.8539896 994.91 
20150625180853 -1.2731167 -10.468048 -3.4219127 -1.8133535 -0.8542951 0.18753563 994.91 
20150625180853 -0.64703304 -5.2810106 -2.7485435 -2.0366247 -0.54702985 -0.21533 994.83 
20150625180853 -0.7236475 -4.158728 -0.24959552 -1.7400496 -0.7275405 0.025045475 994.83 
20150625180853 -3.2626984 -7.433996 0.40761283 -1.0204504 -0.49327368 0.37201694 994.83 
20150625180853 -2.9765913 -8.198345 -2.1170728 -1.2189816 -0.0030543262 0.35246924 994.83 
20150625180853 -1.6460136 -9.466674 -1.6861166 -1.675298 -0.027794369 0.3295618 994.83 
20150625180854 0.021547815 -10.7356 0.39145198 -1.2886202 -0.43401974 0.72204274 994.83 
20150625180854 0.2160767 -9.667188 2.4839842 -1.2202033 -0.9434814 0.9819659 994.83 
20150625180854 -0.075417355 -10.8595 0.7966706 -1.235475 -0.76083267 1.01312 994.83 
20150625180854 2.1697452 -12.65994 1.7908629 -1.1615603 -0.56321776 0.929126 994.83 
20150625180854 1.6484078 -12.943653 2.0416555 -1.010982 -0.7855727 0.84513205 994.94 
20150625180854 0.24899697 -13.722367 0.66858083 -0.6270532 -0.98837996 0.58093286 994.94 
20150625180854 1.453879 -12.850878 2.2397757 -0.05955936 -0.99021256 0.31795537 994.94 
20150625180854 3.1998506 -14.654908 3.822343 0.15699236 -0.8527679 0.312763 994.94 
20150625180854 4.2155905 -12.831724 2.2188265 0.70921457 -0.6872234 0.35979962 994.94 
20150625180854 2.36188 -9.697116 1.839944 1.5964963 -0.98563105 -0.17562376 994.94 
20150625180854 -1.328782 -12.891579 0.33399114 2.264783 -0.30940324 -1.0855075 994.94 
20150625180854 -4.4143095 -17.025167 -1.7465701 3.1920764 0.24984388 -1.5830573 994.94 
20150625180854 -8.146272 -19.608511 -1.7555484 3.1450398 0.061086524 -1.6771306 994.94 
20150625180854 -6.882133 -16.968306 -1.6879122 2.257758 0.44165558 -1.3139712 994.84 
20150625180854 -5.7005944 -13.283031 -2.4678235 2.019826 1.3778065 -0.1777618 994.84 
20150625180854 -2.0452468 -10.996569 1.4580688 2.282498 0.49418998 0.34025195 994.84 
20150625180854 2.6749218 -9.120711 4.473566 1.9520199 -1.2647965 0.19914207 994.84 
20150625180854 0.9588778 -8.624513 -0.13347675 1.8463402 -1.8264871 -0.47494772 994.84 
20150625180854 -0.81642276 -5.9717374 -4.7842135 1.9382755 -1.2067643 -1.8142698 994.84 
20150625180854 -1.5855601 -2.8072014 -5.513248 1.8225164 0.82650065 -1.8985692 994.84 
20150625180854 -3.0550013 -1.4431051 -3.5164838 1.4825699 1.9129245 -1.3084733 994.84 
20150625180854 -3.0992942 -1.5508442 -3.4739866 1.3796391 1.1881329 -1.1847731 994.84 
20150625180854 -3.3836055 -1.477821 -2.1098902 1.4495832 0.90224797 -1.0418307 994.92 
20150625180854 -4.1264067 -1.6633717 -0.05925649 0.9462303 1.5357152 -0.8536842 994.92 
20150625180854 -4.1683054 -2.268506 1.2785037 0.23945917 1.5653422 -0.48441613 994.92 
20150625180854 -3.7774518 -5.9681463 2.3493104 -0.35277468 1.6166549 0.03604105 994.92 
20150625180854 -3.674501 -14.545374 7.2873516 -1.4156802 1.6545285 0.5357288 994.92 
20150625180854 1.0905589 -19.608511 12.036849 -2.5579982 1.4929546 0.6627888 994.92 
20150625180854 2.1918917 -19.594746 19.413982 -2.6933048 1.4184291 0.76144356 994.92 
20150625180854 -0.6194997 -3.9749734 9.698313 0.3594942 1.026559 0.31031954 994.92 
20150625180854 -7.805696 -8.671799 -5.242703 2.3417518 -1.7999145 -0.7641924 994.92 
20150625180854 -1.9458874 -12.943653 -11.393407 0.7678576 -1.5085317 -0.7281514 995.01 
20150625180854 -6.1357403 -7.9631147 -0.023343466 0.09468412 0.04153884 0.41355577 995.01 
20150625180854 1.7878702 -9.498995 4.733337 0.32742378 -0.35613444 0.4297437 995.01 
20150625180854 2.3780408 -6.911462 -6.6283474 -0.3032946 -1.8832976 -0.17012598 995.01 
20150625180854 -5.775413 -9.568427 -10.288484 0.5522222 1.5381587 -0.08032878 995.01 
20150625180854 -5.9424086 -13.008895 -2.9879637 -1.8072448 -0.5882632 0.36896262 995.01 
20150625180854 -1.1133038 -10.967838 4.437054 -2.240043 0.058643065 0.40133846 995.01 
20150625180854 -2.5342624 -9.105747 -3.4213142 -2.2635612 -0.13775012 0.6001751 995.01 
20150625180854 -1.0360907 -9.439739 -4.4999022 -1.7250835 -0.31581733 0.40011674 995.01 
20150625180854 0.6075287 -6.351817 -1.3329718 -2.2321017 -0.84299403 0.3378085 994.81 
20150625180854 2.6779146 -6.06571 -0.6943185 -1.5916094 -1.2339478 -0.09040806 994.81 
20150625180854 -2.4827871 -6.991069 1.8405426 -0.9828822 -0.66981375 0.07360926 994.81 
20150625180854 -5.561132 -8.009802 -2.7928362 -1.5555683 0.22907446 0.24678956 994.81 
20150625180854 -2.681506 -9.353547 -1.0043676 -1.2608259 0.06505715 0.108123146 994.81 
20150625180854 1.1558008 -11.394605 1.1683705 -1.1624765 -0.018325957 0.66431594 994.81 
20150625180854 1.3844471 -10.008362 2.2266076 -1.069625 -0.79168135 1.0290025 994.81 
20150625180854 -0.077811554 -10.356718 1.2312182 -1.0842859 -0.8237518 1.0445796 994.81 
20150625180854 0.091578215 -11.394605 1.666963 -1.065349 -0.69913524 0.87872964 994.81 
20150625180854 0.70509243 -13.156138 0.4189853 -0.95814216 -0.80970186 0.7147123 994.9 
20150625180855 2.6078842 -14.044387 0.81642276 -0.52778757 -0.6640105 0.59315014 994.9 
20150625180855 4.4017396 -13.8959465 3.067571 -0.12583824 -1.033584 0.56016344 994.9 
20150625180855 2.5893292 -14.759056 4.0976763 0.046731193 -0.9114109 0.5555819 994.9 
20150625180855 2.2667105 -12.695254 1.8674773 0.6404922 -0.5992588 0.2938262 994.9 
20150625180855 1.7304093 -8.595782 2.1272483 1.5561792 -0.74097955 -0.23640485 994.9 
20150625180855 -2.171541 -11.328764 1.6627731 2.2149973 -0.16890424 -0.956615 994.9 
20150625180855 -4.2060137 -15.491682 -1.9303252 3.2983668 0.34605515 -1.3918564 994.9 
20150625180855 -7.1712327 -19.36191 -4.702811 3.457192 -0.2773328 -1.5057828 994.9 
20150625180855 -7.359776 -19.484013 0.15382746 2.2354615 -0.16279559 -1.5057828 994.88 
20150625180855 -5.6766524 -14.7794075 -1.0253168 1.2473868 1.3759739 -0.5858198 994.88 
20150625180855 -3.0657754 -11.546637 1.1150994 2.1148155 0.605062 0.16615535 994.88 
20150625180855 1.9985598 -8.401254 2.943671 2.1029036 -2.0289888 0.22052236 994.88 
20150625180855 0.8655039 -7.9451585 -1.9309237 1.9758437 -2.0387628 -0.30848694 994.88 
20150625180855 -0.32800564 -5.9627595 -5.243302 2.2296581 -1.044885 -1.7898352 994.88 
20150625180855 -0.7032967 -2.8173769 -3.8349125 1.8536706 0.86009824 -2.022575 994.88 
20150625180855 -1.8632874 -1.9297266 -3.0657754 1.3151928 1.990199 -1.5271631 994.88 
20150625180855 -2.2816741 -1.3868413 -3.3117795 1.1133019 1.1221595 -1.244027 994.88 
20150625180855 -2.878429 -1.2401965 -1.2240356 1.0592403 0.86315256 -1.0903945 994.9 
20150625180855 -3.6792896 -1.6741456 -0.61650693 0.8857546 1.2525792 -0.8008443 994.9 
20150625180855 -5.040992 -1.9800048 0.012569559 0.35185838 1.5699236 -0.5036584 994.9 
20150625180855 -3.7325604 -5.249287 2.1529858 -0.2049453 1.5885551 -0.029626964 994.9 
20150625180855 -3.1681273 -16.919823 7.389105 -1.1261301 1.6410894 0.4868596 994.9 
20150625180855 2.7862523 -19.608511 16.655264 -2.2119431 1.4792101 0.7296785 994.9 
20150625180855 1.002572 -18.889055 18.428768 -2.921463 1.353372 0.7480045 994.9 
20150625180855 -0.08319851 -0.6596026 8.44016 -0.48716503 1.0867293 0.2678644 994.9 
20150625180855 -4.710592 -3.879804 -6.244078 2.8170052 -1.5833627 -0.6808093 994.9 
20150625180855 -1.8249803 -14.558542 -13.485341 1.5653422 -1.4682146 -1.2009611 995.01 
20150625180855 -7.8505874 -12.320562 -0.7218518 0.06688975 0.05589417 -0.25534168 995.01 
20150625180855 0.2124854 -10.531495 8.655039 -0.22571471 0.6423248 1.0231993 995.01 
20150625180855 -1.6723499 -5.4539914 -4.8027687 -0.56046885 -1.7308867 0.03268129 995.01 
20150625180855 -6.3380504 -5.6736593 -11.772888 0.50915617 -0.6053675 -0.35643986 995.01 
20150625180855 -5.100847 -11.801021 -7.2490444 0.66706485 1.9004018 0.43279803 995.01 
20150625180855 0.47764325 -13.637373 4.8362875 -1.8258762 -0.18967366 0.64904433 995.01 
20150625180855 1.7274165 -13.233352 -0.5542577 -2.9614747 -0.22327125 0.5833763 995.01 
20150625180855 0.45429978 -10.653001 -2.690484 -2.7146852 -1.9645426 0.59040123 995.01 
20150625180855 0.0676362 -4.9841294 -1.7310078 -2.143526 -1.2406673 0.10629055 994.87 
20150625180855 -1.0696096 -4.824915 -1.0875661 -1.7540996 -1.2712106 -0.0076358155 994.87 
20150625180855 -2.6683378 -7.3148847 0.3609259 -1.1371256 -0.7281514 0.2687807 994.87 
20150625180855 -2.3750482 -7.7254906 -2.873042 -1.001819 -0.45875978 0.5335908 994.87 
20150625180855 -1.4802152 -9.448118 -0.9175778 -1.6902641 -0.2843578 0.40011674 994.87 
20150625180855 -1.0414777 -10.48002 0.3657143 -1.4239268 -0.105374254 0.6065892 994.87 
20150625180855 -0.3705027 -10.111312 1.2497733 -1.3371841 -0.40958515 0.83016586 994.87 
20150625180855 0.95349085 -10.878056 1.5556326 -1.210735 -0.6783658 0.97097033 994.87 
20150625180855 2.6767175 -12.631209 2.2840683 -1.1398746 -0.55955255 1.072374 994.87 
20150625180855 2.1152773 -13.119028 2.0667946 -1.0827587 -0.5726862 1.0451905 994.93 
20150625180855 0.415394 -13.48175 1.6406267 -0.8347474 -1.1447614 0.70066243 994.93 
20150625180855 1.9740193 -12.799402 1.6292542 -0.25870144 -0.9819659 0.41141775 994.93 
20150625180855 3.1651347 -14.052767 4.4687777 0.08582657 -0.9263771 0.24617869 994.93 
20150625180855 3.787627 -11.993753 1.9632454 0.4990769 -0.6569856 0.36987892 994.93 
20150625180855 1.8016368 -8.655039 2.1625626 1.2592987 -0.6924158 0.1386664 994.93 
20150625180856 -2.3349452 -11.674128 1.5209166 2.005165 -0.7156286 -0.67256266 994.93 
20150625180856 -3.4278982 -15.799337 -1.5921441 2.8356364 0.21533 -1.4908166 994.93 
20150625180856 -7.395689 -19.608511 -3.0508115 3.3432655 -0.19364429 -1.6780468 994.93 
20150625180856 -6.5666966 -19.46845 -2.1452048 2.6691756 -0.26206118 -1.7684549 994.86 
20150625180856 -4.626795 -14.237719 -2.3720553 1.7599027 1.0564915 -1.1191051 994.86 
20150625180856 -1.8106151 -10.445304 3.9803603 1.9040669 1.5128077 0.116980694 994.86 
20150625180856 1.3940239 -7.9313917 5.886145 2.0030272 -0.7351763 0.23151793 994.86 
20150625180856 0.0796072 -7.7889366 -1.6843209 1.9437732 -2.2766948 -0.21624629 994.86 
20150625180856 -0.5979519 -4.9374423 -4.9781437 2.195755 -2.1154263 -1.4944818 994.86 
20150625180856 -0.8948329 -2.4678235 -4.589086 1.8707749 0.29077184 -2.0045543 994.86 
20150625180856 -1.9818004 -1.8537107 -4.2437224 1.3680327 2.1728477 -1.5946637 994.86 
20150625180856 -2.6791117 -1.8579005 -3.2315738 1.3261884 1.2296717 -1.2623531 994.86 
20150625180856 -3.1555579 -1.8662802 -1.7501614 1.3881912 0.9126327 -1.1090258 994.94 
20150625180856 -4.252701 -2.2158337 -0.2908955 1.0341948 1.1560625 -0.8222246 994.94 
20150625180856 -5.068525 -1.9207484 0.7134721 0.47067168 1.7006488 -0.50518554 994.94 
20150625180856 -3.7056258 -6.4739213 2.0979192 -0.07452556 1.6807957 -0.015271631 994.94 
20150625180856 -2.5887306 -15.571289 6.1626754 -1.0048733 1.6853772 0.54092115 994.94 
20150625180856 2.814384 -19.608511 14.589666 -2.2131648 1.4633276 0.8570439 994.94 
20150625180856 1.2078748 -19.458275 18.491018 -3.0686815 1.2910637 0.9098838 994.94 
20150625180856 -0.0047884034 -0.97982705 8.755595 -0.87689704 1.3716979 0.68508536 994.94 
20150625180856 -6.266823 -2.380435 -8.974665 2.408947 -0.9465357 -0.48288897 994.94 
20150625180856 -5.7245364 -12.716803 -12.023681 1.4966198 -1.5329664 -1.0183123 994.96 
20150625180856 -8.778939 -13.918692 4.3424835 0.22999077 -0.5705481 -0.30115658 994.96 
20150625180856 2.0147207 -18.118122 0.9271546 -0.2968805 0.03481932 1.0079277 994.96 
20150625180856 1.1719618 -6.067506 -4.530428 -0.80909103 -2.127949 0.56138515 994.96 
20150625180856 -7.033566 -3.4464533 -10.64043 0.9764681 0.81061816 0.1133155 994.96 
20150625180856 -7.0844426 -11.279084 -7.472902 0.06047566 0.92271197 0.058643065 994.96 
20150625180856 -0.30945057 -13.490129 3.7259765 -1.4779885 -0.37201694 0.13164146 994.96 
20150625180856 1.0666169 -12.206838 -0.025139118 -2.483778 0.41630468 0.6627888 994.96 
20150625180856 -1.1623849 -8.871715 -3.4751837 -2.5851817 -1.4416419 0.9129381 994.96 
20150625180856 -1.2108675 -5.3420625 -3.1896753 -2.2666154 -1.4645494 -0.0070249503 994.9 
20150625180856 -0.9044097 -5.66947 -0.581791 -1.6652187 -0.9789116 -0.3463606 994.9 
20150625180856 -1.8806454 -7.8356237 0.79846627 -0.9468411 -0.786489 0.06383542 994.9 
20150625180856 -1.0576386 -8.359355 -1.1827357 -1.2360858 -0.58032197 0.51893 994.9 
20150625180856 0.108936176 -9.4535055 0.3800795 -1.572978 -0.91629785 0.49235737 994.9 
20150625180856 1.5771804 -10.193314 1.4065934 -1.3130548 -0.4642576 0.63071835 994.9 
20150625180856 1.2180501 -9.911995 1.5616181 -1.1951579 -0.86834496 0.799928 994.9 
20150625180856 -0.5859809 -10.138845 1.7441759 -1.1404854 -0.93554014 0.8762862 994.9 
20150625180856 -0.24600422 -11.402386 0.7553706 -1.0656544 -0.68416905 0.86345804 994.9 
20150625180856 1.8375498 -13.013683 1.6454151 -1.073901 -0.2489276 0.94897914 994.9 
20150625180856 1.4041992 -13.40753 1.2330139 -0.88361657 -0.5045747 0.8399397 994.9 
20150625180856 0.6901286 -12.944251 2.333748 -0.42577308 -0.6786713 0.66156703 994.9 
20150625180856 1.6460136 -14.863803 3.7612908 -0.06078109 -1.0137309 0.4202753 994.9 
20150625180856 4.4316673 -13.016676 2.4528596 0.31398472 -0.71959925 0.33169982 994.9 
20150625180856 4.1491513 -8.465898 1.7495629 1.0555751 -0.5564982 0.2782491 994.9 
20150625180856 0.56922144 -9.88925 1.857302 1.8310685 -0.7486154 -0.33628133 994.9 
20150625180856 -2.7275944 -15.449783 -0.40641573 2.6077838 0.06291912 -1.2880094 994.9 
20150625180856 -6.682217 -19.608511 -3.5817258 3.3310483 0.00580322 -1.6380352 994.9 
20150625180856 -8.34499 -19.594746 0.350152 2.9816332 -0.33841935 -1.9624046 994.85 
20150625180857 -5.1487308 -13.810354 -2.885013 1.7189748 0.58001655 -1.5134187 994.85 
20150625180857 -1.3102269 -11.213842 0.5351041 1.7150042 1.7519615 -0.02565634 994.85 
20150625180857 2.8335378 -10.873865 7.903858 2.4110851 0.20066923 0.2275473 994.85 
20150625180857 1.4850036 -9.868899 1.1522095 2.0100522 -1.9761491 -0.023823744 994.85 
20150625180857 -0.6805518 -6.9449806 -4.783615 2.144748 -1.9000963 -1.4349225 994.85 
20150625180857 -1.2838906 -3.163339 -5.7143607 1.9459113 -0.29077184 -2.13925 994.85 
20150625180857 -3.0490158 -1.6346412 -4.936844 1.6664404 2.4135287 -1.7192802 994.85 
20150625180857 -3.1429882 -1.4089876 -2.914342 1.4135422 2.207056 -1.3115277 994.85 
20150625180857 -2.830545 -1.6142905 -3.0119057 1.4504995 1.2831224 -1.260215 995.02 
20150625180857 -3.7367504 -1.5640123 -0.22984336 1.0076222 1.3115277 -1.1267409 995.02 
20150625180857 -4.405331 -1.5358804 0.84096336 0.5684101 1.6395624 -0.7290677 995.02 
20150625180857 -4.404134 -5.1397524 0.5117606 0.092240654 1.8759671 -0.28527406 995.02 
20150625180857 -4.4113164 -11.832744 4.010886 -0.61178154 1.9938642 0.3213151 995.02 
20150625180857 -2.3331497 -19.603724 8.3408 -1.5241088 2.0042489 0.8060367 995.02 
20150625180857 -0.5847838 -19.608511 19.608511 -2.7705793 1.6655241 0.91415983 995.02 
20150625180857 1.614889 -7.518392 9.221867 -1.9016235 1.5274686 0.8573494 995.02 
20150625180857 -2.235586 -1.7902644 -0.760159 1.777007 0.073303826 0.07849618 995.02 
20150625180857 -3.205836 -17.818846 -12.520478 2.4636195 -2.2632558 -1.2165382 994.96 
20150625180857 -3.0256724 -9.564238 -6.139332 0.6921103 -0.6985244 -1.0442741 994.96 
20150625180857 -2.6222494 -5.9400144 10.016143 -0.04734206 -0.09773844 0.96486163 994.96 
20150625180857 -4.6698904 -4.631583 -3.2243912 0.17073683 -1.1304061 -0.16707164 994.96 
20150625180857 -2.0153193 -9.065046 -14.650719 0.13561209 -1.5891659 -0.73761976 994.96 
20150625180857 -5.1439424 -14.415488 -7.8039002 1.1166617 2.5283713 0.8750645 994.96 
20150625180857 0.008978256 -13.4195 3.5901055 -2.082745 -0.3387248 1.1371256 994.96 
20150625180857 0.99060094 -10.816404 0.34356794 -2.8744264 -1.0173961 0.53786683 994.96 
20150625180857 -0.06464344 -11.349713 -1.6394296 -2.5720482 -1.7061466 0.14844026 994.96 
20150625180857 -0.717662 -8.509591 -2.3235726 -2.006387 -0.68386364 -0.049785517 994.84 
20150625180857 -1.5376761 -4.4220905 -0.25198972 -2.0873265 -1.255328 0.10842858 994.84 
20150625180857 -2.3421278 -6.791752 -1.1264719 -1.5848899 -0.5390886 0.15118915 994.84 
20150625180857 -2.5941176 -7.121553 -0.86251116 -0.9230174 -0.0036651916 0.44318274 994.84 
20150625180857 -2.610877 -8.236652 -1.0761937 -1.6319265 0.31031954 0.3979787 994.84 
20150625180857 -2.0129251 -10.338761 -1.1306617 -1.4859297 0.11911872 0.49480084 994.84 
20150625180857 -0.034715924 -10.630256 1.0594343 -1.3002267 -0.21135938 0.74372846 994.84 
20150625180857 0.25857377 -10.2735195 2.6390088 -1.2733486 -0.7119634 0.9416488 994.84 
20150625180857 0.74519527 -11.686098 1.7633295 -1.3271047 -0.6600399 1.1618657 994.84 
20150625180857 2.48578 -12.545018 2.147599 -1.1951579 -0.60903263 1.0735956 994.93 
20150625180857 2.7790697 -12.687473 1.5969325 -0.89888823 -1.0714576 0.8051204 994.93 
20150625180857 2.8634653 -12.059594 1.9452889 -0.48166725 -1.0256428 0.65026605 994.93 
20150625180857 2.5073278 -13.533225 3.8666358 -0.06811147 -1.0329732 0.45631635 994.93 
20150625180857 3.968988 -13.327922 2.5133133 0.23823744 -0.7984009 0.3155119 994.93 
20150625180857 3.067571 -9.102755 1.3192052 0.94042706 -0.453262 0.19761491 994.93 
20150625180857 -0.6973112 -10.140641 1.2413936 1.7024814 -0.6230826 -0.43096542 994.93 
20150625180857 -2.9658175 -15.007455 -0.39983168 2.375044 0.32070425 -1.3182472 994.93 
20150625180857 -6.045359 -19.454685 -4.045004 3.0925052 0.27275133 -1.6716328 994.93 
20150625180857 -9.137471 -19.608511 -1.1671734 2.871983 -0.20830505 -1.9501873 994.86 
20150625180857 -6.1123967 -15.308526 -2.2092497 1.6881261 0.50823987 -1.577254 994.86 
20150625180857 -5.4982843 -14.06354 -0.28431144 1.4257594 1.8020525 -0.09315695 994.86 
20150625180857 0.76075757 -10.238205 7.479486 2.5592198 0.65087694 0.37384954 994.86 
20150625180857 1.0606314 -9.800665 1.0420763 2.4394903 -2.2073615 0.269697 994.86 
20150625180857 -0.4165911 -7.3178773 -3.8432922 2.6190848 -2.4422393 -0.8344419 994.86 
20150625180858 -1.0737995 -3.7110126 -3.5691562 2.1429152 -1.2370021 -2.1526892 994.86 
20150625180858 -1.5173253 -1.927931 -4.2281604 1.7333301 1.4327844 -1.9727893 994.86 
20150625180858 -2.1751323 -1.3347675 -2.6922798 1.559539 1.2257011 -1.4382823 994.86 
20150625180858 -2.4893713 -1.2779051 -3.1429882 1.7208074 1.0317514 -1.1960741 995.08 
20150625180858 -3.6212301 -2.28347 -0.142455 1.2767084 1.3295482 -1.1090258 995.08 
20150625180858 -4.0001125 -0.52373165 1.2940661 0.6618725 1.4123205 -0.7162395 995.08 
20150625180858 -3.3494883 -4.0240545 1.30484 0.16707164 1.8527542 -0.29077184 995.08 
20150625180858 -2.554613 -9.473258 3.6254199 -0.56291234 1.9825631 0.19333886 995.08 
20150625180858 -1.4215573 -17.371729 6.6600704 -1.5839735 2.1157317 0.61941737 995.08 
20150625180858 0.9271546 -19.608511 19.434933 -2.7262917 1.7983873 0.74128497 995.08 
20150625180858 -1.8818425 -13.218388 13.627197 -2.0839667 1.3643675 0.93401295 995.08 
20150625180858 -2.3391352 0.9923966 1.721431 0.9810496 0.32895094 0.2874121 995.08 
20150625180858 -4.1641154 -11.886014 -13.278841 1.7412714 -1.9281962 -0.66339964 994.95 
20150625180858 -6.785766 -12.202647 -4.817134 1.1166617 -0.83108217 -0.73639804 994.95 
20150625180858 -0.6823475 -11.310209 5.269638 0.073303826 0.20189096 0.36682457 994.95 
20150625180858 1.5155296 -10.263344 -0.25737667 -0.32345316 -1.6328428 0.6188065 994.95 
20150625180858 -2.1877017 -6.927024 -9.687539 0.20463985 -0.5531385 0.12308934 994.95 
20150625180858 -5.0362034 -8.627506 -8.41502 0.464563 1.0485502 0.4120286 994.95 
20150625180858 -2.0093338 -11.18152 -0.50158525 -1.3686435 -0.77946407 0.46273044 994.95 
20150625180858 0.31603462 -12.432491 1.5664065 -2.182927 -0.10476339 0.39400807 994.95 
20150625180858 0.008978256 -11.42932 -1.4969746 -2.7763824 -0.5714644 0.5030475 994.95 
20150625180858 -0.724246 -7.345411 -2.2786815 -2.5234842 -0.9944886 0.19058995 994.84 
20150625180858 -1.2575544 -4.646547 -1.3988123 -2.0803015 -1.3356569 -0.1994475 994.84 
20150625180858 -3.0382419 -6.625953 0.7751228 -1.3564262 -0.42546764 -0.17654006 994.84 
20150625180858 -3.4320881 -7.1023993 -1.8866309 -0.8374963 -0.113926366 0.3200934 994.84 
20150625180858 -2.03567 -8.1642275 -1.335366 -1.6643023 -0.23548855 0.355829 994.84 
20150625180858 -0.31244332 -10.366894 -0.23403321 -1.3991868 0.0021380284 0.46395215 994.84 
20150625180858 1.134253 -10.854114 1.5819688 -1.2641857 -0.4092797 0.691194 994.84 
20150625180858 0.46866497 -10.191518 1.8950106 -1.221425 -0.91324353 0.8576548 994.84 
20150625180858 -0.14185645 -11.423933 1.0684125 -1.1936307 -0.93951076 0.93554014 994.84 
20150625180858 0.7727286 -12.898762 1.7579426 -1.0910053 -0.505491 0.9416488 994.89 
20150625180858 1.6310499 -13.781624 0.7529764 -0.91324353 -0.72112644 0.72051555 994.89 
20150625180858 3.335123 -13.365631 1.6256629 -0.54244834 -0.64843345 0.6114761 994.89 
20150625180858 2.967613 -14.126987 3.8762126 -0.1740966 -1.0708468 0.49480084 994.89 
20150625180858 3.0933087 -14.186842 3.5140896 0.10048734 -0.9062186 0.40622538 994.89 
20150625180858 2.7623103 -10.20289 1.6502035 0.7309003 -0.61117065 0.22815818 994.89 
20150625180858 0.43634325 -8.126519 2.191293 1.6081028 -0.84665924 -0.25259277 994.89 
20150625180858 -2.8939912 -13.772645 0.8475474 2.2834144 -0.11453723 -1.0858129 994.89 
20150625180858 -5.453393 -18.757973 -3.0017304 3.0714304 0.18173242 -1.5647314 994.89 
20150625180858 -9.211093 -19.608511 -0.6368576 3.2107077 -0.21044308 -1.7944167 994.88 
20150625180858 -6.237494 -16.898874 -2.4259248 2.05434 0.1282817 -1.575116 994.88 
20150625180858 -4.0946836 -12.3516865 -2.4791958 1.6493362 1.50731 -0.23273966 994.88 
20150625180858 0.7320272 -8.925584 3.7002387 2.3478606 0.83169305 0.47983465 994.88 
20150625180858 1.5125369 -8.297106 4.344279 1.9727893 -1.3368785 0.37690386 994.88 
20150625180858 0.28790274 -6.703765 -1.9387048 2.0329595 -1.6850718 -0.73792523 994.88 
20150625180858 -0.88765025 -4.0665517 -5.6898203 2.067168 -1.7079792 -1.8148806 994.88 
20150625180858 -1.9614497 -2.0632033 -4.8787847 1.6530013 0.6600399 -1.8133535 994.88 
20150625180858 -3.0220811 -1.3856442 -3.3554738 1.3161092 2.0247128 -1.3359623 994.88 
20150625180858 -2.6491842 -1.4359225 -3.3117795 1.2370021 1.2626585 -1.1921035 995.11 
20150625180858 -3.4859576 -1.9393034 -0.81163436 1.255328 0.7870999 -1.0308352 995.11 
20150625180859 -4.156334 -1.453879 -0.022744916 0.8035932 1.4321736 -0.7623598 995.11 
20150625180859 -4.31076 -4.421492 1.271321 0.13164146 1.5531249 -0.40225476 995.11 
20150625180859 -3.318962 -10.960655 3.2626984 -0.53969944 1.785559 0.15363261 995.11 
20150625180859 -0.10534488 -19.457678 8.570643 -1.4648548 1.7632625 0.56016344 995.11 
20150625180859 2.741361 -19.608511 19.608511 -2.7250698 1.5418239 0.7993172 995.11 
20150625180859 0.47644615 -9.057863 12.51569 -1.8891008 1.5448782 0.600786 995.11 
20150625180859 -1.9847932 2.8006175 -1.5502456 2.033876 -0.24862215 -0.24190263 995.11 
20150625180859 -6.241684 -11.560403 -12.986749 2.502104 -1.7867808 -1.0421361 994.98 
20150625180859 -4.537611 -15.91366 -9.061455 0.81306165 -0.77579886 -0.7788532 994.98 
20150625180859 -1.501763 -9.749189 5.7706246 -0.23396139 0.37690386 1.0500773 994.98 
20150625180859 -5.5737014 -10.432734 1.9255368 -0.40133846 -0.75991637 0.39614612 994.98 
20150625180859 -5.3498435 -4.158728 -10.50875 -0.19120082 -1.1606439 -0.40500367 994.98 
20150625180859 -7.2526355 -10.226832 -11.267113 1.2266175 2.0607538 0.16493362 994.98 
20150625180859 -0.2873042 -12.72997 -1.7866731 -0.8750645 -0.0036651916 1.03786 994.98 
20150625180859 3.5613751 -12.634202 1.7304093 -2.4990497 -0.21197024 0.8081747 994.98 
20150625180859 2.0242975 -12.710816 -0.7517793 -3.0812044 -1.7171422 0.43371433 994.98 
20150625180859 0.18614918 -7.521983 -1.9003977 -2.6080892 -1.4541647 -0.10842858 994.95 
20150625180859 -1.1923125 -4.3658266 -0.92416185 -1.8255708 -1.427592 -0.31581733 994.95 
20150625180859 -3.151368 -6.853402 -0.37110126 -1.3692545 -1.1200215 -3.0543262E-4 994.95 
20150625180859 -3.2004492 -7.125743 -1.3904326 -0.8720101 -0.35308012 0.36346483 994.95 
20150625180859 -1.9027919 -8.174403 -0.8936358 -1.5323554 -0.026267206 0.3295618 994.95 
20150625180859 -0.2777274 -9.198523 -0.2825158 -1.3707817 -0.20891592 0.58123827 994.95 
20150625180859 0.5859809 -9.965266 2.160767 -1.2709051 -0.29229903 0.78893244 994.95 
20150625180859 -0.91937345 -10.151415 0.46686932 -1.2574661 -0.8155051 0.8753699 994.95 
20150625180859 -1.3970166 -10.257957 0.25617957 -1.181108 -0.8924741 0.9306532 994.95 
20150625180859 0.3345897 -12.469003 0.88286185 -1.061073 -0.49449542 1.035722 994.89 
20150625180859 2.379238 -13.935451 1.1204864 -0.98624194 -0.3042109 1.0415252 994.89 
20150625180859 2.4462755 -13.384186 1.7986441 -0.68875057 -0.6973027 0.83291477 994.89 
20150625180859 2.147599 -14.123995 3.5476084 -0.30909783 -1.2318097 0.5839872 994.89 
20150625180859 4.3077674 -14.863204 4.4801497 0.06627888 -1.2223413 0.29443705 994.89 
20150625180859 5.539584 -10.740988 2.5252843 0.63621616 -0.86101454 0.24740042 994.89 
20150625180859 1.6585833 -8.722076 2.885013 1.5192219 -1.2134838 -0.044898596 994.89 
20150625180859 -1.4652514 -13.196241 1.4706384 2.2266037 -0.47250426 -1.0564915 994.89 
20150625180859 -3.5757403 -18.084602 -2.5037365 2.9749138 -0.08582657 -1.5503759 994.89 
20150625180859 -8.615535 -19.608511 -2.098518 3.1035008 -0.37323865 -1.7589865 994.88 
20150625180859 -5.0721164 -17.911621 -1.3174095 2.0778582 0.20769419 -1.920255 994.88 
20150625180859 -4.4759603 -13.538612 -2.2158337 1.4657712 1.6484199 -0.6591236 994.88 
20150625180859 -0.065242 -10.190321 3.7391446 2.2635612 1.0906999 0.18081611 994.88 
20150625180859 0.97862995 -8.697536 4.909311 2.0983222 -1.5231925 0.093767814 994.88 
20150625180859 -0.3609259 -8.064868 -2.6473885 1.9080375 -1.6297885 -0.78893244 994.88 
20150625180859 -1.0319009 -4.8099513 -5.831078 2.0540345 -1.1630874 -1.981036 994.88 
20150625180859 -2.3828292 -1.9931729 -4.51307 1.6887369 1.2009611 -2.0754147 994.88 
20150625180859 -2.9753942 -0.39743748 -3.7427359 1.3674219 2.4220808 -1.6496416 994.88 
20150625180859 -2.657564 -1.1569979 -3.5895069 1.5213599 1.3396275 -1.4929546 995.07 
20150625180859 -3.016694 -1.3605051 -1.857302 1.4492778 1.1609493 -1.2534955 995.07 
20150625180859 -3.9683893 -1.472434 -0.1328782 0.6768387 1.5467108 -0.98471475 995.07 
20150625180859 -5.3624134 -3.068768 1.2090719 0.34238997 1.8044959 -0.41874814 995.07 
20150625180859 -4.1916485 -8.507197 3.4434607 -0.13408493 2.1270328 0.1572978 995.07 
20150625180859 -2.12246 -17.750013 7.507618 -0.9254609 2.0696115 0.59528816 995.07 
20150625180859 1.1677719 -19.608511 17.6321 -2.3542747 1.9049833 0.8894198 995.07 
20150625180859 -1.0486604 -17.101782 15.881937 -2.4917192 1.7638733 0.9275989 995.07 
20150625180900 -2.0578163 -2.1057005 5.407305 0.37018433 1.0687088 0.4352415 995.07 
20150625180900 -5.1780596 -16.253637 -10.189124 2.3585508 -1.6081028 -0.61758476 994.91 
20150625180900 -0.59495914 -12.039842 -12.109274 1.2757921 -1.1636983 -0.84299403 994.91 
20150625180900 -4.5196543 -3.318962 -0.94211835 0.07574729 -0.2501493 0.6203337 994.91 
20150625180900 -6.3021374 -5.5701103 4.4633904 0.3036 -0.31215215 -0.059253927 994.91 
20150625180900 -2.3983915 -9.75697 -14.627376 -0.5540548 -1.4691309 -0.5717699 994.91 
20150625180900 -4.951209 -13.152547 -8.96449 0.67073005 1.609019 0.7333437 994.91 
20150625180900 -1.1019313 -13.187263 0.27712885 -1.5906931 -0.15241088 1.1722504 994.91 
20150625180900 1.027711 -10.140042 1.2629414 -2.7818804 -0.9459248 0.7883216 994.91 
20150625180900 -0.88166475 -9.987412 -1.7489643 -2.7085764 -1.9679024 0.408058 994.91 
20150625180900 -1.5903485 -8.433576 -2.421735 -2.357329 -0.9596693 0.13255776 994.92 
20150625180900 -1.3784616 -5.587468 -1.9692309 -2.1908681 -1.6636915 0.119729586 994.92 
20150625180900 -2.420538 -7.1622543 -0.81163436 -1.6065756 -0.97494096 0.08155051 994.92 
20150625180900 -2.9460652 -7.6482773 -1.4311341 -0.97158116 -0.20189096 0.4428773 994.92 
20150625180900 -1.8171991 -8.206725 -1.6095021 -1.6869044 -0.10048734 0.50823987 994.92 
20150625180900 -0.11791443 -10.030508 -0.10534488 -1.4935656 -0.4474588 0.6227771 994.92 
20150625180900 0.7308301 -9.938332 2.2469583 -1.3552046 -0.77518797 0.89766645 994.92 
20150625180900 1.846528 -11.346721 2.6809072 -1.235475 -0.98471475 0.9300423 994.92 
20150625180900 2.132635 -12.281656 2.7700913 -1.2843442 -1.0088439 0.9300423 994.92 
20150625180900 0.5758055 -12.356475 2.0506337 -1.1963795 -1.0464121 0.86437434 994.9 
20150625180900 1.5592239 -13.837887 1.0319009 -0.82650065 -0.9993755 0.6545421 994.9 
20150625180900 4.3287168 -12.704831 2.1619642 -0.32895094 -0.9673051 0.53786683 994.9 
20150625180900 3.5649664 -12.800001 4.0037036 -0.03573562 -1.0305296 0.52290064 994.9 
20150625180900 3.882198 -12.356475 2.6366146 0.3323107 -0.99204516 0.38087448 994.9 
20150625180900 3.2094274 -8.397064 2.6916811 1.1765264 -0.7370089 0.042760566 994.9 
20150625180900 -1.3862427 -13.012486 2.3439236 2.0271564 -0.61850107 -0.6728681 994.9 
20150625180900 -2.9245174 -16.098612 -1.1994951 2.9119947 0.5366451 -1.4566082 994.9 
20150625180900 -6.8970966 -19.608511 -4.0863037 3.413515 0.08735373 -1.7715092 994.9 
20150625180900 -7.386112 -19.608511 -1.6795325 2.6416867 0.0061086523 -2.079996 994.87 
20150625180900 -7.299921 -16.497248 -4.4448357 1.409877 1.4181237 -1.4926492 994.87 
20150625180900 -4.56275 -12.8772135 -0.20649989 2.0060816 2.552195 -0.051923547 994.87 
20150625180900 -1.067814 -7.358579 6.1165867 2.4645357 -0.0027488936 0.43890667 994.87 
20150625180900 -0.8972271 -6.633136 0.037708677 2.2418754 -1.8270979 0.50518554 994.87 
20150625180900 -0.3441665 -5.017648 -5.3223104 3.0653217 -1.743104 -0.92485 994.87 
20150625180900 -0.079008654 -3.071761 -3.3842041 2.2250767 -0.6948592 -1.8026633 994.87 
20150625180900 -0.44532153 -2.7886465 -3.9636009 1.3304645 1.5427402 -1.6850718 994.87 
20150625180900 -2.475006 -2.223615 -4.2898107 1.1780536 0.8191703 -1.4175128 994.87 
20150625180900 -4.5992613 -1.3569138 -1.8710686 1.1695015 0.7507534 -1.1930199 995.05 
20150625180900 -2.8395233 -0.023942016 -0.15382746 0.9825767 1.258077 -0.7131852 995.05 
20150625180900 -3.799598 0.094570965 0.2621651 0.5488624 1.6664404 -0.20005837 995.05 
20150625180900 -2.794632 -4.9733553 2.4612393 -0.20066923 1.6328428 0.19120082 995.05 
20150625180900 -3.945046 -16.372747 7.3418193 -1.4908166 1.8955148 0.8191703 995.05 
20150625180900 0.5674258 -19.608511 19.220053 -2.4263568 1.3029755 1.0186177 995.05 
20150625180900 -0.1921347 -16.373945 11.7543335 -2.488665 1.2250903 1.110553 995.05 
20150625180900 -1.5915456 -0.17298107 7.0545154 0.77304995 0.7877107 0.33017266 995.05 
20150625180900 -4.518457 -19.608511 -13.776835 2.6068676 -1.0604621 -0.87598073 995.05 
20150625180900 -0.20649989 -5.3354783 -8.409634 1.1969905 -1.1569787 -0.9932669 994.92 
20150625180900 -5.2875943 1.8782512 6.8222775 0.8338311 -0.52290064 0.48624873 994.92 
20150625180900 -2.7593174 0.27712885 -2.823961 0.8045095 -0.9053023 -0.7189884 994.92 
20150625180901 -2.0733786 -14.589068 -14.949395 0.408058 -0.33322698 -0.8344419 994.92 
20150625180901 -5.6120086 -18.822615 -1.2611457 0.13041973 1.6038266 1.1716396 994.92 
20150625180901 2.89459 -14.479533 1.1971009 -3.4165692 -0.86254174 1.2449434 994.92 
20150625180901 -1.027711 -10.59973 0.9672575 -2.8359418 -1.3448198 1.1142182 994.92 
20150625180901 -1.6849195 -10.423157 -1.8782512 -2.1230621 -1.1410962 0.17745635 994.92 
20150625180901 -1.0193313 -9.058462 -2.496554 -2.270586 -0.8707884 0.06658431 994.92 
20150625180901 -0.80325466 -3.7966053 -0.1340753 -2.2208006 -1.0152581 0.17348573 994.58 
20150625180901 -2.1733365 -6.0944405 -3.684078 -1.4569136 0.090713486 0.082161374 994.58 
20150625180901 -3.4877534 -8.076839 0.26036942 -0.85918194 0.3378085 0.33658674 994.58 
20150625180901 -3.1962593 -8.616732 -1.1947067 -1.4440855 0.44318274 0.38148534 994.58 
20150625180901 -2.9131448 -9.925163 -0.7858967 -1.7006488 0.41050145 0.36102137 994.58 
20150625180901 -0.37708676 -10.670359 1.484405 -1.2641857 -0.3463606 0.5849035 994.58 
20150625180901 1.5688007 -10.018537 0.6254852 -1.133155 -0.68600166 0.92087936 994.58 
20150625180901 2.0919337 -10.611102 3.0765493 -1.2657127 -0.7861836 1.2147056 994.58 
20150625180901 1.9596541 -11.21444 2.392406 -1.2180653 -0.8051204 1.1554517 994.58 
20150625180901 0.8655039 -12.96161 0.5363012 -1.0543534 -0.72082096 0.92485 994.92 
20150625180901 1.9542671 -12.661138 2.1655555 -0.50426924 -0.7150178 0.6065892 994.92 
20150625180901 4.4442368 -11.410167 4.0396166 -0.1572978 -0.5164866 0.4538729 994.92 
20150625180901 4.5280337 -12.681488 3.1064768 0.16218472 -0.82894415 0.45265114 994.92 
20150625180901 3.4506433 -9.361329 0.016759412 0.8579602 -0.7840455 0.28985557 994.92 
20150625180901 0.090381116 -10.198701 1.3060371 1.7806722 -0.7031059 -0.23976462 994.92 
20150625180901 -4.607043 -16.74026 1.3084313 2.4037547 0.069027774 -1.2403619 994.92 
20150625180901 -6.0447607 -19.608511 -4.607641 3.1832187 0.68111473 -1.883603 994.92 
20150625180901 -8.899846 -19.608511 -1.6687586 3.0818152 -0.45540005 -1.9895881 994.92 
20150625180901 -5.1104236 -16.761208 0.6278794 1.6789632 -0.39736784 -1.4859297 994.77 
20150625180901 -6.589442 -13.533824 -1.0199299 0.88606006 1.0268645 -0.20830505 994.77 
20150625180901 -1.4305356 -8.461109 2.4672248 2.2562308 0.33383787 -0.061086524 994.77 
20150625180901 1.395221 -7.642292 1.7944542 2.2015584 -1.5030339 -0.22296582 994.77 
20150625180901 0.17776948 -7.85777 -1.6992847 2.2653937 -0.852157 -0.6078109 994.77 
20150625180901 -1.2437878 -5.873575 -5.461174 2.289523 -0.26419923 -1.8500054 994.77 
20150625180901 -2.2451627 -2.7036524 -3.2932243 1.5583172 0.72021013 -2.2156084 994.77 
20150625180901 -2.1380222 -2.0691888 -4.2957964 1.0002918 1.6194037 -1.7272215 994.77 
20150625180901 -2.3876176 -1.5741876 -3.12982 1.1200215 0.9034697 -1.4498887 994.77 
20150625180901 -2.991555 -1.3377602 -1.7794905 1.248914 1.2608259 -1.1850786 994.91 
20150625180901 -4.1395745 -0.9223662 -0.023942016 0.96944314 1.8967366 -0.84757555 994.91 
20150625180901 -3.8127663 -2.8802247 -0.05746084 0.52778757 2.1792617 -0.29168814 994.91 
20150625180901 -3.091513 -8.087015 2.5851393 -0.21533 1.9257526 0.30085114 994.91 
20150625180901 -3.1387985 -16.15787 6.232107 -1.2935071 1.9370537 0.70738196 994.91 
20150625180901 0.8571242 -19.608511 15.088259 -2.0888536 1.8894062 0.7632761 994.91 
20150625180901 -0.88765025 -18.434755 18.01936 -2.0564778 1.8005253 0.8900307 994.91 
20150625180901 -0.943914 -2.7611132 9.180567 0.30543262 1.0983357 0.3857614 994.91 
20150625180901 -6.4697313 -9.558251 -0.3716998 2.2412646 -1.185384 -0.65240407 994.91 
20150625180901 -1.2366052 -19.466656 -13.444639 1.1414018 -1.4107933 -0.8063421 994.94 
20150625180901 -5.2480903 -6.6522894 -0.93972415 0.3042109 -0.183565 0.014049901 994.94 
20150625180901 -2.4534583 -4.1018662 5.6060233 0.6404922 0.40194935 0.623388 994.94 
20150625180901 -0.29927522 -2.12246 -4.2515035 0.074830994 -1.8952094 -0.7867944 994.94 
20150625180901 -5.1020436 -13.313557 -14.246697 0.6200282 0.5681047 -0.33964106 994.94 
20150625180901 -5.027225 -15.601217 -2.991555 -0.75136423 1.0235047 0.9502009 994.94 
20150625180901 2.27928 -12.578537 3.4392707 -2.7953193 -0.83169305 0.9819659 994.94 
20150625180901 -0.3489549 -10.730812 -1.3742718 -2.2953262 -1.0870347 0.79045963 994.94 
20150625180902 -1.0684125 -12.194268 -2.1332338 -1.8206838 -1.3808609 0.14263703 994.94 
20150625180902 -0.60333884 -7.780557 -2.7419596 -2.65818 -1.3591752 0.012217305 994.87 
20150625180902 0.023942016 -4.586692 -1.2473791 -2.550057 -1.752267 -0.16615535 994.87 
20150625180902 -3.3686419 -7.1460934 0.4818331 -1.3869696 -0.573297 -0.050701816 994.87 
20150625180902 -3.7954082 -7.6494746 -1.638831 -0.6160576 0.3118467 0.37843102 994.87 
20150625180902 -2.6312277 -9.009979 -1.638831 -1.6948457 0.059864793 0.310625 994.87 
20150625180902 -1.596334 -9.706094 -0.10414778 -1.4450017 -0.24190263 0.59528816 994.87 
20150625180902 -1.1162965 -9.388264 0.5746084 -1.2690725 -0.4841107 0.88086766 994.87 
20150625180902 0.24361002 -10.362703 1.400608 -1.2260065 -0.7867944 0.9999864 994.87 
20150625180902 2.1278467 -11.577761 2.3654714 -1.2974777 -0.67011917 1.0467176 994.87 
20150625180902 1.9099745 -11.105505 1.596334 -1.2425 -0.8396343 1.1187997 994.94 
20150625180902 0.8230068 -12.660539 0.5835867 -0.98349303 -0.9954049 0.9147707 994.94 
20150625180902 1.7645266 -12.8688345 0.98581254 -0.6056729 -0.89552844 0.6649268 994.94 
20150625180902 2.996942 -12.516887 3.2154129 -0.21533 -0.9068295 0.49449542 994.94 
20150625180902 3.7828386 -14.665683 3.3854012 0.16371189 -0.8472701 0.41263947 994.94 
20150625180902 2.7419596 -11.882423 1.067814 0.77549344 -0.81000733 0.24190263 994.94 
20150625180902 1.0785879 -9.052477 1.0726024 1.6404786 -0.97524637 -0.3359759 994.94 
20150625180902 -3.918111 -14.867394 1.8854338 2.1111503 -0.26267207 -1.2000448 994.94 
20150625180902 -5.461174 -17.629704 -3.7116113 2.905886 0.3753767 -1.5326608 994.94 
20150625180902 -8.007407 -19.608511 -1.8393455 3.268129 -0.19303341 -1.8704693 994.82 
20150625180902 -5.3618145 -16.745047 2.6767175 1.7928895 -0.8219192 -1.5268577 994.82 
20150625180902 -6.631939 -14.273632 -1.6172832 0.89675015 0.7742717 -0.50488013 994.82 
20150625180902 -0.6242881 -10.153211 2.1691468 2.2867742 0.6420194 -0.09101892 994.82 
20150625180902 1.5783775 -8.31207 2.396596 2.5103507 -1.4563028 0.053145275 994.82 
20150625180902 -0.12030864 -7.747637 -1.9201498 1.9547688 -1.2565498 -0.2959642 994.82 
20150625180902 -1.3293805 -5.379771 -4.435259 2.160325 -0.2507602 -1.720502 994.82 
20150625180902 -1.7298107 -2.8443117 -3.7116113 1.8127426 0.8472701 -1.9419407 994.82 
20150625180902 -1.3245921 -2.2260091 -2.814384 1.5647314 1.4398094 -1.4404203 994.82 
20150625180902 -1.9339164 -2.3540988 -2.1511903 1.5317446 0.8622363 -1.3118331 995.03 
20150625180902 -2.5671828 -2.0811598 -2.0189106 1.395827 0.9202685 -1.1835514 995.03 
20150625180902 -3.3674448 -2.4582467 -0.81283146 0.78954333 1.5980235 -0.9877691 995.03 
20150625180902 -3.7175968 -1.8195933 0.014963761 0.35308012 1.7993035 -0.5314528 995.03 
20150625180902 -3.2603042 -4.7123876 1.0223241 -0.034513887 1.8839084 -0.0036651916 995.03 
20150625180902 -3.4596214 -11.583746 5.979519 -0.75319684 1.9178114 0.3827071 995.03 
20150625180902 -0.24420857 -19.608511 11.940482 -1.9260582 1.8551978 0.70463306 995.03 
20150625180902 3.12982 -19.608511 19.608511 -2.6670377 1.4627168 0.86834496 995.03 
20150625180902 -2.504335 -9.182362 10.399215 -1.0143417 1.2290609 0.6252206 995.03 
20150625180902 -6.157887 -6.4404025 -1.0564415 1.3912456 -0.8717047 -0.52839845 994.88 
20150625180902 -5.7808 -15.995063 -7.5932107 2.0146337 -1.1878275 -0.84391034 994.88 
20150625180902 -2.5953147 -7.530363 -2.408567 0.5314528 -0.21868975 -0.38423425 994.88 
20150625180902 0.28431144 -4.297592 1.1725603 0.7699956 -0.015577064 0.73823065 994.88 
20150625180902 1.6286557 -4.370615 -5.151125 0.34880406 -1.1908818 -0.4129449 994.88 
20150625180902 -3.9911342 -11.513716 -10.251373 -0.043982297 -0.4196644 -0.27458394 994.88 
20150625180902 -6.915652 -14.639945 -6.4787097 -0.23365596 1.2791518 0.2565634 994.88 
20150625180902 -0.6356605 -12.258911 4.8614264 -2.4153612 -0.79626286 0.9294315 994.88 
20150625180902 -0.2789245 -9.018359 -2.2523453 -2.36863 -0.6206391 1.0348058 994.88 
20150625180902 -1.6579847 -10.342952 -3.1872811 -1.9165897 -1.0769554 0.6600399 994.8 
20150625180902 -1.3455414 -8.268974 -1.7794905 -2.208278 -0.19242255 0.16462818 994.8 
20150625180902 -0.011971008 -5.011064 -1.8662802 -2.3994787 -1.2858714 -0.11575896 994.8 
20150625180902 -2.2152352 -7.398083 -0.3788824 -1.4425583 -1.3662001 -0.21105394 994.8 
20150625180903 -3.3327289 -7.7679873 -1.5245079 -1.0122037 0.018936822 0.34147367 994.8 
20150625180903 -1.8698715 -8.804677 -2.441487 -1.6505579 0.13713925 0.34116822 994.8 
20150625180903 -0.23582886 -10.247782 0.40462008 -1.4001031 -0.48624873 0.5742133 994.8 
20150625180903 0.99778354 -9.576807 1.8207904 -1.1389582 -0.39278635 0.7993172 994.8 
20150625180903 1.5149311 -9.56723 1.1761516 -1.0986412 -1.0015136 0.89552844 994.8 
20150625180903 1.977012 -12.995727 1.1498153 -1.1368202 -0.883922 0.84971356 994.87 
20150625180903 0.6799533 -10.951078 3.7840357 -1.1588113 -0.895223 0.85062987 994.87 
20150625180903 -2.4540567 -13.1555395 0.9900024 -1.1771374 -0.61941737 0.77549344 994.87 
20150625180903 1.2264298 -13.109451 0.5291186 -0.7144069 -0.46517387 0.54550266 994.87 
20150625180903 4.0737343 -12.179903 2.8191724 -0.20066923 -0.56596667 0.43554693 994.87 
20150625180903 1.3706805 -12.966398 4.008492 0.10629055 -0.5674938 0.59498274 994.87 
20150625180903 2.0739772 -13.3704195 2.2296004 0.56138515 -0.6762278 0.27183503 994.87 
20150625180903 2.2559366 -8.552687 0.6997054 1.1737776 -0.6985244 -0.08124508 994.87 
20150625180903 -0.3561375 -10.378864 0.705691 1.9862283 -0.6630942 -0.6429357 994.87 
20150625180903 -4.1982327 -16.505627 -1.4682442 2.71102 0.22510384 -1.3252722 994.88 
20150625180903 -6.6846113 -19.608511 -4.4717703 3.5555413 0.39645153 -1.7110336 994.88 
20150625180903 -7.472902 -19.498379 1.553837 2.5925121 -0.6383542 -1.6792686 994.88 
20150625180903 -5.28939 -14.173076 -1.216853 1.45783 0.8200866 -1.0644327 994.88 
20150625180903 -4.18686 -12.200851 0.35075054 1.9205604 1.4584408 0.027488936 994.88 
20150625180903 3.6864722 -9.431957 5.5826797 2.6429086 -0.906524 0.10170906 994.88 
20150625180903 2.4145525 -9.7240505 1.4173675 2.0341814 -2.377793 -0.0106901415 994.88 
20150625180903 -0.39504328 -7.8583684 -3.4680011 1.998751 -1.4343116 -1.4468343 994.88 
20150625180903 -0.94930094 -4.1982327 -6.1010246 1.9624046 0.19333886 -2.1673498 994.88 
20150625180903 -2.2260091 -2.697667 -3.793014 1.6994271 1.5570955 -1.8277088 994.92 
20150625180903 -2.4612393 -1.8106151 -4.3903675 1.4269812 1.9935588 -1.2479976 994.92 
20150625180903 -2.2798786 -2.2104468 -3.2788591 1.4123205 1.0680978 -1.1765264 994.92 
20150625180903 -3.1729157 -1.8423382 -1.0767922 1.3820826 1.3206906 -1.0054842 994.92 
20150625180903 -3.007716 -1.3910311 -0.22744916 0.99112886 2.0247128 -0.8570439 994.92 
20150625180903 -2.9412768 -3.2603042 1.033098 0.33628133 1.8851302 -0.47769663 994.92 
20150625180903 -2.0907366 -8.697536 3.0430303 -0.3894266 1.8212948 -0.051923547 994.92 
20150625180903 -2.397793 -17.43338 5.7520695 -1.5225816 1.8646661 0.28099802 994.92 
20150625180903 2.2649148 -19.608511 17.688961 -2.5659394 1.5784758 0.20005837 994.92 
20150625180903 -2.9460652 -16.758215 18.658014 -2.3759604 1.4895949 0.25137106 995.01 
20150625180903 -4.0898952 -4.3688197 7.6452847 0.35918877 1.0858129 -0.12308934 995.01 
20150625180903 -8.224682 -15.443199 -3.54282 1.7379116 -0.5216789 -1.0070114 995.01 
20150625180903 -1.6370354 -13.058575 -9.982624 0.6795876 -0.9773844 -0.52595496 995.01 
20150625180903 -2.3373394 -6.031593 0.7392098 0.54092115 0.13439035 0.6921103 995.01 
20150625180903 2.731784 -8.318055 0.3333926 0.92271197 -0.41141775 0.5531385 995.01 
20150625180903 1.5023615 -6.5864487 -4.9027267 -0.26175576 -1.8738291 0.032986723 995.01 
20150625180903 -4.9416323 -10.441712 -7.482479 0.14782938 0.46181414 -0.083383106 995.01 
20150625180903 -4.2383356 -13.427281 -2.9783869 -0.70616025 -0.18906279 0.38728857 995.01 
20150625180903 -0.5907693 -11.413159 2.154183 -2.2052236 -1.1640037 0.68416905 994.56 
20150625180903 -1.83336 -9.189545 -1.8596961 -2.3478606 -0.6264423 0.6743952 994.56 
20150625180903 -0.866701 -10.007763 -1.6370354 -1.8994855 -0.54183745 0.5662721 994.56 
20150625180903 -0.30825347 -9.762956 -2.2744915 -2.2867742 -1.1759156 0.6062838 994.56 
20150625180903 0.81343 -6.5607114 -1.7226281 -2.1313088 -1.6927075 0.43004912 994.56 
20150625180903 -1.0486604 -6.9862804 -0.089184016 -1.2067643 -1.0161743 0.12064589 994.56 
20150625180903 -3.4368765 -7.2993226 -1.1875241 -0.95172805 0.36132678 0.29718593 994.56 
20150625180903 -3.1944637 -8.165425 -2.2218192 -1.5060883 0.40958515 0.39095375 994.56 
20150625180903 -1.9710265 -10.243592 -1.0043676 -1.3390167 -0.31764993 0.5149594 994.56 
20150625180904 -0.31064767 -9.479841 0.997185 -1.2644911 0.037873644 0.86651236 994.96 
20150625180904 0.095768064 -9.649231 2.292448 -1.2974777 -0.5543602 1.1184943 994.96 
20150625180904 2.0566192 -12.158355 1.8423382 -1.3234396 -0.5195409 1.1026118 994.96 
20150625180904 2.3127987 -12.381016 2.3409307 -1.3142766 -0.7492262 0.9972375 994.96 
20150625180904 0.7074866 -12.830527 1.6364368 -1.0192287 -1.0604621 0.72784597 994.96 
20150625180904 1.7393875 -12.237364 0.5255273 -0.45448375 -0.8875872 0.5320636 994.96 
20150625180904 3.0148985 -12.751518 3.4751837 -0.0106901415 -0.98471475 0.33964106 994.96 
20150625180904 2.1517887 -14.025233 3.6619315 0.18142697 -0.5674938 0.4120286 994.96 
20150625180904 2.4211364 -10.9426985 1.110311 0.6637051 -0.52290064 0.24007004 994.96 
20150625180904 0.62488663 -8.01459 2.2756886 1.4749341 -0.8762862 -0.24709499 994.93 
20150625180904 -2.3139958 -12.4707985 0.6584055 2.0323486 -0.087964594 -0.9691377 994.93 
20150625180904 -4.0904937 -17.308882 -2.920926 3.0940325 0.41325033 -1.4672983 994.93 
20150625180904 -7.7230964 -19.608511 -2.4426842 3.2070425 -0.5326745 -1.6190983 994.93 
20150625180904 -6.3362546 -17.872118 -0.6087258 2.1261165 -0.16218472 -1.5332718 994.93 
20150625180904 -5.1571107 -14.619595 -2.0093338 1.4782939 1.3164146 -0.5497787 994.93 
20150625180904 -2.7102363 -13.200431 1.4700398 2.2235496 0.904386 0.16737708 994.93 
20150625180904 1.2431892 -10.326791 5.4114943 2.2366831 -1.1502593 0.10415252 994.93 
20150625180904 0.74998367 -9.176975 0.37349546 2.1994202 -1.8625281 -0.27397305 994.93 
20150625180904 -1.0767922 -6.670246 -4.3023806 2.2751677 -1.8399261 -1.3637567 994.91 
20150625180904 -1.7076644 -3.1711202 -4.595072 1.9358319 -0.183565 -1.840537 994.91 
20150625180904 -1.9812019 -1.389834 -3.6290112 1.6471981 1.8096883 -1.4117095 994.91 
20150625180904 -1.8662802 -1.1569979 -1.9931729 1.4947872 1.3093897 -1.181108 994.91 
20150625180904 -1.9339164 -1.6795325 -2.3588872 1.3970488 0.9584476 -1.0946705 994.91 
20150625180904 -3.38181 -2.0769699 -0.08559271 0.8210029 1.2351695 -0.9966267 994.91 
20150625180904 -3.8031895 -1.1061212 0.90740246 0.36865717 1.570229 -0.5366451 994.91 
20150625180904 -3.1016884 -4.526837 1.0468647 -0.13041973 1.6227635 -0.053145275 994.91 
20150625180904 -2.6312277 -11.086351 3.9396589 -0.9663888 1.7828102 0.46761733 994.91 
20150625180904 -1.2318168 -19.536686 7.08145 -1.951409 1.9236146 0.7489208 995.0 
20150625180904 0.53091425 -19.608511 19.478626 -2.7605 1.6804903 0.79259765 995.0 
20150625180904 -1.7705121 -10.022727 12.260707 -1.2046263 1.7492126 0.6939429 995.0 
20150625180904 -3.345897 -0.9660604 0.63206923 2.0824397 -0.4841107 -0.3118467 995.0 
20150625180904 -6.4619503 -13.39077 -4.9996915 1.8869628 -1.7773124 -0.91599244 995.0 
20150625180904 -1.0163386 -12.851476 -8.411429 0.65393126 -0.17134771 -0.64873886 995.0 
20150625180904 -3.3554738 -9.215282 5.9280434 -0.0888809 0.09743301 0.93370754 995.0 
20150625180904 2.2816741 -5.036802 0.8726865 0.5152648 -0.61300325 0.22113322 995.0 
20150625180904 -1.8854338 -5.751471 -7.587824 0.35827246 -1.9278907 -0.6740898 995.0 
20150625180904 -6.945579 -12.44087 -12.045827 0.47769663 0.8744536 -0.344528 994.97 
20150625180904 -4.305373 -15.14572 2.8191724 -1.1071932 0.129198 0.6123924 994.97 
20150625180904 0.35793316 -11.383232 0.36152446 -2.5998425 -0.5723807 0.87872964 994.97 
20150625180904 -0.6404489 -9.518747 -3.6170402 -2.0451767 -1.3118331 0.97158116 994.97 
20150625180904 -0.7020996 -10.881647 -3.0382419 -1.9297233 -0.72021013 0.5140431 994.97 
20150625180904 0.029927522 -7.2484455 -1.0301052 -2.5509732 -1.0903945 0.14019357 994.97 
20150625180904 -0.6452374 -6.7708025 0.3728969 -2.166739 -1.1218541 -0.1853976 994.97 
20150625180904 -4.643554 -6.43741 0.40402153 -1.1835514 -0.3210097 0.010995574 994.97 
20150625180904 -4.5675383 -6.797737 -2.8748376 -0.95081174 0.602924 0.3979787 994.97 
20150625180904 -2.2439656 -8.763377 -1.7914615 -1.5705346 0.14385876 0.28802297 994.77 
20150625180904 0.6584055 -11.273099 -0.41000703 -1.3264939 -0.070249505 0.6429357 994.77 
20150625180904 2.4510639 -10.70687 1.2629414 -1.2794572 -1.0421361 0.87598073 994.77 
20150625180904 1.4209588 -9.653421 2.0374656 -1.2144 -1.0839803 1.0974194 994.77 
20150625180904 0.94810385 -11.2371855 1.8752584 -1.3249667 -0.6224717 1.1029172 994.77 
20150625180905 0.20231004 -12.414535 3.040636 -1.1768318 -0.7840455 0.8723156 994.77 
20150625180905 0.23942018 -13.707403 0.26515785 -0.9841039 -0.63591075 0.6072 994.77 
20150625180905 3.5793316 -12.608464 1.2515689 -0.50976706 -0.52595496 0.43035457 994.77 
20150625180905 4.784812 -13.57692 2.9682117 -0.0030543262 -0.7788532 0.5149594 994.77 
20150625180905 4.4262805 -14.725537 2.8670566 0.2312125 -0.84574294 0.5561928 994.91 
20150625180905 1.282095 -11.335946 1.1701661 0.93218035 -0.535118 0.21746802 994.91 
20150625180905 -0.32800564 -9.172187 1.3515269 1.7033978 -0.5357288 -0.6365216 994.91 
20150625180905 -3.0903158 -13.572729 1.1336545 2.1294763 0.35063666 -1.1417072 994.91 
20150625180905 -5.9878983 -17.11914 -2.6761189 3.0017917 0.550695 -1.3860532 994.91 
20150625180905 -9.738416 -19.608511 -2.4480712 3.2476652 0.27091873 -1.600467 994.91 
20150625180905 -7.4992385 -17.460913 0.76195467 2.3426683 0.19853121 -1.3154984 994.91 
20150625180905 -4.584896 -11.971607 -1.1294646 1.491122 0.6395759 -0.101098195 994.91 
20150625180905 -0.7679402 -9.945514 -0.439336 1.971873 0.41416663 0.57971114 994.91 
20150625180905 1.8668787 -9.460688 3.0711622 2.1380284 -0.68294734 0.17806722 994.81 
20150625180905 0.8595184 -8.562862 0.724246 1.7971655 -1.2809844 -0.66614854 994.81 
20150625180905 -0.75596917 -6.362591 -4.7896004 2.191479 -0.6713409 -2.0210476 994.81 
20150625180905 -1.5729905 -3.5164838 -3.0214825 2.134974 0.14385876 -2.1966715 994.81 
20150625180905 -1.8124107 -2.7449522 -3.6056678 1.7363845 1.7754798 -1.7754798 994.81 
20150625180905 -2.5504234 -2.4019828 -3.1812954 1.2055426 1.4321736 -1.4822645 994.81 
20150625180905 -3.508104 -1.9710265 -2.043451 1.3897184 0.84482664 -1.2018774 994.81 
20150625180905 -3.115455 -2.2254105 -0.6440403 0.8888089 1.7150042 -0.9786061 994.81 
20150625180905 -2.9125464 -2.2068555 0.4237737 0.32925636 1.7696766 -0.66981375 994.81 
20150625180905 -3.9444473 -3.3961751 1.536479 -0.04917465 1.7418822 -0.38362336 995.05 
20150625180905 -3.3315318 -9.4457245 3.7630866 -0.70371675 1.7299703 0.04795292 995.05 
20150625180905 -3.210026 -18.245014 6.619369 -1.8237382 1.5430456 0.5290093 995.05 
20150625180905 1.2689269 -19.608511 17.577032 -2.9089403 1.3600914 0.68233645 995.05 
20150625180905 -1.0618285 -16.432005 16.333244 -2.1053472 1.5042557 0.7770206 995.05 
20150625180905 -3.7852328 -3.8163576 3.169923 0.4792238 -0.160963 0.19517145 995.05 
20150625180905 -5.0116625 -14.471752 -7.6255326 2.669481 -1.9883664 -0.870483 995.05 
20150625180905 -0.7009025 -9.861118 -9.661202 0.5225952 -0.84421575 -0.60994893 995.05 
20150625180905 -3.7606924 -4.644751 1.7262194 0.30207285 -0.12583824 0.75747293 995.05 
20150625180905 1.5993267 -5.0810947 1.4856021 0.34055737 -1.5760323 -0.2828306 995.21 
20150625180905 -4.1455603 -10.232818 -8.624513 -0.43066 -1.4999796 -0.56169057 995.21 
20150625180905 -8.174403 -13.741521 -10.848128 0.408058 1.5519031 -0.045814894 995.21 
20150625180905 -2.6886885 -12.794015 3.8696284 -1.7831156 0.1414153 1.074512 995.21 
20150625180905 0.641646 -9.597756 -0.37708676 -2.4721715 -0.86101454 1.0626001 995.21 
20150625180905 -0.21906945 -10.639234 -3.5194764 -1.9819523 -1.6016886 0.64965516 995.21 
20150625180905 -0.3776853 -9.961076 -2.142212 -2.0088303 -0.7031059 0.17898351 995.21 
20150625180905 1.6370354 -5.1702785 -0.2112883 -2.4254405 -1.0476339 -0.100792766 995.21 
20150625180905 -1.2437878 -6.803124 -0.45848963 -1.564426 -1.2629639 0.008246681 995.21 
20150625180905 -3.3931823 -7.285556 -0.74878657 -0.74220127 -0.28008172 0.36743546 995.01 
20150625180905 -2.1416135 -8.261193 -1.3138182 -1.4492778 -0.022907447 0.3051272 995.01 
20150625180905 -0.9020155 -10.275913 -0.90141696 -1.4153748 -0.29016098 0.3885103 995.01 
20150625180905 -0.4985925 -10.684724 1.1917139 -1.1960741 -0.3585779 0.72356987 995.01 
20150625180905 -0.55126494 -9.609727 2.2188265 -1.1777482 -0.77518797 0.95722586 995.01 
20150625180905 0.4818331 -10.808025 1.0486604 -1.2458596 -0.62125 1.0115929 995.01 
20150625180905 2.2667105 -12.144588 2.4911668 -1.1297953 -0.6065892 1.0543534 995.01 
20150625180905 1.8902222 -12.985552 1.2814964 -0.99082345 -0.852157 0.86315256 995.01 
20150625180905 1.8177977 -12.667721 0.98940384 -0.5842926 -0.8857546 0.62796944 995.01 
20150625180905 2.7473464 -13.066955 2.956839 -0.06291912 -1.0283916 0.41538838 994.97 
20150625180906 3.2680852 -14.454394 3.9109285 0.18845193 -0.75777835 0.37598756 994.97 
20150625180906 3.554791 -11.429919 1.5849615 0.8542951 -0.53878313 0.25686884 994.97 
20150625180906 1.5370775 -8.268974 1.5406688 1.5176947 -0.86590147 -0.12003502 994.97 
20150625180906 -1.7663223 -11.713034 0.63206923 2.1175644 -0.2742785 -1.010982 994.97 
20150625180906 -4.9021277 -17.723078 -1.8525136 3.100141 0.46944994 -1.604743 994.97 
20150625180906 -9.826403 -19.608511 -3.0346506 3.2748485 0.07971791 -1.7666223 994.97 
20150625180906 -7.97748 -18.756775 -2.4516625 2.336865 0.3481932 -1.41904 994.97 
20150625180906 -5.4085016 -12.879009 -3.4835634 1.7165314 1.5399913 -0.28313604 994.97 
20150625180906 -0.62847793 -9.695918 3.402759 2.0830505 1.35551 0.79504114 994.78 
20150625180906 2.6671407 -9.904813 6.344036 2.0522017 -1.3035865 0.4016439 994.78 
20150625180906 0.48243165 -8.454525 -1.5807717 1.9908098 -3.0592132 -0.75411314 994.78 
20150625180906 -0.8535329 -5.929839 -1.5358804 1.8393153 -2.2553146 -1.9278907 994.78 
20150625180906 -1.0911574 -3.8361096 -5.121197 1.7116444 1.0763446 -1.9932534 994.78 
20150625180906 -1.9422961 -1.6597804 -5.6221843 1.6187929 1.4340062 -1.4865406 994.78 
20150625180906 -3.4512417 -1.5759833 -3.0292637 1.6349808 1.6468927 -1.1252137 994.78 
20150625180906 -3.6128504 -1.4287399 -2.4953568 1.3955216 2.0613647 -0.9819659 994.78 
20150625180906 -3.977966 -1.8243817 0.089782566 0.88453287 1.6221527 -0.7663304 994.78 
20150625180906 -4.361038 -1.0426749 1.0977415 0.36346483 1.6426166 -0.5885687 994.91 
20150625180906 -3.4566288 -4.8602295 2.1883004 -0.20189096 1.4886786 -0.18417588 994.91 
20150625180906 -1.9578584 -12.117653 4.8464627 -1.0170907 1.3884968 0.2742785 994.91 
20150625180906 0.2172738 -19.608511 8.291719 -2.450486 1.3219124 0.66981375 994.91 
20150625180906 -1.103727 -19.608511 19.608511 -3.0509665 1.2321151 0.7153232 994.91 
20150625180906 -1.0127473 -8.388085 11.6825075 -1.6249015 1.255328 0.57971114 994.91 
20150625180906 -3.3159695 -4.297592 -3.1070752 2.121535 -0.76052725 -0.17134771 994.91 
20150625180906 -2.9622262 -15.585056 -10.502166 1.8457294 -2.4565945 -1.0024298 994.91 
20150625180906 -2.4516625 -10.203489 -4.654927 -0.0076358155 0.36468655 -0.12308934 994.91 
20150625180906 -0.9487024 -6.9126587 3.7068229 0.17195857 0.20433442 0.70096785 995.07 
20150625180906 0.42676646 -4.665102 -0.7858967 -0.026572637 -2.2907448 -0.35063666 995.07 
20150625180906 -4.283227 -8.625112 -11.000758 0.09865474 -0.9447031 -0.36651915 995.07 
20150625180906 -6.2889695 -13.247118 -8.579621 0.38820487 1.536937 0.4175264 995.07 
20150625180906 -1.0953473 -12.455834 6.894104 -2.1951442 -0.31642818 0.66706485 995.07 
20150625180906 -0.6512229 -10.019135 -1.3263878 -2.420248 -0.6658431 0.4560109 995.07 
20150625180906 -1.0630256 -9.91439 -2.7928362 -1.9034561 -1.459357 0.41508293 995.07 
20150625180906 -0.9139865 -10.502765 -2.2463598 -2.0879374 -0.7770206 0.28619036 995.07 
20150625180906 0.24301147 -5.877765 -1.5161282 -2.4010057 -1.3081679 0.12156218 995.07 
20150625180906 -1.567005 -6.599617 -0.21667525 -1.3805555 -1.0418307 -0.08032878 994.86 
20150625180906 -3.335123 -7.1347213 -1.4987702 -0.6603453 0.17256944 0.36041048 994.86 
20150625180906 -2.5899277 -8.3868885 -1.3018472 -1.2596041 -0.26847526 0.45051312 994.86 
20150625180906 -0.8571242 -9.778519 -1.1282675 -1.3762794 -0.55680364 0.505491 994.86 
20150625180906 -0.1400608 -10.190321 0.5566519 -1.2605205 -0.42546764 0.8362745 994.86 
20150625180906 -0.85772276 -8.992621 1.2216414 -1.2592987 -0.7632761 1.0247264 994.86 
20150625180906 -0.047285482 -10.839748 0.7769185 -1.2324207 -0.46914452 0.9560041 994.86 
20150625180906 2.4774003 -12.79641 1.9351135 -1.2400564 -0.4297437 0.94714653 994.86 
20150625180906 1.7304093 -13.108852 2.0003555 -1.151481 -0.79168135 0.9083566 994.86 
20150625180906 0.2621651 -12.758102 0.01616086 -0.6994407 -0.9266826 0.66737026 994.92 
20150625180906 0.7314286 -12.816162 1.9135658 -0.17012598 -1.0375546 0.35094208 994.92 
20150625180906 0.5201403 -14.1664915 3.4500446 0.10170906 -0.6478226 0.3481932 994.92 
20150625180906 3.180697 -12.409746 2.1458032 0.4089743 -0.5421429 0.34300083 994.92 
20150625180906 3.2728736 -7.687183 1.4838065 1.2534955 -1.0913107 0.0693332 994.92 
20150625180906 0.078410104 -9.093777 1.8106151 1.9727893 -0.9673051 -0.6569856 994.92 
20150625180907 -3.3883939 -15.00506 0.20231004 2.8588493 0.094989546 -1.41904 994.92 
20150625180907 -6.1465144 -19.478027 -2.717419 3.4523048 -0.31520647 -1.6563611 994.92 
20150625180907 -7.2071457 -19.608511 -0.88525605 2.8985555 -0.50488013 -1.6578883 994.92 
20150625180907 -4.7405195 -14.874577 -3.2309752 1.7993035 0.41141775 -0.91446525 994.78 
20150625180907 -2.396596 -12.436681 0.7577648 1.9807305 1.3662001 0.16035213 994.78 
20150625180907 2.349909 -11.227011 8.293514 2.2696698 -0.42638394 0.12736541 994.78 
20150625180907 0.89543146 -10.807426 0.9091981 1.8918496 -2.5842655 -0.4456262 994.78 
20150625180907 -0.59136784 -7.3124905 -4.31076 1.9792033 -1.930945 -1.5604553 994.78 
20150625180907 -1.6154876 -3.9264908 -3.977966 1.7956384 0.17287487 -2.0711386 994.78 
20150625180907 -2.3648727 -2.4319103 -4.1521444 1.491733 2.087021 -1.5903877 994.78 
20150625180907 -2.44448 -1.8495208 -3.5769374 1.4175128 1.4727961 -1.2559389 994.78 
20150625180907 -2.9484594 -1.9267339 -2.3493104 1.1478158 1.1658363 -1.1468995 994.78 
20150625180907 -3.3746274 -1.5957354 0.045489833 0.90377516 1.3133603 -0.95233893 994.93 
20150625180907 -3.4680011 -1.0977415 0.736217 0.47891834 1.5943583 -0.6365216 994.93 
20150625180907 -4.1683054 -2.5863364 0.85473 -0.01160644 1.577254 -0.13988814 994.93 
20150625180907 -2.6318262 -7.755418 2.7246015 -0.6435465 1.7489072 0.44165558 994.93 
20150625180907 -2.665345 -15.616779 6.0986304 -1.6966782 1.6789632 0.9306532 994.93 
20150625180907 -0.50637364 -19.608511 13.767857 -2.644741 1.2739595 0.977079 994.93 
20150625180907 1.4514848 -18.425179 17.21431 -2.4275784 1.4633276 0.90285885 994.93 
20150625180907 -1.9099745 -6.554127 6.5068417 0.5907067 1.1679744 0.4456262 994.93 
20150625180907 -5.427057 -16.500837 -7.4746976 2.47095 -1.8527542 -0.97127575 994.93 
20150625180907 -0.7721301 -8.154053 -8.750807 0.6453791 -1.2027937 -0.72265357 995.03 
20150625180907 -2.9813797 -1.927931 5.2636523 0.5439755 -0.47494772 0.3866777 995.03 
20150625180907 -0.14425065 0.7206547 -1.079785 1.0216721 -1.1658363 -0.22052236 995.03 
20150625180907 -0.6691794 -7.0048356 -9.5013895 0.07513642 -1.2318097 -0.6789767 995.03 
20150625180907 -6.9437833 -19.22125 -11.654375 0.55924714 1.8869628 0.27977628 995.03 
20150625180907 0.16699557 -18.52394 6.242881 -2.350915 -0.8720101 1.0564915 995.03 
20150625180907 0.7445967 -11.153389 3.435081 -3.1627548 -0.9599747 1.1133019 995.03 
20150625180907 -3.122039 -8.63828 -2.7730842 -2.0231857 -0.9560041 0.5002986 995.03 
20150625180907 -2.2972364 -8.881889 -3.9354692 -1.044885 0.10720685 -0.36346483 995.03 
20150625180907 -2.7982233 -7.0952168 -0.8631097 -1.8567249 -0.35521814 -0.05131268 994.68 
20150625180907 -1.2078748 -5.787384 -1.5185224 -2.0470095 0.1591304 -0.06688975 994.68 
20150625180907 -3.5242648 -10.49199 -1.9339164 -1.4767667 0.0015271631 0.17073683 994.68 
20150625180907 -1.2491747 -6.9479733 -1.1402385 -0.9966267 0.56046885 0.4654793 994.68 
20150625180907 -0.4189853 -5.571906 -1.7286136 -1.7647897 0.3631594 0.6768387 994.68 
20150625180907 -1.5053543 -10.350733 0.1448492 -1.5396858 -0.3381139 0.6808093 994.68 
20150625180907 -0.6631939 -10.020931 2.2427685 -1.0592403 -0.5748242 0.6737844 994.68 
20150625180907 0.56203884 -9.255385 1.8082209 -1.3054191 -1.0711522 0.90224797 994.68 
20150625180907 1.6819267 -11.633426 3.2519245 -1.473407 -0.7156286 1.0690142 994.68 
20150625180907 1.9931729 -12.691065 1.1115081 -1.0845913 -0.59712076 0.874759 994.92 
20150625180907 0.90381116 -12.302007 2.1655555 -0.6826419 -1.0164797 0.5439755 994.92 
20150625180907 0.60932434 -11.988366 2.7114334 -0.13805555 -0.91538155 0.28130344 994.92 
20150625180907 1.6130934 -13.731345 3.056797 0.20250183 -0.77488256 0.20952678 994.92 
20150625180907 4.4238863 -12.387001 2.0219033 0.8136725 -0.55863625 0.13225232 994.92 
20150625180907 2.212841 -8.750807 1.4999673 1.6792686 -0.8854492 -0.21685717 994.92 
20150625180907 -1.9967642 -13.493122 1.0450691 2.3765712 -0.6065892 -1.2324207 994.92 
20150625180907 -5.2678423 -18.942924 -1.881244 3.2223141 0.23793201 -1.7831156 994.92 
20150625180907 -8.4108305 -19.608511 -2.8431146 3.2452216 -0.6765333 -1.7876972 994.92 
20150625180907 -3.9558198 -16.656462 -0.90859956 2.1841488 -0.4792238 -1.3087788 994.74 
20150625180908 -5.0254292 -12.859258 -1.6825253 1.4123205 1.0152581 0.105068825 994.74 
20150625180908 0.055066638 -11.254543 3.2638955 2.2064452 0.7489208 0.36102137 994.74 
20150625180908 1.7890673 -9.9473095 3.9282866 1.9709567 -1.5259414 0.4642576 994.74 
20150625180908 -0.842759 -7.762002 -1.8435353 2.0118847 -1.4923438 -0.17959438 994.74 
20150625180908 -1.4766239 -4.712986 -5.125387 2.0134118 -0.83199847 -1.6081028 994.74 
20150625180908 -1.8004397 -2.7994204 -4.671686 1.564426 0.97433007 -1.7424932 994.74 
20150625180908 -2.168548 -2.7431567 -2.984971 1.3011429 1.7935003 -1.3784174 994.74 
20150625180908 -3.0148985 -2.2403743 -3.2034419 1.2315043 0.9605856 -1.2034045 994.74 
20150625180908 -3.6583402 -2.4145525 -1.3904326 1.0177015 1.0421361 -1.072374 995.03 
20150625180908 -4.425682 -1.9123687 0.23104046 0.71685034 1.486846 -0.7669413 995.03 
20150625180908 -4.582502 -3.0472202 0.41958386 0.31031954 1.459357 -0.38087448 995.03 
20150625180908 -3.6421793 -7.4693108 1.127669 -0.18142697 1.4538593 0.18570304 995.03 
20150625180908 -2.9885623 -13.648746 4.3526587 -1.2144 1.5317446 0.79473567 995.03 
20150625180908 -0.41359833 -19.608511 11.657368 -2.1642957 1.3161092 1.0177015 995.03 
20150625180908 1.489792 -19.608511 19.608511 -2.4517076 1.2360858 0.8866709 995.03 
20150625180908 3.0388405 -4.52145 7.8027034 -0.13622294 1.1960741 0.17654006 995.03 
20150625180908 -3.8456864 -10.46326 -2.9735985 2.885422 -0.7049385 -0.68752885 995.03 
20150625180908 -1.9428947 -14.642339 -16.742054 0.782213 -1.1398746 -1.3246613 994.98 
20150625180908 -5.7299232 -8.882488 -0.107739076 -0.4297437 -1.318858 -0.02565634 994.98 
20150625180908 1.2761095 -6.3661823 13.372813 0.2947425 -0.49968776 0.52656585 994.98 
20150625180908 -1.0875661 -3.2381577 -8.209718 -0.22235495 -2.2791383 -0.25809056 994.98 
20150625180908 -7.867347 -8.508993 -10.566211 1.4059063 0.72387534 -0.08032878 994.98 
20150625180908 -5.9364233 -16.390705 -7.1329255 -0.72051555 2.3564126 0.7113526 994.98 
20150625180908 0.062249243 -15.166669 3.9432502 -2.6309967 -0.6087272 0.96883225 994.98 
20150625180908 2.078167 -9.361329 1.2689269 -2.5265386 -0.5525276 1.2822062 994.98 
20150625180908 -0.3250129 -8.866926 -6.2985463 -1.7721201 -1.5570955 0.7162395 994.98 
20150625180908 -1.0193313 -7.6147585 -3.3075895 -1.0619892 0.19914207 -0.27275133 994.87 
20150625180908 -3.3997664 -5.671265 1.5987282 -2.155438 -0.44684792 -0.35979962 994.87 
20150625180908 -4.7363296 -6.8001313 -1.2366052 -2.3167064 -1.1191051 -0.2489276 994.87 
20150625180908 -2.6426 -7.201759 -1.8531121 -0.9868528 -0.31673363 0.029626964 994.87 
20150625180908 -0.94810385 -8.300697 -1.6837224 -1.1890492 1.1753048 0.36926803 994.87 
20150625180908 -0.7032967 -10.25676 -1.401805 -1.7785342 0.42302418 0.4111123 994.87 
20150625180908 -0.9127894 -10.042479 0.032920275 -1.3319917 -0.15118915 0.35033122 994.87 
20150625180908 -0.7404069 -9.896433 0.46806642 -1.0097603 -0.09010262 0.35063666 994.87 
20150625180908 0.33279404 -10.951677 2.830545 -0.7153232 -0.3399465 0.54458636 994.87 
20150625180908 0.97743285 -11.951257 2.542642 -1.0308352 -0.61819565 0.8481864 994.9 
20150625180908 0.86251116 -12.799402 -0.38606504 -0.93370754 -1.1093313 0.7107417 994.9 
20150625180908 1.4981717 -12.133216 1.4239515 -0.1863139 -0.6740898 0.47891834 994.9 
20150625180908 1.8207904 -13.72536 3.2124202 0.17501289 -0.6215554 0.35979962 994.9 
20150625180908 3.151368 -14.001291 2.4983494 0.5412266 -0.63194007 0.26267207 994.9 
20150625180908 3.2423477 -11.7627125 2.307412 1.1633929 -0.70188415 0.036651913 994.9 
20150625180908 -0.98940384 -9.920375 3.3925838 1.8820758 -0.75777835 -0.5332854 994.9 
20150625180908 -1.5185224 -12.218808 -0.62608373 2.5692992 -0.1731803 -0.9972375 994.9 
20150625180908 -5.061941 -17.63928 -5.1720743 3.3044755 -0.5448918 -0.88147855 994.9 
20150625180908 -8.016984 -19.543869 -4.377199 3.1340442 -0.7687739 -1.0662653 994.89 
20150625180908 -6.0226145 -15.383943 1.4969746 1.6902641 0.3304781 -0.86834496 994.89 
20150625180908 -6.229713 -13.280637 0.18734628 0.795652 0.8536842 0.015882496 994.89 
20150625180908 -2.2373815 -9.156625 2.3852234 2.0176878 -0.19547687 0.24129178 994.89 
20150625180908 2.0332758 -8.051701 3.0639796 2.0888536 -2.1300871 0.22632557 994.89 
20150625180908 0.66618663 -8.761581 -1.4101849 2.0045543 -1.6551393 -0.40011674 994.89 
20150625180908 -1.1079168 -6.8384385 -3.7373488 2.058616 -0.23976462 -1.7699821 994.89 
20150625180909 -1.9303252 -4.110844 -3.1992521 1.6420058 1.1468995 -1.9941696 994.89 
20150625180909 -2.8886044 -2.971803 -1.846528 1.2742649 1.3594806 -1.2394456 994.89 
20150625180909 -2.463035 -2.9628246 -2.0566192 1.0112875 0.68294734 -1.0509937 995.04 
20150625180909 -2.5941176 -2.8933928 -1.1761516 0.7593055 0.63591075 -0.9660834 995.04 
20150625180909 -3.66672 -3.0023289 -0.6500258 0.57604593 1.1841623 -0.7296785 995.04 
20150625180909 -3.8109705 -2.8790276 -0.81642276 0.2134974 1.310306 -0.42455134 995.04 
20150625180909 -3.958214 -5.0942626 0.6769605 -0.31123585 1.1835514 0.07391469 995.04 
20150625180909 -2.4013844 -10.401609 1.881244 -0.81031275 1.2363913 0.3662137 995.04 
20150625180909 -1.252766 -17.98704 6.9132576 -1.6917913 1.1133019 0.8029824 995.04 
20150625180909 2.9981391 -19.608511 14.937425 -2.7030787 1.105666 0.9978484 995.04 
20150625180909 -0.57640404 -16.15308 18.200123 -2.1203132 1.16492 0.600786 995.04 
20150625180909 -0.78290397 -5.804742 6.0303955 1.7773124 0.38637227 -0.6536258 994.9 
20150625180909 -4.7417164 -13.9516115 -5.5324016 3.1563408 -1.2745703 -1.1252137 994.9 
20150625180909 -2.9640217 -13.053187 -10.159196 0.5158757 -0.9957104 -0.8142834 994.9 
20150625180909 -4.076727 -6.318897 2.6982653 -0.024740042 -0.838718 0.4877759 994.9 
20150625180909 0.97623575 -2.9346926 -1.039682 0.21380283 -0.7852673 -0.02443461 994.9 
20150625180909 -3.8953662 -7.968502 -2.8874073 -0.28985557 -1.3148874 -0.5213735 994.9 
20150625180909 -6.621165 -12.422316 -8.272566 0.12186762 1.7540996 -0.8765916 994.9 
20150625180909 -4.180875 -14.91049 -2.7006595 -0.43401974 1.6328428 -0.441961 994.9 
20150625180909 -0.01436521 -12.12304 0.0796072 -2.7705793 -0.72509706 1.1777482 994.9 
20150625180909 0.5955577 -7.9355817 -1.6771383 -1.949271 -0.4978552 1.2113458 994.9 
20150625180909 -0.2148796 -8.565855 -3.1866825 -0.84635377 -0.31887165 0.37293324 994.9 
20150625180909 -0.74998367 -8.04392 -2.2152352 -0.7657196 -0.10354166 -0.015882496 994.9 
20150625180909 -1.435324 -6.6056023 0.46567222 -1.5234979 -0.72387534 -0.15149458 994.9 
20150625180909 -2.9945478 -7.9714947 -1.6154876 -1.8958203 -0.6249151 -0.14996742 994.9 
20150625180909 -1.8381484 -7.5046253 -0.38486794 -0.9923506 0.57543504 -0.030848695 994.9 
20150625180909 -0.6889315 -8.314464 -0.9744401 -1.2324207 0.12492194 0.3277292 994.9 
20150625180909 0.83617496 -9.916783 0.39264908 -1.3478742 -0.5360342 0.47769663 994.9 
20150625180909 0.7206547 -10.017939 0.7098808 -1.1166617 -0.41263947 0.63591075 994.9 
20150625180909 -1.2336124 -9.515156 0.2220622 -1.0445796 -0.21746802 0.5564982 994.95 
20150625180909 -0.5398925 -10.517728 -1.1534066 -1.0699304 0.25870144 0.5335908 994.95 
20150625180909 1.0546459 -11.149797 0.98820674 -1.102001 0.108123146 0.73456544 994.95 
20150625180909 0.29867667 -11.670536 1.1067197 -1.1597277 0.15057829 0.7339546 994.95 
20150625180909 -0.6356605 -13.008296 -1.0899603 -0.8677341 -0.1469131 0.59528816 994.95 
20150625180909 0.4758476 -12.934674 -0.8870517 -0.40866885 -0.51007247 0.4831944 994.95 
20150625180909 0.45609543 -13.777433 2.463035 -0.101098195 -0.13408493 0.4810564 994.95 
20150625180909 2.267309 -14.156915 4.6393642 0.19853121 -0.11911872 0.52412236 994.95 
20150625180909 1.7477672 -12.476185 1.9560628 0.69974613 -0.95142263 0.4905248 994.95 
20150625180909 -0.36391866 -11.550227 1.2593501 1.6881261 -1.3377949 -0.17195857 994.92 
20150625180909 -2.0398598 -11.065402 0.142455 2.5998425 -0.5021312 -0.86467975 994.92 
20150625180909 -2.4468741 -12.573749 -3.7666779 3.1810808 -0.29352075 -0.90408057 994.92 
20150625180909 -5.2474914 -15.965136 -4.6178164 3.3350189 -0.54550266 -0.63285637 994.92 
20150625180909 -5.6868277 -15.6790285 -2.8401217 2.7736337 -0.63407815 -0.66828656 994.92 
20150625180909 -3.3973722 -14.554352 2.5210943 1.486846 -0.7483099 -0.3903429 994.92 
20150625180909 -3.6044707 -14.766837 3.2638955 0.2938262 -0.9746355 -0.15607607 994.92 
20150625180909 -1.4347254 -11.720216 -0.15562311 1.1630874 -0.099265605 -0.6957755 994.92 
20150625180909 1.1270704 -7.417835 -0.49919105 2.9168816 -0.022907447 -1.2177598 994.92 
20150625180909 -1.8710686 -7.0754647 -1.632247 2.7003298 -0.52931476 -1.5323554 994.91 
20150625180909 -1.5227122 -3.4195185 -2.9706059 2.8674014 0.6722572 -2.4553728 994.91 
20150625180909 -1.3611037 -3.3704374 -4.1814733 2.4859161 1.028697 -2.1789563 994.91 
20150625180910 -1.881244 -3.9402575 -1.4041992 1.2131784 1.2501358 -1.4123205 994.91 
20150625180910 -2.586935 -3.8379054 -0.99778354 0.61269784 1.0598512 -1.2455542 994.91 
20150625180910 -3.2507274 -3.321955 -0.46387658 0.3203988 0.77091193 -1.0296134 994.91 
20150625180910 -4.152743 -2.8431146 -0.5093664 -0.02565634 1.1621711 -0.49754974 994.91 
20150625180910 -4.349666 -4.554969 0.02873042 -0.10567969 1.2116512 0.05497787 994.91 
20150625180910 -3.6110547 -6.7145386 3.6367924 0.007941248 0.9801333 0.27885997 994.91 
20150625180910 -1.3215994 -11.389217 5.4300494 -0.5015204 0.56138515 0.7476991 994.95 
20150625180910 4.879383 -17.724874 7.844003 -1.9010127 0.33964106 1.3219124 994.95 
20150625180910 6.1022215 -19.608511 17.962498 -2.7571404 0.8918633 1.3509285 994.95 
20150625180910 -1.033098 -11.914146 11.568783 -1.2330315 1.0311406 0.09896017 994.95 
20150625180910 -4.0545807 -6.679224 2.5360582 2.4107797 -0.6001751 -1.1896601 994.95 
20150625180910 -6.4505777 -15.230116 -3.6661212 1.9935588 -1.7467692 -1.0189233 994.95 
20150625180910 -0.25917232 -11.862671 -7.5453267 0.30024028 -1.1297953 -0.40561453 994.95 
