20150625181235 -1.395221 -7.702147 2.947861 -0.5213735 1.496009 0.30085114 994.95 
20150625181235 0.078410104 -15.270219 7.6135616 -1.4865406 1.4999796 0.59223384 994.95 
20150625181235 3.0550013 -19.608511 13.642161 -2.4514022 1.2449434 0.65576386 994.95 
20150625181235 -0.5069722 -17.865534 17.829021 -2.457511 1.104139 0.39278635 994.95 
20150625181235 -1.4520833 -1.4891934 9.983821 -0.06566802 1.1618657 -0.1328632 994.88 
20150625181235 -4.063559 -3.3028011 -3.080739 2.3484714 -1.1386528 -0.7360926 994.88 
20150625181235 -2.5037365 -13.494319 -5.6844335 1.7751744 -1.0567969 -0.7657196 994.88 
20150625181235 -3.217807 -14.5088625 -1.8836381 0.10323623 0.5992588 0.32070425 994.88 
20150625181235 3.1070752 -11.63582 -1.1504139 -0.009468411 0.7257079 0.5510005 994.88 
20150625181235 2.5540147 -7.5112095 -3.630807 -0.17959438 -0.49174652 0.032986723 994.88 
20150625181235 -8.124125 -5.8454432 -6.63553 0.33017266 -0.57848936 -0.36926803 994.88 
20150625181235 -5.9465985 -9.343372 -7.4046674 -0.04734206 0.32589662 -0.40653083 994.88 
20150625181235 -3.457826 -12.785636 0.021547815 -1.6859881 -0.43401974 0.5766568 994.88 
20150625181235 -0.8762778 -11.792641 -1.7609353 -2.1413882 -0.0070249503 0.95172805 994.83 
20150625181235 1.1965023 -12.077551 -3.1651347 -2.3176227 -1.3292428 1.2299771 994.83 
20150625181235 1.7357962 -7.663241 -1.3341689 -2.7687466 -1.7605137 0.8549059 994.83 
20150625181235 0.75836337 -4.6501384 -0.88166475 -2.105958 -0.75900006 0.1469131 994.83 
20150625181235 -3.2812533 -7.427412 0.46746787 -0.9242391 -0.44318274 0.09040806 994.83 
20150625181235 -3.8971617 -8.46889 -2.2577322 -0.95539325 0.121256754 0.38331795 994.83 
20150625181236 -0.8367735 -8.953117 -2.3008277 -1.4837917 -0.07941248 0.46517387 994.83 
20150625181236 1.0809821 -10.206482 0.93493575 -1.303281 -0.109650314 0.77274454 994.83 
20150625181236 0.7152678 -8.544906 2.574964 -1.135904 -0.26908615 0.95447695 994.83 
20150625181236 -1.4754268 -9.442133 -0.3345897 -1.0036516 -0.77121735 0.8744536 995.0 
20150625181236 -0.2717419 -11.971008 -0.8559271 -0.9129381 -0.5992588 0.6973027 995.0 
20150625181236 -0.3693056 -11.100717 1.0283096 -0.9239337 -0.41783184 0.6817256 995.0 
20150625181236 -1.9416976 -12.644378 -0.2208651 -1.0855075 -0.31642818 0.78801614 995.0 
20150625181236 1.4251486 -13.621811 0.17417817 -0.75228053 -0.4447099 0.7706065 995.0 
20150625181236 4.2054152 -12.36246 -0.30166942 -0.40591997 -0.8558222 0.77579886 995.0 
20150625181236 0.94570965 -13.048399 2.6539726 -0.13805555 -0.9443977 0.6921103 995.0 
20150625181236 0.095768064 -14.242507 2.5432408 0.18173242 -0.82924956 0.42088616 995.0 
20150625181236 2.908955 -11.168951 2.1284454 0.68111473 -0.70463306 0.008857546 995.0 
20150625181236 3.0813377 -7.507618 1.6112977 1.3900238 -1.0311406 -0.30298916 994.92 
20150625181236 -1.4209588 -11.422138 0.42796355 2.1386392 -0.8176431 -0.9462303 994.92 
20150625181236 -5.216367 -15.9417925 -2.142212 2.8496864 -0.113926366 -1.3023647 994.92 
20150625181236 -6.3913217 -19.105131 -2.658761 3.2717943 -0.34697145 -1.4798211 994.92 
20150625181236 -5.1259856 -19.53908 0.29209262 2.0842721 -0.72021013 -1.2043208 994.92 
20150625181236 -5.6497173 -16.959328 0.110133275 1.276403 0.5928447 -0.5140431 994.92 
20150625181236 -2.360683 -13.6673 2.9562407 2.084883 0.6401868 -0.31245756 994.92 
20150625181236 2.7012582 -9.425373 3.940856 2.1584923 -1.4660766 -0.16920967 994.92 
20150625181236 -0.6703765 -8.383297 -1.7842789 2.074193 -1.6554449 -0.3820962 994.92 
20150625181236 -1.7441759 -4.681263 -5.379771 1.8936822 -0.70066243 -1.6285667 994.93 
20150625181236 -2.6102784 -2.4313118 -3.4847605 1.6896533 1.0512991 -1.96271 994.93 
20150625181236 -2.3343468 -1.067814 -3.465607 1.3200798 1.5971072 -1.6022996 994.93 
20150625181236 -2.5845408 -1.5688007 -2.7060466 1.2760975 0.6768387 -1.4840971 994.93 
20150625181236 -2.4947581 -1.5825673 -1.496376 1.393689 0.7476991 -1.2913691 994.93 
20150625181236 -2.6324248 -2.5713725 -0.009576807 0.9633345 1.4059063 -1.001819 994.93 
20150625181236 -3.151368 -3.2722752 0.077213004 0.41599923 1.6630806 -0.52748215 994.93 
20150625181236 -3.9917328 -4.405331 0.27234045 -0.045814894 1.6887369 0.01038471 994.93 
20150625181236 -2.4797945 -9.3499565 4.024653 -0.48563787 1.7006488 0.4016439 994.93 
20150625181236 -0.079008654 -18.23424 7.7039423 -1.4566082 1.6071864 0.85918194 994.97 
20150625181236 3.2543187 -19.608511 16.075867 -2.303573 1.1267409 0.8686504 994.97 
20150625181236 -0.22924481 -16.173431 14.109031 -1.8139644 1.1673635 0.43401974 994.97 
20150625181236 -1.6376339 -4.008492 7.9367785 1.0015136 0.6243043 -0.25595254 994.97 
20150625181236 -4.7818193 -8.224682 0.64583594 2.2119431 -1.212873 -0.7467828 994.97 
20150625181236 -2.7982233 -14.920067 -2.846706 1.3026701 -1.2513574 -0.8720101 994.97 
20150625181236 -0.55006784 -10.784083 -8.928576 -0.033292156 -0.21960606 0.29260445 994.97 
20150625181236 -3.6469676 -5.645528 -0.18854338 0.59406644 0.91996306 0.782213 994.97 
20150625181236 -2.6677392 -4.413112 -1.733402 0.4392121 -0.26206118 -0.5439755 994.97 
20150625181236 -5.8442464 -8.489241 -7.3340383 -0.098043874 -1.6749926 -0.63346726 995.04 
20150625181236 -7.778163 -13.837289 -8.638878 -0.12522738 0.5684101 0.028099801 995.04 
20150625181236 -3.2082303 -14.656106 1.6555905 -1.8270979 0.3051272 1.0806206 995.04 
20150625181236 2.1092918 -13.159131 -0.80086046 -2.4492643 -1.2675453 1.5509869 995.04 
20150625181236 1.7417817 -9.4972 -4.216788 -2.1890357 -2.32984 1.3637567 995.04 
20150625181236 0.48243165 -6.1746464 -0.9720459 -2.2174408 -0.94134337 0.54641896 995.04 
20150625181236 0.62488663 -5.234922 -1.3509283 -2.125811 -0.35643986 -0.3549127 995.04 
20150625181236 -3.311181 -7.165247 1.7471687 -1.2379184 -0.7058548 0.02565634 995.04 
20150625181236 -3.5673606 -7.6650367 -2.8167782 -1.1917981 0.2180789 0.43799037 995.04 
20150625181236 -1.608305 -8.793902 -1.9285295 -1.5079209 0.2666427 0.35185838 994.88 
20150625181236 0.6691794 -10.05864 0.9564836 -1.3228287 -0.17989981 0.6301075 994.88 
20150625181237 1.4688427 -9.148843 4.0599675 -1.2012665 -0.43982297 0.8897252 994.88 
20150625181237 -1.2725182 -9.825804 0.6703765 -1.0534371 -0.67073005 0.9324858 994.88 
20150625181237 0.7763199 -12.418126 -0.92535895 -0.9633345 -0.4908302 0.70829827 994.88 
20150625181237 0.7194576 -11.134235 2.5276785 -0.9095783 -0.44043383 0.7174612 994.88 
20150625181237 -2.0907366 -13.241731 0.7469909 -1.0665708 -0.18417588 0.7696902 994.88 
20150625181237 0.019752163 -13.778631 0.040102877 -0.73792523 -0.23518312 0.68844515 994.88 
20150625181237 3.6445735 -12.181698 0.7170634 -0.27152961 -0.6588182 0.6206391 994.88 
20150625181237 1.3425486 -12.644977 2.7144263 0.029321533 -0.5354234 0.6246097 994.91 
20150625181237 0.7577648 -14.027029 2.7431567 0.46639562 -0.59895337 0.37384954 994.91 
20150625181237 1.3311762 -10.907384 1.2605472 0.9746355 -0.7846564 0.0143553335 994.91 
20150625181237 0.15083471 -8.423999 0.6063316 1.8081611 -1.0760391 -0.56230146 994.91 
20150625181237 -5.436035 -14.952987 0.8038532 2.5237896 -0.52381694 -1.0931433 994.91 
20150625181237 -6.4098763 -17.529148 -3.232771 3.3179145 -0.08552113 -1.4251486 994.91 
20150625181237 -6.321291 -19.608511 -2.6042929 2.9706378 -0.9767735 -1.3503176 994.91 
20150625181237 -4.50888 -16.01302 0.9888053 1.8490891 -0.90408057 -0.8854492 994.91 
20150625181237 -4.7758336 -13.057976 2.321777 1.2003502 0.053145275 -0.28069258 994.91 
20150625181237 -0.14903906 -9.741408 2.813187 2.067168 -0.77213365 -0.441961 994.79 
20150625181237 3.1052797 -8.218696 1.4119805 1.9761491 -2.248595 -0.36987892 994.79 
20150625181237 -1.2234371 -7.513005 -2.6282349 1.5757269 -0.91324353 -0.93859446 994.79 
20150625181237 -2.3307555 -4.043208 -4.724957 1.2767084 0.5152648 -1.7977765 994.79 
20150625181237 -3.882198 -2.143409 -3.7307649 1.0064005 1.0772609 -1.8173242 994.79 
20150625181237 -3.8612487 -1.7860745 -2.360683 0.7828238 1.2525792 -1.2846496 994.79 
20150625181237 -2.6258407 -1.7615339 -2.1841104 1.1420126 0.5296202 -1.2183707 994.79 
20150625181237 -2.4911668 -1.4951789 -1.043872 1.1200215 0.8781188 -1.065349 994.79 
20150625181237 -2.6378117 -2.1212628 -0.8062474 0.7538077 1.6630806 -0.8393288 994.79 
20150625181237 -3.4410665 -3.3399115 -0.58119243 0.35246924 1.7012597 -0.32528573 995.02 
20150625181237 -3.2070332 -6.7211227 1.6011224 -0.24678956 1.5314392 0.2941316 995.02 
20150625181237 -2.0398598 -15.087062 8.140884 -1.029308 1.5534303 0.7684685 995.02 
20150625181237 3.8953662 -19.608511 13.761272 -2.0366247 1.3897184 0.9309586 995.02 
20150625181237 4.683657 -19.561226 15.717935 -2.3924537 1.2724323 0.6609562 995.02 
20150625181237 1.0510546 -6.1704564 13.749901 -0.5354234 1.6618589 -0.17715092 995.02 
20150625181237 -5.6060233 -7.714118 -0.34835634 2.3655756 -0.0067195175 -1.1383474 995.02 
20150625181237 -4.3358994 -15.677832 -6.199187 1.7311921 -1.108415 -1.3316863 995.02 
20150625181237 -2.1739352 -9.218874 -9.706693 0.31673363 -0.9166033 0.23273966 995.02 
20150625181237 -3.980959 -3.572149 -0.05566519 0.7467828 1.2140946 0.70646566 995.14 
20150625181237 -4.433463 -3.8391025 0.21906945 0.68111473 0.6462954 -0.56505036 995.14 
20150625181237 -6.911462 -7.7548194 -8.361151 -0.105068825 -1.1554517 -0.5112942 995.14 
20150625181237 -7.2364745 -14.969148 -12.23437 0.021685716 0.9483683 0.26267207 995.14 
20150625181237 -2.4510639 -15.534778 2.369661 -2.2156084 -0.27091873 1.4062119 995.14 
20150625181237 3.1244333 -13.174693 1.2749124 -2.9865203 -1.6713274 1.6209309 995.14 
20150625181237 2.1380222 -10.123882 -4.020463 -2.31915 -2.5809057 1.3158038 995.14 
20150625181237 1.1109096 -6.0824695 -1.9602526 -1.8558086 -0.8772025 0.26908615 995.14 
20150625181237 -0.12389994 -5.257667 -1.3814543 -1.7003434 0.0106901415 -0.07452556 995.14 
20150625181237 -3.6463692 -7.6572556 1.1240777 -1.2021828 -0.47128254 0.30757064 994.73 
20150625181237 -3.2878375 -7.269395 -2.2900538 -1.1508701 0.59131753 0.4605924 994.73 
20150625181237 -1.881244 -8.563461 -1.3533225 -1.5693128 0.5891795 0.25167647 994.73 
20150625181237 -0.7374141 -9.835381 0.44592008 -1.434617 0.2284636 0.52442783 994.73 
20150625181237 0.76075757 -9.330803 2.6617537 -1.2272283 -0.26267207 0.8005389 994.73 
20150625181237 -1.5400703 -10.275315 2.1769278 -1.0626001 -0.453262 0.9428705 994.73 
20150625181237 1.0929531 -12.771869 -1.2719196 -1.0925325 -0.16462818 0.8558222 994.73 
20150625181238 3.2866404 -11.715427 2.5378537 -0.9410379 -0.31612277 0.8912524 994.73 
20150625181238 -1.1097125 -13.317747 1.543063 -1.196685 -0.41233405 0.9779953 994.73 
20150625181238 -1.5472529 -14.535797 -0.37948096 -0.8481864 -0.054061573 0.7244862 994.95 
20150625181238 2.7252002 -11.625645 1.2964603 -0.29229903 -0.50579643 0.3659083 994.95 
20150625181238 0.7086837 -12.393585 3.6332011 -0.043676864 -0.41141775 0.4578435 994.95 
20150625181238 -0.094570965 -12.773664 3.2196028 0.32528573 -0.6123924 0.4642576 994.95 
20150625181238 2.2493525 -10.506954 1.1025299 0.98990715 -0.65118235 -0.0061086523 994.95 
20150625181238 2.2319946 -8.573038 0.6607997 1.7974709 -1.1218541 -0.4352415 994.95 
20150625181238 -2.566584 -14.2868 -0.17717093 2.5738807 -0.713796 -1.1163563 994.95 
20150625181238 -5.017648 -18.674774 -1.8201919 3.0973923 -0.23640485 -1.6038266 994.95 
20150625181238 -6.0268044 -19.608511 -0.61770403 2.8053987 -0.63529986 -1.7168368 994.95 
20150625181238 -4.6884456 -18.32103 -0.8002619 1.702176 -0.5027421 -1.0158689 994.69 
20150625181238 -5.1541176 -14.374787 -2.018312 1.6514742 1.1890492 -0.19822577 994.69 
20150625181238 -1.816002 -10.26933 1.365892 2.5326474 0.8894198 -0.16401732 994.69 
20150625181238 0.61770403 -7.340024 3.7128084 2.3768766 -0.7199047 -0.089186326 994.69 
20150625181238 -0.5979519 -6.5948286 -2.3385365 2.3197608 -0.7788532 -0.677755 994.69 
20150625181238 -1.453879 -3.7128084 -5.6580973 1.9327776 -1.094976 -1.7580702 994.69 
20150625181238 -2.3558946 -1.2629414 -3.5793316 1.3316863 0.46670106 -1.956296 994.69 
20150625181238 -2.5887306 -0.98341835 -4.3161473 0.9957104 1.4370605 -1.6588045 994.69 
20150625181238 -2.468422 -1.7082629 -3.2381577 1.2144 0.6927212 -1.5228871 994.69 
20150625181238 -2.5570073 -0.8924387 -1.4030021 1.428203 1.1187997 -1.2034045 994.99 
20150625181238 -3.2824504 -1.6214731 -0.6422446 0.9477574 1.9526308 -0.82436264 994.99 
20150625181238 -4.493318 -3.3620577 -0.23762453 0.4361578 2.076331 -0.27275133 994.99 
20150625181238 -3.9594111 -8.076241 3.2411506 -0.25259277 2.0607538 0.30176744 994.99 
20150625181238 -1.9925743 -17.72607 9.305663 -1.0980303 1.6936239 0.68539083 994.99 
20150625181238 1.4981717 -19.608511 19.345749 -2.4211645 1.2260065 0.8686504 994.99 
20150625181238 -0.21787235 -16.29374 12.697649 -2.3863451 1.0824533 0.64843345 994.99 
20150625181238 -0.56982 -1.7190368 8.701726 1.0183123 0.7788532 -0.12889257 994.99 
20150625181238 -6.911462 -13.63857 -2.1529858 2.2947154 -0.80664754 -0.9728029 994.99 
20150625181238 -0.20530279 -15.690999 -14.733917 1.2409728 -1.3081679 -1.039998 995.02 
20150625181238 -4.9799395 -5.4605756 -0.6751649 0.13927728 -0.61361414 0.7156286 995.02 
20150625181238 1.8459295 -2.0272903 1.1402385 1.1224649 0.623388 0.0067195175 995.02 
20150625181238 -2.5258827 -5.180454 -6.4404025 -0.049785517 -1.9816469 -1.0684034 995.02 
20150625181238 -8.916606 -12.546814 -10.834361 0.21746802 0.86376345 -0.5390886 995.02 
20150625181238 -7.519589 -15.822082 -1.751957 -0.6203337 -0.18784106 0.47586402 995.02 
20150625181238 -0.57879823 -13.367427 -0.37828386 -2.4593434 -1.9639318 1.3164146 995.02 
20150625181238 1.7770962 -12.521675 -0.670975 -2.506991 -2.0781636 1.724778 995.02 
20150625181238 0.14185645 -11.003751 -2.2403743 -2.588236 -1.4504995 1.0497719 995.02 
20150625181238 0.6051345 -5.2726307 -0.9331401 -2.3246477 -0.5503896 0.060170226 994.84 
20150625181238 -0.40581718 -4.7884035 -1.3892355 -1.9657644 -0.6062838 -0.09468412 994.84 
20150625181238 -3.1735144 -6.7043633 0.4818331 -1.073901 -0.37507126 0.35216382 994.84 
20150625181238 -2.191293 -7.712322 -1.5005659 -1.461495 0.7486154 0.5833763 994.84 
20150625181238 -1.4945804 -8.664018 -1.1827357 -1.7186694 -0.1853976 0.52778757 994.84 
20150625181238 -1.4359225 -9.662399 2.3690627 -1.3790283 -0.21105394 0.8374963 994.84 
20150625181238 -0.011372458 -9.904214 2.1392193 -1.2098186 -0.13255776 1.0106765 994.84 
20150625181238 2.022502 -12.644378 -0.52971715 -1.2073752 -0.20555615 1.104139 994.84 
20150625181238 2.5127146 -12.060791 2.4235306 -1.0161743 -0.50640726 1.0073168 994.84 
20150625181238 -1.1761516 -13.248914 2.5121162 -1.1273518 -0.5992588 0.82344633 994.95 
20150625181238 -1.299453 -13.803171 0.19812019 -0.7809912 -0.49571714 0.5491679 994.95 
20150625181239 2.1637597 -11.862072 2.1984756 -0.2855795 -0.5720753 0.4007276 994.95 
20150625181239 2.5953147 -12.391789 4.483143 0.04795292 -0.49510628 0.36468655 994.95 
20150625181239 2.2499511 -11.660361 4.201824 0.5381723 -0.8051204 0.39706242 994.95 
20150625181239 0.6039374 -8.244433 -0.009576807 1.2672399 -1.1249083 -0.076358154 994.95 
20150625181239 -2.5605986 -8.938153 -2.456451 2.1252003 -0.84391034 -0.4746423 994.95 
20150625181239 -2.6491842 -17.168821 -3.1184478 2.9584203 -0.18509217 -0.9049969 994.95 
20150625181239 -5.9442043 -19.608511 -3.5727475 2.896723 -0.98563105 -1.2525792 994.95 
20150625181239 -5.9184666 -19.608511 0.66020113 1.8301523 -0.9841039 -1.6624697 994.88 
20150625181239 -6.0238113 -17.129316 2.7341783 1.7037032 0.9663888 -1.1136073 994.88 
20150625181239 -5.3396683 -13.123219 3.83192 2.393981 -0.1554652 -0.48533243 994.88 
20150625181239 -2.7736826 -8.104373 0.7272388 2.2736404 -2.4853053 -0.37232238 994.88 
20150625181239 1.7836803 -5.137358 -1.2515689 1.8570304 -1.493871 -0.4370741 994.88 
20150625181239 1.6747441 -5.595249 -1.0007763 1.8674151 0.5235115 -0.906524 994.88 
20150625181239 -1.4574703 -5.3965306 -3.3237505 1.102001 0.20525073 -1.6557503 994.88 
20150625181239 -1.4047978 -2.565387 -4.1904516 0.88606006 -0.0290161 -2.187203 994.88 
20150625181239 -2.6072857 -2.1122844 -4.0264487 0.79626286 0.5531385 -1.7907515 994.88 
20150625181239 -3.5003228 -2.19668 -1.774702 1.3665055 0.97524637 -1.3399329 994.95 
20150625181239 -3.7373488 -1.1976994 -2.918532 1.6991217 1.4669929 -1.0622946 994.95 
20150625181239 -4.43885 -0.8774749 -1.8537107 1.2400564 1.8090774 -0.7058548 994.95 
20150625181239 -2.9311013 -4.3766007 -0.8523358 0.30604348 2.4465153 -0.19028452 994.95 
20150625181239 -1.8315643 -10.723031 4.324527 -0.45570546 2.346639 0.3100141 994.95 
20150625181239 1.8381484 -19.592949 15.45936 -1.402852 1.8842138 0.6545421 994.95 
20150625181239 2.72939 -19.608511 19.60073 -1.9743165 1.1691961 0.7125743 994.95 
20150625181239 -0.6907272 -8.495825 8.622718 -0.870483 0.784351 0.14721853 994.95 
20150625181239 -1.0821792 -2.043451 4.983531 1.666135 0.0580322 -0.32436943 994.95 
20150625181239 -4.936844 -6.4242415 0.56563014 1.9107865 0.4251622 -0.55924714 994.96 
20150625181239 -2.7940333 -15.433622 -9.190742 0.852157 -0.52503866 -0.57910025 994.96 
20150625181239 -5.6700683 -15.170859 -3.0280666 0.04642576 -0.112399206 0.48747048 994.96 
20150625181239 -2.8455088 -10.829573 8.219893 0.15241088 1.2052372 0.344528 994.96 
20150625181239 -0.7230489 -2.0368671 -4.7602715 0.106901415 -0.9440922 -0.40225476 994.96 
20150625181239 -4.6375685 -5.4899044 -12.552201 0.9306532 -0.08155051 -0.32406402 994.96 
20150625181239 -6.711546 -13.190854 -10.575189 0.15515977 0.93554014 0.25686884 994.96 
20150625181239 -2.0009542 -15.700576 3.70802 -2.5418103 -0.9569204 0.79168135 994.96 
20150625181239 0.47764325 -12.353482 0.044292733 -2.8463266 -1.4153748 1.0616838 994.96 
20150625181239 1.4395138 -10.560823 -2.7192147 -2.5137105 -2.0677788 1.0711522 994.99 
20150625181239 0.55964464 -7.1089835 0.23523031 -2.5256224 -0.8353582 0.6560693 994.99 
20150625181239 -1.377863 -6.335656 -0.044292733 -1.8497 -0.20463985 -0.13316862 994.99 
20150625181239 -3.8013937 -6.1686606 -1.4969746 -1.1844677 0.05589417 0.08674286 994.99 
20150625181239 -2.3223755 -7.043741 -0.19512744 -1.2599095 -0.5510005 0.6429357 994.99 
20150625181239 -0.9032126 -7.773973 -1.2246342 -1.5824465 0.15118915 0.47403142 994.99 
20150625181239 -0.30286652 -8.496424 -0.88405895 -1.3988814 0.10720685 0.63224554 994.99 
20150625181239 0.28909984 -10.548853 1.9800048 -1.2385293 -0.26328292 0.72082096 994.99 
20150625181239 -1.1055226 -9.4972 -0.18255788 -1.1050552 -0.6966918 0.88453287 994.99 
20150625181239 -1.9614497 -9.977237 -1.2455834 -1.0213667 -0.63438356 0.8546005 994.93 
20150625181239 0.41240123 -12.495937 1.4119805 -0.9550878 -0.06963864 0.8436049 994.93 
20150625181239 1.4981717 -13.9755535 1.7004818 -1.1120802 -0.26083946 1.0027353 994.93 
20150625181239 1.228824 -14.488512 0.57999533 -1.0858129 -0.61117065 0.9166033 994.93 
20150625181239 2.0488381 -13.156737 1.1504139 -0.5519168 -0.84299403 0.6160576 994.93 
20150625181239 1.733402 -13.669096 5.2157683 -0.14172074 -0.9193522 0.3472769 994.93 
20150625181239 3.3195608 -13.603854 3.17531 0.17195857 -0.67256266 0.37873647 994.93 
20150625181239 3.554791 -9.440337 1.5646108 0.77396625 -1.01312 0.22266038 994.93 
20150625181240 1.364695 -9.065644 0.8750807 1.6588045 -1.1175779 -0.35094208 994.93 
20150625181240 -3.0280666 -15.607203 -0.091578215 2.4233024 -0.39461896 -1.1991285 994.82 
20150625181240 -6.959346 -19.607315 -3.8534677 3.2556064 0.03940081 -1.7250835 994.82 
20150625181240 -10.661979 -19.608511 -2.4396915 2.754086 -0.23609942 -1.8613064 994.82 
20150625181240 -7.153875 -17.287333 -0.80924016 1.9462167 0.86070913 -1.2501358 994.82 
20150625181240 -6.477513 -12.548011 0.1352724 1.6649132 1.5760323 0.23884831 994.82 
20150625181240 -2.4582467 -6.991069 2.3307555 2.3026567 -0.090713486 0.4382958 994.82 
20150625181240 1.6334441 -5.8903346 2.337938 2.2702806 -1.8576412 -0.06169739 994.82 
20150625181240 0.10414778 -5.8651958 -2.801216 2.4049764 -1.4095715 -1.0302242 994.82 
20150625181240 -0.6721721 -3.4757824 -4.209605 2.091908 -0.7440339 -1.9321668 994.82 
20150625181240 -0.7428011 -1.863886 -3.7074213 1.5183055 0.59498274 -2.2455406 994.91 
20150625181240 -1.821389 -1.9321208 -4.6884456 1.0668762 1.0522153 -1.8063285 994.91 
20150625181240 -2.6102784 -2.9442697 -3.5003228 1.1924089 0.7287622 -1.4871514 994.91 
20150625181240 -3.5500026 -2.2415714 -1.8357542 1.4144585 1.5842791 -1.0189233 994.91 
20150625181240 -5.295376 -1.532289 -0.52971715 1.1264355 2.1068742 -0.77366084 994.91 
20150625181240 -5.0332108 -3.3865983 0.46447513 0.4877759 2.2128594 -0.3539964 994.91 
20150625181240 -3.335123 -9.431957 4.581305 -0.3735441 2.293799 0.21319197 994.91 
20150625181240 0.35793316 -19.378668 12.205042 -1.475545 1.9233092 0.5766568 994.91 
20150625181240 1.846528 -19.608511 19.591753 -2.0839667 1.1435398 0.5723807 994.91 
20150625181240 -1.5682021 -9.19972 11.399991 -1.0858129 1.1795808 0.2406809 995.04 
20150625181240 -2.4247277 -0.6488287 5.100847 1.3313808 0.3744604 -0.37904188 995.04 
20150625181240 -7.277176 -11.013328 1.2162545 1.7895297 0.31123585 -0.5381723 995.04 
20150625181240 -3.9133227 -18.198328 -7.937976 0.5888741 -0.4364632 -0.43004912 995.04 
20150625181240 -3.6703112 -9.329007 -0.09995792 0.12950343 -0.17531833 0.63316184 995.04 
20150625181240 -2.5917234 -6.3272767 2.3852234 0.52564955 0.8512407 0.47891834 995.04 
20150625181240 -2.4468741 -1.8902222 -5.46297 0.344528 -0.90010995 -0.2968805 995.04 
20150625181240 -4.3795934 -9.059659 -12.03625 0.6386596 -0.45570546 -0.2415972 995.04 
20150625181240 -5.453393 -14.469956 -7.5243773 -1.0806206 0.056199603 0.57360244 995.04 
20150625181240 0.44711718 -14.301166 3.3877954 -3.0717359 -1.1572843 1.0852021 994.58 
20150625181240 1.1755531 -11.704055 1.525705 -2.9061913 -1.666135 1.1212431 994.58 
20150625181240 -0.14784196 -9.882666 -3.751714 -2.1355848 -1.6649132 0.74372846 994.58 
20150625181240 -0.44831428 -7.48607 -2.7868507 -2.5567765 -0.87017757 0.38698313 994.58 
20150625181240 0.16639702 -5.115212 1.6837224 -2.3316727 -1.2159272 0.062002823 994.58 
20150625181240 -2.920926 -5.9442043 0.108936176 -1.353372 -0.9392053 0.013439035 994.58 
20150625181240 -3.6523547 -6.1219735 -1.2443863 -0.8881981 0.17928895 0.3943135 994.58 
20150625181240 -1.1348516 -7.5165963 -1.8596961 -1.6762142 0.29657507 0.34055737 994.58 
20150625181240 -0.05327099 -9.841366 0.02813187 -1.3304645 0.12308934 0.6133087 994.58 
20150625181240 -1.335366 -10.141838 1.3922282 -1.1618657 -0.24556783 0.7632761 995.06 
20150625181240 -2.6252422 -10.85531 -0.15981296 -1.1591167 -0.14569137 0.7648033 995.06 
20150625181240 0.13227965 -12.325351 0.40402153 -1.1426234 -0.047036625 0.6927212 995.06 
20150625181240 0.35673606 -11.893197 1.3132197 -1.2147056 -0.41233405 0.89919364 995.06 
20150625181240 -0.05207389 -14.583082 0.6871359 -1.183246 -0.66431594 0.95630956 995.06 
20150625181240 2.9747956 -14.473548 0.7194576 -0.70952 -0.7675522 0.79076505 995.06 
20150625181240 4.5483847 -13.167511 2.119467 -0.3930918 -0.90408057 0.623388 995.06 
20150625181240 0.1945289 -13.467983 4.0372224 -0.11728613 -0.8894198 0.54305923 995.06 
20150625181240 1.5652094 -12.607267 2.4612393 0.31123585 -0.71776664 0.26419923 995.06 
20150625181240 1.5771804 -7.4687123 0.44891283 1.2263119 -0.9718866 -0.087964594 994.92 
20150625181240 -1.9249382 -7.745841 1.8136078 1.9981402 -0.84421575 -0.63194007 994.92 
20150625181240 -4.3287168 -14.603434 -1.1569979 2.924212 0.050701816 -1.2055426 994.92 
20150625181241 -5.01705 -18.237831 -4.406528 3.5604281 -0.41538838 -1.4083499 994.92 
20150625181241 -6.6965823 -19.608511 -2.4744074 2.659402 -1.1630874 -1.5372424 994.92 
20150625181241 -6.625355 -19.059042 1.4838065 1.4361442 0.2929099 -1.3634512 994.92 
20150625181241 -5.3636103 -14.620193 1.4191631 1.3967434 0.7174612 -0.6908886 994.92 
20150625181241 2.4732103 -8.401254 4.741118 2.2956316 -1.3151928 -0.17837265 994.92 
20150625181241 1.0295067 -8.492832 1.3802572 2.1768184 -2.3261747 0.0036651916 994.92 
20150625181241 -0.36631286 -6.530185 -3.4715924 2.0491474 -1.2202033 -1.3203852 994.84 
20150625181241 -0.8242039 -4.148553 -5.1678843 1.7892243 0.2180789 -2.2883012 994.84 
20150625181241 -1.9315223 -2.4839842 -3.9444473 1.4315627 1.57084 -1.9553796 994.84 
20150625181241 -3.2854433 -2.2547395 -4.3406878 1.3952162 1.3759739 -1.5238034 994.84 
20150625181241 -4.0282445 -1.4736311 -2.939481 1.4749341 1.0693196 -1.3808609 994.84 
20150625181241 -3.6284127 -0.8475474 -0.5859809 1.3768903 1.4877623 -1.2831224 994.84 
20150625181241 -2.795829 -1.4927847 -0.38606504 0.91629785 2.0809124 -0.8897252 994.84 
20150625181241 -3.3836055 -3.596091 0.825401 0.20280726 2.098933 -0.34788775 994.84 
20150625181241 -2.8113914 -8.108562 3.417723 -0.48716503 2.1248949 0.29260445 994.84 
20150625181241 -1.3305776 -16.011822 10.266336 -1.2272283 1.8167132 0.6704246 995.01 
20150625181241 0.6206968 -19.608511 19.52651 -2.2834144 1.6016886 0.7651087 995.01 
20150625181241 -0.7332243 -16.98686 11.560403 -1.9446895 1.5103643 0.6401868 995.01 
20150625181241 0.25917232 -3.7379475 5.333084 1.1942415 0.8503244 0.20311269 995.01 
20150625181241 -7.5968018 -16.33863 1.7447745 2.5680776 -0.28802297 -0.86254174 995.01 
20150625181241 -0.049081136 -12.193669 -13.5218525 1.2730432 -0.35338554 -1.180497 995.01 
20150625181241 -8.036138 -1.6262615 -0.8451532 0.47311515 -0.47494772 0.24953845 995.01 
20150625181241 -8.798093 -2.717419 6.5098343 1.1575897 0.22999077 -0.47861293 995.01 
20150625181241 1.685518 -9.494206 -12.21402 -0.05681047 -2.4239132 -0.8142834 995.01 
20150625181241 -5.7227407 -14.743494 -10.0903635 0.35277468 1.0931433 0.7669413 994.93 
20150625181241 -2.878429 -13.965977 3.6565444 -1.7602082 0.058643065 1.2370021 994.93 
20150625181241 0.9744401 -10.66976 -2.6084828 -2.8979447 -2.2751677 1.2357804 994.93 
20150625181241 -0.96067345 -10.233417 -1.9776106 -2.083356 -2.1820107 1.0684034 994.93 
20150625181241 -0.2220622 -9.504981 -0.30466217 -2.556471 -0.33628133 0.689056 994.93 
20150625181241 0.37469256 -7.801506 -0.8936358 -3.1496212 -1.72264 0.6924158 994.93 
20150625181241 0.39683893 -6.5505357 -0.80924016 -2.7085764 -1.7143933 0.29718593 994.93 
20150625181241 -2.6605566 -5.6706667 0.943914 -1.1798862 -0.4129449 0.049785517 994.93 
20150625181241 -2.870648 -7.6823945 -1.8962077 -1.0012082 0.68600166 0.61666846 994.93 
20150625181241 -1.0378864 -8.497621 -2.2158337 -1.6927075 -0.08582657 0.54092115 994.84 
20150625181241 -0.95708215 -9.257181 0.022744916 -1.2705997 0.13805555 0.8197812 994.84 
20150625181241 -1.9416976 -9.372103 1.8285716 -1.2205088 -0.38515055 0.9807441 994.84 
20150625181241 -0.5291186 -11.457452 -0.9995792 -1.3139712 -0.098043874 1.1123856 994.84 
20150625181241 2.055422 -12.254123 1.8608932 -1.2434162 -0.16157386 1.0064005 994.84 
20150625181241 -0.8403648 -12.415731 1.785476 -1.3228287 -0.5174029 1.0201449 994.84 
20150625181241 -0.4225766 -13.945027 0.45310268 -0.9242391 -0.63255095 0.7144069 994.84 
20150625181241 3.3452983 -12.272678 1.7280151 -0.4092797 -0.906524 0.50243664 994.84 
20150625181241 4.6297874 -12.84549 3.7684734 -0.0061086523 -0.89766645 0.41599923 994.84 
20150625181241 5.120599 -14.358626 3.086126 0.40225476 -1.0354166 0.3491095 994.96 
20150625181241 2.046444 -10.254965 0.1316811 1.3063353 -0.9761627 -0.059253927 994.96 
20150625181241 -2.7527335 -12.8772135 1.7860745 2.1496348 -0.6914995 -0.9773844 994.96 
20150625181241 -6.0327897 -17.43338 -1.8800468 2.6520715 0.38881573 -1.4468343 994.96 
20150625181241 -8.701726 -19.608511 -5.66109 3.479183 0.23548855 -1.7308867 994.96 
20150625181241 -7.8266454 -19.608511 0.90141696 2.411696 -0.7993172 -1.5564847 994.96 
20150625181241 -7.1448965 -15.285182 -0.2861071 1.131017 0.97097033 -0.5589417 994.96 
20150625181241 -5.201403 -11.950059 3.144784 2.348166 1.0885619 0.057421334 994.96 
20150625181241 0.90500826 -7.702147 2.1458032 2.6166413 -2.176513 0.077579886 994.96 
20150625181242 1.0953473 -7.053318 -1.9626468 2.2947154 -2.3506095 -0.06505715 994.78 
20150625181242 -0.96546185 -5.288193 -4.44304 2.2699752 -0.6010914 -1.5509869 994.78 
20150625181242 -0.89064306 -2.556409 -4.548983 1.8298469 0.5174029 -2.3753495 994.78 
20150625181242 -1.6741456 -1.2425907 -1.7369933 1.5815301 1.1301007 -2.0503693 994.78 
20150625181242 -2.0560207 -1.1887212 -4.6495395 1.5005904 0.7119634 -1.6676621 994.78 
20150625181242 -2.9053638 -0.97503865 -2.598906 1.5625933 0.6273586 -1.3423764 994.78 
20150625181242 -3.2734723 -1.8776526 -0.6422446 1.2925909 1.6096299 -0.9599747 994.78 
20150625181242 -3.2237926 -1.6118963 -0.002992752 0.59650993 1.954158 -0.5873469 994.78 
20150625181242 -3.9073372 -3.4542346 2.2900538 -0.022602014 1.9361374 -0.09010262 994.78 
20150625181242 -2.7527335 -10.685322 7.606379 -0.6924158 2.0653355 0.29626966 995.07 
20150625181242 0.5823896 -19.608511 12.50731 -1.9807305 1.9260582 0.7305948 995.07 
20150625181242 0.7799112 -19.608511 19.193117 -2.5708263 1.466382 0.7333437 995.07 
20150625181242 -1.702876 -7.3148847 10.661979 -0.55833083 1.4990633 0.19303341 995.07 
20150625181242 -7.2927384 -6.05733 4.5896845 2.1025982 -0.6038403 -0.3659083 995.07 
20150625181242 -7.7590094 -19.602526 -5.3115363 1.947133 -0.38331795 -0.6563747 995.07 
20150625181242 0.8265981 -9.223662 -11.922526 0.4859433 -0.7742717 -0.010995574 995.07 
20150625181242 -1.5562311 -1.4185646 -2.2242134 0.97127575 0.25137106 0.9786061 995.07 
20150625181242 -0.98581254 -1.30484 -4.2341456 0.8258898 -0.95325524 -0.86101454 995.07 
20150625181242 -6.318897 -12.151173 -11.056423 -0.45265114 -1.6111571 -0.52656585 995.02 
20150625181242 -7.958925 -14.577696 -6.2662244 -0.68019843 1.1417072 0.32559118 995.02 
20150625181242 -2.1877017 -14.077308 2.8419175 -2.7467556 -0.3726278 1.2938126 995.02 
20150625181242 0.56682724 -10.742185 -0.99898064 -2.8298333 -1.577254 1.7238617 995.02 
20150625181242 -0.24660277 -10.0664215 -2.6551697 -2.5711317 -1.9825631 1.2999213 995.02 
20150625181242 -0.6889315 -5.619191 -2.4199393 -2.941927 -0.77457714 0.25534168 995.02 
20150625181242 1.4209588 -4.19524 -1.0474633 -2.5302038 -1.103528 -0.41813725 995.02 
20150625181242 -2.9412768 -6.88333 0.81761986 -1.2568552 -0.6270532 -0.11209377 995.02 
20150625181242 -4.6022544 -7.7368627 -2.5737667 -1.0549643 0.6261369 0.5561928 995.02 
20150625181242 -2.695871 -9.094376 -1.9207484 -1.7742581 -0.015577064 0.39003745 994.88 
20150625181242 -0.06344634 -10.279505 1.5095441 -1.3069462 -0.0421497 0.7351763 994.88 
20150625181242 -0.06404489 -9.928755 2.6479871 -1.2363913 -0.5867361 0.9868528 994.88 
20150625181242 1.0432734 -12.316971 -0.36152446 -1.3133603 -0.5665775 1.1371256 994.88 
20150625181242 2.9113493 -12.686874 2.7976246 -1.1542299 -0.9108001 0.9896017 994.88 
20150625181242 0.22864626 -12.758102 3.1836896 -1.2815952 -0.82253003 0.979217 994.88 
20150625181242 0.1352724 -14.29099 0.09935937 -0.8359691 -0.68844515 0.7284568 994.88 
20150625181242 4.7243586 -11.365275 1.0426749 -0.38881573 -0.8530733 0.49235737 994.88 
20150625181242 4.039018 -11.976396 4.733337 0.08857546 -0.59864795 0.49754974 994.88 
20150625181242 1.3174095 -12.856264 2.8574798 0.4801401 -0.77671516 0.41050145 994.91 
20150625181242 0.5315128 -8.284536 -1.4167689 1.3784174 -0.5644395 -0.1563815 994.91 
20150625181242 -2.654571 -11.634624 0.9947908 2.3570235 -0.6392705 -0.8784242 994.91 
20150625181242 -5.5126495 -17.366343 -2.461838 2.8747318 0.5390886 -1.3759739 994.91 
20150625181242 -7.913435 -19.608511 -6.2901664 3.5992181 0.33261612 -1.8194622 994.91 
20150625181242 -6.7570357 -19.608511 1.4209588 2.1010711 -1.3298537 -1.7018706 994.91 
20150625181242 -6.8581905 -16.373945 0.19931729 0.84604836 0.8338311 -0.79320854 994.91 
20150625181242 -4.6519337 -12.389994 3.4488475 2.2482896 0.8396343 -0.35430184 994.91 
20150625181242 1.3150153 -8.437167 2.6013002 2.5109615 -2.4459045 -0.2761111 994.91 
20150625181242 1.1959038 -8.20433 -0.58418524 2.3539693 -2.1514673 -0.35521814 994.8 
20150625181242 -1.0606314 -5.831078 -5.1768627 2.259896 -0.40378192 -1.7489072 994.8 
20150625181242 -1.1180922 -1.8387469 -5.3402667 1.7446312 0.87995136 -2.5011878 994.8 
20150625181242 -2.5713725 -1.2850877 -3.8379054 1.4159856 1.597718 -1.9666806 994.8 
20150625181243 -2.2296004 -1.2689269 -4.9069166 1.5070046 0.97310835 -1.7162259 994.8 
20150625181243 -2.991555 -0.7236475 -2.9466639 1.7736472 0.9611965 -1.4459181 994.8 
20150625181243 -3.8456864 -0.9600749 -0.6135142 1.5042557 1.8955148 -0.9633345 994.8 
20150625181243 -4.5621514 -0.9648633 0.23642741 0.77366084 2.4495697 -0.5705481 994.8 
20150625181243 -4.2197804 -4.171298 2.6850972 0.07147124 2.327702 0.019547688 994.8 
20150625181243 -1.7489643 -11.494562 7.901464 -0.7287622 2.2351558 0.46303585 995.06 
20150625181243 2.2691047 -19.608511 13.283031 -1.960572 1.8918496 0.81183994 995.06 
20150625181243 -1.0013748 -19.608511 18.293497 -2.179567 1.6019942 0.6979135 995.06 
20150625181243 -2.055422 -6.785766 8.461109 -0.16157386 1.4999796 0.24281894 995.06 
20150625181243 -5.7257333 -2.9107506 2.4498668 2.0986276 -0.46700647 -0.07147124 995.06 
20150625181243 -9.108741 -18.512566 -1.6663644 1.9669861 0.09773844 -0.3268129 995.06 
20150625181243 -1.7776948 -13.637373 -7.81228 0.7086037 -0.39370266 -0.09987647 995.06 
20150625181243 -0.034715924 -4.626795 -0.66259533 0.6789767 -0.0888809 0.8213083 995.06 
20150625181243 1.2234371 -1.87047 -5.106832 0.9147707 -0.45356745 -0.5375614 995.06 
20150625181243 -4.9972973 -10.684724 -11.949461 0.21227567 -1.0598512 -0.61361414 995.06 
20150625181243 -7.471705 -14.436438 -7.7410526 -0.48716503 0.61941737 -0.1337795 995.06 
20150625181243 -3.702633 -14.171879 5.257068 -2.6758952 -0.59528816 0.8374963 995.06 
20150625181243 -1.3958195 -10.446501 -1.376666 -2.6358836 -0.999681 1.2501358 995.06 
20150625181243 -1.3443443 -7.1622543 -3.6104562 -1.8945986 -1.5076154 1.3881912 995.06 
20150625181243 -1.4024036 -9.061455 -0.9331401 -2.7140744 -0.8323039 0.9859365 995.06 
20150625181243 1.115698 -7.0036387 -0.54527944 -3.287066 -2.024102 0.44715336 995.06 
20150625181243 3.0538042 -6.39192 -0.45070848 -2.5912905 -2.0222695 -0.28221974 995.06 
20150625181243 -2.5187001 -7.0066314 1.2749124 -0.89369583 0.101098195 0.010079277 995.06 
20150625181243 -2.2661119 -8.003218 -3.34051 -1.378112 0.67164636 0.52748215 994.84 
20150625181243 -1.1653777 -9.763555 -0.7685388 -1.5717562 -0.47525316 0.52687126 994.84 
20150625181243 -2.4905684 -8.750209 1.9261353 -1.2925909 0.21197024 0.72601336 994.84 
20150625181243 -3.6499605 -9.682152 -0.39983168 -1.2922854 0.11636983 0.91232723 994.84 
20150625181243 0.88405895 -12.650363 0.8158242 -1.4474452 0.398895 0.83016586 994.84 
20150625181243 0.7218518 -11.897985 2.2260091 -1.2748758 -0.70616025 0.89461213 994.84 
20150625181243 -1.3263878 -13.833697 1.7603368 -1.1337659 -0.68752885 0.82924956 994.84 
20150625181243 2.5863364 -13.879188 0.6488287 -0.6429357 -1.1337659 0.56138515 994.84 
20150625181243 5.42167 -12.855067 2.979584 -0.18203785 -1.3878858 0.52198434 994.84 
20150625181243 2.633622 -13.041217 5.17387 0.12858713 -1.1276573 0.50823987 994.93 
20150625181243 2.5959132 -12.476185 1.4012065 0.6203337 -0.9737192 0.267559 994.93 
20150625181243 3.1555579 -7.778163 0.9451111 1.6279559 -1.108415 -0.2049453 994.93 
20150625181243 -1.2521675 -13.444041 0.80684596 2.1642957 -0.46853364 -0.7467828 994.93 
20150625181243 -6.0968347 -18.770542 -1.8716671 3.0243938 0.23487769 -1.5036448 994.93 
20150625181243 -10.00896 -19.608511 -3.6463692 3.2736268 0.040317107 -1.9770653 994.93 
20150625181243 -7.2005615 -19.197906 -1.2898762 2.1817052 -0.018020526 -1.4862351 994.93 
20150625181243 -6.443395 -14.501679 -1.5304934 1.5512923 1.4288138 -0.032986723 994.93 
20150625181243 -1.7555484 -10.448297 0.84814596 2.1456642 0.63499445 0.29657507 994.93 
20150625181243 2.2996306 -9.078215 3.417723 2.1410828 -1.5876387 0.10140363 994.85 
20150625181243 -0.23822308 -8.042124 -0.18734628 2.2342396 -1.81091 -0.8042041 994.85 
20150625181243 -1.513734 -4.341286 -6.435614 2.1896465 -1.2012665 -2.2369885 994.85 
20150625181243 -2.0602105 -1.1575965 -4.185663 1.8924606 0.42821655 -2.2522602 994.85 
20150625181243 -2.7072437 -0.27473465 -3.1836896 1.6297885 1.8164078 -1.8063285 994.85 
20150625181243 -2.2266076 -0.62249243 -3.750517 1.5219707 1.176221 -1.598329 994.85 
20150625181243 -2.509722 -1.0773908 -1.8992004 1.5360206 0.8481864 -1.3051136 994.85 
20150625181243 -2.747945 -1.1121067 -0.29688102 0.93523467 2.0088303 -1.0045679 994.85 
20150625181243 -4.685453 -2.541445 0.27234045 0.36835176 2.2666154 -0.5439755 994.85 
20150625181243 -4.953005 -7.0928226 2.2230163 -0.08368854 2.4110851 -0.10323623 995.06 
20150625181244 -4.848857 -13.664308 6.553529 -1.1026118 2.2186625 0.57360244 995.06 
20150625181244 -1.4562732 -19.608511 15.190611 -2.3628268 1.5968018 0.79473567 995.06 
20150625181244 1.0570401 -19.500174 19.13446 -2.4620924 1.3875804 0.7144069 995.06 
20150625181244 1.0941502 -2.9317 6.695385 0.5375614 1.0415252 0.29016098 995.06 
20150625181244 -2.722806 -6.9120603 -0.480636 2.3875668 -1.3762794 -0.4636467 995.06 
20150625181244 -0.62249243 -17.039534 -10.928333 1.3991868 -1.0928379 -0.83169305 995.06 
20150625181244 -6.081871 -8.225879 -5.228338 0.35979962 -0.3484986 0.21135938 995.06 
20150625181244 -4.061165 -6.8001313 13.742718 0.72356987 0.14538592 -0.015882496 995.06 
20150625181244 0.58897364 -4.361038 -5.599439 0.16249016 -1.9779817 -0.7987063 995.02 
20150625181244 -5.9041014 -10.994174 -14.300567 1.0885619 1.0931433 -0.57726765 995.02 
20150625181244 -7.586028 -13.886969 -4.38498 -0.54061574 1.6603317 0.514654 995.02 
20150625181244 0.8295909 -12.46601 2.5845408 -2.5583036 -0.9621128 0.82924956 995.02 
20150625181244 -1.423353 -12.093113 -1.7669208 -2.4663684 -1.5833627 1.0772609 995.02 
20150625181244 -0.6619968 -10.390836 -2.4881742 -2.4422393 -1.3884968 0.7666359 995.02 
20150625181244 -0.4417302 -9.277532 -1.9979613 -3.0524936 -1.5763378 0.7892379 995.02 
20150625181244 1.5915456 -5.5120506 -1.553837 -2.9281826 -1.6285667 0.25503623 995.02 
20150625181244 -1.857302 -5.9382186 1.0073603 -1.3255776 -0.59437186 -0.1881465 995.02 
20150625181244 -4.8722005 -7.0263834 -1.6633717 -0.72051555 1.0216721 0.45204028 994.83 
20150625181244 -3.6882677 -8.14687 -2.1667526 -1.8124372 -0.28069258 0.49113566 994.83 
20150625181244 -2.5169046 -10.120889 -0.760159 -1.5222762 -0.09315695 0.6826419 994.83 
20150625181244 -0.41838676 -9.896433 1.5251064 -1.246776 -0.077579886 1.0207558 994.83 
20150625181244 1.127669 -10.755353 1.2126632 -1.3723087 -0.5561928 1.3298537 994.83 
20150625181244 2.2649148 -12.205042 2.9622262 -1.4581354 -0.5225952 1.2666291 994.83 
20150625181244 1.2473791 -12.20145 2.5851393 -1.2586879 -0.8228355 1.0616838 994.83 
20150625181244 0.74878657 -13.718776 0.9223662 -0.9764681 -0.9621128 0.82863873 994.83 
20150625181244 2.765303 -12.937069 2.9813797 -0.32650748 -1.0613784 0.4269948 994.83 
20150625181244 3.9133227 -13.1794815 4.453215 0.04428773 -0.9639453 0.3036 994.96 
20150625181244 4.618415 -13.050195 2.7874494 0.5665775 -0.9932669 0.30940324 994.96 
20150625181244 2.1158757 -9.860519 1.4305356 1.5406022 -0.9477574 -0.10598512 994.96 
20150625181244 -1.3245921 -12.968792 1.091756 2.1206186 -0.39461896 -0.82650065 994.96 
20150625181244 -5.16549 -17.496227 -0.19572599 2.8777862 0.2733622 -1.5155567 994.96 
20150625181244 -8.978256 -19.608511 -2.712032 3.1196887 0.058337633 -1.8698585 994.96 
20150625181244 -7.1939774 -19.479225 -2.8951883 2.4147503 0.16157386 -1.5971072 994.96 
20150625181244 -6.542156 -14.356232 -3.1783028 1.6667458 1.378112 -0.2779437 994.96 
20150625181244 -4.833295 -9.372103 1.602918 1.8112154 1.5225816 0.10293079 994.96 
20150625181244 0.07062895 -6.647501 3.9504328 2.0277672 -0.2678644 -0.1441642 994.76 
20150625181244 0.15023616 -7.1233487 -0.8888474 2.1569653 -2.1209242 -0.44623706 994.76 
20150625181244 -0.7308301 -5.3683987 -4.0402155 2.0399845 -1.5787812 -1.4404203 994.76 
20150625181244 -2.1942859 -3.1848867 -4.0078936 1.5070046 0.4783075 -1.8881844 994.76 
20150625181244 -2.6042929 -2.349909 -3.731962 1.2800682 1.2119566 -1.6670512 994.76 
20150625181244 -3.0113072 -2.3259668 -4.0252514 1.3970488 0.70829827 -1.2162327 994.76 
20150625181244 -3.7463272 -2.0272903 -1.9476831 1.5485435 0.54550266 -1.0830641 994.76 
20150625181244 -3.594894 -1.7818847 0.43514615 1.1414018 1.4071281 -0.8527679 994.76 
20150625181244 -2.9322984 -1.2677298 0.41718966 0.5021312 1.4669929 -0.5009095 994.76 
20150625181244 -1.6968905 -6.307524 2.1841104 -0.046120327 1.5586227 -0.09437868 994.96 
20150625181244 -1.1312603 -14.300567 5.105635 -1.1646146 1.8558086 0.41813725 994.96 
20150625181244 -1.9596541 -19.608511 18.079815 -2.2724187 1.9633209 0.63285637 994.96 
20150625181244 1.780089 -18.65562 17.693748 -2.1413882 1.7580702 0.7464773 994.96 
20150625181244 0.47046062 -2.6713305 11.617864 0.09407325 0.40225476 0.3811799 994.96 
20150625181244 -7.9888525 -12.123639 -5.5766945 2.2030854 -1.210735 -0.8008443 994.96 
20150625181245 -1.9853917 -18.713081 -15.753847 1.3500122 -1.3854424 -0.7351763 994.96 
20150625181245 -7.0383544 -7.1221514 0.27234045 0.39187005 0.0888809 0.7452556 994.96 
20150625181245 -2.473809 -5.6628857 9.936536 0.6478226 0.33658674 -0.22602014 994.96 
20150625181245 -1.5753847 -3.2495303 -9.202713 -0.25717425 -1.4810427 -0.70738196 994.92 
20150625181245 -8.331821 -12.609063 -14.4531975 1.1169671 1.93797 0.028710667 994.92 
20150625181245 -5.3408656 -13.699023 -1.7753005 -1.7492126 0.22021692 1.054048 994.92 
20150625181245 1.7202339 -12.612655 3.1711202 -2.964529 -0.441961 1.1392636 994.92 
20150625181245 0.31184477 -11.542446 -0.87927055 -2.5121834 -1.8781052 1.0338894 994.92 
20150625181245 -1.7154455 -7.707534 -1.8968062 -2.3588562 -0.75777835 0.10781772 994.92 
20150625181245 -0.49320555 -3.3039982 -3.4530375 -2.3402247 -0.9669997 -0.38698313 994.92 
20150625181245 -2.1374235 -6.4404025 0.8619126 -1.7760907 -0.9459248 -0.13133603 994.92 
20150625181245 -4.028843 -7.145495 -0.439336 -0.87964594 0.36071593 0.49021935 994.92 
20150625181245 -2.3014264 -8.526949 -2.633622 -1.5949692 0.25686884 0.50488013 994.86 
20150625181245 0.43035775 -9.88925 -0.17417817 -1.5894713 -0.36102137 0.6386596 994.86 
20150625181245 1.3575124 -9.721656 2.28347 -1.2825116 -0.31490102 0.89766645 994.86 
20150625181245 -1.448492 -10.356718 2.492364 -1.2131784 -0.7049385 0.9950995 994.86 
20150625181245 0.089184016 -12.54861 -0.57400984 -1.2434162 -0.16340645 0.78954333 994.86 
20150625181245 0.2208651 -11.559206 3.6487634 -1.183246 -0.5348125 0.7495316 994.86 
20150625181245 -2.095525 -13.876195 0.56802434 -1.1841623 -0.09773844 0.73853606 994.86 
20150625181245 0.7410054 -13.579313 0.22864626 -0.62125 -0.6881397 0.5448918 994.86 
20150625181245 3.4943373 -12.798803 3.3961751 -0.07849618 -0.70707655 0.43188173 994.86 
20150625181245 1.9375077 -14.008474 3.845088 0.22479841 -0.8381071 0.49388456 994.99 
20150625181245 1.9991584 -12.049418 1.7082629 0.9245446 -0.88514376 0.07941248 994.99 
20150625181245 2.2290018 -8.830415 1.1611878 1.6847663 -0.91507614 -0.52106804 994.99 
20150625181245 -2.4355016 -14.04319 0.694917 2.4126122 -0.31245756 -0.97433007 994.99 
20150625181245 -4.969764 -17.620127 -2.973 3.329521 0.18784106 -1.4773777 994.99 
20150625181245 -7.3352356 -19.608511 -3.5583823 2.9852984 -0.55863625 -1.6484199 994.99 
20150625181245 -6.1740475 -18.235437 -1.7495629 1.7311921 0.26939157 -1.106277 994.99 
20150625181245 -6.3123126 -13.324929 -2.3110032 1.325883 2.057394 -0.18661933 994.99 
20150625181245 -2.0404584 -8.773552 3.441665 2.2562308 0.44868052 -0.0061086523 994.99 
20150625181245 1.5562311 -7.704541 4.1012673 1.9795089 -2.0228803 0.103847094 994.82 
20150625181245 -5.985504E-4 -7.849989 -1.6448165 2.1206186 -2.2992969 -0.7883216 994.82 
20150625181245 -1.1198878 -4.9895163 -6.7743936 1.8848248 -1.3316863 -2.132225 994.82 
20150625181245 -1.8118122 -2.0039468 -3.2986114 1.6395624 1.3423764 -2.2046127 994.82 
20150625181245 -2.722806 -1.38325 -3.426701 1.2861768 1.8558086 -1.7455474 994.82 
20150625181245 -2.4851813 -1.2192472 -3.751714 1.2727377 0.7715228 -1.4291192 994.82 
20150625181245 -3.3261447 -1.2180501 -0.7870938 1.187522 0.99387777 -1.1713341 994.82 
20150625181245 -3.560178 -1.3850456 1.0378864 0.7623598 1.7916678 -0.88422745 994.82 
20150625181245 -3.7606924 -3.1172507 1.738789 0.28099802 1.7672331 -0.44226643 994.82 
20150625181245 -3.8391025 -7.948151 2.9293058 -0.40561453 1.8347337 0.0571159 995.0 
20150625181245 -3.5236664 -16.245855 8.048708 -1.459968 1.7907515 0.6814202 995.0 
20150625181245 -1.4688427 -19.608511 17.23047 -2.7837129 1.4404203 0.78038037 995.0 
20150625181245 1.5592239 -17.322647 14.252084 -2.323426 1.4126259 0.5329799 995.0 
20150625181245 0.19931729 -3.8456864 9.237429 0.33200526 0.95569867 0.039095376 995.0 
20150625181245 -4.3795934 -17.377115 -10.726623 2.7757716 -0.7855727 -0.99082345 995.0 
20150625181245 -2.3493104 -11.625047 -13.662512 0.8378017 -2.048842 -0.93645644 995.0 
20150625181245 -5.580884 -3.9282866 3.863643 0.32406402 -0.40653083 0.74372846 995.0 
20150625181245 -2.3253684 -3.5242648 2.606687 0.48808134 -1.4245378 -0.8038987 995.0 
20150625181245 -5.2905874 -9.460688 -15.453974 -0.15302174 -0.8530733 -0.6918049 994.99 
20150625181245 -9.55047 -13.764266 -9.411607 0.8356637 2.7559185 0.5198463 994.99 
20150625181246 -2.2697031 -13.393165 4.4436383 -2.7159069 -0.040927973 1.2363913 994.99 
20150625181246 1.70946 -11.529279 -0.8619126 -2.8298333 -1.518611 1.2257011 994.99 
20150625181246 -0.2801216 -11.388618 -2.3133974 -2.4755313 -2.738509 0.7458665 994.99 
20150625181246 -0.41359833 -6.5457473 -2.7222073 -2.7204883 -0.9627236 -0.24923302 994.99 
20150625181246 1.9853917 -5.365406 -3.731962 -2.692694 -1.5879441 -0.5571091 994.99 
20150625181246 -4.0438066 -7.1113777 3.1675289 -1.035722 -0.5152648 0.05681047 994.99 
20150625181246 -4.6034513 -7.07726 -3.5811272 -0.91324353 1.237613 0.5748242 994.99 
20150625181246 -2.2571337 -8.725668 -2.180519 -1.8029687 -0.8872818 0.4615087 994.83 
20150625181246 0.3238158 -10.515932 0.26515785 -1.3353515 -0.56382865 0.7370089 994.83 
20150625181246 0.82240826 -9.284116 3.364452 -1.2241739 -0.6737844 1.1285735 994.83 
20150625181246 1.5041572 -10.731411 0.7074866 -1.319469 -1.0546589 1.2507466 994.83 
20150625181246 3.2321723 -12.330737 2.1535845 -1.2873985 -0.8772025 1.1175779 994.83 
20150625181246 1.8608932 -13.51467 2.8939912 -1.2391402 -0.65026605 0.9584476 994.83 
20150625181246 0.004189853 -14.991294 1.0181342 -1.0009027 -0.5833763 0.7965683 994.83 
20150625181246 -0.2136825 -12.416928 3.2160115 -0.28008172 -0.732122 0.41813725 994.83 
20150625181246 1.5514427 -12.814366 4.2778397 0.14477506 -0.68203104 0.15515977 994.83 
20150625181246 3.9073372 -11.678916 2.60549 0.8689558 -0.72509706 0.15088372 994.96 
20150625181246 0.96905315 -8.907627 1.3623008 1.9544634 -1.1090258 -0.24984388 994.96 
20150625181246 -3.7612908 -13.362638 -1.6717514 2.649628 -0.47311515 -0.81092364 994.96 
20150625181246 -3.9510314 -17.253216 -3.9306808 3.6731327 0.23457226 -1.3558154 994.96 
20150625181246 -7.869741 -19.608511 -2.28347 2.8154778 -1.593442 -1.518611 994.96 
20150625181246 -6.161478 -18.90761 0.2741361 1.3509285 -0.2706133 -1.5613716 994.96 
20150625181246 -5.716755 -14.321516 -0.13706805 1.7125608 1.534799 -0.56382865 994.96 
20150625181246 0.5243302 -9.386468 7.802105 2.8215866 -0.66798115 -0.119729586 994.96 
20150625181246 1.4520833 -10.080787 1.9045875 2.4743097 -2.6875017 0.19272798 994.96 
20150625181246 -0.19991584 -8.506598 -3.6290112 2.3228152 -1.7461584 -1.0210613 994.87 
20150625181246 -2.071583 -5.357625 -5.1247888 1.7965547 0.37904188 -2.024102 994.87 
20150625181246 -2.0248961 -2.2068555 -4.3035774 1.1905763 1.525636 -1.7974709 994.87 
20150625181246 -2.0320787 -0.29987377 -4.5256395 1.1258247 0.98349303 -1.3573426 994.87 
20150625181246 -2.8101943 -0.110133275 -2.734777 1.6249015 0.52473325 -1.1713341 994.87 
20150625181246 -3.4231098 -0.6063316 -0.7302315 1.6395624 0.9896017 -0.93828905 994.87 
20150625181246 -3.3441012 -1.3263878 0.56922144 0.8042041 1.3652838 -0.58551437 994.87 
20150625181246 -3.6774938 -1.5975311 0.9528923 0.09865474 1.5552629 -0.05681047 994.87 
20150625181246 -2.4570496 -6.859388 4.140772 -0.37782016 1.7345519 0.32711834 994.87 
20150625181246 -0.44472298 -16.439188 6.6504936 -1.5210545 1.9419407 0.8023715 995.11 
20150625181246 -0.6781576 -19.608511 16.282368 -2.5576928 1.6646078 0.97402465 995.11 
20150625181246 -1.7010803 -18.054674 17.290327 -1.9694295 1.8335121 0.7602218 995.11 
20150625181246 -1.8483237 0.63206923 7.9194207 1.4443909 0.7104363 0.06047566 995.11 
20150625181246 -8.525752 -11.276092 -2.8700492 2.5653286 -1.7876972 -0.66981375 995.11 
20150625181246 -1.2970588 -15.674838 -14.544177 1.1435398 -0.883922 -0.7693848 995.11 
20150625181246 -4.661511 -10.204087 1.785476 0.011301007 -0.19425514 0.66675943 995.11 
20150625181246 4.5657425 -5.625177 -0.20231004 0.8222246 -0.6258314 0.24770586 995.11 
20150625181246 -1.5729905 -7.2939353 -8.323442 0.16615535 -2.248595 -0.8518516 995.11 
20150625181246 -8.524555 -11.032481 -9.783307 0.3295618 1.2253957 -0.6197228 994.93 
20150625181246 -5.9729347 -13.231556 3.453636 -1.7486018 0.22235495 0.59803706 994.93 
20150625181246 -1.4969746 -11.943475 -2.3259668 -2.4785857 -0.7150178 0.906524 994.93 
20150625181246 -0.46387658 -9.7958765 -2.284667 -1.9886718 -0.98990715 1.3451253 994.93 
20150625181246 -0.9044097 -8.67539 -1.299453 -2.5659394 -0.5684101 1.1319333 994.93 
20150625181246 0.15083471 -5.5485625 -0.8206126 -2.9135218 -1.5937474 0.5766568 994.93 
20150625181247 -0.83497787 -5.878962 -1.0540473 -2.071444 -1.3011429 -0.21685717 994.93 
20150625181247 -4.3382936 -6.801927 0.010175358 -0.72204274 0.6072 0.16493362 994.93 
20150625181247 -3.1441853 -8.1558485 -2.5983074 -1.5488489 0.65270954 0.50488013 994.93 
20150625181247 -0.88944596 -10.016742 -1.4281414 -1.5720617 -0.44226643 0.5815437 994.81 
20150625181247 1.1881226 -10.409989 2.0937295 -1.3497068 -0.5329799 0.8784242 994.81 
20150625181247 -0.2148796 -9.23264 3.5290532 -1.2971723 -0.93645644 1.1887437 994.81 
20150625181247 2.0165164 -12.342709 0.30047232 -1.4822645 -0.61636305 1.2293663 994.81 
20150625181247 2.825158 -11.903373 3.393781 -1.2027937 -0.9297369 1.0256428 994.81 
20150625181247 -0.29628247 -13.861231 1.1091139 -1.097114 -0.6301075 0.8219192 994.81 
20150625181247 1.4676456 -13.715184 1.0402806 -0.61636305 -0.90377516 0.5366451 994.81 
20150625181247 3.1932666 -13.541006 3.6703112 -0.07544186 -0.98746365 0.3744604 994.81 
20150625181247 3.9743748 -14.86081 2.429516 0.24678956 -0.7357872 0.47678033 994.81 
20150625181247 3.0873232 -10.887033 1.1288661 1.1478158 -0.6963864 0.18906279 994.98 
20150625181247 0.6476316 -10.870275 1.412579 1.999362 -0.623388 -0.6209445 994.98 
20150625181247 -3.887585 -15.654488 0.79726917 2.477975 0.20952678 -1.1710287 994.98 
20150625181247 -6.706159 -18.01098 -2.6850972 3.3053918 0.36957347 -1.5986344 994.98 
20150625181247 -8.212111 -19.608511 -3.4314895 2.9290988 -0.1731803 -1.6865989 994.98 
20150625181247 -5.530606 -17.7967 -2.5378537 1.9883664 0.61544675 -0.9718866 994.98 
20150625181247 -5.353435 -14.098257 -0.59735334 1.6276505 1.3796391 -0.04734206 994.98 
20150625181247 -0.5374983 -10.015544 2.6330233 1.9025398 0.043676864 -0.0061086523 994.98 
20150625181247 1.9877859 -7.7769656 2.5923219 1.8817704 -1.7620409 -0.051923547 994.98 
20150625181247 -0.50517654 -6.593033 -3.1118636 2.0653355 -1.9941696 -0.9947941 994.85 
20150625181247 -1.0923545 -3.4781766 -6.285378 1.9660698 -0.88147855 -2.1707096 994.85 
20150625181247 -1.8734628 -0.28491 -3.4680011 1.6224581 1.500285 -1.9526308 994.85 
20150625181247 -2.4426842 -0.63087213 -3.9833531 1.387275 1.5509869 -1.6126842 994.85 
20150625181247 -2.6671407 -1.3186066 -2.7928362 1.5305228 0.8026769 -1.3579534 994.85 
20150625181247 -3.0753522 -1.5945383 -1.3204023 1.1523973 1.3658947 -0.9963212 994.85 
20150625181247 -2.822764 -1.869273 -0.2741361 0.5849035 1.9257526 -0.66523224 994.85 
20150625181247 -4.111443 -3.4368765 1.1378443 0.1469131 2.1453588 -0.20280726 994.85 
20150625181247 -3.719991 -8.704719 4.6082397 -0.35460728 2.1975877 0.21319197 994.85 
20150625181247 -2.980781 -18.722658 10.101137 -1.4810427 2.0289888 0.72692966 995.02 
20150625181247 -0.6254852 -19.608511 19.157206 -2.7140744 1.6759088 0.77274454 995.02 
20150625181247 0.65182143 -13.502699 12.097302 -1.6114625 1.9285016 0.5702427 995.02 
20150625181247 -0.60932434 -1.5867572 4.128801 2.3970351 0.45662177 -0.2602286 995.02 
20150625181247 -4.9643774 -15.947179 -9.864111 2.5787675 -1.6905695 -1.2110404 995.02 
20150625181247 -1.7890673 -13.254301 -13.833098 0.7150178 -0.9266826 -0.7254025 995.02 
20150625181247 -7.6213427 -6.962937 4.799177 0.093462385 0.8573494 0.9718866 995.02 
20150625181247 -3.3147724 -3.080739 1.7908629 0.16279559 -0.84329945 -0.64660084 995.02 
20150625181247 -3.8241386 -6.50744 -14.197616 0.22479841 -1.4926492 -0.81306165 995.02 
20150625181247 -9.741408 -14.553754 -11.381436 0.8912524 2.4263568 0.23548855 994.77 
20150625181247 -4.0078936 -14.358626 4.23654 -2.8362474 0.3155119 1.0021244 994.77 
20150625181247 1.8680758 -11.480796 1.8567034 -3.11694 -1.3197744 1.2513574 994.77 
20150625181247 -0.1448492 -10.309433 -4.268862 -2.5066855 -2.6865854 1.1594223 994.77 
20150625181247 -0.12270284 -5.535993 -2.7563248 -2.282498 -0.5375614 0.17867808 994.77 
20150625181247 2.8981812 -3.8762126 -1.99437 -2.410169 -0.79473567 -0.21074851 994.77 
20150625181247 -1.7770962 -7.755418 3.132813 -1.3518448 -0.4016439 0.11148291 994.77 
20150625181247 -4.320337 -7.265804 -2.9472623 -1.0012082 0.70249504 0.5467244 994.77 
20150625181247 -2.630629 -9.087193 -2.071583 -1.6814066 -0.30085114 0.28008172 994.77 
20150625181247 -0.85772276 -10.579977 1.3682863 -1.3063353 0.19303341 0.5876524 994.8 
20150625181248 0.32022446 -9.974843 4.3903675 -1.241889 -0.45814893 0.8573494 994.8 
20150625181248 1.5292963 -12.345102 -0.29747957 -1.2663237 -0.5543602 1.1233811 994.8 
20150625181248 4.51726 -12.357672 2.7329812 -1.1200215 -0.7128797 0.9978484 994.8 
20150625181248 0.27234045 -12.021287 5.070919 -1.1725558 -0.77854776 0.80970186 994.8 
20150625181248 -1.7058687 -14.514848 -0.7577648 -0.72295904 -0.40683624 0.47769663 994.8 
20150625181248 2.9442697 -12.20564 2.947861 -0.07819075 -0.63346726 0.14080444 994.8 
20150625181248 4.4981065 -12.552799 4.6830587 0.3136793 -0.44043383 0.2837469 994.8 
20150625181248 3.6499605 -11.885416 1.1755531 0.8020661 -0.70005155 0.3222314 994.8 
20150625181248 1.3257892 -8.590396 -0.6326678 1.9669861 -0.6407976 -0.25442538 994.93 
20150625181248 -3.6409822 -16.15308 1.2216414 2.683531 -0.002443461 -1.0965031 994.93 
20150625181248 -5.345654 -19.366098 -3.2208 3.2479706 0.68844515 -1.5451837 994.93 
20150625181248 -8.265982 -19.608511 -4.221576 3.1887167 -0.37415496 -1.6627752 994.93 
20150625181248 -6.682217 -18.954296 -1.3688848 1.7076738 -0.13958271 -1.105666 994.93 
20150625181248 -7.5650787 -14.305954 -1.1659763 1.3665055 2.0228803 -0.10170906 994.93 
20150625181248 -4.222773 -9.099762 2.307412 2.1569653 0.1432479 0.1328632 994.93 
20150625181248 0.108936176 -6.547543 2.767697 2.0552561 -2.3857343 0.22266038 994.93 
20150625181248 0.62967503 -7.341221 -1.1121067 2.3661866 -1.9685133 -0.32345316 994.93 
20150625181248 -1.0869676 -5.783194 -5.5288105 2.4135287 -0.9669997 -1.7061466 994.81 
20150625181248 -1.0528502 -2.3660698 -3.2172086 1.9193386 0.81245077 -2.295937 994.81 
20150625181248 -1.8183962 -0.4249708 -4.4478283 1.3286319 1.455081 -1.8286251 994.81 
20150625181248 -2.6731262 0.011372458 -4.485537 1.221425 0.56077427 -1.5378532 994.81 
20150625181248 -3.7313633 -0.4285621 -1.6514006 1.6203201 0.84879726 -1.1010846 994.81 
20150625181248 -3.3207579 -1.6400281 -0.074220255 1.196685 2.0048597 -0.79717916 994.81 
20150625181248 -3.5901055 -2.2631192 1.2611457 0.37598756 1.7137824 -0.39767328 994.81 
20150625181248 -2.8538885 -5.783793 2.520496 -0.33658674 1.92392 0.09193522 994.81 
20150625181248 -3.2375593 -14.083892 8.485649 -1.1484267 2.0088303 0.441961 994.81 
20150625181248 -1.459266 -19.608511 14.720749 -2.5854871 1.8542814 0.64599 995.03 
20150625181248 0.2705448 -19.608511 19.013554 -2.692694 1.534188 0.5513059 995.03 
20150625181248 0.36152446 -5.405509 11.106702 0.19853121 1.0207558 0.21960606 995.03 
20150625181248 -7.4244194 -11.096526 -1.3108255 2.4559836 -1.1716396 -0.6795876 995.03 
20150625181248 -2.1230583 -15.303139 -16.007633 1.6349808 -1.219287 -1.0894781 995.03 
20150625181248 -6.880337 -4.4262805 -2.6839 0.15485434 -0.29016098 0.29443705 995.03 
20150625181248 -4.2754455 -2.9640217 6.9006877 1.0329732 0.7593055 0.13347405 995.03 
20150625181248 0.75118077 -5.1768627 -9.3104515 -0.13439035 -2.310598 -0.8680395 995.03 
20150625181248 -6.083068 -13.751098 -13.47337 0.66339964 1.3002267 0.204029 995.03 
20150625181248 -5.773019 -15.330073 0.010773907 -1.1322387 0.56321776 1.0345002 994.67 
20150625181248 0.9576807 -11.747749 3.0903158 -3.3970215 -1.4220943 1.039998 994.67 
20150625181248 -0.31603462 -10.848726 -1.3275849 -2.5415049 -2.1029036 0.7443393 994.67 
20150625181248 -0.59855044 -9.474455 -2.5073278 -2.2284365 -1.2449434 0.09682214 994.67 
20150625181248 0.9588778 -3.8612487 -2.111686 -2.5234842 -1.3271047 -0.09285152 994.67 
20150625181248 1.2521675 -6.0489507 -1.3186066 -2.1682663 -1.391551 -0.11362094 994.67 
20150625181248 -3.2261868 -7.321469 1.5286977 -0.7629707 -0.30451632 0.22113322 994.67 
20150625181248 -3.6391866 -7.45734 -1.9135658 -1.3390167 0.62949663 0.33169982 994.67 
20150625181248 -2.0350714 -9.030929 -0.60453594 -1.606881 -0.5662721 0.28221974 994.67 
20150625181248 -0.59376204 -9.743204 0.5117606 -1.2324207 -0.020463986 0.66950834 994.84 
20150625181248 -0.35254622 -9.886257 0.14065935 -1.2577715 -0.74097955 0.97524637 994.84 
20150625181248 0.21188685 -10.922348 -0.78769237 -1.2104294 -0.66156703 1.2147056 994.84 
20150625181248 1.6681601 -12.441469 1.4670471 -1.1276573 -0.49877146 1.1969905 994.84 
20150625181248 0.9463082 -14.188638 2.079364 -1.1053606 -0.38240165 1.1111639 994.84 
20150625181248 -0.997185 -14.248493 1.6430209 -0.75777835 -0.8038987 0.6753115 994.84 
20150625181248 1.2940661 -12.929886 2.0069396 -0.26267207 -0.9669997 0.30818152 994.84 
20150625181249 3.4093432 -12.695853 5.8945246 0.32803464 -1.001819 0.172264 994.84 
20150625181249 5.185242 -11.427525 3.25372 0.81397796 -1.0137309 0.27947086 994.84 
20150625181249 3.2519245 -6.7708025 1.6927006 1.7959439 -1.4144585 -0.1328632 994.89 
20150625181249 -1.2330139 -12.879009 3.0825348 2.64749 -0.9431759 -1.0635164 994.89 
20150625181249 -5.5000796 -18.12231 -0.86849666 3.3130276 -0.20158553 -1.5546521 994.89 
20150625181249 -8.270171 -19.608511 -5.3618145 3.3399057 -0.8875872 -1.8512272 994.89 
20150625181249 -4.9625816 -19.608511 0.6967127 2.1615467 -0.58093286 -1.4266758 994.89 
20150625181249 -6.060323 -15.410279 0.08379706 1.0317514 1.2822062 -0.07696902 994.89 
20150625181249 -2.184709 -10.012551 4.587889 2.108096 0.7171558 -0.046120327 994.89 
20150625181249 0.7553706 -7.611766 4.4837413 2.1536055 -2.610227 -0.19456059 994.89 
20150625181249 0.17238252 -7.495647 -1.6089035 1.9782871 -2.3350325 -0.7996226 994.89 
20150625181249 -0.44532153 -5.116409 -6.0106435 1.8188512 -0.63499445 -2.0158553 994.88 
20150625181249 -1.532289 -1.8142064 -3.638588 1.3707817 1.6896533 -2.175291 994.88 
20150625181249 -2.2331917 -0.62967503 -4.9799395 0.9569204 2.006387 -1.8481728 994.88 
20150625181249 -2.271499 -1.2563573 -4.4633904 1.0057896 0.7425067 -1.5497651 994.88 
20150625181249 -3.8983588 -0.14544775 -2.331354 1.5949692 1.0867293 -1.029308 994.88 
20150625181249 -4.574721 -0.3681085 0.17058687 1.1863003 2.3435845 -0.7626653 994.88 
20150625181249 -4.3077674 -1.2090719 0.47764325 0.5696318 2.2061398 -0.30482176 994.88 
20150625181249 -3.4009635 -5.7784057 1.5496471 -0.24495697 1.9211712 0.1563815 994.88 
20150625181249 -2.565387 -15.184626 9.466674 -1.1026118 1.9367483 0.4266894 994.88 
20150625181249 4.1814733 -19.608511 13.660716 -2.5717428 1.7730364 0.56138515 995.02 
20150625181249 1.4077905 -19.55105 16.836624 -2.4587326 1.4990633 0.6200282 995.02 
20150625181249 -1.2779051 -3.2363622 12.108675 0.6017023 1.2437216 0.02107485 995.02 
20150625181249 -5.9483943 -1.846528 -2.408567 2.6673431 -1.3918564 -0.9718866 995.02 
20150625181249 -7.1861963 -14.854226 -8.31207 1.3808609 -1.4935656 -1.0403035 995.02 
20150625181249 -5.8221 -15.649101 -6.7648168 -0.16126843 0.19150625 0.43188173 995.02 
20150625181249 -2.516306 -10.936713 7.4495587 0.069027774 1.0598512 1.0024298 995.02 
20150625181249 2.2948422 -4.1024647 -2.9634233 -0.073303826 -1.4193454 -0.06261369 995.02 
20150625181249 -4.8386817 -4.8853683 -9.010578 0.81245077 -0.50885075 -0.3817908 995.02 
20150625181249 -8.69155 -12.573749 -11.055825 0.14935656 0.35613444 -0.027183503 994.67 
20150625181249 -3.0771477 -13.742119 3.5727475 -2.3658812 -0.850019 0.8185594 994.67 
20150625181249 1.2282255 -12.837709 1.8195933 -2.8848112 -0.5479461 1.2565498 994.67 
20150625181249 0.30825347 -10.708067 -2.7365725 -2.3115141 -1.5882497 1.0045679 994.67 
20150625181249 -0.6913257 -6.915053 -1.8608932 -2.4572055 -0.83260936 0.18173242 994.67 
20150625181249 1.5071499 -3.2746694 -1.0977415 -2.6203065 -1.1652255 -0.21960606 994.67 
20150625181249 -1.417966 -6.7079544 1.525705 -1.5677856 -0.6994407 -0.12095132 994.67 
20150625181249 -4.57113 -7.3059063 -1.4030021 -0.8356637 0.49846604 0.38423425 994.67 
20150625181249 -2.6036944 -8.070255 -2.8862102 -1.733941 0.08032878 0.28069258 994.67 
20150625181249 -1.2264298 -10.032902 -0.42437226 -1.357648 -0.06811147 0.58032197 994.81 
20150625181249 -1.3557167 -9.345168 2.7623103 -1.2000448 -0.3399465 0.8368854 994.81 
20150625181249 -1.3371617 -10.579977 0.034715924 -1.2760975 -0.35369098 1.0763446 994.81 
20150625181249 3.2561142 -12.844294 0.19093758 -1.1667526 -0.40958515 0.96761054 994.81 
20150625181249 0.20290859 -12.152967 2.7670987 -1.1960741 -0.8371908 0.95325524 994.81 
20150625181249 -2.1039047 -14.296975 1.6729485 -0.926988 -0.6600399 0.68203104 994.81 
20150625181249 1.5113398 -13.520057 0.49081135 -0.43004912 -1.1068878 0.40500367 994.81 
20150625181249 5.047576 -12.698247 3.1411927 0.112399206 -1.0506883 0.32559118 994.81 
20150625181249 4.140772 -13.679272 4.8943467 0.48288897 -1.0253373 0.4343252 994.81 
20150625181249 2.7491422 -9.874885 0.6194997 1.2428054 -1.0781772 0.042760566 994.94 
20150625181249 -1.0342951 -9.124303 2.0632033 2.238821 -1.1432343 -0.75747293 994.94 
20150625181249 -5.5886655 -14.966753 1.1031284 2.7800477 0.2312125 -1.2690725 994.94 
20150625181249 -5.813122 -18.489223 -4.1096473 3.7256672 0.2779437 -1.5754215 994.94 
20150625181250 -8.194754 -19.608511 -3.6272156 2.7391198 -1.1695015 -1.4975362 994.94 
20150625181250 -6.060323 -18.455105 -1.1444284 1.3655893 0.6973027 -0.9147707 994.94 
20150625181250 -4.1742907 -13.131 0.7493851 1.5488489 1.6398678 -0.042760566 994.94 
20150625181250 1.8369513 -9.8916445 7.120356 2.189341 -1.3332134 0.06841691 994.94 
20150625181250 0.91937345 -9.649231 2.4313118 2.1386392 -3.1984904 -0.17195857 994.94 
20150625181250 -0.7344214 -6.841431 -3.876811 2.1731532 -2.4040601 -1.4773777 994.82 
20150625181250 -1.2384008 -2.7431567 -5.04578 1.733941 0.21746802 -2.0830505 994.82 
20150625181250 -2.416348 -0.53929394 -3.2986114 1.3417655 2.0925188 -1.7580702 994.82 
20150625181250 -2.2703018 -0.5081693 -4.1557355 1.2144 1.321607 -1.5922203 994.82 
20150625181250 -3.141791 -1.246182 -2.4313118 1.395827 0.77946407 -1.3332134 994.82 
20150625181250 -3.3919852 -1.6591818 -0.44113165 1.2709051 1.2629639 -0.94897914 994.82 
20150625181250 -3.2836475 -1.9003977 0.635062 0.5635232 1.65911 -0.64996064 994.82 
20150625181250 -4.0066967 -1.8130093 1.3072342 0.015271631 1.7146988 -0.14477506 994.82 
20150625181250 -3.271078 -6.9743094 3.4356794 -0.49296826 1.8460348 0.26175576 994.82 
20150625181250 -2.0919337 -16.381727 8.210316 -1.5170839 1.9007072 0.77854776 995.07 
20150625181250 3.353678 -19.608511 11.206659 -2.7021625 1.7983873 0.77396625 995.07 
20150625181250 0.664391 -18.616116 19.334974 -2.130698 2.1175644 0.44135013 995.07 
20150625181250 -2.2762873 -1.335366 9.667787 1.4547756 1.4605788 -0.24678956 995.07 
20150625181250 -8.781333 -6.791752 -7.6614456 2.9074132 -2.1917844 -0.8900307 995.07 
20150625181250 -5.254674 -16.374544 -12.841899 0.9279043 -1.7626517 -0.89766645 995.07 
20150625181250 -9.950901 -13.735536 6.7708025 -0.1572978 0.36254853 0.97341377 995.07 
20150625181250 7.7608047 -9.318831 -1.4730326 0.13652839 -0.7333437 0.47403142 995.07 
20150625181250 -1.6573862 -4.6363716 -3.9875429 0.17623462 -1.7272215 -0.26053402 995.07 
20150625181250 -9.434352 -8.981848 -12.762891 0.77854776 1.844813 -0.5161811 994.86 
20150625181250 -5.6227827 -12.901754 -0.9475053 -1.2867876 -0.6203337 0.50579643 994.86 
20150625181250 0.53211135 -12.858659 1.4706384 -2.577546 -0.12980886 1.022283 994.86 
20150625181250 0.029927522 -11.439496 -2.416348 -2.5350907 -0.97524637 1.1691961 994.86 
20150625181250 -1.7830818 -8.780735 -2.1871033 -2.7580566 -0.8924741 0.35185838 994.86 
20150625181250 -0.7326257 -4.0623617 -3.4123359 -2.9379563 -1.2443326 -0.28099802 994.86 
20150625181250 -2.3714569 -5.5102553 0.5386954 -1.7244726 -1.0595458 -0.35430184 994.86 
20150625181250 -4.425083 -7.423821 -0.17956513 -0.6640105 0.2770274 0.30268374 994.86 
20150625181250 -2.0213048 -8.350976 -2.9406781 -1.6801848 -0.118202426 0.5519168 994.86 
20150625181250 0.2777274 -9.915586 -0.825401 -1.4581354 -0.6914995 0.75991637 994.78 
20150625181250 1.1174936 -9.436746 2.8646624 -1.2696834 -0.61758476 0.9789116 994.78 
20150625181250 -0.18555063 -10.165182 1.6801311 -1.2873985 -0.8020661 1.1572843 994.78 
20150625181250 2.134431 -12.504317 1.3389573 -1.2431108 -0.7852673 1.0268645 994.78 
20150625181250 1.0432734 -11.646594 3.3321302 -1.244027 -0.82344633 0.9230174 994.78 
20150625181250 -0.57041854 -14.256872 0.5374983 -0.95722586 -0.45937067 0.7486154 994.78 
20150625181250 0.8858546 -13.619416 1.6424223 -0.41722095 -0.88514376 0.49938235 994.78 
20150625181250 1.4544775 -13.268067 3.3812113 0.030848695 -0.9053023 0.32711834 994.78 
20150625181250 3.0759506 -14.746487 3.0759506 0.46303585 -0.838718 0.25289822 994.78 
20150625181250 2.896984 -10.988189 1.851915 1.4138476 -0.8903361 -0.0693332 994.96 
20150625181250 -0.4405331 -10.446501 1.0803835 2.2815816 -0.7339546 -0.82527894 994.96 
20150625181250 -5.077503 -15.261839 0.91578215 2.925739 0.14935656 -1.3084733 994.96 
20150625181250 -6.1076083 -18.487427 -2.8431146 3.6370916 0.19272798 -1.5482379 994.96 
20150625181250 -5.9148755 -19.150023 -3.4326868 2.9458976 -0.77671516 -1.4248432 994.96 
20150625181250 -3.141791 -15.063719 -2.8042088 1.7580702 0.45204028 -0.6123924 994.96 
20150625181250 -3.3740287 -13.716381 1.3180081 1.851838 1.6264287 -0.22113322 994.96 
20150625181250 2.134431 -11.704654 9.109938 2.2559254 -0.7791586 -0.48838675 994.96 
20150625181251 0.92895025 -10.318411 1.0600328 2.154827 -2.8640418 -0.5360342 994.96 
20150625181251 -1.5921441 -6.6026096 -6.0902505 1.9349157 -2.4452937 -1.5305228 994.79 
20150625181251 -2.3768437 -2.2421699 -4.7937903 1.5467108 0.8390234 -1.9593502 994.79 
20150625181251 -2.9340942 -1.0534488 -4.507085 1.3457361 2.3677137 -1.4825699 994.79 
20150625181251 -2.4947581 -0.76075757 -4.2664676 1.5540411 0.9978484 -1.2825116 994.79 
20150625181251 -2.9520507 -1.1432313 -2.7682958 1.4856243 0.7492262 -1.1414018 994.79 
20150625181251 -4.0982747 -1.2802993 0.5231331 0.95233893 1.4165965 -0.9092729 994.79 
20150625181251 -3.8307228 -1.3084313 2.0530279 0.3042109 1.745242 -0.6411031 994.79 
20150625181251 -3.567959 -4.144962 1.8782512 -0.41050145 1.6123788 -0.09712757 994.79 
20150625181251 -3.3171666 -10.338163 4.474763 -1.1007792 1.6358972 0.44990227 994.79 
20150625181251 -1.8477252 -19.245192 9.101558 -2.2342396 1.4147639 0.99204516 995.05 
20150625181251 0.23642741 -19.608511 19.473839 -2.8866436 0.94714653 1.0345002 995.05 
20150625181251 1.7681179 -11.005547 9.815628 -1.1960741 1.4309518 0.7855727 995.05 
20150625181251 1.3275849 -3.5697548 2.540248 2.6279423 0.28191432 -0.24281894 995.05 
20150625181251 -0.016759412 -16.11657 -15.778986 2.0011945 -1.2379184 -1.2550226 995.05 
20150625181251 -7.543531 -11.745355 -7.905654 0.11911872 -1.2284501 -0.73884153 995.05 
20150625181251 -4.0797195 -9.648034 18.2917 0.24190263 -0.36285394 0.37568212 995.05 
20150625181251 1.3036429 -2.2284033 -9.862914 0.40744713 -2.4678955 -0.3915646 995.05 
20150625181251 -5.33488 -7.9301944 -13.293805 1.8765781 0.7510588 -0.098043874 995.05 
20150625181251 -8.27496 -14.195222 -8.002619 -0.06047566 3.1038063 0.61850107 994.76 
20150625181251 -0.10235212 -14.079103 6.5738792 -2.695443 -0.5222898 0.72173727 994.76 
20150625181251 0.7565677 -13.20103 1.7878702 -2.6004534 -0.86193085 1.0152581 994.76 
20150625181251 -1.9829975 -9.003395 -4.7459064 -1.9590448 -1.6572775 0.31581733 994.76 
20150625181251 -0.49679685 -3.8684313 -3.514688 -1.9382755 -0.60231316 -0.40622538 994.76 
20150625181251 -0.017956512 -5.3079453 -2.5306711 -2.0292943 -0.3555236 -0.2666427 994.76 
20150625181251 -3.095703 -7.80809 2.9682117 -0.86376345 0.26725355 0.19150625 994.76 
20150625181251 -3.6170402 -7.301717 -2.2463598 -1.1297953 1.0754282 0.4859433 994.76 
20150625181251 -2.2188265 -9.008782 -0.9151836 -1.638646 -0.4071417 0.40042216 994.76 
20150625181251 -0.2885013 -10.501567 0.6793547 -1.2883148 0.20555615 0.6963864 994.84 
20150625181251 -0.30705637 -9.7162695 2.131438 -1.2699889 -0.7263188 0.8979719 994.84 
20150625181251 -1.002572 -9.07582 0.43394905 -1.2754866 -0.65240407 1.033584 994.84 
20150625181251 1.3868413 -12.138602 1.2623428 -1.2379184 -0.27305678 1.0809261 994.84 
20150625181251 2.1188686 -13.351864 2.8628666 -1.1340714 -0.4474588 0.9764681 994.84 
20150625181251 0.35793316 -13.84088 0.79487497 -0.77824235 -0.75594574 0.6826419 994.84 
20150625181251 1.4203602 -13.07294 3.328539 -0.1685988 -1.0351112 0.3659083 994.84 
20150625181251 2.3385365 -13.888165 5.6227827 0.25411993 -0.9428705 0.2012801 994.84 
20150625181251 4.337695 -11.314998 1.4885949 0.7556403 -0.7348709 0.18020524 994.84 
20150625181251 3.1304188 -7.397485 1.7184383 1.8075503 -1.1954633 -0.26450464 994.99 
20150625181251 -1.1216835 -12.583325 1.9273324 2.574186 -0.41325033 -1.0491611 994.99 
20150625181251 -4.6034513 -17.578827 -1.6502035 3.3282993 0.06963864 -1.461495 994.99 
20150625181251 -7.328053 -19.608511 -4.168904 3.0790663 -0.74464476 -1.7195857 994.99 
20150625181251 -6.217742 -19.608511 -0.63206923 2.0137172 -0.10262536 -1.3558154 994.99 
20150625181251 -5.8544216 -14.878168 0.005985504 1.2275337 1.3530666 -0.17195857 994.99 
20150625181251 -3.6661212 -9.595362 2.6366146 1.9425515 0.60994893 0.07849618 994.99 
20150625181251 1.0444705 -7.3328414 4.5256395 2.1856759 -1.9440787 -0.1001819 994.99 
20150625181251 -0.06943185 -8.792108 -1.2000936 2.1813998 -2.2369885 -0.69974613 994.99 
20150625181251 -1.2156559 -6.9228344 -5.04159 1.9709567 -0.9101892 -1.9486601 994.94 
20150625181251 -1.8818425 -3.5511997 -3.615843 1.5372424 1.613906 -2.1832323 994.94 
20150625181251 -2.8473043 -2.1918917 -2.7970262 1.1554517 1.8277088 -1.7534887 994.94 
20150625181251 -2.6952724 -1.7076644 -3.1681273 1.1768318 0.7076874 -1.5311338 994.94 
20150625181252 -2.9945478 -1.0378864 -1.75076 1.3487904 0.8078693 -1.2525792 994.94 
20150625181252 -3.41473 -1.3174095 0.2837129 0.8332202 1.6603317 -0.9737192 994.94 
20150625181252 -3.3566709 -1.417966 0.5255273 0.16462818 1.7449366 -0.4605924 994.94 
20150625181252 -3.489549 -3.6206315 0.91219085 -0.3915646 1.4770721 0.19425514 994.94 
20150625181252 -2.8532898 -8.917204 4.437054 -0.91232723 1.3429873 0.59650993 994.94 
20150625181252 -1.2324153 -16.798916 8.519168 -2.0039434 1.1924089 0.93645644 995.04 
20150625181252 3.7235823 -19.608511 16.667234 -2.588847 1.0351112 0.8918633 995.04 
20150625181252 -1.7675194 -17.243639 13.898939 -1.2641857 1.4776831 0.57726765 995.04 
20150625181252 -2.154183 -0.46327803 9.139865 2.1465805 0.68111473 -0.36713 995.04 
20150625181252 -7.8715367 -9.760562 -0.016759412 2.4468207 -1.2253957 -0.74220127 995.04 
20150625181252 -6.645705 -19.556438 -8.919599 0.8527679 -1.3017539 -0.4804455 995.04 
20150625181252 -4.2760444 -10.547656 3.603872 -0.08399397 0.035430185 1.2428054 995.04 
