20150625180716 9.479841 -0.6769605 1.074398 0.20005837 0.14355333 -0.1518 994.56 
20150625180716 10.487202 -0.82121116 1.1318588 0.32620203 0.13683382 -0.15363261 994.56 
20150625180716 13.017873 1.240795 2.0763714 0.42271876 0.15302174 -0.023518313 994.56 
20150625180716 13.2752495 2.654571 2.8089972 0.4334089 0.11301007 0.056199603 994.56 
20150625180716 11.396998 1.733402 0.9463082 0.441961 0.09132435 -0.055588737 994.56 
20150625180716 12.140997 1.1432313 -2.3301568 0.48472157 0.30757064 -0.09590584 994.56 
20150625180716 13.750499 1.7776948 -3.5811272 0.3662137 0.47555858 0.026267206 994.63 
20150625180716 11.298837 0.85772276 -3.9085343 0.10934488 0.17256944 -0.04795292 994.63 
20150625180716 9.035119 0.088585466 -3.0250738 -0.14446963 -0.38026363 -0.20341812 994.63 
20150625180716 8.178593 -2.1871033 -1.650802 -0.3475823 -0.13133603 -0.21471913 994.63 
20150625180716 10.8624935 -3.128623 -1.2246342 -0.021991149 0.17867808 -0.113926366 994.63 
20150625180716 13.288418 -1.2814964 -1.6759412 0.49938235 0.4981606 0.04184427 994.63 
20150625180716 13.780426 1.0109516 -1.7842789 0.589485 0.4905248 0.08674286 994.63 
20150625180716 10.545261 -0.35314476 -2.1871033 0.45937067 0.30543262 0.025961773 994.63 
20150625180716 9.137471 -0.8858546 -1.4095862 0.14477506 0.18234327 0.04917465 994.63 
20150625180716 7.699154 -0.4938041 -0.6901286 -0.093462385 0.160963 0.24953845 994.61 
20150625180716 6.518214 -0.065242 -0.4830302 -0.04795292 0.18997909 0.32925636 994.61 
20150625180716 6.4487824 0.05805939 -0.31902736 0.15485434 0.28099802 0.28405234 994.61 
20150625180716 6.1465144 -0.15322891 -0.2801216 0.32925636 0.27305678 0.19058995 994.61 
20150625180716 5.939416 -0.14065935 -0.11791443 0.3368922 0.15332718 0.16157386 994.61 
20150625180716 6.0758853 -0.110133275 -0.062249243 0.29229903 0.09682214 0.17470746 994.61 
20150625180716 7.6369047 -0.3513491 0.7781156 0.1731803 0.0571159 0.18325958 994.61 
20150625180716 8.60117 -0.95827925 0.8882488 0.04428773 0.014049901 0.12675454 994.61 
20150625180716 8.701726 -1.1174936 0.635062 -9.162979E-4 -0.04153884 0.04550946 994.61 
20150625180716 8.954913 -1.1001357 0.65900403 -0.11026118 -0.021991149 -0.0421497 994.54 
20150625180716 10.13286 -1.134253 1.2354081 -0.23579398 0.023518313 -0.11056661 994.54 
20150625180716 11.772888 -0.96067345 1.5759833 -0.25381452 0.0870483 -0.16187929 994.54 
20150625180716 12.633005 -1.8656816 1.2473791 -0.21899518 0.13713925 -0.17592919 994.54 
20150625180716 13.728951 -3.4452562 2.5797524 -0.0720821 0.12034045 -0.19700404 994.54 
20150625180716 13.900735 -2.5133133 3.321955 0.05681047 0.1432479 -0.08460484 994.54 
20150625180716 14.123396 0.04070143 1.4407109 0.032986723 0.23518312 0.0852157 994.54 
20150625180717 14.123995 0.82599956 -0.7026982 -0.08155051 0.5271767 0.06658431 994.54 
20150625180717 10.563218 -1.7220296 -2.460641 -0.15210545 0.46517387 -0.004276057 994.54 
20150625180717 7.9074497 -2.9897594 -3.4823663 0.103847094 0.13347405 0.16371189 994.6 
20150625180717 7.123947 0.31064767 -3.2489316 0.20097467 -0.19639318 0.36468655 994.6 
20150625180717 10.86788 3.7732618 -1.8501194 -0.017104227 -0.122478485 0.36682457 994.6 
20150625180717 14.210186 2.4468741 -0.15382746 -0.4578435 0.20677789 0.20830505 994.6 
20150625180717 13.570335 -2.3942018 -0.13108255 -0.40958515 0.3484986 0.09560041 994.6 
20150625180717 11.339538 -2.5276785 -0.91219085 -0.1282817 0.07086037 0.14813483 994.6 
20150625180717 9.221867 -1.6059108 -0.8870517 0.2302962 -0.074830994 0.040927973 994.6 
20150625180717 7.41185 -0.18734628 -0.427365 0.50854534 -0.10995574 -0.24678956 994.6 
20150625180717 5.8825536 0.7727286 -0.480636 0.6221663 0.09162979 -0.4352415 994.6 
20150625180717 5.040992 0.6607997 -0.31783026 0.64568454 0.25961772 -0.56046885 994.61 
20150625180717 5.1648917 0.05746084 -0.039504327 0.6133087 0.19975294 -0.46670106 994.61 
20150625180717 5.8574142 0.15801731 0.39863458 0.5360342 -0.07452556 -0.35277468 994.61 
20150625180717 6.499659 0.50158525 0.9103952 0.4886922 -0.19547687 -0.23457226 994.61 
20150625180717 7.03596 0.37469256 0.9792285 0.49449542 -0.23732115 -0.11575896 994.61 
20150625180717 8.061277 0.641646 1.0881647 0.59131753 -0.30543262 -0.014966198 994.61 
20150625180717 8.977059 1.1671734 1.6124948 0.6252206 -0.33108896 0.10293079 994.61 
20150625180717 9.372103 1.3461399 0.7386112 0.5888741 -0.29016098 0.15454891 994.61 
20150625180717 10.253169 1.6220716 1.1695676 0.5012149 -0.17379116 0.15882497 994.61 
20150625180717 10.960057 0.5363012 0.60094464 0.39553526 -0.02321288 0.122783914 994.59 
20150625180717 12.174516 0.8038532 -0.08738836 0.41813725 -0.013439035 0.10354166 994.59 
20150625180717 15.164275 3.1920695 2.179322 0.32895094 -0.026267206 0.19394971 994.59 
20150625180717 14.99309 1.3688848 3.7152026 0.12095132 -0.07788532 0.079107046 994.59 
20150625180717 12.932281 -1.785476 -0.48003745 0.21105394 -0.07147124 -0.26328292 994.59 
20150625180717 14.920665 -0.05267244 -4.2413282 0.25320363 0.3390302 -0.17592919 994.59 
20150625180717 12.229582 2.5288756 -2.9502552 0.22235495 0.59406644 -0.08552113 994.59 
20150625180717 8.564059 2.1092918 -2.284667 0.18081611 0.011301007 -0.39828414 994.59 
20150625180717 7.0407486 -1.0905589 -1.0199299 0.0421497 -0.21105394 -0.45051312 994.59 
20150625180717 11.56579 -2.4013844 -0.08738836 0.033292156 0.22785273 -0.3182608 994.56 
20150625180717 15.962741 -0.29867667 -1.1019313 0.43096542 0.58001655 -0.029932396 994.56 
20150625180717 14.0629425 1.4634558 -1.7100586 0.5012149 0.18417588 0.07422013 994.56 
20150625180717 10.432136 1.0923545 -1.8237832 0.31306845 0.08093964 0.030848695 994.56 
20150625180717 7.3340383 0.7158663 -0.9744401 -0.02443461 -0.051923547 0.13622294 994.56 
20150625180717 5.1505265 0.4261679 -0.15322891 -0.25625798 -0.07086037 0.37904188 994.56 
20150625180717 4.367024 -0.0077811554 0.1436521 -0.28130344 0.1469131 0.54153204 994.56 
20150625180717 4.857237 -0.55844754 -0.11971009 -0.20708331 0.2733622 0.5131268 994.56 
20150625180717 5.474941 -0.82240826 -0.005985504 -0.052839845 0.1777618 0.35216382 994.56 
20150625180717 5.869984 -0.48362875 0.24361002 -0.044593163 -0.015882496 0.20586158 994.5 
20150625180717 7.068282 0.12629414 0.3728969 -0.08857546 -0.17592919 0.17012598 994.5 
20150625180717 8.788516 -0.7374141 1.1258733 -0.19883664 -0.2507602 0.19242255 994.5 
20150625180717 9.428965 -1.3293805 1.3718776 -0.28527406 -0.27397305 0.09132435 994.5 
20150625180717 9.935339 -1.8154035 1.2635399 -0.34422258 -0.22571471 -0.016798794 994.5 
20150625180717 10.761936 -1.7004818 1.9494787 -0.33841935 -0.027183503 -0.05222898 994.5 
20150625180717 11.736377 -1.3000516 2.2972364 -0.27397305 0.11575896 -0.049785517 994.5 
20150625180717 12.391789 -2.4839842 1.8130093 -0.14844026 0.16493362 -0.05955936 994.5 
20150625180717 13.379996 -3.5529952 3.8474822 0.033292156 0.2657264 -0.08582657 994.5 
20150625180717 13.038822 -2.7257986 3.5404258 0.1160644 0.204029 -0.006414085 994.6 
20150625180717 13.162124 0.19692309 0.3657143 0.11026118 0.16982053 0.17928895 994.6 
20150625180717 12.881404 1.1480197 -2.6779146 0.08032878 0.2574797 0.13591751 994.6 
20150625180718 10.309433 -1.5658079 -3.6715083 0.04734206 0.17562376 0.13622294 994.6 
20150625180718 8.182184 -0.8242039 -3.5380316 0.19517145 -0.081855945 0.35735616 994.6 
20150625180718 9.238028 2.545635 -2.9340942 0.10567969 -0.1908954 0.50579643 994.6 
20150625180718 12.790424 4.8374844 -0.39743748 -0.39187005 0.011301007 0.4269948 994.6 
20150625180718 15.245678 1.5448587 0.36990416 -0.6575964 0.27977628 0.3378085 994.6 
20150625180718 12.95323 -2.9987376 -0.8726865 -0.48075095 0.1731803 0.2434298 994.6 
20150625180718 9.603742 -3.763685 -0.439336 -0.017104227 -0.17287487 0.044898596 994.56 
20150625180718 7.4363904 -2.540248 -0.029927522 0.18753563 -0.30573806 -0.18661933 994.56 
20150625180718 5.450999 -0.6997054 -0.24660277 0.44012842 -0.24923302 -0.43860126 994.56 
20150625180718 4.848857 0.8295909 0.05865794 0.6612616 0.02107485 -0.60048056 994.56 
20150625180718 5.0625396 1.5065514 0.092176765 0.7715228 0.13988814 -0.5348125 994.56 
20150625180718 4.915296 1.4808137 -0.006584055 0.6948592 -0.15851954 -0.42730024 994.56 
20150625180718 5.7508726 0.9475053 0.4261679 0.537256 -0.27275133 -0.29626966 994.56 
20150625180718 6.933608 0.37469256 0.43873745 0.43676865 -0.35185838 -0.16737708 994.56 
20150625180718 8.522161 0.5033809 1.0241197 0.42913285 -0.5708536 -0.08735373 994.56 
20150625180718 9.431359 1.003769 1.2455834 0.49693888 -0.65301496 0.00580322 994.6 
20150625180718 10.128671 1.4802152 0.86729956 0.6444628 -0.6575964 0.11056661 994.6 
20150625180718 11.190498 1.4041992 1.1653777 0.66828656 -0.44715336 0.14935656 994.6 
20150625180718 12.481572 0.3854665 0.34835634 0.5842926 -0.23335053 0.15057829 994.6 
20150625180718 13.046603 1.9961656 -0.24001873 0.46273044 -0.2134974 0.13652839 994.6 
20150625180718 14.720749 3.6613328 2.77069 0.03634648 -0.103847094 0.1957823 994.6 
20150625180718 13.8480625 0.6039374 2.5330653 -0.052839845 0.08399397 -0.089186326 994.6 
20150625180718 13.321937 -1.4413095 -3.110068 0.081855945 0.15943582 -0.30573806 994.6 
20150625180718 13.900735 -0.5021838 -4.982932 -0.004886922 0.46639562 -0.11942416 994.6 
20150625180718 9.837176 1.7340006 -3.2483332 0.016493361 0.56291234 -0.20005837 994.66 
20150625180718 8.704121 0.40880993 -1.6639702 0.052839845 -0.23823744 -0.34972036 994.66 
20150625180718 12.151173 -1.1791444 0.023942016 0.0018325958 -0.09101892 -0.42332962 994.66 
20150625180718 14.0390005 -0.5638345 -0.51235914 0.23793201 0.25137106 -0.1554652 994.66 
20150625180718 14.630368 1.1647792 -0.37588966 0.33292156 0.5858198 0.065973446 994.66 
20150625180718 11.001357 0.62728083 -1.5981296 0.19853121 0.4361578 0.087964594 994.66 
20150625180718 7.391499 0.3226187 -1.5682021 0.0106901415 0.21655174 0.09773844 994.66 
20150625180718 4.5220485 0.59017074 -1.204882 -0.18387043 0.10415252 0.22693644 994.66 
20150625180718 3.1561563 0.94451255 -0.7954735 -0.3368922 0.13958271 0.36774087 994.66 
20150625180718 4.461595 0.40342298 0.02873042 -0.43768495 0.28008172 0.45204028 994.57 
20150625180718 6.0345855 -0.9115923 0.46746787 -0.40591997 0.19547687 0.40439278 994.57 
20150625180718 6.5427547 -1.5125369 0.33279404 -0.32559118 -0.0870483 0.26389378 994.57 
20150625180718 6.983288 -1.0444705 -0.16938977 -0.28069258 -0.30024028 0.18875736 994.57 
20150625180718 8.15106 -0.44472298 0.01616086 -0.27916542 -0.42546764 0.12797627 994.57 
20150625180718 9.5385 -0.4333505 1.0761937 -0.39461896 -0.4392121 0.07819075 994.57 
20150625180718 10.295067 -1.678934 1.7681179 -0.46670106 -0.33933565 0.01863139 994.57 
20150625180718 11.48319 -2.0350714 2.5420437 -0.43249258 -0.14019357 0.0125227375 994.57 
20150625180718 12.014703 -1.2330139 1.9207484 -0.29779682 -0.015882496 -0.0015271631 994.57 
20150625180718 12.0170965 -1.8866309 1.8261774 -0.2012801 0.07971791 -0.086437434 994.56 
20150625180718 12.658743 -2.5007436 2.765303 -0.1142318 0.22449298 -0.15271631 994.56 
20150625180718 13.467384 -1.0390835 1.8016368 -0.040927973 0.16432275 -0.0580322 994.56 
20150625180718 14.902708 1.5711949 -2.2218192 -0.047036625 0.17592919 0.13194689 994.56 
20150625180718 11.950658 -0.24899697 -5.16968 -0.09132435 0.24251351 0.17379116 994.56 
20150625180718 9.241618 -1.365892 -4.675277 0.08093964 0.17562376 0.267559 994.56 
20150625180718 9.261371 0.84575176 -2.5719712 0.071776666 -0.31612277 0.50640726 994.56 
20150625180718 12.861651 2.4582467 0.22625206 -0.33933565 -0.3213151 0.5207626 994.56 
20150625180718 15.7508545 0.2885013 0.08200141 -0.41508293 0.3295618 0.42058071 994.56 
20150625180719 13.472173 -0.90381116 -1.3479356 -0.122783914 0.3753767 0.25259277 994.56 
20150625180719 10.340557 -0.7350199 -1.103727 0.04642576 0.041233405 -0.04428773 994.56 
20150625180719 7.0754647 -1.4131776 -0.40043023 0.04734206 -0.12980886 -0.31764993 994.56 
20150625180719 5.567716 -1.0450691 -0.3405752 0.16554448 -0.12064589 -0.41050145 994.56 
20150625180719 5.1529207 -0.5201403 -0.030526072 0.39828414 0.04642576 -0.4746423 994.56 
20150625180719 4.9266686 0.32202014 0.06464344 0.52595496 0.19730948 -0.4428773 994.56 
20150625180719 5.6030307 0.5081693 0.10354923 0.55680364 -0.017715093 -0.42363504 994.56 
20150625180719 6.4751186 0.91099375 0.3866636 0.4813618 -0.23365596 -0.35918877 994.56 
20150625180719 7.313688 1.0875661 0.55844754 0.36865717 -0.31031954 -0.23365596 994.56 
20150625180719 7.7769656 0.80684596 0.6769605 0.41722095 -0.42302418 -0.11362094 994.58 
20150625180719 8.508993 0.59974754 0.59615624 0.5140431 -0.40317106 -0.038179077 994.58 
20150625180719 10.078392 0.7428011 1.2838906 0.6429357 -0.3481932 0.05589417 994.58 
20150625180719 11.403583 0.3764882 1.8351556 0.6068946 -0.27275133 0.1469131 994.58 
20150625180719 11.657967 0.24121583 -0.30885202 0.5705481 -0.20463985 0.17195857 994.58 
20150625180719 12.964602 3.603872 0.24061728 0.48716503 -0.1423316 0.22296582 994.58 
20150625180719 15.184626 3.5631707 3.2423477 0.08155051 -0.046120327 0.23548855 994.58 
20150625180719 14.10125 -1.0474633 -0.2873042 -0.015882496 -0.051923547 -0.12950343 994.58 
20150625180719 15.666459 -1.4221559 -5.6760535 0.15974127 0.030543262 -0.35124752 994.58 
20150625180719 12.190078 2.0572178 -3.25791 -0.009468411 0.45020768 -0.16035213 994.59 
20150625180719 8.209718 1.2294226 -1.3509283 -0.14049901 0.27550024 -0.3866777 994.59 
20150625180719 9.512163 -0.480636 -0.6655881 -0.071776666 -0.14172074 -0.54733527 994.59 
20150625180719 13.196839 -1.1192893 -0.39863458 0.080634214 0.2003638 -0.40286562 994.59 
20150625180719 15.482704 -0.4878186 -0.85652566 0.4352415 0.54733527 -0.029932396 994.59 
20150625180719 14.432846 0.10474633 -1.0971429 0.5030475 0.6582073 0.1282817 994.59 
20150625180719 11.485584 0.17717093 -1.7088615 0.25534168 0.31490102 0.15454891 994.59 
20150625180719 8.302493 0.25198972 -1.5107412 0.06505715 0.02321288 0.18875736 994.59 
20150625180719 4.7441106 1.0905589 -0.6099229 -0.09590584 -0.049785517 0.26053402 994.59 
20150625180719 4.0521865 0.5919664 -0.33039984 -0.23823744 0.122783914 0.45051312 994.55 
20150625180719 4.768651 -0.74878657 -0.39085343 -0.1966986 0.3191771 0.46211955 994.55 
20150625180719 5.7245364 -1.4652514 -0.05865794 -0.08277224 0.20005837 0.37904188 994.55 
20150625180719 6.2608376 -1.074398 0.30286652 -0.090713486 -0.009162978 0.20952678 994.55 
20150625180719 7.073669 -0.4237737 0.38367084 -0.12461651 -0.22785273 0.14538592 994.55 
20150625180719 8.619126 -0.20949265 1.1641805 -0.14110987 -0.3222314 0.129198 994.55 
20150625180719 9.695918 -0.4141969 1.0552444 -0.26083946 -0.3005457 0.09560041 994.55 
20150625180719 10.157401 -1.6484078 0.79487497 -0.3173445 -0.21227567 0.029321533 994.55 
20150625180719 11.253346 -1.4562732 1.6490064 -0.30207285 -0.04734206 -0.01038471 994.55 
20150625180719 11.739369 -1.4993688 1.4532804 -0.28924468 3.0543262E-4 -0.06169739 994.49 
20150625180719 12.142793 -2.2158337 2.6198552 -0.15821409 0.10140363 -0.13347405 994.49 
20150625180719 13.032238 -2.3181858 3.8845923 -0.0036651916 0.23732115 -0.16065755 994.49 
20150625180719 13.47756 0.10055647 2.1853075 0.032070424 0.19364429 -0.005497787 994.49 
20150625180719 13.390172 2.0338743 -2.7132292 0.03756821 0.2883284 0.21533 994.49 
20150625180719 11.163564 0.089782566 -4.0815153 -0.009468411 0.47739118 0.17440203 994.49 
20150625180719 9.061455 -2.621651 -4.317344 0.05375614 0.33841935 0.33108896 994.49 
20150625180719 9.153033 -1.062427 -3.1956608 0.20799962 -0.32803464 0.52198434 994.49 
20150625180719 12.172121 2.15957 -0.08319851 -0.13744467 -0.3744604 0.535118 994.49 
20150625180719 15.66586 1.2084733 0.58119243 -0.44837508 0.21410827 0.33444872 994.55 
20150625180719 14.559739 -0.65541273 -0.22744916 -0.35430184 0.44348818 0.17959438 994.55 
20150625180719 11.024101 -1.4766239 -0.85473 -0.056199603 0.21594086 0.0018325958 994.55 
20150625180719 8.626907 -2.0416555 -0.43993455 0.15302174 -0.02076942 -0.27030787 994.55 
20150625180720 7.1670427 -1.697489 -0.015562311 0.29932398 -0.15302174 -0.44501534 994.55 
20150625180720 5.707777 -0.5081693 0.1592144 0.4465425 0.053450707 -0.5204572 994.55 
20150625180720 5.617396 0.7170634 0.11971009 0.59315014 0.19150625 -0.47983465 994.55 
20150625180720 5.2139726 1.4700398 -0.130484 0.56230146 0.058948494 -0.39584067 994.55 
20150625180720 5.398925 1.4622587 0.3274071 0.47555858 -0.07666359 -0.36377025 994.55 
20150625180720 5.829881 0.74639237 0.9463082 0.3930918 -0.09621128 -0.30207285 994.64 
20150625180720 6.88752 -0.1933318 1.2665327 0.42210788 -0.23243423 -0.17195857 994.64 
20150625180720 8.686164 -0.6242881 0.6075287 0.54550266 -0.37782016 0.0070249503 994.64 
20150625180720 10.729016 0.11312603 0.9295488 0.7104363 -0.39858958 0.10170906 994.64 
20150625180720 12.130223 0.919972 1.0977415 0.7467828 -0.3839288 0.1432479 994.64 
20150625180720 12.65575 1.5753847 0.17537527 0.73853606 -0.31673363 0.10781772 994.64 
20150625180720 13.486538 3.8666358 1.5071499 0.537256 -0.21746802 0.12614368 994.64 
20150625180720 13.522451 2.7976246 3.900753 0.18570304 -0.07391469 0.1142318 994.64 
20150625180720 12.546215 -0.7978677 0.5542577 0.14874569 0.04734206 -0.15210545 994.64 
20150625180720 15.452776 -0.04309563 -3.9079356 0.23976462 0.160963 -0.19975294 994.58 
20150625180720 12.7018385 1.5568297 -2.6880898 0.09743301 0.4813618 -0.101098195 994.58 
20150625180720 8.667608 0.47644615 -2.03148 0.13897185 0.26389378 -0.48380527 994.58 
20150625180720 8.556278 -1.3611037 -0.87448215 0.08368854 -0.15515977 -0.57910025 994.58 
20150625180720 12.9963255 0.0011971008 1.2216414 -0.027488936 0.408058 -0.4465425 994.58 
20150625180720 15.962143 1.1833342 0.16639702 0.18081611 0.5558874 -0.18692477 994.58 
20150625180720 15.502456 1.0636241 -0.32441434 0.38698313 0.36651915 0.034208454 994.58 
20150625180720 12.23437 0.30346507 -1.2354081 0.20372356 0.16768251 0.08979719 994.58 
20150625180720 8.41502 -0.43394905 -1.38325 -0.0012217305 -0.09437868 0.21594086 994.58 
20150625180720 5.7909756 0.4854244 -0.59136784 -0.21013765 -0.10048734 0.3622431 994.63 
20150625180720 3.5631707 1.1575965 -0.4141969 -0.30268374 0.11453723 0.48166725 994.63 
20150625180720 4.2945995 0.37948096 -0.37229836 -0.27488935 0.40561453 0.473726 994.63 
20150625180720 5.357625 -0.90021986 -0.08678981 -0.2171626 0.24037547 0.4361578 994.63 
20150625180720 5.895722 -1.1887212 0.51595044 -0.19608775 -0.0033597588 0.3381139 994.63 
20150625180720 7.165846 -0.86849666 0.4794389 -0.2657264 -0.28069258 0.2678644 994.63 
20150625180720 8.429385 -0.676362 0.89064306 -0.2874121 -0.43401974 0.22968534 994.63 
20150625180720 9.344569 -0.3561375 1.1432313 -0.312763 -0.42210788 0.14935656 994.63 
20150625180720 10.137649 -1.3072342 0.9600749 -0.4025602 -0.3549127 0.05009095 994.63 
20150625180720 11.505336 -1.858499 1.1162965 -0.3839288 -0.1328632 -0.03848451 994.61 
20150625180720 12.82514 -1.7902644 1.0588357 -0.3631594 -0.01740966 -0.08307768 994.61 
20150625180720 12.9244995 -2.7443538 2.7868507 -0.25870144 -0.03481932 -0.13927728 994.61 
20150625180720 13.226768 -2.1703439 4.223372 -0.09560041 0.019242255 -0.1142318 994.61 
20150625180720 12.491747 0.480636 3.0430303 -0.0036651916 0.08979719 0.20372356 994.61 
20150625180720 11.770494 2.846706 -0.5566519 -0.02321288 0.30482176 0.30970868 994.61 
20150625180720 10.53748 0.6943185 -4.0821137 -0.102319926 0.48349985 0.09254608 994.61 
20150625180720 8.848371 -3.2770636 -4.9984946 -0.25961772 0.41355577 0.013744468 994.61 
20150625180720 8.818443 -3.2507274 -3.1711202 -0.23335053 -0.3032946 0.25625798 994.61 
20150625180720 12.315175 1.2749124 -0.3238158 -0.25381452 -0.68966687 0.6010914 994.59 
20150625180720 16.311697 3.2357635 0.39324763 -0.26145032 -0.36132678 0.6282749 994.59 
20150625180720 16.309301 0.5931635 -0.24899697 -0.0720821 0.11789699 0.31337386 994.59 
20150625180720 12.603078 -1.6418238 -0.65182143 0.03268129 0.1518 0.05955936 994.59 
20150625180720 9.040505 -2.011728 -0.40162733 0.13255776 0.039095376 -0.20341812 994.59 
20150625180720 7.422025 -1.8028339 0.16879122 0.20525073 0.06383542 -0.38728857 994.59 
20150625180720 6.005855 -1.1198878 0.2801216 0.39400807 0.09712757 -0.49388456 994.59 
20150625180720 5.130774 -0.3333926 0.017357962 0.552833 0.14721853 -0.49541172 994.59 
20150625180720 5.1002483 0.34955344 0.1364695 0.70249504 0.10415252 -0.45112398 994.59 
20150625180721 5.2528787 1.062427 0.15322891 0.6554584 -0.14385876 -0.408058 994.59 
20150625180721 6.3099184 1.4257472 0.5907693 0.53023106 -0.23884831 -0.3463606 994.59 
20150625180721 7.0904284 0.89064306 0.5351041 0.39828414 -0.3481932 -0.20799962 994.59 
20150625180721 8.5538845 0.374094 0.6877344 0.38331795 -0.5946773 -0.058948494 994.59 
20150625180721 10.053851 0.40521863 1.134253 0.49418998 -0.61300325 0.0571159 994.59 
20150625180721 10.161591 0.58897364 0.84455466 0.58093286 -0.49632803 0.099571034 994.59 
20150625180721 10.831967 0.6955156 -0.22026655 0.6356053 -0.37384954 0.09193522 994.59 
20150625180721 12.70124 2.6833014 0.39624038 0.57818395 -0.20922135 0.13072516 994.59 
20150625180721 15.553931 4.3077674 2.8329391 0.35033122 -0.115453534 0.24984388 994.59 
20150625180721 15.274408 0.74878657 2.597709 0.05497787 -0.06383542 0.15027285 994.66 
20150625180721 15.605407 -1.0007763 -4.298789 0.18112154 -0.0012217305 -0.27091873 994.66 
20150625180721 13.9917145 1.2814964 -4.235343 0.18325958 0.35277468 -0.2144137 994.66 
20150625180721 10.697892 0.85891986 -2.4510639 -0.004581489 0.39736784 -0.33261612 994.66 
20150625180721 7.2029557 -1.982399 -2.0081367 -0.011911872 -0.19211712 -0.52656585 994.66 
20150625180721 9.659407 -2.593519 -0.7290344 0.03726278 0.059253927 -0.36743546 994.66 
20150625180721 14.474745 -0.8283938 1.2348095 0.23396139 0.6969972 -0.042455133 994.66 
20150625180721 14.551359 0.25498247 -0.7200562 0.37782016 0.58062744 0.08368854 994.66 
20150625180721 12.94485 1.049259 -1.7950528 0.37751472 0.3109304 -0.0015271631 994.66 
20150625180721 9.09258 1.0702082 -2.180519 0.11453723 -0.0027488936 -0.013744468 994.62 
20150625180721 6.5247984 0.92296475 -1.3036429 -0.090713486 -0.15210545 0.1255328 994.62 
20150625180721 4.702811 0.12509704 -0.45609543 -0.35002577 -0.124311075 0.38087448 994.62 
20150625180721 4.9254713 -0.9672575 0.362123 -0.3436117 0.18845193 0.4783075 994.62 
20150625180721 5.8400564 -1.6041151 0.46088383 -0.11575896 0.2602286 0.3848451 994.62 
20150625180721 6.0268044 -0.7793127 -0.046088383 0.05222898 0.01160644 0.23151793 994.62 
20150625180721 6.035184 0.1448492 -0.46208093 0.102319926 -0.15332718 0.09590584 994.62 
20150625180721 7.302315 0.219668 0.04249708 -0.029626964 -0.2828306 0.06780604 994.62 
20150625180721 8.65025 -0.19393034 0.51116204 -0.19761491 -0.26083946 0.03634648 994.62 
20150625180721 10.095152 -0.86969376 0.93852705 -0.36743546 -0.22082779 -0.05681047 994.52 
20150625180721 11.436503 -1.4742297 0.9947908 -0.44837508 -0.10751228 -0.07391469 994.52 
20150625180721 12.374432 -1.4449008 1.3796587 -0.39492437 -0.040927973 -0.1001819 994.52 
20150625180721 12.199057 -2.6318262 1.3892355 -0.34055737 -0.03145956 -0.12980886 994.52 
20150625180721 13.005303 -2.4881742 3.8139634 -0.10873401 0.007941248 -0.18661933 994.52 
20150625180721 12.880207 -0.4297592 3.2770636 -0.03359759 0.09560041 -0.011911872 994.52 
20150625180721 12.740146 2.5210943 0.25737667 -0.06994407 0.22174409 0.22388211 994.52 
20150625180721 11.944673 1.7866731 -3.4554317 -0.1160644 0.4447099 0.16432275 994.52 
20150625180721 9.598953 -2.8874073 -4.24492 -0.33261612 0.47983465 0.049480084 994.52 
20150625180721 8.098986 -2.6240451 -2.9508536 -0.29046643 0.064751714 0.33292156 994.59 
20150625180721 10.730213 0.29209262 -1.2898762 -0.31673363 -0.4089743 0.5656612 994.59 
20150625180721 15.700576 2.4049757 0.59855044 -0.3735441 -0.17959438 0.6032294 994.59 
20150625180721 16.906654 0.52133745 -0.3537433 -0.25686884 0.23335053 0.4352415 994.59 
20150625180721 13.268067 -1.4317327 -1.0079589 0.035124753 0.20097467 0.15088372 994.59 
20150625180721 9.267356 -2.3331497 -0.7350199 0.18570304 0.08124508 -0.058948494 994.59 
20150625180721 7.219715 -1.5598224 0.28550854 0.24312437 0.07544186 -0.31215215 994.59 
20150625180721 5.3205147 -1.1468226 0.046088383 0.39614612 0.1328632 -0.46517387 994.59 
20150625180721 5.159505 -0.22325931 0.19512744 0.58001655 0.20341812 -0.5369505 994.59 
20150625180721 5.580884 0.8230068 0.1364695 0.70280045 0.13591751 -0.44623706 994.58 
20150625180721 4.9943047 0.9367314 -0.2172738 0.65393126 -0.13775012 -0.3454443 994.58 
20150625180721 5.893926 0.6560113 0.43035775 0.6123924 -0.18936823 -0.29229903 994.58 
20150625180721 7.1844006 0.46627077 1.0295067 0.5839872 -0.26633725 -0.19639318 994.58 
20150625180721 8.796896 0.56443304 1.3820529 0.57543504 -0.42730024 -0.05497787 994.58 
20150625180722 9.546281 0.7422025 0.87089086 0.6386596 -0.56046885 0.061086524 994.58 
20150625180722 9.919178 0.86729956 0.21667525 0.7507534 -0.52534413 0.14538592 994.58 
20150625180722 10.978612 1.0923545 0.18854338 0.7666359 -0.28405234 0.13041973 994.58 
20150625180722 12.790424 0.9947908 0.31364042 0.6722572 -0.15393804 0.0842994 994.58 
20150625180722 14.796765 3.115455 1.6005238 0.514654 -0.17623462 0.112704635 994.54 
20150625180722 15.263036 2.4875755 3.9282866 0.33536503 -0.19333886 0.13164146 994.54 
20150625180722 13.447034 -0.31663316 -0.84216046 0.22235495 -0.13805555 -0.16707164 994.54 
20150625180722 14.5759 0.31364042 -4.8165355 0.23304509 0.12614368 -0.3005457 994.54 
20150625180722 12.197859 1.7860745 -2.046444 0.049480084 0.61941737 -0.28099802 994.54 
20150625180722 6.96174 -0.16280572 -2.3942018 0.071776666 0.051618114 -0.4437936 994.54 
20150625180722 9.39365 -0.7858967 -0.2825158 0.07513642 -0.18173242 -0.41813725 994.54 
20150625180722 13.657125 0.5303157 0.53450555 0.10323623 0.45051312 -0.16432275 994.54 
20150625180722 15.889119 0.6242881 -0.40282443 0.29749137 0.52290064 0.01985312 994.54 
20150625180722 14.729129 -0.10594343 -0.9995792 0.4343252 0.47128254 0.0571159 994.59 
20150625180722 11.140819 -0.17896658 -1.2970588 0.21624629 0.172264 0.1337795 994.59 
20150625180722 7.6015906 0.21068975 -1.1390414 -0.062002823 -0.02443461 0.3417791 994.59 
20150625180722 4.936844 1.1749545 -0.44352585 -0.18692477 0.01740966 0.4560109 994.59 
20150625180722 3.763685 1.2138603 -0.40222588 -0.22876903 0.17898351 0.5006041 994.59 
20150625180722 4.51726 0.11671733 -0.33638534 -0.11453723 0.30940324 0.42546764 994.59 
20150625180722 5.619191 -1.3198037 0.05865794 -0.062002823 0.10170906 0.3036 994.59 
20150625180722 5.8921304 -2.019509 0.65541273 -0.087659165 -0.11484267 0.25473082 994.59 
20150625180722 6.4218473 -1.5753847 0.78410107 -0.042455133 -0.21624629 0.20250183 994.59 
20150625180722 8.946533 -0.21906945 1.1941081 -0.009162978 -0.28496864 0.14446963 994.61 
20150625180722 10.012551 0.18076223 1.1911154 -0.10354166 -0.24801129 0.058337633 994.61 
20150625180722 10.332776 -0.7272388 0.9780314 -0.27366763 -0.20647246 -0.037873644 994.61 
20150625180722 11.523891 -1.0845734 1.608305 -0.301462 -0.07086037 -0.096516706 994.61 
20150625180722 12.389396 -1.7705121 1.5496471 -0.28527406 -0.008857546 -0.12308934 994.61 
20150625180722 13.536817 -2.19668 3.3087866 -0.16157386 0.056505036 -0.15210545 994.61 
20150625180722 13.741521 -1.0594343 3.4243069 -0.05009095 0.099571034 -0.08582657 994.61 
20150625180722 13.811551 1.3928268 0.51235914 -0.07849618 0.10751228 0.22693644 994.61 
20150625180722 12.211626 1.894412 -3.930082 -0.12889257 0.42119157 0.30268374 994.61 
20150625180722 10.113707 -1.839944 -3.8612487 -0.25809056 0.5213735 0.20005837 994.59 
20150625180722 8.058883 -2.328361 -3.518878 -0.13927728 0.30848694 0.48197266 994.59 
20150625180722 10.8385515 -0.014963761 -1.3670892 -0.059864793 -0.2855795 0.65301496 994.59 
20150625180722 14.419679 1.733402 0.89662856 -0.33292156 -0.2855795 0.59956425 994.59 
20150625180722 16.613365 0.40162733 0.39983168 -0.4474588 0.30543262 0.31856623 994.59 
20150625180722 13.982737 -0.3286042 -0.31663316 -0.3475823 0.2932153 0.07238753 994.59 
20150625180722 10.023325 -0.86729956 -0.5847838 -0.20647246 0.05681047 -0.21746802 994.59 
20150625180722 7.0862384 -1.7471687 0.14664486 -0.043676864 -0.06627888 -0.43493605 994.59 
20150625180722 5.133168 -1.7393875 0.27473465 0.1469131 -0.03268129 -0.6056729 994.59 
20150625180722 4.2622776 -1.2312182 0.19752164 0.37018433 0.102319926 -0.6435465 994.61 
20150625180722 4.6363716 0.28072014 0.16519992 0.49571714 0.064446285 -0.55680364 994.61 
20150625180722 4.666898 1.5490485 -0.37110126 0.4373795 -0.14782938 -0.41263947 994.61 
20150625180722 5.4204726 2.2272062 0.19512744 0.31031954 -0.26206118 -0.34422258 994.61 
20150625180722 6.622362 1.4838065 0.9415198 0.21563543 -0.35002577 -0.21074851 994.61 
20150625180722 7.5944076 -0.14784196 0.96785605 0.24770586 -0.52534413 -0.09254608 994.61 
20150625180722 9.919776 -0.23642741 0.6745663 0.38820487 -0.54428095 0.024129177 994.61 
20150625180722 10.761338 0.664391 1.3796587 0.5112942 -0.45631635 0.11575896 994.61 
20150625180722 11.737574 0.7661445 0.8936358 0.50976706 -0.33108896 0.13530666 994.61 
20150625180722 12.821548 1.8740613 0.45549688 0.5699373 -0.21777347 0.13927728 994.61 
20150625180723 14.8590145 3.957017 2.4241292 0.38056904 -0.124005646 0.22479841 994.61 
20150625180723 14.264055 1.6370354 3.4225113 0.124311075 -0.047036625 0.11759156 994.61 
20150625180723 12.800001 -1.2437878 -0.86131406 0.14966199 0.015882496 -0.19211712 994.61 
20150625180723 13.801375 0.030526072 -4.3580456 0.1695151 0.2144137 -0.21838433 994.61 
20150625180723 11.096526 1.6346412 -3.5140896 0.10995574 0.6591236 -0.12675454 994.61 
20150625180723 9.063251 0.6434417 -2.2679076 0.18142697 0.16279559 -0.39950588 994.61 
20150625180723 12.030265 -0.6380547 0.5057751 0.031154128 -0.16401732 -0.41141775 994.61 
20150625180723 14.646529 -0.60453594 0.06404489 -0.04062254 0.14569137 -0.35033122 994.61 
20150625180723 16.078262 0.3429694 -0.6015432 0.22204952 0.42271876 -0.07513642 994.66 
20150625180723 14.122797 0.53929394 -0.6099229 0.26267207 0.46486846 0.035430185 994.66 
20150625180723 10.400413 0.061052144 -1.2677298 0.05009095 0.19517145 0.15760323 994.66 
20150625180723 6.6522894 0.18614918 -1.1492168 -0.087964594 0.009468411 0.2706133 994.66 
20150625180723 3.8971617 0.9331401 -0.62728083 -0.21655174 0.05222898 0.36774087 994.66 
20150625180723 2.767697 1.0833763 -0.12808979 -0.26847526 0.33750305 0.4111123 994.66 
20150625180723 3.0178912 0.31783026 -0.30526072 -0.2751948 0.41538838 0.41263947 994.66 
20150625180723 4.6040497 -0.6218939 -0.1412579 -0.22235495 0.19425514 0.3023783 994.66 
20150625180723 6.2500634 -1.021127 0.42078096 -0.23701571 -0.172264 0.18600847 994.66 
20150625180723 7.953538 -1.0354922 0.25857377 -0.3100141 -0.45906523 0.13836098 994.57 
20150625180723 9.384672 -1.1839328 0.46866497 -0.3387248 -0.5708536 0.1469131 994.57 
20150625180723 9.653421 -0.87089086 1.0139444 -0.36254853 -0.39400807 0.06078109 994.57 
20150625180723 10.450092 -1.7938557 1.6280571 -0.3820962 -0.13347405 0.03726278 994.57 
20150625180723 12.053609 -1.5837644 2.2709002 -0.321926 0.04428773 0.0021380284 994.57 
20150625180723 12.355278 -2.4744074 1.6747441 -0.27152961 0.0852157 -0.038789943 994.57 
20150625180723 13.286622 -3.2249897 3.6002808 -0.1459968 0.07819075 -0.16065755 994.57 
20150625180723 13.567941 -1.9626468 3.9516299 0.011911872 0.12522738 -0.15454891 994.57 
20150625180723 13.173496 1.1019313 0.7134721 -0.023823744 0.08124508 0.07880162 994.57 
20150625180723 12.187684 2.380435 -4.1545386 -0.099571034 0.2947425 0.124311075 994.61 
20150625180723 9.422979 -1.3664906 -5.026028 -0.20616703 0.47342056 0.030543262 994.61 
20150625180723 8.186973 -2.40318 -3.289633 -0.22540927 0.27550024 0.13591751 994.61 
20150625180723 10.423756 0.40521863 -1.2970588 -0.03481932 -0.4596761 0.52473325 994.61 
20150625180723 14.97633 3.1789012 0.26994625 -0.105374254 -0.4728097 0.66553766 994.61 
20150625180723 17.766771 1.0791864 0.044891283 -0.09560041 0.108123146 0.5363397 994.61 
20150625180723 14.158112 -1.210269 -0.66498953 0.07513642 0.20677789 0.23273966 994.61 
20150625180723 10.072407 -1.8728642 -0.7493851 0.3454443 0.06505715 -0.099265605 994.61 
20150625180723 7.4327993 -1.8567034 -0.16938977 0.40469822 0.018020526 -0.26083946 994.61 
20150625180723 5.6341553 -1.3868413 0.010175358 0.50823987 0.07238753 -0.40469822 994.66 
20150625180723 4.817134 -0.49440265 0.15382746 0.67347896 0.20005837 -0.50335294 994.66 
20150625180723 4.6591167 0.5638345 0.51714754 0.75136423 0.28221974 -0.49449542 994.66 
20150625180723 4.4484267 0.9068039 0.12030864 0.7104363 -0.06414085 -0.45906523 994.66 
20150625180723 5.1259856 0.85473 0.40581718 0.5342017 -0.26236662 -0.35033122 994.66 
20150625180723 6.3721676 0.62608373 0.86969376 0.39553526 -0.30451632 -0.160963 994.66 
20150625180723 7.579444 0.39205053 1.1234791 0.42424592 -0.4813618 -0.06627888 994.66 
20150625180723 8.529344 0.22146365 1.3162124 0.5513059 -0.5216789 -0.015577064 994.66 
20150625180723 9.47206 0.25438392 0.6338649 0.7244862 -0.41263947 0.1160644 994.66 
20150625180723 11.184513 1.3718776 0.17776948 0.77824235 -0.24037547 0.18997909 994.58 
20150625180723 12.576741 1.536479 -0.38486794 0.7098254 -0.16646078 0.18509217 994.58 
20150625180723 14.841058 3.3566709 1.4754268 0.52412236 -0.23090707 0.14844026 994.58 
20150625180723 15.719729 2.0937295 4.510676 0.25289822 -0.269697 0.17592919 994.58 
20150625180723 12.397775 -2.0973208 1.441908 0.20586158 -0.17256944 -0.12889257 994.58 
20150625180723 12.127829 -1.8393455 -4.1635165 0.3304781 0.16584991 -0.29657507 994.58 
20150625180724 11.320983 1.4532804 -4.435259 0.36071593 0.66828656 -0.029626964 994.58 
20150625180724 9.503783 2.3373394 -3.8373067 0.40683624 0.6988298 -0.13836098 994.58 
20150625180724 8.206126 0.8331822 -1.9117701 0.32895094 -0.29810223 -0.32559118 994.58 
20150625180724 12.764088 -1.0121487 0.8170213 -0.019547688 -0.36743546 -0.45845437 994.58 
20150625180724 17.630302 -0.32202014 -0.9475053 -0.03940081 0.109650314 -0.28588495 994.58 
20150625180724 15.463551 1.7878702 -1.0714053 0.23671028 0.23609942 0.0290161 994.58 
20150625180724 12.69705 2.307412 -1.3796587 0.08827003 0.22266038 0.12767084 994.58 
20150625180724 9.196129 1.3192052 -1.1330559 -0.1908954 0.0870483 0.22327125 994.58 
20150625180724 6.3883286 0.26396075 -0.5081693 -0.47708577 -0.077579886 0.3173445 994.58 
20150625180724 4.3879733 -0.21787235 -0.24061728 -0.6035349 -0.014966198 0.41813725 994.58 
20150625180724 4.168904 -0.45070848 0.50038815 -0.6261369 0.25503623 0.44440445 994.58 
20150625180724 4.647744 -0.4381389 0.3549404 -0.47158796 0.2938262 0.3726278 994.58 
20150625180724 5.5683146 -0.36990416 0.3238158 -0.28863382 -0.004581489 0.22143865 994.59 
20150625180724 5.9807158 -0.39264908 -0.21787235 -0.24495697 -0.29138273 0.13988814 994.59 
20150625180724 7.503428 -0.64463884 0.22026655 -0.28893927 -0.41996986 0.099571034 994.59 
20150625180724 8.820239 -1.2144588 0.81343 -0.41386122 -0.398895 0.069027774 994.59 
20150625180724 9.277532 -1.6519991 1.1450269 -0.46853364 -0.2501493 -0.016493361 994.59 
20150625180724 9.832987 -1.6430209 0.99538934 -0.45142943 -0.044593163 -0.03359759 994.59 
20150625180724 12.230181 -2.4247277 1.2880806 -0.35460728 0.069027774 -0.015577064 994.59 
20150625180724 14.018649 -2.7012582 2.48578 -0.16157386 0.069027774 -0.029626964 994.59 
20150625180724 13.906122 -2.2679076 3.6804867 0.022907447 0.02565634 -0.07788532 994.59 
20150625180724 12.871827 0.30346507 2.7431567 0.12003502 0.02321288 -0.0076358155 994.61 
20150625180724 12.640786 2.6408045 -1.009156 0.033292156 0.20799962 0.18509217 994.61 
20150625180724 10.905589 -0.036511578 -3.7582982 -0.11209377 0.42943826 0.069027774 994.61 
20150625180724 8.835801 -3.268684 -4.3526587 -0.20158553 0.37751472 0.03726278 994.61 
20150625180724 7.7266874 -2.4169466 -3.457826 -0.010079277 -0.04795292 0.32375857 994.61 
20150625180724 11.33056 2.1140802 -1.3826514 0.027488936 -0.54275376 0.5317582 994.61 
20150625180724 15.588049 4.3622355 0.31064767 -0.15241088 -0.22876903 0.5143485 994.61 
20150625180724 16.340427 1.3994108 -0.6410475 -0.23426682 0.21533 0.34391713 994.61 
20150625180724 13.220183 -1.287482 -1.073201 -0.06261369 0.20005837 0.10445796 994.61 
20150625180724 9.944317 -2.208651 -0.5201403 0.080634214 0.06688975 -0.08032878 994.59 
20150625180724 7.9876556 -2.2942438 0.11492168 0.16401732 -0.03726278 -0.2284636 994.59 
20150625180724 6.595427 -0.93014735 0.11133038 0.35735616 0.0076358155 -0.33750305 994.59 
20150625180724 5.6790466 -0.21906945 -0.1388637 0.5687156 0.11881329 -0.4364632 994.59 
20150625180724 5.677251 1.0241197 0.18136078 0.627664 0.14110987 -0.46028697 994.59 
20150625180724 5.261258 1.3485341 -0.3537433 0.5726862 -0.15882497 -0.419359 994.59 
20150625180724 5.2810106 1.4526819 -0.088585466 0.41172317 -0.30848694 -0.36560285 994.59 
20150625180724 5.7454853 0.53929394 0.47046062 0.24098633 -0.30268374 -0.19914207 994.59 
20150625180724 6.757634 -0.142455 1.0636241 0.258396 -0.3436117 -0.086132 994.59 
20150625180724 8.531737 0.18076223 1.3575124 0.38789943 -0.40653083 0.022296581 994.62 
20150625180724 9.522937 0.43514615 1.2204443 0.52626044 -0.40133846 0.112704635 994.62 
20150625180724 10.040085 0.57520694 0.52732295 0.6563747 -0.2883284 0.12217305 994.62 
20150625180724 11.878233 1.3814543 0.26276365 0.67073005 -0.10476339 0.11911872 994.62 
20150625180724 14.446014 4.2544966 2.0320787 0.48197266 -0.061086524 0.1966986 994.62 
20150625180724 15.160684 2.9454668 3.365649 0.20861048 -0.037873644 0.21197024 994.62 
20150625180724 14.058752 0.29807812 -2.4546554 0.1459968 -0.07086037 -0.14080444 994.62 
20150625180724 14.824897 0.533907 -4.9781437 0.115453534 0.09987647 -0.2443461 994.62 
20150625180724 13.728951 1.8776526 -1.2491747 -0.17898351 0.4428773 -0.18112154 994.62 
20150625180724 8.955511 -1.8321629 -1.0779893 -0.2648101 -0.049785517 -0.40194935 994.66 
20150625180724 10.032902 -3.1663318 -1.5095441 -0.17623462 -0.269697 -0.46822822 994.66 
20150625180725 14.507666 -0.6841431 -0.073023155 0.18570304 0.40225476 -0.21471913 994.66 
20150625180725 15.760431 0.38965634 -1.2862848 0.56016344 0.77579886 0.087659165 994.66 
20150625180725 13.597869 0.7469909 -1.905186 0.5006041 0.40561453 0.05375614 994.66 
20150625180725 9.946711 1.127669 -1.7914615 0.16371189 0.046731193 0.050701816 994.66 
20150625180725 6.7773867 1.1911154 -1.1899183 -0.18295415 -0.112704635 0.14905111 994.66 
20150625180725 4.707599 0.997185 -0.41299978 -0.35918877 -0.103847094 0.3118467 994.66 
20150625180725 3.8121676 -0.09696517 -0.33518824 -0.3915646 0.17592919 0.43951756 994.66 
20150625180725 3.9797618 -0.9660604 -0.6290765 -0.25137106 0.3200934 0.4437936 994.62 
20150625180725 5.058948 -1.323395 -0.4285621 -0.102319926 0.22021692 0.32620203 994.62 
20150625180725 6.0244102 -0.85293436 -0.094570965 -0.05375614 -0.016798794 0.18173242 994.62 
20150625180725 6.843227 -0.23403321 0.091578215 -0.13041973 -0.28496864 0.16523905 994.62 
20150625180725 8.15106 0.27593175 0.6386533 -0.31306845 -0.35094208 0.16340645 994.62 
20150625180725 9.48882 0.03232172 1.0319009 -0.52442783 -0.33964106 0.106595986 994.62 
20150625180725 10.434529 -1.6118963 1.049259 -0.591623 -0.21624629 0.015577064 994.62 
20150625180725 11.428123 -2.657564 2.1410148 -0.5329799 -0.0421497 -0.055588737 994.62 
20150625180725 11.768699 -3.1441853 2.0003555 -0.45937067 0.015577064 -0.116980694 994.62 
20150625180725 12.497134 -2.7473464 2.3882163 -0.20433442 0.030543262 -0.122478485 994.62 
20150625180725 13.131 -1.726818 3.406949 0.018936822 0.083383106 -0.076358154 994.62 
20150625180725 13.097481 1.0923545 2.345719 0.086132 0.076358154 0.054061573 994.62 
20150625180725 12.287044 2.6090813 -2.7323828 0.043066 0.25411993 0.17379116 994.62 
20150625180725 9.682152 -1.9596541 -4.537611 -0.03604105 0.4596761 0.03268129 994.62 
20150625180725 9.139266 -3.4680011 -3.3255463 -0.1255328 0.3903429 0.13530666 994.62 
20150625180725 11.224017 -0.7505822 -2.0518308 0.019547688 -0.12339478 0.59559363 994.62 
20150625180725 14.597447 3.0657754 -0.4141969 -0.076358154 -0.36071593 0.7058548 994.62 
20150625180725 16.907253 2.416348 -0.23163901 -0.1685988 0.24831672 0.48258355 994.62 
20150625180725 14.872781 0.42676646 -0.866701 -0.05467244 0.42730024 0.12950343 994.61 
20150625180725 11.15279 -0.9056068 -0.5554548 0.056199603 0.269697 -0.10751228 994.61 
20150625180725 7.7985134 -2.6318262 -0.4357447 0.09101892 0.071776666 -0.3717115 994.61 
20150625180725 6.2542534 -2.6114755 0.12030864 0.18661933 -0.027183503 -0.52320606 994.61 
20150625180725 4.672883 -2.023699 -0.39923313 0.37140608 0.004276057 -0.59528816 994.61 
20150625180725 5.2786164 -0.47046062 -0.05566519 0.6249151 0.07360926 -0.6588182 994.61 
20150625180725 5.2786164 1.5526398 -0.40701428 0.70432764 -0.04428773 -0.58032197 994.61 
20150625180725 4.7901993 2.4211364 -0.45549688 0.57940567 -0.23793201 -0.52595496 994.61 
20150625180725 5.246893 1.7872716 0.25857377 0.4098906 -0.21624629 -0.38545597 994.61 
20150625180725 6.2003837 0.10594343 0.729633 0.3268129 -0.2910773 -0.1563815 994.59 
20150625180725 7.8410106 -0.75118077 1.0289081 0.36132678 -0.44990227 0.010079277 994.59 
20150625180725 10.011354 -0.2765303 1.620276 0.54428095 -0.5039638 0.14782938 994.59 
20150625180725 10.94629 0.6925228 1.3150153 0.65301496 -0.43249258 0.20525073 994.59 
20150625180725 11.610682 1.1605892 0.061052144 0.71868294 -0.30268374 0.17531833 994.59 
20150625180725 12.534245 2.984971 0.40701428 0.5839872 -0.16584991 0.17470746 994.59 
20150625180725 14.598046 2.4313118 4.4442368 0.22632557 -0.051618114 0.19730948 994.59 
20150625180725 11.928512 -2.0488381 1.0097545 0.16707164 -0.018020526 -0.100792766 994.59 
20150625180725 13.321339 -1.7549498 -4.5543704 0.29016098 0.06261369 -0.3036 994.59 
20150625180725 14.012066 1.3820529 -5.370793 0.24098633 0.4578435 -0.021991149 994.66 
20150625180725 9.860519 2.3211784 -3.6876693 0.29229903 0.59040123 -0.26297748 994.66 
20150625180725 10.655395 0.5129577 -0.5758055 0.099571034 -0.32742378 -0.56077427 994.66 
20150625180725 13.772645 -1.9147629 0.46327803 -0.19792034 -0.26419923 -0.6218608 994.66 
20150625180725 16.109985 -0.26156655 -1.1641805 0.044593163 0.12705997 -0.25900686 994.66 
20150625180725 15.55034 0.95109665 -0.65541273 0.54428095 0.50762904 0.24007004 994.66 
20150625180725 12.100894 1.246182 -1.3862427 0.5112942 0.5491679 0.3277292 994.66 
20150625180726 8.289325 0.6464345 -1.1994951 0.15699236 0.20433442 0.3484986 994.66 
20150625180726 5.0667295 0.9020155 -0.9959879 -0.108123146 0.09407325 0.3555236 994.66 
20150625180726 3.1028855 1.1366472 -0.76434886 -0.31337386 0.063224554 0.462425 994.59 
20150625180726 3.1304188 0.712275 -0.23942018 -0.4147775 0.3213151 0.49846604 994.59 
20150625180726 4.1096473 -0.4818331 -0.10115502 -0.36926803 0.33353242 0.46181414 994.59 
20150625180726 5.704784 -1.2922704 0.39085343 -0.22785273 0.083383106 0.33200526 994.59 
20150625180726 6.5026517 -1.1941081 0.35314476 -0.23823744 -0.2003638 0.23273966 994.59 
20150625180726 8.397662 -1.0001777 0.6721721 -0.269697 -0.42088616 0.1826487 994.59 
20150625180726 9.48463 -1.1330559 1.1893197 -0.33933565 -0.42638394 0.08124508 994.59 
20150625180726 9.297882 -1.0702082 1.1402385 -0.40225476 -0.30787608 -0.055283304 994.59 
20150625180726 9.607931 -1.2120646 1.1719618 -0.45998153 -0.030848695 -0.102319926 994.59 
20150625180726 11.465234 -1.2677298 1.5921441 -0.4364632 0.15241088 -0.14935656 994.6 
20150625180726 12.962208 -2.4169466 1.3443443 -0.32711834 0.16126843 -0.14355333 994.6 
20150625180726 14.265252 -3.1842883 3.3925838 -0.101098195 0.16523905 -0.1777618 994.6 
20150625180726 13.430274 -1.3515269 2.8939912 -0.025045475 0.11575896 -0.12950343 994.6 
20150625180726 13.522451 1.2641385 -1.2473791 0.01863139 0.15424347 0.14844026 994.6 
20150625180726 12.178705 0.9343372 -3.494936 0.026267206 0.3848451 0.2098322 994.6 
20150625180726 9.358934 -1.8866309 -3.9384618 -0.053450707 0.35705075 0.2443461 994.6 
20150625180726 7.800309 -0.91219085 -3.3333273 0.11759156 -0.0021380284 0.43371433 994.6 
20150625180726 11.209054 2.0500352 -0.7380127 0.18387043 -0.19364429 0.602924 994.6 
20150625180726 15.080478 1.7328035 0.7326257 -0.24373524 0.070554934 0.5369505 994.61 
20150625180726 16.08305 -1.4329298 0.17238252 -0.3640757 0.33536503 0.31978795 994.61 
20150625180726 12.611458 -2.1613655 -0.670975 -0.17287487 0.1554652 0.07360926 994.61 
20150625180726 9.093178 -1.8938135 -0.5177461 0.16462818 -0.16737708 -0.15271631 994.61 
20150625180726 6.907272 -1.7310078 0.11851298 0.43035457 -0.18570304 -0.38606682 994.61 
20150625180726 5.3420625 -0.7882909 0.20709845 0.6105598 -0.012217305 -0.5338962 994.61 
20150625180726 4.999093 0.11252748 0.24660277 0.745561 0.160963 -0.6414085 994.61 
20150625180726 5.168483 1.0690111 0.04309563 0.7696902 0.08399397 -0.56413406 994.61 
20150625180726 4.8494554 1.541866 0.012569559 0.659429 -0.21777347 -0.4746423 994.61 
20150625180726 5.5748987 1.2641385 0.33399114 0.48441613 -0.25961772 -0.38423425 994.57 
20150625180726 6.892308 0.66020113 0.85772276 0.46028697 -0.2855795 -0.22815818 994.57 
20150625180726 8.0367365 0.08798691 1.1785458 0.4831944 -0.419359 -0.055588737 994.57 
20150625180726 9.28232 -0.075417355 1.1180922 0.5821546 -0.47708577 0.02565634 994.57 
20150625180726 10.078991 0.23044191 1.3335704 0.74067414 -0.41416663 0.13500121 994.57 
20150625180726 11.200674 0.66738373 1.2150574 0.78893244 -0.22143865 0.19150625 994.57 
20150625180726 11.988366 2.1865046 -0.3196259 0.7663304 -0.023823744 0.21197024 994.57 
20150625180726 13.901932 5.2397103 1.7118542 0.36468655 0.05009095 0.21013765 994.57 
20150625180726 14.785991 3.6721067 4.1276035 -0.04917465 0.0693332 0.05681047 994.57 
20150625180726 13.005303 -1.4167689 -2.5127146 0.071776666 0.06688975 -0.35277468 994.61 
20150625180726 13.039421 -0.24061728 -4.298789 0.049785517 0.3631594 -0.29443705 994.61 
20150625180726 11.737574 1.3036429 -2.1841104 -0.10567969 0.6637051 -0.15393804 994.61 
20150625180726 8.892065 -0.1376666 -1.3449428 -0.06994407 0.1685988 -0.44104472 994.61 
20150625180726 12.683284 -1.1330559 0.41000703 -0.16737708 -0.11728613 -0.54305923 994.61 
20150625180726 14.770429 -0.87328506 -0.46926352 -0.03573562 0.3387248 -0.42913285 994.61 
20150625180726 15.098434 0.020350715 -0.44831428 0.37751472 0.3857614 -0.049785517 994.61 
20150625180726 13.623607 0.24660277 -0.8858546 0.43371433 0.35735616 0.11911872 994.61 
20150625180726 10.55843 0.3226187 -1.2156559 0.20616703 -0.0852157 0.22113322 994.61 
20150625180726 7.265804 0.75956047 -1.3000516 -0.057726767 -0.24709499 0.32925636 994.61 
20150625180726 4.4657845 1.0755951 -0.9744401 -0.21502456 -0.21533 0.40042216 994.61 
20150625180726 3.1783028 0.65421563 -0.54049104 -0.22052236 0.24404067 0.4120286 994.61 
20150625180727 3.681085 -0.08559271 -0.11252748 -0.14508049 0.4569272 0.37873647 994.61 
20150625180727 4.583699 -0.760159 0.28909984 -0.0852157 0.27488935 0.32895094 994.61 
20150625180727 5.710171 -0.7134721 0.59615624 -0.12614368 -0.050701816 0.23151793 994.61 
20150625180727 7.3657618 -0.492607 0.50397944 -0.1518 -0.36682457 0.19730948 994.61 
20150625180727 9.249998 -0.23283611 0.7009025 -0.26725355 -0.5720753 0.17104226 994.61 
20150625180727 10.107721 -0.6015432 1.1348516 -0.45448375 -0.5821546 0.09010262 994.61 
20150625180727 10.324995 -1.6843209 1.3389573 -0.5342017 -0.45448375 0.017104227 994.59 
20150625180727 11.766903 -1.4203602 2.0524294 -0.5467244 -0.19639318 -0.021991149 994.59 
20150625180727 12.534245 -1.5562311 1.9728222 -0.5500842 -0.1151481 -0.04642576 994.59 
20150625180727 12.565369 -3.0771477 2.6779146 -0.3652974 -0.0030543262 -0.12705997 994.59 
20150625180727 13.001114 -3.0172927 3.8139634 -0.17745635 0.07147124 -0.03359759 994.59 
20150625180727 11.942278 -1.163582 1.9351135 -0.0983493 0.19547687 0.16432275 994.59 
20150625180727 11.191097 1.0935516 -3.9246953 3.0543262E-4 0.35643986 0.19272798 994.59 
20150625180727 9.554661 -1.8728642 -5.385158 0.009468411 0.3820962 0.15607607 994.59 
20150625180727 9.462483 -0.64703304 -4.3520603 0.063224554 -0.04062254 0.30726522 994.59 
20150625180727 12.510303 2.789245 -1.3449428 0.03634648 -0.5170974 0.5925393 994.56 
20150625180727 16.148293 2.4169466 0.5614403 -0.2657264 -0.26725355 0.559858 994.56 
20150625180727 16.582241 -0.7182605 0.39803603 -0.3222314 0.3662137 0.3387248 994.56 
20150625180727 13.136985 -2.1158757 -1.2114661 -0.12217305 0.37598756 0.15027285 994.56 
20150625180727 10.236409 -2.0919337 -0.8583213 0.21319197 0.18325958 -0.086437434 994.56 
20150625180727 8.406641 -1.2635399 -0.13467385 0.28038713 0.08277224 -0.2846632 994.56 
20150625180727 6.2847795 -0.16998832 -0.25917232 0.34666604 0.10354166 -0.42638394 994.56 
20150625180727 4.6782703 -0.11252748 -0.37948096 0.5546656 0.27397305 -0.5216789 994.56 
20150625180727 4.9057193 -0.16938977 0.4794389 0.6203337 0.33933565 -0.5335908 994.56 
20150625180727 4.413711 0.014963761 0.12868834 0.59986967 0.09743301 -0.43066 994.56 
20150625180727 4.795586 0.3274071 0.57520694 0.552833 -0.14508049 -0.3726278 994.56 
20150625180727 5.896919 0.50996494 0.9247604 0.50732356 -0.18600847 -0.23243423 994.56 
20150625180727 7.428011 0.6757634 1.0145429 0.56779927 -0.46700647 -0.08552113 994.56 
20150625180727 8.857947 1.0600328 0.98820674 0.66431594 -0.6575964 0.022907447 994.56 
20150625180727 9.6845455 1.0785879 0.842759 0.70249504 -0.61300325 0.06536258 994.56 
20150625180727 9.427768 1.079785 0.6655881 0.72784597 -0.44104472 0.084910266 994.56 
20150625180727 10.0029745 0.30466217 -0.4842273 0.6985244 -0.19394971 0.053450707 994.56 
20150625180727 12.498331 1.2372037 -0.19093758 0.6420194 -0.1881465 0.0888809 994.56 
20150625180727 15.867572 3.7816415 2.565387 0.42363504 -0.26542094 0.26450464 994.59 
20150625180727 15.125369 1.560421 4.0001125 0.18661933 -0.3359759 0.09773844 994.59 
20150625180727 12.318168 -1.8010383 -0.45729253 0.24709499 -0.22357668 -0.2565634 994.59 
20150625180727 12.23437 0.09816227 -4.5154643 0.24465153 0.47433686 -0.14446963 994.59 
20150625180727 10.412982 1.87047 -3.98874 0.20952678 0.7846564 -0.110872045 994.59 
20150625180727 9.200318 0.4369418 -2.6581624 0.21319197 -0.07849618 -0.3454443 994.59 
20150625180727 12.384008 -0.5919664 -0.6793547 0.032986723 -0.3191771 -0.3903429 994.59 
20150625180727 16.920422 0.39384618 -0.93254155 -0.15424347 0.17959438 -0.29932398 994.59 
20150625180727 15.742475 0.37110126 -1.3024458 0.07360926 0.2171626 -0.048258353 994.59 
20150625180727 13.475165 0.82719666 -1.6681601 0.06352998 0.08979719 0.03726278 994.6 
20150625180727 9.251195 0.49081135 -2.030283 -0.033292156 -0.0076358155 0.1459968 994.6 
20150625180727 6.3925185 0.26755205 -0.8726865 -0.11484267 -0.0852157 0.21227567 994.6 
20150625180727 4.11264 0.19512744 -0.34356794 -0.30726522 0.14355333 0.34880406 994.6 
20150625180727 3.5577838 -0.2148796 -0.075417355 -0.35308012 0.43890667 0.40622538 994.6 
20150625180727 3.6876693 -0.7194576 -0.16101007 -0.2782491 0.47403142 0.37965274 994.6 
20150625180727 4.699219 -0.5153519 0.25617957 -0.18417588 0.3005457 0.27672195 994.6 
20150625180727 6.037578 -0.107140526 0.46627077 -0.21380283 -0.016493361 0.20158553 994.6 
20150625180728 7.2179193 -0.002992752 0.3645172 -0.27947086 -0.29749137 0.1853976 994.6 
20150625180728 8.56825 -0.24061728 0.7565677 -0.40317106 -0.3436117 0.13744467 994.54 
20150625180728 8.87351 -0.52073884 1.1013328 -0.5360342 -0.27672195 0.057726767 994.54 
20150625180728 9.296086 -1.7250223 1.1025299 -0.63529986 -0.14049901 -0.0027488936 994.54 
20150625180728 11.200674 -1.9662381 1.7699136 -0.62888575 0.010079277 -0.053145275 994.54 
20150625180728 13.167511 -1.8836381 1.970428 -0.54000485 0.04062254 -0.041233405 994.54 
20150625180728 13.603854 -2.6138697 2.6204538 -0.41874814 0.05497787 -0.06688975 994.54 
20150625180728 13.264476 -3.5739446 4.1216183 -0.30634892 0.098043874 -0.12156218 994.54 
20150625180728 12.764088 -2.1577742 2.0907366 -0.12797627 0.14874569 6.1086525E-4 994.54 
20150625180728 13.32074 0.2765303 -1.9812019 0.029626964 0.29993483 0.18417588 994.54 
20150625180728 12.798205 0.19153613 -3.406949 0.064751714 0.36254853 0.2125811 994.66 
20150625180728 8.462306 -0.9708488 -3.0921116 0.23365596 0.024129177 0.39858958 994.66 
20150625180728 9.536704 2.4462755 -2.8760347 0.4801401 -0.38087448 0.6047566 994.66 
20150625180728 13.492524 3.0663738 -0.51595044 0.118507855 -0.10751228 0.52290064 994.66 
20150625180728 16.308105 -1.8369513 1.0510546 -0.40561453 0.45234573 0.29443705 994.66 
20150625180728 14.689026 -3.0340521 -0.0077811554 -0.33750305 0.59803706 0.15118915 994.66 
20150625180728 11.314399 -2.3702598 -0.985214 0.09193522 0.31581733 0.057421334 994.66 
20150625180728 8.717288 -0.75118077 -0.38845924 0.4700608 -0.017715093 -0.18936823 994.66 
20150625180728 6.7163343 0.42556936 -0.17717093 0.6432411 -0.086437434 -0.3930918 994.66 
20150625180728 5.230732 1.0283096 -0.5081693 0.78801614 0.12675454 -0.5540548 994.63 
20150625180728 5.1116204 0.8218097 -0.110133275 0.752586 0.32742378 -0.56779927 994.63 
20150625180728 5.4408236 0.6512229 0.094570965 0.58368176 0.1142318 -0.4569272 994.63 
20150625180728 5.33907 0.90740246 0.1921347 0.3830125 -0.21135938 -0.38331795 994.63 
20150625180728 5.6640825 0.7727286 0.58298814 0.28252518 -0.27458394 -0.2919936 994.63 
20150625180728 5.9878983 0.0017956513 0.78529817 0.3735441 -0.35369098 -0.18203785 994.63 
20150625180728 7.3286514 -0.5279215 1.0145429 0.48930305 -0.4746423 -0.052534413 994.63 
20150625180728 9.43914 -0.17836803 0.84934306 0.66798115 -0.48197266 0.051923547 994.63 
20150625180728 10.819398 0.7793127 1.270124 0.7287622 -0.4801401 0.14355333 994.63 
20150625180728 11.208455 1.2946646 0.85173726 0.67103547 -0.37782016 0.0983493 994.58 
20150625180728 11.775881 1.4730326 0.260968 0.63041294 -0.19333886 0.04337143 994.58 
20150625180728 13.776237 3.4243069 1.6220716 0.43401974 -0.10934488 0.1142318 994.58 
20150625180728 14.4933 1.9381063 4.1425676 0.17470746 -0.08002335 0.051618114 994.58 
20150625180728 12.4702 -1.5849615 0.6584055 0.19761491 -0.101098195 -0.28099802 994.58 
20150625180728 14.502877 -1.1438298 -4.6405616 0.2406809 0.2406809 -0.21471913 994.58 
20150625180728 13.08132 1.673547 -3.7475243 0.1826487 0.5757405 -0.093767814 994.58 
20150625180728 9.269751 0.5710171 -1.5783775 0.13408493 0.08093964 -0.4868596 994.58 
20150625180728 11.8896055 -1.5071499 -0.026934769 -0.06352998 -0.310625 -0.5888741 994.58 
20150625180728 14.916475 -0.25617957 -0.093373865 -0.16432275 0.071776666 -0.56596667 994.62 
20150625180728 15.295956 0.7302315 -0.6979098 0.23945917 0.39950588 -0.081855945 994.62 
20150625180728 12.970588 1.127669 -1.0085574 0.49938235 0.3484986 0.1301143 994.62 
20150625180728 9.308058 0.6733692 -1.5454572 0.32986724 0.08735373 0.23579398 994.62 
20150625180728 6.4805055 1.0905589 -1.1001357 0.04917465 0.028099801 0.34666604 994.62 
20150625180728 4.010886 1.2958617 -0.5470751 -0.1908954 0.037873644 0.47036624 994.62 
20150625180728 3.4524388 0.76434886 -0.47165772 -0.28985557 0.25167647 0.52778757 994.62 
20150625180728 4.045004 -0.36152446 -0.6631939 -0.269697 0.3494149 0.50854534 994.62 
20150625180728 5.450999 -1.4305356 -0.36272156 -0.24037547 0.22082779 0.41905355 994.62 
20150625180728 6.7426705 -1.0474633 0.1933318 -0.22968534 -0.0842994 0.28252518 994.62 
20150625180728 7.6009917 -0.32800564 0.28790274 -0.28405234 -0.39736784 0.24190263 994.62 
20150625180728 8.822035 -0.24480712 0.85532856 -0.3848451 -0.42760566 0.17715092 994.62 
20150625180728 9.202713 -0.34596214 0.98341835 -0.47342056 -0.301462 0.032070424 994.62 
20150625180729 9.411008 -1.5652094 1.1899183 -0.5494733 -0.10995574 -0.0571159 994.62 
20150625180729 11.187506 -2.297835 2.15957 -0.5225952 0.08552113 -0.0852157 994.62 
20150625180729 12.660539 -2.204461 2.1320367 -0.42180246 0.13744467 -0.04550946 994.62 
20150625180729 12.761694 -3.1310172 2.8389246 -0.20066923 0.14935656 -0.07819075 994.62 
20150625180729 13.243526 -3.1872811 3.957017 -0.04153884 0.14721853 -0.10262536 994.62 
20150625180729 12.915521 -0.65780693 2.168548 0.10629055 0.12186762 0.09682214 994.55 
20150625180729 13.39496 1.6579847 -2.1212628 0.1328632 0.22968534 0.22235495 994.55 
20150625180729 11.898584 0.3405752 -3.2255883 0.018020526 0.30207285 0.17256944 994.55 
20150625180729 9.45171 -1.9806033 -3.3435028 0.055283304 0.09162979 0.32528573 994.55 
20150625180729 10.702681 1.6172832 -2.44448 0.29657507 -0.20861048 0.61819565 994.55 
20150625180729 13.646351 2.486977 -0.29209262 -0.022602014 0.003970624 0.5674938 994.55 
20150625180729 16.173431 0.46148238 0.623091 -0.4120286 0.32589662 0.27152961 994.55 
20150625180729 14.313735 -1.0121487 -0.51954174 -0.4810564 0.32742378 0.11759156 994.55 
20150625180729 11.021708 -1.8884265 -0.7278373 -0.14569137 0.055588737 0.0012217305 994.55 
20150625180729 8.650849 -1.8938135 0.15741876 0.14508049 -0.069027774 -0.21105394 994.66 
20150625180729 6.8492126 -0.8319851 0.5823896 0.27366763 -0.10140363 -0.37140608 994.66 
20150625180729 5.360019 -0.56563014 -0.108936176 0.45540005 -0.025045475 -0.51251596 994.66 
20150625180729 5.309741 0.3573346 0.078410104 0.59528816 0.11484267 -0.6059783 994.66 
20150625180729 4.607641 1.3006501 -0.020350715 0.5271767 -0.03359759 -0.5195409 994.66 
20150625180729 4.298789 1.6777369 0.18674773 0.3903429 -0.18845193 -0.44898596 994.66 
20150625180729 5.2504845 0.95708215 0.7009025 0.30940324 -0.16249016 -0.3042109 994.66 
20150625180729 6.63553 -0.3333926 0.81043726 0.33292156 -0.33017266 -0.103847094 994.66 
20150625180729 8.532935 -0.6799533 1.1833342 0.42852196 -0.54519725 -9.162979E-4 994.66 
20150625180729 9.79827 0.17956513 1.2318168 0.5531385 -0.5662721 0.105374254 994.66 
20150625180729 9.737218 1.3497312 1.1881226 0.65057147 -0.45112398 0.19181168 994.66 
20150625180729 10.355521 1.3227965 0.2753332 0.6621779 -0.20341812 0.16493362 994.66 
20150625180729 12.112267 2.8772318 -0.12449849 0.559858 -0.074830994 0.19394971 994.66 
20150625180729 15.586253 4.481347 2.5594015 0.24129178 -0.099571034 0.30970868 994.66 
20150625180729 14.932037 0.19273324 3.9725792 0.027183503 -0.22693644 0.06566802 994.66 
20150625180729 13.048998 -3.0747535 -1.0223241 0.13652839 -0.15790866 -0.27855456 994.66 
20150625180729 14.438233 -0.44232875 -5.1487308 0.25045475 0.40775254 -0.11484267 994.66 
20150625180729 12.261306 2.5151088 -2.7748797 0.15302174 0.70096785 -0.14844026 994.66 
20150625180729 9.47206 1.5598224 -3.3441012 0.09437868 -0.058948494 -0.44837508 994.61 
20150625180729 12.780249 -0.95588505 -0.38486794 -0.010995574 -0.09193522 -0.4633413 994.61 
20150625180729 15.735292 -1.1091139 -1.0307038 0.043066 0.23273966 -0.28985557 994.61 
20150625180729 14.326903 -0.005985504 -1.1097125 0.35369098 0.28221974 -0.06566802 994.61 
20150625180729 11.765107 1.1013328 -1.5933412 0.17165314 0.089491755 0.08155051 994.61 
20150625180729 8.16363 1.7998412 -1.5975311 -0.01863139 -0.074830994 0.16707164 994.61 
20150625180729 5.695806 1.8950106 -0.99179804 -0.18234327 -0.15057829 0.26267207 994.61 
20150625180729 3.9594111 0.89423436 -0.5734113 -0.37965274 -0.05497787 0.38606682 994.61 
20150625180729 3.793014 -0.7068881 -0.20829555 -0.4474588 0.27947086 0.42241332 994.61 
20150625180729 4.5777135 -1.5310919 0.09756372 -0.44837508 0.31764993 0.39522982 994.57 
20150625180729 5.8262897 -1.2665327 0.6183026 -0.39095375 0.14385876 0.27214047 994.57 
20150625180729 6.730101 -0.53211135 0.3477578 -0.36010507 -0.18234327 0.17745635 994.57 
20150625180729 8.334216 -0.107140526 0.15741876 -0.36041048 -0.42180246 0.16310102 994.57 
20150625180729 8.966286 -0.45370123 0.9744401 -0.4251622 -0.43982297 0.105068825 994.57 
20150625180729 9.247604 -0.94570965 1.1947067 -0.550695 -0.355829 -0.016493361 994.57 
20150625180729 9.610924 -2.319383 1.5053543 -0.5644395 -0.12614368 -0.08368854 994.57 
20150625180729 11.001357 -2.0931308 1.7417817 -0.4636467 0.064446285 -0.09315695 994.57 
20150625180729 12.148179 -1.6424223 1.2892777 -0.36285394 0.07941248 -0.057421334 994.57 
20150625180730 13.19265 -2.5737667 2.9694088 -0.17256944 -0.014049901 -0.12186762 994.59 
20150625180730 14.000094 -2.2709002 3.86484 -0.03023783 -0.077579886 -0.122478485 994.59 
20150625180730 12.984953 -0.13467385 2.5091233 0.06261369 -0.06627888 0.105068825 994.59 
20150625180730 13.526641 2.4582467 -1.335366 0.060170226 0.1863139 0.15851954 994.59 
20150625180730 12.097901 -0.2813187 -4.312556 -0.14508049 0.40958515 0.06352998 994.59 
20150625180730 9.242816 -3.1902738 -4.730344 -0.15210545 0.17837265 0.15821409 994.59 
20150625180730 8.260594 -1.8106151 -3.5865142 0.054061573 -0.321926 0.4978552 994.59 
20150625180730 14.5759 2.3002293 -0.45070848 0.07971791 -0.3717115 0.5873469 994.59 
20150625180730 16.884508 0.065242 -0.15203181 -0.06291912 0.06291912 0.52503866 994.59 
20150625180730 13.977948 -1.2294226 -0.8900445 0.019547688 0.27397305 0.23548855 994.59 
20150625180730 9.975441 -1.7932571 -0.9756372 0.29840767 0.19639318 0.046120327 994.59 
20150625180730 7.884106 -1.448492 -0.32680854 0.41905355 0.064751714 -0.23671028 994.59 
20150625180730 6.193201 -0.8900445 -0.2753332 0.52778757 0.059864793 -0.38973203 994.59 
20150625180730 5.29777 -0.4878186 -0.40641573 0.74464476 0.0888809 -0.5766568 994.59 
20150625180730 5.071518 0.415394 0.051475335 0.8219192 0.22388211 -0.56107974 994.59 
20150625180730 4.7949877 1.1695676 -0.1376666 0.763887 0.08277224 -0.46914452 994.59 
20150625180730 4.803367 1.2880806 0.20231004 0.56291234 -0.15027285 -0.35796702 994.59 
20150625180730 5.5790887 0.6703765 0.33279404 0.45173484 -0.1731803 -0.17592919 994.59 
20150625180730 6.76781 0.23163901 0.023942016 0.5002986 -0.3912592 -0.10048734 994.57 
20150625180730 8.93935 0.6925228 1.2012907 0.5702427 -0.48258355 -0.058337633 994.57 
20150625180730 9.936536 0.8475474 1.2300211 0.5867361 -0.46700647 0.073303826 994.57 
20150625180730 9.986216 0.97025025 0.88286185 0.63194007 -0.37323865 0.10445796 994.57 
20150625180730 10.117298 0.48243165 0.32621 0.61575216 -0.10170906 0.098043874 994.57 
20150625180730 11.415554 0.46387658 -0.39444473 0.5705481 -0.009773844 0.09285152 994.57 
20150625180730 14.3975315 3.2615013 1.3359646 0.41508293 -0.052534413 0.1704314 994.57 
20150625180730 16.842611 2.777274 3.8109705 0.21013765 -0.16768251 0.14202617 994.57 
20150625180730 14.138958 -0.919972 -0.46866497 0.22815818 -0.24923302 -0.1133155 994.57 
20150625180730 14.615404 0.6206968 -5.2223525 0.21166481 -0.05955936 -0.26053402 994.6 
20150625180730 12.061988 2.1505916 -2.4600422 -0.040011674 0.55771995 -0.26542094 994.6 
20150625180730 8.607155 1.3413515 -2.078167 -0.17379116 0.07452556 -0.54611355 994.6 
20150625180730 7.5189905 -1.6328455 -1.7555484 -0.31520647 -0.17012598 -0.56199604 994.6 
20150625180730 16.427814 0.031124622 0.41120413 -0.33414328 0.32650748 -0.2519819 994.6 
20150625180730 16.204556 0.05746084 -1.2294226 0.026267206 0.5503896 0.111177474 994.6 
20150625180730 13.885173 -0.11791443 -1.6747441 0.20280726 0.2932153 0.04520403 994.6 
20150625180730 9.986814 -0.26036942 -1.4371196 0.013744468 0.2312125 0.057726767 994.6 
20150625180730 6.8144965 0.05925649 -0.86251116 -0.18784106 0.023518313 0.17745635 994.6 
20150625180730 4.6884456 0.24181437 -0.42197806 -0.30115658 -0.0021380284 0.3222314 994.58 
20150625180730 3.697246 0.18555063 -0.40222588 -0.3145956 0.21624629 0.42455134 994.58 
20150625180730 4.234744 0.12509704 -0.24720132 -0.21013765 0.33475417 0.3979787 994.58 
20150625180730 5.185242 -0.02633622 -0.04309563 -0.11178834 0.21746802 0.30634892 994.58 
20150625180730 5.7239375 -0.1921347 0.13467385 -0.14049901 -0.018020526 0.17989981 994.58 
20150625180730 6.4541693 -0.18794483 0.14903906 -0.22815818 -0.19853121 0.12980886 994.58 
20150625180730 8.331821 -0.5482722 0.97862995 -0.36835176 -0.2519819 0.08155051 994.58 
20150625180730 9.232041 -0.81343 1.228824 -0.52778757 -0.23060162 0.032375857 994.58 
20150625180730 9.685144 -1.4407109 0.9672575 -0.59223384 -0.12583824 0.013744468 994.58 
20150625180730 10.939108 -1.459266 1.8297687 -0.59589905 0.015577064 0.013744468 994.58 
20150625180730 11.504738 -2.005144 1.893215 -0.5271767 0.124005646 -0.025045475 994.58 
20150625180730 12.8053875 -3.3722332 2.5851393 -0.3100141 0.13164146 -0.12308934 994.58 
20150625180730 14.055759 -3.3255463 3.9438488 -0.12034045 0.1328632 -0.106595986 994.58 
20150625180730 12.986749 -0.82240826 3.1064768 -0.013744468 0.070249505 0.172264 994.58 
20150625180731 13.112444 1.365892 -0.30645782 0.08277224 0.2660318 0.34055737 994.58 
20150625180731 12.220005 -0.36870706 -3.4231098 0.10934488 0.45020768 0.2144137 994.58 
20150625180731 9.682152 -2.5169046 -3.1489737 0.15271631 0.30940324 0.30787608 994.58 
20150625180731 8.452729 -0.20530279 -3.8959646 0.4184427 -0.14752395 0.636827 994.58 
20150625180731 11.455657 1.3814543 -1.6843209 0.22785273 -0.32986724 0.5476407 994.62 
20150625180731 15.83106 0.013766659 0.8086416 -0.08857546 0.15821409 0.46975538 994.62 
20150625180731 15.475521 -0.96785605 -0.9828198 0.026267206 0.2779437 0.38789943 994.62 
20150625180731 12.310986 -0.08439561 -0.6895301 0.18081611 0.02565634 0.112399206 994.62 
20150625180731 8.789114 0.18375498 0.06823475 0.26358834 -0.11209377 -0.23335053 994.62 
20150625180731 6.0824695 -0.022146367 0.19093758 0.36163223 -0.04550946 -0.45662177 994.62 
20150625180731 4.0462008 -0.3800795 -0.012569559 0.45570546 0.22357668 -0.56413406 994.62 
20150625180731 4.144962 -1.3563153 0.6733692 0.44898596 0.42119157 -0.54153204 994.62 
20150625180731 4.670489 -1.2156559 0.32680854 0.453262 0.20830505 -0.47219884 994.62 
20150625180731 5.0236335 0.018555064 0.17357962 0.4636467 -0.1142318 -0.35155296 994.57 
20150625180731 5.8226986 1.0893618 0.5835867 0.4810564 -0.26083946 -0.2950479 994.57 
20150625180731 7.061698 1.5239093 1.0684125 0.54825157 -0.32742378 -0.22907446 994.57 
20150625180731 8.897452 1.4443022 1.6340426 0.5684101 -0.4098906 -0.14996742 994.57 
20150625180731 10.204686 0.7308301 1.4347254 0.56230146 -0.4251622 -0.019242255 994.57 
20150625180731 9.494206 -0.20410569 0.88525605 0.59620446 -0.312763 0.038179077 994.57 
20150625180731 10.134057 -0.7457938 -0.15682021 0.6545421 -0.11026118 0.035124753 994.57 
20150625180731 12.04463 1.8908207 0.40581718 0.6945538 -0.008552114 0.0729984 994.57 
20150625180731 14.552556 4.4903255 2.629432 0.3005457 -0.032070424 0.22021692 994.57 
20150625180731 14.502877 2.1948843 3.1890767 0.16920967 -0.17928895 0.1328632 994.59 
20150625180731 14.038402 -0.36032736 -0.7110779 0.25900686 -0.22907446 -0.101098195 994.59 
20150625180731 14.838065 0.3286042 -4.2658687 0.07544186 0.017104227 -0.116980694 994.59 
20150625180731 11.401787 1.0462662 -2.9400797 -0.048258353 0.3304781 -0.23884831 994.59 
20150625180731 8.489241 -0.020350715 -2.2888567 -0.035430185 -0.057421334 -0.49693888 994.59 
20150625180731 9.482236 -0.24061728 -0.52612585 -0.24831672 0.025045475 -0.41386122 994.59 
20150625180731 14.209587 0.4201824 0.21787235 -0.2910773 0.3481932 -0.24617869 994.59 
20150625180731 16.118364 0.60453594 -1.0247183 0.09865474 0.31490102 -0.04886922 994.59 
20150625180731 14.648325 0.08499416 -0.8583213 0.11575896 0.0729984 0.022907447 994.59 
20150625180731 9.412206 -0.6655881 -1.1414356 -0.1337795 0.052839845 0.16493362 994.57 
20150625180731 6.1411276 -0.4297592 -0.3890578 -0.24129178 -0.07086037 0.33964106 994.57 
20150625180731 3.9791632 -0.010773907 -0.18375498 -0.31978795 -0.013744468 0.43890667 994.57 
20150625180731 3.2854433 0.06404489 -0.095768064 -0.27885997 0.30879238 0.44898596 994.57 
20150625180731 3.977966 -0.15981296 -0.022146367 -0.15210545 0.376293 0.3894266 994.57 
20150625180731 4.9404354 -0.4890157 0.3345897 -0.07696902 0.14202617 0.29229903 994.57 
20150625180731 5.85921 -0.51116204 0.55725044 -0.10842858 -0.16340645 0.17348573 994.57 
20150625180731 7.213131 -0.3609259 0.7188591 -0.172264 -0.40561453 0.14049901 994.57 
20150625180731 8.8645315 -0.24779987 1.2599486 -0.29077184 -0.47036624 0.09987647 994.57 
20150625180731 9.776124 -0.33758244 1.3275849 -0.44073927 -0.4538729 0.0076358155 994.6 
20150625180731 10.897807 -1.4550761 1.2192472 -0.50762904 -0.3203988 -0.043066 994.6 
20150625180731 12.35049 -1.9512744 1.3964181 -0.50426924 -0.15393804 -0.0711658 994.6 
20150625180731 12.68508 -2.9586349 0.90979666 -0.46761733 -0.0571159 -0.10751228 994.6 
20150625180731 13.409326 -3.3273418 3.8696284 -0.19547687 -0.069027774 -0.1957823 994.6 
20150625180731 13.423691 -2.3229742 4.0803185 -0.09437868 0.03940081 -0.100792766 994.6 
20150625180731 13.013084 0.5033809 1.934515 0.06963864 0.16157386 0.20647246 994.6 
20150625180731 12.314576 2.0147207 -3.34051 0.14508049 0.49113566 0.22449298 994.6 
20150625180731 10.37228 -0.3824737 -4.620809 0.09162979 0.593761 0.14019357 994.6 
20150625180732 9.365519 -1.049259 -3.3153708 0.026572637 0.3368922 0.3408628 994.61 
20150625180732 10.410587 0.6362591 -2.2930467 -0.0061086523 -0.38606682 0.6160576 994.61 
20150625180732 14.222755 -0.17717093 -0.26874915 -0.11911872 -0.025045475 0.60903263 994.61 
20150625180732 17.611149 -2.4768016 0.5033809 0.054367006 0.3051272 0.56199604 994.61 
20150625180732 14.756063 -2.0242975 -1.4586674 0.42455134 0.109650314 0.2929099 994.61 
20150625180732 11.196485 -0.7194576 -0.96785605 0.602924 -0.12675454 -0.14508049 994.61 
20150625180732 7.9828672 0.21428105 0.18315643 0.63041294 -0.05681047 -0.49174652 994.61 
20150625180732 4.313753 0.26755205 -0.0047884034 0.70554936 0.12461651 -0.63499445 994.61 
20150625180732 4.10845 -0.8475474 0.37349546 0.7538077 0.24709499 -0.6386596 994.61 
20150625180732 4.3047748 -0.8074445 0.44891283 0.74464476 0.20647246 -0.5369505 994.57 
20150625180732 4.2640734 -0.07062895 0.02813187 0.63132924 -0.1908954 -0.42088616 994.57 
20150625180732 5.3061495 0.8098387 0.32022446 0.5045747 -0.3118467 -0.30115658 994.57 
20150625180732 6.369175 0.9792285 0.18614918 0.4746423 -0.42638394 -0.13255776 994.57 
20150625180732 7.65127 1.2024878 0.53689975 0.49938235 -0.6032294 -0.04184427 994.57 
20150625180732 9.670779 1.3329718 1.4598645 0.48747048 -0.56169057 -0.009468411 994.57 
20150625180732 10.351331 1.1869255 0.8451532 0.537256 -0.43066 0.084910266 994.57 
20150625180732 10.158598 0.9367314 -1.0486604 0.57543504 -0.28619036 0.11178834 994.57 
20150625180732 12.0332575 1.1881226 -0.5093664 0.5143485 -0.05009095 0.11484267 994.57 
20150625180732 15.197794 2.8880057 2.0901382 0.267559 -0.037873644 0.1441642 994.59 
20150625180732 16.390106 2.1709423 4.5112743 -0.06841691 -0.13530666 0.13530666 994.59 
20150625180732 13.193847 -0.87208796 1.9722236 -0.07269296 -0.12705997 -0.19120082 994.59 
20150625180732 12.974777 -1.3467385 -3.608062 -0.02321288 0.18845193 -0.26145032 994.59 
20150625180732 12.366651 1.6944963 -4.5112743 0.07422013 0.5543602 -0.06963864 994.59 
20150625180732 10.116699 1.4700398 -3.2333694 0.14569137 0.38087448 -0.29138273 994.59 
20150625180732 8.577228 -1.2791022 -2.0578163 0.12644911 -0.419359 -0.47800204 994.59 
20150625180732 11.743559 -1.8136078 0.033518825 -0.13439035 -0.04153884 -0.38148534 994.59 
20150625180732 17.006613 0.46746787 0.8403648 -0.038789943 0.3436117 -0.007330383 994.59 
20150625180732 15.4563675 0.56802434 -1.0049661 0.32650748 0.2910773 0.11881329 994.61 
20150625180732 13.241133 0.12090719 -1.1294646 0.32162055 0.28344148 0.112399206 994.61 
20150625180732 8.982447 0.13587095 -1.4664485 0.064446285 0.24709499 0.20341812 994.61 
20150625180732 5.931635 0.53091425 -0.3549404 -0.18387043 0.067500606 0.321926 994.61 
20150625180732 3.5356374 0.427365 0.04309563 -0.31031954 0.2171626 0.39950588 994.61 
20150625180732 3.5128925 -0.4225766 0.13826515 -0.28985557 0.40958515 0.40042216 994.61 
20150625180732 4.435259 -0.8026561 -0.14185645 -0.16768251 0.34788775 0.33017266 994.61 
20150625180732 5.5467668 -0.88405895 0.19033903 -0.06658431 0.052839845 0.21135938 994.61 
20150625180732 6.4924765 -0.42197806 -0.1592144 -0.08307768 -0.21410827 0.16554448 994.61 
20150625180732 8.186973 -0.24839842 0.66020113 -0.16493362 -0.3921755 0.14446963 994.56 
20150625180732 9.395446 -0.1316811 1.1270704 -0.33475417 -0.4007276 0.074830994 994.56 
20150625180732 9.58818 -1.3808558 1.2072762 -0.43860126 -0.27000242 0.004276057 994.56 
20150625180732 11.128249 -2.0799627 1.584363 -0.41355577 -0.05131268 -0.004276057 994.56 
20150625180732 12.394184 -2.6192567 1.7681179 -0.31490102 -0.018936822 -0.014966198 994.56 
20150625180732 13.267468 -2.6001031 2.8275523 -0.1966986 -0.050701816 -0.1160644 994.56 
20150625180732 13.606847 -2.2732944 3.4075475 -0.096516706 0.0030543262 -0.15943582 994.56 
20150625180732 13.710995 0.48003745 2.1380222 -0.02321288 -0.023823744 0.0076358155 994.56 
20150625180732 14.109031 2.7473464 -2.534861 -0.03726278 0.16432275 0.19120082 994.56 
20150625180732 12.102091 -0.49799395 -4.662708 -0.19272798 0.43127087 0.20708331 994.61 
20150625180732 9.424176 -2.1452048 -3.8019924 -0.19058995 0.35460728 0.36163223 994.61 
20150625180732 8.773552 -0.7918822 -3.401562 0.009162978 -0.22540927 0.6261369 994.61 
20150625180732 12.11107 1.2066777 -0.7505822 -0.028710667 -0.28038713 0.5558874 994.61 
20150625180732 16.07108 0.61171854 0.61291564 -0.28863382 0.2098322 0.40500367 994.61 
20150625180732 15.354015 -0.26635495 -0.56203884 -0.25289822 0.27030787 0.2452624 994.61 
20150625180733 11.456854 -0.46926352 -0.9564836 -0.042760566 0.041233405 -0.011301007 994.61 
20150625180733 7.8547773 -0.74639237 -0.28431144 0.022602014 -0.05131268 -0.30757064 994.61 
20150625180733 5.49589 -0.7224504 0.15023616 0.089491755 -0.02565634 -0.44135013 994.61 
20150625180733 4.119224 -1.4460979 0.024540568 0.25686884 0.11178834 -0.4978552 994.66 
20150625180733 5.1355624 -0.8523358 0.66618663 0.34788775 0.24770586 -0.44135013 994.66 
20150625180733 5.81372 0.26036942 0.3561375 0.27305678 -0.004886922 -0.33841935 994.66 
20150625180733 6.373365 1.4748282 0.53450555 0.23426682 -0.18387043 -0.3222314 994.66 
20150625180733 6.931214 1.423353 0.6404489 0.22571471 -0.23426682 -0.31398472 994.66 
20150625180733 7.740454 0.55844754 0.90500826 0.24862215 -0.34208453 -0.24190263 994.66 
20150625180733 9.269152 -0.24361002 1.1641805 0.29565877 -0.42485678 -0.09437868 994.66 
20150625180733 10.305243 -0.24720132 1.3006501 0.45723262 -0.38637227 0.021380283 994.66 
20150625180733 11.052234 -0.10594343 1.5310919 0.6065892 -0.28252518 0.07269296 994.66 
20150625180733 12.130821 0.10295067 0.7062895 0.6795876 -0.09712757 0.080634214 994.64 
20150625180733 12.5982895 3.3464954 0.9139865 0.64568454 -0.009162978 0.093767814 994.64 
20150625180733 13.784616 3.8857894 2.8580782 0.3023783 0.016798794 0.115453534 994.64 
20150625180733 12.708423 0.61112 0.7332243 0.21013765 -0.042760566 -0.05100725 994.64 
20150625180733 14.067132 -0.2837129 -5.0900726 0.34391713 -0.06383542 -0.160963 994.64 
20150625180733 14.3179245 0.3812766 -4.4155064 0.14172074 0.35094208 -0.051618114 994.64 
20150625180733 9.866506 0.47405192 -1.316811 0.044898596 0.37690386 -0.36957347 994.64 
20150625180733 9.095572 -1.6412252 0.34117374 -0.096516706 -0.32406402 -0.61636305 994.64 
20150625180733 12.239758 -0.57041854 0.11671733 -0.14508049 0.22632557 -0.6243043 994.64 
20150625180733 15.42225 1.0546459 -0.7457938 0.13988814 0.54183745 -0.11942416 994.66 
20150625180733 15.383943 1.1366472 -0.89902276 0.4175264 0.5726862 0.17012598 994.66 
20150625180733 12.346299 0.45729253 -1.3772645 0.16310102 0.30604348 0.19822577 994.66 
20150625180733 8.72088 -0.20350714 -1.1893197 -0.07269296 -0.02107485 0.21380283 994.66 
20150625180733 5.99149 0.5009867 -0.5650316 -0.30573806 -0.03481932 0.28252518 994.66 
20150625180733 3.881001 0.97743285 -0.22565351 -0.4633413 0.23579398 0.4071417 994.66 
20150625180733 3.9917328 0.6721721 -0.12629414 -0.47678033 0.49449542 0.43035457 994.66 
20150625180733 4.883573 -0.24720132 -0.31304187 -0.40591997 0.36010507 0.38606682 994.66 
20150625180733 5.307347 -0.8218097 0.21667525 -0.3436117 0.01740966 0.27122417 994.66 
20150625180733 6.223727 -0.7751228 0.48362875 -0.38912117 -0.19425514 0.19303341 994.63 
20150625180733 7.7470384 -0.7158663 1.1941081 -0.4175264 -0.25961772 0.18753563 994.63 
20150625180733 8.813056 -0.6757634 1.3563153 -0.5027421 -0.26083946 0.13805555 994.63 
20150625180733 9.545084 -1.9620483 1.1947067 -0.5235115 -0.18570304 0.057421334 994.63 
20150625180733 11.523891 -2.617461 2.0602105 -0.44776422 -0.035430185 -0.008857546 994.63 
20150625180733 13.008895 -2.11827 2.4558525 -0.36163223 0.01282817 -0.04520403 994.63 
20150625180733 12.945449 -2.2655134 3.0951042 -0.19058995 -0.0067195175 -0.12370021 994.63 
20150625180733 13.289017 -1.7591397 3.383007 0.05467244 0.045814894 -0.18387043 994.63 
20150625180733 12.771271 0.1340753 1.3156139 0.14172074 0.014660766 -0.0030543262 994.63 
20150625180733 12.951434 1.4598645 -2.8993783 0.15241088 0.096516706 0.21563543 994.59 
20150625180733 11.66515 -0.32920274 -3.6002808 0.06536258 0.25686884 0.15974127 994.59 
20150625180733 9.204509 -2.7760768 -2.7281928 -0.15851954 0.17287487 0.27458394 994.59 
20150625180733 8.409035 -1.0702082 -2.2290018 -0.018325957 -0.17745635 0.49663344 994.59 
20150625180733 11.780071 2.0991163 0.2136825 0.071776666 -0.1591304 0.5748242 994.59 
20150625180733 16.241665 1.1749545 0.9115923 -0.267559 0.19394971 0.43951756 994.59 
20150625180733 16.886904 -1.7040731 0.20590134 -0.2275473 0.42241332 0.21044308 994.59 
20150625180733 13.173496 -2.0775685 -0.44532153 -0.055588737 0.16187929 0.086132 994.59 
20150625180733 10.152014 -1.5640123 -0.12090719 0.26511553 -0.11942416 -0.12583824 994.59 
20150625180733 7.712322 -1.4413095 0.41180268 0.5323691 -0.13561209 -0.3472769 994.64 
20150625180734 5.453393 -0.8846575 0.14544775 0.70066243 0.10720685 -0.47800204 994.64 
20150625180734 4.596867 -0.62847793 0.11671733 0.8729264 0.28588495 -0.5510005 994.64 
20150625180734 4.8578353 0.15382746 0.094570965 0.9272934 0.23854288 -0.46517387 994.64 
20150625180734 4.4568067 1.1073183 -0.25318682 0.73792523 -0.13164146 -0.37384954 994.64 
20150625180734 4.8853683 1.4185646 0.23044191 0.66248333 -0.21471913 -0.3231477 994.64 
20150625180734 5.9705405 1.0552444 1.0127473 0.6420194 -0.3100141 -0.22082779 994.64 
20150625180734 8.215105 0.3669114 1.0989386 0.67103547 -0.5183192 -0.045814894 994.64 
20150625180734 9.725846 0.44651863 1.6621746 0.7012733 -0.57757306 0.061391957 994.64 
20150625180734 9.55047 0.48003745 0.42676646 0.7501425 -0.45906523 0.1142318 994.58 
20150625180734 10.658387 1.0785879 -0.9127894 0.8035932 -0.27030787 0.09315695 994.58 
20150625180734 12.930485 2.706645 0.908001 0.7141015 -0.0711658 0.12186762 994.58 
20150625180734 15.283386 2.8365304 3.3752258 0.44409904 -0.09896017 0.17195857 994.58 
20150625180734 14.970943 0.044891283 1.283292 0.30024028 -0.15424347 0.042760566 994.58 
20150625180734 16.667234 -0.219668 -4.138976 0.3368922 -0.10903945 -0.24037547 994.58 
20150625180734 14.503475 1.834557 -2.919729 0.15149458 0.28955013 -0.21013765 994.58 
20150625180734 10.253767 1.3156139 -1.8722657 0.004886922 0.38728857 -0.45906523 994.58 
20150625180734 6.166865 -2.1601684 -0.59376204 -0.015577064 -0.24220806 -0.59498274 994.58 
20150625180734 9.3978405 -1.6394296 -0.1448492 -0.039095376 0.1777618 -0.4071417 994.58 
20150625180734 16.1866 1.0390835 0.96067345 0.15821409 0.711658 -0.11453723 994.58 
20150625180734 15.564107 1.567005 -1.8291701 0.45448375 0.54183745 0.099265605 994.58 
20150625180734 13.591285 1.2946646 -2.0572178 0.32986724 -0.044593163 0.013133603 994.58 
20150625180734 10.69849 0.6596026 -1.6400281 -0.25809056 -0.110872045 0.0571159 994.58 
20150625180734 7.7691846 0.28670564 -1.1115081 -0.537256 -0.2406809 0.16401732 994.58 
20150625180734 5.457583 -0.2160767 -0.2148796 -0.6936375 -0.070554934 0.30848694 994.58 
20150625180734 4.3903675 -0.5835867 5.985504E-4 -0.6441574 0.32498032 0.3463606 994.58 
20150625180734 4.779425 -0.6607997 0.22804771 -0.4908302 0.40439278 0.30268374 994.58 
20150625180734 5.4551888 -0.9008184 0.10414778 -0.29535335 0.21899518 0.24801129 994.61 
20150625180734 5.9370217 -1.0947487 0.2148796 -0.20708331 -0.093767814 0.21533 994.61 
20150625180734 6.918046 -0.9696517 0.3669114 -0.25900686 -0.27855456 0.17745635 994.61 
20150625180734 8.41502 -0.79128367 1.1013328 -0.3494149 -0.38240165 0.14019357 994.61 
20150625180734 9.137471 -0.60094464 1.347337 -0.46883908 -0.3894266 0.07422013 994.61 
20150625180734 9.095572 -1.2120646 1.270124 -0.5335908 -0.29565877 0.0012217305 994.61 
20150625180734 9.5809965 -1.1779473 1.3120226 -0.4783075 -0.06169739 -0.05955936 994.61 
20150625180734 10.542269 -1.1498153 0.8631097 -0.3924809 0.05467244 -0.08246681 994.61 
20150625180734 11.874641 -2.308609 1.0929531 -0.36713 0.09590584 -0.111177474 994.61 
20150625180734 13.481152 -2.0506337 2.7419596 -0.1777618 0.05009095 -0.18387043 994.62 
20150625180734 14.223353 0.0724246 1.2078748 -0.1704314 -0.11911872 -0.106595986 994.62 
20150625180734 13.898939 1.8992004 -3.9989154 -0.19792034 -9.162979E-4 -0.014660766 994.62 
20150625180734 10.860099 -1.3215994 -5.834071 -0.2312125 0.4156938 -0.10598512 994.62 
20150625180734 9.025542 -2.146402 -2.508525 -0.15699236 0.41691554 0.08827003 994.62 
20150625180734 11.03727 2.1589713 -0.76434886 -0.058948494 -0.23915374 0.453262 994.62 
20150625180734 12.4468565 3.70383 -0.9115923 -0.26145032 -0.2742785 0.6096435 994.62 
20150625180734 14.709376 0.48362875 -0.52073884 -0.39767328 0.5513059 0.34880406 994.62 
20150625180734 14.150331 -1.7872716 0.034715924 -0.3484986 0.70738196 0.15607607 994.62 
20150625180734 12.08593 -1.4730326 -0.37948096 -0.16371189 0.34116822 0.03268129 994.54 
20150625180734 10.213664 -1.2006922 0.059855044 0.003970624 0.045814894 -0.07391469 994.54 
20150625180734 8.485649 -0.9720459 0.28491 0.23182335 -0.011911872 -0.1459968 994.54 
20150625180734 7.235876 -0.91219085 0.06703765 0.48380527 0.08979719 -0.16768251 994.54 
20150625180734 6.908469 -0.32920274 -0.12868834 0.7675522 0.22907446 -0.15974127 994.54 
20150625180734 7.0365586 -0.33518824 0.01616086 0.8240572 0.21380283 -0.099571034 994.54 
20150625180735 7.3909006 -0.21547815 0.23044191 0.79443026 0.051923547 -0.06078109 994.54 
20150625180735 7.395689 0.4794389 0.2777274 0.77121735 -0.07391469 -0.07727446 994.54 
20150625180735 6.941389 0.9528923 0.45190558 0.8200866 -0.08552113 -0.116675265 994.54 
20150625180735 6.695385 0.8451532 0.5267244 0.86498517 -0.022907447 -0.08093964 994.59 
20150625180735 7.065888 0.9103952 1.0456676 0.8179486 0.0021380284 0.022296581 994.59 
20150625180735 8.119935 0.8122329 1.7256209 0.7098254 -0.002443461 0.17959438 994.59 
20150625180735 9.132084 0.99299514 1.6328455 0.65179324 -0.09987647 0.2941316 994.59 
20150625180735 8.968679 1.0235212 0.7565677 0.605062 -0.08827003 0.34483343 994.59 
20150625180735 8.772954 0.9648633 -0.7649474 0.55955255 0.008857546 0.3277292 994.59 
20150625180735 10.956466 2.5498247 -0.32142156 0.47219884 0.047036625 0.27214047 994.59 
20150625180735 13.984532 2.6144683 2.297835 0.10445796 -0.02321288 0.2593123 994.59 
20150625180735 14.702792 -0.95947635 3.8774097 -0.13347405 -0.18997909 0.12461651 994.59 
20150625180735 13.608044 -4.6232033 0.21906945 -0.046120327 -0.25045475 -0.19853121 994.53 
20150625180735 14.4849205 -1.8375498 -2.5187001 0.30818152 0.24678956 -0.2501493 994.53 
20150625180735 14.963162 1.074398 -5.5671177 0.6417139 0.9447031 -0.22021692 994.53 
20150625180735 11.583746 -1.1899183 -2.854487 0.75747293 0.56107974 -0.52503866 994.53 
20150625180735 10.880449 -4.422689 -2.8856115 0.6386596 0.20769419 -0.816116 994.53 
