20150622161517 1.5759833 -16.14889 -2.0153193 0.12949012 -0.5389956 -0.3410089 999.58 
20150622161517 2.202067 -12.992734 -2.5677812 0.52563626 0.2438282 -0.3785771 999.58 
20150622161517 -0.1412579 -11.47062 -0.82779527 -0.1310439 0.6876218 -0.11346158 999.58 
20150622161517 -1.0450691 -11.403583 -0.62488663 -0.35339886 0.83911633 -0.29030707 999.58 
20150622161517 -0.51116204 -8.182184 -1.7956513 -0.5213868 1.2007487 -0.07803139 999.58 
20150622161517 -0.52612585 -5.6551046 -4.2131963 -0.8433128 1.8830851 0.040476464 999.58 
20150622161517 0.8750807 -4.096479 -4.496909 -1.1850919 2.1304855 -0.13667446 999.58 
20150622161517 1.4383167 -7.231686 -0.1945289 -1.8604034 1.5816231 -0.25457147 999.51 
20150622161517 1.6980876 -12.440272 1.4131776 -2.4608839 0.90081376 -0.43447128 999.51 
20150622161517 0.99060094 -11.750143 2.700061 -2.267545 1.0095478 -0.32634813 999.51 
20150622161517 0.6218939 -6.117185 0.5758055 -1.6276637 1.4747217 -0.049626157 999.51 
20150622161517 -0.02813187 -4.471172 -2.2254105 -0.9300557 1.6686714 0.04933401 999.51 
20150622161517 0.40880993 -3.9863458 -1.9237411 -0.74557436 1.8400191 0.005657144 999.51 
20150622161517 1.2982559 -5.310938 -0.50996494 -1.1374444 1.9053817 -0.0761988 999.51 
20150622161517 -1.1324574 -8.600571 0.3842694 -1.304516 2.183936 -0.3990411 999.51 
20150622161517 -3.9384618 -10.075399 0.641646 -0.8744669 2.4023204 -0.7756395 999.51 
20150622161517 -1.1911154 -8.066664 -0.0724246 -0.4786262 2.0125885 -0.6540773 999.51 
20150622161517 1.8608932 -7.0593038 1.34195 -0.35645318 1.7031853 -0.13820162 999.51 
20150622161517 1.2503718 -8.948329 3.1675289 -0.6646347 1.6558433 -0.10246601 999.51 
20150622161517 -4.381389 -13.248315 2.4073699 -0.7648166 1.3772887 -0.43599844 999.51 
20150622161517 -5.409699 -13.216592 1.5352819 -0.46366 1.3635442 -0.6534664 999.51 
20150622161517 -2.908955 -11.008539 0.40462008 -0.5937743 1.3305575 0.080793574 999.51 
20150622161517 -3.7780502 -11.512519 -1.2922704 -0.8677474 1.2477852 0.29520726 999.51 
20150622161517 -6.742072 -14.747086 -1.9243397 -1.0580319 0.9081441 0.037727572 999.51 
20150622161517 -2.544438 -13.274053 -2.7036524 -1.07086 0.5178012 0.12996823 999.51 
20150622161517 -1.6705543 -13.784018 -3.8534677 -0.45663506 -0.20699036 0.5872009 999.6 
20150622161517 3.7074213 -15.661671 0.65780693 0.25502294 -0.8575619 1.0685627 999.6 
20150622161517 4.5699325 -19.608511 -2.3558946 1.0161611 -1.2631763 1.5945177 999.6 
20150622161517 4.1635165 -19.569008 -2.5516205 1.5793788 -1.4446033 1.5505353 999.6 
20150622161517 4.6004586 -16.24406 -3.7481227 1.6477958 -1.5939598 1.6152871 999.6 
20150622161517 2.5360582 -14.324509 -0.59615624 1.6731466 -1.319376 1.3397869 999.6 
20150622161517 -2.2756886 -14.331093 -0.40701428 1.4999664 -0.92048097 0.5676532 999.6 
20150622161517 -1.0702082 -10.3639 -2.641403 1.3496935 -1.1947594 0.27932477 999.6 
20150622161517 -0.87448215 -3.5284548 -0.86370826 1.3515261 -1.421085 0.7307542 999.6 
20150622161517 -1.9393034 -1.946486 -0.39803603 1.2956319 -1.7393458 0.74327695 999.61 
20150622161517 -1.2431892 -3.1920695 -0.12150574 1.0903813 -2.7054293 0.19380364 999.61 
20150622161517 0.30466217 -2.3768437 -1.1534066 1.0610597 -3.5930164 -0.34497952 999.61 
20150622161517 1.1210849 -1.1456255 -0.5554548 0.90070754 -3.9509835 -0.46470907 999.61 
20150622161517 1.2455834 -0.670975 1.3018472 0.46454972 -3.717633 -0.28542015 999.61 
20150622161517 1.0845734 -1.8800468 2.392406 0.13284989 -3.3019392 0.03528411 999.61 
20150622161517 1.039682 -4.857237 3.5613751 0.06534928 -2.6556437 0.25091955 999.61 
20150622161517 1.3856442 -6.208165 5.495291 0.092227355 -1.8532722 0.35904267 999.61 
20150622161518 0.4285621 -8.47308 5.3498435 0.12979557 -1.5453961 0.26619118 999.61 
20150622161518 -0.7703344 -10.713454 3.8133647 0.21073522 -1.0896906 0.037727572 999.58 
20150622161518 -1.7034745 -9.892841 2.3211784 0.5787815 -0.68896306 4.6478957E-4 999.58 
20150622161518 -0.1388637 -14.733917 1.1444284 0.91475743 -0.58083993 0.17456138 999.58 
20150622161518 3.828927 -15.51323 4.073136 0.6896536 -0.81357956 0.40485758 999.58 
20150622161518 8.19236 -12.644378 7.4112515 -0.24924633 -1.0090564 0.16570383 999.58 
20150622161518 6.8581905 -16.002245 5.898116 -0.5369639 -1.2924979 -0.19653925 999.58 
20150622161518 2.60549 -17.869722 5.3169236 0.36681128 -1.1687976 -0.86238235 999.58 
20150622161518 4.960786 -15.976508 -0.362123 0.42575973 -0.90795827 -0.64155453 999.58 
20150622161518 0.4177882 -11.230601 -4.2778397 0.8588632 -0.2607465 -0.2887799 999.58 
20150622161518 1.4862007 -10.186729 -2.2098482 0.37994486 0.7862765 0.056664392 999.63 
20150622161518 -1.3395559 -11.95365 -0.2837129 -0.20862378 0.64883184 -0.058178276 999.63 
20150622161518 -0.8595184 -11.360487 -1.5783775 -0.35187167 0.79238516 -0.24724108 999.63 
20150622161518 -0.19812019 -6.615179 -4.0402155 -0.7693981 1.541306 0.047195982 999.63 
20150622161518 1.4544775 -4.259285 -4.9200845 -1.0656677 2.2813692 -0.035270825 999.63 
20150622161518 2.9364884 -5.0840874 -1.4736311 -1.6236931 1.9826561 -0.14033964 999.63 
20150622161518 2.7940333 -9.438541 2.0620062 -2.3432922 1.1375241 -0.27686805 999.63 
20150622161518 1.6705543 -13.555371 2.0177135 -2.3234391 1.0324552 -0.40331715 999.63 
20150622161518 0.07062895 -8.816648 1.3251907 -1.6105595 1.3064283 -0.26312357 999.63 
20150622161518 0.14724341 -4.565144 -2.1290438 -1.1597409 1.9081306 -0.0065601617 999.46 
20150622161518 -0.7092823 -3.5811272 -3.015497 -0.998778 2.2306674 0.1504322 999.46 
20150622161518 -0.3561375 -4.243124 -1.54845 -1.245873 2.5510662 0.16326037 999.46 
20150622161518 0.05925649 -6.5164185 0.7308301 -1.5543599 2.565116 0.09148371 999.46 
20150622161518 -1.6274586 -8.757391 0.62009823 -1.3714057 2.5196066 -0.28755817 999.46 
20150622161518 -3.2237926 -9.738416 0.10055647 -0.8784375 2.3119123 -0.53770745 999.46 
20150622161518 -0.39983168 -9.117719 -0.4213795 -0.43097872 1.9854051 -0.49830666 999.46 
20150622161518 1.4012065 -9.169792 2.271499 -0.6264556 1.6427096 -0.26373443 999.46 
20150622161518 -0.62368953 -11.310209 4.3760023 -0.9181438 1.6946331 -0.49830666 999.46 
20150622161518 -5.37199 -12.54442 2.5474305 -0.63592404 1.6808888 -0.84833246 999.6 
20150622161518 -5.729325 -10.847529 1.3563153 -0.29383948 1.7551088 -0.6965324 999.6 
20150622161518 -4.8859673 -9.656414 -0.6242881 -0.6169872 1.6219403 -0.06337063 999.6 
20150622161518 -7.179612 -13.321937 -2.6234465 -0.8937092 1.4066103 0.07010343 999.6 
20150622161518 -3.430891 -13.574525 -2.6282349 -1.1258379 0.9389928 0.14432356 999.6 
20150622161518 -0.29688102 -13.013084 -3.6176388 -0.826514 -0.23295215 0.79397875 999.6 
20150622161518 2.6408045 -14.864401 -1.3503298 -0.09836261 -1.1926214 1.1974553 999.6 
20150622161518 6.575675 -18.526932 -0.4309563 0.5430459 -1.7793574 1.4702066 999.6 
20150622161518 4.8386817 -19.608511 -1.8782512 1.3420577 -1.8153985 1.4610436 999.6 
20150622161518 4.3281183 -15.899894 -1.9776106 1.3496935 -1.5643328 1.2692319 999.45 
20150622161518 2.195483 -14.200609 -1.5771804 1.8121185 -1.101297 1.1482806 999.45 
20150622161518 -1.2689269 -14.771028 -3.3261447 1.8582389 -0.58511597 0.81994057 999.45 
20150622161518 -3.550601 -14.234726 -2.710835 1.608395 -0.3731457 0.4509779 999.45 
20150622161518 -1.2054806 -7.191583 -1.7316064 1.1945337 -0.34840566 0.8553707 999.45 
20150622161518 -1.388637 -1.7914615 0.08439561 1.1606307 -0.8801639 1.2991643 999.45 
20150622161518 -1.2946646 -3.0597897 0.5955577 1.1759024 -1.9641442 0.8000874 999.45 
20150622161518 0.40102878 -4.3197384 -0.17357962 0.9911155 -3.3337042 -0.022442654 999.45 
20150622161518 1.2635399 -3.4733882 -0.623091 0.9538527 -3.6736507 -0.27992237 999.45 
20150622161518 1.411382 -1.6316484 0.3453636 0.72141856 -3.4311373 -0.27503544 999.66 
20150622161518 1.2012907 -0.49440265 1.70946 0.24799798 -3.2289407 -0.032521933 999.66 
20150622161518 0.66858083 -2.871845 2.0458453 0.028391927 -2.719479 0.2393131 999.66 
20150622161518 0.6362591 -4.8787847 3.645172 -0.021088153 -2.0316448 0.31964186 999.66 
20150622161519 0.9391256 -7.2388687 4.8961425 0.03358428 -1.7625587 0.36179158 999.66 
20150622161519 -0.40581718 -9.832987 4.5441947 0.37536335 -1.7353752 0.26191512 999.66 
20150622161519 -2.2242134 -9.712678 2.743755 0.80602336 -1.6162565 0.062467612 999.66 
20150622161519 -1.3862427 -10.573992 0.40162733 1.0518967 -1.3728267 0.21945998 999.66 
20150622161519 0.32022446 -15.011046 4.246715 0.6914861 -1.0887743 0.57925963 999.66 
20150622161519 -1.536479 -15.608399 8.019978 -0.4511373 -0.63398516 0.4735799 999.64 
20150622161519 4.4460325 -11.568184 10.661979 -0.8350661 -0.6266548 0.319031 999.64 
20150622161519 3.7307649 -14.122199 5.317522 -0.2443594 -1.11046 0.18280807 999.64 
20150622161519 2.0350714 -16.803705 0.65541273 1.184149 -1.2842512 -0.23868898 999.64 
20150622161519 5.116409 -15.320497 -3.29502 0.71866965 -1.0832765 -0.22555536 999.64 
20150622161519 3.0609868 -11.067796 -0.90500826 0.6056596 -0.61657554 -0.30893847 999.64 
20150622161519 0.6769605 -12.2241955 1.1623849 -0.09255938 -0.11016822 -0.43905276 999.64 
20150622161519 0.825401 -11.853693 -0.80086046 -0.10263866 -0.06374246 -0.6504121 999.64 
20150622161519 1.2036849 -8.703522 -3.6128504 -0.13745798 0.5428467 -0.39323786 999.64 
20150622161519 0.6392518 -5.9364233 -5.151125 -0.6264556 1.6567595 -0.22036299 999.49 
20150622161519 1.4664485 -5.0374002 -4.5160627 -1.168293 2.3671956 -0.31993404 999.49 
20150622161519 1.7770962 -8.354567 -1.0402806 -1.8588762 2.0971932 -0.27503544 999.49 
20150622161519 0.3669114 -13.230358 2.2756886 -2.3304641 1.2254887 -0.2878636 999.49 
20150622161519 -0.19572599 -11.629236 2.778471 -2.2113454 1.1585989 -0.2851147 999.49 
20150622161519 0.18076223 -6.3991027 0.97144735 -1.5335904 1.6732529 0.07987727 999.49 
20150622161519 0.4890157 -4.0336313 -2.4145525 -0.9642641 2.0162537 0.32880485 999.49 
20150622161519 0.25198972 -3.6828809 -2.066196 -0.93860775 2.022973 0.26222056 999.49 
20150622161519 0.770933 -4.679467 -0.79008657 -1.3597993 2.1222386 -0.03465996 999.49 
20150622161519 -0.85413146 -7.207744 1.1905168 -1.4914408 2.0843651 -0.40698233 999.52 
20150622161519 -3.5859156 -9.975441 0.57161564 -1.1719582 1.9857105 -0.77716666 999.52 
20150622161519 -3.8019924 -9.88925 0.42078096 -0.8069663 1.9695226 -0.68645316 999.52 
20150622161519 -0.7128736 -8.766968 0.14784196 -0.5357421 2.0174754 -0.168134 999.52 
20150622161519 0.7266402 -7.328053 2.4067712 -0.60354817 1.8711733 0.08812395 999.52 
20150622161519 0.18195933 -8.130709 2.7395654 -0.7235832 1.5706276 -0.074366204 999.52 
20150622161519 -2.7611132 -12.028469 2.5462334 -0.6218741 1.249007 -0.4720395 999.52 
20150622161519 -6.3805475 -12.8448925 1.7980455 -0.47251755 1.2444255 -0.6394165 999.52 
20150622161519 -4.3520603 -9.689334 1.01574 -0.63775665 1.253283 -0.11621047 999.52 
20150622161519 -4.9099092 -11.295844 -2.0883424 -0.85430837 1.0865169 0.17211792 999.61 
20150622161519 -5.5886655 -13.745112 -1.3263878 -1.1386662 0.8394218 0.053304635 999.61 
20150622161519 -1.3221979 -12.776657 -2.9137435 -0.9801466 0.2157284 0.59819645 999.61 
20150622161519 3.1950622 -15.380352 -0.7505822 -0.4306733 -0.6645284 1.0282456 999.61 
20150622161519 6.161478 -19.563023 -3.132813 0.31519318 -1.1797932 1.327875 999.61 
20150622161519 4.8775873 -19.608511 -3.3542767 1.2898287 -1.4849204 1.402706 999.61 
20150622161519 4.365228 -17.106571 -1.6537948 1.290745 -1.4739249 1.1763804 999.61 
20150622161519 2.1188686 -14.651318 0.110731825 1.4113909 -1.3868766 1.2319691 999.61 
20150622161519 2.0655975 -12.943054 -2.3708582 1.6343567 -1.0570093 0.8394882 999.61 
20150622161519 -2.1523874 -13.232154 -2.7724855 1.7015519 -0.5185316 0.56154454 999.47 
20150622161519 -2.1930888 -11.42932 -2.1984756 1.3814585 -0.12085836 0.41951835 999.47 
20150622161519 0.034715924 -5.5880666 -0.985214 1.100766 -0.70454013 0.9448625 999.47 
20150622161519 -0.7392098 -2.059612 0.4321534 1.0473152 -1.0267715 1.2582364 999.47 
20150622161519 -0.66618663 -3.515885 0.55006784 0.90101296 -2.3874738 0.50839925 999.47 
20150622161519 0.05327099 -4.2862196 -0.30466217 0.812132 -3.268647 -0.050847888 999.47 
20150622161519 0.64942724 -3.406949 0.13706805 0.73210865 -3.3578334 -0.33673283 999.47 
20150622161519 0.82001406 -1.6759412 0.7140707 0.36039716 -3.1205122 -0.27320284 999.47 
20150622161519 0.31783026 -0.6099229 1.7166426 0.031751692 -2.8755553 -0.09544105 999.47 
20150622161520 -0.08259996 -2.8341362 2.9855695 -0.10263866 -2.2433097 -0.010225352 999.62 
20150622161520 -0.06404489 -5.2444987 4.7919946 -0.13318193 -1.8709873 0.1091988 999.62 
20150622161520 -0.17776948 -7.8446016 5.877765 -0.09866804 -1.6883385 0.06765997 999.62 
20150622161520 -0.4878186 -11.098322 5.840655 0.04946679 -1.3132672 -0.029467605 999.62 
20150622161520 -0.5021838 -11.0618105 3.4278982 0.60627043 -1.0890797 0.05849699 999.62 
20150622161520 0.5494693 -15.50904 0.6194997 1.0861051 -0.8578673 0.33216462 999.62 
20150622161520 1.3748703 -16.191986 4.5256395 0.3716982 -0.68682504 0.3358298 999.62 
20150622161520 5.631162 -13.402143 8.009203 -0.37141937 -0.75554734 0.18433523 999.62 
20150622161520 2.3038206 -16.564882 4.019266 -0.409293 -1.1006862 -0.10826922 999.62 
20150622161520 5.3378725 -14.338874 1.9626468 0.66644067 -0.8587836 -0.67881733 999.57 
20150622161520 3.6876693 -13.858836 -2.791639 0.4071284 -0.8859671 -0.5477868 999.57 
20150622161520 2.705448 -9.834184 -2.6880898 0.37994486 -0.0603827 -0.46593085 999.57 
20150622161520 0.59256494 -10.722432 -2.297835 0.01922895 0.71938676 -0.32176664 999.57 
20150622161520 -0.6913257 -12.093113 -1.4562732 0.060156927 0.8705759 -0.5248793 999.57 
20150622161520 -1.4628572 -10.951078 -3.490746 0.015563756 0.86446726 -0.5514519 999.57 
20150622161520 -1.2521675 -7.6404963 -4.534618 -0.5882765 1.3247542 -0.24143785 999.57 
20150622161520 0.6961141 -5.370793 -3.9240966 -1.3347539 2.4463027 -0.0077818893 999.57 
20150622161520 1.8381484 -6.155493 0.0796072 -2.0503826 2.4215627 0.09667607 999.57 
20150622161520 2.3612814 -8.64666 2.5091233 -2.3738356 1.6607301 -0.05756741 999.46 
20150622161520 0.84455466 -10.201095 2.042254 -1.7660247 1.359879 -0.41675618 999.46 
20150622161520 0.29747957 -7.9032598 0.6955156 -1.1166749 1.4249362 -0.44424513 999.46 
20150622161520 0.480636 -5.9280434 -1.3485341 -0.9847281 1.7358665 -0.14461571 999.46 
20150622161520 -1.0977415 -6.0303955 -2.1817162 -1.0959055 1.9487532 -0.029162176 999.46 
20150622161520 -1.0486604 -6.257246 -0.19931729 -1.4001164 2.1934044 -0.13178754 999.46 
20150622161520 -1.5328877 -7.6249337 1.3994108 -1.5293144 2.223337 -0.27442458 999.46 
20150622161520 -3.280655 -9.473856 0.9720459 -1.1716528 2.2899213 -0.446994 999.46 
20150622161520 -3.019687 -9.546879 0.41479546 -0.5552898 2.1347616 -0.4750938 999.46 
20150622161520 -0.25977087 -7.824251 0.641646 -0.3521771 1.7068505 -0.18645999 999.44 
20150622161520 0.6584055 -7.00304 2.2182279 -0.4829023 1.5941459 -0.10796379 999.44 
20150622161520 0.18974048 -8.434174 3.122039 -0.6405055 1.3928658 -0.31840688 999.44 
20150622161520 -4.5657425 -11.801619 1.9877859 -0.54918116 1.2847426 -0.7295191 999.44 
20150622161520 -5.400122 -11.824364 0.86610246 -0.4633546 1.1989161 -0.5343477 999.44 
20150622161520 -3.1681273 -10.669162 -1.7537527 -0.64661413 1.0214597 -0.070090145 999.44 
20150622161520 -5.5940523 -13.693038 -3.217807 -1.0546721 0.88096064 0.007489741 999.44 
20150622161520 -1.9955671 -12.491149 -3.0142999 -1.2266307 0.48481455 -0.122013696 999.44 
20150622161520 -0.38367084 -12.51569 -2.996942 -0.9706782 -0.3645936 0.37278715 999.44 
20150622161520 2.7024553 -13.855246 -0.8996213 -0.4804588 -1.160551 0.72831076 999.49 
20150622161520 6.5696893 -18.193539 -0.019153614 0.36681128 -1.589073 1.185238 999.49 
20150622161520 4.6513352 -19.608511 -1.4766239 1.1465808 -1.5618894 1.6861475 999.49 
20150622161520 4.1599255 -17.438766 -3.0759506 1.395203 -1.2940251 1.6238393 999.49 
20150622161520 3.5535939 -14.656106 -3.3267434 1.5870147 -1.2506536 1.5777189 999.49 
20150622161520 1.1504139 -13.60565 -2.7419596 1.5384508 -0.6636121 1.1433936 999.49 
20150622161520 -4.123414 -15.306131 0.25677812 1.3341165 -0.22684348 0.46716583 999.49 
20150622161520 -1.7896658 -11.835137 -1.3156139 1.1673502 -0.9128452 0.253363 999.49 
20150622161520 -0.6536171 -4.920683 -0.90859956 1.1939229 -1.349003 0.8068069 999.49 
20150622161520 -1.6334441 -3.4434607 -0.21547815 1.3188448 -1.5762447 0.6107192 999.59 
20150622161520 -1.2952632 -5.0667295 -0.37110126 1.1505514 -2.833711 -0.17057747 999.59 
20150622161520 0.44352585 -4.2419267 -1.3820529 1.1621579 -3.5191019 -0.35628054 999.59 
20150622161520 1.3293805 -1.9470845 -1.0498575 0.973095 -3.5526993 -0.29733202 999.59 
20150622161520 1.4802152 -0.023942016 0.789488 0.43247926 -3.3669963 -0.16080365 999.59 
20150622161520 1.4969746 -0.27712885 2.3289597 0.094059944 -2.8944921 0.040476464 999.59 
20150622161521 0.9355343 -4.007295 2.9933507 -0.038803242 -2.3010366 0.29734528 999.59 
20150622161521 0.96187055 -5.5988407 4.783615 -0.007954553 -1.6538247 0.36331874 999.59 
20150622161521 -0.24061728 -8.321048 6.005855 0.112385914 -1.4354403 0.28085193 999.59 
20150622161521 -2.7389667 -11.807604 4.672883 0.24860884 -1.1574967 0.076517515 999.59 
20150622161521 -2.6246436 -10.486005 2.8562827 0.5818358 -0.9311711 0.06002415 999.59 
20150622161521 1.6466122 -13.767259 1.5610195 0.8949043 -0.65628177 0.36148614 999.59 
20150622161521 2.8574798 -15.468339 5.4922986 0.8536709 -0.68957394 0.393862 999.59 
20150622161521 6.459556 -15.473725 6.4338183 -0.050409682 -0.75615823 0.14126924 999.59 
20150622161521 2.6366146 -17.682976 5.0906715 -0.26543427 -0.9730154 -0.2692322 999.59 
20150622161521 2.7269957 -14.290391 4.0779243 0.48654085 -0.9525514 -0.69683784 999.59 
20150622161521 4.092888 -11.771092 -1.412579 0.3692547 -0.84687173 -0.48334047 999.59 
20150622161521 2.1027076 -9.613917 -2.9041667 0.4236217 -0.4965405 -0.0865835 999.59 
20150622161521 1.2216414 -10.272323 -1.2473791 0.057102606 0.71938676 0.04841771 999.51 
20150622161521 -0.39683893 -11.527483 -0.5398925 -0.14112318 0.97564477 -0.22463906 999.51 
20150622161521 -0.74639237 -11.605893 -1.7890673 -0.17685878 0.66318715 -0.4207268 999.51 
20150622161521 -0.5291186 -8.750209 -3.2411506 -0.5006174 0.93777114 -0.24479762 999.51 
20150622161521 1.3341689 -6.301539 -4.5154643 -0.99297476 1.9032437 -0.14492112 999.51 
20150622161521 2.5181017 -6.227917 -2.2134395 -1.4477639 1.981129 -0.1614145 999.51 
20150622161521 2.9765913 -8.354567 1.3790601 -2.145983 1.6020871 -0.3138254 999.51 
20150622161521 1.8926164 -10.323798 2.3397336 -2.0690138 1.2257941 -0.46593085 999.51 
20150622161521 0.5758055 -7.752425 0.4854244 -1.4437933 1.3571302 -0.34375778 999.51 
20150622161521 -0.2088941 -5.2020016 -1.821389 -1.1597409 1.75236 -0.11987566 999.42 
20150622161521 -1.4790181 -5.2289367 -2.9017725 -1.1148424 1.9569999 -0.02885674 999.42 
20150622161521 -1.8770541 -7.1089835 -1.1552023 -1.5500838 2.034274 -0.045044668 999.42 
20150622161521 -0.46208093 -8.447941 1.4269443 -1.8093961 2.4059856 -0.049931593 999.42 
20150622161521 -2.1122844 -9.083601 0.96067345 -1.3252854 2.6701849 -0.12873322 999.42 
20150622161521 -1.5592239 -7.778163 0.8439561 -0.5751429 2.413316 -0.22341734 999.42 
20150622161521 0.39324763 -7.838018 0.43634325 -0.34637392 1.7816815 -0.09666278 999.42 
20150622161521 1.3269863 -7.6931686 2.7180176 -0.45632964 1.6750855 -0.1867654 999.42 
20150622161521 -3.394978 -10.242394 2.4133554 -0.61576545 1.6961603 -0.4918926 999.42 
20150622161521 -6.389526 -12.0649805 1.9141643 -0.5400182 1.7013527 -0.84833246 999.59 
20150622161521 -5.129577 -10.96305 1.0139444 -0.48015338 1.6824158 -0.56030947 999.59 
20150622161521 -3.2782607 -10.277709 -0.10654198 -0.6774629 1.2645841 -0.19073603 999.59 
20150622161521 -5.253477 -14.663288 -1.9081788 -0.989615 1.0034392 -0.0865835 999.59 
20150622161521 -2.3397336 -13.557167 -2.098518 -1.2907715 0.31927004 -0.1867654 999.59 
20150622161521 0.020949265 -12.898762 -2.6156654 -1.1685984 -0.37436742 0.253363 999.59 
20150622161521 1.0522517 -13.809156 -2.095525 -0.72969186 -0.90612566 0.81413734 999.59 
20150622161521 3.9719806 -17.447744 0.84335756 0.12979557 -1.3251791 1.0975788 999.59 
20150622161521 2.6593595 -19.608511 -3.0101101 1.0299056 -1.3877928 1.479675 999.59 
20150622161521 4.127005 -17.957111 -4.742315 1.4284952 -1.3377019 1.3416195 999.47 
20150622161521 4.7866077 -13.676279 -4.0737343 1.6206123 -1.2292733 1.4744827 999.47 
20150622161521 2.5031378 -13.647549 -2.1051018 1.7082714 -1.0499843 0.9983132 999.47 
20150622161521 -1.6376339 -14.475344 -1.8770541 1.4465157 -0.9476645 0.41982377 999.47 
20150622161521 -1.9201498 -13.002311 -1.6059108 1.4190267 -1.0099727 -0.0077818893 999.47 
20150622161521 -0.51834464 -7.1341224 -1.2749124 1.2898287 -1.4681216 0.5591011 999.47 
20150622161521 -1.0031705 -2.7311857 -0.46447513 1.2934939 -1.561584 0.679747 999.47 
20150622161521 -1.4496891 -3.5895069 -0.362123 1.134669 -2.6220462 0.31719843 999.47 
20150622161521 0.037110128 -3.977966 -1.2138603 1.0943519 -3.0918016 -0.074366204 999.47 
20150622161521 0.7835025 -3.2208 -1.1707647 0.9975297 -3.2823915 -0.108880095 999.62 
20150622161521 1.311424 -1.9524715 -0.033518825 0.62337464 -3.18954 -0.042295776 999.62 
20150622161522 1.5406688 -1.1899183 1.3509283 0.34512556 -2.9952848 0.082320735 999.62 
20150622161522 1.5682021 -1.8938135 2.7712884 0.11085875 -2.534998 0.18219721 999.62 
20150622161522 0.3669114 -5.9250507 4.5795093 -0.03635978 -1.7546175 0.17456138 999.62 
20150622161522 -1.5424645 -8.854955 4.9464207 -0.07514973 -1.2824186 0.13668774 999.62 
20150622161522 -2.5115175 -10.59135 4.734534 -0.06354329 -1.0957992 -0.039852314 999.62 
20150622161522 -2.7012582 -9.419987 2.4193408 0.32710505 -0.9272005 0.047501415 999.62 
20150622161522 0.22565351 -13.164518 0.13587095 0.94163543 -0.9809567 0.3000942 999.62 
20150622161522 4.115034 -16.897676 3.6062663 1.0286838 -1.0719756 0.39600003 999.66 
20150622161522 9.860519 -15.886725 5.3701944 0.15514646 -1.0823603 0.2787139 999.66 
20150622161522 7.299921 -17.829021 5.051167 -0.21839762 -1.1129035 -0.15805474 999.66 
20150622161522 2.956839 -13.846866 5.421071 0.3191638 -0.88902146 -0.6794282 999.66 
20150622161522 4.056975 -10.796653 1.9357121 0.17805393 -0.7399703 -0.61803627 999.66 
20150622161522 -1.3958195 -12.474988 -4.084508 0.3145823 -0.2692986 -0.25701493 999.66 
20150622161522 0.1388637 -10.696694 -2.6599581 0.49112236 0.76795053 -0.08230745 999.66 
20150622161522 -1.127669 -11.7681 -0.676362 -0.07423343 0.8724085 0.032535214 999.66 
20150622161522 -0.61770403 -11.471817 -0.48722005 -0.2180922 0.5275751 -0.42469743 999.66 
20150622161522 0.01316811 -9.139266 -2.2218192 -0.5223031 0.5462065 -0.4216431 999.58 
20150622161522 0.3321955 -6.3165026 -3.8391025 -0.8472834 1.4005016 -0.37155214 999.58 
20150622161522 0.59735334 -5.1666875 -3.3237505 -1.1517997 1.8003129 -0.34650669 999.58 
20150622161522 1.3814543 -6.964134 0.729633 -1.9880742 1.3152859 -0.1876817 999.58 
20150622161522 1.4514848 -10.915166 2.4307132 -2.3625345 0.93288416 -0.011447083 999.58 
20150622161522 0.24899697 -9.944916 1.3814543 -1.8994987 1.3320847 0.08506963 999.58 
20150622161522 0.3549404 -5.777209 -0.046088383 -1.2397642 1.6060578 0.26069337 999.58 
20150622161522 0.35075054 -4.4400473 -1.0498575 -1.0180203 1.7224276 0.38592076 999.58 
20150622161522 0.28909984 -5.029021 -1.7896658 -1.2073884 1.8678135 0.31658754 999.58 
20150622161522 1.2773066 -6.637326 -1.1468226 -1.343306 2.1649992 0.14157465 999.61 
20150622161522 -0.6607997 -9.648034 1.7369933 -1.3402516 2.293892 -0.24632478 999.61 
20150622161522 -1.8746599 -9.013571 0.717662 -0.9532685 2.1821036 -0.5725268 999.61 
20150622161522 -0.48362875 -7.1748238 -0.17597382 -0.58552766 1.8235258 -0.52640647 999.61 
20150622161522 0.2208651 -7.4327993 0.39324763 -0.45449704 1.7777109 -0.32451552 999.61 
20150622161522 -1.4915876 -9.26556 1.8854338 -0.7144202 1.8446006 -0.49006 999.61 
20150622161522 -4.8985367 -12.035053 2.417545 -0.84697795 1.8122247 -0.79152197 999.61 
20150622161522 -5.553351 -12.52766 1.5466543 -0.6682999 1.4597555 -0.78877306 999.61 
20150622161522 -3.5284548 -10.694301 0.7386112 -0.65944237 1.1607369 -0.2231119 999.61 
20150622161522 -3.9223008 -11.634624 -1.578976 -0.9285285 1.0978179 0.21548936 999.57 
20150622161522 -4.1635165 -15.131354 -2.0644004 -1.1469128 0.74259967 0.095148906 999.57 
20150622161522 -0.6619968 -13.776237 -2.705448 -1.0717764 0.13539961 0.2411457 999.57 
20150622161522 0.090979666 -14.094067 -4.7309427 -0.5290226 -0.5347196 0.7448041 999.57 
20150622161522 3.151368 -14.605229 -1.3994108 0.21592756 -1.0228009 1.0981897 999.57 
20150622161522 5.137358 -18.904018 -2.8694508 0.7840322 -1.1825421 1.5630581 999.57 
20150622161522 4.1653123 -19.59714 -3.3596635 1.5152379 -1.1242045 1.6119273 999.57 
20150622161522 5.6760535 -16.736668 -2.6461914 1.3286186 -1.1822367 1.4845619 999.57 
20150622161522 3.1705215 -15.027207 -1.5406688 1.639549 -1.0145543 1.2841982 999.57 
20150622161522 0.48362875 -13.988722 -1.6831238 1.5812114 -0.7155357 0.804058 999.47 
20150622161522 -3.6002808 -14.561535 -1.6639702 1.4892762 -0.61840814 0.3996652 999.47 
20150622161522 -1.4676456 -8.725668 -2.8060043 1.3105981 -0.6969043 0.7735148 999.47 
20150622161522 -1.0324994 -1.6873137 -0.83378077 1.256842 -0.7323345 1.205702 999.47 
20150622161522 -2.4660277 -1.8189948 -0.24660277 1.1313092 -1.5692198 0.681885 999.47 
20150622161522 -0.84335756 -2.8808231 0.16101007 0.9932535 -3.03774 -0.2307477 999.47 
20150622161523 0.6266823 -2.6527755 -0.7009025 0.9804254 -3.709081 -0.55603343 999.47 
20150622161523 1.0965444 -0.95468795 0.8487445 0.7220294 -3.4717598 -0.55603343 999.47 
20150622161523 0.8463503 -1.0324994 2.4301147 0.25777185 -3.1327295 -0.25334972 999.47 
20150622161523 1.1390414 -4.3179426 3.2345665 -0.01711753 -2.575315 0.088429384 999.5 
20150622161523 0.35254622 -6.2865753 3.5260606 -0.018339261 -1.7436218 0.3459091 999.5 
20150622161523 -0.14604631 -8.614936 5.3420625 0.020450681 -1.3358693 0.40852275 999.5 
20150622161523 -0.10115502 -10.241198 5.813122 0.10139033 -1.2662307 0.27199438 999.5 
20150622161523 -1.340753 -9.630077 3.2052376 0.45080525 -1.2491264 0.20876983 999.5 
20150622161523 -0.13227965 -11.850699 2.0709844 0.75440526 -0.8945192 0.23778594 999.5 
20150622161523 1.0809821 -17.085623 3.6014779 0.66247004 -0.58572686 0.3086463 999.5 
20150622161523 3.9211037 -16.08245 7.221511 -0.0064273924 -0.53166527 0.070714295 999.5 
20150622161523 5.5886655 -17.438766 4.630985 -0.38516384 -0.8221317 -0.09849539 999.5 
20150622161523 2.9442697 -16.828245 4.1078515 0.28984225 -1.0692266 -0.36422178 999.57 
20150622161523 4.5196543 -12.319963 2.082357 0.46485513 -1.0246335 -0.54015094 999.57 
20150622161523 0.60214174 -11.238382 -3.019687 0.37627965 -0.8013623 -0.349561 999.57 
20150622161523 0.7020996 -9.484032 -2.4660277 0.41109902 0.3507296 -0.20386964 999.57 
20150622161523 0.7457938 -9.5570545 -0.97862995 -0.26482338 0.7807787 0.065216504 999.57 
20150622161523 1.553837 -9.483433 -0.635062 -0.20556946 0.888291 -0.20570225 999.57 
20150622161523 0.22984336 -7.8146744 -2.9550436 -0.2669614 1.0211543 -0.34161976 999.57 
20150622161523 -0.7661445 -6.181829 -4.355053 -0.53238237 1.5156497 -0.54289985 999.57 
20150622161523 0.130484 -6.6989765 -4.2796354 -1.1572975 1.8785037 -0.6782065 999.57 
20150622161523 0.7739257 -10.086173 -0.20171149 -2.0900888 1.5171769 -0.4479103 999.52 
20150622161523 0.6913257 -13.636774 3.2866404 -2.4700468 1.1430218 -0.15530586 999.52 
20150622161523 0.14724341 -9.053674 2.4917655 -1.9263768 1.3992798 0.08140443 999.52 
20150622161523 1.5316905 -5.056554 -0.4237737 -1.1087337 1.5981165 0.38500446 999.52 
20150622161523 0.78170687 -3.3512838 -2.211644 -1.0113007 1.6958549 0.339495 999.52 
20150622161523 0.54887074 -4.9081135 -1.6310499 -1.1496617 1.9145447 0.17883745 999.52 
20150622161523 0.17537527 -7.7410526 0.110731825 -1.431576 1.9237076 -0.19928816 999.52 
20150622161523 -2.1200657 -10.36031 1.1587936 -1.3817904 2.032747 -0.6760684 999.52 
20150622161523 -2.8904 -9.762358 0.4842273 -0.8937092 2.0620685 -0.8556628 999.52 
20150622161523 -0.015562311 -7.6285253 0.0047884034 -0.506726 1.7780163 -0.66415656 999.52 
20150622161523 1.9973627 -7.4375877 1.7250223 -0.49359244 1.6616465 -0.30802217 999.52 
20150622161523 1.9015948 -9.628283 3.4195185 -0.7724524 1.552607 -0.4179779 999.52 
20150622161523 -4.9733553 -13.839683 2.095525 -0.7663438 1.4631152 -0.6546882 999.52 
20150622161523 -6.675633 -12.813169 0.4405331 -0.45938396 1.618275 -0.7927437 999.52 
20150622161523 -5.6239796 -10.253169 -1.1755531 -0.63561857 1.7795434 -0.11315615 999.52 
20150622161523 -7.295731 -13.282433 -2.369661 -1.0140496 1.6246891 0.061856747 999.52 
20150622161523 -3.5571852 -12.556391 -2.3690627 -1.1698202 0.92952436 0.0019919537 999.52 
20150622161523 -0.52732295 -13.501502 -3.7984009 -0.8821027 -0.030755736 0.4885461 999.52 
20150622161523 2.5013423 -15.823877 -2.7048495 -0.3622564 -1.0887743 0.9298963 999.5 
20150622161523 5.6401405 -17.190968 0.27593175 0.42973036 -1.7066644 1.3260424 999.5 
20150622161523 5.954978 -19.608511 -0.7374141 0.98622864 -1.8236452 1.5242682 999.5 
20150622161523 5.66947 -17.963696 -1.5155296 1.175597 -1.6327498 1.2548766 999.5 
20150622161523 4.76506 -14.543578 -2.107496 1.5812114 -1.1874291 1.2802275 999.5 
20150622161523 1.6472107 -12.628816 -1.6525977 1.7699687 -0.5200588 1.0484041 999.5 
20150622161523 -2.6162639 -13.202826 -2.2637177 1.5424215 -0.25494328 0.5203111 999.5 
20150622161523 -2.9508536 -12.460024 -1.4688427 1.2763897 -0.29923102 0.31536582 999.5 
20150622161523 -0.16998832 -6.7648168 -1.3742718 1.0803019 -0.6113832 1.1427828 999.5 
20150622161523 -1.0947487 -1.821389 -0.43634325 1.1795676 -1.1403924 1.1476698 999.57 
20150622161523 -0.5081693 -2.2152352 -0.17298107 1.2437084 -2.2488074 0.45250505 999.57 
20150622161524 0.41838676 -3.0843303 -0.91578215 1.1423048 -3.3330934 -0.09238673 999.57 
20150622161524 0.4866215 -3.317765 -0.44472298 1.0799965 -3.6061502 -0.23807809 999.57 
20150622161524 0.16460137 -2.8419175 -0.109534726 0.78830826 -3.3330934 -0.20325878 999.57 
20150622161524 0.38367084 -2.5552118 1.055843 0.44622374 -3.0398781 0.030397188 999.57 
20150622161524 0.8439561 -4.0839095 2.4552538 0.11757825 -2.5630977 0.27229983 999.57 
20150622161524 0.6907272 -7.1712327 4.35625 -0.022309884 -1.9781941 0.29154208 999.57 
20150622161524 -1.146224 -10.439318 5.446809 -0.16372518 -1.6904765 0.15898432 999.57 
20150622161524 -1.4395138 -11.918336 5.4300494 -0.13684711 -1.466289 -0.01694487 999.5 
20150622161524 0.24660277 -11.077373 3.840898 0.43156296 -1.3389236 0.22648492 999.5 
20150622161524 4.0426097 -16.007034 1.8100165 0.8106049 -1.0692266 0.43753886 999.5 
20150622161524 4.39755 -15.859791 5.795764 0.59191513 -0.81296873 0.21151873 999.5 
20150622161524 7.8308353 -15.442002 5.4539914 -0.2987264 -0.70637274 0.11561289 999.5 
20150622161524 2.7778726 -15.26124 1.9776106 -0.09744631 -0.9272005 -0.056651108 999.5 
20150622161524 4.177882 -11.320384 1.299453 0.40224147 -0.684687 -0.3300133 999.5 
20150622161524 1.9207484 -11.638214 -3.4512417 0.022588715 -0.48035255 -0.2212793 999.5 
20150622161524 0.56982 -10.819398 -3.2399535 0.64628214 0.37913486 -0.33856544 999.5 
20150622161524 0.56982 -12.013506 -1.5598224 0.43461728 1.0917091 -0.3196286 999.48 
20150622161524 -1.1480197 -12.5186825 -0.59376204 -0.062932424 0.94143623 -0.38987812 999.48 
20150622161524 -0.98341835 -12.187085 -2.349909 -0.59407973 0.9530427 -0.10124428 999.48 
20150622161524 -0.33159694 -8.212111 -3.107674 -0.94227296 1.7508328 0.09056741 999.48 
20150622161524 1.1833342 -5.5964465 -2.3331497 -1.4007273 2.0403829 0.14585072 999.48 
20150622161524 1.8022354 -6.05733 0.2741361 -1.8671229 1.4560903 -0.045044668 999.48 
20150622161524 2.5127146 -8.233061 2.078167 -2.0580182 0.94907206 -0.33215135 999.48 
20150622161524 0.95229375 -8.879496 1.09834 -1.7672464 1.2071627 -0.47753724 999.48 
20150622161524 -0.19991584 -5.3462524 -0.8798691 -1.1899787 1.6643953 -0.42286482 999.48 
20150622161524 -0.7266402 -4.2119994 -1.9794062 -0.88485163 1.7777109 -0.15438956 999.44 
20150622161524 0.049679685 -6.019023 -1.3497312 -1.2510653 1.7349503 0.056969825 999.44 
20150622161524 0.35314476 -7.339425 1.2252327 -1.5910118 2.262127 0.07560121 999.44 
20150622161524 -2.156577 -8.698733 0.46986207 -1.4367683 2.6811805 -0.11529418 999.44 
20150622161524 -4.1282024 -9.511565 -0.073023155 -0.63470227 2.757844 -0.30313525 999.44 
20150622161524 -1.2533646 -8.387487 -0.18914193 -0.27826244 2.2040946 -0.18401653 999.44 
20150622161524 0.95827925 -8.503606 2.3181858 -0.29903185 1.8672026 0.2243469 999.44 
20150622161524 0.8265981 -9.946711 4.035427 -0.5766701 1.7435024 0.15959519 999.44 
20150622161524 -2.0452468 -10.945692 3.0603883 -0.6301208 1.4927422 -0.3028298 999.44 
20150622161524 -5.449203 -11.2605295 1.5263035 -0.42364836 1.6738638 -0.523963 999.49 
20150622161524 -4.4861355 -9.944317 1.0049661 -0.45327532 1.6647007 -0.4515755 999.49 
20150622161524 -4.2305546 -9.757569 -2.4366987 -0.78192085 1.4454001 -0.1510298 999.49 
20150622161524 -5.2462945 -12.830527 -1.42455 -0.97800857 1.1356915 -0.051153325 999.49 
20150622161524 -1.0911574 -13.182474 -2.2960393 -1.0222963 0.75481695 0.33063745 999.49 
20150622161524 1.0103531 -13.764864 -1.8884265 -0.50947493 -0.15751028 0.93905926 999.49 
20150622161524 4.07134 -18.698116 -1.0151415 0.3707819 -0.727753 1.039852 999.49 
20150622161524 1.1336545 -19.608511 -2.7730842 1.0237969 -1.1700194 0.95494175 999.49 
20150622161524 2.2361844 -18.554464 -1.7190368 1.2626452 -1.4516282 0.97174054 999.49 
20150622161524 1.0372878 -15.862783 -1.2515689 1.6554315 -1.3673289 1.180351 999.51 
20150622161524 0.63206923 -13.680469 -1.4802152 1.9327643 -0.90032244 0.8645337 999.51 
20150622161524 -1.1150994 -12.735956 -4.03004 1.8243358 -0.76073974 0.6333212 999.51 
20150622161524 -0.9103952 -10.271724 -1.5652094 1.4388798 -0.7381377 0.46441695 999.51 
20150622161524 0.18794483 -5.823297 -1.4514848 1.1795676 -1.3380073 0.9421136 999.51 
20150622161524 -0.17178397 -2.735974 -0.38187516 1.1951447 -1.7903531 0.9137083 999.51 
20150622161524 0.30166942 -3.019687 -0.010175358 1.075415 -2.6122723 0.3666785 999.51 
20150622161525 1.0193313 -3.0490158 -0.46208093 0.8005256 -3.5847697 -0.17210466 999.51 
20150622161525 1.3628993 -2.0201077 -0.3549404 0.6499473 -3.6983907 -0.36513805 999.51 
20150622161525 1.4772224 -1.1109096 0.415394 0.46454972 -3.3181272 -0.34925556 999.61 
20150622161525 1.0911574 -1.1671734 1.7100586 0.21470584 -2.9693232 -0.2240282 999.61 
20150622161525 0.50637364 -3.5116954 3.3399115 0.016785488 -2.3758676 -0.08475091 999.61 
20150622161525 0.22625206 -5.8262897 4.7884035 -0.043690167 -1.8871752 0.049944874 999.61 
20150622161525 -0.17058687 -7.955932 5.1241903 0.01739636 -1.6431345 0.14035293 999.61 
20150622161525 -1.7651252 -10.90499 3.6595373 0.20248853 -1.2595111 -0.029773042 999.61 
20150622161525 -2.1523874 -11.121665 2.259528 0.6035215 -1.0044749 0.003213685 999.61 
20150622161525 1.6651673 -14.957775 2.0159178 0.8374829 -1.0441812 0.28970948 999.61 
20150622161525 4.936844 -15.801132 6.9796963 0.39491105 -1.1776552 0.5178677 999.61 
20150622161525 8.645462 -19.045277 6.4463882 -0.47465557 -1.0099727 0.45983544 999.65 
20150622161525 3.638588 -17.92479 4.0396166 0.17958109 -0.802584 -0.11621047 999.65 
20150622161525 4.5807066 -12.085332 3.9414546 0.6371191 -0.5582379 -0.30863303 999.65 
20150622161525 2.6372132 -10.992977 -1.5071499 0.12429778 -0.768681 -0.22799882 999.65 
20150622161525 -1.1348516 -11.745954 -2.7964275 0.5503763 -0.010291748 -0.46287653 999.65 
20150622161525 0.17118542 -11.33894 -2.5719712 0.3353517 0.54254127 -0.45829502 999.65 
20150622161525 0.1388637 -11.362283 -1.1552023 0.034195155 0.45213327 -0.5673344 999.65 
20150622161525 0.6913257 -10.061633 -2.2062569 -0.34851193 0.6427232 -0.61498195 999.65 
20150622161525 0.7553706 -7.9870567 -3.8337154 -0.9306665 1.3638496 -0.5221304 999.65 
20150622161525 0.7032967 -6.06571 -3.530849 -1.3063486 2.171108 -0.38193685 999.49 
20150622161525 0.80684596 -8.951322 1.6220716 -2.0390816 1.9563888 -0.10826922 999.49 
20150622161525 0.050876785 -12.297218 3.1202433 -2.5302172 1.3757615 0.1531811 999.49 
20150622161525 1.1336545 -10.00477 1.9919758 -2.0855072 1.1882259 0.26374772 999.49 
20150622161525 2.48578 -4.9583917 -0.76434886 -1.1572975 1.5907861 0.41096622 999.49 
20150622161525 0.8122329 -3.6631286 -2.360683 -0.66952163 1.9484476 0.2936801 999.49 
20150622161525 -0.08499416 -4.324527 -1.9967642 -0.9474653 1.9563888 -0.07864226 999.49 
20150622161525 -0.11372458 -6.157887 0.05925649 -1.3029888 2.1659155 -0.25090626 999.49 
20150622161525 -2.1362264 -8.810063 1.4903905 -1.386372 2.3693337 -0.48334047 999.49 
20150622161525 -3.8055837 -9.176376 0.4345476 -0.89432 2.388576 -0.64430344 999.53 
20150622161525 -1.6412252 -8.201937 0.7727286 -0.37600088 2.0541272 -0.38163143 999.53 
20150622161525 0.8607155 -8.8777 0.7846996 -0.3588966 1.7578577 -0.077115096 999.53 
20150622161525 0.3693056 -10.043077 3.4901476 -0.6218741 1.6851648 -0.102160566 999.53 
20150622161525 -3.9576154 -11.657967 3.1387985 -0.8029957 1.6928006 -0.52732277 999.53 
20150622161525 -6.729502 -11.467029 1.2132617 -0.5785027 1.7520546 -0.6821771 999.53 
20150622161525 -5.9890957 -10.589554 0.79128367 -0.4474721 1.6329358 -0.36330548 999.53 
20150622161525 -4.345476 -11.229404 -1.2922704 -0.70983875 1.2670275 0.031924352 999.53 
20150622161525 -4.088698 -13.493122 -1.6304513 -0.9266959 0.69495213 0.14951591 999.53 
20150622161525 -1.7956513 -13.403339 -1.9764135 -0.9315828 -0.11261168 0.2955127 999.58 
20150622161525 -0.31124622 -13.102269 -4.1641154 -0.51619446 -0.77509505 0.7561051 999.58 
20150622161525 2.7138276 -14.290391 -0.6404489 0.1740833 -1.4091731 1.1876814 999.58 
20150622161525 6.0699 -18.074427 0.26156655 0.75318354 -1.7054428 1.4476045 999.58 
20150622161525 4.0162735 -19.608511 -0.2693477 1.1258113 -1.810817 1.327875 999.58 
20150622161525 4.1461587 -15.812505 -1.7770962 1.1633795 -1.5719687 1.1482806 999.58 
20150622161525 0.34955344 -13.637373 -2.011728 1.5100456 -0.9348363 0.97510034 999.58 
20150622161525 -3.280655 -13.536817 -1.8261774 1.3970356 -0.49409702 0.5551305 999.58 
20150622161525 -2.433706 -10.903194 -1.9758149 1.2253824 -0.7017912 0.20815897 999.58 
20150622161525 -0.6931214 -6.52001 -1.3042414 1.113594 -1.2091148 0.65256345 999.53 
20150622161525 -0.31124622 -3.489549 -1.0923545 1.2140814 -1.6758158 0.77962345 999.53 
20150622161525 0.110133275 -3.4769795 -0.3274071 1.2944102 -2.7408595 0.44395295 999.53 
20150622161526 1.4921862 -4.216788 -1.1384429 1.0943519 -3.3059099 0.04475252 999.53 
20150622161526 2.1972785 -3.9480386 -0.58119243 0.8454242 -3.5966816 0.003824547 999.53 
20150622161526 2.380435 -2.4570496 0.6147113 0.53968614 -3.1180687 0.069187135 999.53 
20150622161526 1.6921021 -1.5113398 1.7998412 0.15392475 -2.7979753 0.25000325 999.53 
20150622161526 0.45190558 -2.244564 2.7868507 -0.04796622 -2.2564433 0.33521894 999.53 
20150622161526 -0.587178 -5.243302 3.769072 -0.07637145 -1.6235868 0.24420002 999.53 
20150622161526 -1.7070658 -8.052299 5.849633 -0.058961794 -1.3557224 0.19074932 999.57 
20150622161526 -3.3063924 -10.585963 5.333683 -0.0064273924 -1.2674524 0.0077951737 999.57 
20150622161526 -3.6194344 -10.664971 2.8724434 0.37566882 -1.1046568 0.11988895 999.57 
20150622161526 -0.504578 -11.459248 2.4079683 0.6731602 -0.9116234 0.3834773 999.57 
20150622161526 2.8975825 -14.472351 4.2179847 0.52197105 -0.8771095 0.58109224 999.57 
20150622161526 5.3354783 -15.303738 7.1526775 -0.17624792 -1.0515115 0.3126169 999.57 
20150622161526 6.823475 -19.137453 5.227141 -0.2678777 -1.2210267 -0.06673039 999.57 
20150622161526 1.8674773 -18.383877 4.6722846 0.48776257 -1.0909123 -0.45218638 999.57 
20150622161526 4.88058 -10.129868 0.9151836 0.4731018 -1.1184013 -0.3776608 999.57 
20150622161526 2.3690627 -8.824429 -2.1122844 0.2825119 -0.70118034 -0.17271551 999.48 
20150622161526 1.1761516 -9.07582 -1.5807717 -0.09103222 0.52177185 -0.26739964 999.48 
20150622161526 0.30705637 -9.664195 -0.7685388 -0.0076491237 0.88584757 -0.41645074 999.48 
20150622161526 -0.4782418 -10.688315 -3.032855 0.10200119 0.7844439 -0.4075932 999.48 
20150622161526 -0.6147113 -9.974244 -4.237737 -0.27734613 0.7642854 -0.3626946 999.48 
20150622161526 0.59256494 -8.3390045 -4.9045224 -0.81124234 1.6036142 -0.3571968 999.48 
20150622161526 1.352724 -9.227253 -1.6256629 -1.5882629 2.1671374 -0.21028373 999.48 
20150622161526 1.7441759 -12.0332575 3.481768 -2.4052951 1.6469857 -0.099106245 999.48 
20150622161526 1.3892355 -11.374253 2.5432408 -2.2657125 1.1970835 -0.11132354 999.48 
20150622161526 1.5131354 -5.981913 0.6266823 -1.4077522 1.2303756 -0.0865835 999.43 
20150622161526 2.8125885 -2.5839422 -2.6844985 -0.7028138 1.566657 0.16203865 999.43 
20150622161526 0.40342298 -2.6833014 -3.5272577 -0.7712307 1.6940223 0.09881409 999.43 
20150622161526 -0.26635495 -4.582502 -2.5300727 -1.19792 1.9771584 -0.18187848 999.43 
20150622161526 -0.545878 -7.6363063 0.31783026 -1.678671 2.1882122 -0.283893 999.43 
20150622161526 -2.8269536 -11.001357 1.3946224 -1.626442 2.4453864 -0.5007501 999.43 
20150622161526 -3.0867245 -10.262147 0.320823 -0.892182 2.5031133 -0.456157 999.43 
20150622161526 0.82001406 -8.306683 -0.760159 -0.5216922 2.092001 -0.11895936 999.43 
20150622161526 2.4361002 -8.000824 2.8365304 -0.61943066 1.967079 0.12141611 999.43 
20150622161526 1.2689269 -9.753978 3.9372647 -0.8292629 1.9179044 -0.30099723 999.5 
20150622161526 -6.157887 -13.750499 2.4331074 -0.45907855 1.7141808 -0.9634806 999.5 
20150622161526 -8.48984 -12.8209505 1.5328877 -0.2846765 1.9047709 -1.0306758 999.5 
20150622161526 -5.453393 -8.668806 0.90740246 -0.506726 1.856818 -0.13545272 999.5 
20150622161526 -4.711789 -9.46847 -1.965041 -0.6600532 1.6897463 0.26313683 999.5 
20150622161526 -5.503671 -12.704233 -2.0727801 -0.84758884 0.95426446 0.23809138 999.5 
20150622161526 -0.5410896 -12.46182 -4.332308 -0.81307495 0.22916743 0.5022906 999.5 
20150622161526 2.36188 -13.385384 -4.0880995 -0.24771917 -0.8386251 0.9433353 999.5 
20150622161526 7.0826473 -19.488203 -1.4089876 0.476767 -1.5264592 1.1727152 999.5 
20150622161526 4.2341456 -19.608511 0.09935937 1.0928247 -1.889924 1.1736315 999.43 
20150622161526 3.4560301 -16.977283 -1.7513585 1.1279495 -1.8095953 0.9137083 999.43 
20150622161526 1.7310078 -13.819332 -1.5436616 1.3961192 -1.2402688 1.2307475 999.43 
20150622161526 0.9463082 -12.325351 -2.847903 1.6453522 -0.23814449 1.0801691 999.43 
20150622161526 -3.4955344 -13.177088 -2.2164323 1.5344802 -0.07840323 0.6941023 999.43 
20150622161526 -2.5540147 -11.045051 -1.7208325 1.2232444 -0.3355775 0.49526563 999.43 
20150622161526 -1.0582372 -5.796961 -0.6811504 1.1175647 -0.9607981 1.1269003 999.43 
20150622161526 -0.8463503 -2.9945478 -0.30825347 1.2266041 -1.8099008 1.1397285 999.43 
20150622161527 -0.2896984 -3.7732618 -0.42437226 1.2565366 -2.9681013 0.43479 999.43 
20150622161527 0.75596917 -3.8744168 -0.6500258 1.0060818 -3.8178148 -0.21486521 999.62 
20150622161527 1.4706384 -2.7473464 -0.050278235 0.73669016 -3.912499 -0.33581653 999.62 
20150622161527 1.6178818 -1.5532384 0.6015432 0.46699315 -3.55667 -0.24021614 999.62 
20150622161527 1.2797008 -1.3916297 1.3599066 0.17072354 -3.1739628 -0.06764668 999.62 
20150622161527 0.82779527 -3.6996403 2.7856536 -0.0021513253 -2.4534473 0.057275258 999.62 
20150622161527 0.20290859 -5.7987566 4.3999443 -0.06812478 -1.8908404 0.15898432 999.62 
20150622161527 -0.30466217 -8.368334 5.533599 -0.12860043 -1.7304883 0.11469659 999.62 
20150622161527 -0.13347675 -10.589554 5.6964045 0.13010101 -1.3343421 0.13332799 999.62 
20150622161527 -0.50996494 -11.171345 2.8000188 0.7650954 -1.0918286 0.26222056 999.62 
20150622161527 1.1067197 -15.059528 1.3958195 1.0176883 -0.768681 0.4173803 999.66 
20150622161527 2.445677 -15.948975 4.590882 0.5668696 -0.6092451 0.50931555 999.66 
20150622161527 5.869984 -13.232753 7.2065473 -0.25321695 -0.65170026 0.22220889 999.66 
20150622161527 4.992509 -15.42225 5.7143607 -0.43647653 -0.9485808 -0.0761988 999.66 
20150622161527 0.6985083 -15.207371 4.1066546 0.42820323 -0.8969627 -0.6727087 999.66 
20150622161527 4.4556093 -11.832744 -0.26755205 0.2806793 -1.0179139 -0.49616864 999.66 
20150622161527 2.883816 -11.611878 -2.3594859 0.087035 -0.45958313 -0.29824832 999.66 
20150622161527 2.055422 -10.808623 -2.7982233 0.13682051 0.37027732 -0.3205449 999.66 
20150622161527 -0.11671733 -11.736976 -2.0165164 -0.06751391 0.80276984 -0.44913203 999.66 
20150622161527 -0.16879122 -10.74817 -2.0165164 -0.22236824 0.8513337 -0.6049026 999.57 
20150622161527 -1.453879 -8.450335 -2.6222494 -0.79658157 1.3446074 -0.37796623 999.57 
20150622161527 -1.7531542 -5.895722 -3.103484 -1.1319466 2.2004294 -0.3410089 999.57 
20150622161527 -1.0672154 -6.035184 -1.5334862 -1.5387828 2.2282238 -0.22677708 999.57 
20150622161527 0.40521863 -8.070255 1.4000094 -2.1187994 1.4050831 -0.048404433 999.57 
20150622161527 1.0935516 -9.760562 2.0141222 -2.2235627 1.0761322 0.015430989 999.57 
20150622161527 1.2174516 -6.9557543 0.6003461 -1.576351 1.2957382 0.05758069 999.57 
20150622161527 1.2491747 -4.426879 -0.521936 -1.055283 1.4124135 0.21671107 999.57 
20150622161527 0.57520694 -5.0906715 -1.7812861 -1.0745252 1.2233506 0.16203865 999.57 
20150622161527 0.6853402 -6.4266357 -1.2096704 -1.3295615 1.3458291 0.066438235 999.5 
20150622161527 1.2485762 -7.3388267 0.32441434 -1.5061015 1.672642 -0.111018114 999.5 
20150622161527 0.2789245 -8.280347 0.56323594 -1.2339611 1.9960953 -0.2765626 999.5 
20150622161527 -1.0133458 -9.131485 0.05267244 -0.8937092 1.9008002 -0.37704995 999.5 
20150622161527 0.9223662 -8.23366 0.5201403 -0.57819724 1.6475966 -0.41339642 999.5 
20150622161527 2.2768857 -8.698134 2.0201077 -0.5870548 1.4899933 -0.38712922 999.5 
20150622161527 0.80564886 -11.456854 2.8341362 -0.695178 1.5208421 -0.7454017 999.5 
20150622161527 -4.3239284 -13.511079 1.602918 -0.49389786 1.9075197 -0.85871714 999.5 
20150622161527 -5.887342 -12.245145 1.264737 -0.3921888 2.0855868 -0.53648573 999.5 
20150622161527 -4.284424 -9.514558 -0.15263036 -0.71778 2.0354958 0.15104307 999.65 
20150622161527 -6.3661823 -13.11424 -3.2172086 -0.9138677 1.8183334 0.21671107 999.65 
20150622161527 -1.5682021 -13.113641 -2.6880898 -1.0280995 1.0917091 0.20327204 999.65 
20150622161527 -0.18076223 -12.8532715 -3.8498764 -0.66035867 0.29147568 0.65531236 999.65 
20150622161527 2.5276785 -14.437634 -1.5304934 -0.1292113 -0.6086343 0.97479486 999.65 
20150622161527 6.9611416 -18.034325 -1.5209166 0.36161894 -1.243934 1.1152939 999.65 
20150622161527 5.4366336 -19.160797 -1.8219875 1.000584 -1.3658017 1.354753 999.65 
20150622161527 5.1385555 -16.584036 -1.2216414 0.9929481 -1.2246919 1.0813909 999.65 
20150622161527 2.5719712 -14.51784 -0.41000703 1.3084601 -0.88291276 1.1073526 999.65 
20150622161527 0.6278794 -13.25071 -1.5191209 1.6242775 -0.43239963 0.9094323 999.44 
20150622161527 -2.284667 -12.901155 -3.7373488 1.6838368 -0.19263503 0.6333212 999.44 
20150622161527 -3.4703953 -12.310387 -1.9195513 1.354275 0.024222136 0.47571793 999.44 
20150622161527 -1.2018893 -7.4866686 -0.40043023 0.9627103 -0.5069252 0.8718641 999.44 
20150622161528 -0.41120413 -3.1256304 0.45250413 0.8329014 -1.1391706 1.3764387 999.44 
20150622161528 -0.12808979 -2.9101522 0.35314476 0.9236149 -2.4656646 1.039852 999.44 
20150622161528 0.9068039 -3.2531216 -0.5374983 0.9449952 -3.321487 0.3358298 999.44 
20150622161528 1.2018893 -3.0119057 -0.46567222 0.9285019 -3.5267377 0.0044354126 999.44 
20150622161528 1.0319009 -1.9632454 0.18674773 0.71133924 -3.416171 -0.2072294 999.44 
20150622161528 0.40282443 -1.3964181 1.6316484 0.35887003 -3.2851405 -0.2026479 999.53 
20150622161528 -0.11492168 -1.8632874 2.813187 0.07329053 -2.7579637 -0.11559961 999.53 
20150622161528 -0.60932434 -5.015254 3.8426938 -0.05468574 -2.0927315 -0.0126688145 999.53 
20150622161528 -1.412579 -8.3072815 4.729147 -0.12035376 -1.681619 0.14401811 999.53 
20150622161528 -2.1948843 -11.1096945 5.5503583 0.068709046 -1.2518753 0.2411457 999.53 
20150622161528 -1.7669208 -11.760319 3.2429461 0.5787815 -1.0234118 0.427765 999.53 
20150622161528 0.8218097 -14.383166 2.0141222 1.0066926 -0.90062785 0.8077232 999.53 
20150622161528 1.3245921 -14.606426 4.404134 0.6566668 -0.7818146 0.8614794 999.53 
20150622161528 6.6247563 -11.662755 6.7187285 -0.23366925 -0.8041112 0.47113645 999.53 
20150622161528 2.31639 -15.468339 4.8973393 -0.5583441 -1.1232882 0.14126924 999.52 
20150622161528 2.7856536 -13.338098 3.4392707 0.35337222 -1.2808914 -0.5856604 999.52 
20150622161528 5.3606176 -12.126632 0.11851298 0.37811226 -1.3725212 -0.5639747 999.52 
20150622161528 1.0959458 -12.689868 -2.4875755 0.11513479 -0.86703026 -0.40973124 999.52 
20150622161528 2.1829133 -11.39221 -1.6956934 0.2638805 -0.14926359 -0.38163143 999.52 
20150622161528 0.46148238 -12.172121 0.22445641 -0.021088153 0.39410105 -0.22769338 999.52 
20150622161528 0.27234045 -11.419744 -1.353921 -0.16555779 0.25482377 -0.33978716 999.52 
20150622161528 -1.4036007 -9.084799 -3.6002808 -0.47221214 0.9396036 -0.22891513 999.52 
20150622161528 -0.98940384 -5.4761376 -4.035427 -0.9633478 1.938063 -0.16263622 999.52 
20150622161528 0.8391677 -4.805163 -1.5478514 -1.603229 2.2535748 0.034673244 999.43 
20150622161528 1.7058687 -7.1155677 1.316811 -2.0998626 1.3574356 0.008406039 999.43 
20150622161528 3.317765 -10.12448 1.6370354 -2.0109818 0.9212777 -0.1333147 999.43 
20150622161528 1.821389 -8.635287 -0.41000703 -1.2718347 1.2471744 -0.20997828 999.43 
20150622161528 0.7350199 -6.177639 -1.09834 -0.9514359 1.6081958 -0.2212793 999.43 
20150622161528 -0.6488287 -6.1489086 -2.6288335 -1.0528395 1.8183334 -0.16019276 999.43 
20150622161528 -0.985214 -6.651691 -1.9937714 -1.2886335 2.0190024 -0.13820162 999.43 
20150622161528 -0.21068975 -7.479486 -0.05207389 -1.542448 2.297557 -0.09849539 999.43 
20150622161528 -0.4309563 -7.8308353 1.0055647 -1.3332267 2.5134978 -0.21853042 999.43 
20150622161528 -1.353921 -8.483255 0.6596026 -0.90562105 2.4673777 -0.32023948 999.53 
20150622161528 -0.075417355 -8.243237 -0.20290859 -0.5021445 2.1515603 -0.3541425 999.53 
20150622161528 2.0590134 -7.0605006 0.9151836 -0.5876657 2.0354958 -0.3205449 999.53 
20150622161528 -0.6679823 -9.755175 1.9183542 -0.78405887 2.0400774 -0.57038873 999.53 
20150622161528 -7.417835 -14.3813715 2.0045455 -0.75504273 2.0131993 -1.1238327 999.53 
20150622161528 -3.2704794 -9.613318 1.1749545 -0.58461136 1.8326887 -0.68523145 999.53 
20150622161528 -3.7295678 -10.108918 -0.52133745 -0.65119565 1.6802778 0.14798874 999.53 
20150622161528 -5.892729 -14.970345 -1.8920178 -0.81643474 1.5022106 0.08659679 999.53 
20150622161528 -2.4570496 -13.64276 -1.9710265 -1.0751361 1.0410074 -0.06947928 999.53 
20150622161528 -1.0708067 -13.814544 -4.911705 -0.8033011 0.19679156 0.5371099 999.58 
20150622161528 2.0632033 -14.489709 -1.8411411 -0.10874732 -0.58511597 0.98976105 999.58 
20150622161528 4.841076 -18.525734 -1.9895816 0.5497654 -1.0612854 1.3242098 999.58 
20150622161528 4.2275615 -19.608511 -1.8195933 1.3536642 -1.3734375 1.4213374 999.58 
20150622161528 4.763264 -16.591219 -2.2427685 1.292883 -1.5023301 1.3058839 999.58 
20150622161528 3.4464533 -13.576321 -1.3605051 1.6688706 -1.2475992 1.3898778 999.58 
20150622161528 1.6304513 -13.059772 -2.2816741 1.8536572 -0.9418613 0.9625776 999.58 
20150622161528 -2.6994624 -13.816938 -2.3636756 1.6868911 -0.47729823 0.48060486 999.58 
20150622161528 -2.717419 -11.0695915 -3.2603042 1.4123071 -0.24119881 0.34865797 999.58 
20150622161529 -1.745373 -4.3281183 -1.2545617 1.2971591 -0.81541216 0.8431534 999.49 
20150622161529 -2.5809495 -1.8118122 0.0017956513 1.2559257 -1.4290262 0.9066834 999.49 
20150622161529 -0.84934306 -3.3572693 0.4854244 0.977982 -3.060342 0.20327204 999.49 
20150622161529 1.0875661 -3.369839 -0.2172738 0.92911273 -3.6504378 -0.08688895 999.49 
20150622161529 1.6178818 -2.693477 0.54408234 0.7519618 -3.524905 -0.13300925 999.49 
20150622161529 1.1019313 -1.9327193 1.8656816 0.34543097 -3.1131818 0.056053527 999.49 
20150622161529 0.45549688 -2.1817162 3.1322143 0.11208047 -2.7915614 0.2325936 999.49 
20150622161529 0.25977087 -4.875193 3.7002387 0.028086498 -2.2045197 0.29062578 999.49 
20150622161529 -0.036511578 -7.21373 3.7553053 0.13407163 -1.7570609 0.34957427 999.49 
20150622161529 -0.58777654 -8.710705 3.3752258 0.41170985 -1.4329969 0.39416742 999.57 
20150622161529 -0.4333505 -9.108142 3.1016884 0.6423115 -1.2546242 0.3526286 999.57 
20150622161529 0.45789108 -11.756129 2.3391352 0.80296904 -1.2356874 0.33888412 999.57 
20150622161529 1.3754689 -14.025233 3.8097734 0.5439622 -1.0545659 0.362097 999.57 
20150622161529 -0.33638534 -12.720992 6.739678 -0.36500528 -0.6074126 0.26283142 999.57 
20150622161529 3.7726634 -12.066776 9.346365 -0.94288385 -0.66849905 0.08506963 999.57 
20150622161529 -0.22625206 -16.399683 3.8355112 -0.95937717 -0.9009333 -0.022137225 999.57 
20150622161529 2.4875755 -16.455946 0.4309563 0.6022998 -0.99683917 -0.33856544 999.57 
20150622161529 5.5419784 -15.780782 -4.8255134 0.562899 -0.95957637 -0.19898272 999.57 
20150622161529 3.3381157 -12.588114 -3.3279405 0.49203867 -0.6941554 -0.21517065 999.66 
20150622161529 3.4566288 -10.864887 0.45609543 0.12918471 0.185796 -0.36483264 999.66 
20150622161529 -0.015562311 -11.541249 0.64703304 -0.3045296 0.49825355 -0.5997103 999.66 
20150622161529 -1.6519991 -10.515932 -2.4313118 -0.2003771 0.5538423 -0.6217014 999.66 
20150622161529 -1.4927847 -6.367379 -5.2247467 -0.5122238 1.0990396 -0.15683302 999.66 
20150622161529 1.1492168 -3.2890346 -5.0523643 -1.0378734 1.8116139 0.2121296 999.66 
20150622161529 2.373851 -4.5058875 -1.9237411 -1.71685 1.4826629 0.198996 999.66 
20150622161529 3.1974564 -7.9810715 1.3365631 -2.1682794 0.8302588 -0.087194376 999.66 
20150622161529 2.2463598 -13.037625 2.3780408 -2.0173957 0.88187695 -0.46501455 999.66 
20150622161529 -0.3274071 -10.849923 0.4321534 -1.3695731 1.7172352 -0.53648573 999.44 
20150622161529 -0.6805518 -7.0126166 -1.1498153 -1.0106899 2.2499096 -0.09544105 999.44 
20150622161529 -1.3221979 -6.013636 -1.7705121 -0.97220534 2.2065382 0.039560165 999.44 
20150622161529 -0.56084174 -5.282806 -0.45310268 -1.172569 2.0782564 0.009016905 999.44 
20150622161529 0.3196259 -6.2249246 0.88645315 -1.2837466 2.0278602 -0.08536177 999.44 
20150622161529 -1.4754268 -9.426571 0.47105917 -1.0167985 2.3076363 -0.34161976 999.44 
20150622161529 -2.5013423 -11.978789 0.5518635 -0.5262737 2.3894923 -0.62903184 999.44 
20150622161529 0.5398925 -7.6590514 1.5508442 -0.33446202 2.2169228 -0.26373443 999.44 
20150622161529 1.186327 -6.2650275 2.6497827 -0.47496104 1.9683007 0.007184308 999.44 
20150622161529 -0.25677812 -7.97748 2.3373394 -0.48962182 1.693106 -0.18432194 999.62 
20150622161529 -6.6804214 -12.439673 2.0338743 -0.4126528 1.4796087 -0.59390706 999.62 
20150622161529 -4.9422307 -11.775881 0.60932434 -0.45388615 1.43471 -0.7628113 999.62 
20150622161529 -2.7443538 -10.672752 -0.6572084 -0.5577333 1.2175474 -0.24785194 999.62 
20150622161529 -4.6686935 -13.455414 -1.5598224 -0.8442291 1.0129076 0.0065734424 999.62 
20150622161529 -3.277662 -12.314576 -1.049259 -0.99725085 0.64791554 -0.13209298 999.62 
20150622161529 -1.1067197 -11.803414 -2.3175871 -0.7748959 0.020556942 0.36851108 999.62 
20150622161529 1.6741456 -13.635577 -0.19752164 -0.3491228 -0.57564753 0.6644753 999.62 
20150622161529 6.51582 -17.652449 0.973243 0.3219127 -1.0188303 0.931118 999.62 
20150622161529 3.8426938 -19.238607 -3.0262709 1.1233679 -1.2753936 1.214254 999.43 
20150622161529 3.208829 -16.78934 -1.9764135 1.3573294 -1.1293968 1.1821836 999.43 
20150622161529 1.9602526 -16.188395 -0.56443304 1.4284952 -1.0114999 1.2588472 999.43 
20150622161529 0.7074866 -14.387955 -0.35793316 1.5998428 -0.70942706 0.96043956 999.43 
20150622161529 -1.9560628 -13.554773 -4.425083 1.6618457 -0.34351873 0.63668096 999.43 
20150622161530 -3.1711202 -13.113641 -1.347337 1.4749209 -0.2888463 0.5346665 999.43 
20150622161530 -0.59136784 -8.49343 -1.079785 0.9947807 -0.6804109 1.146448 999.43 
20150622161530 -0.31663316 -3.709217 -0.13467385 0.9975297 -1.4794226 1.4390525 999.43 
20150622161530 -0.6386533 -4.372411 -0.08379706 1.0341816 -2.6241841 0.92042786 999.43 
20150622161530 0.6853402 -5.1523223 -0.81761986 0.97034615 -3.490391 0.4002761 999.64 
20150622161530 1.7256209 -4.06715 -0.76195467 0.8289308 -3.6690693 0.09362174 999.64 
20150622161530 2.284667 -2.2691047 -0.30585927 0.50547767 -3.5698037 0.06368934 999.64 
20150622161530 1.3072342 -0.90141696 0.7422025 0.23944588 -3.352641 0.09637064 999.64 
20150622161530 0.31902736 -2.1625626 2.1374235 -0.024753347 -2.8972409 0.06827083 999.64 
20150622161530 0.18555063 -5.341464 5.133168 -0.25871474 -2.4366486 -4.515089E-4 999.64 
20150622161530 -0.94570965 -7.9206176 5.7909756 -0.2947558 -2.1846666 0.007184308 999.64 
20150622161530 -1.7932571 -10.357317 4.337695 -0.1142451 -1.8212017 -0.077115096 999.64 
20150622161530 -1.2838906 -10.00477 2.6623523 0.43309015 -1.3642745 0.11775092 999.64 
20150622161530 0.6907272 -13.669096 1.115698 0.98592323 -1.1116817 0.44914532 999.6 
20150622161530 2.2319946 -15.113399 4.35625 0.73669016 -1.1184013 0.5872009 999.6 
20150622161530 5.803545 -12.937668 8.208521 -0.045828193 -1.003864 0.5560467 999.6 
20150622161530 6.3805475 -15.172056 6.1902084 -0.74068743 -1.1859019 0.19074932 999.6 
20150622161530 1.3844471 -16.99165 2.7162218 0.31488776 -1.1376436 -0.50502616 999.6 
20150622161530 5.342661 -12.45763 0.56084174 0.66644067 -0.86397594 -0.546565 999.6 
20150622161530 1.1767502 -14.629171 -2.7898436 0.12185432 -0.5698443 -0.22555536 999.6 
20150622161530 2.9005754 -11.07438 -1.2389994 0.2782358 0.4945884 -0.22372276 999.6 
20150622161530 0.19153613 -12.146982 -0.12030864 -0.06048896 1.031539 -0.18890345 999.6 
20150622161530 -0.75357497 -11.999141 -0.8463503 0.047939613 0.7639799 -0.49769583 999.64 
20150622161530 -1.5831659 -9.367314 -3.6733038 -0.25810388 0.8513337 -0.43355498 999.64 
20150622161530 -0.8846575 -6.027403 -5.1888337 -0.83720416 1.7606066 -0.21028373 999.64 
20150622161530 1.168969 -4.730344 -3.2680852 -1.3231474 2.234638 -0.010225352 999.64 
20150622161530 2.6743233 -6.9569516 1.3850456 -2.1710284 1.7367829 0.1269139 999.64 
20150622161530 3.2429461 -11.071387 2.6264393 -2.3054187 1.0834625 -0.119264804 999.64 
20150622161530 1.0408791 -11.33056 1.4317327 -1.384234 1.3745399 -0.49830666 999.64 
20150622161530 -0.02813187 -6.739678 0.0035913025 -0.9285285 1.7676315 -0.4439397 999.64 
20150622161530 -0.0676362 -4.619014 -1.9937714 -0.79535985 1.8455169 -0.06642495 999.64 
20150622161530 -0.29568392 -5.031415 -1.6328455 -1.0916295 1.9304272 -0.033743665 999.59 
20150622161530 -0.0011971008 -6.2464724 0.40761283 -1.5256492 2.1384268 -0.045655534 999.59 
20150622161530 -2.3229742 -8.7532015 1.3156139 -1.5189297 2.361698 -0.1968447 999.59 
20150622161530 -4.0402155 -10.704475 0.79607207 -1.036957 2.4123998 -0.4393582 999.59 
20150622161530 -0.8810662 -8.854357 -0.04309563 -0.5708669 2.1439245 -0.22769338 999.59 
20150622161530 1.6376339 -7.5375457 2.190096 -0.4972576 1.9056871 0.053610064 999.59 
20150622161530 1.3443443 -8.00621 2.3187842 -0.6579152 1.818028 -0.034049094 999.59 
20150622161530 -3.9396589 -11.746552 2.1649568 -0.64661413 1.4151623 -0.57313764 999.59 
20150622161530 -6.569091 -12.194268 2.083554 -0.36286724 1.4377644 -0.9283558 999.59 
20150622161530 -3.503914 -9.569624 0.9056068 -0.41876143 1.2328191 -0.5160217 999.64 
20150622161530 -3.441665 -10.50875 -1.6555905 -0.7000649 1.1421056 0.024593968 999.64 
20150622161530 -5.403713 -14.2622595 -1.7884687 -1.0537559 0.89775944 -0.017861165 999.64 
20150622161530 -1.8375498 -13.039421 -1.9446903 -1.127976 0.29758433 0.07407405 999.64 
20150622161530 0.45669398 -13.401544 -2.5797524 -0.8659148 -0.42201492 0.77809626 999.64 
20150622161530 3.46022 -14.429853 -1.75076 -0.1722773 -0.95407856 1.1180428 999.64 
20150622161530 5.5982423 -19.370289 -3.4572272 0.70370346 -1.235382 1.3541422 999.64 
20150622161530 3.6822822 -19.34515 -1.8423382 1.0894649 -1.19873 1.1931792 999.64 
20150622161530 3.7193923 -15.937602 -1.9692309 1.0631977 -1.1910943 1.1705772 999.64 
20150622161530 2.3127987 -13.968371 -1.6956934 1.6862803 -1.0982428 1.0199989 999.45 
20150622161531 1.3928268 -13.326725 -2.432509 1.744007 -0.6092451 0.6052214 999.45 
20150622161531 -1.8746599 -13.3147545 -2.4636335 1.6419926 -0.2888463 0.36973283 999.45 
20150622161531 -1.4431051 -11.118672 -1.8489223 1.3438903 -0.4067433 0.36698392 999.45 
20150622161531 -0.5506664 -6.4751186 -0.46507367 1.1429156 -0.856951 0.9097377 999.45 
20150622161531 -0.9068039 -3.0424318 0.7152678 1.2345454 -1.5896838 0.8233003 999.45 
20150622161531 0.06823475 -3.7894228 0.24061728 1.1230625 -2.6489244 0.32880485 999.45 
20150622161531 0.7493851 -3.594894 -0.12988544 1.035098 -3.2387147 -0.06947928 999.45 
20150622161531 0.97025025 -2.634819 0.44592008 0.8157972 -3.0881364 -0.15836018 999.45 
20150622161531 0.55844754 -1.9614497 1.3311762 0.5244145 -2.726504 -0.10154971 999.66 
20150622161531 0.12449849 -2.392406 2.130241 0.1798865 -2.4464223 0.034673244 999.66 
20150622161531 0.026934769 -4.909311 3.5218706 -0.04918795 -1.8569374 0.13882577 999.66 
20150622161531 -0.8182184 -7.2711906 4.3281183 -0.118521154 -1.4898074 0.1776157 999.66 
20150622161531 -1.0289081 -9.582193 5.4043117 -0.077287756 -1.407646 0.041392762 999.66 
20150622161531 -1.6358383 -10.402207 4.197036 0.12918471 -1.2146126 0.07865554 999.66 
20150622161531 -0.11252748 -9.70789 2.369661 0.62948334 -1.103435 0.30253765 999.66 
20150622161531 1.4574703 -14.261063 2.321777 0.7818942 -0.8187719 0.5749836 999.66 
20150622161531 2.823961 -15.413871 6.585252 0.33229738 -0.8447337 0.5578793 999.66 
20150622161531 6.1237693 -18.026543 6.3248825 -0.37386283 -0.9571329 0.37859038 999.64 
20150622161531 1.7770962 -16.62833 3.9318779 0.10322292 -1.035629 -0.14217225 999.64 
20150622161531 3.5535939 -11.652579 2.707842 0.43400645 -0.84717715 -0.37918797 999.64 
20150622161531 3.8642416 -12.917316 -1.0821792 0.017090932 -1.0026424 -0.21181089 999.64 
20150622161531 1.1055226 -11.325771 -2.3594859 0.45508128 -0.23814449 -0.35841855 999.64 
20150622161531 1.1246762 -10.007165 -1.3796587 0.30480844 0.511998 -0.36483264 999.64 
20150622161531 -1.4377182 -10.21546 -0.40043023 0.07970461 0.4218954 -0.5297662 999.64 
20150622161531 -1.7782934 -10.469246 -2.2373815 -0.16983384 0.4105944 -0.585355 999.64 
20150622161531 -1.541866 -8.461707 -3.642778 -0.67440856 1.1304991 -0.38804552 999.64 
20150622161531 0.0712275 -6.26802 -4.220978 -1.1044576 1.9912082 -0.18340564 999.52 
20150622161531 1.7764976 -7.2867527 -0.47046062 -1.7693844 1.7447242 0.036200408 999.52 
20150622161531 3.2064347 -10.439917 3.3650506 -2.1872163 0.9444906 0.006878875 999.52 
20150622161531 1.2958617 -9.174581 0.80086046 -1.8103124 0.91333646 -0.077420525 999.52 
20150622161531 0.32680854 -6.275801 -0.7086837 -1.0021378 1.3504106 -0.16721773 999.52 
20150622161531 -1.6651673 -5.9106855 -1.839944 -0.8268194 1.7126538 -0.11773763 999.52 
20150622161531 -1.7010803 -6.6642604 -1.7369933 -1.1035414 1.7416698 -0.046571836 999.52 
20150622161531 -0.0724246 -7.1724296 -0.22445641 -1.3652971 1.9719659 0.042614494 999.52 
20150622161531 0.2669535 -7.3364325 0.6739678 -1.4618138 2.1387322 -0.061843462 999.52 
20150622161531 -1.3210008 -8.170214 0.6147113 -1.0073301 2.2673192 -0.33428937 999.62 
20150622161531 -0.32142156 -8.115746 0.86610246 -0.54612684 1.8546798 -0.5154109 999.62 
20150622161531 1.8800468 -7.37055 1.4903905 -0.47526646 1.5196203 -0.41400728 999.62 
20150622161531 1.4221559 -7.669825 2.224812 -0.7183908 1.5767362 -0.39934653 999.62 
20150622161531 -2.5917234 -10.590153 2.2822728 -0.8350661 1.690968 -0.71730185 999.62 
20150622161531 -5.939416 -13.073539 1.6591818 -0.70464635 1.7273145 -0.8675747 999.62 
20150622161531 -3.8253357 -11.084556 0.62608373 -0.66707814 1.5892589 -0.3681924 999.62 
20150622161531 -3.7235823 -11.413159 -1.0055647 -0.76512206 1.4273796 0.28818232 999.62 
20150622161531 -5.029619 -14.56752 -2.0500352 -1.0064138 1.2206018 0.14462899 999.62 
20150622161531 -2.8616695 -13.881581 -2.0614076 -1.0549775 0.6063767 0.083847895 999.61 
20150622161531 -1.1540052 -12.755708 -3.2740707 -0.68998563 -0.047859963 0.5154242 999.61 
20150622161531 -0.05686229 -12.965799 -2.8778305 -0.1142451 -0.61413205 0.9256202 999.61 
20150622161531 3.7954082 -15.208568 0.45968673 0.49936903 -1.0194411 1.1977607 999.61 
20150622161531 5.1259856 -19.409195 -2.9364884 1.1190919 -1.1883453 1.4808967 999.61 
20150622161531 5.121796 -17.105972 -1.5400703 1.1584927 -1.1913997 1.2768677 999.61 
20150622161532 4.4819455 -15.036185 -2.2296004 1.4544569 -0.9992826 1.2557929 999.61 
20150622161532 0.2621651 -14.181456 -0.93014735 1.569605 -0.74577355 0.83276874 999.61 
20150622161532 -3.6002808 -14.195821 -2.247557 1.4462103 -0.26257908 0.328194 999.61 
20150622161532 -2.2535424 -10.248979 -2.4821887 1.4740046 -0.1623972 0.264664 999.58 
20150622161532 -1.8112136 -5.033809 -1.055843 1.3005189 -0.46691352 0.86575544 999.58 
20150622161532 -2.098518 -2.9706059 0.3585317 1.2186629 -1.4305534 0.9393647 999.58 
20150622161532 -0.7218518 -4.060566 0.65182143 1.0008894 -2.5508804 0.49801454 999.58 
20150622161532 0.90979666 -4.0438066 0.09995792 0.9767602 -3.4360242 0.07621208 999.58 
20150622161532 1.4676456 -2.8622682 0.47225627 0.92575294 -3.5352898 -0.052375056 999.58 
20150622161532 1.0313023 -1.9883845 1.0660183 0.6676624 -3.2814753 -0.08414004 999.58 
20150622161532 0.4237737 -1.6651673 1.4281414 0.36345148 -2.976959 -0.05054246 999.58 
20150622161532 0.44771573 -2.926313 2.331354 0.056491733 -2.302869 0.035894975 999.58 
20150622161532 0.01616086 -5.5120506 4.3221326 -0.093475685 -1.6944472 0.09881409 999.51 
20150622161532 -0.8110358 -8.111555 5.6281695 -0.16372518 -1.5273756 0.096981496 999.51 
20150622161532 -0.98581254 -10.344149 5.9382186 -0.02872397 -1.3407562 0.049944874 999.51 
20150622161532 -1.6124948 -11.185112 3.6565444 0.2837336 -0.9947011 0.14523986 999.51 
20150622161532 -1.039682 -12.247539 2.15538 0.7067578 -0.7659321 0.39691633 999.51 
20150622161532 1.6394296 -13.231556 3.0262709 0.55495775 -0.5557944 0.6965458 999.51 
20150622161532 4.3568487 -12.471396 6.3482256 -0.050409682 -0.856951 0.5016797 999.51 
20150622161532 7.7201033 -15.961544 5.7879825 -0.52505195 -1.289749 0.24084026 999.51 
20150622161532 2.666542 -18.079815 4.6160207 0.05527 -1.2356874 -0.3953759 999.51 
20150622161532 5.8125234 -14.657902 3.448249 0.16064425 -0.8257969 -0.5844387 999.46 
20150622161532 1.0372878 -14.132374 -1.9877859 0.2623533 -0.43239963 -0.48670027 999.46 
20150622161532 1.797447 -9.575011 -2.348712 0.5656479 0.4735135 -0.5184652 999.46 
20150622161532 -0.47884035 -10.615292 -1.0384849 0.024115875 0.7422942 -0.349561 999.46 
20150622161532 -0.74519527 -10.266935 -1.4329298 -0.036665216 0.65066445 -0.5193815 999.46 
20150622161532 -1.1857284 -8.856153 -3.3399115 -0.25627127 1.0217651 -0.39843023 999.46 
20150622161532 -0.46148238 -5.8639984 -4.882974 -0.7205289 1.7108212 -0.37246844 999.46 
20150622161532 0.12928689 -5.406706 -3.0280666 -1.279776 2.2825909 -0.21944672 999.46 
20150622161532 0.9415198 -8.629301 1.6460136 -2.0341945 1.5547451 -0.05481852 999.46 
20150622161532 1.7525556 -12.552799 2.9747956 -2.3610075 0.9368548 0.013598394 999.52 
20150622161532 1.1504139 -10.836756 1.2988545 -1.7357868 1.0122967 0.030397188 999.52 
20150622161532 1.3934253 -6.2129536 -0.2208651 -0.95540655 1.582234 0.066132806 999.52 
20150622161532 0.694917 -4.394557 -1.846528 -0.7367168 1.7383101 0.16753644 999.52 
20150622161532 0.46986207 -4.2820296 -2.1577742 -0.9416621 1.71357 0.13210624 999.52 
20150622161532 0.94690675 -5.502474 -1.1575965 -1.3121518 2.113992 -0.0010623746 999.52 
20150622161532 -0.15861586 -7.9182234 1.0815806 -1.3634645 2.4463027 -0.3297079 999.52 
20150622161532 -2.7497406 -10.259753 0.9780314 -1.0894915 2.3855217 -0.6024592 999.52 
20150622161532 -1.5215151 -8.780136 0.15023616 -0.538491 2.0287764 -0.6946998 999.52 
20150622161532 0.45669398 -7.8428063 0.3585317 -0.48015338 1.7062396 -0.42988977 999.58 
20150622161532 1.4772224 -8.477868 2.2888567 -0.78405887 1.8186388 -0.4747884 999.58 
20150622161532 -2.360683 -11.530476 2.2062569 -0.837815 1.8595668 -0.69775414 999.58 
20150622161532 -6.084265 -12.671911 1.4879963 -0.48840004 1.8910264 -0.94576544 999.58 
20150622161532 -5.185841 -10.81461 1.1731589 -0.54918116 1.6790562 -0.435693 999.58 
20150622161532 -4.9302597 -10.240001 -0.8194155 -0.72633207 1.584372 -0.0022841021 999.58 
20150622161532 -6.5828576 -13.590686 -1.3144168 -0.9838118 1.3418585 0.020623343 999.58 
20150622161532 -2.6928782 -12.658743 -1.6831238 -1.0500907 0.6213429 0.24053484 999.58 
20150622161532 0.15442601 -12.452243 -3.5368345 -0.699454 -0.38780648 0.6128572 999.58 
20150622161532 1.7938557 -14.113819 -1.4628572 -0.27581894 -1.1562749 0.768017 999.57 
20150622161532 4.9583917 -17.787722 -2.168548 0.35703743 -1.62939 1.0749768 999.57 
20150622161533 4.0916905 -18.268358 -1.5526398 0.9868395 -1.7763032 1.3071055 999.57 
20150622161533 4.610634 -16.897078 -1.9069817 1.0751096 -1.5536427 1.2655667 999.57 
20150622161533 3.3608606 -15.28159 -1.6861166 1.4318548 -1.3963449 1.3391759 999.57 
20150622161533 1.6304513 -13.974956 -1.5903485 1.6459632 -1.0768625 1.0664246 999.57 
20150622161533 -1.8261774 -13.61403 -1.7615339 1.6032026 -0.61474293 0.65012 999.57 
20150622161533 -2.408567 -12.220005 -1.5490485 1.4660634 -0.61932445 0.4060793 999.57 
20150622161533 -0.54049104 -7.20954 -1.1426327 1.2217172 -0.8899377 0.7310597 999.57 
20150622161533 -0.57520694 -2.8018146 -0.3549404 1.3289241 -1.2185832 1.0395466 999.57 
20150622161533 -0.54527944 -2.92751 -0.24361002 1.3280078 -2.5127013 0.52916867 999.57 
20150622161533 0.3866636 -3.448249 -0.6841431 1.1832327 -3.4100623 0.054526366 999.57 
20150622161533 0.7433996 -2.9017725 0.2148796 0.9947807 -3.6327229 -0.2576258 999.57 
20150622161533 0.664391 -1.690905 1.0989386 0.61054647 -3.4445763 -0.2878636 999.57 
20150622161533 0.3764882 -0.8882488 1.858499 0.3381006 -3.0514843 -0.1696612 999.57 
20150622161533 0.34117374 -2.2583308 2.7389667 0.07481769 -2.4943755 -0.014806841 999.57 
20150622161533 0.24301147 -5.1930237 4.1096473 -0.055907473 -1.7967671 0.08293159 999.57 
20150622161533 -0.21428105 -7.5189905 5.303157 -0.10599842 -1.4161981 0.08323703 999.57 
20150622161533 -0.44891283 -10.075998 5.451597 -0.004900217 -1.0496789 0.052388337 999.48 
20150622161533 -0.90021986 -10.907384 3.99293 0.44652915 -0.87985843 0.20082858 999.48 
20150622161533 0.52073884 -13.025056 1.3054385 0.8872685 -0.67491317 0.5328339 999.48 
20150622161533 1.7417817 -15.734095 3.9264908 0.80419075 -0.49837306 0.72067493 999.48 
20150622161533 6.214749 -12.945449 6.7067575 0.09650341 -0.70851076 0.47205275 999.48 
20150622161533 7.769783 -15.070901 6.1860185 -0.3014753 -1.273561 0.040781897 999.48 
20150622161533 2.4947581 -16.78874 4.4921207 0.53907526 -0.99073046 -0.632697 999.48 
20150622161533 3.2399535 -10.670957 1.6651673 0.5491545 -0.82640773 -0.61040044 999.48 
20150622161533 1.1079168 -10.8229885 -2.4235306 0.22783943 -0.6376504 -0.51021856 999.48 
20150622161533 0.0011971008 -10.2417965 -1.282095 0.21867646 0.059346892 -0.476621 999.62 
20150622161533 -1.2366052 -11.490971 0.11911154 -0.080342084 0.77069944 -0.3046624 999.62 
20150622161533 -0.06943185 -11.707646 -1.6771383 -0.116688564 0.82781535 -0.31840688 999.62 
20150622161533 0.03232172 -10.794857 -2.5288756 -0.31491435 1.0122967 -0.2231119 999.62 
20150622161533 0.4345476 -8.672996 -3.4225113 -0.8087989 1.8302453 -0.28206038 999.62 
20150622161533 0.10534488 -7.799112 -1.7345991 -1.1814266 2.11949 -0.32176664 999.62 
20150622161533 0.57281274 -9.895834 2.1057005 -1.8497132 1.6149153 -0.240827 999.62 
20150622161533 1.3880384 -12.087726 3.1794999 -2.27457 0.95059925 -0.039241448 999.62 
20150622161533 1.1534066 -10.622475 1.2348095 -1.733038 1.1274449 -0.023969822 999.62 
20150622161533 1.6777369 -5.0996494 -0.87448215 -1.1884516 1.6066686 0.04811228 999.45 
20150622161533 1.7423803 -2.4528596 -1.9620483 -1.0400114 1.5535233 0.17639399 999.45 
20150622161533 -0.093972415 -2.56419 -2.011728 -1.356134 1.6088066 0.0022973865 999.45 
20150622161533 0.37708676 -3.9414546 -1.2066777 -1.6178899 1.8165008 -0.16385797 999.45 
20150622161533 -0.32680854 -7.1754227 1.074398 -1.810007 2.0193079 -0.36025116 999.45 
20150622161533 -1.8321629 -9.853935 1.1210849 -1.4798343 2.3091636 -0.6537719 999.45 
20150622161533 -2.1499932 -10.62846 -0.4225766 -0.83353895 2.1729405 -0.63055897 999.45 
20150622161533 -0.074220255 -8.440758 0.23343466 -0.6957888 2.0458806 -0.52151954 999.45 
20150622161533 0.79128367 -8.110358 2.0572178 -0.89248747 2.037023 -0.40576062 999.45 
20150622161533 -2.7832594 -11.36767 1.6873137 -0.8762995 1.976242 -0.62719923 999.5 
20150622161533 -7.195773 -13.731944 1.287482 -0.5778918 1.8082541 -0.9085027 999.5 
20150622161533 -5.786187 -9.543288 1.7537527 -0.60354817 1.6164424 -0.4347767 999.5 
20150622161533 -4.5872903 -11.3323555 -2.754529 -0.6435598 1.3904223 0.14310183 999.5 
20150622161533 -3.0963013 -13.261483 -2.2218192 -0.8375096 0.98266965 0.23564792 999.5 
20150622161533 0.32142156 -13.866618 -4.510676 -0.7877241 0.14425716 0.45342135 999.5 
20150622161534 4.844667 -15.4084835 -3.8013937 -0.41784513 -0.7894504 0.92195505 999.5 
20150622161534 6.651691 -17.900848 -3.0963013 0.20493199 -1.4171144 1.178213 999.5 
20150622161534 4.0438066 -19.608511 -2.3983915 0.9660701 -1.6846733 1.1433936 999.5 
20150622161534 2.557606 -18.236635 -1.2587515 0.82801455 -1.2885273 1.0004512 999.53 
20150622161534 1.4257472 -14.9068985 -2.7287915 1.1193973 -0.90582025 1.1855434 999.53 
20150622161534 0.37708676 -13.003508 -3.007716 1.8240304 -0.76165605 1.1565273 999.53 
20150622161534 0.5081693 -12.874221 -3.655946 1.9196308 -0.79586446 1.0383248 999.53 
20150622161534 -1.5149311 -13.4979105 -1.4502877 1.6978867 -0.92139727 0.9134029 999.53 
20150622161534 -0.17058687 -9.825205 -1.7375919 1.3600782 -1.3465594 0.8938552 999.53 
20150622161534 0.57879823 -5.295376 -0.5422867 1.1190919 -1.9290195 1.0929973 999.53 
20150622161534 0.56802434 -3.3225534 0.6757634 0.898264 -2.6596143 0.90698886 999.53 
20150622161534 0.94810385 -3.851672 1.086369 0.71714246 -3.2848349 0.24267286 999.53 
20150622161534 1.06123 -3.9665937 0.60693014 0.71408814 -3.6278358 -0.28847447 999.66 
20150622161534 0.7140707 -3.674501 0.9552865 0.6013835 -3.314462 -0.38896182 999.66 
20150622161534 0.031124622 -2.428319 1.5927427 0.40040886 -2.804084 -0.3034407 999.66 
20150622161534 -1.1994951 -2.4235306 2.058415 0.1246032 -2.439703 -0.18371108 999.66 
20150622161534 -1.6065093 -4.1706996 2.9753942 -0.02017185 -1.9494834 -0.13300925 999.66 
20150622161534 -1.608305 -5.719149 4.2299557 0.017090932 -1.6620713 -0.036492556 999.66 
20150622161534 -0.6787562 -6.9228344 4.577115 0.12765755 -1.5576134 0.100035824 999.66 
20150622161534 -0.7266402 -8.775348 2.0973208 0.55953926 -1.3667179 0.18922216 999.66 
20150622161534 -0.0664391 -11.010934 1.4748282 0.89765316 -1.0866363 0.39233485 999.66 
20150622161534 3.894169 -15.87655 2.3959973 0.7360793 -1.0191357 0.5591011 999.62 
20150622161534 5.945401 -14.687829 6.3033347 0.070541635 -1.0408214 0.6421788 999.62 
20150622161534 6.2991447 -14.425664 4.4442368 -0.5015337 -0.79922426 0.36637306 999.62 
20150622161534 2.9562407 -12.901754 3.0107086 0.16553117 -0.9055148 -0.05634568 999.62 
20150622161534 4.4358573 -15.260043 1.3628993 0.8390101 -0.90215504 -0.5685562 999.62 
20150622161534 -0.480636 -14.370597 -4.7046065 0.605965 -0.8792476 -0.5798572 999.62 
20150622161534 -0.08379706 -10.228029 -4.2880154 0.89001733 0.14883864 -0.45004833 999.62 
