20150622160720 -9.56723 -0.34117374 3.0490158 -0.6750061 -0.91507614 0.018325957 999.79 
20150622160720 -9.0794115 0.6619968 6.293159 -0.6774496 -1.382388 0.014049901 999.79 
20150622160720 -9.991004 0.92416185 7.3950906 -0.53786683 -1.5180001 -0.08124508 999.79 
20150622160720 -10.979211 -1.1552023 4.827309 -0.23915374 -1.357648 -0.34697145 999.79 
20150622160720 -11.99495 -4.011485 -1.9494787 0.0125227375 -0.8268061 -0.80664754 999.79 
20150622160720 -13.729549 -2.966416 -6.691195 0.21960606 0.19394971 -0.9285152 999.79 
20150622160720 -13.398551 -4.606444 -10.327389 0.4279111 1.3680327 -0.93492925 999.79 
20150622160720 -13.23395 -4.4544125 -13.554773 0.83077675 2.0818288 -1.0555751 999.79 
20150622160720 -12.488754 -2.8993783 -11.47062 1.2678508 1.7400496 -1.1218541 999.79 
20150622160720 -12.077551 -1.3389573 -8.433576 0.8558222 1.0913107 -0.73273283 999.8 
20150622160720 -12.576143 -1.0336965 -4.4915223 0.2764165 0.09162979 -0.14355333 999.8 
20150622160720 -11.03308 -0.92416185 -1.8590976 0.16523905 -0.59589905 0.11056661 999.8 
20150622160720 -9.0016 -1.376666 -1.2922704 0.47647488 -0.82436264 0.24678956 999.8 
20150622160720 -7.2143283 -1.846528 -2.2613235 0.81183994 -0.9691377 0.38728857 999.8 
20150622160720 -6.420052 -2.3092074 -2.7287915 0.8023715 -0.7535023 0.573297 999.8 
20150622160720 -6.5696893 -1.9764135 -3.2213984 0.8029824 -0.105068825 0.71929383 999.8 
20150622160720 -6.785766 -0.16220717 -3.5446155 0.8038987 0.25381452 0.8503244 999.8 
20150622160720 -6.767211 1.4909891 -3.335123 0.7651087 0.43676865 1.01312 999.8 
20150622160720 -5.9651537 2.1745336 -2.4672248 0.8564331 0.52290064 1.1053606 999.84 
20150622160720 -4.5884876 2.3882163 -1.7555484 0.92149025 0.39584067 1.0216721 999.84 
20150622160720 -3.2920272 2.2098482 -1.2449849 0.9315695 0.13591751 0.92179567 999.84 
20150622160720 -3.3614593 1.1869255 -1.5711949 0.86162543 -0.06994407 0.7993172 999.84 
20150622160720 -4.909311 0.36870706 -1.9596541 0.8374963 -0.087964594 0.5934556 999.84 
20150622160720 -9.701904 -0.46088383 -1.4945804 0.98746365 0.08582657 0.41050145 999.84 
20150622160720 -12.561778 -1.0708067 -2.2547395 1.1475104 0.3109304 0.21868975 999.84 
20150622160720 -12.349293 -2.2463598 -2.1290438 1.4556919 0.46303585 0.13927728 999.84 
20150622160720 -11.426927 -2.7126305 -1.151611 1.6331482 0.08155051 0.04184427 999.84 
20150622160720 -12.7575035 -1.0941502 1.541866 1.6148223 -0.43249258 -0.07941248 999.84 
20150622160720 -12.295423 1.0648212 2.3983915 1.6490307 -0.6301075 0.11636983 999.84 
20150622160720 -11.042058 2.870648 1.1133038 1.260215 -0.74189585 0.4728097 999.84 
20150622160720 -11.529877 3.6780925 -2.408567 0.6243043 -0.40561453 0.75441855 999.84 
20150622160720 -14.010868 2.6168625 -7.4908586 0.03176499 -0.17348573 0.786489 999.84 
20150622160720 -12.870629 4.6297874 -10.831368 -0.5699373 0.29229903 1.0790935 999.84 
20150622160720 -12.980763 5.111022 -11.267712 -1.1869112 1.428203 1.5540411 999.84 
20150622160720 -13.044808 4.3436804 -13.2351465 -1.9486601 1.4285084 1.4095715 999.84 
20150622160720 -12.915521 3.3746274 -11.763311 -1.0516045 1.3820826 0.84757555 999.84 
20150622160720 -11.510124 2.8395233 -7.0221934 -0.055588737 0.46914452 0.42943826 999.9 
20150622160720 -8.948928 1.2234371 -4.1383777 0.50518554 -0.4352415 -0.090713486 999.9 
20150622160720 -6.735488 1.7932571 -1.1623849 0.25350907 -1.2647965 -0.4288274 999.9 
20150622160720 -5.29777 3.402759 -1.3628993 -0.36163223 -1.3753631 -0.5864306 999.9 
20150622160720 -4.929063 4.0719385 -3.0615854 -0.8689558 -1.1319333 -0.54336464 999.9 
20150622160720 -5.298967 3.3626564 -4.0462008 -1.0793989 -0.46731192 -0.6047566 999.9 
20150622160720 -5.6922145 1.050456 -4.653131 -1.2284501 0.09560041 -0.8347474 999.9 
20150622160721 -5.497087 -1.5442601 -4.076727 -1.3066407 0.4746423 -1.0219775 999.9 
20150622160721 -5.13257 -3.6601357 -2.743755 -1.1499538 0.5345071 -1.1542299 999.9 
20150622160721 -4.754286 -5.0122614 -1.2108675 -0.9776898 0.2312125 -1.1927143 999.94 
20150622160721 -5.09546 -4.1701007 -0.2873042 -0.88606006 -0.21074851 -1.1795808 999.94 
20150622160721 -6.2740054 -1.8770541 -1.4431051 -0.94959 -0.42485678 -0.9786061 999.94 
20150622160721 -9.306262 -0.09876082 -2.771887 -1.1145236 -0.43279803 -0.5448918 999.94 
20150622160721 -11.190498 1.1540052 -3.447052 -1.1780536 0.20525073 -0.2275473 999.94 
20150622160721 -12.054207 0.842759 -2.907758 -1.2000448 0.59712076 0.021991149 999.94 
20150622160721 -11.162367 0.2669535 0.009576807 -1.215011 0.33353242 -0.044593163 999.94 
20150622160721 -10.305243 -0.9008184 2.8245595 -1.1615603 -0.09162979 -0.17256944 999.94 
20150622160721 -9.52174 -1.8926164 4.8141413 -1.0622946 -0.7828238 -0.25809056 999.94 
20150622160721 -9.430161 -3.6242228 5.5886655 -0.8564331 -1.006095 -0.32375857 999.89 
20150622160721 -10.985196 -6.0740895 3.8612487 -0.5946773 -0.8756753 -0.5317582 999.89 
20150622160721 -11.081563 -5.473145 -2.4917655 -0.11636983 -0.44623706 -0.8176431 999.89 
20150622160721 -11.251551 -2.746748 -6.0483522 0.34513888 0.118507855 -0.8781188 999.89 
20150622160721 -12.281656 -2.9694088 -11.031883 0.8567385 1.321607 -0.65270954 999.89 
20150622160721 -13.070545 -1.2198458 -16.891092 1.5479325 2.2290473 -0.85154617 999.89 
20150622160721 -15.659276 1.240795 -17.026964 1.9107865 2.0708332 -0.8604037 999.89 
20150622160721 -15.322292 4.462792 -12.627619 1.6187929 1.7266107 -0.8888089 999.89 
20150622160721 -13.922283 4.204817 -5.761048 0.9089675 0.8491027 -0.675617 999.89 
20150622160721 -10.894217 0.6769605 -1.3820529 0.65576386 -0.5510005 -0.116980694 999.86 
20150622160721 -7.018004 -2.5911248 0.47764325 0.6554584 -1.640784 0.048258353 999.86 
20150622160721 -4.6202106 -3.7553053 2.5378537 0.70280045 -2.1664336 0.20005837 999.86 
20150622160721 -3.8205473 -3.834314 3.0304608 0.5177083 -2.0350976 0.36285394 999.86 
20150622160721 -5.117606 -3.888782 0.427365 0.4831944 -1.3274102 0.57848936 999.86 
20150622160721 -7.589619 -3.9863458 -4.7285485 0.6096435 -0.5342017 0.61208695 999.86 
20150622160721 -8.783129 -1.6226702 -6.6271505 1.0015136 0.7254025 0.7415904 999.86 
20150622160721 -7.867945 0.9020155 -5.1822495 1.4865406 1.6734654 1.0415252 999.86 
20150622160721 -5.506664 2.2188265 -2.8874073 1.5613716 1.4257594 0.9987647 999.86 
20150622160721 -3.815759 3.1812954 -1.1827357 1.3515394 0.5369505 1.02717 999.85 
20150622160721 -3.2118216 4.0138793 0.2621651 1.1575897 -0.26297748 1.0247264 999.85 
20150622160721 -5.052963 4.120421 0.17477672 0.9810496 -0.56169057 0.86284715 999.85 
20150622160721 -8.168418 2.2002714 -0.6997054 0.9621128 -0.43035457 0.45814893 999.85 
20150622160721 -10.47164 -0.29508537 -2.030283 1.1334605 -0.06994407 0.052839845 999.85 
20150622160721 -10.960057 -2.1410148 -3.9025488 1.2577715 0.39645153 -0.30085114 999.85 
20150622160721 -11.16955 -3.104681 -2.6270378 1.3460416 0.37018433 -0.398895 999.85 
20150622160721 -12.483368 -2.7802668 0.41120413 1.2773192 0.0061086523 -0.31337386 999.85 
20150622160721 -13.114839 -0.9103952 3.2279825 1.0961977 -0.4120286 -0.15241088 999.85 
20150622160721 -11.149199 1.9656396 3.3183637 0.76083267 -0.6065892 0.22571471 999.87 
20150622160721 -11.768699 2.7449522 0.825401 0.46517387 -0.62980205 0.7443393 999.87 
20150622160721 -14.287398 0.789488 -7.2729864 0.022907447 -0.5934556 0.8744536 999.87 
20150622160721 -13.798982 2.6874914 -10.78528 -0.53969944 0.14385876 1.0934488 999.87 
20150622160721 -12.801198 4.63697 -9.64564 -0.8246681 1.7406605 1.5415184 999.87 
20150622160721 -12.394782 4.712986 -11.626842 -1.6756034 1.853976 1.8240436 999.87 
20150622160721 -12.249334 3.0921116 -13.459004 -1.591304 1.0192287 1.7208074 999.87 
20150622160721 -11.338341 2.64679 -9.156026 -0.4196644 0.95081174 1.0714576 999.87 
20150622160721 -10.46326 1.7609353 -3.7205894 0.8051204 0.2275473 0.22724187 999.87 
20150622160721 -8.555679 1.401805 0.40162733 1.1050552 -1.0638218 -0.007941248 999.86 
20150622160721 -6.4086795 3.1483753 0.011372458 0.74097955 -1.6722436 -0.3200934 999.86 
20150622160721 -5.613206 3.8708255 -1.5466543 0.0125227375 -1.7348573 -0.63316184 999.86 
20150622160722 -5.3803697 3.892972 -2.5492263 -0.16707164 -0.6936375 -0.7968737 999.86 
20150622160722 -5.5365915 3.364452 -3.8307228 -0.2687807 0.13225232 -0.9288206 999.86 
20150622160722 -5.360019 1.922544 -4.630386 -0.48808134 0.5213735 -1.0149527 999.86 
20150622160722 -5.104438 -0.05865794 -4.466982 -0.8151997 0.6985244 -1.1847731 999.86 
20150622160722 -5.133168 -2.1769278 -3.3728316 -0.926988 0.6985244 -1.2220359 999.86 
20150622160722 -5.7083755 -3.8744168 -2.4313118 -1.056186 0.20555615 -1.2366967 999.86 
20150622160722 -6.0369797 -4.1503487 -2.055422 -1.108415 -0.1518 -1.1991285 999.84 
20150622160722 -7.4166384 -3.8684313 -1.9123687 -1.2260065 -0.43279803 -0.9999864 999.84 
20150622160722 -9.636064 -2.9753942 -2.1332338 -1.434617 -0.30634892 -0.59773165 999.84 
20150622160722 -11.134833 -0.7589619 -2.92751 -1.4886786 0.030543262 -0.18448131 999.84 
20150622160722 -12.361862 0.074818805 -2.0608091 -1.3982705 0.24251351 0.16187929 999.84 
20150622160722 -10.836157 -0.7835025 1.5155296 -1.2812898 0.09437868 0.02107485 999.84 
20150622160722 -9.728839 -1.697489 4.572925 -1.056186 -0.5027421 -0.20097467 999.84 
20150622160722 -9.255385 -1.3186066 6.7887588 -0.5830709 -1.1554517 -0.3943135 999.84 
20150622160722 -10.019734 -1.282095 7.6452847 -0.12858713 -1.5396858 -0.5842926 999.84 
20150622160722 -10.849923 -3.41892 5.4222684 0.14813483 -1.1603385 -0.8900307 999.85 
20150622160722 -10.644022 -3.2716765 -4.6645036 0.30665436 -0.6243043 -1.0595458 999.85 
20150622160722 -13.513473 -3.3357215 -11.4598465 0.5161811 0.50579643 -0.8891144 999.85 
20150622160722 -15.19121 -3.454833 -16.583439 0.75991637 1.8429805 -0.78893244 999.85 
20150622160722 -14.07192 -0.5303157 -15.79814 0.8863655 2.8228083 -0.95478237 999.85 
20150622160722 -14.958972 1.6035166 -10.444106 0.50732356 1.9593502 -0.48655418 999.85 
20150622160722 -14.085089 0.9115923 -6.001665 -0.3585779 0.6795876 -0.27275133 999.85 
20150622160722 -12.273875 0.34476504 -2.4594438 -0.4886922 -0.4370741 0.0070249503 999.85 
20150622160722 -9.090784 -0.6655881 -0.5770026 0.030543262 -0.8518516 -0.031154128 999.85 
20150622160722 -6.495469 -2.4486697 -0.20829555 0.4147775 -1.4101825 -0.031154128 999.87 
20150622160722 -5.6179943 -3.7594953 -0.30346507 0.48838675 -1.5543466 0.11636983 999.87 
20150622160722 -5.0344076 -3.727772 -1.3826514 0.5885687 -1.0635164 0.32925636 999.87 
20150622160722 -5.2648497 -2.947861 -1.8525136 0.6649268 -0.48075095 0.5739079 999.87 
20150622160722 -5.4192758 -1.3754689 -2.48578 0.72326446 -0.029932396 0.90469146 999.87 
20150622160722 -5.221754 -0.03172317 -1.7166426 0.8729264 0.4266894 1.1447614 999.87 
20150622160722 -4.1826706 1.0696096 -1.7914615 1.1074986 0.6630942 1.1603385 999.87 
20150622160722 -3.3135753 1.638831 -1.7483658 1.3347405 0.54367006 1.0277808 999.87 
20150622160722 -3.2962172 2.1410148 -2.3930047 1.4795157 0.39920044 0.929126 999.87 
20150622160722 -5.2594624 1.7687165 -2.594716 1.5622878 0.3472769 0.7641924 999.9 
20150622160722 -8.285135 0.8702923 -2.32058 1.6539177 0.45540005 0.45937067 999.9 
20150622160722 -11.148601 -0.3405752 -2.3253684 1.7311921 0.65484756 0.13652839 999.9 
20150622160722 -12.558785 -0.8834604 -2.367267 1.7336355 0.634689 -0.092240654 999.9 
20150622160722 -12.10269 -0.83138657 -2.7814639 1.7290541 0.3191771 -0.12003502 999.9 
20150622160722 -11.956045 -1.1210849 0.05207389 1.6398678 -0.14752395 0.0070249503 999.9 
20150622160722 -12.42052 -0.23104046 2.678513 1.4957036 -0.539394 0.109650314 999.9 
20150622160722 -11.395203 1.2940661 3.4638114 1.3735305 -0.6713409 0.20891592 999.9 
20150622160722 -13.1315975 3.0615854 2.1003134 0.904386 -0.5934556 0.4578435 999.9 
20150622160722 -15.482105 2.005144 -7.2628107 0.36346483 -0.4474588 0.58001655 999.95 
20150622160722 -16.354792 2.556409 -10.81461 -0.63346726 -0.03756821 0.9950995 999.95 
20150622160722 -13.546991 4.4759603 -10.660183 -1.346347 1.6249015 1.6184875 999.95 
20150622160722 -11.288062 5.0547585 -9.448118 -2.3732114 1.917506 1.8701639 999.95 
20150622160722 -10.701483 3.383007 -10.681731 -1.9547688 1.1285735 1.5494597 999.95 
20150622160722 -11.526285 2.9221232 -8.263587 -0.83658 0.40591997 0.89675015 999.95 
20150622160722 -10.802039 3.0550013 -5.5605335 0.4990769 -0.25503623 0.16187929 999.95 
20150622160722 -8.982447 2.058415 -1.8082209 0.77640975 -0.7464773 -0.18509217 999.95 
20150622160723 -6.771401 2.6384103 -0.6865373 0.19639318 -1.1249083 -0.6478226 999.95 
20150622160723 -5.4114943 3.128623 -2.071583 -0.3390302 -1.0760391 -0.85918194 999.84 
20150622160723 -5.2079873 2.5875335 -4.0707417 -0.46883908 -0.6960809 -0.8695667 999.84 
20150622160723 -5.434838 1.1288661 -4.7441106 -0.63804877 -0.26083946 -0.9941832 999.84 
20150622160723 -5.380968 -1.0013748 -4.3023806 -0.8145888 0.38331795 -1.0641272 999.84 
20150622160723 -4.8500543 -2.5785553 -2.9239187 -1.0036516 0.36285394 -1.0809261 999.84 
20150622160723 -5.005677 -3.596091 -1.1563994 -1.0253373 0.13591751 -1.0140363 999.84 
20150622160723 -4.9164934 -2.8712463 -0.26515785 -1.0189233 -0.23671028 -0.9379836 999.84 
20150622160723 -5.240309 -1.3922282 -1.027711 -0.98624194 -0.45142943 -0.71837753 999.84 
20150622160723 -6.8043213 -0.7404069 -2.5629928 -0.9877691 -0.44868052 -0.39095375 999.84 
20150622160723 -9.32362 -0.7649474 -3.306991 -0.979217 -0.10415252 -0.20677789 999.89 
20150622160723 -11.484985 -0.36990416 -2.7072437 -1.0155635 0.18692477 0.028099801 999.89 
20150622160723 -12.001534 -0.21787235 -2.1362264 -1.0186177 0.24587326 0.1554652 999.89 
20150622160723 -11.094132 -0.7811083 1.1893197 -1.0253373 -0.037873644 0.016187929 999.89 
20150622160723 -9.213487 -0.3776853 5.5605335 -1.039998 -0.65179324 -0.2501493 999.89 
20150622160723 -9.021951 -0.048482586 8.422802 -0.86590147 -1.1731668 -0.3100141 999.89 
20150622160723 -11.542446 -1.3790601 7.4896617 -0.47891834 -1.2990049 -0.40500367 999.89 
20150622160723 -12.477382 -4.8482585 2.1888988 -0.16523905 -0.8943067 -0.71929383 999.89 
20150622160723 -12.203246 -5.171476 -6.301539 0.124311075 -0.12034045 -1.0228939 999.89 
20150622160723 -11.805809 -5.1385555 -9.975441 0.4972443 1.2000448 -1.1994339 999.89 
20150622160723 -16.208746 -4.696825 -15.716737 1.3011429 2.4883597 -1.3393221 999.89 
20150622160723 -16.118364 -2.8269536 -17.70572 2.0977113 2.271197 -1.5409076 999.89 
20150622160723 -15.117588 0.25019407 -13.635577 1.9431623 1.9211712 -1.1462886 999.89 
20150622160723 -13.391967 1.5179238 -5.910087 0.91599244 1.0030408 -0.22815818 999.89 
20150622160723 -10.523713 1.0073603 -1.436521 0.17134771 -0.52198434 0.3555236 999.89 
20150622160723 -6.901885 -1.2030864 1.2898762 0.46120325 -1.4795157 0.45753807 999.89 
20150622160723 -4.7405195 -3.2968156 1.6274586 0.95081174 -1.920255 0.42821655 999.89 
20150622160723 -4.2664676 -4.4436383 0.59256494 1.1398746 -1.7626517 0.4098906 999.89 
20150622160723 -3.8546648 -4.1299977 -0.8834604 1.2855659 -1.1154399 0.46273044 999.85 
20150622160723 -4.022857 -2.7629087 -3.9552212 1.35551 -0.08032878 0.7672467 999.85 
20150622160723 -6.0046577 -0.15263036 -4.4328647 1.425454 0.7602218 1.1099422 999.85 
20150622160723 -6.059126 2.4462755 -4.3035774 1.6053538 1.4126259 1.1792754 999.85 
20150622160723 -5.285799 3.4871547 -3.269881 1.6447546 1.2263119 1.1420126 999.85 
20150622160723 -4.2299557 3.930082 -2.5570073 1.5268577 0.89766645 1.022283 999.85 
20150622160723 -4.413112 4.1982327 -2.2984335 1.361924 0.42424592 0.9117164 999.85 
20150622160723 -7.0664864 3.289633 -2.6318262 1.2174544 0.108123146 0.6881397 999.85 
20150622160723 -10.53329 1.3605051 -2.2888567 1.1994339 0.105374254 0.30176744 999.85 
20150622160723 -12.317569 -0.5979519 -2.2002714 1.1844677 0.34116822 0.053450707 999.91 
20150622160723 -11.693281 -1.2509704 -0.85532856 1.2391402 0.26908615 -0.14630222 999.91 
20150622160723 -11.025299 -2.3104045 2.6611552 1.2208142 -0.24251351 -0.17837265 999.91 
20150622160723 -12.325351 -2.132635 4.5435963 1.269378 -0.8695667 -0.11178834 999.91 
20150622160723 -12.334928 -1.5011644 3.6607344 1.3374895 -0.98837996 0.12034045 999.91 
20150622160723 -11.42932 0.43754035 1.7052702 0.9837985 -0.7440339 0.4147775 999.91 
20150622160723 -12.771271 2.3373394 -3.345897 0.32162055 -0.19272798 0.8197812 999.91 
20150622160723 -14.255077 2.818574 -10.605715 -0.43799037 0.22418754 1.0754282 999.91 
20150622160723 -13.904326 5.4725466 -12.594698 -0.8915578 1.0567969 1.6056592 999.91 
20150622160723 -12.45344 5.832874 -14.153922 -1.6410894 2.0289888 2.01555 999.91 
20150622160723 -11.750742 4.43885 -13.652337 -2.0124955 1.7724255 1.740966 999.91 
20150622160723 -12.198458 4.4639893 -10.119692 -0.7672467 1.3784174 1.2864822 999.91 
20150622160723 -10.3214035 3.09271 -5.4114943 0.54702985 -0.13561209 0.50915617 999.91 
20150622160724 -8.429984 1.0055647 -1.323395 0.81031275 -1.054048 -0.10720685 999.91 
20150622160724 -6.5002575 2.634819 0.29149407 0.23976462 -1.5619824 -0.6441574 999.91 
20150622160724 -5.312135 3.913921 -1.1510124 -0.2874121 -1.491733 -0.8405506 999.91 
20150622160724 -5.453393 3.8247373 -2.5875335 -0.5213735 -0.94225967 -0.9294315 999.91 
20150622160724 -5.895722 2.9861681 -4.109049 -0.52748215 -0.18325958 -1.128879 999.91 
20150622160724 -5.7335143 0.4985925 -5.6682725 -0.6759224 0.32803464 -1.2629639 999.89 
20150622160724 -4.624999 -1.6573862 -4.8494554 -0.91904676 0.5235115 -1.3020593 999.89 
20150622160724 -4.048595 -3.329736 -2.348712 -1.1374311 0.35338554 -1.1814134 999.89 
20150622160724 -3.8361096 -3.8630445 -0.3681085 -1.5088371 -0.064446285 -1.067487 999.89 
20150622160724 -4.663306 -3.5326445 -0.29568392 -1.5763378 -0.49388456 -0.95081174 999.89 
20150622160724 -6.9982514 -3.608062 -2.1206641 -1.5076154 -0.61727935 -0.70341134 999.89 
20150622160724 -10.201694 -2.949058 -3.3836055 -1.3698653 -0.13927728 -0.40194935 999.89 
20150622160724 -12.7018385 -0.6584055 -2.9532478 -1.2956452 0.5366451 -0.14935656 999.89 
20150622160724 -12.42052 1.0726024 -2.1649568 -1.248914 0.64568454 0.13683382 999.89 
20150622160724 -9.929952 0.5129577 1.9003977 -1.2284501 0.15821409 0.032375857 999.85 
20150622160724 -8.426393 -0.5722142 5.9292407 -1.1749994 -0.6444628 -0.18997909 999.85 
20150622160724 -8.06427 -1.3796587 8.643666 -0.9767735 -1.3011429 -0.29352075 999.85 
20150622160724 -10.573393 -3.508104 7.892486 -0.69058317 -1.3695599 -0.4098906 999.85 
20150622160724 -12.687473 -5.704784 1.2162545 -0.22235495 -1.0482447 -0.81000733 999.85 
20150622160724 -12.692262 -3.816956 -6.379949 0.106901415 -0.14355333 -1.1640037 999.85 
20150622160724 -13.18427 -2.1039047 -8.028357 0.37904188 1.3927728 -1.0390818 999.85 
20150622160724 -13.275848 -1.6178818 -14.219164 0.7996226 2.277611 -1.0173961 999.85 
20150622160724 -15.60421 0.5021838 -18.44074 1.1633929 1.9361374 -1.0925325 999.85 
20150622160724 -16.5996 2.9819782 -14.244902 1.287704 1.7828102 -0.98715824 999.89 
20150622160724 -14.598645 2.273893 -6.0890536 0.5198463 1.119716 -0.7602218 999.89 
20150622160724 -12.214619 -0.6194997 -1.4873978 0.20250183 -0.15363261 -0.3912592 999.89 
20150622160724 -8.358757 -2.980781 0.26874915 0.5225952 -1.3695599 -0.30543262 999.89 
20150622160724 -5.679645 -4.281431 1.5855601 0.7110472 -1.7278323 -0.12339478 999.89 
20150622160724 -4.7285485 -4.8500543 1.4101849 0.6401868 -1.5506815 0.267559 999.89 
20150622160724 -4.2293572 -4.276643 0.19991584 0.6453791 -0.96944314 0.5864306 999.89 
20150622160724 -3.8588545 -3.4931402 -2.331354 0.90408057 -0.19120082 0.87689704 999.89 
20150622160724 -4.6513352 -2.6539726 -3.1280246 1.2544118 0.54092115 1.1884383 999.89 
20150622160724 -5.81372 -0.18375498 -4.036624 1.4749341 1.054048 1.2678508 999.82 
20150622160724 -5.466561 2.417545 -4.119224 1.709201 1.1209377 1.2156218 999.82 
20150622160724 -4.865018 3.6164417 -3.4913447 1.7760907 1.0332786 1.0754282 999.82 
20150622160724 -4.970961 3.9055414 -2.1140802 1.7870862 0.6960809 0.86559606 999.82 
20150622160724 -7.057508 3.140594 -2.2284033 1.7751744 0.26847526 0.6273586 999.82 
20150622160724 -9.534908 1.8070238 -2.3798366 1.7311921 0.08368854 0.38453966 999.82 
20150622160724 -11.079168 -0.018555064 -1.6142905 1.6655241 0.16157386 0.11911872 999.82 
20150622160724 -10.800244 -1.0169371 -2.3116016 1.5308284 0.13408493 -0.003970624 999.82 
20150622160724 -10.515932 -1.6956934 -1.0073603 1.4407257 -0.2996294 -0.0030543262 999.82 
20150622160724 -10.998962 -1.335366 0.93613285 1.3665055 -0.61758476 0.056199603 999.9 
20150622160724 -11.908759 -0.16579847 2.7443538 1.2541064 -0.76083267 0.07086037 999.9 
20150622160724 -11.720216 1.83336 2.9287071 1.0186177 -0.7247916 0.13775012 999.9 
20150622160724 -13.48594 2.1733365 0.14903906 0.5708536 -0.59589905 0.46120325 999.9 
20150622160724 -15.020024 0.80205756 -8.094796 -0.17073683 -0.33108896 0.77549344 999.9 
20150622160724 -15.34803 2.6072857 -11.125855 -0.92179567 0.61178154 1.4126259 999.9 
20150622160724 -12.802395 4.622605 -11.309011 -1.5195273 2.1099286 1.9297233 999.9 
20150622160724 -10.840346 5.2181625 -9.062652 -2.5088236 1.9315559 2.154827 999.9 
20150622160724 -10.71525 3.168726 -11.605893 -2.0094411 1.1328496 1.8286251 999.9 
20150622160725 -10.988788 2.4450784 -8.26239 -0.22632557 0.3463606 0.5036584 999.88 
20150622160725 -10.89661 1.8471266 -4.6046486 1.2696834 -0.20708331 -0.29901853 999.88 
20150622160725 -8.862138 2.0709844 -1.2078748 1.4117095 -1.0482447 -0.44165558 999.88 
20150622160725 -6.646304 4.10845 -0.9115923 0.6065892 -1.2999213 -0.70524395 999.88 
20150622160725 -6.1890116 4.6040497 -2.6138697 -0.28344148 -1.0228939 -0.6759224 999.88 
20150622160725 -6.0423665 3.977966 -3.8815994 -0.58246 -0.34788775 -0.784351 999.88 
20150622160725 -5.7041855 2.1152773 -4.6399627 -0.7144069 0.30085114 -1.0488557 999.88 
20150622160725 -4.9105077 -0.2813187 -4.8285065 -0.84299403 0.55924714 -1.1988231 999.88 
20150622160725 -4.3760023 -2.415151 -3.2441432 -0.9755518 0.47891834 -1.317331 999.88 
20150622160725 -4.522647 -4.308366 -1.6723499 -0.990518 0.063224554 -1.3454307 999.87 
20150622160725 -5.005079 -5.0038815 -0.6739678 -0.8894198 -0.3100141 -1.3426818 999.87 
20150622160725 -5.832874 -4.1437645 -0.58418524 -0.88025683 -0.59559363 -1.1594223 999.87 
20150622160725 -7.515998 -2.7204118 -1.3371617 -1.0345002 -0.5934556 -0.8197812 999.87 
20150622160725 -9.255385 -0.5201403 -2.5420437 -1.2134838 -0.2284636 -0.3118467 999.87 
20150622160725 -10.518327 1.347337 -2.1811178 -1.3637567 0.32528573 0.11453723 999.87 
20150622160725 -11.329363 0.81761986 0.3345897 -1.5222762 0.44043383 0.29932398 999.87 
20150622160725 -10.0825815 -0.25977087 2.5408466 -1.5500705 0.07880162 0.0015271631 999.87 
20150622160725 -9.23683 -1.1019313 4.144962 -1.3875804 -0.6169739 -0.17867808 999.87 
20150622160725 -8.665813 -2.4708161 5.807136 -1.0225884 -0.95081174 -0.36468655 999.86 
20150622160725 -10.301053 -5.391742 5.940613 -0.5503896 -0.895223 -0.58093286 999.86 
20150622160725 -12.338518 -8.53892 2.3995886 -0.040011674 -0.48197266 -0.9639453 999.86 
20150622160725 -12.084733 -6.7564373 -2.8431146 0.44837508 -0.023518313 -1.0845913 999.86 
20150622160725 -12.855666 -3.8025908 -8.854357 0.6988298 0.80848014 -0.7675522 999.86 
20150622160725 -15.381549 -1.9764135 -16.498444 1.1643091 1.8197676 -0.56321776 999.86 
20150622160725 -15.641319 1.5239093 -19.508554 1.5253305 2.6297748 -0.77396625 999.86 
20150622160725 -13.755287 5.369596 -15.50485 1.1010846 2.154827 -0.57910025 999.86 
20150622160725 -14.824897 7.08145 -6.6486983 0.10293079 1.0598512 -0.23304509 999.86 
20150622160725 -13.212402 2.1745336 -2.1350293 -0.32162055 -0.57879484 -0.003970624 999.82 
20150622160725 -9.852738 -3.2034419 -0.80086046 0.13958271 -1.2638801 -0.021380283 999.82 
20150622160725 -7.487866 -6.2225304 0.25737667 0.7104363 -1.8506162 -0.33322698 999.82 
20150622160725 -6.0489507 -6.027403 -0.38845924 0.6951646 -1.7104226 -0.19058995 999.82 
20150622160725 -5.445612 -4.746505 -2.0231004 0.73945236 -1.069625 0.35888332 999.82 
20150622160725 -5.7502737 -2.2242134 -3.0681696 0.78954333 -0.31887165 0.7174612 999.82 
20150622160725 -6.5259953 0.6727707 -3.2483332 0.766025 0.25320363 1.0839803 999.82 
20150622160725 -5.7879825 2.0566192 -2.2391772 0.74036866 0.66645396 1.260215 999.82 
20150622160725 -4.2036195 2.4319103 -0.9720459 0.8206975 0.64873886 1.2409728 999.82 
20150622160725 -2.9221232 2.2798786 -0.23822308 1.0387764 0.2134974 1.1175779 999.81 
20150622160725 -2.4408886 1.6639702 -0.66020113 1.1142182 -0.22113322 0.96486163 999.81 
20150622160725 -2.2906525 0.85293436 -1.4616601 1.0876455 -0.23396139 0.729984 999.81 
20150622160725 -4.8464627 0.47764325 -1.7513585 1.1707232 0.13225232 0.59650993 999.81 
20150622160725 -9.084799 0.31783026 -2.2655134 1.395827 0.38973203 0.3399465 999.81 
20150622160725 -11.790845 0.6171055 -2.1230583 1.5625933 0.6258314 -0.0290161 999.81 
20150622160725 -13.319543 0.53929394 -2.3529017 1.6172657 0.743423 -0.10323623 999.81 
20150622160725 -13.350667 -0.1388637 -1.988983 1.5085317 0.37232238 -0.10140363 999.81 
20150622160725 -14.204799 -0.29688102 1.210269 1.2660183 -0.2611449 -0.06261369 999.81 
20150622160725 -12.109872 0.75357497 2.3768437 1.0662653 -0.4288274 0.13958271 999.85 
20150622160725 -11.77648 2.2918496 -0.44113165 0.7663304 -0.5729916 0.52778757 999.85 
20150622160725 -14.040197 1.4197617 -7.2388687 0.45356745 -0.5488624 0.63071835 999.85 
20150622160725 -14.591462 2.557606 -13.068151 -0.4007276 -0.2678644 0.8668178 999.85 
20150622160725 -15.111603 3.8444893 -10.964247 -0.9831876 1.2687671 1.6285667 999.85 
20150622160726 -12.086529 4.581305 -11.7064495 -2.0497584 1.7760907 2.0442605 999.85 
20150622160726 -11.245565 2.7024553 -10.973225 -1.7650951 0.9245446 1.7192802 999.85 
20150622160726 -11.641207 0.03232172 -10.29387 -0.55833083 0.5112942 0.92179567 999.85 
20150622160726 -10.5680065 1.2731167 -5.33069 0.92179567 -0.3827071 0.2733622 999.85 
20150622160726 -8.531737 3.0699651 -1.7585411 0.8368854 -0.8200866 0.049480084 999.85 
20150622160726 -7.563283 4.496909 -0.7751228 0.06719518 -1.0241156 -0.15149458 999.85 
20150622160726 -6.783372 4.8422728 -2.984971 -0.52626044 -0.8775079 -0.6215554 999.85 
20150622160726 -6.1716533 3.9959226 -3.2626984 -0.58093286 -0.15057829 -0.91996306 999.85 
20150622160726 -6.2225304 2.1733365 -3.9234982 -0.50426924 0.4709771 -1.2525792 999.85 
20150622160726 -5.7041855 -0.47884035 -4.5914803 -0.5225952 0.46517387 -1.4807373 999.85 
20150622160726 -4.777031 -2.7790697 -3.6463692 -0.5696318 0.33475417 -1.5515977 999.85 
20150622160726 -4.365228 -4.9961004 -1.6645688 -0.72265357 -0.013133603 -1.3811663 999.85 
20150622160726 -3.9863458 -5.073313 0.6135142 -0.9025534 -0.516792 -1.2373075 999.85 
20150622160726 -3.7301662 -2.4067712 0.20290859 -1.108415 -0.818254 -0.90041536 999.85 
20150622160726 -5.405509 -0.8002619 -1.2677298 -1.2437216 -0.8735373 -0.47708577 999.85 
20150622160726 -8.219295 0.19871874 -2.315193 -1.2296717 -0.2171626 -0.25503623 999.85 
20150622160726 -10.044274 0.8038532 -3.043629 -1.2437216 0.33933565 -0.10140363 999.85 
20150622160726 -10.197504 -0.011971008 -1.9249382 -1.2672399 0.41325033 -0.036651913 999.85 
20150622160726 -9.848549 -1.0061632 0.55844754 -1.3353515 0.12614368 -0.13347405 999.85 
20150622160726 -10.3692875 -2.2720973 2.7635074 -1.2709051 -0.61850107 -0.12675454 999.85 
20150622160726 -12.110471 -3.1669302 5.85502 -1.0965031 -1.1969905 -0.15118915 999.85 
20150622160726 -13.231556 -4.630386 6.642114 -0.70341134 -1.0009027 -0.32436943 999.85 
20150622160726 -12.179903 -6.587646 3.6481647 -0.30757064 -0.7153232 -0.64812803 999.86 
20150622160726 -10.905589 -4.2401314 -4.3059716 0.15363261 -0.49296826 -0.9477574 999.86 
20150622160726 -12.83352 -2.2810757 -4.748899 0.6646214 0.30940324 -0.9104946 999.86 
20150622160726 -14.535797 -3.028665 -11.368268 1.4856243 1.7846428 -1.0250319 999.86 
20150622160726 -13.198037 -2.259528 -16.548721 1.9740111 1.704314 -1.2760975 999.86 
20150622160726 -14.736312 1.1749545 -17.728464 1.9248364 1.6432275 -0.80756384 999.86 
20150622160726 -16.233885 4.9667716 -9.537302 0.89858276 1.0537425 -0.13713925 999.86 
20150622160726 -13.235745 3.232771 -3.7541082 -0.25717425 0.2171626 0.21991149 999.86 
20150622160726 -10.211869 0.7044938 -0.48003745 0.10476339 -0.5662721 -0.019242255 999.86 
20150622160726 -6.421249 -1.6741456 0.741604 0.7128797 -1.5607607 -0.16432275 999.91 
20150622160726 -4.9296613 -3.389591 1.3802572 0.88606006 -1.672549 -0.01160644 999.91 
20150622160726 -4.505289 -4.372411 1.3934253 0.82894415 -1.3573426 0.18448131 999.91 
20150622160726 -5.1547165 -4.7165775 -0.79726917 0.7996226 -0.59406644 0.4972443 999.91 
20150622160726 -6.441001 -4.585495 -3.8666358 0.9193522 0.23823744 0.7968737 999.91 
20150622160726 -6.6415157 -3.1717186 -4.2419267 1.2311989 1.1591167 1.0149527 999.91 
20150622160726 -5.4713492 -0.7009025 -3.9031472 1.4547756 1.4697418 1.1450669 999.91 
20150622160726 -3.2854433 1.632247 -2.5276785 1.57084 1.0571023 1.2266175 999.91 
20150622160726 -2.2637177 3.0843303 -1.1911154 1.5125023 0.4578435 1.3112222 999.91 
20150622160726 -2.6623523 4.0898952 -0.7302315 1.4672983 -0.09468412 1.1749994 999.87 
20150622160726 -5.6766524 4.1252093 -0.9044097 1.5845845 -0.1777618 0.84635377 999.87 
20150622160726 -9.657013 3.2010477 -1.5592239 1.7040086 0.09040806 0.54305923 999.87 
20150622160726 -12.589311 1.2731167 -3.590704 1.7730364 0.3491095 0.105068825 999.87 
20150622160726 -12.310387 -0.85293436 -3.3746274 1.7941113 0.5342017 -0.19394971 999.87 
20150622160726 -11.294646 -2.1697452 0.5129577 1.59558 0.16829337 -0.20769419 999.87 
20150622160726 -11.581352 -1.6364368 3.4452562 1.2180653 -0.6270532 -0.05222898 999.87 
20150622160726 -11.3323555 -0.7428011 3.705027 0.82741696 -0.9807441 0.27275133 999.87 
20150622160726 -13.3225355 1.6771383 2.3104045 0.30543262 -0.8335256 0.766025 999.87 
20150622160726 -15.638327 3.1238346 -3.6727054 -0.16065755 -0.33078352 0.8426886 999.89 
20150622160727 -16.952744 3.0783448 -12.269685 -0.7593055 0.09254608 1.042747 999.89 
20150622160727 -13.423691 6.1112 -11.455657 -0.87872964 1.4422529 1.5427402 999.89 
20150622160727 -12.316372 5.8903346 -11.051037 -1.8014416 1.6618589 1.7519615 999.89 
20150622160727 -12.607267 4.332308 -12.822745 -1.8710803 0.9966267 1.1780536 999.89 
20150622160727 -13.32912 2.754529 -10.87207 -0.5852089 0.5296202 0.6169739 999.89 
20150622160727 -11.040262 2.8383262 -6.4667387 0.48258355 0.15882497 0.0070249503 999.89 
20150622160727 -9.18715 1.7818847 -2.6922798 0.52626044 -0.5467244 -0.17104226 999.89 
20150622160727 -7.4776907 1.8441339 -1.0941502 0.10995574 -1.0665708 -0.34055737 999.89 
20150622160727 -6.0519433 2.633622 -1.1827357 -0.2669481 -1.0635164 -0.6203337 999.88 
20150622160727 -5.4647655 2.4827871 -2.2421699 -0.3943135 -0.6133087 -0.73273283 999.88 
20150622160727 -5.719149 1.1432313 -3.627814 -0.43585235 -0.19425514 -0.9932669 999.88 
20150622160727 -5.751471 0.05686229 -3.9534256 -0.52473325 0.22999077 -1.2153164 999.88 
20150622160727 -5.309741 -0.8415619 -2.9682117 -0.6545421 0.47311515 -1.183246 999.88 
20150622160727 -4.4795513 -1.7531542 -1.4305356 -0.84482664 0.34574974 -1.1160508 999.88 
20150622160727 -3.779846 -2.3636756 -0.7182605 -0.9673051 -0.0030543262 -1.1010846 999.88 
20150622160727 -3.1136594 -1.6783354 -1.0540473 -0.9755518 -0.37934732 -0.94225967 999.88 
20150622160727 -3.7660792 -1.115698 -1.8136078 -0.9639453 -0.56596667 -0.70707655 999.88 
20150622160727 -6.187216 -0.6997054 -2.1888988 -1.0140363 -0.44104472 -0.600786 999.94 
20150622160727 -9.433155 -0.58897364 -2.1613655 -1.0855075 -0.089491755 -0.41325033 999.94 
20150622160727 -11.228208 -0.40282443 -2.791639 -1.1976013 0.20616703 -0.16890424 999.94 
20150622160727 -11.756727 -1.7597382 -2.1583729 -1.25319 0.22632557 -0.046731193 999.94 
20150622160727 -11.963826 -2.9358897 1.3838485 -1.2614367 -0.1414153 -0.17745635 999.94 
20150622160727 -11.40897 -2.2403743 5.269638 -1.1972959 -0.50701815 -0.23579398 999.94 
20150622160727 -11.828553 -2.6839 7.328053 -0.9068295 -0.8026769 -0.22388211 999.94 
20150622160727 -12.082937 -4.460996 5.09546 -0.49205196 -0.8197812 -0.59620446 999.94 
20150622160727 -11.140819 -4.2479124 -1.8243817 -0.17379116 -0.50701815 -0.8970556 999.94 
20150622160727 -12.203246 -2.8299465 -5.979519 0.18478674 0.44868052 -0.8060367 999.9 
20150622160727 -14.7315235 -3.4392707 -14.462774 0.95569867 1.3735305 -0.9092729 999.9 
20150622160727 -18.851944 -1.6454151 -19.346945 1.6814066 2.0873265 -1.1917981 999.9 
20150622160727 -15.255854 2.0488381 -16.038158 1.6267341 2.1691825 -0.9450085 999.9 
20150622160727 -13.499706 3.7606924 -6.335656 0.44532076 1.2794572 -0.06963864 999.9 
20150622160727 -11.097125 2.0847511 -2.1709423 -0.115453534 -0.2501493 0.17134771 999.9 
20150622160727 -8.08462 0.12509704 -0.33997664 0.20525073 -1.1206323 0.1301143 999.9 
20150622160727 -6.357204 -2.135628 0.110133275 0.61422503 -1.572978 0.08002335 999.9 
20150622160727 -5.6946087 -2.8658595 -0.35194764 0.63346726 -1.2809844 0.2125811 999.9 
20150622160727 -5.6670756 -2.6850972 -1.869273 0.59712076 -0.49418998 0.50488013 999.87 
20150622160727 -6.637924 -2.0931308 -3.043629 0.5412266 0.23579398 0.7425067 999.87 
20150622160727 -6.8581905 -1.2635399 -3.6577415 0.49846604 0.7098254 0.91324353 999.87 
20150622160727 -6.588843 -0.79966336 -2.5001452 0.7611381 1.0852021 1.0225884 999.87 
20150622160727 -5.0876784 0.17178397 -2.0769699 1.0668762 0.8918633 0.9447031 999.87 
20150622160727 -3.2321723 1.4185646 -1.8058267 1.2330315 0.31215215 0.87781334 999.87 
20150622160727 -1.977012 2.0189106 -0.66259533 1.2208142 -0.10751228 0.82894415 999.87 
20150622160727 -2.112883 1.4107834 -0.40880993 1.1523973 -0.31612277 0.68416905 999.87 
20150622160727 -5.179257 1.401805 -0.9044097 1.2223413 -0.43004912 0.45906523 999.87 
20150622160727 -10.26933 1.1013328 -1.4478935 1.4819591 -0.21624629 0.19761491 999.84 
20150622160727 -13.286024 -0.25917232 -2.4504654 1.6530013 0.14874569 -0.15607607 999.84 
20150622160727 -12.708423 -1.2605472 -2.6862943 1.8029687 0.36468655 -0.2660318 999.84 
20150622160727 -12.620436 -2.35769 1.3024458 1.7427986 -0.04795292 -0.33292156 999.84 
20150622160727 -13.284826 -2.2523453 3.2429461 1.6719382 -0.6740898 -0.081855945 999.84 
20150622160727 -11.252748 -0.6775591 3.9001546 1.38025 -0.94042706 0.34788775 999.84 
20150622160728 -11.8094 2.0320787 2.7180176 0.7449502 -0.7098254 0.8527679 999.84 
20150622160728 -14.663887 3.3704374 -5.156512 0.23823744 -0.39400807 0.97341377 999.84 
20150622160728 -16.361376 3.6870706 -12.923303 -0.6062838 0.004276057 1.2993103 999.84 
20150622160728 -12.433688 6.882133 -10.268132 -1.0867293 1.7232509 2.05098 999.9 
20150622160728 -11.786655 8.619126 -9.025542 -2.2904391 2.173764 2.3032675 999.9 
20150622160728 -12.102091 6.3338604 -12.464214 -1.9031507 0.8750645 1.0952814 999.9 
20150622160728 -12.785636 2.955642 -11.667543 -0.6805039 0.5381723 0.10476339 999.9 
20150622160728 -11.871649 0.45968673 -6.3793507 1.039998 0.43463063 -0.3371976 999.9 
20150622160728 -8.754997 0.010773907 -2.1176715 1.1746938 -0.79717916 -0.5131268 999.9 
20150622160728 -6.88333 1.2078748 -0.5482722 0.33322698 -1.4584408 -0.6197228 999.9 
20150622160728 -5.807136 2.493561 -1.210269 -0.19150625 -1.2819008 -0.5537493 999.9 
20150622160728 -5.8478374 2.718616 -3.0250738 -0.3417791 -0.6774496 -0.5112942 999.9 
20150622160728 -6.1955953 2.3038206 -4.420295 -0.5216789 -0.099571034 -0.6918049 999.88 
20150622160728 -5.9867015 1.2294226 -3.9552212 -0.6765333 0.6337727 -0.88147855 999.88 
20150622160728 -5.1385555 -0.35194764 -2.830545 -0.84513205 0.75319684 -1.0036516 999.88 
20150622160728 -4.3059716 -2.0697873 -2.1027076 -0.84604836 0.46914452 -1.0897835 999.88 
20150622160728 -3.6176388 -2.384625 -1.1348516 -0.75869465 0.022296581 -1.0928379 999.88 
20150622160728 -3.2040405 -1.6262615 -1.6238673 -0.7556403 -0.28313604 -0.93370754 999.88 
20150622160728 -4.023456 -0.8367735 -2.4702177 -0.9074403 -0.47647488 -0.7312057 999.88 
20150622160728 -7.023989 -0.84934306 -2.7934349 -1.0916162 -0.054367006 -0.52870387 999.88 
20150622160728 -10.845135 -0.66259533 -3.2052376 -1.3066407 0.37568212 -0.29626966 999.88 
20150622160728 -12.283452 0.23762453 -3.3435028 -1.3631458 0.6246097 -0.082161374 999.88 
20150622160728 -12.051214 -1.1085154 -0.95468795 -1.3066407 0.5699373 0.015882496 999.88 
20150622160728 -11.368268 -2.2110453 3.205836 -1.2428054 -0.129198 -0.2556471 999.88 
20150622160728 -10.488997 -1.3072342 6.546346 -1.0763446 -1.0598512 -0.33414328 999.88 
20150622160728 -10.840945 -1.6519991 7.7350674 -0.81153446 -1.2632693 -0.3979787 999.88 
20150622160728 -10.338163 -4.2024226 5.8520274 -0.50701815 -0.8549059 -0.6337727 999.88 
20150622160728 -10.45907 -4.1581297 -3.7247794 0.029932396 -0.4343252 -0.81061816 999.88 
20150622160728 -13.606847 -5.059547 -10.150817 0.8237518 0.56169057 -1.0390818 999.88 
20150622160728 -16.675016 -5.1050367 -19.005173 1.7033978 2.3863451 -1.4483615 999.88 
20150622160728 -16.897078 -1.9045875 -19.608511 2.3057108 2.5622742 -1.4086553 999.91 
20150622160728 -16.45894 1.3024458 -13.604452 1.7061466 1.840537 -0.8393288 999.91 
20150622160728 -14.092271 1.0348936 -5.7616463 0.18906279 0.6267477 0.02076942 999.91 
20150622160728 -10.475829 1.757344 -2.0727801 -0.18234327 -0.65484756 0.3594942 999.91 
20150622160728 -8.030751 -0.108936176 -0.6548142 0.25473082 -1.6148223 0.29840767 999.91 
20150622160728 -7.2969284 -1.5334862 -0.6548142 0.60231316 -1.6798794 0.19272798 999.91 
20150622160728 -6.3242836 -1.3359646 -1.5071499 0.59437186 -1.1936307 0.23335053 999.91 
20150622160728 -5.741296 -0.7757214 -1.5095441 0.45540005 -0.61269784 0.56413406 999.91 
20150622160728 -5.677251 -0.3405752 -1.7609353 0.27366763 -0.06688975 0.850019 999.91 
20150622160728 -5.7706246 -0.86969376 -2.0284874 0.37384954 0.25992316 0.9016371 999.81 
20150622160728 -5.130774 -1.6328455 -1.6555905 0.7119634 0.44165558 0.7840455 999.81 
20150622160728 -3.655946 -1.2916719 -2.3002293 0.89888823 0.3231477 0.7858781 999.81 
20150622160728 -2.2134395 -0.22505496 -1.851915 0.97341377 0.0852157 0.8885035 999.81 
20150622160728 -1.1378443 0.6051345 -1.1552023 0.8219192 -0.13652839 0.9960158 999.81 
20150622160728 -2.6527755 1.1061212 -0.20590134 0.73761976 -0.3436117 0.9505063 999.81 
20150622160728 -6.3446345 2.1751323 -0.95468795 1.0451905 -0.31795537 0.6646214 999.81 
20150622160728 -10.848128 1.6753427 -0.7493851 1.4230106 -0.116980694 0.44593164 999.81 
20150622160728 -13.450625 -1.0995371 -2.5127146 1.7809776 0.22388211 0.06963864 999.81 
20150622160728 -13.429077 -1.6837224 -2.6485856 2.0641136 0.34788775 -0.3100141 999.88 
20150622160729 -14.56752 -0.04249708 0.3693056 2.0387628 0.081855945 -0.32436943 999.88 
20150622160729 -13.278841 1.6346412 2.5181017 1.7580702 -0.42760566 -0.17623462 999.88 
20150622160729 -11.540052 4.501099 1.2006922 1.3307699 -0.7089091 0.19303341 999.88 
20150622160729 -12.190078 4.3329067 -2.854487 0.6044512 -0.71776664 0.6826419 999.88 
20150622160729 -16.622343 2.2230163 -9.758167 -0.6035349 -0.4428773 1.0629056 999.88 
20150622160729 -14.710574 3.9091327 -11.337144 -1.3154984 1.0094548 1.6187929 999.88 
20150622160729 -12.643181 4.0216603 -9.502586 -2.0796907 2.0470095 2.02624 999.88 
20150622160729 -12.543821 0.94930094 -12.18948 -2.05434 1.0705414 1.525636 999.88 
20150622160729 -12.998121 -1.6364368 -11.899182 -0.5036584 0.5739079 0.47525316 999.89 
20150622160729 -12.296021 1.2012907 -8.231864 0.9783007 0.25686884 -0.06078109 999.89 
20150622160729 -9.889849 3.2243912 -4.4502225 0.8762862 -0.38453966 -0.20341812 999.89 
20150622160729 -7.8146744 4.377199 -1.4796166 -0.10720685 -0.8335256 -0.22327125 999.89 
20150622160729 -6.308123 4.5394063 -0.6536171 -0.600786 -0.98532563 -0.37965274 999.89 
20150622160729 -5.397129 3.1549592 -1.6412252 -0.6585127 -0.86315256 -0.5766568 999.89 
20150622160729 -5.549161 0.7230489 -4.196437 -0.52442783 -0.3555236 -0.95539325 999.89 
20150622160729 -5.45878 -1.4012065 -3.767875 -0.52015173 0.19028452 -1.287704 999.89 
20150622160729 -4.919486 -2.3882163 -2.0458453 -0.63804877 0.43401974 -1.3127494 999.89 
20150622160729 -4.348469 -3.0825348 -0.1376666 -0.76144356 0.2321288 -1.2492194 999.91 
20150622160729 -3.50571 -2.2349873 0.18315643 -0.9602802 -0.1386664 -1.1710287 999.91 
20150622160729 -3.627814 -0.5847838 -0.9187749 -1.047023 -0.4596761 -0.8546005 999.91 
20150622160729 -5.547365 0.55605334 -1.459266 -1.0595458 -0.6026186 -0.441961 999.91 
20150622160729 -8.129512 0.46986207 -2.100912 -1.1994339 -0.25534168 -0.24556783 999.91 
20150622160729 -10.063428 -1.5113398 -2.56419 -1.3154984 0.06566802 -0.15424347 999.91 
20150622160729 -11.249755 -2.822764 -2.2535424 -1.3283265 0.21991149 -0.07696902 999.91 
20150622160729 -12.187085 -4.0282445 -0.11671733 -1.169807 0.18997909 -0.1020145 999.91 
20150622160729 -11.710639 -3.6409822 2.8167782 -1.0806206 -0.29932398 -0.2434298 999.91 
20150622160729 -11.678916 -3.019687 5.8681884 -0.90377516 -0.7107417 -0.18692477 999.84 
20150622160729 -12.016499 -2.6485856 5.945401 -0.68783426 -0.8185594 -0.1469131 999.84 
20150622160729 -11.938088 -4.505289 3.1483753 -0.3155119 -0.77732605 -0.32345316 999.84 
20150622160729 -11.207258 -2.783858 -3.8612487 -0.0143553335 -0.43279803 -0.48716503 999.84 
20150622160729 -13.830106 -1.9668367 -6.9407907 0.40744713 0.31429017 -0.35918877 999.84 
20150622160729 -15.342643 -3.3051953 -14.8033495 1.1835514 1.6352862 -0.6462954 999.84 
20150622160729 -14.192229 -2.0829554 -15.601217 1.7825048 2.244319 -1.1386528 999.84 
20150622160729 -12.9484415 1.6412252 -12.938865 2.1111503 2.0518963 -1.099252 999.84 
20150622160729 -14.217967 4.1293993 -5.720945 1.2348641 1.0818423 -0.37232238 999.84 
20150622160729 -12.492945 0.90500826 -3.1932666 0.24678956 -0.124005646 0.087659165 999.84 
20150622160729 -9.635465 -0.7104794 -2.4774003 0.29626966 -0.6169739 0.064751714 999.84 
20150622160729 -7.5525093 -1.2611457 -2.256535 0.67011917 -1.1795808 -0.035124753 999.84 
20150622160729 -6.7666125 -1.5412674 -2.4672248 0.7849618 -1.142318 0.1414153 999.84 
20150622160729 -6.2704144 -1.4275428 -2.5300727 0.6759224 -0.7703011 0.3830125 999.84 
20150622160729 -6.367379 -1.4682442 -1.9488802 0.4792238 -0.21471913 0.5681047 999.84 
20150622160729 -6.3739634 -1.5532384 -1.5263035 0.45540005 0.14355333 0.70402217 999.84 
20150622160729 -6.1967926 -1.4903905 -0.7194576 0.65393126 0.26358834 0.7602218 999.84 
20150622160729 -4.8135424 -1.01574 -1.7567455 1.0720685 0.24648413 0.8185594 999.84 
20150622160729 -3.5901055 -0.3184288 -2.0895395 1.3017539 0.15699236 0.79626286 999.91 
20150622160729 -2.2331917 0.5021838 -1.6328455 1.3164146 0.03176499 0.8023715 999.91 
20150622160729 -2.393603 1.3263878 -0.46447513 1.2116512 -0.076358154 0.7883216 999.91 
20150622160729 -5.5647235 2.272696 0.090979666 1.2067643 -0.25411993 0.7819075 999.91 
20150622160729 -9.374496 2.3265655 -0.3429694 1.3170254 -0.26450464 0.58062744 999.91 
20150622160729 -12.240356 0.55246204 -2.005144 1.5189165 -0.04337143 0.3213151 999.91 
20150622160730 -12.207436 -0.5746084 -1.7950528 1.6282613 0.24190263 0.07666359 999.91 
20150622160730 -13.500903 -1.0528502 0.8487445 1.6780468 0.28893927 -0.021685716 999.91 
20150622160730 -15.107412 -0.7649474 2.712032 1.5641204 -0.059253927 -0.014966198 999.91 
20150622160730 -13.195642 0.587178 1.4221559 1.3662001 -0.38606682 0.09712757 999.88 
20150622160730 -13.953407 3.0891187 -2.2104468 0.8744536 -0.3885103 0.59956425 999.88 
20150622160730 -16.056713 2.8538885 -8.668207 0.12217305 -0.23396139 0.870483 999.88 
20150622160730 -12.093113 5.3318872 -9.358934 -0.7806858 0.1695151 1.3631458 999.88 
20150622160730 -10.255563 7.192182 -5.368997 -1.1242975 1.398576 1.9700404 999.88 
20150622160730 -11.406575 5.673061 -10.159196 -1.8897116 1.0479393 2.1212296 999.88 
20150622160730 -14.054563 2.7042508 -13.883976 -1.4850134 -0.028099801 0.745561 999.88 
20150622160730 -15.730504 0.40102878 -11.798626 -0.09437868 0.49968776 -0.062002823 999.88 
20150622160730 -10.268731 1.4496891 -5.1547165 1.1725558 0.8927795 -0.16768251 999.88 
20150622160730 -7.4842744 1.4879963 -1.5921441 0.89888823 -0.013744468 -0.38820487 999.82 
20150622160730 -5.880758 2.0099323 -0.5566519 0.09590584 -0.77213365 -0.60048056 999.82 
20150622160730 -4.9362454 2.0440497 -1.0169371 -0.14905111 -1.2852604 -0.61422503 999.82 
20150622160730 -5.058948 1.4209588 -2.2002714 -0.19058995 -0.9624182 -0.6795876 999.82 
20150622160730 -5.0140567 0.5710171 -2.8939912 -0.29229903 -0.2846632 -0.9569204 999.82 
20150622160730 -4.647744 -0.34596214 -2.4588451 -0.4279111 0.29168814 -1.1414018 999.82 
20150622160730 -4.18686 -1.4251486 -2.1033063 -0.6585127 0.4560109 -1.1426234 999.82 
20150622160730 -3.697246 -2.2691047 -1.4466964 -0.7281514 0.30726522 -1.1869112 999.82 
20150622160730 -3.618836 -1.899799 -1.6921021 -0.7189884 0.081855945 -1.097114 999.82 
20150622160730 -4.8656163 -0.95947635 -2.5605986 -0.61117065 -0.18509217 -0.78954333 999.9 
20150622160730 -8.019978 -0.6404489 -2.7682958 -0.65301496 -0.18295415 -0.5381723 999.9 
20150622160730 -9.980229 0.45370123 -3.1280246 -0.8921687 0.07238753 -0.3866777 999.9 
20150622160730 -11.262923 0.83138657 -2.3624785 -1.1707232 0.27214047 -0.23457226 999.9 
20150622160730 -11.842918 -0.4357447 -0.13108255 -1.4175128 0.16523905 -0.16829337 999.9 
20150622160730 -11.814787 -1.423353 2.4959552 -1.5128077 -0.3051272 -0.26236662 999.9 
20150622160730 -11.277887 -3.5565867 5.680842 -1.4648548 -0.8188649 -0.19914207 999.9 
20150622160730 -10.825383 -6.301539 6.296152 -1.2822062 -0.9810496 -0.14385876 999.9 
20150622160730 -10.160394 -7.2029557 2.4331074 -0.9398162 -0.7174612 -0.44929138 999.9 
20150622160730 -11.683704 -4.6621094 -3.4674027 -0.32620203 -0.3631594 -0.7110472 999.91 
20150622160730 -14.333487 -4.148553 -10.82658 0.5693264 0.42149702 -0.9440922 999.91 
20150622160730 -16.797121 -2.2589293 -16.621147 1.3487904 1.7776178 -1.2070698 999.91 
20150622160730 -17.649456 2.1547816 -17.586609 2.0570886 2.2449298 -1.3377949 999.91 
20150622160730 -15.826272 5.949591 -11.127651 1.6893479 1.858863 -0.79412484 999.91 
20150622160730 -12.508507 4.045004 -3.1370027 0.27977628 0.68386364 0.008857546 999.91 
20150622160730 -9.383475 0.4985925 -0.5177461 -0.2959642 -0.22937989 0.29779682 999.91 
20150622160730 -7.1748238 -3.25372 0.19093758 0.112399206 -1.3038919 0.16829337 999.91 
20150622160730 -6.4960675 -4.8344917 -0.41359833 0.6404922 -1.5827519 0.06352998 999.91 
20150622160730 -6.0345855 -4.4544125 -1.5059528 0.74189585 -1.2165382 0.11056661 999.92 
20150622160730 -5.9370217 -2.3157916 -2.4366987 0.68386364 -0.52534413 0.42363504 999.92 
20150622160730 -5.834071 0.6787562 -3.139397 0.54428095 0.0720821 0.8399397 999.92 
20150622160730 -5.319318 1.9381063 -2.5330653 0.47616947 0.51007247 1.0735956 999.92 
20150622160730 -4.410718 1.762731 -1.6238673 0.5699373 0.6273586 1.1090258 999.92 
20150622160730 -3.306991 1.8327614 -0.6428431 0.8155051 0.47433686 0.93584555 999.92 
20150622160730 -3.1232362 1.459266 -0.49919105 0.9960158 -0.03634648 0.84421575 999.92 
20150622160730 -3.549404 0.84814596 -0.50996494 0.9636399 -0.22510384 0.6747007 999.92 
20150622160730 -5.825093 -0.18674773 -1.0085574 0.9505063 -0.10354166 0.50793445 999.92 
20150622160730 -9.742006 -0.82121116 -1.6753427 0.99021256 0.15271631 0.28680122 999.89 
20150622160730 -11.564592 -0.8331822 -2.3415294 1.1224649 0.43279803 0.016187929 999.89 
20150622160730 -10.920552 -1.1845313 -1.46585 1.391551 0.6606508 -0.12492194 999.89 
20150622160731 -11.996746 -1.276708 0.4973954 1.582141 0.4034765 -0.0888809 999.89 
20150622160731 -14.7411 0.017956512 1.5801731 1.638646 -0.2751948 -0.11148291 999.89 
20150622160731 -13.974357 2.3307555 1.3365631 1.7263051 -0.49938235 -0.08857546 999.89 
20150622160731 -13.075334 3.3237505 -0.59376204 1.5216653 -0.40958515 0.19883664 999.89 
20150622160731 -12.911331 2.3038206 -5.628768 0.895223 -0.44409904 0.61636305 999.89 
20150622160731 -14.004284 3.2321723 -9.733028 -0.1414153 -0.31948254 1.0665708 999.89 
20150622160731 -11.9297085 7.1700354 -9.829395 -0.8228355 0.5363397 1.6187929 999.84 
20150622160731 -13.536817 6.4248405 -11.659762 -1.9315559 1.31672 2.2562308 999.84 
20150622160731 -15.452178 2.6791117 -15.031397 -2.3228152 1.1756102 1.736079 999.84 
20150622160731 -14.360422 -0.45848963 -11.410766 -0.7632761 1.0751228 0.7330383 999.84 
20150622160731 -11.571177 -0.84096336 -6.3087215 1.0690142 0.93645644 -0.12614368 999.84 
20150622160731 -8.479664 -0.32561144 -2.4319103 1.2574661 -0.77824235 -0.4529566 999.84 
20150622160731 -6.5367694 2.1176715 -0.36990416 0.5714644 -1.4236214 -0.48716503 999.84 
20150622160731 -5.409699 3.6565444 -0.2741361 -0.19853121 -1.5662584 -0.43951756 999.84 
20150622160731 -4.5801077 4.0904937 -1.1875241 -0.47739118 -1.0894781 -0.39522982 999.84 
20150622160731 -4.7159786 3.4727895 -2.7407625 -0.5131268 -0.537256 -0.65087694 999.88 
20150622160731 -4.8823757 1.4107834 -3.721188 -0.56107974 0.034208454 -0.93309665 999.88 
20150622160731 -4.478953 -0.8475474 -3.481768 -0.72173727 0.355829 -1.207986 999.88 
20150622160731 -4.258686 -3.0867245 -2.1146786 -0.7828238 0.48258355 -1.2669345 999.88 
20150622160731 -3.6314054 -3.6864722 -0.32441434 -0.81336707 0.19700404 -1.2064588 999.88 
20150622160731 -3.442862 -2.3247697 -0.21428105 -0.91996306 -0.31123585 -0.9807441 999.88 
20150622160731 -5.392939 -1.1923125 -1.3066356 -1.0913107 -0.6209445 -0.6239988 999.88 
20150622160731 -8.039729 -0.44232875 -2.3092074 -1.3054191 -0.473726 -0.31795537 999.88 
20150622160731 -10.622475 0.38606504 -3.0771477 -1.4388931 0.22113322 -0.13316862 999.88 
20150622160731 -11.660959 -0.08678981 -2.7802668 -1.4468343 0.5864306 0.05467244 999.92 
20150622160731 -11.742362 -1.8459295 -1.110311 -1.3888022 0.5018258 0.022907447 999.92 
20150622160731 -11.669339 -2.5785553 2.2260091 -1.3255776 -0.13103059 -0.12003502 999.92 
20150622160731 -11.552622 -2.6024973 6.2793927 -1.1392636 -0.61300325 -0.21533 999.92 
20150622160731 -11.320983 -3.3518825 7.427412 -0.90224797 -0.98868537 -0.2751948 999.92 
20150622160731 -11.24377 -5.549161 6.0124393 -0.50426924 -0.94959 -0.5534439 999.92 
20150622160731 -11.227609 -5.79337 -1.6376339 -0.036957346 -0.7098254 -0.95569867 999.92 
20150622160731 -11.33056 -3.1663318 -7.016208 0.37720928 0.05497787 -1.0225884 999.92 
20150622160731 -12.497134 -3.0125043 -12.58572 1.0134255 0.8970556 -0.9505063 999.92 
20150622160731 -14.434044 -1.3617022 -19.330187 1.6600263 2.2156084 -1.1386528 999.92 
20150622160731 -18.486828 1.5472529 -19.244593 2.006387 1.9669861 -0.7996226 999.92 
20150622160731 -15.661072 1.5795746 -9.791088 0.98990715 1.6737708 -0.44959682 999.92 
20150622160731 -12.431892 0.55126494 -3.1585505 0.13408493 0.7849618 -0.0729984 999.92 
20150622160731 -8.861539 -0.92176765 0.31184477 0.21197024 -0.34330627 -0.10476339 999.92 
20150622160731 -6.045958 -3.0897174 1.5191209 0.59223384 -1.7983873 -0.07696902 999.92 
20150622160731 -5.080496 -4.0258503 2.0685902 0.8191703 -1.9572122 0.12950343 999.92 
20150622160731 -4.8775873 -3.9504328 0.24720132 0.7165449 -1.4404203 0.42394048 999.92 
20150622160731 -6.6612678 -3.1399956 -2.208651 0.7333437 -0.5849035 0.70738196 999.92 
20150622160731 -7.716512 -1.8926164 -4.729147 0.82558435 0.19914207 1.0225884 999.88 
20150622160731 -7.675212 -0.5363012 -4.31495 1.0598512 1.2027937 1.20371 999.88 
20150622160731 -5.407305 1.0247183 -3.063381 1.2913691 1.4746287 1.2293663 999.88 
20150622160731 -3.506907 2.4139538 -1.6370354 1.3362677 0.9877691 1.1600331 999.88 
20150622160731 -1.8579005 3.5242648 -0.9175778 1.3048081 0.17806722 1.1823297 999.88 
20150622160731 -2.3391352 3.1148565 -0.40821138 1.1737776 -0.21288654 1.070236 999.88 
20150622160731 -5.3618145 2.6593595 -1.3389573 1.142318 -0.3735441 0.79351395 999.88 
20150622160731 -10.047267 2.022502 -2.5611973 1.248914 -0.09896017 0.4642576 999.88 
20150622160732 -11.584944 1.1150994 -4.5040917 1.3371841 0.3222314 0.1255328 999.88 
20150622160732 -10.354922 0.062249243 -1.5191209 1.3723087 0.57971114 -0.06780604 999.92 
20150622160732 -10.882844 -1.7675194 2.7072437 1.3078625 0.3213151 -0.26419923 999.92 
20150622160732 -13.456012 -2.5181017 5.1247888 1.3100005 -0.6246097 -0.30726522 999.92 
20150622160732 -13.157335 -2.0757728 4.31076 1.4428637 -1.2183707 -0.24587326 999.92 
20150622160732 -12.324153 0.022146367 1.429937 1.1725558 -1.1148291 0.19639318 999.92 
20150622160732 -13.021464 1.9087774 -4.9266686 0.7275405 -0.4382958 0.6102544 999.92 
20150622160732 -16.089634 2.1033063 -10.031705 -0.22693644 0.051618114 0.86070913 999.92 
20150622160732 -12.650363 6.081272 -11.499351 -0.8576548 0.8903361 1.395827 999.92 
20150622160732 -11.785458 7.93618 -7.97748 -1.5085317 1.9828686 2.204002 999.92 
20150622160732 -13.816938 5.106832 -13.852253 -2.0766363 1.2388347 1.9413297 999.89 
20150622160732 -14.39813 1.2808979 -12.931682 -1.3927728 0.38453966 0.84696466 999.89 
20150622160732 -12.591705 0.35075054 -7.3346367 0.46944994 0.57971114 -0.21594086 999.89 
20150622160732 -8.584411 0.62847793 -2.944868 1.2910637 0.049785517 -0.41325033 999.89 
20150622160732 -6.6067996 1.9075803 -0.16639702 0.47800204 -1.2980887 -0.49571714 999.89 
20150622160732 -5.6790466 2.5342624 -0.12270284 -0.204029 -1.4706581 -0.5018258 999.89 
20150622160732 -5.363012 2.6563668 -1.7010803 -0.36957347 -1.0064005 -0.5369505 999.89 
20150622160732 -5.799355 1.8644845 -3.5284548 -0.39492437 -0.591623 -0.7272351 999.89 
20150622160732 -5.8867435 0.75596917 -4.2610803 -0.44837508 0.14660765 -1.0320568 999.89 
20150622160732 -5.4791307 -0.26515785 -3.752911 -0.5684101 0.6301075 -1.1313224 999.89 
20150622160732 -4.630386 -1.4987702 -2.4199393 -0.7189884 0.61453044 -1.1582005 999.89 
20150622160732 -4.0342298 -2.5312698 -1.1127052 -0.80878556 0.27855456 -1.2180653 999.89 
20150622160732 -3.638588 -2.3427265 -0.05626374 -0.8555168 -0.046731193 -1.1624765 999.89 
20150622160732 -4.4274774 -1.7196354 -0.89543146 -0.95081174 -0.5323691 -0.90041536 999.89 
20150622160732 -7.2831616 -1.5328877 -1.9387048 -1.0656544 -0.59498274 -0.5354234 999.89 
20150622160732 -10.382456 -1.1354501 -2.791639 -1.2544118 -0.12675454 -0.29168814 999.89 
20150622160732 -11.95365 -1.2838906 -3.4213142 -1.3613132 0.46303585 -0.0852157 999.89 
20150622160732 -11.4598465 -2.4426842 -1.5370775 -1.3023647 0.6224717 0.11148291 999.89 
20150622160732 -10.816404 -3.2932243 2.5552118 -1.2699889 0.2321288 -0.007941248 999.92 
20150622160732 -10.168175 -2.6737247 5.9424086 -1.0436633 -0.6606508 -0.07880162 999.92 
20150622160732 -10.561422 -2.0350714 7.290344 -0.6805039 -1.2819008 -0.12492194 999.92 
20150622160732 -10.858902 -3.6224272 6.1112 -0.40378192 -1.1737776 -0.2415972 999.92 
20150622160732 -10.681731 -4.288614 -0.029927522 -0.07727446 -0.8426886 -0.6575964 999.92 
20150622160732 -11.753136 -2.3056161 -7.192182 0.24220806 -0.095294975 -0.63713247 999.92 
20150622160732 -14.435839 -3.5697548 -14.939818 0.8405506 1.3148874 -0.61819565 999.92 
20150622160732 -17.951725 -2.6426 -19.608511 1.3888022 2.921463 -1.0830641 999.92 
20150622160732 -16.026188 1.287482 -18.631079 1.8756617 2.4663684 -1.4266758 999.92 
20150622160732 -15.3767605 2.7491422 -8.883685 1.1456778 2.158187 -0.78038037 999.9 
20150622160732 -12.941857 0.9840169 -3.7612908 0.01740966 0.34300083 0.05131268 999.9 
20150622160732 -8.504205 -0.05267244 -0.08439561 0.017715093 -0.9221011 0.22724187 999.9 
20150622160732 -5.3899465 -1.8303672 1.1869255 0.35063666 -1.8472565 0.21838433 999.9 
20150622160732 -4.623802 -2.8407204 1.4760253 0.69027776 -1.9327776 0.26175576 999.9 
20150622160732 -4.361637 -3.0029275 0.40940848 0.70005155 -1.6432275 0.28221974 999.9 
20150622160732 -5.2139726 -2.433706 -2.2266076 0.6713409 -0.78038037 0.54733527 999.9 
20150622160732 -6.9168487 -1.5741876 -4.4963107 0.6169739 0.18600847 0.88422745 999.9 
20150622160732 -7.2789717 -0.6488287 -4.1293993 0.643852 1.1691961 1.0509937 999.9 
20150622160732 -5.6682725 0.3196259 -3.2345665 0.98532563 1.5228871 1.0900891 999.9 
20150622160732 -3.8031895 1.7513585 -2.0512323 1.2733486 1.0195341 1.022283 999.9 
20150622160732 -2.598906 2.794632 -0.92895025 1.3228287 0.119729586 0.9639453 999.9 
20150622160732 -2.9550436 3.1914709 -0.57760113 1.1548407 -0.34513888 0.8604037 999.9 
20150622160733 -6.278794 2.8329391 -0.83497787 1.0861185 -0.47739118 0.61269784 999.9 
20150622160733 -10.334572 0.8984242 -1.0791864 1.2275337 -0.204029 0.30665436 999.9 
20150622160733 -11.439496 -1.3820529 -1.8004397 1.3939945 0.13744467 -0.14508049 999.9 
20150622160733 -11.076176 -2.3295584 -2.0620062 1.6383406 0.376293 -0.35338554 999.9 
20150622160733 -11.857284 -2.5312698 0.12330139 1.6514742 -0.0842994 -0.30970868 999.9 
20150622160733 -14.121001 -1.9075803 2.2319946 1.5317446 -0.65393126 -0.07727446 999.91 
20150622160733 -13.513473 0.090979666 3.7181952 1.3481796 -0.729984 0.09162979 999.91 
20150622160733 -12.322357 2.5785553 2.654571 0.98532563 -0.72418076 0.46700647 999.91 
20150622160733 -13.541605 3.365649 -3.5877113 0.50885075 -0.55771995 0.8222246 999.91 
20150622160733 -15.921441 2.7736826 -10.187927 -0.21624629 -0.3304781 0.91538155 999.91 
20150622160733 -11.322779 5.6497173 -10.664971 -0.6429357 0.88331115 1.4431691 999.91 
20150622160733 -10.724228 7.0964136 -7.606379 -1.5222762 1.9947804 2.0363193 999.91 
20150622160733 -13.0759325 4.3502645 -12.561778 -2.1587977 1.2800682 1.9785925 999.91 
20150622160733 -15.627553 0.8218097 -13.282433 -1.2635747 0.44623706 0.6786713 999.91 
20150622160733 -13.197438 -0.08738836 -7.3418193 0.57451874 0.79290307 0.004581489 999.89 
20150622160733 -8.920197 -0.30526072 -3.1160536 1.310306 0.08674286 -0.36865717 999.89 
20150622160733 -6.871359 0.86969376 -0.89184016 0.75716746 -0.9966267 -0.5015204 999.89 
20150622160733 -5.4887075 2.4660277 -0.5470751 0.077579886 -1.5454891 -0.5537493 999.89 
20150622160733 -4.980538 3.4662056 -1.8561049 -0.2574797 -1.1542299 -0.4905248 999.89 
20150622160733 -5.171476 3.4853592 -2.9700072 -0.35643986 -0.5882632 -0.5919284 999.89 
20150622160733 -5.45459 2.5049336 -3.5745432 -0.47708577 0.080634214 -0.78038037 999.89 
20150622160733 -5.007473 0.5781997 -3.5775359 -0.7489208 0.40561453 -0.96974856 999.89 
20150622160733 -4.292804 -1.7322049 -2.461838 -0.9550878 0.5155703 -1.1191051 999.89 
20150622160733 -4.292804 -3.3752258 -1.5735891 -0.96577793 0.33567044 -1.1545353 999.88 
20150622160733 -4.222773 -3.4332852 -1.0301052 -0.9718866 -0.11728613 -1.1209377 999.88 
20150622160733 -5.0523643 -2.6090813 -1.7166426 -1.0516045 -0.44898596 -0.89369583 999.88 
20150622160733 -7.368156 -1.7112557 -2.0069396 -1.2318097 -0.41447207 -0.52839845 999.88 
20150622160733 -9.85633 0.16699557 -1.5095441 -1.4214834 -0.0018325958 -0.22235495 999.88 
20150622160733 -11.034876 1.0313023 -2.1799207 -1.5528195 0.34574974 0.10781772 999.88 
20150622160733 -11.959038 -0.76554596 -1.3425486 -1.459968 0.3484986 0.25381452 999.88 
20150622160733 -12.160749 -2.0799627 1.1599907 -1.3692545 0.061391957 0.049785517 999.88 
20150622160733 -11.567586 -2.4187422 4.895544 -1.1365148 -0.25534168 -0.13255776 999.88 
20150622160733 -12.191275 -3.6248214 7.331644 -0.88147855 -0.68477994 -0.15271631 999.92 
20150622160733 -11.875839 -4.775235 5.884948 -0.5626069 -0.782213 -0.38606682 999.92 
20150622160733 -11.812991 -3.7433343 -2.9801826 -0.13927728 -0.7669413 -0.743423 999.92 
20150622160733 -12.811374 -2.9682117 -7.890092 0.2687807 0.06536258 -0.86498517 999.92 
20150622160733 -13.89475 -2.7970262 -16.02499 1.0500773 1.378112 -1.1029172 999.92 
20150622160733 -17.23526 -0.21308395 -19.608511 1.8432859 2.437047 -1.251052 999.92 
20150622160733 -17.108965 3.9588125 -17.10717 1.6496416 1.9083431 -0.92149025 999.92 
20150622160733 -14.256872 4.64116 -6.2626333 0.042760566 1.212262 -0.06841691 999.92 
20150622160733 -11.207857 1.8872294 -0.9959879 -0.7593055 0.15760323 0.38056904 999.92 
20150622160733 -6.9820905 -2.167351 1.7052702 -0.2843578 -1.0158689 0.2180789 999.84 
20150622160733 -5.354632 -4.8225207 1.5849615 0.57451874 -2.0967948 -0.06658431 999.84 
20150622160733 -5.0242324 -5.2804117 1.1528081 0.75136423 -2.2250767 -0.14935656 999.84 
20150622160733 -4.669292 -4.158728 -0.705691 0.7901542 -1.2519683 0.1020145 999.84 
20150622160733 -4.361637 -2.6437972 -3.1872811 0.7846564 -0.3231477 0.5128214 999.84 
20150622160733 -5.040992 -0.52971715 -4.085107 0.78893244 0.3747658 0.9654725 999.84 
20150622160733 -5.0427876 1.417966 -3.2148144 0.84879726 1.0323622 1.1438452 999.84 
20150622160733 -4.0922894 2.6114755 -2.6324248 1.0500773 1.024421 1.1206323 999.84 
20150622160734 -3.256713 3.1914709 -1.5436616 1.2461652 0.5311473 1.0439687 999.84 
20150622160734 -3.3033998 2.961029 -0.6398504 1.4043792 0.018020526 0.9407325 999.9 
20150622160734 -5.201403 1.3126211 -0.7338228 1.4871514 -0.2733622 0.67011917 999.9 
20150622160734 -8.747814 0.801459 -0.40282443 1.565953 -0.4166101 0.33353242 999.9 
20150622160734 -11.406575 -0.036511578 -1.3269863 1.5946637 -0.18967366 0.08307768 999.9 
20150622160734 -12.4312935 -2.1996727 -1.7561469 1.5800029 0.044593163 -0.11178834 999.9 
20150622160734 -12.546215 -2.9406781 -0.97503865 1.5836681 -0.015882496 -0.22266038 999.9 
20150622160734 -13.883377 -1.7238252 1.7753005 1.5919148 -0.24709499 -0.2415972 999.9 
20150622160734 -14.066533 0.2100912 3.120842 1.5827519 -0.5580254 0.032070424 999.9 
20150622160734 -11.2312 2.2373815 2.1721394 1.2379184 -0.7153232 0.44165558 999.9 
20150622160734 -11.208455 4.0922894 0.90620536 0.6939429 -0.5830709 0.90377516 999.95 
20150622160734 -12.603078 3.1597476 -6.3344593 0.1518 -0.50243664 1.0393872 999.95 
20150622160734 -13.340492 3.4249055 -10.398018 -0.7816021 -0.26175576 1.2901474 999.95 
20150622160734 -10.907983 6.2763996 -7.265804 -1.260215 1.1145236 1.7693712 999.95 
20150622160734 -13.486538 5.469554 -11.3802395 -1.8784106 1.887879 2.080607 999.95 
20150622160734 -15.561712 2.3199813 -16.916231 -1.466382 0.7021896 0.95264435 999.95 
20150622160734 -15.02182 0.40222588 -10.911574 -0.48472157 0.95478237 0.15760323 999.95 
20150622160734 -10.561422 1.0881647 -3.2130187 1.1093313 1.3393221 0.011301007 999.95 
20150622160734 -7.065289 2.396596 0.521936 1.1646146 -0.8231409 -0.2947425 999.95 
20150622160734 -5.075109 3.448249 1.8118122 0.4016439 -2.0314324 -0.4352415 999.89 
20150622160734 -4.4759603 3.1908724 0.8355764 -0.06841691 -1.7577647 -0.5580254 999.89 
20150622160734 -5.283405 2.6282349 -1.2090719 -0.18417588 -1.0534371 -0.70616025 999.89 
20150622160734 -5.7125654 1.9506758 -3.4512417 -0.27488935 -0.2874121 -0.9868528 999.89 
20150622160734 -6.157887 0.85652566 -3.9085343 -0.45906523 0.70463306 -1.0458013 999.89 
20150622160734 -5.345654 -0.75357497 -3.2824504 -0.6963864 1.1969905 -1.0375546 999.89 
20150622160734 -4.894945 -2.6036944 -2.100912 -0.75900006 1.0186177 -1.1267409 999.89 
20150622160734 -4.8285065 -3.4871547 -1.6130934 -0.74464476 0.40775254 -1.16492 999.89 
20150622160734 -4.8261123 -2.5600002 -1.567005 -0.7357872 0.023518313 -1.0952814 999.89 
20150622160734 -6.071097 -1.5394717 -2.528277 -0.8081747 -0.21930063 -0.7131852 999.87 
20150622160734 -8.485649 -0.7870938 -2.7114334 -1.0070114 -0.064751714 -0.3717115 999.87 
20150622160734 -10.746374 -0.08439561 -2.4558525 -1.2110404 0.20555615 -0.13561209 999.87 
20150622160734 -11.447875 -0.90021986 -2.0811598 -1.2666291 0.23335053 -0.007330383 999.87 
20150622160734 -11.4598465 -2.2631192 0.47884035 -1.2339478 0.004276057 0.041233405 999.87 
20150622160734 -11.376648 -2.3187842 4.3341036 -1.1074986 -0.5103779 -0.032375857 999.87 
20150622160734 -11.500547 -2.3744495 6.8557963 -0.89461213 -0.9950995 -0.057421334 999.87 
20150622160734 -11.064803 -3.2531216 5.804742 -0.6041457 -1.10139 -0.31337386 999.87 
20150622160734 -9.217078 -3.775656 1.4640543 -0.38240165 -0.8552113 -0.7171558 999.87 
20150622160734 -10.3453455 -2.256535 -3.4237084 -0.01740966 -0.41263947 -0.8213083 999.95 
20150622160734 -13.752295 -3.6703112 -10.395025 0.58551437 0.4456262 -0.8872818 999.95 
20150622160734 -18.016367 -3.1471782 -19.308039 1.2357804 1.7589865 -1.3600914 999.95 
20150622160734 -17.420212 1.2006922 -19.056648 1.7314975 2.268448 -1.4947872 999.95 
20150622160734 -16.057312 4.1940427 -10.048465 1.3002267 2.1804836 -0.9914343 999.95 
20150622160734 -12.448053 2.0338743 -1.9829975 -0.01985312 1.0137309 -0.17806722 999.95 
20150622160734 -8.8364 -0.6703765 1.3371617 -0.1469131 -0.6453791 0.08307768 999.95 
20150622160734 -6.6391215 -2.4540567 0.7068881 0.4474588 -1.7577647 0.027488936 999.95 
20150622160734 -5.9561753 -2.5582044 0.017956512 0.7110472 -1.8558086 0.105068825 999.95 
20150622160734 -6.197391 -2.083554 -1.6454151 0.6209445 -0.9602802 0.1994475 999.9 
20150622160734 -7.2149267 -1.5131354 -2.6856956 0.47952923 -0.15027285 0.46914452 999.9 
20150622160734 -7.8308353 -0.92655605 -3.221997 0.33750305 0.5681047 0.7180721 999.9 
20150622160734 -8.023568 -0.82240826 -2.6647465 0.43127087 1.0140363 0.92485 999.9 
20150622160735 -6.4583592 -0.9068039 -1.6561891 0.84665924 1.0647382 0.9049969 999.9 
20150622160735 -4.3460746 -0.19752164 -1.7741034 1.149343 0.64996064 0.8078693 999.9 
20150622160735 -2.914342 0.6859388 -1.1408371 1.4101825 0.17898351 0.79626286 999.9 
20150622160735 -1.7304093 1.1270704 -1.1486182 1.4251486 -0.13652839 0.73945236 999.9 
20150622160735 -2.4827871 1.4227544 -0.76315176 1.3011429 -0.3036 0.636827 999.9 
20150622160735 -6.7085533 2.1613655 -0.9516952 1.3267993 -0.20372356 0.5390886 999.91 
20150622160735 -12.348095 2.1152773 -1.780089 1.3924674 0.010079277 0.39614612 999.91 
20150622160735 -13.773843 1.1162965 -3.0280666 1.4816537 0.35246924 0.15057829 999.91 
20150622160735 -12.462419 -0.30765492 -2.297835 1.6997325 0.6924158 -0.04886922 999.91 
20150622160735 -13.68825 -1.4449008 2.0775685 1.7009543 0.16768251 -0.35185838 999.91 
20150622160735 -12.987946 -1.0540473 3.4171243 1.6820174 -0.5006041 -0.26633725 999.91 
20150622160735 -10.668563 -0.062249243 3.0597897 1.3842206 -1.171945 0.098043874 999.91 
20150622160735 -12.351088 0.439336 -0.59855044 0.7098254 -1.0302242 0.8170323 999.91 
20150622160735 -14.033014 2.6701334 -10.431537 -0.17104226 -0.68875057 1.0833695 999.91 
20150622160735 -13.088502 7.5016327 -11.293449 -0.8677341 0.36926803 1.5109752 999.91 
20150622160735 -14.610616 7.457938 -13.844471 -1.6331482 2.1960607 2.1725423 999.91 
20150622160735 -14.941614 4.469376 -15.436017 -1.9941696 1.8237382 1.8961257 999.91 
20150622160735 -12.348694 2.0572178 -10.763732 -0.8524625 1.4483615 1.149343 999.91 
20150622160735 -11.145009 0.95827925 -5.322909 0.68783426 1.1432343 0.21777347 999.91 
20150622160735 -8.728661 -0.14664486 -1.9195513 1.0775663 -1.0558805 -0.24037547 999.91 
20150622160735 -6.3129115 0.87567925 1.0959458 0.66553766 -1.9046779 -0.45448375 999.91 
20150622160735 -4.695628 3.3381157 0.85532856 0.13316862 -1.7058412 -0.5467244 999.91 
20150622160735 -4.019266 4.809353 -1.4634558 -0.33078352 -1.3393221 -0.5305365 999.91 
20150622160735 -4.38917 4.7668557 -2.903568 -0.5299256 -0.68477994 -0.63163465 999.93 
20150622160735 -4.572925 2.8640637 -5.2259436 -0.7861836 0.34666604 -0.9263771 999.93 
20150622160735 -4.2556934 0.22266077 -4.398747 -1.0341948 0.8906415 -1.2687671 999.93 
20150622160735 -4.705205 -2.3983915 -4.2012253 -1.0461067 1.0027353 -1.3041973 999.93 
20150622160735 -6.283582 -4.4903255 -2.7216089 -1.0726794 0.68203104 -1.2968669 999.93 
20150622160735 -6.601413 -4.4939165 -2.6060886 -1.1007792 0.3100141 -1.2760975 999.93 
20150622160735 -7.144298 -3.3854012 -2.903568 -1.3435981 -0.082161374 -0.960891 999.93 
20150622160735 -8.884284 -2.4893713 -2.694674 -1.5980235 -0.062308256 -0.45234573 999.93 
20150622160735 -11.179127 -0.25617957 -2.556409 -1.6994271 0.1966986 -0.2003638 999.93 
20150622160735 -10.918159 0.6667852 -0.9504981 -1.7269161 0.15393804 0.060170226 999.87 
20150622160735 -10.36031 -0.40342298 2.1266496 -1.6584991 -0.061391957 0.13927728 999.87 
20150622160735 -9.898827 -1.3605051 5.0481744 -1.4544702 -0.6630942 0.09101892 999.87 
20150622160735 -9.344569 -1.2096704 7.73387 -1.2198979 -1.2577715 -0.027488936 999.87 
20150622160735 -10.064626 -1.8291701 7.7679873 -0.86193085 -1.2626585 -0.16310102 999.87 
20150622160735 -11.555614 -4.446631 4.320337 -0.25137106 -1.0525209 -0.5555819 999.87 
20150622160735 -12.294226 -5.1319714 -6.2225304 0.18173242 -0.5323691 -0.98807454 999.87 
20150622160735 -13.672089 -3.5194764 -11.675324 0.57360244 0.6062838 -0.86101454 999.87 
20150622160735 -14.960768 -2.6437972 -18.012777 0.98837996 2.32984 -0.698219 999.87 
20150622160735 -14.24969 -0.30526072 -17.320852 1.1911873 2.8005116 -0.7452556 999.89 
20150622160735 -12.61026 2.4229321 -13.936049 1.1713341 2.2724187 -0.6267477 999.89 
20150622160735 -13.916896 4.2862196 -6.8049197 0.45906523 1.368949 -0.49510628 999.89 
20150622160735 -11.982381 2.2601264 -1.714847 0.08735373 -0.3857614 -0.086132 999.89 
20150622160735 -9.169792 -1.1480197 1.0354922 0.4034765 -1.2104294 0.038179077 999.89 
20150622160735 -6.421249 -2.9909565 0.9792285 0.7629707 -1.8466456 -0.0125227375 999.89 
20150622160735 -5.181651 -3.6433764 -0.4249708 0.59803706 -1.8933768 0.12583824 999.89 
20150622160735 -5.514445 -3.8594532 -2.0165164 0.52534413 -0.9392053 0.42546764 999.89 
20150622160735 -5.521029 -3.7301662 -3.3033998 0.7431176 0.05131268 0.59315014 999.89 
20150622160736 -5.7802014 -3.6302083 -3.1794999 1.074512 0.59315014 0.820392 999.92 
20150622160736 -6.329072 -1.6561891 -3.441665 1.3674219 0.79717916 1.0125091 999.92 
20150622160736 -5.171476 1.3838485 -3.1890767 1.7629571 0.6994407 1.0635164 999.92 
20150622160736 -3.7960067 3.032855 -2.3720553 1.8594738 0.4978552 1.0085385 999.92 
20150622160736 -3.330933 4.2161894 -1.6244658 1.74738 0.16157386 0.9254609 999.92 
20150622160736 -5.218761 4.572925 -1.8118122 1.6539177 -0.13805555 0.80909103 999.92 
20150622160736 -9.330803 4.2054152 -2.7988217 1.5674802 -0.24373524 0.59895337 999.92 
20150622160736 -12.34211 2.4672248 -3.4769795 1.5949692 0.0076358155 0.21197024 999.92 
20150622160736 -12.436681 -0.48482585 -2.2984335 1.7482964 0.37293324 -0.09010262 999.92 
20150622160736 -10.796054 -1.5275006 -1.1013328 1.9343048 0.09896017 -0.37568212 999.89 
20150622160736 -11.47062 -2.0566192 2.7072437 1.7580702 -0.9388999 -0.45814893 999.89 
20150622160736 -11.959038 -1.8327614 5.0571527 1.5467108 -1.5793921 -0.33383787 999.89 
20150622160736 -9.074623 -0.24899697 4.2556934 1.0290025 -1.5949692 0.15515977 999.89 
20150622160736 -9.949704 2.291251 3.389591 0.31978795 -1.2156218 0.8717047 999.89 
20150622160736 -14.264055 1.364695 -7.728483 -0.3399465 -0.4746423 1.142318 999.89 
20150622160736 -14.970345 2.722806 -13.496115 -0.8677341 0.33444872 1.1615603 999.89 
20150622160736 -15.846024 3.6254199 -12.046426 -0.87964594 2.6233609 1.6142114 999.89 
20150622160736 -13.668497 3.447052 -14.09287 -1.432479 2.8603766 1.9498819 999.89 
20150622160736 -12.358271 2.2337902 -11.566987 -1.1337659 1.4608842 1.3778065 999.9 
20150622160736 -12.09012 2.8880057 -5.7975593 0.15271631 0.45112398 0.5360342 999.9 
20150622160736 -9.886856 2.8443117 -1.7896658 0.8436049 -1.0680978 0.039095376 999.9 
20150622160736 -6.9689226 3.887585 0.7691373 0.691194 -1.7776178 -0.22296582 999.9 
20150622160736 -5.569512 3.6086605 0.6703765 0.051923547 -1.7150042 -0.42363504 999.9 
20150622160736 -4.8704047 3.3315318 -2.4049757 -0.25045475 -1.320996 -0.65057147 999.9 
20150622160736 -5.521029 2.1906946 -5.53719 -0.44898596 -0.5626069 -0.9104946 999.9 
20150622160736 -5.667674 0.5602432 -5.6108117 -0.68203104 0.5635232 -1.1087204 999.9 
20150622160736 -5.465364 -0.93254155 -4.8823757 -0.87109387 0.9941832 -1.0943651 999.9 
20150622160736 -4.96737 -2.0907366 -2.724003 -1.0940597 0.75319684 -1.0317514 999.86 
20150622160736 -4.903325 -3.245939 -1.1210849 -1.2556335 0.34605515 -1.0128145 999.86 
20150622160736 -4.7141833 -2.7868507 -0.4441244 -1.2351695 -0.027183503 -0.9944886 999.86 
20150622160736 -5.7119665 -2.4037786 -1.13964 -1.1395692 -0.38637227 -0.7476991 999.86 
20150622160736 -7.917625 -2.4007857 -2.1398177 -1.1624765 -0.33444872 -0.50885075 999.86 
20150622160736 -10.406398 -1.2372037 -2.8868086 -1.205848 0.009162978 -0.2443461 999.86 
20150622160736 -12.169128 -0.059855044 -3.1465795 -1.2913691 0.3885103 0.08368854 999.86 
20150622160736 -12.24275 -0.78769237 -1.3485341 -1.3585643 0.41447207 0.23884831 999.86 
20150622160736 -10.761338 -1.3976152 2.2176294 -1.3683381 -0.014966198 0.07941248 999.86 
20150622160736 -9.813234 -1.435324 5.8502316 -1.1771374 -0.7266242 0.03940081 999.86 
20150622160736 -9.808446 -1.8956091 7.839813 -0.77640975 -1.2238685 -0.07666359 999.86 
20150622160736 -11.742362 -3.300407 5.1475334 -0.24312437 -1.3093897 -0.36743546 999.86 
20150622160736 -12.029068 -4.4502225 -1.0761937 0.2489276 -0.81183994 -0.8958339 999.86 
20150622160736 -11.128249 -1.9045875 -6.0585275 0.5332854 0.2968805 -0.82344633 999.86 
20150622160736 -11.542446 -2.2517467 -10.46745 0.7846564 1.4709635 -0.68600166 999.86 
20150622160736 -11.983578 -1.6184803 -16.24466 1.2644911 2.2085834 -0.89919364 999.86 
20150622160736 -14.920665 1.3126211 -16.543335 1.5268577 1.9737056 -1.0158689 999.86 
20150622160736 -16.903065 4.687248 -10.965444 0.8894198 1.7095064 -0.6979135 999.86 
20150622160736 -13.374011 3.1477766 -4.970961 -0.06841691 0.6743952 -0.37659842 999.88 
20150622160736 -10.59973 0.30885202 -0.22385786 -0.099265605 -0.48991394 -0.028710667 999.88 
20150622160736 -7.426215 -1.7046716 0.5931635 0.28893927 -1.3414601 -0.08857546 999.88 
20150622160736 -5.7203465 -3.2435448 1.1264719 0.43157628 -1.9550742 0.0036651916 999.88 
20150622160736 -5.239112 -4.338892 -0.017357962 0.4456262 -1.4559973 0.20189096 999.88 
20150622160737 -5.8903346 -4.5675383 -1.2473791 0.5180137 -0.63071835 0.4269948 999.88 
20150622160737 -7.2460513 -3.378817 -2.9017725 0.5928447 0.094989546 0.602924 999.88 
20150622160737 -8.480263 -1.3652935 -4.1880574 0.829555 0.59131753 0.8588765 999.88 
20150622160737 -7.325659 0.7140707 -3.6302083 1.2391402 0.9975429 0.93859446 999.88 
20150622160737 -5.2474914 2.0805612 -2.4887726 1.5015068 0.9783007 0.86345804 999.86 
20150622160737 -3.9893386 2.9251158 -1.1204864 1.6420058 0.29443705 0.81581056 999.86 
20150622160737 -3.3943794 3.198055 -0.29987377 1.6496416 -0.33017266 0.7467828 999.86 
20150622160737 -4.6980224 2.7497406 -0.31663316 1.5543466 -0.5290093 0.59956425 999.86 
20150622160737 -8.478467 1.6657659 -0.45489833 1.4266758 -0.46120325 0.40042216 999.86 
20150622160737 -11.16955 0.6063316 -2.0560207 1.3054191 -0.064751714 0.10873401 999.86 
20150622160737 -11.183915 -0.23702596 -3.304597 1.3038919 0.2910773 -0.15668693 999.86 
20150622160737 -11.201871 -0.8870517 -0.7715315 1.2895365 0.15271631 -0.26175576 999.86 
20150622160737 -12.343905 -1.1558008 1.4616601 1.1737776 -0.17470746 -0.28099802 999.86 
20150622160737 -12.111668 -0.50996494 2.4762032 1.0607675 -0.62980205 -0.12217305 999.89 
20150622160737 -11.594521 1.0648212 1.4754268 0.72051555 -0.7528914 0.24037547 999.89 
20150622160737 -12.622829 1.4646529 -1.6986861 0.2452624 -0.57757306 0.552833 999.89 
20150622160737 -15.043367 1.0911574 -7.510012 -0.3359759 -0.30207285 0.729984 999.89 
20150622160737 -13.059174 3.8325183 -10.178948 -0.8588765 0.3857614 1.255328 999.89 
20150622160737 -11.969811 5.6569 -7.5584946 -1.3579534 1.6511687 1.8170186 999.89 
20150622160737 -11.741165 4.7405195 -10.333973 -1.8683313 1.389413 1.7189748 999.89 
20150622160737 -11.4041815 1.513734 -11.536461 -1.1334605 0.5335908 1.0421361 999.89 
20150622160737 -11.8261595 -1.3497312 -9.585187 -0.29168814 0.6072 0.53786683 999.89 
20150622160737 -9.990405 0.7086837 -5.6658783 0.689056 0.3576616 0.25900686 999.86 
20150622160737 -8.552687 3.2722752 -1.8195933 0.5891795 -0.33841935 -0.12522738 999.86 
20150622160737 -7.617751 4.9853263 -1.1121067 -0.019547688 -0.59956425 -0.267559 999.86 
20150622160737 -6.645107 5.3803697 -2.2667105 -0.34116822 -0.72326446 -0.4831944 999.86 
20150622160737 -6.5577183 4.404134 -3.1022868 -0.41508293 -0.3622431 -0.7012733 999.86 
20150622160737 -6.6786256 2.368464 -4.2981906 -0.5366451 0.1142318 -1.0940597 999.86 
20150622160737 -6.559514 -0.11552023 -4.5459905 -0.691194 0.40378192 -1.3283265 999.86 
20150622160737 -6.0986304 -2.4911668 -3.3476925 -0.8732319 0.5015204 -1.3594806 999.86 
20150622160737 -5.673061 -3.8911762 -1.650802 -1.0122037 0.24404067 -1.2709051 999.86 
20150622160737 -5.686229 -4.1683054 -0.82480246 -1.1282681 -0.17837265 -1.151481 999.83 
20150622160737 -6.05733 -3.0412347 -1.0989386 -1.2315043 -0.3726278 -0.93859446 999.83 
20150622160737 -7.4812818 -2.172738 -1.8602947 -1.3121386 -0.29993483 -0.59650993 999.83 
20150622160737 -8.48984 -1.0684125 -2.8640637 -1.3054191 0.09987647 -0.29810223 999.83 
20150622160737 -9.83957 -0.077213004 -3.570952 -1.2559389 0.38240165 -0.039095376 999.83 
20150622160737 -10.626065 -0.0688333 -3.0992942 -1.2434162 0.34574974 0.04917465 999.83 
20150622160737 -10.068815 -0.96067345 -0.81522566 -1.2229522 0.09162979 0.04550946 999.83 
20150622160737 -9.830592 -2.088941 1.785476 -1.1429288 -0.4999932 0.082161374 999.83 
20150622160737 -9.369708 -1.8100165 4.867412 -0.93828905 -1.2030991 0.04642576 999.83 
20150622160737 -9.5013895 -1.3455414 7.2747817 -0.6411031 -1.5968018 -0.06261369 999.83 
20150622160737 -10.851719 -2.1481974 5.825691 -0.27977628 -1.430341 -0.3295618 999.83 
20150622160737 -11.027693 -3.0400376 0.5823896 0.12705997 -1.1640037 -0.8509353 999.83 
20150622160737 -10.957663 -1.5239093 -5.523423 0.364992 -0.26847526 -0.9673051 999.83 
