20150622162632 1.1372458 -2.9454668 1.9201498 0.9309586 -1.9068159 0.16493362 999.42 
20150622162632 1.2868834 -4.1545386 4.5394063 0.8927795 -1.5378532 0.1704314 999.42 
20150622162632 0.5758055 -6.637326 6.077681 0.8170323 -1.3096951 0.15393804 999.42 
20150622162632 -0.8912416 -9.589376 6.0363812 0.52656585 -0.9053023 0.03970624 999.42 
20150622162632 -1.9524715 -10.781689 3.8959646 0.548557 -0.32834008 0.08552113 999.42 
20150622162632 -2.8981812 -12.08593 3.7116113 0.87995136 -0.13255776 0.22510384 999.42 
20150622162632 -0.24181437 -11.203667 5.7885814 1.0534371 -0.41233405 0.16829337 999.42 
20150622162632 4.3263226 -12.545617 9.115923 0.30818152 -1.103528 -0.09101892 999.42 
20150622162632 6.821679 -17.29272 6.0944405 -0.124005646 -1.4236214 -0.66920286 999.62 
20150622162632 7.0407486 -14.011467 2.1332338 0.7473936 -1.1585059 -0.8020661 999.62 
20150622162632 3.1364043 -15.038579 -2.9161377 0.19853121 -0.5500842 -0.44715336 999.62 
20150622162632 2.0733786 -13.5535755 -2.1649568 0.21166481 0.13958271 -0.3753767 999.62 
20150622162632 2.3277626 -12.661138 -0.34237084 0.26267207 1.205848 -0.19822577 999.62 
20150622162632 -0.089782566 -12.430097 -0.66020113 -0.2415972 1.2452488 -0.19547687 999.62 
20150622162632 -1.2246342 -10.107122 -1.7052702 -0.60048056 1.63437 -0.12461651 999.62 
20150622162632 -1.9847932 -6.7881603 -3.2477345 -1.1276573 2.6181684 0.109650314 999.62 
20150622162632 -0.89662856 -4.8853683 -4.1096473 -1.2812898 2.9813278 -0.0106901415 999.62 
20150622162632 0.7721301 -5.547365 -2.0123265 -1.4697418 2.384207 -0.20250183 999.4 
20150622162632 1.5676036 -8.589199 0.7954735 -2.0002782 1.1410962 -0.4364632 999.4 
20150622162632 1.6190789 -10.533889 1.8010383 -2.085494 0.9279043 -0.6979135 999.4 
20150622162632 0.39205053 -6.7187285 1.8459295 -1.6630806 1.2950343 -0.7113526 999.4 
20150622162632 0.21667525 -3.5284548 -0.415394 -1.1887437 1.7611245 -0.33353242 999.4 
20150622162632 -0.017956512 -2.3948002 -2.7850552 -0.9071349 1.81091 -0.22418754 999.4 
20150622162632 1.5352819 -3.2998085 -2.203264 -1.0189233 2.1178699 -0.3213151 999.4 
20150622162632 1.4820108 -5.9082913 0.06344634 -1.3377949 2.3722951 -0.5479461 999.4 
20150622162632 -1.5065514 -8.80767 1.192911 -1.1530081 2.4324653 -0.9746355 999.4 
20150622162632 -3.570952 -9.956287 -0.19931729 -0.73426 2.1261165 -0.98899084 999.39 
20150622162632 -0.32441434 -8.644265 -0.11671733 -0.5919284 1.6927075 -0.66156703 999.39 
20150622162632 2.3900118 -9.513959 2.645593 -0.8347474 1.7235563 -0.15363261 999.39 
20150622162633 -5.217564 -15.233706 2.2391772 -0.8173377 1.7153096 -0.49418998 999.39 
20150622162633 -5.9322333 -13.446435 2.7180176 -0.38789943 1.5894713 -0.63407815 999.39 
20150622162633 -3.032855 -9.683948 0.110133275 -0.5671884 1.4654657 0.3036 999.39 
20150622162633 -5.7520695 -12.563574 -1.6316484 -0.79076505 1.3949108 0.3191771 999.39 
20150622162633 -1.3102269 -13.594277 -2.4612393 -1.1261301 0.88086766 0.37751472 999.39 
20150622162633 0.59136784 -13.332112 -4.3526587 -0.9294315 0.26328292 0.8142834 999.39 
20150622162633 4.0599675 -15.130157 -2.1045034 -0.053145275 -0.4908302 1.0818423 999.44 
20150622162633 2.8395233 -19.608511 -1.893215 0.57604593 -1.2379184 1.2770138 999.44 
20150622162633 3.639785 -19.608511 -1.4089876 1.3023647 -1.3906348 1.0778717 999.44 
20150622162633 3.5500026 -18.492813 -1.4987702 1.4245378 -1.5439619 1.0317514 999.44 
20150622162633 1.9273324 -15.096639 -0.9816227 2.0118847 -1.1511755 1.1404854 999.44 
20150622162633 1.2270284 -12.278664 -3.3925838 2.1587977 -0.7678576 0.8414669 999.44 
20150622162633 -2.2260091 -11.772888 -3.7391446 2.0002782 -0.4334089 0.6591236 999.44 
20150622162633 -1.1935096 -8.256405 -2.5677812 1.6041322 -0.21899518 0.5705481 999.44 
20150622162633 -0.18315643 -4.004901 -1.4885949 1.3921618 -1.039998 1.0103711 999.44 
20150622162633 -0.3321955 -0.9056068 -0.6386533 1.4043792 -2.1594086 0.7654142 999.43 
20150622162633 -0.37349546 -1.8794483 -0.66738373 1.3133603 -3.1844406 0.17501289 999.43 
20150622162633 0.39444473 -2.6868927 -1.2934675 1.0940597 -4.007276 -0.5009095 999.43 
20150622162633 0.76315176 -2.5635915 0.1945289 0.91538155 -4.0695844 -0.61483586 999.43 
20150622162633 0.86610246 -1.7232267 0.7823054 0.689056 -3.6053267 -0.5497787 999.43 
20150622162633 0.75477207 -1.2862848 1.8441339 0.5137377 -3.3056972 -0.37384954 999.43 
20150622162633 0.85293436 -3.6379895 2.8089972 0.5308419 -2.5320365 -0.11026118 999.43 
20150622162633 0.52852005 -6.037578 2.6671407 0.5833763 -1.9703459 0.2144137 999.43 
20150622162633 0.2825158 -7.784148 2.7922378 0.5109888 -1.7449366 0.28069258 999.43 
20150622162633 0.14544775 -9.510966 3.6912606 0.6377433 -1.496009 0.28160888 999.49 
20150622162633 2.5929205 -10.5440645 3.0148985 1.1911873 -1.4208726 0.48288897 999.49 
20150622162633 4.92607 -17.477673 4.1276035 1.1383474 -1.1472049 0.64721173 999.49 
20150622162633 7.3885064 -19.608511 6.9467764 -0.032070424 -0.66889745 0.52198434 999.49 
20150622162633 2.9885623 -13.10167 6.0291986 -0.4098906 -0.03756821 -0.073303826 999.49 
20150622162633 3.833117 -9.391256 3.2142158 0.61086524 -0.04642576 -0.30573806 999.49 
20150622162633 0.044292733 -13.36623 -2.8939912 0.34300083 -0.6441574 -0.22143865 999.49 
20150622162633 -1.0785879 -12.874221 -2.8760347 1.0030408 -0.26511553 -0.8549059 999.49 
20150622162633 1.7968484 -14.431649 -1.1719618 1.061073 0.7883216 -0.98929626 999.49 
20150622162633 0.017357962 -13.343485 -0.207697 0.25778514 0.7510588 -0.9379836 999.6 
20150622162633 0.32800564 -11.972205 -1.6903064 -0.38240165 1.3054191 -0.8903361 999.6 
20150622162633 -1.1701661 -8.565256 -3.2303767 -1.1133019 2.0803015 -0.6178902 999.6 
20150622162633 -1.6238673 -5.565322 -2.8353333 -1.6197093 2.6169467 -0.28985557 999.6 
20150622162633 -0.5117606 -5.5910597 -0.3489549 -1.8402315 2.1933117 0.016798794 999.6 
20150622162633 0.4321534 -7.9272017 1.3700819 -2.3130412 1.3347405 0.38789943 999.6 
20150622162633 1.2354081 -9.601347 2.9167361 -2.2094996 1.0525209 0.29260445 999.6 
20150622162633 1.8632874 -5.4887075 1.0761937 -1.4694363 1.7195857 0.070249505 999.6 
20150622162633 1.1785458 -2.8329391 -1.8393455 -0.99204516 1.7211128 -0.06658431 999.6 
20150622162633 -0.015562311 -3.25372 -3.3249476 -0.9837985 1.6398678 -0.3811799 999.43 
20150622162633 1.412579 -4.2940006 -1.9578584 -1.4159856 1.9498819 -0.60903263 999.43 
20150622162633 1.7304093 -6.9599442 0.9840169 -1.6606371 2.2214115 -0.77274454 999.43 
20150622162633 -0.5153519 -9.414001 0.13108255 -1.3423764 2.2088888 -1.1328496 999.43 
20150622162633 -1.638831 -9.10455 -0.12808979 -0.61941737 2.0320432 -1.2061534 999.43 
20150622162633 2.100912 -7.788338 0.47764325 -0.5119051 1.8319849 -0.66737026 999.43 
20150622162633 3.66672 -9.531916 1.7423803 -0.6805039 1.9953914 -0.30115658 999.43 
20150622162633 -4.9320555 -15.078084 3.9199066 -0.8530733 2.1700988 -0.58246 999.43 
20150622162634 -9.592968 -12.887988 1.6567876 -0.6151413 2.2626448 -0.57848936 999.43 
20150622162634 -7.869741 -9.377489 0.6194997 -0.57818395 2.3307564 0.22785273 999.48 
20150622162634 -6.8091097 -12.035652 -2.9370868 -0.8338311 2.2950208 0.26328292 999.48 
20150622162634 -1.5215151 -11.695675 -3.9671922 -1.0458013 1.287704 0.32284227 999.48 
20150622162634 3.4368765 -13.470377 -3.70802 -0.75900006 -0.17165314 0.81214535 999.48 
20150622162634 9.92636 -17.8374 -3.095703 -0.09560041 -1.5873333 0.9486737 999.48 
20150622162634 5.3079453 -19.608511 -3.8391025 0.6239988 -2.2699752 1.0259482 999.48 
20150622162634 4.3358994 -19.608511 0.24420857 1.1594223 -2.158187 0.63071835 999.48 
20150622162634 2.5953147 -18.785505 -1.4999673 1.2782356 -1.9294178 0.8555168 999.48 
20150622162634 1.6059108 -14.234128 -3.9366663 1.9767599 -1.1004738 1.0228939 999.48 
20150622162634 0.7350199 -12.115259 -5.74369 2.1841488 -0.66431594 1.094976 999.4 
20150622162634 -2.236783 -12.2080345 -3.7882257 1.7238617 -0.2125811 0.9990701 999.4 
20150622162634 -0.7954735 -9.297284 -1.4640543 1.2308935 -0.52106804 0.9957104 999.4 
20150622162634 0.35673606 -4.6136265 -1.0468647 0.8915578 -1.4370605 1.346347 999.4 
20150622162634 0.41599256 -1.654992 -0.3298013 0.94042706 -2.54517 1.110553 999.4 
20150622162634 0.5033809 -1.412579 -0.16699557 1.0509937 -3.5402696 0.35094208 999.4 
20150622162634 0.38187516 -2.0219033 -1.1067197 1.0735956 -4.02774 -0.17989981 999.4 
20150622162634 0.12868834 -1.6531962 -0.6943185 1.0711522 -3.9043453 -0.5552765 999.4 
20150622162634 0.37828386 -0.58119243 0.50876784 0.9755518 -3.645033 -0.6560693 999.4 
20150622162634 0.6087258 -0.1921347 1.4508862 0.8405506 -3.3906076 -0.56016344 999.42 
20150622162634 0.61291564 -2.4851813 2.2170308 0.643852 -2.85213 -0.37843102 999.42 
20150622162634 0.29388827 -5.590461 3.4769795 0.58001655 -1.9834795 0.002443461 999.42 
20150622162634 0.39923313 -8.147469 4.8243165 0.5271767 -1.6539177 0.16065755 999.42 
20150622162634 -0.55485624 -11.552622 3.9073372 0.5635232 -1.3072516 0.07513642 999.42 
20150622162634 0.12808979 -12.726977 3.0424318 0.9728029 -0.93676186 0.18661933 999.42 
20150622162634 2.6737247 -15.899894 2.705448 1.0476339 -0.806953 0.8014552 999.42 
20150622162634 9.251794 -19.387049 7.908048 0.03970624 -0.97310835 0.6206391 999.42 
20150622162634 5.0038815 -17.11974 8.595184 -0.5870415 -0.6407976 0.14049901 999.42 
20150622162634 5.271434 -18.590378 4.392163 0.29626966 -0.4746423 -0.3857614 999.59 
20150622162634 0.46806642 -15.652692 -2.831742 0.8677341 -0.7965683 -0.5644395 999.59 
20150622162634 0.52133745 -10.834361 -2.2930467 1.2794572 -0.17287487 -0.84696466 999.59 
20150622162634 -2.2679076 -9.293693 -1.7363948 0.15943582 0.6032294 -0.5748242 999.59 
20150622162634 0.52133745 -9.840169 -1.774702 -0.18387043 0.88789266 -0.6569856 999.59 
20150622162634 1.7651252 -8.228871 -3.276465 -0.20250183 1.0354166 -0.3182608 999.59 
20150622162634 2.308609 -6.591237 -4.663306 -0.33200526 1.3045027 -0.19608775 999.59 
20150622162634 2.4265234 -4.9583917 -5.312135 -0.84513205 1.7208074 -0.46975538 999.59 
20150622162634 1.4562732 -6.203975 -2.6126726 -1.7189748 2.0305161 -0.6160576 999.59 
20150622162634 0.37948096 -11.553221 1.2126632 -2.5677722 1.928807 -0.41447207 999.29 
20150622162634 -1.2401965 -15.790359 3.9228995 -2.7162123 1.9428569 -0.054367006 999.29 
20150622162634 0.9516952 -6.7731967 2.1535845 -1.750129 1.7608191 0.45845437 999.29 
20150622162634 4.2676644 -1.3329718 -3.0466216 -0.6737844 1.7800614 0.5540548 999.29 
20150622162634 1.9758149 -1.6112977 -3.9743748 -0.48258355 2.271808 0.32803464 999.29 
20150622162634 0.8367735 -3.5182793 -2.7102363 -1.0491611 2.5103507 -0.34208453 999.29 
20150622162634 -0.20649989 -7.5704656 1.6765398 -1.6249015 2.7586675 -0.7324274 999.29 
20150622162634 -3.851672 -11.134235 1.1145009 -1.3588698 3.0363057 -1.102001 999.29 
20150622162634 -4.733337 -8.559271 -0.49320555 -0.5510005 2.9092457 -1.0986412 999.29 
20150622162634 -0.664391 -7.0742674 -1.1587936 -0.28099802 2.4764478 -0.50701815 999.4 
20150622162634 2.042254 -8.034941 3.1040826 -0.6921103 2.2605069 -0.1740966 999.4 
20150622162634 -2.6330233 -13.698425 4.033033 -0.8173377 1.9220876 -0.49693888 999.4 
20150622162634 -8.416218 -16.188395 2.420538 -0.35460728 1.4492778 -1.1044444 999.4 
20150622162635 -4.085107 -9.607931 0.32561144 -0.33261612 1.4877623 -0.26206118 999.4 
20150622162635 -6.10282 -13.557766 -1.7298107 -0.5390886 1.3219124 0.24801129 999.4 
20150622162635 -3.5685577 -14.462175 -3.4877534 -0.7861836 0.8729264 -6.1086525E-4 999.4 
20150622162635 -0.9923966 -11.994352 -5.01705 -0.88300574 0.33628133 0.3203988 999.4 
20150622162635 0.6727707 -12.634202 -4.2461166 -0.41386122 -0.52381694 0.9825767 999.4 
20150622162635 7.2089415 -15.419257 0.57879823 0.12858713 -1.2156218 1.3246613 999.42 
20150622162635 5.7454853 -19.608511 -2.4690206 0.8933904 -1.7434094 1.6197093 999.42 
20150622162635 7.1383123 -19.606117 -2.585738 1.3811663 -2.026851 1.1780536 999.42 
20150622162635 4.4723687 -16.205753 -1.5993267 1.1780536 -1.5528195 1.3762794 999.42 
20150622162635 1.3084313 -13.343485 -1.2144588 1.7782288 -0.6114761 1.1643091 999.42 
20150622162635 -1.7729063 -13.063363 -2.6132712 1.7614299 -0.42913285 0.6621779 999.42 
20150622162635 -3.4739866 -10.957663 -3.591901 1.4828753 -0.14477506 0.36774087 999.42 
20150622162635 -1.5574282 -5.810129 -1.8507179 1.3228287 -0.34330627 0.8341365 999.42 
20150622162635 -0.81522566 -1.6316484 -0.63206923 1.219287 -1.2846496 1.0693196 999.42 
20150622162635 -0.12749124 -2.268506 -0.10354923 1.3313808 -2.5192082 0.5216789 999.43 
20150622162635 0.9804256 -2.9412768 -0.82240826 1.2321151 -3.6355646 -0.16676621 999.43 
20150622162635 1.5741876 -2.8335378 -0.19871874 1.1417072 -3.9382482 -0.30879238 999.43 
20150622162635 1.5915456 -1.6693572 0.6560113 0.8604037 -3.5775323 -0.25595254 999.43 
20150622162635 1.1641805 -0.7930793 1.4736311 0.5687156 -3.2629366 -0.115453534 999.43 
20150622162635 0.49679685 -1.2862848 2.132635 0.3576616 -2.5708263 0.04062254 999.43 
20150622162635 -0.48003745 -4.365228 2.8760347 0.26175576 -1.6539177 0.1518 999.43 
20150622162635 -0.9355343 -7.7129207 5.0146556 0.12156218 -1.3662001 0.21777347 999.43 
20150622162635 -1.2276269 -11.334151 6.2422824 0.2443461 -1.2266175 0.06719518 999.43 
20150622162635 -1.9901801 -12.827534 3.9893386 0.6337727 -1.0418307 0.2003638 999.47 
20150622162635 1.8417397 -15.076886 2.328361 1.2104294 -0.86620694 0.49205196 999.47 
20150622162635 3.4183214 -13.931261 5.5467668 0.8359691 -0.7293731 0.6630942 999.47 
20150622162635 7.7093296 -12.987347 6.0585275 -0.09285152 -1.0800097 0.17256944 999.47 
20150622162635 4.0743327 -19.020735 6.487688 -0.2779437 -1.3570372 -0.28680122 999.47 
20150622162635 4.2658687 -16.485874 4.7656584 0.46609017 -1.3839152 -0.9104946 999.47 
20150622162635 3.4853592 -15.341446 -1.9135658 0.25137106 -1.4697418 -1.0033462 999.47 
20150622162635 2.8383262 -12.504317 -3.1651347 0.46700647 -0.6423248 -0.97127575 999.47 
20150622162635 3.0178912 -10.755951 -1.4598645 0.17623462 0.4428773 -0.6230826 999.47 
20150622162635 0.58538234 -10.741586 -0.8810662 -0.52320606 1.0454959 -0.42760566 999.44 
20150622162635 -0.036511578 -9.08001 -1.5705963 -0.5849035 1.5564847 -0.44165558 999.44 
20150622162635 -0.6931214 -6.553529 -2.9921536 -0.788627 2.155438 -0.12156218 999.44 
20150622162635 -0.18974048 -4.063559 -4.0384197 -1.0690142 2.6239717 -0.030848695 999.44 
20150622162635 -0.42556936 -3.6703112 -2.7593174 -1.4178182 2.6007588 -0.13316862 999.44 
20150622162635 -0.57879823 -6.7360864 -0.57640404 -1.9782871 1.7107282 -0.20158553 999.44 
20150622162635 0.705691 -10.574591 1.2401965 -2.0561724 1.4315627 -0.17715092 999.44 
20150622162635 1.18094 -10.393828 0.961272 -1.575116 1.6328428 -0.083383106 999.44 
20150622162635 1.9907787 -5.593454 0.54527944 -1.1032226 1.7510452 -0.04062254 999.44 
20150622162635 1.5143325 -4.6621094 -1.299453 -0.9068295 1.9120082 -0.013744468 999.35 
20150622162635 0.9720459 -4.6962266 -2.4768016 -0.8393288 1.9843957 -0.20647246 999.35 
20150622162635 0.21308395 -6.541558 0.054468088 -1.0824533 2.2962425 -0.4538729 999.35 
20150622162635 -2.1571758 -9.609727 1.2228385 -1.0803152 2.5867088 -0.68539083 999.35 
20150622162635 -3.828927 -9.880871 0.3453636 -0.6728681 2.4914138 -0.7174612 999.35 
20150622162635 -0.8295909 -7.5507135 -0.96187055 -0.28099802 2.233018 -0.37934732 999.35 
20150622162635 1.8662802 -6.8982935 1.3790601 -0.5369505 1.8802432 -0.15027285 999.35 
20150622162635 -3.4997244 -12.468404 3.7205894 -0.8536842 1.6881261 -0.6386596 999.35 
20150622162636 -9.387665 -15.720927 1.4945804 -0.56596667 1.4627168 -1.1597277 999.35 
20150622162636 -4.4903255 -10.279505 -0.075417355 -0.46700647 1.3002267 -0.9089675 999.45 
20150622162636 -3.8594532 -11.693281 -3.293823 -0.8176431 1.1432343 0.17470746 999.45 
20150622162636 -3.5045128 -12.814366 -3.4386723 -1.0048733 0.9584476 0.20525073 999.45 
20150622162636 -1.3682863 -13.746309 -7.843405 -1.0366384 0.36926803 0.44440445 999.45 
20150622162636 1.6609775 -17.093403 -3.6236243 -0.66339964 -0.70066243 1.106277 999.45 
20150622162636 6.7534447 -19.600132 -0.7032967 0.50640726 -1.3726143 1.5112807 999.45 
20150622162636 8.022371 -19.608511 1.1079168 1.2809844 -2.39337 1.5302174 999.45 
20150622162636 8.411429 -18.546684 -2.742558 1.3649784 -2.3985624 1.2275337 999.45 
20150622162636 5.8215013 -13.748105 -2.8341362 1.885741 -1.5063937 1.31672 999.45 
20150622162636 2.8161798 -11.27669 -2.0093338 2.1386392 -0.44226643 1.0555751 999.34 
20150622162636 -2.4049757 -11.6442 -2.1799207 1.9477439 -0.15210545 0.5934556 999.34 
20150622162636 -3.435081 -10.964846 -2.2421699 1.6786577 -0.13591751 0.29138273 999.34 
20150622162636 -1.122282 -4.853047 -1.9111716 1.6111571 -0.516792 0.89980453 999.34 
20150622162636 -0.82719666 -0.76075757 -0.6404489 1.6960673 -1.2544118 1.0916162 999.34 
20150622162636 -0.7733272 -2.2260091 -0.75716627 1.4819591 -2.4397957 0.25228736 999.34 
20150622162636 0.18435353 -2.319383 -0.30047232 1.1255192 -3.5479054 -0.4914411 999.34 
20150622162636 0.6206968 -1.5041572 0.5494693 0.84391034 -3.733914 -0.56382865 999.34 
20150622162636 0.6404489 -1.1270704 1.359308 0.5873469 -3.4477234 -0.45753807 999.34 
20150622162636 0.4950012 -1.9081788 1.7944542 0.3182608 -3.022256 -0.183565 999.44 
20150622162636 0.25378537 -4.794389 2.854487 0.23579398 -2.13925 0.048258353 999.44 
20150622162636 0.7338228 -7.0383544 5.229535 0.19730948 -1.509448 0.17654006 999.44 
20150622162636 0.6913257 -9.43914 5.9346275 0.20066923 -1.3603969 0.21227567 999.44 
20150622162636 0.5919664 -10.222044 4.7680526 0.5149594 -0.95630956 0.29779682 999.44 
20150622162636 1.1976994 -12.607267 2.1260512 1.102001 -0.74006325 0.37110063 999.44 
20150622162636 5.2726307 -15.816695 3.445855 1.255328 -0.675617 0.4392121 999.44 
20150622162636 6.8306575 -14.700997 6.729502 0.41813725 -0.6973027 0.22021692 999.44 
20150622162636 5.3582234 -17.855957 5.026028 -0.29260445 -0.8512407 -0.1731803 999.44 
20150622162636 4.31914 -16.593016 6.361394 0.21533 -0.84879726 -0.5537493 999.44 
20150622162636 2.2266076 -17.359758 -2.4235306 0.321926 -0.643852 -0.7489208 999.44 
20150622162636 0.6991069 -11.108498 -4.2078094 1.0855075 -0.51068336 -0.6252206 999.44 
20150622162636 -0.9295488 -11.09114 -2.4474726 0.5320636 0.6435465 -0.2950479 999.44 
20150622162636 -2.7335799 -10.90918 -1.5705963 -0.05681047 0.5876524 -0.46181414 999.44 
20150622162636 -1.7782934 -9.81503 -2.5594015 -0.40622538 0.6826419 -0.44684792 999.44 
20150622162636 -0.8690952 -7.101202 -3.2914288 -0.89461213 1.3365731 0.05375614 999.44 
20150622162636 1.4263457 -4.3783965 -4.333505 -1.2156218 1.9617938 0.032986723 999.44 
20150622162636 3.241749 -4.6938324 -1.9315223 -1.5134187 1.2678508 -0.037873644 999.44 
20150622162636 3.378817 -8.36175 0.95468795 -2.0503693 0.7791586 -0.29871312 999.35 
20150622162636 3.560178 -11.545439 2.6868927 -1.9077321 1.0198395 -0.3912592 999.35 
20150622162636 1.9859903 -8.452729 1.6927006 -1.4837917 1.2727377 -0.183565 999.35 
20150622162636 1.9129672 -5.0637364 -1.8309658 -0.9080512 1.4822645 -0.08246681 999.35 
20150622162636 0.8265981 -4.879383 -3.5368345 -0.8042041 2.0182989 -0.13561209 999.35 
20150622162636 -0.2124854 -5.789778 -2.0458453 -1.1194105 2.5876253 -0.19364429 999.35 
20150622162636 -0.84694886 -7.4705076 1.7836803 -1.3988814 2.7620273 -0.22388211 999.35 
20150622162636 -1.922544 -9.09617 1.714847 -1.2333369 2.900999 -0.37507126 999.35 
20150622162636 -2.681506 -7.639299 -0.036511578 -0.4382958 2.9162707 -0.4841107 999.35 
20150622162636 -3.5775359 -9.423578 -0.044891283 -0.2302962 2.6380215 -0.4166101 999.44 
20150622162636 -1.7998412 -9.587581 3.1998506 -0.5045747 2.513405 -0.27488935 999.44 
20150622162636 -4.2544966 -10.547656 3.6074634 -0.7959574 2.437047 -0.30298916 999.44 
20150622162636 -6.0920463 -10.398018 1.5616181 -0.4813618 1.9950858 -0.5729916 999.44 
20150622162637 -4.514866 -10.617087 1.1330559 -0.2968805 1.2620476 -0.4914411 999.44 
20150622162637 -2.9975405 -11.860875 -2.1404164 -0.6102544 1.058324 -0.13164146 999.44 
20150622162637 -3.2800562 -15.288175 -2.4073699 -1.0070114 0.5684101 -0.06352998 999.44 
20150622162637 -1.0319009 -14.217967 -2.7886465 -1.087951 0.073303826 0.009162978 999.44 
20150622162637 -0.61112 -14.327501 -3.8133647 -0.7715228 -0.83260936 0.4605924 999.44 
20150622162637 1.8920178 -16.1453 0.7134721 0.046120327 -1.1096367 0.93370754 999.47 
20150622162637 3.8845923 -19.608511 0.08619126 1.14018 -1.2702943 1.3796391 999.47 
20150622162637 3.7062242 -19.506758 -3.4650085 1.6209309 -1.5467108 1.4416419 999.47 
20150622162637 4.4861355 -14.997878 -6.675633 1.7125608 -1.4492778 1.4388931 999.47 
20150622162637 2.8820202 -13.253702 -3.776853 1.9996674 -0.86590147 1.1921035 999.47 
20150622162637 -1.1055226 -13.746907 -1.0109516 1.4886786 -0.84421575 0.45478916 999.47 
20150622162637 -1.6502035 -12.394782 -1.8303672 1.3640621 -1.3878858 0.053145275 999.47 
20150622162637 -1.596334 -6.613384 -2.1260512 1.427592 -1.8344283 0.22815818 999.47 
20150622162637 -1.6274586 -2.3864205 -0.40581718 1.4669929 -1.9385809 0.17898351 999.47 
20150622162637 -1.6280571 -4.0976763 -0.25438392 1.258077 -3.0610456 -0.06566802 999.49 
20150622162637 0.78170687 -4.0162735 -0.664391 1.1279627 -3.645033 -0.3417791 999.49 
20150622162637 1.553837 -3.2070332 -0.7152678 1.0861185 -3.549738 -0.112704635 999.49 
20150622162637 2.1888988 -2.3481133 0.5177461 0.73731434 -3.2592716 0.12950343 999.49 
20150622162637 2.336741 -1.965041 2.010531 0.4783075 -2.776077 0.3680463 999.49 
20150622162637 1.1432313 -2.255338 2.9029696 0.3680463 -2.2800546 0.49449542 999.49 
20150622162637 -0.1448492 -5.5467668 6.259042 0.3576616 -1.6624697 0.34972036 999.49 
20150622162637 -0.7906851 -8.051701 5.73531 0.4034765 -1.5467108 0.32467487 999.49 
20150622162637 -1.3347675 -8.364742 3.3758245 0.5708536 -1.430341 0.32528573 999.49 
20150622162637 -2.0979192 -8.92738 2.8341362 0.6441574 -0.9654725 0.2837469 999.45 
20150622162637 -0.093373865 -11.822568 3.441665 0.84849185 -0.4868596 0.09285152 999.45 
20150622162637 2.461838 -15.094843 3.1519666 0.9746355 -0.890947 -0.061391957 999.45 
20150622162637 6.2380924 -14.444818 6.930017 0.49480084 -1.255328 -0.33078352 999.45 
20150622162637 4.485537 -19.608511 5.0787005 -0.29535335 -1.5485435 -0.4447099 999.45 
20150622162637 3.9258924 -16.08784 6.139332 0.36468655 -1.4999796 -0.7339546 999.45 
20150622162637 5.0308166 -12.68867 -2.4319103 0.2125811 -0.7284568 -0.29901853 999.45 
20150622162637 2.3744495 -10.798449 -2.6844985 0.52106804 -0.4343252 0.27550024 999.45 
20150622162637 2.4013844 -11.613075 -1.726818 0.23487769 1.0626001 0.2406809 999.45 
20150622162637 0.09756372 -11.179127 -2.2900538 0.07086037 1.0567969 -0.10415252 999.47 
20150622162637 -1.3401544 -10.523713 -3.1232362 -0.17867808 0.9120218 -0.47891834 999.47 
20150622162637 -1.2515689 -7.597999 -4.008492 -0.93370754 1.505172 -0.20799962 999.47 
20150622162637 1.9321208 -5.1529207 -4.2544966 -1.402852 2.5173757 -0.07238753 999.47 
20150622162637 3.5996823 -5.8933277 -1.496376 -1.7033978 2.196366 -0.096516706 999.47 
20150622162637 2.6461914 -10.221446 2.224812 -2.1661282 1.6358972 -0.54061574 999.47 
20150622162637 0.8996213 -11.103709 1.4628572 -1.629483 1.7146988 -0.84391034 999.47 
20150622162637 0.047285482 -6.643311 -0.55725044 -0.9221011 1.9828686 -0.4352415 999.47 
20150622162637 -0.50038815 -4.9422307 -1.8489223 -0.89369583 2.2473733 -0.13591751 999.47 
20150622162637 -1.6089035 -5.024831 -2.147599 -1.1099422 2.4135287 -0.02107485 999.44 
20150622162637 -1.1180922 -6.073491 -1.0324994 -1.3591752 2.477975 -3.0543262E-4 999.44 
20150622162637 -0.12988544 -8.031349 0.99060094 -1.4727961 2.4083362 -0.10415252 999.44 
20150622162637 -3.0131028 -9.829993 -0.16519992 -1.0885619 2.5274549 -0.441961 999.44 
20150622162637 -1.0839748 -7.578247 0.36631286 -0.34055737 2.425746 -0.6606508 999.44 
20150622162637 1.5777789 -6.296152 2.4588451 -0.25992316 1.8811595 -0.40133846 999.44 
20150622162637 2.4079683 -7.6770077 3.2674868 -0.4541783 1.822211 -0.3894266 999.44 
20150622162637 -5.5096564 -13.962386 3.8474822 -0.48624873 1.7870862 -0.7855727 999.44 
20150622162637 -9.00579 -13.86183 2.6126726 -0.43799037 1.706452 -1.1484267 999.44 
20150622162638 -4.92607 -9.044097 -1.8016368 -0.57910025 1.7308867 -0.4196644 999.43 
20150622162638 -6.192004 -12.284649 -3.0502129 -0.7360926 1.6368134 0.4297437 999.43 
20150622162638 -3.3399115 -12.657546 -2.5725696 -0.9841039 1.2055426 0.20891592 999.43 
20150622162638 -0.635062 -12.77965 -3.0250738 -0.8368854 -0.1133155 0.4877759 999.43 
20150622162638 2.0991163 -14.574104 -2.3540988 -0.43463063 -1.2012665 0.82894415 999.43 
20150622162638 7.361572 -18.182764 1.1540052 0.24740042 -1.6933185 1.215011 999.43 
20150622162638 7.0485296 -19.608511 -0.97025025 1.3093897 -1.8148806 1.4828753 999.43 
20150622162638 6.6121864 -19.094955 -1.5927427 1.6050484 -1.8191566 1.0827587 999.43 
20150622162638 4.56694 -15.124771 -1.2413936 1.50731 -1.3768903 1.1997393 999.43 
20150622162638 1.2665327 -13.441647 -1.2114661 1.7828102 -0.48197266 0.9416488 999.43 
20150622162638 -3.9995139 -14.814123 -2.6928782 1.6627752 0.12583824 0.47342056 999.43 
20150622162638 -2.7940333 -11.597513 -1.6280571 1.4450017 0.18081611 0.34574974 999.43 
20150622162638 -0.98581254 -5.8083334 -0.9487024 1.3374895 -0.22815818 0.9764681 999.43 
20150622162638 -0.31902736 -1.0576386 -0.092775315 1.5332718 -1.2644911 1.0913107 999.43 
20150622162638 -0.15322891 -1.9243397 -0.35553896 1.5118915 -2.7638597 0.28221974 999.43 
20150622162638 0.6817489 -2.4307132 -1.0301052 1.3949108 -3.5240817 -0.29565877 999.43 
20150622162638 0.28191724 -2.3241713 -0.48602295 1.1933253 -3.627318 -0.548557 999.43 
20150622162638 -0.20709845 -1.8986019 0.6398504 0.7272351 -3.393051 -0.46731192 999.43 
20150622162638 0.25558102 -1.8046296 1.4628572 0.44593164 -3.1160235 -0.24373524 999.52 
20150622162638 0.6775591 -4.1916485 3.0819361 0.226631 -2.5909848 0.074830994 999.52 
20150622162638 0.3669114 -6.3607955 5.257068 0.056199603 -1.8270979 0.25992316 999.52 
20150622162638 -1.168969 -9.80665 5.3528366 -0.09865474 -1.488984 0.16035213 999.52 
20150622162638 -2.4235306 -12.863447 5.185242 0.009468411 -1.0586295 0.064751714 999.52 
20150622162638 0.2837129 -10.471041 3.2890346 0.47616947 -0.84757555 0.1881465 999.52 
20150622162638 5.6000376 -15.359403 1.2814964 1.1523973 -0.78801614 0.64660084 999.52 
20150622162638 8.1959505 -15.427637 5.231331 0.7495316 -0.6908886 0.40286562 999.52 
20150622162638 8.87351 -15.2097645 5.852626 -0.09193522 -1.0115929 -0.093462385 999.52 
20150622162638 2.947861 -16.700754 6.3781533 -0.040317107 -1.1759156 -0.96944314 999.57 
20150622162638 5.412093 -12.999917 3.9414546 0.41263947 -0.7495316 -0.91751957 999.57 
20150622162638 -0.57520694 -13.706804 -2.9921536 0.29077184 -0.5555819 -0.571159 999.57 
20150622162638 0.15981296 -10.674548 -2.5701754 0.8454375 0.2510656 -0.51007247 999.57 
20150622162638 -1.0785879 -12.964602 -1.6226702 0.061086524 1.0888673 -0.21655174 999.57 
20150622162638 -2.0290859 -12.351088 -1.2838906 -0.20952678 1.0519099 -0.49205196 999.57 
20150622162638 -0.30825347 -9.362526 -2.0087352 -0.4266894 1.2186762 -0.410196 999.57 
20150622162638 -0.480636 -6.217742 -2.7419596 -1.0415252 1.6102408 -0.06261369 999.57 
20150622162638 0.8643068 -4.0066967 -3.09271 -1.4193454 2.132836 -0.09315695 999.57 
20150622162638 1.2509704 -5.5605335 0.077811554 -1.7693712 1.6420058 -0.02321288 999.39 
20150622162638 2.5785553 -8.953716 2.2960393 -2.0796907 1.1695015 -0.118202426 999.39 
20150622162638 3.1986535 -11.662755 1.0702082 -1.6554449 1.0012082 -0.12705997 999.39 
20150622162638 0.95708215 -7.5561004 0.019752163 -1.0497719 1.4523321 -0.26053402 999.39 
20150622162638 0.4261679 -5.026028 -1.0815806 -0.91690874 1.6187929 -0.18936823 999.39 
20150622162638 -0.062249243 -5.0122614 -1.7902644 -1.1136073 1.6108516 -0.11178834 999.39 
20150622162638 0.090381116 -5.691616 -1.1695676 -1.3112222 2.1276436 -0.1740966 999.39 
20150622162638 -0.5398925 -8.372523 1.168969 -1.3191634 2.475226 -0.34483343 999.39 
20150622162638 -2.4959552 -8.892065 0.87567925 -1.035722 2.4550674 -0.5693264 999.39 
20150622162638 -1.3706805 -8.118738 0.37588966 -0.4908302 2.1746802 -0.70066243 999.52 
20150622162638 1.5771804 -7.719505 1.2330139 -0.37415496 1.8234328 -0.45937067 999.52 
20150622162638 2.384625 -8.817844 2.2864625 -0.5320636 1.91323 -0.3539964 999.52 
20150622162638 -4.76506 -13.306973 1.9405005 -0.71837753 1.9773707 -0.63499445 999.52 
20150622162638 -8.485649 -13.065757 2.0213048 -0.61850107 2.000889 -0.9761627 999.52 
20150622162638 -6.373365 -10.328587 -0.8355764 -0.7452556 1.8002199 -0.29779682 999.52 
20150622162639 -6.029797 -12.41214 -3.289633 -0.9059132 1.4773777 0.15790866 999.52 
20150622162639 -3.5871127 -12.960412 -2.8778305 -1.1016954 1.2357804 0.2761111 999.52 
20150622162639 -0.8912416 -13.597869 -3.7002387 -0.8576548 0.116980694 0.5910121 999.52 
20150622162639 1.7178397 -16.655264 -3.8271315 -0.39492437 -1.0913107 0.8509353 999.45 
20150622162639 5.391144 -19.050064 -1.400608 0.42271876 -1.5922203 1.183246 999.45 
20150622162639 4.6662993 -19.608511 -1.7238252 1.2599095 -1.9159788 1.3796391 999.45 
20150622162639 5.242703 -18.262371 -1.1833342 1.2061534 -1.8787161 1.2583824 999.45 
20150622162639 3.6727054 -15.045762 -1.8016368 1.4844025 -1.3515394 1.3979651 999.45 
20150622162639 2.902371 -12.340314 -2.385822 1.9645426 -0.9297369 1.2483032 999.45 
20150622162639 0.8834604 -11.617265 -3.0831332 1.7351627 -0.50426924 0.8720101 999.45 
20150622162639 -3.7834373 -12.349293 -1.8974048 1.4920384 -0.24953845 0.56169057 999.45 
20150622162639 -1.477821 -8.058285 -2.397793 1.3723087 -0.88453287 0.77488256 999.45 
20150622162639 -0.45010993 -2.010531 -0.78888947 1.3552046 -1.4373659 1.2027937 999.41 
20150622162639 -0.6937199 -2.1134815 0.13467385 1.351234 -2.6667323 0.5421429 999.41 
20150622162639 0.073621705 -3.5936968 -0.16879122 1.1841623 -3.7152824 -0.18661933 999.41 
20150622162639 0.4369418 -4.1138372 -0.31423897 1.0684034 -3.8918226 -0.5693264 999.41 
20150622162639 0.55126494 -2.2200236 0.29987377 0.8060367 -3.5433238 -0.52473325 999.41 
20150622162639 0.85652566 -1.423353 1.0791864 0.51251596 -3.1429017 -0.25503623 999.41 
20150622162639 1.1288661 -3.0388405 2.3481133 0.37232238 -2.6145031 -0.04886922 999.41 
20150622162639 0.27712885 -5.969343 3.454833 0.30573806 -2.1841488 0.13591751 999.41 
20150622162639 -0.45429978 -8.414422 5.54138 0.118507855 -1.9058995 0.14294247 999.41 
20150622162639 -0.7793127 -10.601525 5.486912 -0.013133603 -1.6679676 -0.03634648 999.44 
20150622162639 0.0053869537 -10.845734 2.3678656 0.34238997 -1.4367551 -0.061086524 999.44 
20150622162639 2.5558102 -13.132795 1.7992426 0.95814216 -0.9257663 0.16249016 999.44 
20150622162639 5.5868697 -17.104177 5.5503583 0.8249735 -0.52290064 0.31887165 999.44 
20150622162639 6.9928646 -18.270153 6.3392477 0.28863382 -0.68569624 0.22632557 999.44 
20150622162639 4.8105497 -12.782643 6.0956373 -0.062308256 -0.8720101 -0.13561209 999.44 
20150622162639 5.185841 -11.324574 6.1387334 0.20799962 -0.51251596 -0.31031954 999.44 
20150622162639 1.1605892 -12.34211 -1.0013748 0.3368922 -0.54183745 -0.50854534 999.44 
20150622162639 -0.587178 -11.084556 -2.6258407 0.9007208 0.0106901415 -0.7861836 999.44 
20150622162639 -1.4317327 -11.519103 -2.1170728 0.45845437 0.5891795 -0.53786683 999.46 
20150622162639 -0.054468088 -12.607866 -0.4285621 0.05467244 0.8897252 -0.516792 999.46 
20150622162639 0.7846996 -12.090718 -1.6089035 -0.24953845 1.2541064 -0.40653083 999.46 
20150622162639 0.6697779 -10.119094 -2.6132712 -0.7067711 1.6972891 -0.30634892 999.46 
20150622162639 0.24540567 -7.5082164 -3.3758245 -1.1624765 2.4593434 -0.44959682 999.46 
20150622162639 -0.26874915 -6.6391215 -1.5951369 -1.611768 2.1960607 -0.3744604 999.46 
20150622162639 0.65301853 -8.306683 1.228824 -2.0409007 1.4984524 -0.11484267 999.46 
20150622162639 0.46387658 -10.203489 2.7874494 -2.132225 1.1872166 0.033292156 999.46 
20150622162639 2.4199393 -7.7943234 1.3215994 -1.5033394 1.5473217 0.20280726 999.46 
20150622162639 2.332551 -3.4374752 -3.0340521 -0.9773844 1.9935588 0.21197024 999.41 
20150622162639 -0.2741361 -3.292626 -3.1675289 -0.8188649 1.9825631 -0.14202617 999.41 
20150622162639 -0.039504327 -5.069722 -1.2683283 -1.4251486 1.9917262 -0.4251622 999.41 
20150622162639 0.37948096 -8.029554 1.9686323 -1.7461584 2.4578164 -0.55833083 999.41 
20150622162639 -1.6699557 -9.949105 0.64463884 -1.5738943 2.6615398 -0.70188415 999.41 
20150622162639 -2.7665 -9.117719 -0.6811504 -0.87872964 2.5842655 -0.9074403 999.41 
20150622162639 -0.31783026 -7.0706763 -0.06584055 -0.5137377 2.3362541 -0.784351 999.41 
20150622162639 0.09816227 -7.7823524 2.0458453 -0.68783426 2.2314909 -0.49449542 999.41 
20150622162639 -4.2060137 -14.725537 3.0244753 -0.93034774 2.137723 -0.6704246 999.41 
20150622162639 -8.070255 -14.549563 3.264494 -0.88147855 2.0118847 -1.0164797 999.49 
20150622162639 -5.920861 -9.44752 0.11492168 -0.77549344 1.8335121 -0.18600847 999.49 
20150622162640 -7.7027454 -12.773664 -3.7630866 -0.7174612 1.6163495 0.3390302 999.49 
20150622162640 -3.6206315 -12.851476 -4.07553 -0.95356065 1.4523321 0.3115413 999.49 
20150622162640 -0.30705637 -13.930662 -6.0040593 -0.7974846 0.33567044 0.7134906 999.49 
20150622162640 4.619014 -16.485275 -2.5635915 -0.08307768 -1.0818423 1.0558805 999.49 
20150622162640 6.037578 -19.60073 -1.899799 0.59864795 -2.0427334 1.2742649 999.49 
20150622162640 6.093842 -19.608511 -1.3760674 1.4495832 -2.3671029 1.0977248 999.49 
20150622162640 5.4551888 -19.060839 -1.4377182 1.3023647 -2.0769417 1.1426234 999.49 
20150622162640 3.2273839 -15.4324255 -2.273893 1.7986927 -1.2174544 1.2660183 999.34 
20150622162640 1.9865888 -12.999917 -3.5972881 2.1368067 -0.77182823 1.097114 999.34 
20150622162640 -0.6051345 -12.492346 -3.8414967 1.9743165 -0.2180789 0.82741696 999.34 
20150622162640 -2.6862943 -11.343728 -1.6472107 1.6719382 -0.074830994 0.6560693 999.34 
20150622162640 -1.0654198 -6.0525417 -2.2266076 1.5448782 -1.3136657 0.9459248 999.34 
20150622162640 -0.45190558 -1.3024458 -0.362123 1.3988814 -2.0152445 1.0809261 999.34 
20150622162640 -0.23343466 -1.8608932 -0.5955577 1.1551461 -3.0106494 0.29138273 999.34 
20150622162640 0.7625532 -1.8489223 -0.4878186 0.9923506 -3.8029416 -0.37232238 999.34 
20150622162640 0.48123455 -2.0937295 0.94092125 0.84207773 -3.7458258 -0.50793445 999.34 
20150622162640 0.5057751 -1.5448587 1.839944 0.52931476 -3.4581082 -0.4633413 999.46 
20150622162640 0.30047232 -1.4305356 2.1894975 0.33475417 -3.043636 -0.26175576 999.46 
20150622162640 0.31124622 -3.8983588 3.3261447 0.24587326 -2.2751677 -0.11911872 999.46 
20150622162640 -0.0011971008 -7.179612 5.1547165 0.19120082 -1.7660115 0.070249505 999.46 
20150622162640 -0.39683893 -10.206482 4.3598413 0.32742378 -1.4492778 0.1160644 999.46 
20150622162640 -1.4215573 -10.616488 2.1571758 0.729984 -1.2638801 0.022907447 999.46 
20150622162640 -0.47345337 -11.844116 0.22026655 1.169807 -0.96974856 0.056505036 999.46 
20150622162640 3.7175968 -14.762648 2.486977 1.2437216 -1.0485502 0.32834008 999.46 
20150622162640 7.107786 -14.380174 7.892486 0.20525073 -1.1065824 0.355829 999.46 
20150622162640 10.530896 -16.242863 6.5966244 -0.42271876 -1.1606439 0.13255776 999.44 
20150622162640 6.3685765 -17.62731 3.650559 0.258396 -1.1071932 -0.5849035 999.44 
20150622162640 4.164714 -15.725117 3.0484173 0.8078693 -0.6169739 -0.9755518 999.44 
20150622162640 -1.3329718 -12.04463 -3.0412347 0.50243664 -0.21380283 -0.9596693 999.44 
20150622162640 -0.87807345 -10.608109 -1.4838065 0.7825184 0.3359759 -0.79412484 999.44 
20150622162640 -0.4973954 -11.837532 0.24361002 0.17928895 0.59406644 -0.50915617 999.44 
20150622162640 0.4213795 -11.81359 -0.7020996 -0.1459968 0.7825184 -0.40133846 999.44 
20150622162640 0.22984336 -10.14543 -2.558803 -0.59620446 1.6194037 -0.098043874 999.44 
20150622162640 0.26994625 -7.769783 -4.0982747 -1.003957 2.4984388 -0.06169739 999.44 
20150622162640 0.3429694 -6.1387334 -3.8235402 -1.396438 2.7491992 -0.15057829 999.5 
20150622162640 0.3788824 -7.475296 -0.31364042 -1.9636264 1.8930714 -0.0888809 999.5 
20150622162640 1.0145429 -10.084976 2.516306 -2.3151793 1.0338894 0.005192355 999.5 
20150622162640 0.89543146 -10.812814 1.371279 -1.9917262 1.0943651 -0.06688975 999.5 
20150622162640 1.4269443 -3.7828386 -0.7236475 -1.2351695 1.8261817 -0.026267206 999.5 
20150622162640 1.8315643 -1.6579847 -2.2176294 -0.81183994 2.0479257 0.17806722 999.5 
20150622162640 1.1510124 -2.6833014 -2.597709 -0.91782504 1.9233092 0.09773844 999.5 
20150622162640 1.6106992 -5.228338 -1.3455414 -1.3322971 2.064419 -0.24373524 999.5 
20150622162640 -0.83497787 -9.539697 1.5167267 -1.577254 2.392759 -0.64904433 999.5 
20150622162640 -3.3399115 -12.218808 0.6075287 -1.325883 2.5121834 -0.9633345 999.41 
20150622162640 -1.1671734 -9.259575 -0.6655881 -0.5891795 2.2745566 -0.84574294 999.41 
20150622162640 1.6657659 -7.277775 1.216853 -0.39278635 2.055867 -0.3381139 999.41 
20150622162640 1.4155718 -8.2593975 3.5452142 -0.7333437 2.144748 -0.30573806 999.41 
20150622162640 -4.8177323 -12.266094 2.5971103 -0.8445212 2.1270328 -0.6243043 999.41 
20150622162640 -9.152434 -13.106459 1.9069817 -0.59650993 1.9837849 -1.0213667 999.41 
20150622162640 -5.005677 -9.496002 -0.320823 -0.6768387 1.8051068 -0.35827246 999.41 
20150622162641 -4.009091 -11.812991 -3.0891187 -0.88422745 1.4657712 0.226631 999.41 
20150622162641 -2.930503 -13.120225 -3.1022868 -1.0790935 0.93370754 0.19730948 999.41 
20150622162641 -1.3581109 -13.851654 -5.919065 -0.89461213 0.1591304 0.47067168 999.42 
20150622162641 2.0967221 -16.151285 -3.0903158 -0.2782491 -0.9990701 0.8237518 999.42 
20150622162641 6.296152 -19.42715 -1.3581109 0.33261612 -1.6536123 1.0531317 999.42 
20150622162641 6.464943 -19.608511 -1.9566613 1.2538009 -2.024102 1.0852021 999.42 
20150622162641 5.6802435 -17.766771 -1.9327193 1.2702943 -1.740966 1.072374 999.42 
20150622162641 3.4380736 -14.609419 -2.943671 1.856114 -0.9630291 1.1206323 999.42 
20150622162641 1.9285295 -12.102091 -2.0111294 1.9950858 -0.4801401 0.91415983 999.42 
20150622162641 0.10354923 -11.473613 -3.8624458 1.822211 -0.23304509 0.6221663 999.42 
20150622162641 -3.6954503 -12.103887 -2.2559366 1.6536123 -0.10842858 0.45998153 999.42 
20150622162641 -0.94810385 -8.046313 -1.9973627 1.4825699 -0.70188415 0.743423 999.46 
20150622162641 -0.5674258 -1.8608932 -0.5847838 1.4016303 -1.3628404 1.061073 999.46 
20150622162641 -0.41838676 -2.2697031 -0.5291186 1.3732251 -2.4721715 0.6267477 999.46 
20150622162641 1.0199299 -2.3888147 -1.4012065 1.2333369 -3.5631769 -0.019547688 999.46 
20150622162641 1.3599066 -2.1577742 -0.504578 1.1924089 -3.8200457 -0.19150625 999.46 
20150622162641 1.407192 -1.5041572 0.5746084 0.91904676 -3.5259142 -0.27855456 999.46 
20150622162641 0.88166475 -1.3682863 1.1115081 0.6026186 -3.079677 -0.18875736 999.46 
20150622162641 0.13946225 -3.2160115 2.7138276 0.35033122 -2.461787 -0.02107485 999.46 
20150622162641 0.11312603 -6.7510505 5.2409077 0.226631 -1.953547 0.0729984 999.46 
20150622162641 -0.43514615 -9.560047 5.575497 0.19150625 -1.7418822 0.11911872 999.49 
20150622162641 -1.9644425 -12.254123 4.44723 0.30024028 -1.344209 0.024129177 999.49 
20150622162641 -1.0354922 -11.595717 2.4307132 0.7357872 -0.8188649 0.15057829 999.49 
20150622162641 3.5464113 -14.7955675 2.0626047 1.2507466 -0.79626286 0.6160576 999.49 
20150622162641 5.2223525 -15.3605995 6.9048777 0.7489208 -0.9114109 0.46028697 999.49 
20150622162641 8.858546 -18.75079 6.4523735 -0.10903945 -0.8268061 0.08552113 999.49 
20150622162641 2.9095535 -17.54471 5.077503 0.22174409 -0.82253003 -0.40194935 999.49 
20150622162641 4.39336 -10.173561 3.9827545 0.7351763 -0.61850107 -0.64965516 999.49 
20150622162641 1.1599907 -10.726623 -2.3900118 0.18081611 -0.698219 -0.50610185 999.49 
20150622162641 -0.45609543 -11.139024 -3.2495303 0.7583892 0.21899518 -0.64568454 999.38 
20150622162641 1.2054806 -11.991958 -2.1212628 0.6621779 0.7098254 -0.5403103 999.38 
20150622162641 -0.09876082 -11.498154 -1.074398 -0.02565634 0.68386364 -0.5833763 999.38 
20150622162641 0.18914193 -10.49199 -2.4079683 -0.5458081 1.0876455 -0.4373795 999.38 
20150622162641 0.38845924 -7.8487916 -3.590704 -0.9718866 2.0470095 -0.29871312 999.38 
20150622162641 0.717662 -6.0687027 -3.5182793 -1.428203 2.5418103 -0.13897185 999.38 
20150622162641 1.6837224 -9.314642 2.2421699 -2.0299053 1.9465221 0.026572637 999.38 
20150622162641 1.1186907 -11.334749 1.8890251 -2.1239784 1.4526376 0.046731193 999.38 
20150622162641 0.83737206 -7.2861543 0.12330139 -1.5711454 1.5137241 -0.1255328 999.38 
20150622162641 1.4323312 -3.2704794 -2.095525 -0.8921687 1.8393153 -0.07819075 999.32 
20150622162641 -0.18555063 -3.4434607 -2.8790276 -0.8350528 1.8420641 -0.06505715 999.32 
20150622162641 0.0047884034 -4.868609 -2.303222 -1.2363913 1.8787161 -0.28344148 999.32 
20150622162641 0.9295488 -6.841431 0.8110358 -1.6853772 2.2421808 -0.42760566 999.32 
20150622162641 -1.0133458 -9.723452 1.4275428 -1.7159204 2.4715607 -0.6398814 999.32 
20150622162641 -2.5671828 -9.907207 0.26276365 -1.0152581 2.3719897 -0.92057395 999.32 
20150622162641 -0.64942724 -8.053496 -0.24061728 -0.5522222 2.0454822 -0.8527679 999.32 
20150622162641 1.1079168 -7.471705 0.6631939 -0.4908302 1.9226984 -0.59406644 999.32 
20150622162641 0.32680854 -9.123704 2.408567 -0.6960809 2.0103576 -0.6743952 999.32 
20150622162641 -5.7975593 -14.523228 2.2541409 -0.68966687 2.0485365 -0.926988 999.52 
20150622162641 -8.4826565 -13.47756 2.5246856 -0.4605924 1.9596558 -1.001819 999.52 
20150622162642 -5.3282957 -9.02614 -1.6023195 -0.57451874 1.750129 -0.03970624 999.52 
20150622162642 -6.1596823 -12.960412 -3.1902738 -0.70341134 1.4883732 0.3378085 999.52 
20150622162642 -2.3355439 -13.108254 -3.0855274 -0.89675015 0.7535023 0.29840767 999.52 
20150622162642 -0.7104794 -13.272257 -4.779425 -0.70616025 -0.35124752 0.66339964 999.52 
20150622162642 2.0937295 -15.308526 -3.9193082 -0.16554448 -1.425454 1.0552697 999.52 
20150622162642 6.1704564 -16.717514 -0.12150574 0.6221663 -1.9355265 1.3921618 999.52 
20150622162642 7.2849574 -19.608511 -0.10175357 1.1994339 -2.1630738 1.4333953 999.52 
20150622162642 7.421427 -19.592949 -1.0408791 1.3341297 -2.0662518 1.1279627 999.36 
20150622162642 5.279215 -15.838841 -2.4744074 1.6352862 -1.5082263 1.2892311 999.36 
20150622162642 2.4289176 -12.959215 -2.1152773 1.8854356 -0.6068946 1.0913107 999.36 
20150622162642 -3.8762126 -13.23395 -1.6525977 1.6679676 -0.10720685 0.679893 999.36 
20150622162642 -2.2140381 -9.467871 -2.2732944 1.457219 -0.008246681 0.5348125 999.36 
20150622162642 -0.62009823 -3.502717 -1.7274165 1.5238034 -0.66675943 1.0769554 999.36 
20150622162642 -1.1246762 -1.2012907 -0.27234045 1.5922203 -1.565953 1.0635164 999.36 
20150622162642 -0.5303157 -2.3397336 -0.45370123 1.4630222 -2.5977044 0.28130344 999.36 
20150622162642 0.8367735 -2.991555 -0.688333 1.2644911 -3.578754 -0.29932398 999.36 
20150622162642 1.2910733 -2.7551277 0.35553896 1.1227703 -3.7103956 -0.32589662 999.48 
20150622162642 0.7625532 -1.8896236 1.2437878 0.7150178 -3.3625078 -0.22235495 999.48 
20150622162642 0.17896658 -1.435324 1.8261774 0.32925636 -2.8619037 -0.023823744 999.48 
20150622162642 -0.33039984 -3.6002808 2.211644 0.082161374 -2.2806654 0.12583824 999.48 
20150622162642 -0.18016368 -6.806117 4.638766 0.01160644 -1.767844 0.18081611 999.48 
20150622162642 -0.2765303 -9.591172 5.957971 0.003970624 -1.5986344 0.1441642 999.48 
20150622162642 -1.5705963 -11.229404 4.056975 0.37568212 -1.3845261 -0.0106901415 999.48 
20150622162642 -0.6290765 -11.815386 2.0895395 0.93951076 -1.1050552 0.14263703 999.48 
20150622162642 2.520496 -15.6473055 2.1021092 1.0922271 -0.7733554 0.4120286 999.48 
20150622162642 5.3857565 -14.888343 6.367379 0.47800204 -0.6001751 0.5714644 999.62 
20150622162642 9.202114 -15.699379 6.4062853 -0.28191432 -0.5839872 0.30757064 999.62 
20150622162642 3.6206315 -16.774975 4.413112 0.21471913 -0.7480045 -0.25320363 999.62 
20150622162642 5.0679264 -12.355876 3.2249897 0.68539083 -0.7984009 -0.86406887 999.62 
20150622162642 1.8429368 -13.763068 -2.1158757 0.071776666 -0.6554584 -0.7812967 999.62 
20150622162642 0.13826515 -11.344326 -2.9520507 0.72265357 0.52687126 -0.84788096 999.62 
20150622162642 0.8870517 -11.632229 -2.1859062 0.52534413 1.1850786 -0.6597345 999.62 
20150622162642 -1.417966 -12.559383 -0.75836337 0.07880162 1.0140363 -0.64751714 999.62 
20150622162642 -1.3652935 -10.577583 -2.207454 -0.4474588 1.2156218 -0.32253686 999.62 
20150622162642 -0.9660604 -5.705383 -3.762488 -0.96577793 2.1197023 -0.0027488936 999.37 
20150622162642 0.7433996 -4.851251 -1.9363106 -1.4700472 2.6096163 0.06169739 999.37 
20150622162642 2.2948422 -7.1604586 1.5981296 -2.0222695 2.1184807 0.15027285 999.37 
20150622162642 3.7193923 -10.487801 2.517503 -1.9407189 1.3304645 -0.0842994 999.37 
20150622162642 2.0548236 -8.811261 0.28550854 -1.3390167 1.2272283 -0.4111123 999.37 
20150622162642 0.92416185 -5.333084 -1.2389994 -0.77274454 1.4963144 -0.56230146 999.37 
20150622162642 -0.80804306 -5.342661 -2.4474726 -0.80481493 1.8765781 -0.40439278 999.37 
20150622162642 -1.0552444 -5.7305217 -1.8417397 -1.244638 2.0347922 -0.38881573 999.37 
20150622162642 -0.4237737 -6.439804 0.61112 -1.5225816 2.4480424 -0.32406402 999.37 
20150622162642 -1.158195 -7.9511437 1.1019313 -1.4669929 2.6780334 -0.34025195 999.49 
20150622162642 -2.8814218 -9.770737 0.60573304 -0.8503244 2.7727172 -0.52198434 999.49 
20150622162642 -0.1352724 -9.232041 0.4333505 -0.46670106 2.2696698 -0.5335908 999.49 
20150622162642 1.9620483 -8.261193 2.0655975 -0.41874814 2.021353 -0.3051272 999.49 
20150622162642 -0.23642741 -9.4295635 2.8622682 -0.54305923 2.0955732 -0.52839845 999.49 
20150622162642 -5.8292828 -12.7096195 2.4007857 -0.46395215 1.9773707 -1.031446 999.49 
20150622162642 -8.553286 -12.532449 1.9608512 -0.3173445 1.9089539 -0.9416488 999.49 
20150622162642 -5.6365495 -9.573814 -0.13347675 -0.42119157 1.7864754 -0.13408493 999.49 
20150622162643 -6.2392898 -12.254123 -2.3690627 -0.63255095 1.4676038 0.21899518 999.49 
20150622162643 -4.5884876 -13.330915 -2.0883424 -0.83291477 0.64660084 0.105068825 999.44 
20150622162643 -0.57161564 -12.097302 -2.5911248 -0.79473567 -0.36102137 0.51159966 999.44 
20150622162643 2.0254946 -13.575722 -3.8588545 -0.30024028 -1.3903292 0.9575313 999.44 
20150622162643 7.125743 -15.157092 -1.7621324 0.47708577 -1.9773707 1.1249083 999.44 
20150622162643 6.4182563 -19.608511 -3.3572693 1.0247264 -2.0405953 1.1869112 999.44 
20150622162643 4.57113 -19.488203 -0.3776853 1.1395692 -1.9004018 0.6942484 999.44 
20150622162643 2.7623103 -14.973337 -0.8798691 1.4840971 -1.6694947 0.9242391 999.44 
20150622162643 0.9684546 -13.60565 -3.807978 1.9275852 -1.1010846 0.816116 999.44 
20150622162643 -2.698864 -13.637972 -3.3800142 1.7794504 -0.30757064 0.6899723 999.44 
20150622162643 -0.7858967 -9.211691 -2.3876176 1.352761 0.07696902 0.67256266 999.38 
20150622162643 -0.7266402 -4.724957 -0.8451532 1.1365148 -0.4822781 1.1572843 999.38 
20150622162643 -0.8774749 -1.5532384 0.5141548 1.1930199 -1.434617 0.99082345 999.38 
20150622162643 -0.9020155 -2.670732 0.4201824 1.3497068 -2.5537221 0.32345316 999.38 
20150622162643 0.15263036 -3.630807 -0.43634325 1.2385293 -3.6224308 -0.41263947 999.38 
20150622162643 0.96426475 -3.309984 -0.060453594 1.0531317 -3.7223074 -0.5225952 999.38 
20150622162643 1.1216835 -2.0380642 0.7529764 0.7788532 -3.216511 -0.3912592 999.38 
20150622162643 0.8631097 -1.3479356 1.5945383 0.37018433 -2.860682 -0.16554448 999.38 
20150622162643 0.5470751 -3.8546648 3.0885203 0.087659165 -2.2122486 0.017715093 999.38 
20150622162643 0.11252748 -6.815095 4.9458222 -0.007941248 -1.6545285 0.13988814 999.38 
20150622162643 -0.1436521 -9.338584 6.445191 -0.011301007 -1.5131133 0.18509217 999.38 
20150622162643 -1.2150574 -11.027693 5.076905 0.3640757 -1.1884383 0.10903945 999.38 
20150622162643 -1.2162545 -11.218032 2.2906525 1.0161743 -0.906524 0.2507602 999.38 
20150622162643 1.0708067 -15.278 0.79846627 1.2174544 -0.6563747 0.42363504 999.38 
20150622162643 2.7724855 -14.438832 5.1780596 0.61544675 -0.4129449 0.48441613 999.38 
20150622162643 7.627927 -14.799758 6.041768 -0.2501493 -0.41447207 0.18295415 999.38 
20150622162643 3.6966474 -16.188395 4.2401314 0.37293324 -0.8512407 -0.41386122 999.38 
20150622162643 6.1243677 -14.535797 3.4302924 0.7910705 -0.93523467 -0.782213 999.38 
20150622162643 1.8860323 -14.482526 -3.3159695 0.5714644 -0.9428705 -0.7473936 999.49 
20150622162643 1.5717934 -11.259332 -2.3529017 0.86742866 0.16676621 -0.6563747 999.49 
20150622162643 -1.6412252 -13.174693 -0.6895301 0.32620203 0.7199047 -0.4550946 999.49 
20150622162643 -1.6250644 -11.399991 -1.8207904 -0.0070249503 0.7626653 -0.5705481 999.49 
20150622162643 -2.0829554 -8.070854 -2.6060886 -0.60231316 1.2360858 -0.13194689 999.49 
20150622162643 -0.11971009 -4.3897686 -3.9522285 -1.0955868 2.2375994 0.0143553335 999.49 
20150622162643 1.9608512 -4.0336313 -2.235586 -1.3387111 2.0674734 0.0033597588 999.49 
20150622162643 2.0069396 -7.2622123 1.3389573 -1.8466456 1.42973 -0.13897185 999.49 
20150622162643 3.4302924 -11.503541 2.5629928 -1.9752327 0.8793405 -0.39614612 999.49 
20150622162643 1.2324153 -9.60853 1.5388732 -1.5894713 1.1780536 -0.32620203 999.42 
20150622162643 0.7182605 -5.4180784 -1.079785 -0.98440933 1.638646 -0.20311269 999.42 
20150622162643 -0.3788824 -5.1062336 -2.385822 -0.86345804 1.8075503 -0.103847094 999.42 
20150622162643 -0.427365 -5.474941 -1.6525977 -1.0897835 2.1468859 -0.160963 999.42 
20150622162643 0.36272156 -6.423643 0.06464344 -1.2797627 2.38268 -0.18081611 999.42 
20150622162643 -0.95109665 -8.432977 0.9223662 -1.3203852 2.5265386 -0.3753767 999.42 
20150622162643 -2.8323407 -9.537901 0.52073884 -0.84604836 2.641992 -0.6612616 999.42 
20150622162643 -0.93014735 -8.003817 0.28790274 -0.4196644 2.172237 -0.61269784 999.42 
20150622162643 0.5446809 -7.3190746 0.83976626 -0.44073927 1.8781052 -0.44868052 999.42 
20150622162643 -0.2885013 -8.845977 2.4492683 -0.63255095 1.8390098 -0.61269784 999.42 
20150622162643 -3.6074634 -12.631808 2.7180176 -0.5335908 1.6355917 -0.9584476 999.42 
20150622162643 -5.5138464 -13.385982 1.6765398 -0.40744713 1.4498887 -0.93615097 999.42 
20150622162643 -4.495114 -11.467029 -0.109534726 -0.5345071 1.3939945 -0.26939157 999.42 
20150622162644 -6.3123126 -13.571532 -2.1134815 -0.81245077 1.2550226 0.0888809 999.42 
20150622162644 -2.879626 -13.387777 -1.9913772 -0.9651671 0.7874053 0.25686884 999.42 
20150622162644 -0.75836337 -13.30398 -3.8217444 -0.7870999 -0.2125811 0.6236934 999.42 
20150622162644 1.751957 -14.579492 -3.2692823 -0.11026118 -0.82619524 0.87781334 999.42 
20150622162644 4.957793 -18.03552 -1.5813702 0.69974613 -1.3316863 1.2470814 999.42 
20150622162644 3.9264908 -19.429544 -2.1906946 1.2275337 -1.6658295 1.3283265 999.46 
20150622162644 4.425083 -17.599777 -0.55006784 1.2134838 -1.6997325 1.1322387 999.46 
20150622162644 2.7742813 -14.97633 -0.82599956 1.570229 -1.2403619 1.2476922 999.46 
20150622162644 0.5638345 -13.239337 -3.4733882 1.9501873 -0.8881981 0.9263771 999.46 
20150622162644 -3.1022868 -13.557766 -2.3678656 1.8295414 -0.5720753 0.65484756 999.46 
20150622162644 -0.9516952 -9.663596 -2.160767 1.4544702 -0.37690386 0.57635134 999.46 
20150622162644 -0.30047232 -4.425083 -1.6172832 1.2666291 -1.0635164 1.0708468 999.46 
20150622162644 -0.908001 -1.9201498 -0.32561144 1.269378 -1.7831156 0.79045963 999.46 
20150622162644 -0.5009867 -3.0669725 0.031124622 1.2342533 -3.1047225 0.22113322 999.46 
20150622162644 0.7320272 -3.560178 -0.49320555 1.0283916 -3.7595701 -0.3549127 999.52 
20150622162644 1.2443863 -2.790442 -0.019153614 0.9025534 -3.7070358 -0.41538838 999.52 
20150622162644 1.2785037 -1.7292122 1.067814 0.6658431 -3.2305608 -0.3145956 999.52 
20150622162644 1.0223241 -1.3192052 2.0368671 0.31887165 -2.9119947 -0.15577064 999.52 
20150622162644 0.6619968 -3.6577415 3.7822402 0.11148291 -2.2412646 -0.0030543262 999.52 
20150622162644 -0.3764882 -6.3793507 5.061941 0.07880162 -1.7180585 0.10323623 999.52 
20150622162644 -0.88765025 -9.018359 5.5976434 0.11759156 -1.5580118 0.038789943 999.52 
20150622162644 -1.5035586 -10.418967 4.104859 0.4175264 -1.2382239 0.045814894 999.52 
20150622162644 -1.1815386 -11.072584 2.8341362 0.8885035 -0.958753 0.28771752 999.52 
20150622162644 1.0181342 -16.378735 2.0057425 1.0454959 -0.8054258 0.45875978 999.64 
20150622162644 5.2863975 -16.042349 5.195418 0.7058548 -0.6044512 0.5186246 999.64 
20150622162644 9.403826 -16.784552 5.261258 -0.015271631 -0.50671273 0.24251351 999.64 
20150622162644 4.3837833 -16.844406 4.362834 0.48655418 -0.79717916 -0.5305365 999.64 
20150622162644 6.4266357 -11.629835 4.622605 0.5662721 -0.8732319 -0.8176431 999.64 
20150622162644 -0.3561375 -12.737153 -3.157952 0.09407325 -0.7791586 -0.66950834 999.64 
20150622162644 -0.28491 -11.1893015 -2.415151 0.6585127 0.3652974 -0.71685034 999.64 
20150622162644 -1.9195513 -11.351509 -0.58657944 0.21746802 1.0497719 -0.48808134 999.64 
20150622162644 -1.2958617 -11.574169 -1.1474211 0.038789943 0.8173377 -0.5531385 999.64 
20150622162644 -1.6771383 -9.008782 -2.7114334 -0.36682457 0.9092729 -0.28955013 999.5 
20150622162644 -0.61411273 -5.5312047 -4.110844 -0.79717916 1.7996091 -0.18448131 999.5 
20150622162644 1.1198878 -4.699219 -3.0909145 -1.1191051 2.146275 -0.17745635 999.5 
20150622162644 1.7429788 -7.4268136 1.2653356 -1.8457294 1.4556919 -0.08368854 999.5 
20150622162644 3.7654808 -11.192294 3.3393128 -2.2650883 0.7602218 -0.07819075 999.5 
20150622162644 2.3852234 -9.536105 1.234211 -1.5790867 0.9966267 -0.03481932 999.5 
20150622162644 1.6346412 -4.80636 -1.5508442 -0.98349303 1.4892895 -0.12797627 999.5 
20150622162644 0.53689975 -4.1820717 -2.7736826 -0.7779369 1.6694947 -0.13072516 999.5 
20150622162644 -0.092775315 -4.9961004 -2.106299 -1.1316279 1.8680259 -0.1966986 999.5 
20150622162644 0.75118077 -6.3362546 -0.15981296 -1.4337007 2.169488 -0.24281894 999.47 
20150622162644 -0.26635495 -8.34499 0.931943 -1.4349225 2.3952026 -0.41813725 999.47 
20150622162644 -2.0039468 -9.733627 0.8319851 -0.9477574 2.5033257 -0.6704246 999.47 
20150622162644 -1.0169371 -9.101558 0.60214174 -0.5363397 2.112983 -0.66706485 999.47 
20150622162644 -0.20470424 -8.854357 0.9816227 -0.4868596 1.9727893 -0.5564982 999.47 
20150622162644 -0.33039984 -9.997588 3.1507695 -0.70249504 2.0766363 -0.6805039 999.47 
20150622162644 -4.727351 -12.196662 2.2062569 -0.6252206 2.2360723 -0.7849618 999.47 
20150622162644 -7.506421 -11.92911 0.99419224 -0.37323865 2.0372355 -0.5702427 999.47 
20150622162645 -6.6882024 -9.798869 -0.044891283 -0.50732356 1.8231273 -0.018020526 999.47 
20150622162645 -4.687248 -11.246762 -2.7688942 -0.7861836 1.5118915 0.27763826 999.57 
20150622162645 -1.4754268 -14.210784 -2.854487 -0.97249746 0.6960809 0.26145032 999.57 
20150622162645 -0.46986207 -13.612234 -4.695628 -0.7849618 -0.5164866 0.42943826 999.57 
20150622162645 2.4672248 -14.957176 -2.2212207 -0.28527406 -1.3826935 0.84299403 999.57 
20150622162645 6.545149 -17.241245 -1.2659341 0.46883908 -1.8686367 1.1389582 999.57 
20150622162645 4.7860093 -19.608511 -1.5783775 1.1621711 -1.9327776 1.2840388 999.57 
20150622162645 5.0439844 -16.929998 -1.5520413 1.1322387 -1.6676621 0.98654735 999.57 
20150622162645 3.0591912 -13.92348 -2.2176294 1.4782939 -1.387275 1.1468995 999.57 
20150622162645 0.7763199 -12.631808 -2.9694088 2.0186043 -0.93523467 0.94225967 999.57 
20150622162645 -0.9708488 -12.323555 -2.610877 1.8493946 -0.6243043 0.7333437 999.35 
20150622162645 -1.8662802 -10.882245 -1.3640964 1.5283848 -0.37934732 0.5907067 999.35 
20150622162645 -1.2755109 -7.3430166 -1.9063832 1.3979651 -0.6988298 0.84971356 999.35 
20150622162645 -0.9068039 -3.2124202 -0.27234045 1.4034629 -1.4199562 0.93034774 999.35 
20150622162645 -0.93613285 -3.328539 1.2952632 1.3729197 -2.5115724 0.711658 999.35 
20150622162645 0.49799395 -4.7004166 1.049259 1.0726794 -3.3438764 0.16371189 999.35 
20150622162645 1.2563573 -5.288193 0.55964464 0.97524637 -3.5286632 -0.028710667 999.35 
20150622162645 1.2976574 -4.520851 0.770933 0.81245077 -2.9416215 -0.03573562 999.35 
20150622162645 0.7457938 -3.4985273 0.9708488 0.6059783 -2.5054638 -0.035124753 999.35 
20150622162645 0.15981296 -2.92751 0.45190558 0.36743546 -2.2036965 -0.07941248 999.5 
20150622162645 0.08259996 -4.4699745 2.368464 0.1282817 -1.8020525 -0.05681047 999.5 
20150622162645 -0.054468088 -6.464943 5.494693 -0.035124753 -1.6710218 0.009162978 999.5 
20150622162645 0.11611878 -9.296685 7.4166384 -0.09896017 -1.7632625 -0.032070424 999.5 
20150622162645 -0.83378077 -10.171766 4.152743 0.2452624 -1.455081 -0.029321533 999.5 
20150622162645 -1.8082209 -11.803414 0.49440265 0.93584555 -0.75625116 0.20708331 999.5 
20150622162645 0.78170687 -15.23251 2.160767 1.0491611 -0.43890667 0.26542094 999.5 
20150622162645 8.555679 -18.633472 6.2728086 0.33383787 -0.8546005 0.2049453 999.5 
20150622162645 6.92044 -14.2862015 5.3157263 0.08155051 -1.421178 -0.19547687 999.5 
20150622162645 8.422203 -14.1425495 2.208651 0.47800204 -1.039998 -0.548557 999.47 
20150622162645 1.4395138 -14.929644 -2.5677812 0.08124508 -0.745561 -0.64751714 999.47 
20150622162645 1.2084733 -11.538856 -3.389591 0.4202753 0.33108896 -0.90133166 999.47 
20150622162645 -0.28909984 -10.149021 -2.2170308 -6.1086525E-4 1.3723087 -0.57451874 999.47 
20150622162645 -1.3784616 -10.694301 -1.2216414 -0.12339478 1.74738 -0.6258314 999.47 
20150622162645 -1.5903485 -8.878897 -1.7561469 -0.29077184 1.5992452 -0.61850107 999.47 
20150622162645 -1.8273745 -6.271611 -3.0867245 -0.6621779 1.700038 -0.3622431 999.47 
20150622162645 -0.57879823 -4.8177323 -3.9785647 -1.0189233 2.3069327 -0.2302962 999.47 
20150622162645 -0.06404489 -6.64391 -1.2270284 -1.4792101 1.9819523 -0.09682214 999.47 
20150622162645 2.1057005 -9.345168 2.5169046 -2.0793853 1.4950926 0.021991149 999.44 
20150622162645 3.6595373 -11.906963 3.4494462 -1.8512272 1.0613784 0.099265605 999.44 
20150622162645 1.7830818 -7.5267715 0.18914193 -1.2250903 1.4504995 -0.07360926 999.44 
20150622162645 0.12270284 -5.3342814 -2.3241713 -0.61819565 1.7470746 -0.24465153 999.44 
20150622162645 -1.541866 -5.7023897 -2.3289597 -0.83658 1.808772 -0.36774087 999.44 
20150622162645 -1.1731589 -6.2769985 -0.11492168 -1.3564262 2.0152445 -0.34666604 999.44 
20150622162645 -0.49679685 -7.606379 1.0127473 -1.4575244 2.2794437 -0.32742378 999.44 
20150622162645 -1.965041 -8.7532015 0.85473 -1.0586295 2.4593434 -0.46486846 999.44 
20150622162645 -2.1134815 -8.185177 0.04369418 -0.48380527 2.3322835 -0.5696318 999.44 
20150622162645 0.8912416 -6.8773446 0.46447513 -0.33169982 1.8182404 -0.4569272 999.39 
20150622162645 2.6372132 -7.111976 2.4546554 -0.54702985 1.6835446 -0.4184427 999.39 
20150622162645 -0.41120413 -10.622475 2.1296425 -0.6072 1.5528195 -0.8604037 999.39 
20150622162645 -6.1237693 -14.189237 1.7058687 -0.35277468 1.591304 -1.1475104 999.39 
20150622162646 -4.246715 -9.943718 0.6973112 -0.45906523 1.5741998 -0.64476824 999.39 
20150622162646 -5.629367 -11.423933 -1.423353 -0.7333437 1.5351044 0.15821409 999.39 
20150622162646 -4.250905 -14.7794075 -2.2331917 -0.9611965 1.3283265 0.01863139 999.39 
20150622162646 -0.22325931 -13.567343 -2.7575219 -1.0024298 0.47555858 0.116675265 999.39 
20150622162646 0.15322891 -14.361619 -5.0224366 -0.77304995 -0.5714644 0.45845437 999.39 
20150622162646 2.6749218 -15.515624 -1.6274586 -0.19486602 -1.0519099 0.77213365 999.49 
20150622162646 4.9853263 -17.611149 -0.9576807 0.6068946 -1.3481796 1.2241739 999.49 
20150622162646 4.5316253 -19.294273 -0.8762778 1.2260065 -1.5005904 1.3011429 999.49 
20150622162646 5.145139 -16.432604 -1.4993688 1.2809844 -1.4590516 1.1047498 999.49 
20150622162646 3.900753 -13.954006 -1.246182 1.6258179 -1.1575897 1.2024882 999.49 
20150622162646 1.4395138 -12.397775 -1.887828 1.8325957 -0.68783426 0.94042706 999.49 
20150622162646 -2.8455088 -13.411719 -3.3686419 1.6814066 -0.32436943 0.6404922 999.49 
20150622162646 -2.7928362 -11.523891 -2.5067291 1.4059063 -0.07880162 0.39706242 999.49 
20150622162646 -1.0714053 -6.2464724 -1.6717514 1.2858714 -0.6017023 0.9841039 999.49 
20150622162646 -0.7224504 -1.9883845 -0.5710171 1.3625349 -1.6285667 1.0797043 999.53 
20150622162646 -0.6356605 -2.8263552 0.093373865 1.368949 -2.8212812 0.4978552 999.53 
20150622162646 0.53211135 -3.840898 -0.61650693 1.174083 -3.7323866 -0.11026118 999.53 
20150622162646 0.98581254 -3.9145198 -0.034117375 1.063211 -3.781256 -0.19853121 999.53 
20150622162646 1.1384429 -2.8520927 0.5189432 0.85062987 -3.3557882 -0.13652839 999.53 
20150622162646 0.8158242 -1.7729063 0.8158242 0.6026186 -3.1047225 0.022296581 999.53 
20150622162646 -0.17477672 -1.4856021 1.3934253 0.38728857 -2.5192082 0.15760323 999.53 
20150622162646 -0.22266077 -5.0278234 3.6954503 0.20372356 -1.9654589 0.2919936 999.53 
20150622162646 0.39025488 -7.8667483 6.319495 0.13988814 -1.820073 0.3662137 999.53 
20150622162646 -0.15143326 -11.653777 6.666056 0.28405234 -1.6288722 0.25228736 999.46 
20150622162646 0.15083471 -12.507908 2.7605145 0.82253003 -1.0940597 0.27855456 999.46 
20150622162646 1.6603789 -14.506468 1.9219455 1.2403619 -0.6432411 0.5271767 999.46 
20150622162646 2.7377696 -13.1238165 6.118981 0.9016371 -0.52198434 0.5516113 999.46 
20150622162646 6.7630215 -15.258846 7.6883802 -0.10476339 -0.7593055 0.058643065 999.46 
20150622162646 1.30484 -17.335217 5.481525 0.029626964 -1.284955 -0.52320606 999.46 
20150622162646 6.1100025 -13.955802 1.9901801 0.83260936 -1.1517864 -0.77854776 999.46 
20150622162646 1.2096704 -15.135545 -3.690662 0.5308419 -1.1078042 -0.51343226 999.46 
20150622162646 3.2746694 -10.520123 -1.8381484 0.68294734 -0.30818152 -0.6133087 999.46 
20150622162646 0.93852705 -11.334749 -0.008978256 0.16890424 0.64843345 -0.4016439 999.37 
20150622162646 0.2160767 -11.164762 -0.23463176 -0.050396383 0.75686204 -0.58093286 999.37 
20150622162646 -1.1079168 -10.408792 -2.3720553 -0.27947086 1.006095 -0.36713 999.37 
20150622162646 -1.2485762 -7.285556 -3.9839516 -0.8961393 1.9269744 -0.17715092 999.37 
20150622162646 0.5117606 -5.3223104 -4.39755 -1.2342533 2.7733283 -0.12736541 999.37 
20150622162646 1.7753005 -6.5032506 -1.6771383 -1.7574593 2.4236078 -0.056199603 999.37 
20150622162646 2.5384524 -9.713276 1.9506758 -2.172237 1.5234979 -0.29779682 999.37 
20150622162646 2.1559787 -10.882245 2.0278888 -1.7345519 1.3371841 -0.58001655 999.37 
20150622162646 1.9829975 -5.879561 0.006584055 -1.1172725 1.7266107 -0.5109888 999.37 
20150622162646 0.5303157 -4.1611223 -2.010531 -0.8445212 1.9010127 -0.24770586 999.45 
20150622162646 -1.1563994 -4.5298295 -2.6617537 -1.0742066 2.1126773 -0.30085114 999.45 
20150622162646 -0.8984242 -5.563526 -0.8439561 -1.3683381 2.3753495 -0.30604348 999.45 
20150622162646 -0.82599956 -7.2969284 1.6843209 -1.6190983 2.5234842 -0.32406402 999.45 
20150622162646 -2.914342 -9.516354 0.79966336 -1.1578951 2.6868908 -0.5271767 999.45 
20150622162646 -2.6426 -10.253169 0.17118542 -0.5128214 2.3890939 -0.52564955 999.45 
20150622162646 0.9900024 -8.2354555 0.5638345 -0.46211955 1.9837849 -0.3136793 999.45 
20150622162646 0.2765303 -8.735245 2.8526914 -0.6627888 1.8997909 -0.3417791 999.45 
20150622162646 -5.2917843 -12.589311 1.6992847 -0.539394 1.613906 -0.8915578 999.45 
20150622162647 -5.8693852 -12.09012 1.7788919 -0.29657507 1.509448 -1.0845913 999.51 
20150622162647 -3.7972038 -10.360908 -0.040102877 -0.41905355 1.5066991 -0.38423425 999.51 
20150622162647 -6.278794 -13.283629 -1.8166006 -0.72021013 1.38025 0.09101892 999.51 
20150622162647 -4.8338933 -13.727754 -1.8447324 -1.0687088 1.0070114 -0.05131268 999.51 
20150622162647 -0.9756372 -12.826337 -2.8335378 -0.9798279 0.13072516 0.2761111 999.51 
20150622162647 0.5847838 -14.670471 -4.687847 -0.5662721 -0.6075055 0.8020661 999.51 
20150622162647 5.0254292 -15.592238 -1.751957 0.26236662 -1.271516 0.9419542 999.51 
20150622162647 6.2901664 -19.608511 -3.3740287 1.0228939 -1.6783522 1.3158038 999.51 
20150622162647 5.49589 -19.209877 -1.7926586 1.3695599 -1.677436 1.1264355 999.51 
20150622162647 4.6202106 -15.695189 -2.5372553 1.4123205 -1.6105462 1.0677924 999.33 
20150622162647 2.8574798 -13.0759325 -1.1797429 1.9013181 -1.3521502 0.9437868 999.33 
20150622162647 1.0133458 -12.6300125 -2.9131448 1.8090774 -0.7324274 0.66981375 999.33 
20150622162647 -2.6719291 -12.800001 -1.8483237 1.6285667 -0.46517387 0.35185838 999.33 
20150622162647 -0.94690675 -8.375516 -2.078167 1.3558154 -0.4990769 0.5152648 999.33 
20150622162647 -0.46806642 -3.3159695 -0.46627077 1.2492194 -1.069625 0.88086766 999.33 
20150622162647 -1.30484 -1.9117701 0.207697 1.282817 -2.2110267 0.6032294 999.33 
20150622162647 -0.62847793 -2.949058 0.35913026 1.2162327 -3.1227431 -0.04642576 999.33 
20150622162647 0.54767364 -3.544017 -0.3238158 1.2061534 -3.7287214 -0.3005457 999.33 
20150622162647 1.2036849 -2.895787 0.5231331 1.0711522 -3.5714238 -0.27885997 999.45 
20150622162647 1.376666 -2.1045034 1.6807296 0.77274454 -3.164893 -0.13347405 999.45 
20150622162647 1.6041151 -2.2272062 2.2547395 0.50854534 -2.6337454 0.019242255 999.45 
20150622162647 1.5310919 -4.710592 3.614646 0.3203988 -1.8555032 0.22815818 999.45 
20150622162647 -0.6051345 -7.282563 3.401562 0.2669481 -1.3365731 0.30573806 999.45 
20150622162647 -1.7938557 -9.57561 4.0946836 0.26633725 -1.0980303 0.1423316 999.45 
20150622162647 -1.4209588 -9.630676 3.6834793 0.52503866 -0.84116143 0.13683382 999.45 
20150622162647 0.99299514 -14.9547825 2.2200236 1.035722 -1.006095 0.3472769 999.45 
20150622162647 3.0460231 -17.166426 5.5282116 0.90285885 -0.8210029 0.5152648 999.45 
20150622162647 7.4226236 -14.85662 6.4224463 -0.015271631 -0.46853364 0.52626044 999.57 
20150622162647 4.0737343 -15.376162 5.2941785 -0.33841935 -0.700357 0.026267206 999.57 
20150622162647 3.156755 -13.970167 5.523423 0.2855795 -0.573297 -0.47739118 999.57 
20150622162647 5.6509147 -12.61026 3.1597476 0.43218717 -0.76174897 -0.6924158 999.57 
20150622162647 0.581791 -13.398551 -3.067571 0.48472157 -0.82833326 -0.8707884 999.57 
20150622162647 1.0720038 -11.088745 -2.8856115 0.8549059 0.070249505 -0.8005389 999.57 
20150622162647 -0.90261406 -12.293029 -2.0931308 0.26267207 0.8353582 -0.5216789 999.57 
20150622162647 -1.0139444 -12.088325 -1.3413515 -0.07696902 0.9764681 -0.5849035 999.57 
20150622162647 -0.6476316 -9.704298 -2.3427265 -0.38056904 1.1633929 -0.32284227 999.57 
20150622162647 0.15622166 -6.3177 -3.6601357 -0.75808376 1.6377298 -0.13683382 999.38 
20150622162647 0.55485624 -4.754286 -3.3883939 -1.2006557 1.9043725 -0.05100725 999.38 
20150622162647 2.2451627 -6.8168907 0.5847838 -1.8762726 1.5311338 0.09437868 999.38 
20150622162647 2.657564 -10.878654 2.6964695 -2.2079725 1.0919216 0.06566802 999.38 
20150622162647 2.3229742 -11.622652 2.280477 -1.7449366 1.2852604 -0.13133603 999.38 
20150622162647 1.9081788 -6.0639143 -0.7020996 -0.95447695 1.7012597 -0.14446963 999.38 
20150622162647 0.7320272 -4.0857053 -2.3331497 -0.6973027 1.9343048 -0.06780604 999.38 
20150622162647 -0.7212533 -4.9763484 -2.7820623 -1.1224649 2.0650299 -0.25900686 999.38 
20150622162647 -1.0360907 -6.1225724 -1.0516531 -1.4208726 2.270586 -0.29749137 999.38 
20150622162647 -0.9307459 -8.005612 1.6292542 -1.4905112 2.38268 -0.36102137 999.49 
20150622162647 -2.1152773 -9.721656 0.84934306 -1.0751228 2.4538457 -0.46853364 999.49 
20150622162647 -0.5243302 -8.415619 0.010175358 -0.60994893 2.3634377 -0.46944994 999.49 
20150622162647 0.05686229 -7.0844426 1.1947067 -0.41599923 2.2547035 -0.3368922 999.49 
20150622162647 -1.1252748 -7.4046674 2.914342 -0.6973027 2.293188 -0.3885103 999.49 
20150622162648 -4.8416743 -10.802638 1.738789 -0.77121735 2.2134702 -0.74372846 999.49 
20150622162648 -7.727286 -12.196063 2.034473 -0.6059783 1.8167132 -0.9300423 999.49 
20150622162648 -5.2618566 -11.290457 0.05327099 -0.6817256 1.5164729 -0.52778757 999.49 
20150622162648 -5.4659624 -13.752295 -2.3385365 -0.8943067 1.2330315 0.0067195175 999.49 
20150622162648 -2.8772318 -14.711172 -2.8933928 -1.0931433 0.874759 0.042760566 999.49 
20150622162648 -0.10115502 -14.511256 -4.597466 -0.95294976 0.13622294 0.25442538 999.49 
20150622162648 3.1226375 -16.077065 -4.045004 -0.37690386 -0.97219205 0.6945538 999.49 
20150622162648 6.901885 -16.567278 -1.4891934 0.528093 -1.6380352 1.1652255 999.49 
20150622162648 7.3460093 -19.388245 -3.1160536 1.2800682 -1.724778 1.4941764 999.49 
20150622162648 5.249287 -16.634315 -2.131438 1.3741413 -1.3946054 1.294118 999.49 
20150622162648 4.0815153 -14.217967 -2.5372553 1.4416419 -0.9129381 1.2938126 999.49 
20150622162648 2.243367 -13.445837 -2.0093338 1.8344283 -0.63804877 1.0910053 999.49 
20150622162648 -0.34955344 -14.090475 -2.6138697 1.7467692 -0.19822577 0.75411314 999.49 
20150622162648 -3.086126 -14.957176 -1.115698 1.6233743 -0.118202426 0.42852196 999.47 
20150622162648 -0.9008184 -8.592192 -1.5406688 1.409877 -0.53878313 0.86193085 999.47 
20150622162648 -0.6464345 -2.2092497 -0.4237737 1.4107933 -1.0274754 1.0735956 999.47 
20150622162648 -1.3096284 -2.6563668 0.091578215 1.3521502 -1.9947804 0.4156938 999.47 
20150622162648 -0.40940848 -3.5087025 -0.019752163 1.2226468 -3.236975 -0.44073927 999.47 
20150622162648 0.53091425 -3.3842041 -0.5267244 1.1502593 -3.6187658 -0.5742133 999.47 
20150622162648 0.6943185 -2.0572178 0.5231331 0.97341377 -3.314555 -0.46883908 999.47 
20150622162648 0.7218518 -1.1013328 1.7735049 0.6383542 -2.9486465 -0.25809056 999.47 
20150622162648 0.20530279 -3.2477345 2.6042929 0.35796702 -2.4559836 -0.03573562 999.47 
20150622162648 -0.7170634 -5.453393 4.210802 0.20677789 -1.8191566 0.18936823 999.46 
20150622162648 -0.08379706 -7.7147164 5.703587 0.05467244 -1.5161675 0.26206118 999.46 
20150622162648 -1.3132197 -10.502765 4.1437645 0.24862215 -1.2901474 0.11453723 999.46 
20150622162648 -0.6242881 -10.603919 2.630629 0.84116143 -1.1096367 0.06841691 999.46 
20150622162648 0.908001 -16.403873 0.9624691 1.2296717 -0.9275989 0.24190263 999.46 
20150622162648 3.0322564 -16.69417 5.495291 0.9550878 -0.85918194 0.39767328 999.46 
20150622162648 7.153276 -14.002489 8.148665 -0.036651913 -0.48349985 0.3979787 999.46 
20150622162648 5.869984 -12.558785 6.127361 -0.204029 -0.70921457 -9.162979E-4 999.46 
20150622162648 1.4736311 -13.682264 3.8504748 0.5757405 -0.77518797 -0.5036584 999.46 
20150622162648 3.5284548 -14.021044 1.6250644 0.7486154 -0.9007208 -0.68539083 999.4 
20150622162648 -1.9734207 -14.478935 -4.1359835 0.6282749 -0.5403103 -0.4633413 999.4 
20150622162648 0.6362591 -10.445304 -3.1555579 0.8924741 0.22540927 -0.40683624 999.4 
20150622162648 -1.009156 -10.641628 -0.8619126 0.08827003 0.47647488 -0.23243423 999.4 
20150622162648 -0.7254431 -10.916962 -0.4961983 -0.041233405 0.35246924 -0.6768387 999.4 
20150622162648 -1.067814 -8.519767 -1.8788497 -0.13439035 0.6579019 -0.37843102 999.4 
20150622162648 -0.42437226 -5.74369 -3.4219127 -0.4098906 1.2415836 -0.20830505 999.4 
20150622162648 1.0660183 -5.3157263 -2.4660277 -1.0067059 1.4016303 -0.05131268 999.4 
20150622162648 2.7766755 -9.020754 2.3127987 -1.8454239 1.1417072 0.09285152 999.4 
20150622162648 4.4460325 -13.283031 3.8863878 -2.0182989 0.9627236 0.14019357 999.36 
20150622162648 2.5683799 -11.005547 1.6663644 -1.2733486 1.1487321 0.10170906 999.36 
20150622162648 1.1402385 -7.0569096 -0.8343793 -0.66950834 1.4395039 0.0033597588 999.36 
20150622162648 -0.10594343 -5.631761 -2.3732524 -0.7706065 1.6539177 -0.021991149 999.36 
20150622162648 -0.7781156 -5.3899465 -1.2282255 -1.1646146 1.9740111 -0.05222898 999.36 
20150622162648 -0.7858967 -6.747459 0.557849 -1.5054774 2.187203 -0.14110987 999.36 
20150622162648 -1.0971429 -7.890092 0.8343793 -1.3420709 2.2464569 -0.30573806 999.36 
20150622162648 -1.292869 -7.997831 0.31543607 -0.890947 2.1120665 -0.46089783 999.36 
20150622162648 -0.075417355 -7.9691005 0.9187749 -0.64599 1.9489655 -0.45204028 999.36 
20150622162648 1.6753427 -7.8062944 1.496376 -0.54641896 1.9104811 -0.44440445 999.44 
20150622162649 0.6500258 -8.384495 2.2409728 -0.49877146 1.8527542 -0.6035349 999.44 
20150622162649 -3.1615434 -10.683527 1.3245921 -0.51923543 1.7330247 -0.84391034 999.44 
20150622162649 -6.489484 -12.297817 1.5699978 -0.47250426 1.7296649 -0.9388999 999.44 
20150622162649 -5.4264584 -10.210671 0.49320555 -0.56596667 1.7537941 -0.44165558 999.44 
20150622162649 -3.66672 -8.945336 -1.1456255 -0.58001655 1.63437 0.10170906 999.44 
20150622162649 -6.121375 -11.6669445 -1.8764555 -0.7171558 1.1563679 0.06872234 999.44 
20150622162649 -3.1783028 -12.270883 -2.3361423 -0.9593639 0.63407815 -0.06536258 999.44 
20150622162649 -0.53570265 -11.778873 -3.1196449 -0.85154617 -0.3378085 0.44684792 999.44 
20150622162649 1.7112557 -13.791201 -3.9498343 -0.6591236 -0.9950995 0.82833326 999.39 
20150622162649 5.0637364 -15.263635 -1.620276 0.04795292 -1.2373075 1.0955868 999.39 
20150622162649 8.674791 -18.388666 -2.2870612 0.97494096 -1.3041973 1.4816537 999.39 
20150622162649 6.367379 -18.146852 -2.2296004 1.2382239 -1.0797043 1.4651603 999.39 
20150622162649 5.209184 -15.398308 -1.834557 1.2782356 -0.7528914 1.2932017 999.39 
20150622162649 2.944868 -13.926473 -2.2463598 1.5677856 -0.4541783 1.138042 999.39 
20150622162649 0.074818805 -13.311163 -1.7064673 1.5512923 0.43218717 0.6939429 999.39 
20150622162649 -4.502895 -14.712968 -2.5797524 1.5372424 0.68294734 0.26145032 999.39 
20150622162649 -3.6056678 -12.067974 -1.8070238 1.5549575 0.13591751 0.27152961 999.39 
20150622162649 -2.0482395 -6.6804214 -0.59735334 1.4929546 -0.5128214 0.816116 999.52 
20150622162649 -1.7525556 -4.76925 1.0217255 1.4404203 -1.7580702 0.7174612 999.52 
20150622162649 -0.42197806 -6.3589997 0.41958386 1.1994339 -2.8130345 0.19883664 999.52 
20150622162649 0.260968 -6.333262 0.06404489 1.0439687 -3.2507193 -0.1459968 999.52 
20150622162649 0.22924481 -5.08289 0.3776853 0.7901542 -3.163671 -0.121256754 999.52 
20150622162649 -0.05207389 -3.7068229 1.009156 0.3744604 -2.8619037 0.039095376 999.52 
20150622162649 -0.46866497 -3.6601357 1.2054806 0.0711658 -2.5143213 0.14080444 999.52 
20150622162649 -1.0199299 -4.449025 1.6274586 -0.1966986 -2.111761 0.15699236 999.52 
20150622162649 -0.40282443 -5.1624975 3.2052376 -0.3313944 -1.7244726 0.13500121 999.52 
20150622162649 -0.34835634 -6.3392477 3.9695864 -0.36957347 -1.6383406 0.11056661 999.49 
20150622162649 0.45908818 -7.299921 3.4560301 -0.092240654 -1.5696182 0.11301007 999.49 
20150622162649 1.1761516 -8.849568 2.1877017 0.45906523 -1.3121386 0.07880162 999.49 
20150622162649 1.9818004 -13.866618 0.5153519 0.87109387 -1.0085385 0.08307768 999.49 
20150622162649 4.203021 -16.373346 0.39384618 0.67164636 -0.68508536 0.07147124 999.49 
20150622162649 4.063559 -12.968792 3.09271 -0.13744467 -0.30115658 0.25534168 999.49 
20150622162649 4.911705 -10.319608 4.3065705 -0.65179324 -0.029626964 0.18967366 999.49 
20150622162649 1.9273324 -12.712014 4.747702 -0.17379116 -0.44226643 -0.23518312 999.49 
20150622162649 -0.19093758 -15.536573 3.8139634 0.44929138 -0.4334089 -0.64721173 999.49 
20150622162649 0.7882909 -19.279907 -1.8004397 0.9147707 -0.28313604 -0.63071835 999.41 
20150622162649 -0.9283517 -16.191387 -4.4741645 1.599856 0.27397305 -0.20189096 999.41 
