20150701193545 10.836756 6.043564 -10.408194 0.4783075 0.36957347 -0.59681535 995.92 
20150701193545 14.185645 0.9271546 -5.7766104 0.3753767 -0.03023783 -0.40622538 995.92 
20150701193545 15.106814 -1.043872 -7.4058642 0.17989981 -0.7021896 -0.2657264 995.92 
20150701193545 15.720328 -0.9792285 -3.5535939 -0.4373795 -0.60048056 0.020463986 995.92 
20150701193545 13.778032 -0.92176765 -2.5360582 -0.7122689 0.59559363 -0.0720821 995.92 
20150701193545 11.01273 -0.18495208 -2.2900538 -0.58551437 0.86406887 -0.2593123 995.92 
20150701193545 8.810662 0.45070848 -2.6623523 -0.41233405 0.4859433 -0.014660766 995.92 
20150701193545 7.2125325 0.5746084 -2.4510639 -0.24984388 0.23151793 0.42180246 995.92 
20150701193545 4.6112323 0.17477672 -1.963844 -0.24740042 0.2312125 0.8268061 995.92 
20150701193545 1.8620903 -0.3657143 -2.5761611 -0.36468655 0.23671028 1.0140363 995.92 
20150701193545 -0.010175358 -0.47285482 -3.0053217 -0.47036624 0.41783184 1.0363328 995.92 
20150701193545 -0.30047232 -0.06464344 -3.040636 -0.54367006 0.57848936 1.0225884 995.92 
20150701193545 2.508525 0.25797522 -2.191293 -0.6236934 0.41355577 0.6462954 995.92 
20150701193545 5.9262476 0.43993455 -1.0714053 -0.7440339 -0.070249505 0.3100141 995.92 
20150701193545 7.08983 0.27114335 -0.41000703 -0.93554014 -0.6942484 0.0030543262 995.92 
20150701193545 7.48607 0.034715924 -0.48003745 -1.0790935 -0.93309665 -0.18295415 995.92 
20150701193545 8.99322 -0.7134721 -1.1653777 -1.2027937 -0.7470882 -0.2565634 995.92 
20150701193545 11.556811 -1.7818847 -0.80564886 -1.29198 -0.38087448 -0.27580565 995.87 
20150701193545 15.036784 -2.3714569 -0.51954174 -1.3494014 -0.27458394 -0.31520647 995.87 
20150701193545 16.953941 -3.7002387 2.1972785 -1.0998629 -0.41416663 -0.12889257 995.87 
20150701193545 14.638748 -5.638345 3.3542767 -0.904386 -0.62125 0.06719518 995.87 
20150701193546 11.2132435 -6.600814 2.256535 -0.5140431 -0.54000485 0.3631594 995.87 
20150701193546 10.2974615 -2.010531 -4.296395 0.04795292 0.050701816 0.7104363 995.87 
20150701193546 12.159552 0.66379243 -8.893861 0.36132678 0.35002577 0.6453791 995.87 
20150701193546 14.51784 0.05327099 -7.65546 0.44837508 0.054367006 0.22174409 995.87 
20150701193546 15.87236 1.471237 -5.7484784 0.8597928 -0.77518797 0.26542094 995.87 
20150701193546 16.109386 2.8628666 -7.2328835 1.3552046 -1.2311989 0.31703907 995.95 
20150701193546 17.062279 2.9694088 -5.354632 1.2339478 -0.35124752 0.3839288 995.95 
20150701193546 15.444995 2.220622 -4.2341456 1.1554517 0.46914452 0.27763826 995.95 
20150701193546 13.176489 1.1210849 -3.6230257 0.8417723 0.6927212 0.106901415 995.95 
20150701193546 9.802461 0.27114335 -2.4612393 0.59742624 0.5039638 -0.21471913 995.95 
20150701193546 6.839636 -0.54767364 -1.216853 0.33108896 0.38973203 -0.72418076 995.95 
20150701193546 3.105878 -1.9596541 -1.8243817 0.21135938 0.32284227 -0.9825767 995.95 
20150701193546 1.0259154 -3.1759086 -2.1601684 0.28588495 0.44684792 -1.1389582 995.95 
20150701193546 2.1751323 -1.6950948 -0.6997054 0.5177083 0.77549344 -1.0793989 995.95 
20150701193546 1.3874398 -0.85473 -1.5101427 0.68966687 0.44165558 -0.65240407 995.94 
20150701193546 1.1139023 -0.18435353 -2.2643163 0.99112886 -0.1414153 -0.4034765 995.94 
20150701193546 2.5761611 1.1725603 -2.1906946 1.1462886 -0.13225232 -0.2669481 995.94 
20150701193546 5.731719 2.4253263 -0.57640404 1.1478158 -0.03359759 -0.07880162 995.94 
20150701193546 8.285733 3.240552 0.5327099 1.0852021 -0.21105394 0.19486602 995.94 
20150701193546 10.390836 3.7894228 1.5717934 0.9822713 -0.47433686 0.29779682 995.94 
20150701193546 11.099519 2.6497827 0.02813187 0.84391034 -0.40653083 0.30879238 995.94 
20150701193546 11.65677 0.25019407 -0.4321534 0.7461719 -0.0888809 0.22357668 995.94 
20150701193546 15.081077 -0.24720132 2.9257145 0.655153 0.30573806 0.15210545 995.94 
20150701193546 17.402853 1.8686744 2.9299042 0.65026605 0.2751948 0.13316862 995.9 
20150701193546 15.263635 3.2615013 1.9752164 0.7993172 -0.1740966 0.03023783 995.9 
20150701193546 12.489952 1.0654198 -6.023213 0.70371675 -0.31581733 -0.410196 995.9 
20150701193546 12.731766 6.3392477 -11.79683 0.54428095 -0.030848695 -0.6560693 995.9 
20150701193546 11.6585655 5.9849057 -7.132327 0.25503623 0.19792034 -0.42577308 995.9 
20150701193546 13.499706 1.4413095 -8.154053 0.11362094 -0.43218717 -0.6579019 995.9 
20150701193546 15.901091 -1.6903064 -8.232463 -0.36193767 -0.7165449 -0.59498274 995.9 
20150701193546 17.120338 -4.0916905 -4.4035354 -0.8604037 -0.13591751 -0.5717699 995.9 
20150701193546 14.997279 -2.6312277 -3.1142578 -0.8170323 0.22235495 -0.47342056 995.9 
20150701193546 12.718598 -0.19393034 -2.9113493 -0.66798115 0.26908615 -0.03390302 995.96 
20150701193546 9.942521 1.0019734 -2.621651 -0.514654 0.1459968 0.54183745 995.96 
20150701193546 6.7881603 1.6915035 -1.6496049 -0.32070425 0.16371189 0.8246681 995.96 
20150701193546 3.7223852 1.702876 -0.6919243 -0.41172317 0.28405234 0.90316427 995.96 
20150701193546 0.053869538 0.7906851 -1.5993267 -0.58184916 0.42730024 0.8038987 995.96 
20150701193546 -0.3788824 0.35673606 -2.802413 -0.63529986 0.48991394 0.7440339 995.96 
20150701193546 -0.7906851 -1.1971009 -2.6641479 -0.6020077 0.5702427 0.7699956 995.96 
20150701193546 2.124854 -1.0265139 -1.9985598 -0.65179324 0.30818152 0.57971114 995.96 
20150701193546 5.029021 -0.8559271 -0.92535895 -0.698219 -0.42180246 0.35063666 995.96 
20150701193546 6.7869635 -0.79248077 0.28072014 -0.70005155 -0.75319684 0.03023783 995.88 
20150701193546 7.9367785 -0.78529817 -0.5979519 -0.698219 -0.945314 -0.26358834 995.88 
20150701193546 10.441113 -1.4490906 -1.4095862 -0.6774496 -0.73853606 -0.30909783 995.88 
20150701193546 12.977172 -1.1593921 -2.337938 -0.6606508 -0.5403103 -0.26908615 995.88 
20150701193546 15.344439 0.008379706 -0.97025025 -0.7348709 -0.4437936 -0.2883284 995.88 
20150701193546 16.364967 -0.90141696 1.1522095 -0.84482664 -0.45998153 -0.30909783 995.88 
20150701193546 16.035166 -3.6721067 2.6276364 -0.7156286 -0.42455134 -0.22388211 995.88 
20150701193546 13.561357 -4.333505 2.0775685 -0.54733527 -0.16157386 0.01038471 995.88 
20150701193546 10.927735 -2.8736405 -0.3184288 -0.20922135 0.111177474 0.47128254 995.88 
20150701193547 10.666767 -0.55485624 -6.589442 0.036651913 0.41325033 0.69913524 995.9 
20150701193547 11.66515 -0.5303157 -8.061277 0.16615535 0.36468655 0.5222898 995.9 
20150701193547 11.869853 -2.0775685 -5.8921304 0.16249016 -0.0070249503 0.37659842 995.9 
20150701193547 14.895526 0.3609259 -5.276222 0.6206391 -0.7293731 0.30085114 995.9 
20150701193547 15.282788 2.7263973 -6.891111 1.1472049 -0.5705481 0.3145956 995.9 
20150701193547 16.77258 2.9406781 -4.380192 1.1734722 -0.038179077 0.14935656 995.9 
20150701193547 14.271836 2.0691888 -4.031237 1.1768318 0.4841107 0.0580322 995.9 
20150701193547 10.559627 0.5327099 -3.0951042 0.86559606 0.27091873 -0.15454891 995.9 
20150701193547 8.590994 -1.1145009 -0.28909984 0.6646214 0.29749137 -0.43249258 995.9 
20150701193547 4.4017396 -3.3225534 -0.76195467 0.52015173 0.2519819 -0.73426 995.89 
20150701193547 1.2773066 -4.369418 -2.3636756 0.6221663 0.14263703 -1.0974194 995.89 
20150701193547 2.244564 -1.8938135 -1.821389 1.0253373 0.64476824 -1.2959507 995.89 
20150701193547 1.7477672 0.5614403 -2.232593 1.2968669 0.5928447 -0.7675522 995.89 
20150701193547 0.9175778 1.5161282 -2.509722 1.459357 -0.12064589 -0.52870387 995.89 
20150701193547 1.9925743 1.6681601 -2.7144263 1.5118915 -0.18142697 -0.3680463 995.89 
20150701193547 5.183447 1.9985598 -1.4329298 1.4068227 -0.07513642 -0.16737708 995.89 
20150701193547 7.93199 2.3187842 -0.26874915 1.2479976 -0.08827003 0.1695151 995.89 
20150701193547 9.855731 2.5474305 0.9684546 1.1242975 -0.29749137 0.35827246 995.89 
20150701193547 11.048642 2.5127146 0.18435353 1.0589349 -0.2669481 0.32834008 995.91 
20150701193547 12.269685 1.9207484 -0.11432313 0.94042706 -0.07819075 0.3313944 995.91 
20150701193547 14.833876 0.7703344 1.1803415 0.69913524 0.20189096 0.36560285 995.91 
20150701193547 17.372927 1.5562311 1.2312182 0.6062838 0.2134974 0.21166481 995.91 
20150701193547 16.22371 3.093907 3.0298622 0.56321776 0.03970624 0.006414085 995.91 
20150701193547 11.911154 2.4187422 2.284667 0.3726278 -0.23273966 -0.2611449 995.91 
20150701193547 8.098986 -0.8535329 -8.43178 0.2843578 -0.106595986 -0.5696318 995.91 
20150701193547 9.376891 1.8058267 -13.700819 0.2507602 0.4279111 -0.5992588 995.91 
20150701193547 12.188282 7.053917 -8.575432 0.07971791 0.36774087 -0.34238997 995.91 
20150701193547 16.697762 2.9364884 -6.871359 -0.23182335 -0.45723262 -0.5381723 995.9 
20150701193547 17.368736 0.44951138 -6.615179 -0.86559606 -0.8313876 -0.6020077 995.9 
20150701193547 16.733675 -1.7322049 -4.015076 -1.3041973 -0.31581733 -0.6200282 995.9 
20150701193547 12.993333 -3.4290953 -3.2555158 -1.0980303 0.4972443 -0.17898351 995.9 
20150701193547 10.237008 -2.3409307 -2.5222914 -0.84238315 0.43860126 0.5317582 995.9 
20150701193547 8.393473 -0.07182605 -1.9321208 -0.4914411 0.22815818 0.8686504 995.9 
20150701193547 5.807735 1.2689269 -0.89603 -0.3979787 0.1777618 0.82650065 995.9 
20150701193547 2.5420437 1.608305 -1.7932571 -0.37690386 0.14874569 0.7733554 995.9 
20150701193547 2.40318 1.4443022 -2.267309 -0.410196 0.08827003 0.74128497 995.9 
20150701193547 2.1667526 0.7978677 -2.1380222 -0.50671273 0.29932398 0.8979719 995.91 
20150701193547 1.584363 -0.061650693 -2.1158757 -0.6169739 0.33292156 0.7724391 995.91 
20150701193547 3.1908724 -1.074398 -2.067393 -0.72173727 -0.16187929 0.56138515 995.91 
20150701193547 5.533599 -1.763928 -1.0468647 -0.7849618 -0.25961772 0.30573806 995.91 
20150701193547 6.364985 -1.2826935 -0.060453594 -0.8164214 -0.23915374 -0.046120327 995.91 
20150701193547 7.462128 -0.59855044 0.55365914 -0.7965683 -0.38912117 -0.35338554 995.91 
20150701193547 8.5622635 -1.01574 -0.04249708 -0.7693848 -0.35430184 -0.3744604 995.91 
20150701193547 10.939108 -1.364695 -0.89423436 -0.72601336 -0.15851954 -0.33353242 995.91 
20150701193547 13.848661 -1.401805 -1.2114661 -0.65301496 -0.12980886 -0.2761111 995.91 
20150701193547 15.947179 -1.6753427 0.7673417 -0.5671884 -0.22327125 -0.2003638 995.93 
20150701193547 15.212159 -2.6324248 2.8101943 -0.5348125 -0.50243664 -0.1441642 995.93 
20150701193547 12.0805435 -3.2423477 1.6729485 -0.5510005 -0.5928447 0.06994407 995.93 
20150701193547 11.467029 -2.2290018 -6.4481835 -0.37934732 -0.35979962 0.36926803 995.93 
20150701193547 13.5775175 -3.9193082 -6.1040173 -0.11575896 -0.07391469 0.5946773 995.93 
20150701193548 13.093889 -2.0171149 -5.0439844 0.17287487 0.19730948 0.42302418 995.93 
20150701193548 14.571112 1.5520413 -6.5002575 0.59223384 -0.226631 0.5849035 995.93 
20150701193548 14.741698 1.9177556 -7.5004354 1.2281445 -0.75716746 0.7031059 995.93 
20150701193548 17.508198 2.4193408 -4.6375685 1.2324207 0.1704314 0.57604593 995.93 
20150701193548 15.738285 1.8034325 -4.8817773 1.1438452 0.39522982 0.16890424 995.9 
20150701193548 12.626421 0.5303157 -3.6355953 0.8353582 0.3594942 -0.04520403 995.9 
20150701193548 10.035296 -0.58538234 -1.8992004 0.5381723 0.0021380284 -0.4981606 995.9 
20150701193548 6.8186865 -1.7687165 -1.5227122 0.3399465 0.13194689 -0.7315111 995.9 
20150701193548 3.0113072 -2.7910407 -2.6821043 0.344528 0.18051068 -0.8338311 995.9 
20150701193548 1.5682021 -1.9895816 -2.1266496 0.52442783 0.3408628 -1.0198395 995.9 
20150701193548 1.1659763 -0.0676362 -1.6567876 0.74097955 0.68844515 -1.0803152 995.9 
20150701193548 0.6266823 1.2378023 -2.3720553 0.9230174 0.56230146 -0.77213365 995.9 
20150701193548 1.2904748 1.477821 -2.7192147 1.0968086 0.0070249503 -0.5510005 995.9 
20150701193548 3.2902317 1.2755109 -2.011728 1.1407908 -0.13194689 -0.43676865 995.94 
20150701193548 6.7642183 1.4933833 -0.8762778 1.0891727 -0.16371189 -0.31673363 995.94 
20150701193548 8.6095495 2.0171149 -0.35075054 1.0213667 -0.33444872 -0.0021380284 995.94 
20150701193548 9.636064 3.0340521 0.37110126 0.97402465 -0.5665775 0.27214047 995.94 
20150701193548 10.845734 2.4510639 -0.025737667 0.88361657 -0.464563 0.25717425 995.94 
20150701193548 13.454815 -0.06464344 -0.4818331 0.75533485 -0.087659165 0.16432275 995.94 
20150701193548 15.890317 -1.3623008 1.5813702 0.627664 0.08277224 0.09193522 995.94 
20150701193548 17.325043 1.7543513 2.9580362 0.5112942 0.0012217305 0.007330383 995.94 
20150701193548 15.324687 4.4568067 3.3716345 0.5708536 -0.344528 -0.17806722 995.94 
20150701193548 11.447875 2.0087352 -3.4638114 0.3726278 -0.54611355 -0.37568212 995.92 
20150701193548 11.687296 2.1080947 -11.893796 0.28252518 -0.3155119 -0.569021 995.92 
20150701193548 9.958083 5.8843493 -10.292673 0.26236662 0.03970624 -0.42913285 995.92 
20150701193548 12.298415 4.1317935 -5.379173 -0.004581489 0.06505715 -0.2489276 995.92 
20150701193548 14.690223 1.2916719 -6.7564373 -0.30818152 -0.535118 -0.44501534 995.92 
20150701193548 16.211739 -3.318962 -6.537368 -0.65057147 -0.48258355 -0.35888332 995.92 
20150701193548 15.880141 -4.332308 -4.198831 -0.7675522 0.10354166 -0.35338554 995.92 
20150701193548 13.311762 -2.0578163 -3.3261447 -0.655153 0.49877146 -0.2489276 995.92 
20150701193548 11.019912 -0.06284779 -2.4516625 -0.38453966 0.26450464 0.26267207 995.92 
20150701193548 8.230667 1.2318168 -1.8662802 -0.13836098 0.07147124 0.66950834 995.93 
20150701193548 5.2522798 1.7082629 -1.5011644 -0.04062254 0.17867808 0.8246681 995.93 
20150701193548 2.2385786 0.7392098 -1.785476 -0.06994407 0.32711834 0.8304713 995.93 
20150701193548 -0.60812724 0.08499416 -2.570774 -0.10903945 0.46486846 0.7367035 995.93 
20150701193548 -0.6721721 1.1988965 -3.0490158 -0.1572978 0.54825157 0.6753115 995.93 
20150701193548 2.0039468 0.3357868 -2.2631192 -0.26267207 0.5149594 0.71593404 995.93 
20150701193548 5.2756233 -0.2837129 -0.9864111 -0.3475823 0.2602286 0.54061574 995.93 
20150701193548 6.3601966 -0.79248077 -0.18375498 -0.4382958 -0.47739118 0.2611449 995.93 
20150701193548 7.281366 -0.65062433 -0.3788824 -0.573297 -0.83199847 -0.1423316 995.93 
20150701193548 8.875904 -1.2258313 -1.9363106 -0.6200282 -0.73761976 -0.3472769 995.94 
20150701193548 10.79785 -0.93373865 -1.0720038 -0.59620446 -0.37751472 -0.34208453 995.94 
20150701193548 13.800777 -0.76554596 -0.28431144 -0.68661255 -0.21624629 -0.25809056 995.94 
20150701193548 15.024813 -2.1260512 0.06404489 -0.6441574 -0.29260445 -0.16065755 995.94 
20150701193548 14.735713 -3.5901055 1.8782512 -0.48808134 -0.4156938 0.028710667 995.94 
20150701193548 12.220604 -3.3141737 1.186327 -0.47861293 -0.3817908 0.23762658 995.94 
20150701193548 11.493964 -1.3108255 -5.283405 -0.29840767 -0.17104226 0.4905248 995.94 
20150701193548 12.77546 -1.5526398 -9.778519 -0.13225232 0.11362094 0.5653558 995.94 
20150701193548 12.8688345 -2.2822728 -7.7081323 -0.027794369 0.321926 0.37110063 995.94 
20150701193548 14.661492 0.34356794 -4.605247 0.20677789 0.12034045 0.3839288 995.93 
20150701193549 15.207371 3.293823 -8.217499 0.9932669 -0.72234815 0.5329799 995.93 
20150701193549 17.884687 4.586692 -4.5483847 0.9990701 -0.31490102 0.45356745 995.93 
20150701193549 16.493057 3.2800562 -4.72376 0.8741482 0.43004912 0.16584991 995.93 
20150701193549 12.971785 1.0672154 -4.085107 0.6731735 0.42821655 0.08674286 995.93 
20150701193549 10.390836 -0.3537433 -1.8596961 0.36743546 0.25625798 -0.32711834 995.93 
20150701193549 6.445191 -2.2038627 -1.6101006 0.023823744 0.4025602 -0.7113526 995.93 
20150701193549 2.9376855 -4.250905 -2.6677392 -0.08979719 0.3817908 -0.9663888 995.93 
20150701193549 3.6475663 -2.8496985 -0.60214174 0.08735373 0.59559363 -1.280679 995.93 
20150701193549 2.4235306 -0.9684546 -1.1959038 0.3866777 0.9062186 -1.0635164 995.94 
20150701193549 0.95947635 1.103727 -2.8054059 0.7476991 0.31031954 -0.6218608 995.94 
20150701193549 0.6847417 2.0410569 -3.141791 1.0412198 -0.0036651916 -0.44104472 995.94 
20150701193549 2.9963434 1.8650831 -1.5777789 1.0916162 0.17745635 -0.30879238 995.94 
20150701193549 6.157887 1.8273745 0.2208651 1.0418307 0.20372356 -0.10751228 995.94 
20150701193549 7.1748238 1.4383167 0.41479546 0.9138544 -0.04520403 0.20097467 995.94 
20150701193549 7.7691846 1.0348936 0.3465607 0.7684685 -0.267559 0.41783184 995.94 
20150701193549 10.213066 0.062249243 -0.2777274 0.7058548 -0.17806722 0.2657264 995.94 
20150701193549 14.222755 0.074818805 -0.23822308 0.68875057 -0.076358154 0.03023783 995.94 
20150701193549 16.44637 0.79367787 0.7068881 0.6942484 -0.28405234 -0.122478485 995.91 
20150701193549 17.283144 3.0579941 1.5556326 0.6844745 -0.5708536 -0.19730948 995.91 
20150701193549 14.036606 3.90614 1.4335283 0.81245077 -0.50946164 -0.22327125 995.91 
20150701193549 12.187684 1.8992004 -5.3803697 0.7800749 -0.08124508 -0.44684792 995.91 
20150701193549 13.294403 5.071518 -9.489418 0.6203337 0.29932398 -0.68019843 995.91 
20150701193549 11.23539 3.5936968 -6.35062 0.29535335 0.5479461 -0.5751296 995.91 
20150701193549 12.138602 0.49559975 -7.952341 0.08857546 -0.12308934 -0.7125743 995.91 
20150701193549 14.708778 -0.03232172 -6.751649 -0.019242255 -0.68111473 -0.5687156 995.91 
20150701193549 16.467918 -0.7930793 -3.654749 -0.32467487 -0.22785273 -0.32375857 995.91 
20150701193549 15.051149 -0.4429273 -4.1024647 -0.41996986 0.23426682 -0.30268374 995.94 
20150701193549 13.313557 0.25677812 -3.2531216 -0.28221974 0.19394971 -0.18234327 995.94 
20150701193549 10.825383 1.1438298 -2.3517046 -0.2284636 0.003970624 0.17867808 995.94 
20150701193549 7.0844426 1.3946224 -1.6675615 -0.183565 -0.04795292 0.79504114 995.94 
20150701193549 3.7152026 0.7445967 -1.1522095 -0.312763 0.07544186 0.98440933 995.94 
20150701193549 0.21906945 0.31124622 -2.5151088 -0.37690386 0.40194935 0.9660834 995.94 
20150701193549 -0.47345337 0.57640404 -3.1830912 -0.39950588 0.50793445 0.99265605 995.94 
20150701193549 0.31124622 -0.22026655 -2.622848 -0.43768495 0.6249151 1.0693196 995.94 
20150701193549 3.0813377 -0.63206923 -1.775899 -0.47891834 0.5384777 0.7641924 995.94 
20150701193549 5.884948 -0.943914 -1.1306617 -0.55833083 -0.25992316 0.40103304 995.91 
20150701193549 7.6680293 -0.9343372 -0.7715315 -0.5910121 -0.72692966 0.090713486 995.91 
20150701193549 9.458294 -0.95349085 -0.17298107 -0.59559363 -0.8732319 -0.1957823 995.91 
20150701193549 9.554661 -0.9911995 -1.0127473 -0.60048056 -0.66645396 -0.3023783 995.91 
20150701193549 10.00896 -0.7835025 -1.0815806 -0.5522222 -0.43493605 -0.3594942 995.91 
20150701193549 11.675324 -0.27353755 -1.0947487 -0.54153204 -0.13408493 -0.33322698 995.91 
20150701193549 14.688427 -1.9177556 0.6919243 -0.53969944 -0.008246681 -0.17073683 995.91 
20150701193549 14.948198 -3.9869444 2.565387 -0.4728097 -0.16432275 0.04337143 995.91 
20150701193549 12.661138 -4.4597993 1.2431892 -0.48258355 -0.2941316 0.15668693 995.91 
20150701193549 12.117653 -1.8219875 -6.39192 -0.24709499 -0.1881465 0.37323865 995.89 
20150701193549 12.66832 -1.7735049 -8.857947 0.03145956 0.2919936 0.5534439 995.89 
20150701193549 13.278841 -0.7170634 -5.647323 0.23426682 0.28038713 0.3643811 995.89 
20150701193549 15.902886 1.4269443 -6.155493 0.77182823 -0.08032878 0.4382958 995.89 
20150701193549 16.29314 4.083311 -6.872556 1.2174544 -0.27763826 0.5503896 995.89 
20150701193550 17.422007 3.70802 -3.233968 0.9459248 0.30818152 0.3885103 995.89 
20150701193550 14.765042 2.6689363 -4.2664676 0.6969972 0.5488624 0.09010262 995.89 
20150701193550 11.675923 1.2617443 -2.6372132 0.48563787 0.47616947 -0.12858713 995.89 
20150701193550 9.165603 0.0035913025 -0.9780314 0.22449298 0.43279803 -0.43585235 995.89 
20150701193550 3.9959226 -4.0743327 -3.5553896 0.12064589 0.43890667 -0.6020077 995.89 
20150701193550 5.336077 -3.9851487 -0.8924387 0.1704314 0.36987892 -0.88270026 995.89 
20150701193550 5.580884 -2.4582467 -0.90740246 0.49021935 0.55680364 -1.1759156 995.89 
20150701193550 3.2321723 -0.5859809 -1.7435774 0.78893244 0.34605515 -0.49877146 995.89 
20150701193550 1.1264719 1.1348516 -2.349909 1.1438452 -0.41416663 -0.4578435 995.89 
20150701193550 1.1420342 2.0727801 -2.883816 1.2922854 -0.04062254 -0.5131268 995.89 
20150701193550 3.0831332 2.1350293 -2.5779567 1.3454307 0.1572978 -0.47800204 995.89 
20150701193550 6.3985043 2.047641 -1.2491747 1.3008375 0.06841691 -0.226631 995.89 
20150701193550 8.051701 2.5635915 -0.15382746 1.1151345 -0.19150625 0.18234327 995.89 
20150701193550 8.758589 3.192668 0.4369418 0.9279043 -0.4111123 0.38148534 995.91 
20150701193550 8.959702 3.1944637 -0.12389994 0.79473567 -0.25961772 0.35033122 995.91 
20150701193550 11.761516 1.3724761 -0.0053869537 0.5345071 -0.06719518 0.26145032 995.91 
20150701193550 15.642517 -0.5650316 1.0887632 0.37048978 0.15027285 0.0888809 995.91 
20150701193550 16.676811 -0.49679685 1.9189527 0.39645153 0.089491755 0.044898596 995.91 
20150701193550 15.095442 1.4101849 2.5264814 0.42394048 -0.24129178 -0.1337795 995.91 
20150701193550 11.255741 2.1619642 2.2469583 0.46822822 -0.22815818 -0.32406402 995.91 
20150701193550 10.319608 1.9333179 -6.0244102 0.47403142 -0.014966198 -0.5748242 995.91 
20150701193550 11.209652 3.390788 -10.871471 0.5354234 0.3313944 -0.4801401 995.91 
20150701193550 11.110293 6.3661823 -6.803124 0.40286562 0.24801129 -0.2171626 995.98 
20150701193550 13.478158 4.1222167 -5.547964 0.24404067 -0.5140431 -0.40500367 995.98 
20150701193550 15.791555 1.4891934 -6.109404 -0.35918877 -0.8381071 -0.37568212 995.98 
20150701193550 15.9495735 -1.9363106 -3.293823 -0.98837996 -0.3915646 -0.16982053 995.98 
20150701193550 15.124771 -1.9500773 -3.3135753 -1.1102476 0.30573806 -0.17195857 995.98 
20150701193550 13.351864 -0.6739678 -2.7814639 -0.8060367 0.3744604 0.030848695 995.98 
20150701193550 10.841544 0.45729253 -2.60549 -0.63316184 -0.007330383 0.48655418 995.98 
20150701193550 8.0127945 0.99299514 -2.0775685 -0.5314528 -0.10842858 0.7467828 995.98 
20150701193550 3.4021606 0.4297592 -1.7328035 -0.5479461 0.03756821 0.9211848 995.98 
20150701193550 1.1378443 0.44891283 -2.7269957 -0.5910121 0.29840767 0.9483683 995.92 
20150701193550 0.56084174 0.12449849 -2.4355016 -0.58093286 0.6102544 1.0705414 995.92 
20150701193550 -0.6374562 -0.34356794 -2.6701334 -0.5323691 0.7593055 1.0622946 995.92 
20150701193550 2.180519 -0.8146271 -2.3995886 -0.5510005 0.12003502 0.7806858 995.92 
20150701193550 5.3618145 -1.228824 -1.447295 -0.5934556 -0.20463985 0.462425 995.92 
20150701193550 7.401076 -0.770933 -0.44711718 -0.6197228 -0.59773165 0.058948494 995.92 
20150701193550 8.934562 -0.2693477 -0.492607 -0.6579019 -0.89888823 -0.25870144 995.92 
20150701193550 10.063428 -0.8888474 -0.94451255 -0.689056 -0.7464773 -0.3735441 995.92 
20150701193550 11.052833 -1.6430209 -0.7104794 -0.6914995 -0.4184427 -0.43096542 995.92 
20150701193550 11.779472 -1.122282 -0.74519527 -0.6899723 -0.24404067 -0.47525316 995.89 
20150701193550 13.534422 -1.3994108 0.14664486 -0.56321776 -0.18325958 -0.38912117 995.89 
20150701193550 15.714343 -2.3421278 2.328361 -0.37904188 -0.21166481 -0.19975294 995.89 
20150701193550 13.758879 -2.6557682 2.2709002 -0.2910773 -0.29260445 0.027183503 995.89 
20150701193550 12.54861 -1.3042414 -1.9009962 -0.12064589 -0.25228736 0.31978795 995.89 
20150701193550 13.746907 0.050876785 -7.1784153 0.087964594 -0.057421334 0.56505036 995.89 
20150701193550 13.576321 -3.478775 -7.0946183 0.13103059 0.17715092 0.37507126 995.89 
20150701193550 12.37503 -0.7954735 -5.9047 0.2724459 -0.113926366 0.2910773 995.89 
20150701193550 13.39496 1.7322049 -5.7628436 0.8533788 -0.7849618 0.4269948 995.89 
20150701193550 14.903906 3.2315738 -5.7736173 0.98899084 -0.24220806 0.42058071 995.9 
20150701193550 16.180016 3.0352492 -3.750517 0.9468411 0.23457226 0.2312125 995.9 
20150701193551 14.6172 1.9393034 -3.8971617 0.84421575 0.48472157 0.15027285 995.9 
20150701193551 11.721413 0.89603 -2.2750902 0.5888741 0.22143865 -0.13194689 995.9 
20150701193551 8.344392 -0.17118542 -0.97384155 0.37568212 0.22876903 -0.5216789 995.9 
20150701193551 3.3387144 -3.6804867 -3.3800142 0.21135938 0.19975294 -0.7458665 995.9 
20150701193551 4.63697 -2.710835 -0.49320555 0.26053402 0.32436943 -1.1710287 995.9 
20150701193551 3.3913867 -1.7818847 -1.1270704 0.54733527 0.8533788 -0.9673051 995.9 
20150701193551 1.2515689 -0.62249243 -2.381632 0.8481864 0.22907446 -0.54336464 995.9 
20150701193551 0.25797522 0.66139823 -2.8772318 1.0955868 0.07238753 -0.44806966 995.89 
20150701193551 1.6244658 1.4766239 -2.5396495 1.2455542 0.2919936 -0.42149702 995.89 
20150701193551 4.7925935 1.7405846 -1.5616181 1.2434162 0.28985557 -0.2996294 995.89 
20150701193551 7.2143283 2.5929205 -0.6440403 1.1621711 0.019242255 0.0030543262 995.89 
20150701193551 9.312247 3.8067808 0.78649527 1.0152581 -0.26083946 0.29810223 995.89 
20150701193551 10.690709 3.982156 0.046088383 0.88514376 -0.25534168 0.36987892 995.89 
20150701193551 11.637616 2.0925324 -0.5363012 0.7635816 -0.13255776 0.3368922 995.89 
20150701193551 13.711593 -0.18674773 0.9391256 0.57696223 0.04886922 0.2648101 995.89 
20150701193551 16.013618 -0.80445176 2.0847511 0.45937067 0.15424347 0.15974127 995.89 
20150701193551 16.369158 1.5107412 2.2649148 0.4578435 0.0076358155 -0.01740966 995.9 
20150701193551 13.178285 2.7712884 1.9566613 0.45142943 -0.12217305 -0.3173445 995.9 
20150701193551 11.076176 0.99778354 -3.8235402 0.43676865 -0.14813483 -0.634689 995.9 
20150701193551 12.240954 3.6248214 -10.499173 0.5458081 0.043066 -0.79259765 995.9 
20150701193551 11.6825075 6.8288617 -8.1756 0.3735441 0.16371189 -0.39736784 995.9 
20150701193551 13.115437 2.48578 -6.3865333 0.19181168 -0.28893927 -0.40439278 995.9 
20150701193551 14.536396 0.5081693 -7.2268977 -0.26419923 -0.70188415 -0.39003745 995.9 
20150701193551 15.985486 -1.6579847 -2.9706059 -0.9419542 -0.33414328 -0.35827246 995.9 
20150701193551 14.664485 -2.9119477 -3.292626 -1.1047498 0.473726 -0.37659842 995.9 
20150701193551 13.447034 -1.7794905 -3.1429882 -0.7174612 0.55924714 -0.1554652 995.95 
20150701193551 11.153987 -0.32202014 -2.5611973 -0.3726278 0.13927728 0.45631635 995.95 
20150701193551 8.20433 0.81522566 -1.9865888 -0.1957823 -0.1255328 0.7809912 995.95 
20150701193551 4.299388 1.1845313 -1.0971429 -0.21105394 -0.025045475 0.8866709 995.95 
20150701193551 1.7555484 1.5693992 -2.343325 -0.27763826 0.22968534 0.93676186 995.95 
20150701193551 0.736217 0.75237787 -2.754529 -0.29077184 0.44623706 1.0421361 995.95 
20150701193551 -0.664391 -0.025737667 -2.3840263 -0.33567044 0.65087694 1.0207558 995.95 
20150701193551 1.0726024 -0.37349546 -2.2798786 -0.41080686 0.19822577 0.7626653 995.95 
20150701193551 4.655525 -0.7493851 -1.210269 -0.514654 -0.109650314 0.46700647 995.95 
20150701193551 6.3949127 -0.62608373 -0.22565351 -0.6081163 -0.4529566 0.11178834 995.92 
20150701193551 8.112753 -0.33399114 0.28491 -0.70280045 -0.97066486 -0.27488935 995.92 
20150701193551 9.546281 -0.87089086 -0.7392098 -0.7663304 -0.883922 -0.40744713 995.92 
20150701193551 11.851298 -0.7182605 -1.2042835 -0.79290307 -0.48624873 -0.45631635 995.92 
20150701193551 13.511079 -0.002992752 -0.14724341 -0.82650065 -0.21655174 -0.48655418 995.92 
20150701193551 13.736134 -1.4586674 1.0384849 -0.86651236 0.026572637 -0.43493605 995.92 
20150701193551 14.475942 -4.0743327 2.959832 -0.6169739 -0.041233405 -0.1704314 995.92 
20150701193551 13.955802 -4.466982 2.3624785 -0.4202753 0.025961773 0.26145032 995.92 
20150701193551 12.45344 -2.3840263 -0.91578215 -0.1872302 0.040927973 0.6246097 995.92 
20150701193551 12.934674 -1.3138182 -7.255628 -0.017104227 0.043676864 0.840856 995.99 
20150701193551 15.458163 -3.0951042 -7.7757688 0.03970624 0.047036625 0.49693888 995.99 
20150701193551 13.38658 -1.3880384 -5.895722 0.20769419 -0.21227567 0.45998153 995.99 
20150701193551 12.666524 1.6783354 -5.1265845 0.70707655 -1.1591167 0.5009095 995.99 
20150701193551 12.495937 2.758719 -6.284181 0.8029824 -0.30909783 0.49938235 995.99 
20150701193551 14.807539 2.087744 -3.5757403 0.75991637 0.48441613 0.27397305 995.99 
20150701193552 15.038579 0.4938041 -3.6062663 0.6985244 0.8762862 0.13988814 995.99 
20150701193552 13.735536 -0.5243302 -2.0093338 0.44257188 0.5122105 -0.05467244 995.99 
20150701193552 10.794258 -0.95708215 -0.89064306 0.30909783 0.058948494 -0.46761733 995.99 
20150701193552 6.271013 -2.078167 -1.3449428 0.30176744 -0.059253927 -0.83260936 995.89 
20150701193552 3.0232782 -2.5995045 -2.2343888 0.40225476 0.03634648 -1.1435398 995.89 
20150701193552 2.0644004 -1.4736311 -1.6274586 0.63407815 0.57696223 -1.2363913 995.89 
20150701193552 1.1540052 -0.30825347 -1.6250644 0.8695667 0.7996226 -0.87109387 995.89 
20150701193552 0.034715924 0.32202014 -2.130241 1.1191051 0.39400807 -0.5907067 995.89 
20150701193552 0.545878 0.5722142 -2.1188686 1.2675453 0.30970868 -0.46914452 995.89 
20150701193552 3.851672 1.0390835 -0.60573304 1.3671165 0.30573806 -0.36132678 995.89 
20150701193552 6.9844847 1.6998832 0.40880993 1.368949 0.14385876 -0.08093964 995.89 
20150701193552 9.101558 3.040636 0.90141696 1.3121386 -0.3475823 0.20463985 995.89 
20150701193552 10.875661 3.3518825 0.40043023 1.2030991 -0.4083634 0.23732115 995.9 
20150701193552 12.561778 2.4504654 -1.2707225 1.1129965 -0.1469131 0.18875736 995.9 
20150701193552 14.699202 1.2000936 1.5227122 0.9370673 0.0012217305 0.16157386 995.9 
20150701193552 16.030378 1.4305356 2.5079262 0.6795876 0.03390302 0.08093964 995.9 
20150701193552 15.775395 3.2872388 3.441665 0.5476407 -0.13622294 -0.0729984 995.9 
20150701193552 12.488156 2.72939 0.24061728 0.39736784 -0.053145275 -0.33108896 995.9 
20150701193552 13.9833355 1.2922704 -4.6441526 0.32986724 0.0 -0.5742133 995.9 
20150701193552 13.807362 4.2479124 -8.821436 0.2406809 0.19975294 -0.59712076 995.9 
20150701193552 11.321581 3.8426938 -4.784812 0.028099801 -0.12156218 -0.5589417 995.9 
20150701193552 12.25951 -0.7224504 -6.743868 -0.25228736 -0.6753115 -0.6582073 995.94 
20150701193552 15.22832 -2.1625626 -5.380968 -0.4437936 -0.50243664 -0.35185838 995.94 
20150701193552 16.373945 -2.0721815 -1.8070238 -0.6533204 0.24220806 -0.124005646 995.94 
20150701193552 14.954184 -0.7691373 -2.3265655 -0.5207626 0.45142943 -0.090713486 995.94 
20150701193552 13.618219 0.59495914 -2.2936451 -0.18936823 0.26725355 0.18173242 995.94 
20150701193552 9.837176 1.2192472 -2.344522 0.042455133 -0.11148291 0.7247916 995.94 
20150701193552 6.0262055 1.6310499 -1.3126211 0.0033597588 -0.19883664 1.0189233 995.94 
20150701193552 1.1133038 1.0779893 -1.7262194 -0.122478485 0.19639318 1.0396926 995.94 
20150701193552 -0.82240826 0.6344634 -2.926313 -0.2098322 0.49327368 1.0494665 995.94 
20150701193552 -2.6234465 -0.5081693 -2.9580362 -0.23976462 0.75136423 1.135293 995.92 
20150701193552 -0.7188591 -0.092176765 -3.3141737 -0.25717425 0.5571091 0.73823065 995.92 
20150701193552 3.4446578 0.2789245 -1.4377182 -0.33108896 -0.21074851 0.4260785 995.92 
20150701193552 4.9781437 0.58298814 -1.0821792 -0.4251622 -0.80909103 0.09315695 995.92 
20150701193552 6.3338604 0.42197806 -1.6041151 -0.5723807 -1.3185526 -0.3042109 995.92 
20150701193552 8.744224 -0.21547815 -2.319383 -0.7669413 -1.1722504 -0.34330627 995.92 
20150701193552 12.170924 -0.789488 -1.6035166 -0.9575313 -0.8323039 -0.27458394 995.92 
20150701193552 15.157691 -0.53450555 -0.020949265 -1.1398746 -0.6264423 -0.30787608 995.92 
20150701193552 16.724695 -2.143409 -0.30705637 -1.2257011 -0.5833763 -0.3036 995.92 
20150701193552 16.777369 -4.631583 2.3403323 -0.9434814 -0.52534413 -0.12217305 995.96 
20150701193552 13.651738 -4.5100775 2.2188265 -0.77579886 -0.2929099 0.25045475 995.96 
20150701193552 11.673529 -3.3321302 0.7146692 -0.4813618 -0.018020526 0.64873886 995.96 
20150701193552 11.43351 -0.7104794 -6.503849 -0.21533 0.3399465 0.8023715 995.96 
20150701193552 12.135012 -1.4383167 -8.435969 -0.16676621 0.3313944 0.52839845 995.96 
20150701193552 12.949039 -3.264494 -5.427655 -0.13041973 0.10354166 0.18325958 995.96 
20150701193552 16.985664 -1.0019734 -6.1159883 0.3930918 -0.5299256 0.42394048 995.96 
20150701193552 16.688185 1.6705543 -7.809886 1.1313224 -0.65118235 0.58123827 995.96 
20150701193552 17.71829 2.7263973 -4.782418 1.1117748 0.077579886 0.52381694 995.96 
20150701193552 14.370597 2.2499511 -5.355231 1.1597277 0.6068946 0.35338554 995.89 
20150701193552 11.341333 0.46447513 -3.0609868 0.8921687 0.5571091 -0.12034045 995.89 
20150701193553 9.221867 -0.641646 -2.0015526 0.4718934 0.46578476 -0.6282749 995.89 
20150701193553 6.9862804 -0.7278373 -0.9888053 0.30848694 0.35246924 -0.8503244 995.89 
20150701193553 2.6803088 -2.088941 -2.1679497 0.3200934 0.27275133 -0.93462384 995.89 
20150701193553 0.8050503 -2.409764 -2.0213048 0.3662137 0.38881573 -1.1285735 995.89 
20150701193553 1.775899 -0.6769605 -0.8858546 0.5885687 0.7244862 -1.2244794 995.89 
20150701193553 0.58538234 -0.14305355 -2.0248961 0.81214535 0.52687126 -0.63224554 995.89 
20150701193553 0.5979519 0.08798691 -2.3427265 1.0708468 -0.20372356 -0.4382958 995.89 
20150701193553 3.3901896 0.6171055 -1.364695 1.1838568 0.036957346 -0.27091873 995.9 
20150701193553 7.273585 1.5652094 0.18614918 1.2290609 0.04917465 -0.08277224 995.9 
20150701193553 9.553463 2.6982653 0.5081693 1.1930199 -0.21960606 0.2733622 995.9 
20150701193553 10.58297 3.2543187 0.14544775 1.1710287 -0.4636467 0.33658674 995.9 
20150701193553 11.459248 1.9949685 -1.0193313 1.0421361 -0.1908954 0.20891592 995.9 
20150701193553 12.082339 0.6434417 -0.13826515 0.9502009 0.15943582 0.12705997 995.9 
20150701193553 14.520235 1.4119805 1.8830396 0.79901177 0.19700404 0.08582657 995.9 
20150701193553 16.018406 3.2848446 2.2451627 0.64751714 0.06994407 -0.048258353 995.9 
20150701193553 13.561955 3.353678 1.5047557 0.58368176 -0.14630222 -0.22999077 995.9 
20150701193553 12.713211 -0.48841715 -6.197391 0.41996986 -0.16035213 -0.6133087 995.93 
20150701193553 12.225392 3.4332852 -13.310564 0.39828414 0.116675265 -0.56077427 995.93 
20150701193553 12.25532 5.2522798 -7.7745714 0.34574974 0.014049901 -0.2968805 995.93 
20150701193553 15.492879 1.8028339 -6.7666125 -0.0076358155 -0.3417791 -0.4810564 995.93 
20150701193553 16.651073 -1.2970588 -5.819706 -0.5870415 -0.49449542 -0.50823987 995.93 
20150701193553 15.937602 -3.5883098 -3.7193923 -0.90102625 0.12705997 -0.5296202 995.93 
20150701193553 13.957598 -3.4009635 -3.1310172 -0.64476824 0.5549711 -0.40591997 995.93 
20150701193553 11.821371 -1.532289 -2.7395654 -0.49113566 0.39522982 0.0711658 995.93 
20150701193553 8.851962 0.492607 -2.4624364 -0.15760323 0.16218472 0.7257079 995.93 
20150701193553 6.249465 2.078167 -1.5269021 -0.08735373 0.121256754 0.9801333 995.91 
20150701193553 2.5210943 1.7190368 -0.79966336 -0.24801129 0.27183503 0.99265605 995.91 
20150701193553 0.5602432 2.2098482 -2.9161377 -0.37720928 0.312763 0.93370754 995.91 
20150701193553 -0.02873042 0.3824737 -2.7754784 -0.44959682 0.44318274 0.9816604 995.91 
20150701193553 0.56922144 -0.59735334 -2.3343468 -0.5671884 0.57635134 0.6976081 995.91 
20150701193553 4.0396166 -1.3862427 -1.5951369 -0.7199047 -0.0125227375 0.36041048 995.91 
20150701193553 6.63972 -1.7112557 -0.32621 -0.77640975 -0.36713 0.10903945 995.91 
20150701193553 6.9820905 -1.7561469 0.04369418 -0.7669413 -0.8023715 -0.24037547 995.91 
20150701193553 8.037335 -1.9446903 -0.08738836 -0.711658 -0.73731434 -0.41355577 995.91 
20150701193553 9.346964 -1.6430209 -0.6727707 -0.6197228 -0.41722095 -0.4538729 995.93 
20150701193553 11.208455 -0.55126494 -0.43873745 -0.57940567 -0.15332718 -0.41172317 995.93 
20150701193553 12.719795 0.02873042 -0.7164649 -0.62858033 -0.030848695 -0.38362336 995.93 
20150701193553 14.634558 -1.151611 -0.25797522 -0.58459806 -0.09407325 -0.2959642 995.93 
20150701193553 15.667057 -2.557606 2.171541 -0.4783075 -0.25717425 -0.160963 995.93 
20150701193553 13.918692 -2.5725696 2.267309 -0.47739118 -0.3539964 0.07941248 995.93 
20150701193553 11.891401 -2.100912 -2.0374656 -0.33444872 -0.2883284 0.5216789 995.93 
20150701193553 12.949039 -2.1140802 -7.545925 -0.16065755 -0.086132 0.61391956 995.93 
20150701193553 14.3658085 -2.7982233 -4.458602 0.05681047 0.031154128 0.31245756 995.93 
20150701193553 13.293805 -2.6725276 -5.048773 0.06688975 -0.3390302 0.35918877 995.95 
20150701193553 14.162302 -0.59256494 -6.7199254 0.9095783 -0.8249735 0.57940567 995.95 
20150701193553 15.90528 1.0498575 -4.6016555 1.2333369 -0.062308256 0.5693264 995.95 
20150701193553 16.036364 1.8590976 -3.70383 1.2812898 0.56016344 0.19730948 995.95 
20150701193553 12.58153 1.3006501 -3.7989995 1.2034045 0.58184916 -0.13439035 995.95 
20150701193553 9.898229 0.81163436 -2.0374656 1.0665708 0.19028452 -0.4364632 995.95 
20150701193553 7.1514807 -0.12988544 -1.3317747 0.84940815 0.13958271 -0.7431176 995.95 
20150701193553 3.7229836 -1.3862427 -1.804031 0.65118235 0.19486602 -0.88208944 995.95 
20150701193554 0.96665895 -2.03148 -3.1747115 0.6252206 0.3182608 -1.0030408 995.95 
20150701193554 0.49919105 -1.1007342 -2.6910827 0.766025 0.6301075 -1.1209377 995.96 
20150701193554 0.44651863 0.11911154 -1.8866309 0.90408057 0.70707655 -1.0195341 995.96 
20150701193554 0.98102415 0.9911995 -1.8477252 1.0372492 0.3481932 -0.76052725 995.96 
20150701193554 2.689287 0.8870517 -1.8866309 1.1136073 -0.09193522 -0.55771995 995.96 
20150701193554 6.3631897 1.2988545 -0.39564183 1.1362094 -0.21135938 -0.35705075 995.96 
20150701193554 9.327211 2.6390088 0.5554548 1.1453724 -0.30787608 0.03756821 995.96 
20150701193554 11.131242 3.4422636 0.91219085 1.0818423 -0.47525316 0.29016098 995.96 
20150701193554 11.99495 2.8820202 0.45729253 1.0097603 -0.40286562 0.3371976 995.96 
20150701193554 12.482769 0.7320272 -0.40581718 0.87109387 -0.1301143 0.3268129 995.96 
20150701193554 14.49749 -0.030526072 1.4137762 0.7150178 0.070249505 0.25961772 995.96 
20150701193554 17.308882 1.371279 2.7395654 0.5479461 0.03390302 0.11362094 995.96 
20150701193554 15.234904 2.9843724 2.6839 0.569021 -0.16371189 -0.06658431 995.96 
20150701193554 11.772888 1.7866731 -2.2188265 0.49418998 -0.32620203 -0.33658674 995.96 
20150701193554 12.939463 2.3882163 -9.611523 0.4978552 -0.34238997 -0.68416905 995.96 
20150701193554 11.969811 6.3901243 -11.75972 0.44806966 0.038789943 -0.5684101 995.96 
20150701193554 13.117831 3.0992942 -5.861604 0.2510656 -0.061086524 -0.29016098 995.96 
20150701193554 14.261661 0.21547815 -7.404069 -0.04153884 -0.74036866 -0.3475823 995.96 
20150701193554 14.963162 -1.0935516 -4.1216183 -0.58123827 -0.9147707 -0.28344148 995.96 
20150701193554 14.17966 -2.6408045 -3.276465 -0.96761054 -0.06719518 -0.2134974 995.97 
20150701193554 13.090897 -1.5795746 -2.7491422 -0.8072584 0.691194 -0.23762658 995.97 
20150701193554 11.493964 -0.3890578 -2.295441 -0.47708577 0.44318274 0.23243423 995.97 
20150701193554 8.731055 0.7793127 -1.9590555 -0.32162055 0.06383542 0.6704246 995.97 
20150701193554 5.101445 1.2737153 -0.93254155 -0.21594086 -0.028099801 0.98807454 995.97 
20150701193554 1.0145429 0.5758055 -1.4059949 -0.31856623 0.15821409 0.9370673 995.97 
20150701193554 -1.0821792 0.5093664 -3.4973302 -0.38240165 0.47983465 0.8378017 995.97 
20150701193554 -1.5867572 -0.002992752 -4.0521865 -0.35002577 0.7293731 0.8790351 995.97 
20150701193554 1.8483237 -0.27234045 -2.902371 -0.32070425 0.7516697 0.8405506 995.97 
20150701193554 6.045958 -0.2885013 -1.2791022 -0.45845437 0.30787608 0.49174652 995.9 
20150701193554 7.5201874 -0.54168814 -0.25498247 -0.6569856 -0.46914452 0.13439035 995.9 
20150701193554 8.556278 -0.48602295 -0.21308395 -0.75777835 -1.0534371 -0.23732115 995.9 
20150701193554 9.370307 -1.0923545 -0.8098387 -0.7516697 -0.8900307 -0.35185838 995.9 
20150701193554 10.404003 -2.3900118 -0.79607207 -0.7031059 -0.41172317 -0.3145956 995.9 
20150701193554 11.613674 -1.270124 -1.0594343 -0.6383542 -0.1133155 -0.30115658 995.9 
20150701193554 14.423868 0.29508537 -0.18555063 -0.63713247 -0.010995574 -0.2501493 995.9 
20150701193554 16.31469 -0.57640404 2.5821466 -0.56230146 -0.1600467 -0.101098195 995.9 
20150701193554 13.986926 -3.1800983 2.1218612 -0.66614854 -0.32406402 0.09162979 995.9 
20150701193554 11.075577 -4.630386 0.8762778 -0.6065892 -0.41233405 0.33536503 995.9 
20150701193554 10.787674 -1.2078748 -7.2646065 -0.41508293 -0.081855945 0.6957755 995.9 
20150701193554 11.739369 -1.3880384 -9.165004 -0.31245756 0.26053402 0.62949663 995.9 
20150701193554 13.112444 -2.8485014 -4.7159786 -0.3313944 0.16615535 0.20708331 995.9 
20150701193554 16.900072 1.4987702 -5.949591 0.25473082 -0.40378192 0.2968805 995.9 
20150701193554 17.64407 3.2064347 -6.583456 1.0650436 -0.7715228 0.5647449 995.9 
20150701193554 18.49401 3.1435869 -3.8750155 1.028697 -0.15241088 0.453262 995.9 
20150701193554 14.515447 2.4426842 -4.5136685 1.0338894 0.35338554 0.15607607 995.9 
20150701193554 10.386645 0.9259575 -3.105878 0.75900006 0.589485 -0.019242255 995.9 
20150701193554 7.8182654 0.049081136 -1.7298107 0.3717115 0.659429 -0.35827246 995.98 
20150701193554 4.6022544 -1.6226702 -1.7381904 0.20555615 0.7098254 -0.5662721 995.98 
20150701193554 2.6443958 -3.5541923 -2.3175871 0.16890424 0.6123924 -0.84116143 995.98 
20150701193555 3.9606082 -1.8842367 -0.5410896 0.29138273 0.51007247 -1.1954633 995.98 
20150701193555 2.5953147 -0.272939 -1.6304513 0.59986967 0.63804877 -0.8393288 995.98 
20150701193555 1.3204023 0.58298814 -2.7210102 0.9288206 -0.25778514 -0.57451874 995.98 
20150701193555 1.584363 0.9840169 -2.8275523 1.1023064 -0.25381452 -0.48441613 995.98 
20150701193555 3.425504 1.0702082 -1.8034325 1.1743884 -0.08735373 -0.38606682 995.98 
20150701193555 6.5523314 1.1145009 -0.45549688 1.1523973 -0.051923547 -0.28252518 995.98 
20150701193555 9.010578 1.7884687 0.15442601 1.0848967 -0.24648413 -0.035430185 995.94 
20150701193555 10.74398 3.1639376 0.8714894 1.0345002 -0.43310347 0.24281894 995.94 
20150701193555 11.640609 2.557606 1.1145009 0.9819659 -0.2855795 0.30695978 995.94 
20150701193555 12.559383 -0.0011971008 0.3274071 0.84788096 -0.06780604 0.3023783 995.94 
20150701193555 13.177686 -0.35913026 1.1731589 0.7819075 0.18875736 0.22571471 995.94 
20150701193555 14.335282 2.1493945 2.8993783 0.70371675 0.23915374 0.15577064 995.94 
20150701193555 14.4454155 2.7461493 2.7389667 0.47647488 0.047647487 -0.13622294 995.94 
20150701193555 12.736554 0.9175778 -2.902371 0.43890667 -0.204029 -0.29168814 995.94 
20150701193555 15.3845415 2.5001452 -10.137649 0.5149594 -0.22602014 -0.5158757 995.94 
20150701193555 14.007875 7.8529816 -10.231621 0.44532076 -0.21044308 -0.4343252 995.94 
20150701193555 12.123639 4.732738 -4.9494133 0.28496864 -0.3295618 -0.41813725 995.94 
20150701193555 11.76391 1.0672154 -6.3105173 -0.23365596 -0.80970186 -0.59986967 995.94 
20150701193555 13.660716 -1.1504139 -3.5625722 -0.51007247 -0.2284636 -0.48441613 995.94 
20150701193555 13.797785 -2.4887726 -2.7844565 -0.820392 0.5888741 -0.22174409 995.94 
20150701193555 12.986749 -1.3245921 -3.0490158 -0.57879484 1.0290025 -0.1459968 995.94 
20150701193555 11.38383 0.13946225 -2.582745 -0.3378085 0.49388456 0.19792034 995.94 
20150701193555 8.406042 1.4879963 -2.0763714 -0.18692477 -0.054061573 0.605062 995.94 
20150701193555 4.88058 1.7561469 -1.5891514 -0.15699236 -0.18753563 0.7849618 995.94 
20150701193555 3.2615013 2.445677 -2.1272483 -0.31520647 -0.09285152 0.86070913 995.9 
20150701193555 1.9111716 0.9888053 -2.5210943 -0.41325033 0.10842858 1.0390818 995.9 
20150701193555 0.23403321 -0.27234045 -2.7982233 -0.52290064 0.27152961 1.07665 995.9 
20150701193555 1.3868413 -1.5574282 -3.0298622 -0.6239988 0.004276057 0.8390234 995.9 
20150701193555 5.48332 -2.4013844 -1.7112557 -0.77182823 -0.19547687 0.659429 995.9 
20150701193555 7.350199 -1.9961656 -0.4261679 -0.8200866 -0.35796702 0.2510656 995.9 
20150701193555 7.423821 -0.6404489 -0.3788824 -0.8179486 -0.8555168 -0.21685717 995.9 
20150701193555 7.560889 0.3561375 -1.0378864 -0.79045963 -0.9236283 -0.38698313 995.9 
20150701193555 9.761759 0.36391866 -0.38067806 -0.77274454 -0.41874814 -0.36987892 995.9 
20150701193555 11.806407 -0.5530606 -0.6332663 -0.8029824 -0.09193522 -0.3463606 995.96 
20150701193555 13.73733 -0.36152446 -0.9588778 -0.9257663 -0.04886922 -0.3277292 995.96 
20150701193555 15.015835 -1.8010383 1.6783354 -0.9798279 -0.07391469 -0.2321288 995.96 
20150701193555 15.1535015 -4.231153 2.593519 -0.91324353 -0.16340645 -0.08827003 995.96 
20150701193555 12.743737 -4.529231 0.6901286 -0.8231409 -0.23151793 0.21930063 995.96 
20150701193555 12.059594 -2.8951883 -6.96593 -0.4196644 -0.1469131 0.5296202 995.96 
20150701193555 14.880562 -3.3028011 -6.289568 -0.045814894 0.005192355 0.5983425 995.96 
20150701193555 13.880983 -2.35769 -6.2009826 0.23793201 0.065973446 0.32467487 995.96 
20150701193555 13.962386 1.0229226 -5.4623713 0.7458665 -0.43463063 0.39950588 995.96 
20150701193555 13.655928 2.4492683 -7.781754 1.3057245 -0.7302894 0.5540548 995.91 
20150701193555 14.996082 2.6767175 -4.993108 1.3930782 0.007941248 0.41691554 995.91 
20150701193555 14.877569 2.5318682 -4.233547 1.2486086 0.72143185 0.019242255 995.91 
20150701193555 12.698247 1.2982559 -3.5883098 0.99296147 0.74067414 -0.083383106 995.91 
20150701193555 10.78528 0.3573346 -1.8489223 0.7049385 0.23884831 -0.34972036 995.91 
20150701193555 7.98167 -1.1683705 -0.89902276 0.51343226 0.08246681 -0.5702427 995.91 
20150701193555 4.720767 -3.1411927 -1.316811 0.40530908 0.07941248 -0.7339546 995.91 
20150701193555 2.971803 -3.2381577 -1.4820108 0.5149594 0.23823744 -0.9416488 995.91 
20150701193556 1.4449008 -1.816002 -1.9141643 0.80573124 0.59406644 -0.8940013 995.91 
20150701193556 0.4321534 0.05566519 -2.3906105 1.1389582 0.59223384 -0.6988298 995.96 
20150701193556 0.44831428 1.5089456 -2.6617537 1.3768903 0.2837469 -0.5983425 995.96 
20150701193556 2.0518308 1.6657659 -2.5701754 1.5457945 0.15393804 -0.49418998 995.96 
20150701193556 5.628768 1.5969325 -1.4790181 1.5653422 -0.05100725 -0.34238997 995.96 
20150701193556 8.241441 2.6731262 -0.40282443 1.4712689 -0.321926 -0.013744468 995.96 
20150701193556 9.465476 3.8181531 -0.32202014 1.2913691 -0.6035349 0.29932398 995.96 
20150701193556 10.383653 4.109049 -0.59735334 1.1349876 -0.52534413 0.3042109 995.96 
20150701193556 11.694478 2.321777 -0.83018947 0.9114109 -0.2660318 0.18142697 995.96 
20150701193556 13.0041065 -0.7284359 0.20949265 0.63621616 0.05222898 0.08307768 995.96 
20150701193556 16.212934 -1.9129672 2.0841527 0.6200282 0.09010262 0.016493361 995.95 
20150701193556 18.032528 -0.11252748 3.0897174 0.7281514 -0.0870483 0.063224554 995.95 
20150701193556 15.05893 2.0386627 2.4893713 0.8054258 -0.3136793 0.032070424 995.95 
20150701193556 11.177331 1.5376761 -5.0541596 0.7620544 -0.3830125 -0.35735616 995.95 
20150701193556 11.903373 5.4647655 -10.881647 0.7370089 -0.07666359 -0.83108217 995.95 
20150701193556 10.418368 6.82946 -8.238448 0.39187005 0.30970868 -0.61819565 995.95 
20150701193556 11.587936 2.3211784 -6.683414 0.1001819 0.013133603 -0.56505036 995.95 
20150701193556 14.553754 -0.587178 -8.374319 -0.28221974 -0.6267477 -0.50579643 995.95 
20150701193556 17.117943 -1.9626468 -4.074931 -0.8081747 -0.46028697 -0.33750305 995.95 
20150701193556 15.43482 -2.0638018 -3.301604 -1.1050552 0.14874569 -0.2950479 995.9 
20150701193556 12.970588 -0.439336 -2.7383683 -0.8164214 0.3286455 -0.21624629 995.9 
20150701193556 10.634445 0.5255273 -2.552219 -0.48258355 0.17867808 0.36163223 995.9 
20150701193556 7.8595657 1.650802 -2.208651 -0.30909783 0.06505715 0.74128497 995.9 
20150701193556 4.3167458 1.4933833 -1.3455414 -0.29932398 0.13164146 0.9624182 995.9 
20150701193556 0.35254622 0.13227965 -1.8112136 -0.4251622 0.3472769 0.9300423 995.9 
20150701193556 -0.62847793 0.09756372 -2.7335799 -0.50243664 0.5519168 0.8695667 995.9 
20150701193556 -0.533907 -0.0796072 -3.1950622 -0.54061574 0.6600399 0.9431759 995.9 
20150701193556 2.4259248 -0.27353755 -2.5617957 -0.5549711 0.44318274 0.7910705 995.9 
20150701193556 5.8442464 -0.29448682 -1.3024458 -0.634689 -0.118202426 0.38606682 995.93 
20150701193556 7.4525514 -0.40821138 -0.036511578 -0.7370089 -0.72295904 -0.0030543262 995.93 
20150701193556 8.46889 -0.28431144 -0.22924481 -0.8145888 -0.97402465 -0.33567044 995.93 
20150701193556 9.388264 -0.6434417 -0.83617496 -0.8371908 -0.7528914 -0.37232238 995.93 
20150701193556 10.773309 -0.7194576 -0.79607207 -0.8561276 -0.312763 -0.32345316 995.93 
20150701193556 13.504495 -0.9487024 -2.019509 -0.9068295 -0.048258353 -0.29901853 995.93 
20150701193556 15.80233 -2.0512323 0.26635495 -0.79717916 0.04550946 -0.19120082 995.93 
20150701193556 15.511435 -3.9725792 2.9700072 -0.6374379 -0.10903945 0.014660766 995.93 
20150701193556 13.82831 -4.091092 2.4091654 -0.57848936 -0.2434298 0.31429017 995.93 
20150701193556 12.155961 -2.60549 -3.9073372 -0.29810223 -0.02443461 0.6609562 995.87 
20150701193556 13.326725 -3.469797 -5.716755 0.036957346 0.1423316 0.81336707 995.87 
20150701193556 11.851298 -1.9375077 -5.943007 0.3417791 0.34574974 0.45631635 995.87 
20150701193556 12.448053 0.9504981 -6.4242415 0.784351 -0.07727446 0.6020077 995.87 
20150701193556 14.415488 2.3175871 -6.1890116 1.1594223 -0.66706485 0.605062 995.87 
20150701193556 16.020203 2.9562407 -4.957793 1.0564915 -0.01038471 0.38026363 995.87 
20150701193556 15.93042 2.6090813 -3.6643257 0.91904676 0.27091873 0.04917465 995.87 
20150701193556 13.30817 1.5227122 -3.6122518 0.7910705 0.4166101 -0.07147124 995.87 
20150701193556 10.373477 0.14185645 -1.910573 0.5314528 0.3118467 -0.29749137 995.87 
20150701193556 7.65965 -0.9403227 -0.87687635 0.2941316 0.34055737 -0.6068946 995.93 
20150701193556 2.9472623 -3.5218706 -3.008913 0.20677789 0.34972036 -0.7632761 995.93 
20150701193556 3.0148985 -2.484583 -0.9331401 0.2507602 0.45875978 -1.0708468 995.93 
20150701193556 2.670732 -0.9768343 -0.7882909 0.5488624 0.8915578 -1.0567969 995.93 
20150701193557 1.311424 0.59495914 -2.2750902 0.8512407 0.34972036 -0.6096435 995.93 
20150701193557 1.086369 1.6490064 -3.1830912 1.1441506 -0.116675265 -0.39400807 995.93 
20150701193557 3.2040405 1.8130093 -2.2439656 1.2082914 -0.03848451 -0.29932398 995.93 
20150701193557 6.5816603 1.508347 -0.46806642 1.1459832 -0.041233405 -0.1386664 995.93 
20150701193557 8.240244 1.6178818 0.093972415 1.0189233 -0.34330627 0.18387043 995.93 
20150701193557 8.732252 1.6106992 0.007182605 0.89369583 -0.5369505 0.36041048 995.92 
20150701193557 11.052833 1.1252748 0.219668 0.8491027 -0.31887165 0.25228736 995.92 
20150701193557 14.108432 0.20470424 0.108337626 0.79809546 -0.0027488936 0.16554448 995.92 
20150701193557 15.531186 -0.20111294 1.3198037 0.7806858 -0.03390302 0.124311075 995.92 
20150701193557 16.313492 1.5191209 1.9201498 0.7244862 -0.26908615 0.004276057 995.92 
20150701193557 14.193426 3.316568 2.2104468 0.7464773 -0.25625798 -0.084910266 995.92 
20150701193557 10.056845 1.5424645 -3.7642837 0.63529986 -0.010995574 -0.36071593 995.92 
20150701193557 9.817424 2.5659857 -9.873688 0.605062 0.310625 -0.6267477 995.92 
20150701193557 10.827179 5.7784057 -8.96449 0.46303585 0.45478916 -0.5714644 995.92 
20150701193557 13.6254015 3.2052376 -6.3230867 0.4175264 0.095294975 -0.44318274 995.89 
20150701193557 16.294338 1.2318168 -6.679224 -0.20066923 -0.6588182 -0.48441613 995.89 
20150701193557 18.334198 -1.9458874 -3.9671922 -0.72021013 -0.33261612 -0.3912592 995.89 
20150701193557 16.089035 -3.276465 -3.4183214 -0.88453287 0.42485678 -0.37965274 995.89 
20150701193557 13.841478 -1.5077485 -2.9460652 -0.7098254 0.5693264 -0.1386664 995.89 
20150701193557 11.088745 0.6512229 -2.3187842 -0.5039638 0.2321288 0.52626044 995.89 
20150701193557 7.7931266 1.7322049 -1.917157 -0.37782016 0.036651913 0.9077458 995.89 
20150701193557 4.483143 1.4927847 -1.3293805 -0.3998113 0.13041973 0.87781334 995.89 
20150701193557 0.8074445 1.1629834 -2.8323407 -0.441961 0.34147367 0.81214535 995.89 
20150701193557 0.6733692 0.8379706 -3.0735564 -0.5021312 0.40408736 0.8060367 995.92 
20150701193557 0.28790274 0.40880993 -2.8742392 -0.5861252 0.52748215 0.8720101 995.92 
20150701193557 1.553837 0.0047884034 -2.6850972 -0.7305948 0.17623462 0.6753115 995.92 
20150701193557 4.667496 -0.8643068 -1.858499 -0.87109387 -0.38881573 0.46578476 995.92 
20150701193557 7.504027 -1.4269443 -0.5105635 -0.89980453 -0.6249151 0.2321288 995.92 
20150701193557 9.470264 -1.0456676 0.8882488 -0.8940013 -0.8381071 -0.20341812 995.92 
20150701193557 10.332177 -1.4850036 1.4347254 -0.8906415 -0.8729264 -0.4550946 995.92 
20150701193557 9.528324 -1.8435353 0.40222588 -0.8029824 -0.44837508 -0.4972443 995.92 
20150701193557 10.237008 -2.3277626 -1.4915876 -0.68844515 -0.0070249503 -0.36682457 995.92 
20150701193557 12.682086 -2.8754363 -0.4818331 -0.47494772 0.3145956 -0.22815818 995.93 
20150701193557 14.601039 -3.1651347 1.965041 -0.32650748 0.26053402 -0.099265605 995.93 
20150701193557 13.4979105 -2.5181017 1.5011644 -0.37110063 -0.2660318 -0.05375614 995.93 
20150701193557 12.221801 -1.8022354 -2.2122424 -0.13744467 -0.50762904 0.23457226 995.93 
20150701193557 14.178462 -0.9792285 -5.807735 0.014966198 -0.37843102 0.41325033 995.93 
20150701193557 15.401899 -2.0578163 -7.5309615 0.12370021 -0.081855945 0.36346483 995.93 
20150701193557 12.518084 0.28491 -5.853823 0.355829 -0.15424347 0.5390886 995.93 
20150701193557 11.183915 2.3373394 -4.758476 0.8530733 -0.6985244 0.6786713 995.93 
20150701193557 12.938865 1.1324574 -5.5431757 0.80664754 -0.074830994 0.44135013 995.93 
20150701193557 15.661671 0.79846627 -3.1310172 0.83291477 0.85062987 0.17715092 995.92 
20150701193557 15.561712 1.1091139 -3.675698 0.838718 0.6563747 0.12339478 995.92 
20150701193557 13.967175 1.0630256 -2.509722 0.68691796 0.20922135 -0.038179077 995.92 
20150701193557 9.713276 -0.30346507 -2.0260932 0.54611355 -0.14630222 -0.4279111 995.92 
20150701193557 6.3470287 -2.0512323 -2.1936872 0.41416663 -0.087964594 -0.88147855 995.92 
20150701193557 5.692813 -1.7830818 -1.2012907 0.46089783 0.30726522 -1.2113458 995.92 
20150701193557 3.3393128 -1.0289081 -1.5071499 0.54611355 0.61544675 -0.9621128 995.92 
20150701193557 0.33638534 -0.26276365 -2.1278467 0.7476991 0.3555236 -0.69027776 995.92 
20150701193557 -1.5819688 1.0749966 -3.1370027 0.95356065 0.43554693 -0.5891795 995.92 
20150701193558 -0.1448492 2.3529017 -2.8688521 1.0461067 0.5876524 -0.5681047 995.94 
20150701193558 3.9516299 2.3104045 -1.5771804 0.9505063 0.39828414 -0.39736784 995.94 
20150701193558 7.353192 1.8501194 -0.30825347 0.8002335 -0.21074851 -0.122478485 995.94 
20150701193558 9.467272 2.2942438 0.8912416 0.56596667 -0.6001751 0.27366763 995.94 
20150701193558 10.283695 2.1188686 0.5674258 0.376293 -0.6563747 0.398895 995.94 
20150701193558 11.375451 0.5835867 0.19991584 0.30940324 -0.42302418 0.27977628 995.94 
20150701193558 13.775638 -0.9708488 0.87807345 0.3210097 -0.15699236 0.13836098 995.94 
20150701193558 16.345814 -1.8441339 2.5246856 0.41386122 -0.12156218 0.08460484 995.94 
20150701193558 16.78096 0.705691 1.893215 0.6243043 -0.2602286 0.03573562 995.94 
20150701193558 14.9063 3.6337996 -0.15801731 0.81031275 -0.3857614 -0.12675454 995.95 
20150701193558 13.272856 3.040636 -5.269039 0.766025 -0.25411993 -0.47342056 995.95 
20150701193558 14.225748 6.2650275 -9.002198 0.61269784 -0.07971791 -0.6719518 995.95 
20150701193558 11.273697 4.6806645 -6.4008985 0.4456262 -0.064446285 -0.5369505 995.95 
20150701193558 10.708067 -0.36750996 -7.1849995 0.24037547 -0.25717425 -0.6423248 995.95 
20150701193558 12.2559185 -1.3934253 -7.0952168 -0.043066 -0.46028697 -0.44684792 995.95 
20150701193558 14.623185 -0.9744401 -2.9765913 -0.46028697 0.10445796 -0.18325958 995.95 
20150701193558 14.389153 -0.6392518 -3.1507695 -0.51068336 0.54367006 -0.19975294 995.95 
20150701193558 14.08868 0.44831428 -2.9622262 -0.3454443 0.19792034 -0.18478674 995.95 
20150701193558 11.645397 0.58897364 -2.5725696 -0.17806722 -0.15118915 0.29229903 995.93 
20150701193558 8.219893 0.74878657 -1.7088615 -0.12583824 -0.30176744 0.77396625 995.93 
20150701193558 4.12102 0.24061728 -0.9768343 -0.24984388 -0.010995574 0.88331115 995.93 
20150701193558 1.146224 0.11671733 -2.2409728 -0.27977628 0.46120325 0.8720101 995.93 
20150701193558 0.83258367 -0.2160767 -2.806603 -0.24984388 0.7602218 0.9300423 995.93 
20150701193558 -0.17178397 -0.362123 -2.8089972 -0.23884831 0.8924741 0.9462303 995.93 
20150701193558 2.0560207 0.077213004 -2.3918076 -0.28160888 0.39064834 0.6068946 995.93 
20150701193558 5.6401405 0.2088941 -1.1079168 -0.36346483 -0.204029 0.32620203 995.93 
20150701193558 7.4190326 0.1448492 0.026934769 -0.45540005 -0.61819565 -0.008857546 995.93 
20150701193558 8.327033 -0.19812019 0.23582886 -0.54336464 -0.8979719 -0.2602286 995.93 
20150701193558 8.776545 -0.8882488 -1.1043255 -0.6249151 -0.72387534 -0.33444872 995.93 
20150701193558 9.818023 -0.93852705 -1.508347 -0.68936145 -0.37690386 -0.2678644 995.93 
20150701193558 12.2241955 -0.25977087 -0.1448492 -0.7440339 -0.07880162 -0.23060162 995.93 
20150701193558 14.640543 -1.1611878 -1.003769 -0.7910705 -0.064751714 -0.19761491 995.93 
20150701193558 15.787366 -2.5133133 1.4616601 -0.6646214 -0.25992316 -0.12858713 995.93 
20150701193558 13.685257 -2.8562827 2.8006175 -0.6374379 -0.3481932 0.074830994 995.93 
20150701193558 11.91654 -2.730587 -1.1593921 -0.5332854 -0.30879238 0.4288274 995.93 
20150701193558 12.787432 -2.2661119 -8.244433 -0.30726522 0.060170226 0.6462954 995.93 
20150701193558 14.068928 -3.6367924 -7.0545154 0.014660766 0.20433442 0.45662177 995.95 
20150701193558 12.301409 -1.608305 -5.418677 0.14905111 -0.106595986 0.4447099 995.95 
20150701193558 14.194025 2.3385365 -5.42167 0.8915578 -0.73273283 0.5207626 995.95 
20150701193558 14.168287 4.008492 -7.08983 1.0595458 -0.21135938 0.5027421 995.95 
20150701193558 16.584036 3.3255463 -3.6697125 0.99173975 0.5009095 0.13225232 995.95 
20150701193558 14.675858 1.4574703 -4.459201 0.70829827 0.7076874 0.1001819 995.95 
20150701193558 12.451046 0.25258827 -2.4426842 0.3915646 0.1966986 -0.10995574 995.95 
20150701193558 10.01734 -0.8619126 -0.65660983 0.03573562 0.09468412 -0.5186246 995.95 
20150701193558 5.632958 -3.2513258 -1.7902644 -0.0852157 0.07880162 -0.8582657 995.95 
20150701193558 3.66672 -3.4865563 -1.4131776 0.0888809 0.27550024 -1.1184943 995.99 
20150701193558 2.9741971 -2.0602105 -0.79367787 0.44073927 0.81397796 -1.0442741 995.99 
20150701193558 0.4297592 -0.82779527 -1.8393455 0.6817256 0.6224717 -0.74036866 995.99 
20150701193558 -1.3383588 0.28072014 -2.7407625 1.0146471 0.2950479 -0.55771995 995.99 
20150701193558 0.049679685 1.1480197 -2.7102363 1.1716396 0.3726278 -0.51893 995.99 
20150701193559 3.645172 1.3718776 -1.6394296 1.2052372 0.36010507 -0.34697145 995.99 
20150701193559 7.161656 1.9644425 -0.09816227 1.1924089 -0.1001819 -0.050396383 995.99 
20150701193559 9.733028 2.7551277 1.0043676 1.1377366 -0.56016344 0.112704635 995.99 
20150701193559 11.099519 2.7820623 0.45908818 1.0806206 -0.6429357 0.17654006 995.99 
20150701193559 11.959636 1.0660183 -0.82899237 0.97524637 -0.41874814 0.22479841 995.93 
20150701193559 14.144345 0.02633622 -0.20051439 0.893085 -0.10751228 0.19853121 995.93 
20150701193559 16.621147 1.0989386 1.4413095 0.8940013 0.03145956 0.19730948 995.93 
20150701193559 16.850391 3.1693244 2.6180596 0.8546005 -0.12186762 0.10720685 995.93 
20150701193559 14.040197 3.2638955 2.2451627 0.75441855 -0.20830505 -0.1881465 995.93 
20150701193559 12.726977 0.50637364 -2.569577 0.6747007 -0.07238753 -0.56779927 995.93 
20150701193559 13.135788 2.516306 -9.444528 0.6267477 0.2180789 -0.7312057 995.93 
20150701193559 9.747394 6.9024835 -11.376049 0.55741453 0.13652839 -0.552833 995.93 
20150701193559 10.807426 4.382586 -6.3087215 0.45540005 -0.13958271 -0.6239988 995.93 
20150701193559 13.672089 1.8249803 -7.357382 -0.3032946 -0.4636467 -0.49571714 995.99 
20150701193559 15.871163 -0.037708677 -3.41473 -0.8744536 -0.3200934 -0.19883664 995.99 
20150701193559 15.701175 -1.8561049 -2.954445 -1.16492 0.35796702 -0.160963 995.99 
20150701193559 13.703214 -1.6454151 -2.9400797 -0.89858276 0.464563 -0.079107046 995.99 
20150701193559 11.508927 -0.9475053 -2.433706 -0.72601336 0.20433442 0.30879238 995.99 
20150701193559 8.829217 0.075417355 -2.0811598 -0.4636467 0.13164146 0.7507534 995.99 
20150701193559 6.0477533 1.1498153 -1.3754689 -0.41691554 0.18051068 0.92087936 995.99 
20150701193559 2.6952724 0.82121116 -0.8714894 -0.47433686 0.31398472 0.8781188 995.99 
20150701193559 0.52073884 0.8690952 -2.6408045 -0.4990769 0.47769663 0.81183994 995.99 
20150701193559 0.8888474 0.6835446 -2.9963434 -0.5195409 0.4978552 0.89919364 995.97 
20150701193559 1.9261353 -0.26755205 -2.906561 -0.5513059 0.56688297 0.87017757 995.97 
20150701193559 4.7339354 -1.0749966 -1.9147629 -0.6450737 -0.028405234 0.5174029 995.97 
20150701193559 6.35062 -1.3395559 -0.6745663 -0.76083267 -0.49754974 0.14630222 995.97 
20150701193559 6.7426705 -0.9211691 -0.11372458 -0.8356637 -0.713796 -0.1469131 995.97 
20150701193559 7.5483193 -1.067814 -0.7320272 -0.7968737 -0.57757306 -0.21013765 995.97 
20150701193559 9.202713 -1.34195 -0.30645782 -0.6945538 -0.34483343 -0.19792034 995.97 
20150701193559 11.054029 -1.7824832 0.0700304 -0.66339964 -0.24617869 -0.21380283 995.97 
20150701193559 12.800001 -1.7890673 -0.6727707 -0.6432411 -0.29443705 -0.29626966 995.97 
20150701193559 14.402919 -1.3634979 0.7966706 -0.5360342 -0.3912592 -0.21655174 995.91 
20150701193559 15.359403 -1.9141643 2.8496985 -0.44623706 -0.40591997 -0.1151481 995.91 
20150701193559 14.007875 -2.633622 2.022502 -0.28924468 -0.4605924 0.16798794 995.91 
20150701193559 12.302007 -1.8243817 -4.4340615 -0.039095376 -0.26542094 0.5476407 995.91 
20150701193559 12.589311 -2.231396 -8.252813 0.14446963 0.027488936 0.5500842 995.91 
20150701193559 12.357672 -3.016694 -5.923255 0.12767084 0.2312125 0.376293 995.91 
20150701193559 13.545197 -0.6739678 -5.1463366 0.3839288 -0.18875736 0.42119157 995.91 
20150701193559 14.249091 1.3964181 -7.038953 1.0451905 -0.47433686 0.52503866 995.91 
20150701193559 15.9974575 2.0925324 -4.8895583 1.1181889 0.105068825 0.32406402 995.91 
20150701193559 15.971121 2.2439656 -4.0025067 1.0207558 0.5919284 0.09621128 995.94 
20150701193559 13.377602 1.1246762 -3.406949 0.79045963 0.46731192 -0.004886922 995.94 
20150701193559 10.935516 0.02873042 -1.5783775 0.6224717 0.20525073 -0.21471913 995.94 
20150701193559 7.477092 -2.0177135 -1.6424223 0.43066 0.1908954 -0.5833763 995.94 
20150701193559 4.9601874 -2.9586349 -1.3299791 0.39645153 0.16279559 -0.94989544 995.94 
20150701193559 3.4249055 -2.0111294 -1.4059949 0.61178154 0.47342056 -1.0238101 995.94 
20150701193559 2.2218192 -0.55365914 -1.4838065 0.88361657 0.43493605 -0.7611381 995.94 
20150701193559 0.9540894 0.3728969 -1.9644425 1.1071932 0.2574797 -0.6072 995.94 
20150701193559 0.53809685 0.842759 -2.5025394 1.3274102 0.16523905 -0.52442783 995.94 
20150701193559 3.0974984 1.3862427 -1.6196774 1.3796391 0.124311075 -0.5122105 995.9 
20150701193600 6.393716 2.1140802 0.3890578 1.3063353 -0.059864793 -0.23945917 995.9 
20150701193600 7.679402 2.480393 0.14784196 1.1640037 -0.47555858 0.102319926 995.9 
20150701193600 8.914211 2.4007857 -1.270124 1.063211 -0.5549711 0.16035213 995.9 
20150701193600 11.824364 1.9895816 -1.027711 0.9761627 -0.31490102 0.15057829 995.9 
20150701193600 13.709199 0.8678981 -1.2814964 0.84635377 -0.009162978 0.13561209 995.9 
20150701193600 15.269021 1.0079589 0.18375498 0.80481493 -0.086132 0.12889257 995.9 
20150701193600 16.47151 1.5251064 2.0452468 0.71685034 -0.3753767 0.1255328 995.9 
20150701193600 13.091495 2.083554 1.2372037 0.61636305 -0.37965274 0.11453723 995.9 
20150701193600 11.071387 0.6697779 -2.9981391 0.5149594 -0.35338554 -0.15882497 995.93 
20150701193600 13.429077 0.6919243 -6.885724 0.4364632 -0.009773844 -0.49663344 995.93 
20150701193600 11.343728 6.4864907 -9.504981 0.34330627 0.28985557 -0.44318274 995.93 
20150701193600 11.149797 3.4763808 -5.947197 0.37782016 0.0015271631 -0.43310347 995.93 
20150701193600 12.409147 -0.21667525 -6.979098 0.06169739 -0.31337386 -0.59589905 995.93 
20150701193600 15.200188 -1.8118122 -4.18686 -0.3436117 -0.4175264 -0.45723262 995.93 
20150701193600 15.654488 -3.2273839 -3.9306808 -0.68752885 0.010079277 -0.22785273 995.93 
20150701193600 14.312538 -1.4478935 -3.846285 -0.46517387 0.51893 -0.18295415 995.93 
20150701193600 12.771869 0.40641573 -3.0603883 -0.23090707 0.30879238 0.1001819 995.93 
20150701193600 10.108319 1.3563153 -2.902371 -0.16310102 0.17959438 0.44501534 995.95 
20150701193600 7.1634517 1.2306197 -2.4450784 -0.18173242 0.19242255 0.73914695 995.95 
20150701193600 3.6978445 0.7457938 -2.6563668 -0.25961772 0.3368922 0.7165449 995.95 
20150701193600 2.8030117 0.8822633 -3.0974984 -0.38789943 0.5558874 0.59620446 995.95 
20150701193600 2.9747956 0.2172738 -2.4893713 -0.49480084 0.70280045 0.6038403 995.95 
20150701193600 4.0456023 -0.26515785 -1.8698715 -0.6600399 0.75625116 0.59223384 995.95 
20150701193600 5.3049526 -1.0384849 -1.8303672 -0.7855727 0.30482176 0.44806966 995.95 
20150701193600 7.249643 -1.7208325 -1.5328877 -0.81397796 -0.19456059 0.28252518 995.95 
20150701193600 8.19236 -1.7166426 -0.22026655 -0.79168135 -0.45540005 0.04184427 995.95 
20150701193600 7.602189 -1.5358804 0.29209262 -0.77121735 -0.4972443 -0.101098195 995.91 
20150701193600 6.9066734 -2.1452048 0.6452374 -0.6924158 -0.49357912 -0.22571471 995.91 
20150701193600 6.244078 -1.5951369 -0.15502456 -0.54611355 -0.2125811 -0.27885997 995.91 
20150701193600 7.0515227 -0.53330845 -1.9261353 -0.36774087 0.172264 -0.27672195 995.91 
20150701193600 9.788095 -0.044891283 -1.941099 -0.21288654 0.3399465 -0.25350907 995.91 
20150701193600 13.38658 0.47345337 -0.52492875 -0.122478485 0.13530666 -0.25411993 995.91 
20150701193600 14.702792 0.3429694 1.4921862 -0.15027285 -0.24770586 -0.23579398 995.91 
20150701193600 12.764088 -0.29987377 1.489792 -0.22113322 -0.6988298 -0.07391469 995.91 
20150701193600 11.768699 -0.24720132 -1.9716251 -0.15882497 -0.7812967 0.18478674 995.91 
20150701193600 12.229582 -0.7493851 -6.145916 -0.10751228 -0.37323865 0.4334089 995.9 
20150701193600 14.20839 -3.5110967 -5.6551046 -0.10995574 0.124005646 0.41905355 995.9 
20150701193600 11.840525 -2.4791958 -6.381146 -0.12461651 0.31520647 0.36377025 995.9 
20150701193600 11.683704 0.30885202 -7.1945763 0.33261612 0.10995574 0.6542367 995.9 
20150701193600 13.906122 2.2457612 -5.1876364 0.64904433 -0.11484267 0.7305948 995.9 
20150701193600 15.860389 3.9959226 -4.9069166 0.57543504 0.27122417 0.43982297 995.9 
20150701193600 15.043367 2.7461493 -4.3837833 0.45753807 0.3827071 0.22021692 995.9 
20150701193600 13.041815 0.66020113 -2.9059622 0.32528573 0.22327125 0.08979719 995.9 
20150701193600 9.09617 -1.7076644 -2.5276785 0.12675454 0.10995574 -0.19242255 995.9 
20150701193600 7.117962 -3.9606082 -2.172738 0.027183503 0.19761491 -0.5656612 995.88 
20150701193600 7.261614 -3.341707 -1.0660183 0.16340645 0.43218717 -0.915687 995.88 
20150701193600 6.457162 -1.7046716 -1.7890673 0.46120325 0.627664 -0.75319684 995.88 
20150701193600 6.5828576 -0.29628247 -1.9740193 0.84971356 0.16798794 -0.528093 995.88 
20150701193600 6.4032927 0.97264445 -2.136825 1.1710287 0.115453534 -0.40317106 995.88 
